126
7647 3979 17435717 0
7674 3828 17435727 1
7665 3697 17435737 1
7627 3527 17435747 1
7633 3206 17435757 1
7633 2813 17435767 1
7618 2373 17435777 1
7603 2027 17435787 1
7575 1756 17435797 1
7538 1536 17435807 1
7502 1398 17435817 1
7471 1300 17435827 1
7448 1230 17435837 1
7433 1186 17435847 1
7422 1186 17435857 1
7395 1213 17435867 1
7356 1312 17435877 1
7317 1455 17435887 1
7277 1628 17435897 1
7236 1868 17435907 1
7215 2158 17435917 1
7215 2482 17435927 1
7238 2829 17435937 1
7305 3163 17435947 1
7428 3429 17435957 1
7587 3655 17435967 1
7771 3760 17435977 1
7957 3760 17435987 1
8144 3698 17435997 1
8296 3570 17436007 1
8416 3403 17436017 1
8514 3211 17436027 1
8571 3038 17436037 1
8576 2885 17436047 1
8547 2746 17436057 1
8462 2622 17436067 1
8336 2509 17436077 1
8182 2404 17436087 1
8020 2295 17436097 1
7848 2214 17436107 1
7668 2151 17436117 1
7544 2143 17436127 1
7469 2168 17436137 1
7427 2214 17436147 1
7427 2274 17436157 1
7466 2329 17436167 1
7530 2334 17436177 1
7612 2307 17436187 1
7712 2211 17436197 1
7823 2084 17436207 1
7965 1936 17436217 1
8109 1787 17436227 1
8283 1641 17436237 1
8476 1533 17436247 1
8646 1450 17436257 1
8800 1395 17436267 1
8942 1372 17436277 1
9033 1372 17436287 1
9108 1391 17436297 1
9171 1439 17436307 1
9229 1504 17436317 1
9269 1598 17436327 1
9296 1719 17436337 1
9302 1857 17436347 1
9296 1991 17436357 1
9283 2098 17436367 1
9261 2186 17436377 1
9240 2208 17436387 1
9219 2187 17436397 1
9201 2137 17436407 1
9183 2025 17436417 1
9183 1920 17436427 1
9200 1820 17436437 1
9237 1776 17436447 1
9279 1776 17436457 1
9343 1812 17436467 1
9420 1887 17436477 1
9471 1974 17436487 1
9477 2069 17436497 1
9452 2151 17436507 1
9360 2229 17436517 1
9244 2264 17436527 1
9112 2273 17436537 1
8998 2200 17436547 1
8937 2101 17436557 1
8911 1984 17436567 1
9978 2475 17436648 0
10090 2555 17436658 1
10095 2572 17436668 1
10078 2556 17436678 1
10041 2517 17436688 1
9965 2431 17436698 1
9864 2327 17436708 1
9760 2212 17436718 1
9665 2121 17436728 1
9622 2059 17436738 1
9609 2016 17436749 1
9666 1973 17436759 1
9796 1951 17436769 1
9974 1942 17436779 1
10147 1923 17436789 1
10266 1876 17436799 1
10348 1810 17436809 1
10324 1715 17436819 1
10231 1604 17436829 1
10092 1482 17436839 1
9946 1395 17436849 1
9801 1332 17436859 1
9729 1285 17436869 1
10860 2513 17436959 0
10832 2371 17436969 1
10702 2334 17436979 1
10601 2346 17436989 1
10518 2199 17436999 1
10449 2051 17437009 1
10428 1929 17437019 1
10439 1824 17437029 1
10505 1746 17437039 1
10594 1667 17437049 1
10697 1597 17437059 1
10771 1535 17437069 1
10798 1477 17437079 1
10798 1414 17437089 1
10733 1337 17437099 1
10634 1251 17437109 1
10509 1179 17437119 1
