121
2640 6061 63211329 0
2554 6030 63211339 1
2508 6064 63211349 1
2476 6133 63211359 1
2454 6145 63211369 1
2465 6118 63211379 1
2511 6065 63211389 1
2581 5864 63211399 1
2670 5541 63211409 1
2759 5136 63211419 1
2843 4637 63211429 1
2924 4159 63211439 1
2974 3695 63211449 1
3007 3392 63211459 1
3029 3147 63211469 1
3060 2940 63211479 1
3093 2778 63211489 1
3139 2644 63211499 1
3192 2529 63211509 1
3227 2474 63211519 1
2396 5019 63211640 0
2529 5425 63211650 1
2561 5656 63211660 1
2692 5760 63211670 1
2858 5808 63211680 1
3047 5818 63211690 1
3280 5762 63211700 1
3494 5643 63211710 1
3694 5482 63211720 1
3812 5270 63211730 1
3840 5063 63211740 1
3807 4860 63211750 1
3685 4663 63211760 1
3523 4478 63211770 1
3334 4302 63211780 1
3147 4122 63211790 1
3008 3994 63211800 1
2900 3900 63211810 1
2832 3841 63211820 1
2784 3827 63211830 1
2750 3844 63211840 1
2750 3887 63211850 1
2776 3928 63211860 1
2822 3968 63211870 1
2902 3993 63211880 1
3037 3970 63211890 1
3208 3916 63211900 1
3394 3839 63211910 1
3621 3761 63211920 1
3875 3684 63211930 1
4135 3612 63211940 1
4397 3542 63211950 1
4567 3469 63211960 1
4675 3413 63211970 1
4732 3368 63211980 1
4764 3336 63211990 1
4780 3303 63212000 1
4796 3268 63212010 1
4782 4081 63212090 0
4706 3992 63212100 1
4652 3978 63212110 1
4596 3995 63212120 1
4605 3925 63212130 1
4664 3831 63212140 1
4756 3720 63212150 1
4882 3702 63212160 1
5011 3762 63212170 1
5145 3874 63212180 1
5217 3995 63212190 1
5249 4095 63212200 1
5221 4180 63212210 1
5151 4255 63212220 1
5054 4294 63212230 1
4940 4310 63212240 1
4826 4244 63212250 1
4711 4138 63212260 1
4658 4005 63212270 1
6014 4784 63212401 0
6077 4639 63212411 1
6017 4639 63212421 1
5933 4639 63212431 1
5864 4544 63212441 1
5805 4389 63212451 1
5726 4207 63212461 1
5662 4083 63212471 1
5644 3997 63212481 1
5652 3953 63212491 1
5718 3932 63212501 1
5830 3926 63212511 1
5972 3939 63212521 1
6108 3949 63212531 1
6216 3955 63212541 1
6306 3931 63212551 1
6345 3887 63212561 1
6335 3808 63212571 1
6292 3710 63212581 1
6200 3599 63212591 1
6111 3526 63212601 1
6049 3491 63212611 1
6003 3482 63212621 1
6209 4317 63212681 0
6462 4641 63212691 1
6521 4688 63212701 1
6530 4709 63212711 1
6538 4693 63212721 1
6533 4628 63212731 1
6520 4531 63212741 1
6493 4413 63212751 1
6493 4308 63212761 1
6507 4245 63212771 1
6555 4206 63212781 1
6637 4164 63212791 1
6741 4120 63212801 1
6871 4054 63212811 1
6977 3975 63212821 1
7068 3875 63212831 1
7104 3769 63212841 1
7087 3660 63212851 1
7034 3586 63212861 1
6948 3535 63212871 1
6832 3500 63212881 1
