117
946 2597 17433083 0
870 2673 17433093 1
842 2717 17433103 1
816 2729 17433113 1
816 2721 17433123 1
831 2660 17433133 1
860 2506 17433143 1
908 2291 17433153 1
960 1954 17433163 1
1012 1586 17433173 1
1061 1198 17433183 1
1102 860 17433193 1
1136 588 17433203 1
1165 360 17433213 1
1190 238 17433223 1
1212 179 17433233 1
1232 163 17433243 1
1253 174 17433253 1
1200 750 17433304 0
1056 1222 17433314 1
985 1534 17433324 1
955 1880 17433334 1
955 2216 17433344 1
1047 2492 17433354 1
1210 2727 17433364 1
1418 2842 17433374 1
1674 2817 17433384 1
1880 2699 17433394 1
2052 2518 17433404 1
2150 2336 17433414 1
2163 2157 17433424 1
2118 2002 17433434 1
2009 1863 17433444 1
1876 1700 17433454 1
1728 1551 17433464 1
1571 1412 17433474 1
1417 1297 17433484 1
1279 1217 17433494 1
1150 1161 17433504 1
1061 1161 17433514 1
1028 1161 17433524 1
1028 1178 17433534 1
1092 1178 17433544 1
1210 1137 17433554 1
1365 1071 17433564 1
1562 974 17433574 1
1783 878 17433584 1
2020 784 17433594 1
2256 718 17433604 1
2476 670 17433614 1
2659 627 17433624 1
2823 580 17433634 1
2944 528 17433644 1
3041 477 17433654 1
3121 449 17433664 1
3270 1323 17433734 0
3316 1450 17433744 1
3304 1412 17433754 1
3292 1379 17433764 1
3310 1271 17433774 1
3348 1113 17433784 1
3382 1006 17433794 1
3412 959 17433804 1
3439 952 17433814 1
3472 992 17433824 1
3505 1084 17433834 1
3536 1211 17433844 1
3536 1339 17433854 1
3527 1446 17433864 1
3474 1539 17433874 1
3403 1601 17433884 1
3321 1601 17433894 1
3234 1552 17433904 1
3162 1456 17433914 1
3101 1340 17433924 1
3083 1210 17433934 1
3109 1128 17433944 1
3164 1107 17433954 1
3952 1811 17434035 0
4206 1975 17434045 1
4248 2025 17434055 1
4236 2020 17434065 1
4229 2011 17434075 1
4183 1941 17434085 1
4110 1831 17434095 1
4031 1705 17434105 1
3987 1617 17434115 1
3967 1554 17434125 1
3987 1517 17434135 1
4043 1495 17434145 1
4124 1482 17434155 1
4237 1463 17434165 1
4328 1438 17434175 1
4405 1400 17434185 1
4437 1352 17434195 1
4430 1283 17434205 1
4396 1199 17434215 1
4349 1135 17434225 1
4307 1107 17434235 1
4278 1102 17434245 1
4556 2110 17434325 0
4751 2183 17434335 1
4774 2178 17434345 1
4774 2124 17434355 1
4751 2038 17434365 1
4728 1926 17434375 1
4702 1831 17434385 1
4724 1747 17434395 1
4790 1684 17434405 1
4886 1635 17434415 1
4993 1595 17434425 1
5076 1552 17434435 1
5143 1509 17434445 1
5150 1465 17434455 1
5097 1372 17434465 1
5003 1246 17434475 1
4887 1115 17434485 1
