223
2776 5384 65586885 0
2776 5414 65586895 1
2776 5430 65586905 1
2776 5439 65586915 1
2770 5446 65586925 1
2770 5451 65586935 1
2770 5451 65586945 1
2770 5458 65586955 1
2765 5458 65586965 1
2765 5469 65586975 1
2765 5479 65586985 1
2765 5484 65586995 1
2765 5484 65587005 1
2765 5489 65587015 1
2765 5489 65587025 1
2765 5489 65587035 1
2765 5489 65587045 1
2765 5489 65587055 1
2765 5489 65587065 1
2765 5489 65587075 1
2765 5489 65587085 1
2765 5489 65587095 1
2760 5489 65587105 1
2760 5489 65587115 1
2760 5489 65587125 1
2760 5489 65587135 1
2760 5489 65587145 1
2760 5489 65587155 1
2760 5489 65587165 1
2760 5489 65587175 1
2760 5489 65587185 1
2760 5494 65587195 1
2760 5494 65587205 1
2760 5494 65587215 1
2760 5494 65587225 1
2760 5494 65587235 1
2760 5494 65587245 1
2760 5494 65587255 1
2760 5494 65587265 1
2766 5482 65587275 1
2782 5417 65587285 1
2807 5316 65587295 1
2848 5110 65587305 1
2903 4784 65587315 1
2968 4378 65587325 1
3024 3939 65587335 1
3081 3544 65587345 1
3124 3179 65587355 1
3158 2877 65587365 1
3166 2631 65587375 1
3166 2423 65587385 1
3171 2216 65587395 1
3179 2016 65587405 1
3185 1821 65587415 1
3185 1748 65587425 1
3196 1720 65587435 1
3196 1720 65587445 1
3204 1729 65587455 1
3131 3948 65587636 0
3082 3905 65587646 1
3055 3946 65587656 1
3028 3995 65587666 1
3022 4050 65587676 1
3022 4132 65587686 1
3052 4274 65587696 1
3101 4455 65587706 1
3201 4663 65587716 1
3321 4872 65587726 1
3453 5083 65587736 1
3596 5208 65587746 1
3750 5277 65587756 1
3910 5309 65587766 1
4069 5281 65587776 1
4197 5204 65587786 1
4305 5094 65587796 1
4358 4930 65587806 1
4358 4722 65587816 1
4326 4485 65587826 1
4247 4247 65587836 1
4137 4035 65587846 1
4007 3877 65587856 1
3890 3747 65587866 1
3773 3671 65587876 1
3654 3638 65587886 1
3569 3638 65587896 1
3506 3658 65587906 1
3467 3697 65587916 1
3455 3746 65587926 1
3460 3819 65587936 1
3494 3891 65587946 1
3532 3962 65587956 1
3572 4001 65587966 1
3613 4016 65587977 1
3676 4016 65587987 1
3760 3971 65587997 1
3859 3842 65588007 1
3968 3658 65588017 1
4103 3445 65588027 1
4255 3228 65588037 1
4383 3009 65588047 1
4497 2811 65588057 1
4602 2641 65588067 1
4693 2489 65588077 1
4764 2365 65588087 1
4822 2262 65588097 1
4858 2174 65588107 1
4882 2128 65588117 1
4899 2104 65588127 1
4909 2094 65588137 1
4919 2087 65588147 1
4927 2087 65588157 1
4934 2087 65588167 1
4949 2107 65588177 1
4978 2174 65588187 1
5017 2272 65588197 1
5071 2392 65588207 1
5131 2512 65588217 1
5202 2651 65588227 1
5282 2803 65588237 1
5365 2966 65588247 1
5430 3123 65588257 1
5483 3247 65588267 1
5512 3351 65588277 1
5526 3393 65588287 1
5526 3408 65588297 1
5526 3408 65588307 1
5526 3408 65588317 1
5526 3408 65588327 1
5526 3408 65588337 1
5526 3408 65588347 1
5532 3403 65588357 1
5532 3394 65588367 1
5538 3352 65588377 1
5546 3289 65588387 1
5557 3162 65588397 1
5572 3021 65588407 1
5598 2872 65588417 1
5645 2761 65588427 1
5704 2702 65588437 1
5779 2678 65588447 1
5854 2701 65588457 1
5917 2770 65588467 1
5973 2869 65588477 1
6013 2986 65588487 1
6026 3119 65588497 1
6020 3262 65588507 1
5991 3409 65588517 1
5940 3506 65588527 1
5873 3570 65588537 1
5776 3605 65588547 1
5664 3621 65588557 1
5541 3621 65588567 1
5441 3628 65588577 1
5347 3637 65588587 1
5279 3649 65588597 1
5225 3658 65588607 1
5198 3666 65588617 1
5187 3666 65588627 1
5187 3666 65588637 1
5192 3671 65588647 1
5199 3671 65588657 1
5234 3671 65588667 1
6696 3915 65588948 0
6748 4027 65588958 1
6762 4130 65588968 1
6762 4159 65588978 1
6762 4165 65588988 1
6755 4157 65588998 1
6720 4146 65589008 1
6666 4102 65589018 1
6614 4036 65589028 1
6565 3944 65589038 1
6531 3846 65589048 1
6539 3743 65589058 1
6568 3639 65589068 1
6627 3562 65589078 1
6712 3500 65589088 1
6813 3447 65589098 1
6903 3397 65589108 1
6971 3345 65589118 1
7025 3277 65589128 1
7050 3199 65589138 1
7050 3130 65589148 1
7026 3066 65589158 1
6980 3006 65589168 1
6905 2953 65589178 1
6811 2917 65589188 1
6710 2892 65589198 1
6634 2892 65589208 1
6575 2898 65589218 1
6542 2913 65589228 1
6533 2934 65589238 1
6541 2973 65589248 1
6596 3023 65589258 1
7882 4039 65589359 0
8052 4201 65589369 1
8068 4331 65589379 1
8068 4386 65589389 1
8062 4386 65589399 1
8049 4391 65589409 1
7991 4357 65589419 1
7904 4299 65589429 1
7808 4226 65589439 1
7748 4149 65589449 1
7712 4069 65589459 1
7707 3974 65589469 1
7735 3874 65589479 1
7786 3762 65589489 1
7869 3659 65589499 1
7952 3562 65589509 1
8029 3464 65589519 1
8093 3363 65589529 1
8151 3254 65589539 1
8151 3150 65589549 1
8132 3051 65589559 1
8094 2964 65589569 1
8035 2889 65589579 1
7960 2823 65589589 1
7873 2785 65589599 1
7802 2780 65589609 1
7752 2797 65589619 1
7717 2826 65589629 1
7700 2865 65589639 1
