161
1526 6468 24465021 0
1586 6489 24465031 1
1573 6521 24465041 1
1573 6521 24465051 1
1588 6514 24465061 1
1606 6488 24465071 1
1623 6450 24465082 1
1642 6377 24465092 1
1663 6273 24465102 1
1690 6148 24465112 1
1721 5974 24465122 1
1755 5749 24465132 1
1789 5491 24465142 1
1820 5189 24465152 1
1849 4884 24465162 1
1881 4578 24465172 1
1916 4344 24465182 1
1956 4140 24465192 1
1996 3957 24465202 1
2030 3837 24465212 1
2060 3768 24465222 1
2068 3732 24465232 1
2056 3753 24465242 1
1800 5895 24465352 0
1849 6191 24465362 1
1864 6297 24465372 1
1877 6392 24465382 1
1910 6467 24465392 1
1961 6529 24465402 1
2025 6584 24465412 1
2112 6639 24465422 1
2216 6693 24465432 1
2331 6717 24465442 1
2454 6717 24465442 1
2587 6682 24465452 1
2726 6590 24465462 1
2828 6463 24465472 1
2909 6295 24465482 1
2976 6121 24465492 1
3017 5928 24465502 1
3025 5724 24465512 1
3011 5549 24465522 1
2968 5374 24465532 1
2901 5217 24465542 1
2819 5073 24465552 1
2723 4953 24465562 1
2614 4874 24465572 1
2497 4823 24465582 1
2402 4823 24465592 1
2327 4858 24465602 1
2264 4918 24465612 1
2235 4988 24465622 1
2246 5057 24465632 1
2283 5123 24465642 1
2345 5186 24465652 1
2423 5225 24465662 1
2511 5249 24465672 1
2621 5249 24465682 1
2748 5210 24465692 1
2886 5149 24465702 1
3031 5064 24465712 1
3190 4969 24465722 1
3358 4868 24465732 1
3514 4778 24465742 1
3653 4708 24465752 1
3780 4651 24465762 1
3865 4598 24465772 1
3931 4556 24465782 1
3984 4522 24465792 1
4015 4517 24465802 1
4023 4548 24465812 1
4292 5460 24465943 0
4310 5488 24465953 1
4303 5493 24465963 1
4297 5493 24465973 1
4277 5487 24465983 1
4249 5445 24465993 1
4217 5356 24466003 1
4188 5236 24466013 1
4167 5109 24466023 1
4167 4989 24466033 1
4187 4873 24466043 1
4223 4781 24466053 1
4276 4747 24466063 1
4340 4747 24466073 1
4400 4794 24466083 1
4451 4863 24466093 1
4496 4950 24466103 1
4522 5040 24466113 1
4522 5133 24466123 1
4494 5228 24466133 1
4442 5317 24466143 1
4371 5374 24466153 1
4286 5411 24466163 1
4198 5411 24466173 1
4114 5399 24466183 1
4076 5380 24466193 1
4067 5380 24466203 1
4080 5360 24466213 1
4125 5328 24466223 1
4191 5308 24466233 1
4300 5313 24466243 1
4989 5533 24466303 0
5225 5657 24466313 1
5319 5713 24466323 1
5375 5751 24466333 1
5404 5778 24466343 1
5414 5784 24466353 1
5408 5784 24466363 1
5381 5784 24466373 1
5340 5762 24466383 1
5281 5728 24466393 1
5208 5672 24466403 1
5126 5603 24466413 1
5067 5525 24466423 1
5028 5458 24466433 1
5001 5401 24466443 1
5001 5352 24466453 1
5032 5331 24466463 1
5092 5322 24466473 1
5180 5322 24466483 1
5274 5322 24466493 1
5361 5322 24466503 1
5442 5308 24466513 1
5494 5291 24466523 1
5517 5272 24466533 1
5517 5230 24466543 1
5476 5174 24466553 1
5406 5100 24466563 1
5319 5035 24466573 1
5244 4975 24466574 1
5193 4953 24466584 1
5159 4953 24466594 1
5153 4977 24466604 1
6069 5802 24466694 0
6235 5935 24466704 1
6256 5960 24466714 1
6282 5960 24466724 1
6282 5960 24466734 1
6268 5960 24466744 1
6247 5926 24466754 1
6193 5876 24466764 1
6120 5790 24466774 1
6035 5699 24466784 1
5941 5597 24466794 1
5875 5488 24466804 1
5828 5420 24466814 1
5843 5382 24466824 1
5903 5364 24466834 1
5992 5364 24466844 1
6119 5380 24466854 1
6248 5400 24466864 1
6355 5400 24466874 1
6447 5382 24466884 1
6489 5353 24466894 1
6465 5290 24466904 1
6397 5191 24466914 1
6252 5068 24466924 1
6096 4947 24466934 1
5932 4842 24466944 1
5779 4747 24466954 1
