105
2852 5817 21868939 0
2883 5885 21868949 1
2829 5877 21868959 1
2837 5847 21868969 1
2882 5692 21868979 1
2952 5443 21868989 1
3013 5131 21868999 1
3052 4784 21869009 1
3076 4401 21869019 1
3076 3994 21869029 1
3076 3648 21869039 1
3086 3465 21869049 1
3114 3392 21869059 1
2751 5606 21869179 0
3007 5966 21869189 1
3030 6068 21869199 1
3112 6105 21869209 1
3234 6100 21869219 1
3392 6070 21869229 1
3570 6039 21869239 1
3762 6008 21869249 1
3902 5960 21869259 1
4009 5900 21869269 1
4093 5818 21869279 1
4120 5710 21869289 1
4078 5585 21869299 1
3990 5427 21869309 1
3860 5269 21869319 1
3701 5141 21869329 1
3522 5034 21869339 1
3375 4958 21869349 1
3268 4875 21869359 1
3187 4788 21869369 1
3160 4682 21869379 1
3199 4547 21869389 1
3283 4392 21869399 1
3442 4204 21869409 1
3671 3997 21869419 1
3946 3778 21869429 1
4239 3589 21869439 1
4532 3473 21869449 1
5727 4116 21870080 0
5593 4073 21870090 1
5491 4035 21870100 1
5374 4004 21870110 1
5272 3921 21870120 1
5232 3806 21870130 1
5232 3670 21870140 1
5275 3552 21870150 1
5339 3454 21870160 1
5415 3369 21870170 1
5496 3334 21870180 1
5582 3364 21870190 1
5684 3437 21870200 1
5794 3563 21870210 1
5892 3695 21870220 1
5946 3832 21870230 1
5971 3948 21870240 1
5939 4060 21870250 1
5849 4147 21870260 1
5719 4219 21870270 1
5566 4200 21870280 1
5430 4111 21870290 1
5304 3976 21870300 1
6967 4149 21870551 0
6854 4219 21870561 1
6749 4332 21870571 1
6652 4338 21870581 1
6579 4272 21870591 1
6521 4162 21870601 1
6461 4052 21870611 1
6439 3945 21870621 1
6439 3864 21870631 1
6476 3798 21870641 1
6532 3736 21870651 1
6603 3686 21870661 1
6679 3644 21870671 1
6758 3597 21870681 1
6814 3560 21870691 1
6854 3531 21870701 1
6854 3498 21870711 1
6805 3449 21870721 1
6722 3389 21870731 1
6613 3326 21870741 1
6509 3287 21870751 1
7506 4102 21870901 0
7501 4132 21870911 1
7385 4160 21870921 1
7294 4194 21870931 1
7213 4173 21870941 1
7148 4132 21870951 1
7104 4077 21870961 1
7075 4022 21870971 1
7068 3967 21870981 1
7094 3924 21870991 1
7141 3890 21871001 1
7266 3855 21871011 1
7405 3816 21871021 1
7554 3761 21871031 1
7634 3697 21871041 1
7646 3636 21871051 1
7613 3546 21871061 1
7504 3436 21871071 1
7364 3317 21871081 1
7203 3220 21871091 1
