113
8192 7399 17444059 0
8396 7346 17444069 1
8428 7386 17444079 1
8413 7470 17444089 1
8472 7381 17444099 1
8549 7207 17444109 1
8639 6977 17444119 1
8668 6610 17444129 1
8683 6134 17444139 1
8689 5586 17444149 1
8662 4990 17444159 1
8588 4430 17444169 1
8482 3894 17444179 1
8349 3483 17444189 1
8248 3262 17444199 1
8168 3168 17444209 1
8143 3148 17444219 1
8143 3167 17444229 1
7935 5449 17444320 0
7965 6239 17444330 1
8038 6599 17444340 1
8166 6839 17444350 1
8323 6950 17444360 1
8500 6974 17444370 1
8706 6885 17444380 1
8909 6729 17444390 1
9110 6529 17444400 1
9235 6256 17444410 1
9321 6003 17444420 1
9381 5763 17444430 1
9381 5577 17444440 1
9314 5386 17444450 1
9202 5190 17444460 1
9052 5010 17444470 1
8869 4842 17444480 1
8665 4703 17444490 1
8494 4631 17444500 1
8352 4604 17444510 1
8230 4627 17444520 1
8161 4709 17444530 1
8137 4831 17444540 1
8144 4999 17444550 1
8182 5102 17444560 1
8226 5163 17444570 1
8275 5133 17444580 1
8357 5023 17444590 1
8444 4860 17444600 1
8539 4612 17444610 1
8638 4360 17444620 1
8770 4147 17444630 1
8921 3962 17444640 1
9085 3827 17444650 1
9201 3750 17444660 1
9270 3711 17444670 1
9307 3700 17444680 1
9248 4310 17444750 0
9315 4237 17444760 1
9310 4168 17444770 1
9331 4097 17444780 1
9388 3981 17444790 1
9470 3921 17444800 1
9589 3899 17444810 1
9713 3921 17444820 1
9841 3984 17444830 1
9904 4075 17444840 1
9904 4179 17444850 1
9861 4297 17444860 1
9771 4424 17444870 1
9659 4542 17444880 1
9533 4580 17444890 1
9404 4565 17444900 1
9282 4465 17444910 1
9214 4329 17444920 1
9178 4168 17444930 1
9183 4073 17444940 1
9230 4046 17444950 1
10196 4770 17445031 0
10420 4937 17445041 1
10453 4937 17445051 1
10448 4921 17445061 1
10414 4870 17445071 1
10343 4793 17445081 1
10248 4673 17445091 1
10168 4550 17445101 1
10136 4456 17445111 1
10136 4384 17445121 1
10171 4307 17445131 1
10236 4231 17445141 1
10320 4156 17445151 1
10413 4060 17445161 1
10491 3965 17445171 1
10558 3870 17445181 1
10558 3798 17445191 1
10545 3758 17445201 1
10513 3739 17445211 1
10497 3749 17445221 1
10889 4853 17445301 0
10996 4935 17445311 1
10974 4901 17445321 1
10933 4861 17445331 1
10891 4726 17445341 1
10870 4610 17445351 1
10910 4508 17445361 1
10984 4431 17445371 1
11100 4360 17445381 1
11216 4294 17445391 1
11331 4218 17445401 1
11390 4149 17445411 1
11413 4083 17445421 1
11413 4018 17445431 1
11346 3912 17445441 1
11251 3807 17445451 1
11135 3704 17445461 1
