208
2116 2788 59379923 0
2190 2793 59379933 1
2139 2820 59379943 1
2126 2840 59379953 1
2115 2823 59379963 1
2105 2784 59379973 1
2105 2748 59379983 1
2113 2689 59379993 1
2136 2616 59380003 1
2171 2521 59380013 1
2206 2388 59380023 1
2236 2229 59380033 1
2262 2032 59380043 1
2268 1831 59380053 1
2262 1652 59380063 1
2248 1491 59380073 1
2226 1366 59380083 1
2192 1264 59380093 1
2150 1178 59380103 1
2101 1130 59380113 1
2034 1109 59380123 1
1956 1109 59380133 1
1873 1137 59380143 1
1792 1195 59380153 1
1713 1272 59380163 1
1640 1364 59380173 1
1590 1453 59380183 1
1554 1515 59380193 1
1554 1561 59380203 1
1566 1578 59380213 1
1596 1591 59380223 1
1657 1575 59380233 1
1741 1542 59380243 1
1840 1490 59380253 1
1961 1437 59380263 1
2096 1399 59380273 1
2240 1372 59380283 1
2373 1372 59380293 1
2491 1395 59380303 1
2600 1438 59380313 1
2694 1500 59380323 1
2760 1584 59380333 1
2807 1683 59380343 1
2825 1811 59380353 1
2807 1965 59380363 1
2765 2137 59380373 1
2703 2341 59380383 1
2626 2486 59380393 1
2539 2593 59380403 1
2446 2651 59380413 1
2345 2677 59380423 1
2239 2677 59380433 1
2139 2655 59380444 1
2043 2626 59380454 1
1977 2581 59380464 1
1929 2528 59380474 1
1897 2464 59380484 1
1889 2386 59380494 1
2817 1583 59380875 0
2817 1583 59380885 1
2817 1583 59380895 1
2817 1583 59380905 1
2817 1583 59380915 1
2817 1583 59380925 1
2858 1521 59380935 1
2892 1471 59380945 1
2934 1423 59380955 1
2996 1384 59380965 1
3072 1352 59380975 1
3168 1334 59380985 1
3265 1334 59380995 1
3365 1356 59381005 1
3457 1391 59381015 1
3543 1439 59381025 1
3616 1495 59381035 1
3664 1552 59381045 1
3694 1618 59381055 1
3700 1690 59381065 1
3700 1729 59381075 1
3689 1742 59381085 1
3689 1742 59381095 1
3689 1734 59381105 1
3706 1698 59381115 1
3733 1641 59381125 1
3769 1591 59381135 1
3810 1541 59381145 1
3851 1493 59381155 1
3889 1447 59381165 1
3941 1406 59381175 1
4013 1374 59381185 1
4099 1349 59381195 1
4217 1334 59381205 1
4336 1334 59381215 1
4458 1351 59381225 1
4570 1385 59381235 1
4676 1426 59381245 1
4763 1471 59381255 1
4816 1525 59381265 1
4847 1602 59381275 1
4863 1694 59381285 1
4857 1794 59381295 1
4836 1867 59381305 1
4805 1921 59381315 1
4769 1935 59381325 1
4730 1927 59381335 1
4692 1905 59381345 1
4656 1845 59381355 1
4637 1765 59381365 1
4627 1672 59381375 1
4636 1594 59381385 1
4660 1525 59381395 1
4695 1463 59381405 1
4750 1411 59381415 1
4817 1364 59381425 1
4893 1320 59381435 1
4981 1281 59381445 1
5072 1254 59381455 1
5167 1235 59381465 1
5263 1235 59381475 1
5342 1262 59381485 1
5412 1304 59381495 1
5469 1363 59381505 1
5519 1442 59381515 1
5565 1534 59381525 1
5604 1658 59381535 1
5639 1809 59381545 1
5672 1979 59381555 1
5699 2136 59381565 1
5723 2287 59381575 1
5744 2379 59381585 1
5756 2435 59381595 1
5756 2451 59381605 1
5756 2456 59381615 1
5756 2456 59381625 1
5750 2424 59381635 1
5739 2335 59381645 1
5725 2206 59381655 1
5719 2086 59381665 1
5712 1964 59381675 1
5700 1835 59381685 1
5684 1700 59381695 1
5678 1595 59381705 1
5698 1509 59381715 1
5736 1438 59381725 1
5809 1380 59381735 1
5902 1330 59381745 1
6009 1308 59381755 1
6122 1308 59381765 1
6232 1322 59381775 1
6325 1352 59381785 1
6407 1393 59381795 1
6456 1442 59381805 1
6469 1506 59381815 1
6457 1584 59381825 1
6399 1671 59381835 1
6323 1737 59381836 1
6235 1767 59381846 1
6179 1773 59381856 1
6147 1762 59381866 1
6130 1730 59381876 1
6119 1683 59381886 1
6128 1620 59381896 1
6151 1559 59381906 1
6198 1500 59381916 1
6260 1453 59381926 1
6332 1413 59381936 1
6402 1377 59381946 1
6475 1355 59381956 1
6554 1333 59381966 1
6634 1317 59381976 1
6701 1305 59381986 1
6760 1299 59381996 1
6805 1293 59382006 1
6835 1300 59382016 1
6855 1317 59382026 1
6855 1347 59382036 1
6847 1389 59382046 1
6829 1439 59382056 1
6818 1499 59382066 1
6811 1556 59382076 1
6811 1612 59382086 1
6811 1654 59382096 1
6818 1684 59382106 1
6842 1705 59382116 1
6879 1724 59382126 1
6934 1742 59382136 1
7011 1757 59382146 1
7103 1771 59382156 1
7216 1784 59382166 1
7329 1795 59382176 1
7413 1804 59382186 1
7476 1811 59382196 1
4806 2227 59382407 0
4904 2145 59382417 1
4926 2170 59382427 1
4926 2226 59382437 1
4992 2192 59382447 1
5085 2168 59382457 1
5195 2151 59382467 1
5329 2151 59382477 1
5468 2151 59382487 1
5621 2156 59382497 1
5783 2162 59382507 1
5899 2162 59382517 1
3454 2877 59382717 0
3486 2875 59382727 1
3475 2928 59382737 1
3463 2955 59382747 1
