224
2981 6035 22053634 0
3029 6085 22053644 1
3023 6102 22053654 1
3007 6122 22053664 1
3007 6078 22053674 1
3012 5991 22053684 1
3012 5875 22053694 1
3012 5740 22053704 1
3012 5594 22053714 1
2998 5441 22053724 1
2974 5244 22053734 1
2939 5063 22053744 1
2887 4893 22053754 1
2823 4734 22053764 1
2754 4632 22053774 1
2685 4568 22053784 1
2612 4537 22053794 1
2536 4537 22053804 1
2465 4550 22053814 1
2400 4596 22053824 1
2379 4674 22053834 1
2386 4773 22053844 1
2418 4864 22053854 1
2464 4933 22053864 1
2519 4987 22053874 1
2575 5015 22053884 1
2643 5023 22053894 1
2718 5023 22053904 1
2792 4973 22053914 1
2867 4887 22053924 1
2946 4775 22053934 1
3026 4672 22053944 1
3113 4593 22053954 1
3218 4529 22053964 1
3333 4491 22053974 1
3455 4491 22053984 1
3573 4523 22053994 1
3689 4581 22054004 1
3780 4669 22054014 1
3847 4776 22054024 1
3899 4919 22054034 1
3927 5045 22054044 1
3927 5161 22054054 1
3901 5241 22054064 1
3838 5372 22054074 1
3730 5537 22054084 1
3593 5641 22054094 1
3430 5711 22054104 1
3255 5758 22054114 1
3073 5777 22054124 1
2920 5764 22054134 1
2793 5730 22054144 1
2683 5697 22054154 1
2576 5666 22054164 1
2509 5655 22054174 1
2469 5655 22054184 1
3477 4653 22054586 0
3464 4587 22054596 1
3454 4609 22054606 1
3469 4590 22054616 1
3498 4567 22054626 1
3548 4538 22054636 1
3620 4530 22054646 1
3707 4537 22054656 1
3814 4580 22054666 1
3945 4647 22054676 1
4093 4729 22054686 1
4254 4831 22054696 1
4375 4928 22054706 1
4469 5021 22054716 1
4518 5049 22054726 1
4541 5089 22054736 1
4547 5136 22054746 1
4542 5136 22054756 1
4529 5131 22054766 1
4511 5098 22054776 1
4474 5047 22054786 1
4439 4971 22054796 1
4410 4891 22054796 1
4397 4800 22054806 1
4397 4703 22054816 1
4412 4631 22054826 1
4433 4567 22054836 1
4478 4509 22054846 1
4536 4472 22054856 1
4611 4452 22054866 1
4707 4444 22054876 1
4816 4465 22054886 1
4918 4506 22054896 1
5016 4560 22054906 1
5110 4611 22054916 1
5199 4671 22054926 1
5269 4736 22054936 1
5327 4813 22054946 1
5357 4885 22054956 1
5369 4939 22054966 1
5369 4982 22054976 1
5353 5007 22054986 1
5326 5014 22054996 1
5292 5008 22055006 1
5234 4979 22055016 1
5166 4933 22055026 1
5092 4877 22055036 1
5038 4815 22055046 1
4998 4754 22055056 1
4968 4695 22055066 1
4952 4644 22055076 1
4941 4597 22055086 1
4941 4559 22055096 1
4941 4520 22055106 1
4970 4486 22055116 1
5007 4455 22055126 1
5066 4424 22055136 1
5140 4402 22055146 1
5224 4385 22055156 1
5300 4369 22055166 1
5370 4369 22055176 1
5435 4369 22055186 1
5500 4384 22055196 1
5568 4423 22055206 1
5645 4478 22055216 1
5744 4566 22055226 1
5856 4685 22055236 1
5969 4826 22055246 1
6083 4973 22055256 1
6199 5112 22055267 1
6291 5237 22055277 1
6366 5362 22055287 1
6408 5488 22055297 1
6432 5589 22055307 1
6445 5662 22055317 1
6455 5716 22055327 1
6455 5726 22055337 1
6455 5726 22055347 1
6447 5726 22055357 1
6433 5714 22055367 1
6412 5668 22055377 1
6371 5597 22055387 1
6314 5482 22055397 1
6246 5334 22055407 1
6179 5164 22055417 1
6117 4995 22055427 1
6077 4821 22055437 1
6051 4645 22055447 1
6057 4517 22055457 1
6092 4411 22055467 1
6145 4319 22055477 1
6234 4274 22055487 1
6354 4290 22055497 1
6495 4347 22055507 1
6632 4450 22055517 1
6745 4552 22055527 1
6842 4654 22055537 1
6881 4710 22055547 1
6890 4742 22055557 1
6880 4759 22055567 1
6839 4779 22055577 1
6799 4779 22055587 1
6761 4760 22055597 1
6731 4720 22055607 1
6709 4655 22055617 1
6709 4573 22055627 1
6715 4507 22055637 1
6731 4459 22055647 1
6744 4422 22055657 1
6758 4383 22055667 1
6778 4342 22055677 1
6816 4300 22055687 1
6866 4281 22055697 1
6910 4281 22055707 1
6951 4305 22055717 1
6991 4353 22055727 1
7029 4415 22055737 1
7066 4478 22055747 1
7101 4539 22055757 1
7152 4598 22055767 1
7205 4627 22055777 1
7262 4654 22055787 1
7301 4659 22055797 1
7326 4651 22055807 1
7340 4651 22055817 1
7340 4645 22055827 1
7340 4645 22055837 1
7345 4633 22055847 1
7345 4597 22055857 1
7326 4542 22055867 1
7300 4474 22055877 1
7280 4404 22055887 1
7263 4332 22055897 1
7252 4282 22055907 1
7252 4245 22055917 1
7246 4225 22055927 1
7246 4218 22055928 1
7246 4218 22055938 1
7246 4218 22055948 1
7258 4257 22055958 1
7299 4312 22055968 1
7342 4378 22055978 1
7398 4436 22055988 1
7460 4489 22055998 1
7528 4541 22056008 1
7596 4585 22056018 1
7662 4623 22056028 1
7722 4648 22056038 1
7781 4682 22056048 1
7851 4723 22056058 1
7909 4755 22056068 1
7960 4784 22056078 1
5930 5496 22056278 0
6000 5384 22056288 1
6033 5384 22056298 1
6102 5427 22056308 1
6296 5415 22056318 1
6574 5408 22056328 1
6900 5408 22056338 1
7138 5396 22056348 1
7318 5372 22056358 1
7435 5339 22056368 1
7484 5314 22056378 1
3973 5890 22056659 0
4036 5898 22056669 1
3957 5933 22056679 1
3933 5973 22056689 1
3945 5973 22056699 1
