291
3441 7009 85333733 0
3422 7054 85333743 1
3415 7063 85333753 1
3410 7063 85333763 1
3410 7063 85333773 1
3410 7041 85333783 1
3421 7003 85333793 1
3434 6932 85333803 1
3445 6844 85333813 1
3456 6745 85333823 1
3462 6636 85333833 1
3462 6522 85333843 1
3478 6392 85333853 1
3488 6254 85333863 1
3495 6115 85333873 1
3495 5992 85333883 1
3495 5880 85333893 1
3484 5782 85333903 1
3461 5714 85333913 1
3424 5665 85333923 1
3378 5640 85333933 1
3318 5627 85333943 1
3245 5627 85333953 1
3164 5633 85333963 1
3089 5658 85333973 1
3036 5693 85333983 1
2997 5738 85333993 1
2987 5790 85334003 1
2998 5847 85334013 1
3022 5898 85334023 1
3068 5944 85334033 1
3119 5980 85334043 1
3173 6005 85334053 1
3226 6018 85334063 1
3282 6018 85334073 1
3337 6013 85334083 1
3391 5995 85334093 1
3444 5964 85334103 1
3500 5924 85334113 1
3554 5881 85334123 1
3608 5838 85334133 1
3669 5798 85334143 1
3736 5772 85334153 1
3802 5754 85334163 1
3867 5741 85334173 1
3940 5741 85334183 1
4016 5752 85334193 1
4108 5787 85334203 1
4209 5848 85334213 1
4302 5926 85334223 1
4384 6010 85334233 1
4458 6093 85334243 1
4508 6175 85334253 1
4539 6264 85334263 1
4556 6357 85334273 1
4547 6454 85334283 1
4514 6555 85334293 1
4464 6651 85334303 1
4396 6739 85334313 1
4316 6814 85334323 1
4227 6882 85334333 1
4126 6937 85334343 1
4021 6978 85334353 1
3912 7011 85334363 1
3803 7032 85334373 1
3669 7049 85334383 1
3517 7035 85334393 1
3388 7002 85334404 1
3261 6954 85334414 1
3141 6904 85334424 1
3029 6853 85334434 1
2954 6815 85334444 1
2902 6787 85334454 1
2876 6765 85334464 1
2876 6739 85334474 1
4491 6057 85334855 0
4491 6057 85334865 1
4491 6057 85334875 1
4491 6057 85334885 1
4504 6019 85334895 1
4525 5971 85334905 1
4555 5920 85334915 1
4595 5869 85334925 1
4644 5830 85334935 1
4701 5801 85334945 1
4767 5793 85334955 1
4840 5807 85334965 1
4913 5836 85334975 1
4988 5899 85334985 1
5065 5976 85334995 1
5142 6062 85335005 1
5204 6137 85335015 1
5255 6206 85335025 1
5282 6258 85335035 1
5291 6301 85335045 1
5291 6328 85335055 1
5281 6340 85335065 1
5281 6340 85335075 1
5276 6340 85335085 1
5276 6340 85335095 1
5276 6340 85335105 1
5283 6319 85335115 1
5292 6291 85335125 1
5292 6243 85335135 1
5292 6195 85335145 1
5292 6135 85335155 1
5287 6068 85335165 1
5287 5996 85335175 1
5305 5919 85335185 1
5329 5834 85335195 1
5358 5777 85335205 1
5392 5740 85335215 1
5435 5706 85335225 1
5485 5690 85335235 1
5542 5685 85335245 1
5607 5699 85335255 1
5679 5725 85335265 1
5754 5758 85335275 1
5831 5801 85335285 1
5901 5853 85335295 1
5956 5911 85335305 1
6003 5964 85335315 1
6028 6015 85335325 1
6038 6062 85335335 1
6038 6109 85335345 1
6022 6155 85335355 1
6000 6196 85335365 1
5972 6219 85335375 1
5944 6231 85335385 1
5916 6236 85335395 1
5889 6236 85335405 1
5862 6228 85335415 1
5836 6209 85335425 1
5805 6186 85335435 1
5778 6163 85335445 1
5764 6145 85335455 1
5758 6129 85335465 1
5758 6104 85335475 1
5758 6065 85335485 1
5769 6018 85335495 1
5790 5949 85335505 1
5818 5879 85335515 1
5854 5808 85335525 1
5894 5761 85335535 1
5943 5727 85335545 1
6000 5702 85335555 1
6060 5697 85335565 1
6131 5716 85335575 1
6211 5752 85335585 1
6298 5817 85335595 1
6381 5915 85335605 1
6453 6034 85335615 1
6518 6151 85335625 1
6571 6287 85335626 1
6612 6436 85335636 1
6645 6585 85335646 1
6666 6702 85335656 1
6677 6797 85335666 1
6677 6864 85335676 1
6677 6901 85335686 1
6677 6918 85335696 1
6669 6924 85335706 1
6669 6924 85335716 1
6669 6924 85335726 1
6669 6924 85335736 1
6669 6924 85335746 1
6664 6924 85335756 1
6658 6895 85335766 1
6648 6856 85335776 1
6635 6806 85335786 1
6618 6738 85335796 1
6597 6658 85335806 1
6578 6554 85335816 1
6560 6437 85335826 1
6545 6311 85335836 1
6538 6194 85335846 1
6538 6084 85335856 1
6553 5979 85335866 1
6571 5889 85335876 1
6601 5818 85335886 1
6641 5759 85335896 1
6687 5718 85335906 1
6740 5700 85335916 1
6796 5700 85335926 1
6853 5708 85335936 1
6907 5735 85335946 1
6948 5773 85335956 1
6982 5833 85335966 1
7016 5894 85335976 1
7043 5955 85335986 1
7065 6002 85335996 1
7088 6045 85336006 1
7107 6079 85336016 1
7123 6110 85336026 1
7137 6143 85336036 1
7146 6178 85336046 1
7151 6211 85336056 1
7151 6242 85336066 1
7145 6266 85336076 1
7145 6279 85336086 1
7134 6285 85336096 1
7127 6291 85336106 1
7116 6299 85336116 1
7103 6306 85336126 1
7095 6311 85336136 1
7088 6316 85336146 1
7088 6316 85336156 1
7078 6324 85336166 1
7072 6324 85336176 1
7072 6319 85336186 1
7055 6309 85336196 1
7035 6267 85336206 1
7002 6204 85336216 1
6987 6145 85336226 1
6987 6085 85336236 1
6995 6023 85336246 1
7012 5963 85336256 1
7046 5903 85336266 1
7088 5860 85336276 1
7142 5824 85336286 1
7209 5792 85336296 1
7285 5776 85336306 1
7365 5776 85336316 1
7445 5776 85336326 1
7525 5802 85336336 1
7599 5848 85336346 1
7668 5910 85336356 1
7727 5970 85336366 1
7766 6026 85336376 1
7792 6074 85336386 1
7792 6111 85336396 1
7782 6141 85336406 1
7763 6174 85336416 1
7750 6189 85336426 1
7739 6189 85336436 1
7734 6189 85336446 1
7734 6189 85336456 1
7734 6189 85336466 1
7734 6189 85336476 1
7734 6189 85336486 1
7734 6163 85336496 1
7741 6122 85336506 1
7741 6069 85336516 1
7748 6003 85336526 1
7748 5929 85336536 1
7748 5859 85336547 1
7748 5810 85336557 1
7748 5775 85336567 1
7755 5770 85336577 1
7755 5770 85336587 1
7760 5770 85336597 1
7760 5789 85336607 1
7772 5854 85336617 1
7801 5953 85336627 1
7843 6026 85336637 1
7877 6080 85336647 1
7912 6122 85336657 1
7947 6166 85336667 1
7992 6202 85336677 1
8036 6225 85336687 1
8081 6239 85336697 1
8135 6239 85336707 1
8198 6239 85336717 1
8267 6226 85336727 1
8340 6218 85336737 1
8410 6212 85336747 1
8456 6212 85336757 1
6057 6673 85337148 0
6057 6673 85337158 1
6057 6673 85337168 1
6057 6673 85337178 1
6114 6655 85337188 1
6167 6647 85337198 1
6252 6647 85337208 1
6359 6657 85337218 1
6480 6664 85337228 1
6622 6669 85337238 1
6777 6669 85337248 1
6940 6669 85337258 1
7073 6660 85337268 1
7194 6660 85337278 1
7306 6660 85337288 1
7374 6670 85337298 1
5225 6910 85337528 0
5225 6910 85337538 1
5225 6910 85337548 1
5246 6874 85337558 1
5260 6860 85337568 1
5275 6846 85337578 1
5295 6831 85337588 1
5321 6816 85337598 1
