234
2532 3868 59346735 0
2598 3861 59346745 1
2583 3836 59346755 1
2583 3791 59346765 1
2596 3697 59346775 1
2613 3603 59346785 1
2633 3511 59346795 1
2670 3359 59346805 1
2717 3165 59346815 1
2760 2922 59346825 1
2783 2682 59346835 1
2793 2445 59346845 1
2775 2214 59346855 1
2737 2005 59346865 1
2686 1811 59346875 1
2622 1645 59346885 1
2552 1526 59346895 1
2478 1439 59346905 1
2394 1371 59346915 1
2302 1334 59346925 1
2204 1317 59346935 1
2107 1345 59346945 1
2017 1413 59346955 1
1958 1507 59346965 1
1918 1622 59346975 1
1896 1737 59346985 1
1896 1821 59346995 1
1904 1885 59347005 1
1934 1916 59347015 1
1994 1916 59347025 1
2074 1903 59347035 1
2185 1846 59347045 1
2310 1771 59347055 1
2443 1685 59347065 1
2589 1606 59347075 1
2737 1553 59347085 1
2859 1518 59347095 1
2962 1502 59347105 1
3072 1514 59347115 1
3185 1545 59347125 1
3279 1611 59347135 1
3360 1702 59347145 1
3430 1811 59347155 1
3482 1926 59347165 1
3523 2062 59347175 1
3540 2212 59347185 1
3526 2399 59347195 1
3491 2599 59347205 1
3428 2809 59347215 1
3357 3004 59347225 1
3281 3165 59347226 1
3196 3304 59347236 1
3101 3434 59347246 1
2999 3516 59347256 1
2903 3565 59347266 1
2795 3594 59347276 1
2679 3604 59347286 1
2550 3604 59347296 1
2441 3589 59347306 1
2344 3572 59347316 1
2271 3535 59347326 1
2225 3486 59347336 1
2197 3396 59347346 1
3477 1951 59347737 0
3533 1921 59347747 1
3542 1936 59347757 1
3537 1952 59347767 1
3559 1939 59347777 1
3582 1910 59347787 1
3605 1871 59347797 1
3630 1817 59347807 1
3664 1762 59347817 1
3709 1714 59347827 1
3762 1672 59347837 1
3823 1644 59347847 1
3891 1636 59347857 1
3974 1641 59347867 1
4066 1675 59347877 1
4164 1729 59347887 1
4254 1797 59347897 1
4328 1878 59347907 1
4394 1971 59347917 1
4449 2071 59347927 1
4490 2168 59347937 1
4522 2234 59347947 1
4534 2279 59347957 1
4534 2294 59347967 1
4534 2294 59347977 1
4534 2285 59347987 1
4527 2239 59347997 1
4520 2165 59348007 1
4520 2073 59348017 1
4520 1995 59348027 1
4529 1921 59348037 1
4547 1850 59348047 1
4570 1782 59348057 1
4617 1724 59348067 1
4679 1674 59348077 1
4780 1652 59348087 1
4884 1652 59348097 1
4990 1657 59348107 1
5099 1678 59348117 1
5204 1716 59348117 1
5305 1765 59348127 1
5386 1824 59348137 1
5443 1887 59348147 1
5484 1954 59348157 1
5493 2028 59348167 1
5478 2110 59348177 1
5447 2197 59348187 1
5414 2249 59348197 1
5377 2269 59348207 1
5338 2269 59348217 1
5297 2249 59348227 1
5257 2203 59348237 1
5221 2139 59348247 1
5208 2068 59348257 1
5208 1995 59348267 1
5225 1918 59348277 1
5255 1840 59348287 1
5294 1770 59348297 1
5352 1704 59348307 1
5417 1652 59348317 1
5491 1620 59348327 1
5571 1602 59348337 1
5655 1602 59348347 1
5747 1625 59348357 1
5843 1661 59348367 1
5920 1724 59348377 1
5984 1795 59348387 1
6046 1871 59348397 1
6100 1961 59348407 1
6148 2073 59348417 1
6178 2199 59348427 1
6192 2358 59348437 1
6192 2515 59348447 1
6192 2667 59348457 1
6192 2785 59348467 1
6192 2880 59348477 1
6187 2925 59348487 1
6180 2944 59348497 1
6174 2944 59348507 1
6169 2935 59348517 1
6159 2873 59348527 1
6146 2778 59348537 1
6146 2651 59348547 1
6146 2522 59348557 1
6146 2393 59348567 1
6153 2248 59348577 1
6162 2101 59348587 1
6178 1982 59348597 1
6216 1883 59348607 1
6267 1800 59348617 1
6328 1733 59348627 1
6394 1677 59348637 1
6469 1637 59348647 1
6546 1626 59348657 1
6624 1635 59348667 1
6689 1665 59348677 1
6747 1716 59348687 1
6796 1781 59348697 1
6825 1853 59348707 1
6841 1925 59348717 1
6841 1997 59348727 1
6825 2059 59348737 1
6795 2099 59348747 1
6764 2124 59348757 1
6733 2130 59348767 1
6703 2117 59348777 1
6671 2091 59348787 1
6639 2043 59348797 1
6615 1989 59348807 1
6606 1923 59348817 1
6606 1850 59348827 1
6629 1772 59348837 1
6685 1715 59348847 1
6764 1671 59348857 1
6872 1652 59348867 1
6984 1661 59348877 1
7104 1689 59348887 1
7216 1725 59348897 1
7322 1766 59348907 1
7393 1810 59348917 1
7449 1856 59348927 1
7494 1908 59348937 1
7527 1963 59348947 1
7547 2004 59348957 1
7557 2019 59348967 1
7557 2019 59348977 1
7565 1995 59348987 1
7574 1945 59348997 1
7585 1878 59349007 1
7598 1813 59349017 1
7610 1755 59349027 1
7616 1703 59349037 1
7616 1661 59349047 1
7616 1643 59349057 1
7616 1643 59349067 1
7621 1643 59349077 1
7628 1678 59349087 1
7642 1731 59349097 1
7664 1800 59349107 1
7689 1882 59349117 1
7715 1974 59349127 1
7744 2068 59349137 1
7781 2155 59349139 1
7835 2218 59349149 1
7900 2268 59349159 1
7956 2298 59349169 1
8013 2311 59349179 1
8075 2311 59349189 1
8143 2311 59349199 1
8232 2311 59349209 1
8333 2319 59349219 1
5810 2572 59349449 0
5865 2594 59349459 1
5865 2629 59349469 1
5876 2629 59349479 1
5891 2635 59349489 1
5914 2635 59349499 1
5970 2625 59349509 1
6048 2610 59349519 1
6166 2591 59349529 1
6317 2572 59349539 1
6490 2563 59349549 1
6657 2563 59349559 1
6796 2569 59349569 1
6916 2582 59349579 1
4883 3577 59349770 0
4838 3609 59349780 1
4796 3646 59349790 1
4770 3651 59349800 1
4754 3636 59349810 1
4746 3627 59349820 1
