232
3061 5796 21998044 0
3045 5833 21998054 1
3026 5864 21998064 1
3001 5875 21998074 1
3001 5875 21998084 1
3001 5857 21998094 1
3013 5809 21998104 1
3013 5740 21998114 1
3019 5656 21998124 1
3026 5536 21998134 1
3031 5392 21998144 1
3021 5195 21998154 1
3002 4982 21998164 1
2973 4758 21998174 1
2930 4579 21998184 1
2878 4421 21998194 1
2818 4277 21998204 1
2755 4162 21998214 1
2689 4092 21998224 1
2621 4053 21998234 1
2567 4058 21998244 1
2523 4121 21998254 1
2490 4223 21998264 1
2490 4378 21998274 1
2500 4507 21998284 1
2531 4619 21998294 1
2556 4686 21998304 1
2578 4729 21998314 1
2599 4757 21998324 1
2615 4757 21998334 1
2628 4740 21998344 1
2658 4708 21998354 1
2705 4647 21998364 1
2764 4567 21998374 1
2845 4475 21998384 1
2930 4389 21998394 1
3025 4322 21998404 1
3123 4267 21998414 1
3228 4245 21998424 1
3337 4245 21998434 1
3455 4259 21998444 1
3581 4294 21998454 1
3716 4342 21998464 1
3819 4400 21998474 1
3901 4462 21998484 1
3964 4521 21998494 1
3997 4579 21998504 1
4011 4638 21998514 1
4011 4707 21998524 1
4000 4783 21998534 1
3972 4889 21998544 1
3920 5006 21998554 1
3844 5130 21998564 1
3752 5224 21998574 1
3623 5353 21998584 1
3512 5506 21998594 1
3413 5581 21998604 1
3324 5620 21998614 1
3233 5636 21998624 1
3119 5627 21998634 1
2990 5597 21998644 1
2867 5552 21998654 1
2747 5507 21998664 1
2634 5486 21998674 1
2570 5481 21998684 1
2537 5481 21998694 1
2537 5481 21998704 1
2537 5481 21998714 1
3634 4408 21999246 0
3650 4295 21999256 1
3585 4319 21999266 1
3568 4304 21999276 1
3583 4278 21999286 1
3617 4245 21999296 1
3672 4235 21999306 1
3740 4257 21999316 1
3816 4300 21999326 1
3898 4383 21999336 1
3990 4471 21999346 1
4085 4562 21999356 1
4181 4651 21999366 1
4262 4739 21999376 1
4334 4822 21999386 1
4385 4903 21999396 1
4411 4927 21999406 1
4420 4919 21999416 1
4420 4891 21999426 1
4412 4818 21999436 1
4388 4726 21999446 1
4361 4622 21999456 1
4340 4533 21999466 1
4332 4450 21999476 1
4342 4371 21999486 1
4362 4295 21999496 1
4401 4234 21999506 1
4453 4184 21999516 1
4514 4157 21999526 1
4587 4152 21999536 1
4680 4162 21999546 1
4785 4194 21999556 1
4870 4251 21999566 1
4947 4326 21999576 1
5018 4415 21999586 1
5066 4500 21999596 1
5093 4563 21999606 1
5107 4612 21999616 1
5107 4653 21999626 1
5082 4682 21999636 1
5049 4704 21999646 1
5000 4713 21999656 1
4942 4704 21999666 1
4878 4682 21999676 1
4822 4635 21999686 1
4772 4586 21999696 1
4743 4531 21999706 1
4725 4469 21999716 1
4718 4401 21999726 1
4718 4332 21999736 1
4735 4264 21999746 1
4767 4194 21999756 1
4815 4141 21999766 1
4867 4099 21999776 1
4928 4077 21999786 1
4998 4077 21999796 1
5075 4077 21999806 1
5157 4111 21999816 1
5245 4154 21999826 1
5322 4207 21999836 1
5392 4274 21999846 1
5455 4351 21999856 1
5518 4434 21999866 1
5581 4528 21999876 1
5651 4639 21999886 1
5727 4761 21999896 1
5797 4936 21999906 1
5860 5109 21999916 1
5899 5279 21999926 1
5913 5443 21999936 1
5913 5540 21999946 1
5901 5593 21999956 1
5890 5605 21999966 1
5876 5605 21999976 1
5863 5589 21999986 1
5831 5557 21999996 1
5786 5492 22000006 1
5741 5404 22000016 1
5699 5286 22000026 1
5666 5147 22000036 1
5641 4993 22000046 1
5621 4819 22000056 1
5609 4670 22000066 1
5609 4537 22000076 1
5609 4414 22000086 1
5609 4301 22000096 1
5620 4195 22000106 1
5634 4095 22000116 1
5666 4009 22000126 1
5708 3932 22000136 1
5761 3883 22000146 1
5828 3872 22000156 1
5903 3887 22000166 1
5981 3950 22000176 1
6059 4048 22000186 1
6136 4169 22000196 1
6211 4296 22000206 1
6246 4410 22000216 1
6246 4475 22000226 1
6224 4512 22000236 1
6185 4532 22000246 1
6137 4532 22000256 1
6082 4519 22000266 1
6030 4484 22000276 1
5984 4419 22000286 1
5951 4334 22000296 1
5936 4240 22000306 1
5936 4154 22000316 1
5948 4092 22000326 1
5991 4044 22000336 1
6052 4005 22000346 1
6123 3984 22000356 1
6197 3975 22000366 1
6290 3986 22000376 1
6394 4041 22000386 1
6500 4126 22000396 1
6606 4221 22000406 1
6673 4284 22000416 1
6715 4326 22000426 1
6735 4334 22000436 1
6735 4324 22000446 1
6735 4301 22000456 1
6711 4252 22000466 1
6675 4172 22000476 1
6629 4071 22000486 1
6575 3958 22000496 1
6551 3900 22000506 1
6551 3880 22000516 1
6551 3885 22000526 1
6564 3935 22000536 1
6603 4014 22000546 1
6658 4098 22000556 1
6731 4180 22000566 1
6818 4254 22000576 1
6915 4315 22000586 1
6997 4367 22000596 1
7076 4414 22000606 1
7153 4459 22000616 1
7225 4503 22000626 1
7272 4526 22000636 1
7302 4536 22000646 1
5167 5187 22000888 0
5124 5136 22000898 1
5099 5185 22000908 1
5113 5203 22000918 1
5153 5203 22000928 1
5230 5215 22000938 1
5335 5228 22000948 1
5458 5236 22000958 1
5583 5236 22000968 1
5702 5225 22000978 1
5818 5210 22000988 1
5894 5196 22000998 1
5954 5196 22001008 1
6002 5208 22001018 1
6027 5221 22001028 1
4155 5378 22001289 0
4155 5378 22001299 1
4126 5403 22001309 1
4097 5416 22001319 1
4079 5425 22001329 1
4079 5425 22001339 1
4079 5425 22001349 1
4105 5411 22001359 1
