229
2699 4587 37829492 0
2734 4596 37829502 1
2724 4621 37829512 1
2724 4615 37829522 1
2724 4592 37829532 1
2724 4557 37829542 1
2731 4498 37829552 1
2736 4395 37829562 1
2742 4264 37829572 1
2766 4115 37829582 1
2793 3928 37829592 1
2823 3715 37829602 1
2851 3532 37829612 1
2866 3330 37829622 1
2873 3115 37829632 1
2860 2935 37829642 1
2830 2775 37829652 1
2789 2629 37829662 1
2732 2533 37829672 1
2670 2458 37829682 1
2605 2398 37829692 1
2535 2362 37829702 1
2469 2362 37829712 1
2405 2380 37829722 1
2360 2439 37829732 1
2321 2528 37829742 1
2292 2638 37829752 1
2270 2780 37829762 1
2270 2919 37829772 1
2282 3011 37829782 1
2311 3073 37829792 1
2364 3119 37829802 1
2434 3133 37829812 1
2529 3126 37829822 1
2656 3070 37829832 1
2805 2988 37829842 1
2935 2888 37829852 1
3067 2810 37829862 1
3201 2762 37829872 1
3318 2734 37829882 1
3425 2743 37829892 1
3513 2791 37829902 1
3590 2865 37829912 1
3660 2966 37829922 1
3705 3102 37829932 1
3727 3261 37829942 1
3734 3463 37829952 1
3698 3662 37829962 1
3630 3855 37829972 1
3540 4046 37829982 1
3416 4157 37829992 1
3250 4224 37830002 1
3056 4261 37830012 1
2869 4269 37830022 1
2692 4242 37830032 1
2521 4192 37830042 1
2388 4130 37830052 1
2294 4065 37830062 1
2226 3975 37830072 1
3765 2927 37830413 0
3765 2927 37830423 1
3765 2927 37830433 1
3765 2927 37830443 1
3765 2927 37830453 1
3765 2927 37830463 1
3765 2927 37830473 1
3769 2900 37830483 1
3790 2870 37830493 1
3822 2833 37830503 1
3860 2791 37830513 1
3901 2751 37830523 1
3950 2714 37830533 1
4000 2683 37830543 1
4055 2669 37830553 1
4127 2669 37830563 1
4210 2681 37830573 1
4299 2720 37830583 1
4389 2774 37830593 1
4463 2833 37830603 1
4527 2901 37830613 1
4570 2974 37830623 1
4601 3058 37830633 1
4625 3139 37830643 1
4637 3181 37830653 1
4637 3199 37830663 1
4637 3199 37830673 1
4637 3189 37830683 1
4631 3147 37830693 1
4623 3083 37830703 1
4628 3016 37830713 1
4645 2956 37830723 1
4670 2902 37830733 1
4709 2841 37830743 1
4765 2790 37830753 1
4833 2746 37830763 1
4909 2718 37830773 1
5006 2712 37830783 1
5117 2721 37830793 1
5240 2746 37830803 1
5350 2784 37830813 1
5451 2831 37830823 1
5519 2877 37830833 1
5566 2930 37830843 1
5598 2987 37830853 1
5598 3055 37830863 1
5566 3120 37830873 1
5515 3184 37830883 1
5457 3222 37830893 1
5401 3222 37830903 1
5351 3205 37830913 1
5309 3162 37830923 1
5285 3099 37830934 1
5273 3022 37830944 1
5289 2943 37830954 1
5322 2875 37830964 1
5366 2815 37830974 1
5423 2770 37830984 1
5487 2730 37830994 1
5564 2694 37831004 1
5650 2687 37831014 1
5740 2687 37831024 1
5831 2696 37831034 1
5907 2723 37831044 1
5975 2764 37831054 1
6032 2815 37831064 1
6084 2870 37831074 1
6133 2946 37831084 1
6169 3035 37831094 1
6199 3164 37831104 1
6225 3336 37831114 1
6234 3536 37831124 1
6243 3738 37831134 1
6253 3907 37831144 1
6263 4055 37831154 1
6263 4107 37831164 1
6268 4121 37831174 1
6263 4110 37831184 1
6263 4078 37831194 1
6258 3992 37831204 1
6248 3869 37831214 1
6253 3726 37831224 1
6267 3584 37831234 1
6267 3442 37831244 1
6262 3291 37831254 1
6262 3159 37831264 1
6269 3040 37831274 1
6292 2945 37831284 1
6327 2862 37831294 1
6362 2786 37831304 1
6414 2729 37831314 1
6476 2698 37831324 1
6547 2684 37831334 1
6625 2684 37831344 1
6708 2711 37831354 1
6753 2747 37831364 1
6778 2789 37831374 1
6789 2841 37831384 1
6780 2900 37831394 1
6759 2977 37831404 1
6730 3052 37831414 1
6698 3125 37831424 1
6666 3166 37831434 1
6650 3178 37831444 1
6643 3172 37831454 1
6631 3146 37831464 1
6617 3091 37831474 1
6602 3016 37831484 1
6622 2946 37831494 1
6648 2886 37831504 1
6704 2832 37831514 1
6779 2795 37831524 1
6872 2781 37831534 1
6953 2781 37831544 1
7027 2798 37831554 1
7099 2827 37831564 1
7157 2866 37831574 1
7205 2906 37831584 1
7239 2945 37831594 1
7259 2984 37831604 1
7269 3020 37831614 1
7286 3051 37831624 1
7299 3062 37831634 1
7314 3062 37831644 1
7331 3047 37831654 1
7348 3018 37831664 1
7357 2979 37831674 1
7357 2949 37831684 1
7352 2916 37831694 1
7352 2900 37831704 1
7346 2900 37831714 1
7354 2900 37831724 1
7360 2924 37831734 1
7389 2961 37831744 1
7434 3014 37831754 1
7467 3077 37831764 1
7502 3148 37831774 1
7541 3245 37831784 1
7576 3334 37831794 1
7608 3418 37831804 1
7647 3454 37831814 1
7689 3473 37831824 1
7762 3480 37831834 1
7855 3480 37831844 1
7976 3480 37831854 1
8074 3480 37831864 1
5824 3943 37832116 0
5737 3989 37832126 1
5705 4006 37832136 1
5692 4006 37832146 1
5692 4006 37832156 1
5697 4006 37832166 1
5697 4006 37832176 1
5726 3996 37832186 1
5778 3987 37832196 1
5869 3973 37832206 1
5965 3959 37832216 1
6088 3947 37832226 1
6228 3937 37832236 1
6377 3923 37832246 1
6512 3909 37832256 1
6637 3898 37832256 1
6717 3891 37832266 1
4667 4602 37832466 0
4706 4591 37832476 1
4687 4672 37832486 1
4679 4664 37832496 1
4686 4664 37832506 1
4702 4664 37832516 1
4690 4664 37832526 1
