244
2136 3496 59351092 0
2140 3560 59351102 1
2108 3567 59351112 1
2101 3560 59351122 1
2096 3543 59351132 1
2089 3518 59351142 1
2080 3463 59351152 1
2080 3387 59351162 1
2102 3283 59351172 1
2130 3173 59351182 1
2159 3040 59351192 1
2184 2895 59351202 1
2203 2693 59351212 1
2219 2490 59351222 1
2227 2286 59351232 1
2227 2079 59351242 1
2218 1905 59351252 1
2200 1753 59351262 1
2166 1610 59351272 1
2122 1498 59351282 1
2051 1406 59351292 1
1968 1326 59351302 1
1876 1274 59351312 1
1777 1241 59351322 1
1671 1241 59351332 1
1560 1273 59351342 1
1468 1325 59351352 1
1408 1402 59351362 1
1370 1477 59351372 1
1357 1552 59351382 1
1366 1609 59351392 1
1389 1664 59351402 1
1426 1699 59351412 1
1486 1722 59351422 1
1562 1722 59351432 1
1682 1695 59351442 1
1806 1653 59351452 1
1939 1614 59351462 1
2079 1584 59351472 1
2212 1561 59351482 1
2339 1548 59351492 1
2449 1548 59351502 1
2559 1548 59351512 1
2660 1571 59351522 1
2756 1621 59351532 1
2832 1690 59351542 1
2889 1777 59351552 1
2934 1889 59351562 1
2951 2019 59351572 1
2943 2196 59351582 1
2917 2401 59351592 1
2873 2625 59351602 1
2819 2836 59351612 1
2759 2991 59351622 1
2680 3110 59351632 1
2583 3195 59351642 1
2475 3239 59351652 1
2358 3255 59351662 1
2238 3237 59351672 1
2116 3214 59351682 1
1991 3172 59351692 1
1876 3120 59351702 1
1788 3062 59351712 1
1715 2982 59351722 1
1658 2887 59351732 1
1633 2765 59351742 1
3124 1715 59352073 0
3076 1728 59352083 1
3076 1744 59352093 1
3063 1755 59352103 1
3050 1760 59352113 1
3038 1760 59352123 1
3033 1767 59352133 1
3033 1767 59352143 1
3033 1767 59352153 1
3033 1767 59352163 1
3045 1746 59352173 1
3061 1714 59352183 1
3092 1663 59352193 1
3133 1610 59352203 1
3190 1558 59352213 1
3251 1506 59352223 1
3323 1454 59352233 1
3404 1449 59352243 1
3493 1442 59352253 1
3596 1454 59352263 1
3708 1480 59352273 1
3810 1533 59352283 1
3900 1600 59352293 1
3981 1677 59352303 1
4039 1769 59352313 1
4078 1864 59352323 1
4105 1961 59352333 1
4119 2026 59352343 1
4124 2060 59352353 1
4124 2074 59352363 1
4124 2074 59352373 1
4124 2074 59352383 1
4124 2059 59352393 1
4124 2018 59352403 1
4124 1958 59352413 1
4133 1888 59352423 1
4145 1818 59352433 1
4163 1747 59352443 1
4192 1678 59352453 1
4229 1622 59352463 1
4276 1575 59352473 1
4329 1543 59352483 1
4402 1525 59352484 1
4487 1517 59352494 1
4587 1525 59352504 1
4692 1546 59352514 1
4805 1575 59352524 1
4904 1623 59352534 1
4995 1678 59352544 1
5074 1738 59352554 1
5134 1795 59352564 1
5182 1852 59352574 1
5201 1912 59352584 1
5195 1974 59352594 1
5171 2030 59352604 1
5131 2084 59352614 1
5090 2119 59352624 1
5049 2143 59352634 1
5016 2143 59352644 1
4985 2134 59352654 1
4961 2111 59352664 1
4942 2056 59352674 1
4942 1984 59352684 1
4942 1900 59352694 1
4968 1822 59352704 1
4994 1748 59352714 1
5030 1684 59352724 1
5074 1627 59352734 1
5129 1585 59352744 1
5194 1554 59352754 1
5274 1531 59352764 1
5362 1531 59352774 1
5456 1542 59352784 1
5550 1569 59352794 1
5635 1618 59352804 1
5714 1686 59352814 1
5783 1766 59352824 1
5835 1857 59352834 1
5876 1973 59352844 1
5905 2105 59352854 1
5917 2270 59352864 1
5917 2436 59352874 1
5917 2604 59352884 1
5909 2740 59352894 1
5904 2821 59352904 1
5904 2866 59352914 1
5896 2873 59352924 1
5896 2873 59352934 1
5891 2834 59352944 1
5891 2769 59352954 1
5885 2646 59352964 1
5885 2532 59352974 1
5892 2425 59352984 1
5892 2288 59352994 1
5892 2155 59353004 1
5892 2025 59353014 1
5899 1906 59353024 1
5925 1796 59353034 1
5962 1692 59353044 1
6023 1606 59353054 1
6098 1545 59353064 1
6182 1500 59353074 1
6284 1476 59353084 1
6386 1476 59353094 1
6484 1487 59353104 1
6559 1523 59353114 1
6620 1571 59353124 1
6651 1627 59353134 1
6651 1699 59353144 1
6629 1772 59353154 1
6579 1845 59353164 1
6519 1891 59353174 1
6451 1919 59353184 1
6393 1935 59353194 1
6356 1935 59353204 1
6332 1926 59353214 1
6321 1895 59353224 1
6314 1849 59353234 1
6330 1778 59353244 1
6360 1706 59353254 1
6407 1632 59353264 1
6471 1583 59353274 1
6545 1550 59353284 1
6623 1528 59353294 1
6706 1519 59353304 1
6797 1519 59353314 1
6880 1534 59353324 1
6957 1560 59353334 1
7016 1594 59353344 1
7067 1638 59353354 1
7113 1691 59353364 1
7149 1749 59353374 1
7175 1800 59353384 1
7193 1826 59353394 1
7193 1835 59353404 1
7198 1835 59353414 1
7198 1803 59353424 1
7198 1757 59353434 1
7208 1700 59353444 1
7218 1643 59353454 1
7237 1605 59353464 1
7264 1579 59353474 1
7285 1568 59353484 1
7302 1568 59353494 1
7323 1585 59353504 1
7345 1615 59353514 1
7359 1652 59353524 1
7367 1693 59353534 1
7379 1741 59353544 1
7393 1801 59353554 1
7431 1869 59353564 1
7484 1942 59353574 1
7550 2013 59353584 1
7629 2081 59353594 1
7716 2130 59353604 1
7785 2167 59353614 1
7833 2192 59353624 1
7867 2212 59353634 1
5468 2564 59353836 0
5555 2564 59353846 1
5538 2601 59353856 1
5545 2601 59353866 1
5568 2592 59353876 1
5592 2586 59353886 1
5620 2562 59353896 1
5680 2562 59353906 1
5760 2545 59353916 1
5883 2520 59353926 1
6009 2507 59353936 1
6145 2502 59353946 1
6278 2502 59353956 1
6407 2517 59353966 1
4076 3283 59354196 0
4154 3306 59354206 1
4132 3372 59354216 1
4106 3427 59354226 1
4076 3441 59354236 1
4076 3427 59354246 1
