238
2643 4132 37834409 0
2657 4230 37834419 1
2626 4242 37834429 1
2620 4236 37834439 1
2620 4236 37834449 1
2620 4236 37834459 1
2620 4229 37834469 1
2635 4186 37834479 1
2656 4121 37834489 1
2686 4025 37834499 1
2723 3890 37834509 1
2759 3730 37834519 1
2786 3564 37834529 1
2807 3370 37834539 1
2823 3157 37834549 1
2834 2961 37834559 1
2842 2786 37834569 1
2842 2624 37834579 1
2826 2494 37834589 1
2792 2372 37834599 1
2739 2255 37834609 1
2662 2165 37834619 1
2568 2098 37834629 1
2467 2046 37834639 1
2372 2033 37834649 1
2287 2050 37834659 1
2213 2088 37834669 1
2146 2162 37834679 1
2087 2267 37834689 1
2050 2393 37834699 1
2028 2485 37834709 1
2034 2551 37834719 1
2073 2601 37834729 1
2134 2641 37834739 1
2213 2659 37834749 1
2321 2659 37834759 1
2449 2628 37834769 1
2605 2580 37834779 1
2766 2522 37834789 1
2931 2480 37834799 1
3082 2465 37834809 1
3231 2465 37834819 1
3343 2502 37834829 1
3432 2559 37834839 1
3512 2633 37834849 1
3571 2744 37834859 1
3615 2886 37834869 1
3630 3050 37834879 1
3620 3242 37834889 1
3594 3444 37834899 1
3538 3654 37834909 1
3460 3810 37834919 1
3367 3917 37834929 1
3246 3991 37834939 1
3093 4018 37834949 1
2919 4027 37834959 1
2768 4027 37834969 1
2614 3997 37834979 1
2458 3970 37834989 1
2358 3944 37834999 1
2282 3891 37835009 1
2223 3835 37835019 1
3587 2526 37835420 0
3587 2526 37835430 1
3587 2526 37835440 1
3587 2526 37835450 1
3618 2474 37835460 1
3640 2443 37835470 1
3673 2405 37835480 1
3713 2363 37835490 1
3754 2317 37835500 1
3800 2278 37835510 1
3852 2242 37835520 1
3904 2222 37835530 1
3965 2222 37835540 1
4031 2222 37835550 1
4098 2259 37835560 1
4165 2306 37835570 1
4231 2362 37835580 1
4282 2423 37835590 1
4325 2491 37835600 1
4352 2565 37835610 1
4379 2634 37835620 1
4397 2683 37835630 1
4407 2720 37835640 1
4414 2741 37835650 1
4414 2746 37835660 1
4409 2741 37835670 1
4409 2741 37835680 1
4409 2710 37835690 1
4418 2662 37835700 1
4425 2613 37835710 1
4439 2566 37835720 1
4455 2520 37835730 1
4471 2473 37835740 1
4505 2427 37835750 1
4543 2382 37835760 1
4588 2331 37835770 1
4664 2291 37835780 1
4761 2258 37835790 1
4864 2229 37835800 1
4977 2216 37835810 1
5089 2216 37835820 1
5195 2223 37835830 1
5289 2245 37835840 1
5350 2277 37835850 1
5390 2311 37835861 1
5417 2360 37835871 1
5417 2420 37835881 1
5392 2493 37835891 1
5348 2569 37835901 1
5298 2648 37835911 1
5243 2702 37835921 1
5207 2718 37835931 1
5174 2709 37835941 1
5154 2679 37835951 1
5143 2625 37835961 1
5128 2554 37835971 1
5140 2481 37835981 1
5169 2407 37835991 1
5201 2332 37836001 1
5249 2273 37836011 1
5308 2223 37836021 1
5358 2188 37836031 1
5430 2171 37836041 1
5516 2166 37836051 1
5623 2166 37836061 1
5733 2187 37836071 1
5847 2229 37836081 1
5936 2276 37836091 1
6008 2332 37836101 1
6070 2395 37836111 1
6119 2469 37836121 1
6159 2571 37836131 1
6191 2693 37836141 1
6214 2877 37836151 1
6230 3076 37836161 1
6252 3284 37836171 1
6264 3452 37836181 1
6270 3548 37836191 1
6260 3595 37836201 1
6252 3595 37836211 1
6247 3595 37836221 1
6241 3536 37836231 1
6228 3445 37836241 1
6212 3312 37836251 1
6207 3174 37836261 1
6194 3022 37836271 1
6170 2863 37836281 1
6141 2721 37836291 1
6134 2609 37836302 1
6134 2516 37836312 1
6158 2437 37836322 1
6201 2373 37836332 1
6249 2320 37836342 1
6314 2276 37836352 1
6389 2246 37836362 1
6453 2226 37836372 1
6518 2217 37836382 1
6582 2217 37836392 1
6626 2226 37836402 1
6656 2243 37836412 1
6672 2273 37836422 1
6678 2313 37836432 1
6678 2358 37836442 1
6653 2408 37836452 1
6625 2461 37836462 1
6595 2502 37836472 1
6572 2519 37836482 1
6555 2519 37836492 1
6538 2511 37836502 1
6520 2486 37836512 1
6504 2451 37836522 1
6495 2411 37836532 1
6495 2371 37836542 1
6519 2327 37836552 1
6553 2292 37836562 1
6619 2262 37836572 1
6714 2251 37836582 1
6828 2251 37836592 1
6928 2251 37836602 1
7006 2270 37836612 1
7069 2285 37836622 1
7123 2299 37836632 1
7180 2334 37836642 1
7224 2372 37836652 1
7259 2412 37836662 1
7301 2450 37836672 1
7336 2463 37836682 1
7358 2463 37836692 1
7373 2443 37836702 1
7386 2407 37836712 1
7398 2357 37836722 1
7409 2309 37836732 1
7422 2259 37836742 1
7427 2208 37836752 1
7427 2190 37836762 1
7439 2196 37836772 1
7450 2204 37836782 1
7459 2244 37836792 1
7487 2306 37836802 1
7515 2373 37836812 1
7544 2447 37836822 1
7583 2525 37836832 1
7626 2598 37836842 1
7672 2667 37836852 1
7738 2731 37836862 1
7807 2780 37836872 1
7885 2820 37836882 1
7968 2846 37836892 1
8023 2860 37836902 1
5805 3172 37837133 0
5773 3209 37837143 1
5747 3215 37837153 1
5726 3222 37837163 1
5713 3222 37837173 1
5713 3222 37837183 1
5723 3222 37837193 1
5723 3222 37837203 1
5740 3222 37837213 1
5777 3215 37837223 1
5830 3205 37837233 1
5886 3192 37837243 1
5956 3175 37837253 1
6035 3159 37837263 1
6134 3144 37837273 1
6258 3135 37837283 1
6398 3130 37837293 1
6542 3130 37837303 1
6681 3139 37837313 1
6776 3149 37837323 1
4633 4195 37837523 0
4633 4120 37837533 1
4578 4159 37837543 1
4566 4237 37837553 1
4583 4231 37837563 1
4592 4223 37837573 1
4606 4211 37837583 1
