272
3373 7111 85342315 0
3373 7111 85342325 1
3373 7111 85342335 1
3373 7111 85342345 1
3373 7111 85342355 1
3361 7059 85342365 1
3371 6990 85342375 1
3395 6913 85342385 1
3428 6830 85342395 1
3453 6730 85342405 1
3465 6573 85342415 1
3465 6377 85342425 1
3465 6264 85342435 1
3453 6120 85342445 1
3435 5955 85342455 1
3410 5817 85342465 1
3379 5724 85342475 1
3344 5662 85342485 1
3296 5613 85342495 1
3243 5590 85342505 1
3186 5584 85342515 1
3122 5599 85342525 1
3063 5642 85342535 1
3007 5704 85342545 1
2976 5781 85342555 1
2976 5862 85342565 1
3000 5946 85342575 1
3047 6001 85342585 1
3091 6028 85342595 1
3133 6036 85342605 1
3180 6036 85342615 1
3232 6026 85342625 1
3291 6009 85342635 1
3348 5985 85342645 1
3407 5956 85342655 1
3474 5917 85342665 1
3549 5880 85342675 1
3633 5844 85342685 1
3716 5810 85342695 1
3798 5791 85342705 1
3875 5782 85342715 1
3962 5795 85342725 1
4076 5829 85342735 1
4204 5877 85342745 1
4312 5935 85342755 1
4402 5994 85342765 1
4479 6055 85342775 1
4529 6115 85342785 1
4558 6185 85342795 1
4572 6263 85342805 1
4567 6378 85342815 1
4531 6506 85342825 1
4473 6642 85342835 1
4395 6770 85342845 1
4299 6897 85342855 1
4192 6982 85342865 1
4060 7039 85342875 1
3921 7061 85342885 1
3776 7052 85342895 1
3606 7022 85342905 1
3440 6983 85342915 1
3282 6944 85342925 1
3131 6908 85342935 1
3016 6877 85342945 1
2924 6848 85342955 1
2886 6833 85342965 1
2868 6816 85342975 1
2862 6796 85342985 1
4433 6076 85343247 0
4407 6081 85343257 1
4407 6086 85343267 1
4413 6092 85343277 1
4431 6085 85343287 1
4459 6060 85343297 1
4496 6024 85343307 1
4545 5980 85343317 1
4602 5937 85343327 1
4658 5903 85343337 1
4713 5875 85343347 1
4767 5861 85343357 1
4821 5878 85343367 1
4876 5917 85343377 1
4944 5988 85343387 1
5014 6064 85343397 1
5071 6144 85343407 1
5119 6214 85343417 1
5147 6268 85343427 1
5163 6311 85343437 1
5171 6331 85343447 1
5171 6338 85343457 1
5171 6338 85343467 1
5171 6306 85343477 1
5179 6326 85343487 1
5188 6313 85343497 1
5205 6263 85343507 1
5226 6214 85343517 1
5242 6160 85343527 1
5254 6097 85343537 1
5261 6037 85343547 1
5270 5980 85343557 1
5285 5904 85343567 1
5304 5837 85343577 1
5337 5776 85343587 1
5379 5728 85343597 1
5431 5696 85343607 1
5489 5676 85343617 1
5559 5685 85343627 1
5633 5719 85343637 1
5707 5769 85343647 1
5775 5828 85343657 1
5840 5901 85343667 1
5888 5983 85343677 1
5933 6038 85343687 1
5976 6092 85343697 1
6001 6134 85343707 1
6015 6170 85343717 1
6021 6214 85343727 1
6012 6256 85343737 1
5987 6301 85343747 1
5952 6350 85343757 1
5917 6371 85343767 1
5884 6377 85343777 1
5855 6372 85343787 1
5827 6350 85343797 1
5796 6306 85343807 1
5762 6247 85343817 1
5745 6193 85343827 1
5733 6138 85343837 1
5733 6083 85343847 1
5743 6030 85343857 1
5760 5977 85343867 1
5788 5921 85343877 1
5826 5864 85343887 1
5871 5804 85343897 1
5912 5769 85343907 1
5967 5751 85343917 1
6030 5738 85343927 1
6099 5755 85343937 1
6188 5791 85343947 1
6290 5889 85343957 1
6394 6009 85343967 1
6488 6144 85343977 1
6575 6311 85343987 1
6646 6484 85343997 1
6702 6661 85344007 1
6747 6777 85344017 1
6765 6860 85344027 1
6765 6920 85344037 1
6748 6961 85344047 1
6734 6985 85344057 1
6722 6997 85344067 1
6717 6997 85344077 1
6717 6997 85344087 1
6717 6997 85344097 1
6711 6997 85344107 1
6711 6958 85344117 1
6701 6894 85344127 1
6687 6813 85344137 1
6673 6730 85344147 1
6655 6627 85344157 1
6635 6511 85344167 1
6624 6368 85344177 1
6616 6244 85344187 1
6626 6134 85344197 1
6646 6040 85344207 1
6673 5959 85344217 1
6706 5887 85344227 1
6749 5831 85344237 1
6796 5796 85344247 1
6843 5776 85344257 1
6891 5764 85344267 1
6937 5770 85344277 1
6985 5789 85344287 1
7034 5830 85344297 1
7082 5897 85344307 1
7131 5982 85344317 1
7166 6071 85344327 1
7192 6139 85344337 1
7198 6193 85344347 1
7198 6244 85344357 1
7198 6293 85344367 1
7187 6335 85344377 1
7177 6364 85344387 1
7166 6384 85344397 1
7154 6403 85344407 1
7143 6417 85344417 1
7133 6424 85344427 1
7127 6424 85344437 1
7118 6424 85344447 1
7101 6410 85344457 1
7079 6370 85344467 1
7065 6313 85344477 1
7053 6267 85344487 1
7046 6215 85344497 1
7046 6156 85344507 1
7046 6098 85344517 1
7053 6049 85344527 1
7071 6004 85344537 1
7095 5963 85344547 1
7130 5929 85344557 1
7182 5901 85344567 1
7244 5882 85344577 1
7315 5874 85344587 1
7387 5874 85344589 1
7461 5891 85344599 1
7533 5925 85344609 1
7600 5970 85344619 1
7664 6027 85344629 1
7712 6090 85344639 1
7740 6157 85344649 1
7754 6214 85344659 1
7748 6245 85344669 1
7736 6260 85344679 1
7719 6260 85344689 1
7710 6267 85344699 1
7705 6267 85344709 1
7705 6267 85344719 1
7705 6267 85344729 1
7705 6261 85344739 1
7716 6245 85344749 1
7727 6221 85344759 1
7737 6177 85344769 1
7747 6130 85344779 1
7747 6077 85344789 1
7747 6018 85344799 1
7747 5956 85344809 1
7753 5917 85344819 1
7753 5877 85344829 1
7758 5863 85344839 1
7758 5863 85344849 1
7758 5870 85344859 1
7758 5880 85344869 1
7763 5894 85344879 1
7763 5941 85344889 1
7782 5987 85344899 1
7809 6035 85344909 1
7843 6084 85344919 1
7880 6131 85344929 1
7917 6174 85344939 1
7958 6208 85344949 1
8000 6234 85344959 1
8048 6251 85344969 1
8098 6257 85344979 1
8152 6257 85344989 1
8218 6257 85344999 1
8291 6257 85345009 1
8356 6257 85345019 1
8399 6267 85345029 1
8426 6277 85345039 1
6141 6607 85345280 0
6181 6568 85345290 1
6153 6568 85345300 1
6161 6568 85345310 1
6193 6568 85345320 1
6242 6577 85345330 1
6338 6586 85345340 1
6469 6604 85345350 1
6623 6618 85345360 1
6819 6627 85345370 1
6999 6635 85345380 1
7169 6635 85345390 1
7349 6629 85345400 1
7493 6624 85345410 1
5055 6889 85345640 0
5109 6925 85345650 1
5063 6930 85345660 1
5056 6925 85345670 1
5076 6920 85345680 1
5102 6914 85345690 1
5143 6905 85345700 1
5193 6887 85345710 1
5253 6864 85345720 1
