252
1828 3564 37947201 0
1880 3608 37947211 1
1880 3630 37947221 1
1880 3639 37947231 1
1880 3639 37947241 1
1868 3652 37947251 1
1854 3661 37947261 1
1832 3668 37947271 1
1800 3673 37947281 1
1762 3673 37947291 1
1714 3665 37947301 1
1645 3648 37947311 1
1561 3615 37947321 1
1463 3571 37947331 1
1359 3513 37947341 1
1252 3451 37947351 1
1149 3363 37947361 1
1050 3260 37947371 1
972 3133 37947381 1
906 2982 37947391 1
870 2816 37947401 1
854 2631 37947411 1
854 2475 37947421 1
886 2338 37947431 1
955 2197 37947441 1
1045 2088 37947451 1
1173 2001 37947461 1
1324 1947 37947471 1
1491 1924 37947481 1
1676 1924 37947491 1
1840 1934 37947501 1
1970 1962 37947511 1
2083 2000 37947521 1
2168 2048 37947531 1
2223 2105 37947541 1
2259 2169 37947551 1
2259 2242 37947561 1
2233 2319 37947571 1
2187 2400 37947581 1
2131 2465 37947591 1
2078 2525 37947601 1
2033 2563 37947611 1
1996 2589 37947621 1
1976 2601 37947631 1
1966 2608 37947641 1
1966 2608 37947651 1
1972 2603 37947661 1
2004 2591 37947671 1
2054 2569 37947681 1
2137 2540 37947691 1
2220 2514 37947701 1
2305 2491 37947711 1
2375 2476 37947721 1
2435 2465 37947731 1
2475 2458 37947741 1
2495 2449 37947751 1
2501 2440 37947761 1
2495 2410 37947771 1
2480 2366 37947781 1
2459 2296 37947791 1
2427 2222 37947801 1
2400 2141 37947811 1
2382 2076 37947821 1
2390 2021 37947831 1
2415 1981 37947841 1
2458 1956 37947851 1
3466 2517 37948293 0
3496 2547 37948303 1
3489 2557 37948313 1
3471 2557 37948323 1
3471 2557 37948333 1
3471 2557 37948343 1
3471 2557 37948353 1
3471 2557 37948363 1
3477 2512 37948373 1
3493 2449 37948383 1
3515 2353 37948393 1
3541 2242 37948403 1
3565 2120 37948413 1
3589 2020 37948423 1
3625 1943 37948433 1
3667 1882 37948443 1
3725 1845 37948453 1
3792 1838 37948463 1
3855 1851 37948473 1
3914 1888 37948483 1
3970 1941 37948493 1
4029 2006 37948503 1
4072 2075 37948513 1
4104 2151 37948523 1
4121 2232 37948533 1
4126 2316 37948543 1
4126 2389 37948553 1
4126 2419 37948563 1
4126 2419 37948573 1
4119 2419 37948583 1
4119 2383 37948593 1
4119 2327 37948603 1
4129 2236 37948613 1
4144 2154 37948623 1
4175 2079 37948633 1
4217 2012 37948643 1
4276 1961 37948653 1
5703 2332 37948964 0
5728 2370 37948974 1
5728 2415 37948984 1
5718 2415 37948994 1
5724 2425 37949004 1
5724 2439 37949014 1
5715 2457 37949024 1
5700 2478 37949034 1
5673 2503 37949044 1
5632 2530 37949054 1
5581 2552 37949064 1
5521 2557 37949074 1
5457 2550 37949084 1
5390 2517 37949094 1
5330 2465 37949104 1
5276 2401 37949114 1
5253 2307 37949124 1
5253 2207 37949134 1
5267 2102 37949144 1
5305 2034 37949154 1
5355 1986 37949164 1
5424 1952 37949174 1
5508 1945 37949184 1
5602 1969 37949194 1
5691 2013 37949204 1
5772 2075 37949214 1
5847 2150 37949224 1
5889 2234 37949234 1
5914 2341 37949244 1
5928 2460 37949254 1
5928 2586 37949264 1
5916 2746 37949274 1
5904 2892 37949284 1
5897 3028 37949294 1
5889 3079 37949304 1
5882 3095 37949314 1
5876 3088 37949324 1
5871 3063 37949334 1
5861 2974 37949344 1
5848 2842 37949354 1
5854 2690 37949364 1
5875 2561 37949374 1
5907 2448 37949384 1
5946 2336 37949394 1
5991 2236 37949404 1
6045 2145 37949414 1
6948 2430 37949715 0
6968 2507 37949725 1
6963 2521 37949735 1
6963 2521 37949745 1
6975 2521 37949755 1
6988 2521 37949765 1
7003 2488 37949775 1
7018 2442 37949785 1
7036 2362 37949795 1
7055 2268 37949805 1
7070 2166 37949815 1
7082 2086 37949825 1
7082 2030 37949835 1
7087 1991 37949845 1
7087 1981 37949855 1
7087 1981 37949865 1
7087 1992 37949875 1
7087 2044 37949885 1
7087 2114 37949895 1
7087 2196 37949905 1
7087 2289 37949915 1
7087 2377 37949925 1
7087 2441 37949935 1
7114 2491 37949945 1
7148 2517 37949955 1
7198 2537 37949965 1
7263 2544 37949975 1
7337 2544 37949985 1
7419 2526 37949995 1
8421 2587 37950406 0
8473 2587 37950416 1
8479 2587 37950426 1
8469 2580 37950436 1
8469 2555 37950446 1
8461 2509 37950456 1
8461 2448 37950466 1
8461 2371 37950476 1
8475 2291 37950486 1
8499 2208 37950496 1
8532 2137 37950506 1
8571 2073 37950516 1
8615 2032 37950526 1
8667 2013 37950536 1
8727 2008 37950546 1
8793 2029 37950556 1
8859 2068 37950566 1
8925 2120 37950576 1
8974 2179 37950586 1
9011 2255 37950596 1
9034 2342 37950606 1
9043 2434 37950616 1
9043 2523 37950626 1
9032 2580 37950636 1
9021 2616 37950646 1
9011 2616 37950656 1
9001 2616 37950666 1
8991 2562 37950676 1
8980 2481 37950686 1
8980 2389 37950696 1
9008 2297 37950706 1
9049 2214 37950716 1
9110 2138 37950726 1
9198 2091 37950736 1
9305 2064 37950746 1
10089 2597 37950987 0
10146 2622 37950997 1
10131 2632 37951007 1
10131 2632 37951017 1
10131 2623 37951027 1
10145 2617 37951037 1
10159 2592 37951047 1
10180 2555 37951057 1
10203 2491 37951067 1
10226 2422 37951077 1
10236 2343 37951087 1
10236 2269 37951097 1
10236 2198 37951107 1
10236 2149 37951117 1
10225 2119 37951127 1
10225 2103 37951137 1
10225 2103 37951147 1
10225 2119 37951157 1
10225 2140 37951167 1
10234 2193 37951177 1
10247 2260 37951187 1
10262 2337 37951197 1
10282 2416 37951207 1
10307 2490 37951217 1
10341 2544 37951227 1
10383 2588 37951237 1
10429 2607 37951247 1
10463 2607 37951257 1
10489 2588 37951267 1
10505 2545 37951277 1
10505 2480 37951287 1
10493 2400 37951297 1
10472 2321 37951307 1
10465 2251 37951317 1
10465 2187 37951327 1
10487 2141 37951337 1
10536 2111 37951347 1
10603 2093 37951357 1
10721 2088 37951367 1
