377
2246 6324 24929319 0
2236 6406 24929329 1
2219 6447 24929339 1
2200 6486 24929349 1
2180 6518 24929359 1
2152 6539 24929369 1
2120 6549 24929379 1
2077 6544 24929389 1
2024 6530 24929399 1
1964 6502 24929409 1
1901 6451 24929419 1
1834 6385 24929429 1
1764 6288 24929439 1
1690 6170 24929449 1
1611 6039 24929459 1
1529 5878 24929469 1
1466 5718 24929479 1
1406 5551 24929489 1
1357 5372 24929499 1
1317 5168 24929509 1
1300 4956 24929519 1
1300 4742 24929529 1
1319 4564 24929539 1
1358 4411 24929549 1
1410 4256 24929559 1
1482 4137 24929569 1
1575 4043 24929579 1
1683 3982 24929589 1
1785 3954 24929599 1
1889 3949 24929609 1
1998 3977 24929619 1
2108 4023 24929629 1
2218 4082 24929639 1
2314 4150 24929649 1
2401 4227 24929659 1
2473 4311 24929669 1
2528 4376 24929679 1
2572 4437 24929689 1
2590 4483 24929699 1
2590 4520 24929709 1
2571 4555 24929719 1
2547 4588 24929730 1
2516 4613 24929740 1
2481 4628 24929750 1
2446 4634 24929760 1
2410 4634 24929770 1
2374 4634 24929780 1
2344 4623 24929790 1
2319 4616 24929800 1
2303 4609 24929810 1
2295 4609 24929820 1
2295 4609 24929830 1
2295 4609 24929840 1
2295 4609 24929850 1
2308 4609 24929860 1
2333 4609 24929870 1
2367 4617 24929880 1
2411 4635 24929890 1
2458 4657 24929900 1
2516 4684 24929910 1
2582 4715 24929920 1
2654 4739 24929930 1
2726 4764 24929940 1
2794 4787 24929950 1
2854 4806 24929960 1
2907 4817 24929970 1
2955 4817 24929980 1
2989 4802 24929990 1
3013 4774 24930000 1
3035 4729 24930010 1
3047 4665 24930020 1
3052 4588 24930030 1
3060 4498 24930040 1
3066 4406 24930050 1
3066 4309 24930060 1
3066 4213 24930070 1
3066 4140 24930080 1
3066 4082 24930090 1
3066 4052 24930100 1
3066 4040 24930110 1
3066 4040 24930120 1
3066 4040 24930130 1
3056 4074 24930140 1
3910 4798 24930491 0
3910 4798 24930501 1
3910 4798 24930511 1
3884 4820 24930521 1
3872 4826 24930531 1
3856 4832 24930541 1
3840 4837 24930551 1
3821 4837 24930561 1
3800 4837 24930571 1
3787 4837 24930581 1
3774 4837 24930591 1
3763 4824 24930601 1
3753 4811 24930611 1
3743 4796 24930621 1
3732 4766 24930631 1
3725 4728 24930641 1
3725 4671 24930651 1
3725 4611 24930661 1
3737 4543 24930671 1
3751 4473 24930681 1
3768 4399 24930691 1
3789 4324 24930701 1
3814 4259 24930711 1
3847 4200 24930721 1
3882 4162 24930731 1
3918 4141 24930741 1
3957 4132 24930751 1
3998 4132 24930761 1
4042 4160 24930771 1
4090 4201 24930781 1
4139 4268 24930791 1
4186 4345 24930801 1
4228 4428 24930811 1
4261 4516 24930821 1
4289 4603 24930831 1
4313 4688 24930841 1
4330 4758 24930851 1
4343 4820 24930861 1
4353 4862 24930871 1
4353 4884 24930881 1
4353 4893 24930891 1
4353 4893 24930901 1
4353 4893 24930911 1
4353 4888 24930921 1
4353 4870 24930931 1
4353 4845 24930941 1
4353 4811 24930951 1
4361 4762 24930961 1
4374 4704 24930971 1
4392 4629 24930981 1
4413 4549 24930991 1
4435 4465 24931001 1
4453 4389 24931011 1
4469 4328 24931021 1
4481 4274 24931031 1
4488 4241 24931041 1
4488 4226 24931051 1
4488 4226 24931061 1
4488 4221 24931071 1
5342 4687 24931412 0
5342 4687 24931422 1
5342 4687 24931432 1
5342 4687 24931442 1
5342 4687 24931452 1
5342 4687 24931462 1
5368 4664 24931472 1
5374 4664 24931482 1
5382 4664 24931492 1
5382 4664 24931502 1
5388 4664 24931512 1
5388 4664 24931522 1
5388 4669 24931532 1
5388 4669 24931542 1
5394 4674 24931552 1
5394 4683 24931562 1
5399 4693 24931572 1
5399 4705 24931582 1
5399 4718 24931592 1
5399 4734 24931602 1
5386 4755 24931612 1
5373 4779 24931622 1
5356 4803 24931632 1
5332 4826 24931642 1
5303 4844 24931652 1
5269 4857 24931662 1
5227 4857 24931672 1
5180 4857 24931682 1
5137 4829 24931692 1
5096 4789 24931702 1
5060 4725 24931712 1
5036 4656 24931722 1
5022 4579 24931732 1
5027 4497 24931742 1
5043 4415 24931752 1
5071 4342 24931762 1
5102 4274 24931772 1
5140 4244 24931782 1
5183 4239 24931792 1
5234 4250 24931802 1
5282 4299 24931812 1
5328 4369 24931822 1
5371 4453 24931832 1
5409 4549 24931842 1
5444 4669 24931852 1
5476 4805 24931862 1
5502 4955 24931872 1
5523 5105 24931882 1
5540 5255 24931892 1
5550 5408 24931902 1
5556 5523 24931912 1
5556 5614 24931922 1
5546 5668 24931932 1
5535 5701 24931942 1
5525 5720 24931952 1
5515 5720 24931962 1
5508 5720 24931972 1
5502 5688 24931982 1
5502 5631 24931992 1
5502 5539 24932002 1
5510 5420 24932012 1
5528 5282 24932022 1
5552 5132 24932032 1
5582 4967 24932042 1
5614 4791 24932052 1
5651 4646 24932062 1
5690 4525 24932072 1
5730 4421 24932073 1
5763 4318 24932083 1
5793 4237 24932093 1
5822 4171 24932103 1
5841 4134 24932113 1
5852 4118 24932123 1
5857 4118 24932133 1
5862 4147 24932143 1
6392 4908 24932474 0
6392 4908 24932484 1
6392 4908 24932494 1
6421 4904 24932504 1
6428 4898 24932514 1
6437 4891 24932524 1
6446 4882 24932534 1
6456 4867 24932544 1
6466 4847 24932554 1
6477 4822 24932564 1
6488 4794 24932574 1
6501 4764 24932584 1
6513 4734 24932594 1
6528 4690 24932604 1
6543 4636 24932614 1
6558 4572 24932624 1
6572 4506 24932634 1
6582 4437 24932644 1
6589 4367 24932654 1
6598 4296 24932664 1
6605 4242 24932674 1
6611 4199 24932684 1
6616 4174 24932694 1
6616 4164 24932704 1
6616 4164 24932714 1
6621 4164 24932724 1
6621 4188 24932734 1
6621 4223 24932744 1
6630 4276 24932754 1
6637 4350 24932764 1
6649 4438 24932774 1
6668 4510 24932784 1
6695 4567 24932794 1
6728 4615 24932804 1
6767 4648 24932814 1
6815 4679 24932824 1
6868 4703 24932834 1
6911 4721 24932844 1
6949 4731 24932854 1
6979 4736 24932864 1
7001 4736 24932874 1
7017 4736 24932884 1
7025 4736 24932894 1
7025 4736 24932904 1
7779 4728 24933235 0
7811 4737 24933245 1
7806 4744 24933255 1
7806 4744 24933265 1
7806 4744 24933275 1
7806 4737 24933285 1
7806 4728 24933295 1
7795 4711 24933305 1
7785 4687 24933315 1
7778 4655 24933325 1
7772 4611 24933335 1
7772 4560 24933345 1
7772 4503 24933355 1
7772 4442 24933365 1
7781 4373 24933375 1
7788 4302 24933385 1
7798 4234 24933395 1
7821 4188 24933405 1
7853 4154 24933415 1
7890 4145 24933425 1
7930 4155 24933435 1
7974 4179 24933445 1
8019 4223 24933455 1
8064 4280 24933465 1
8100 4345 24933475 1
8130 4413 24933485 1
8159 4489 24933495 1
8177 4571 24933505 1
8188 4646 24933515 1
8193 4717 24933525 1
8193 4763 24933535 1
8193 4794 24933545 1
8185 4809 24933555 1
8175 4823 24933565 1
8166 4832 24933575 1
8166 4842 24933585 1
8160 4852 24933595 1
8160 4860 24933605 1
8154 4865 24933615 1
8154 4865 24933625 1
8154 4870 24933635 1
8154 4870 24933645 1
8154 4870 24933655 1
8161 4870 24933665 1
8168 4858 24933675 1
8179 4841 24933685 1
8193 4806 24933695 1
8202 4759 24933705 1
8209 4697 24933715 1
8209 4617 24933725 1
8219 4524 24933735 1
8233 4429 24933745 1
8256 4338 24933755 1
8285 4268 24933765 1
8315 4211 24933775 1
8336 4176 24933785 1
8352 4167 24933795 1
8369 4176 24933805 1
8386 4203 24933815 1
8405 4244 24933825 1
9014 4851 24934086 0
9014 4851 24934096 1
9014 4851 24934106 1
9014 4851 24934116 1
9014 4851 24934126 1
9014 4851 24934136 1
9014 4851 24934146 1
9034 4817 24934156 1
9043 4792 24934166 1
9048 4759 24934176 1
9048 4720 24934186 1
9058 4673 24934196 1
9063 4616 24934206 1
9063 4555 24934216 1
9068 4489 24934226 1
9068 4419 24934236 1
9068 4350 24934246 1
9068 4283 24934256 1
9068 4231 24934266 1
9068 4196 24934276 1
9068 4172 24934286 1
9068 4172 24934296 1
9068 4185 24934306 1
9068 4206 24934316 1
9073 4252 24934326 1
9079 4317 24934336 1
9091 4395 24934346 1
9110 4475 24934356 1
9135 4537 24934366 1
9166 4588 24934376 1
9199 4626 24934386 1
9235 4661 24934396 1
9273 4690 24934406 1
9311 4715 24934416 1
9350 4731 24934426 1
9392 4736 24934436 1
9424 4730 24934446 1
9448 4708 24934456 1
9469 4677 24934466 1
9484 4636 24934476 1
9496 4590 24934486 1
9504 4537 24934496 1
9513 4480 24934506 1
9520 4419 24934516 1
9525 4357 24934526 1
9535 4302 24934536 1
9545 4251 24934546 1
9557 4208 24934556 1
9575 4177 24934566 1
9597 4155 24934576 1
9621 4155 24934586 1
9645 4165 24934596 1
9669 4190 24934606 1
9695 4207 24934616 1
9712 4221 24934626 1
9721 4231 24934636 1
