265
2658 6176 85505540 0
2658 6176 85505550 1
2658 6176 85505560 1
2658 6176 85505570 1
2658 6176 85505580 1
2649 6212 85505590 1
2639 6249 85505600 1
2609 6292 85505610 1
2565 6327 85505620 1
2501 6361 85505630 1
2420 6392 85505640 1
2328 6417 85505650 1
2229 6433 85505660 1
2115 6438 85505670 1
1991 6414 85505680 1
1875 6371 85505690 1
1770 6303 85505700 1
1673 6195 85505710 1
1548 6060 85505720 1
1453 5891 85505730 1
1378 5736 85505740 1
1361 5591 85505750 1
1385 5423 85505760 1
1435 5243 85505770 1
1515 5055 85505780 1
1617 4877 85505790 1
1734 4745 85505800 1
1857 4645 85505810 1
1985 4588 85505820 1
2125 4567 85505830 1
2257 4567 85505840 1
2383 4593 85505850 1
2518 4656 85505860 1
2644 4744 85505870 1
2765 4883 85505880 1
2852 5019 85505890 1
2914 5137 85505900 1
2960 5244 85505910 1
2979 5318 85505920 1
2979 5389 85505930 1
2961 5433 85505940 1
2923 5461 85505950 1
2876 5483 85505960 1
2822 5491 85505961 1
2780 5491 85505971 1
2750 5485 85505981 1
2729 5485 85505991 1
2714 5479 85506001 1
2703 5479 85506011 1
2697 5479 85506021 1
2689 5479 85506031 1
2679 5472 85506041 1
2672 5472 85506051 1
2672 5467 85506061 1
2672 5467 85506071 1
2686 5462 85506081 1
2725 5447 85506091 1
2780 5434 85506101 1
2844 5428 85506111 1
2912 5428 85506121 1
2982 5428 85506131 1
3051 5420 85506141 1
3121 5415 85506151 1
3175 5410 85506161 1
3217 5410 85506171 1
3227 5410 85506181 1
3227 5410 85506191 1
3227 5410 85506201 1
3227 5410 85506211 1
3227 5410 85506221 1
3227 5405 85506231 1
3219 5350 85506241 1
3209 5261 85506251 1
3203 5134 85506261 1
3198 4986 85506271 1
3193 4825 85506281 1
3193 4683 85506291 1
3201 4570 85506301 1
3212 4476 85506311 1
3235 4395 85506321 1
4175 5146 85506571 0
4083 5244 85506581 1
4040 5293 85506591 1
4015 5321 85506601 1
4002 5336 85506611 1
4002 5336 85506621 1
4009 5319 85506631 1
4016 5296 85506641 1
4044 5205 85506651 1
4074 5080 85506661 1
4106 4932 85506671 1
4140 4780 85506681 1
4181 4649 85506691 1
4235 4573 85506701 1
4298 4528 85506711 1
4361 4518 85506721 1
4428 4550 85506731 1
4500 4610 85506741 1
4575 4713 85506751 1
4641 4845 85506761 1
4702 4997 85506771 1
4744 5119 85506781 1
4768 5208 85506791 1
4780 5276 85506801 1
4780 5291 85506811 1
4780 5291 85506821 1
4780 5291 85506831 1
4780 5285 85506841 1
4780 5237 85506851 1
4805 5162 85506861 1
4832 5058 85506871 1
4868 4951 85506881 1
4910 4840 85506891 1
4957 4726 85506901 1
5023 4654 85506911 1
5101 4614 85506921 1
6237 5103 85507042 0
6298 5187 85507052 1
6298 5224 85507062 1
6278 5260 85507072 1
6245 5290 85507082 1
6202 5316 85507092 1
6157 5334 85507102 1
6112 5334 85507112 1
6071 5321 85507122 1
6036 5299 85507132 1
6007 5246 85507142 1
5982 5173 85507152 1
5965 5084 85507162 1
5965 4995 85507172 1
5979 4905 85507182 1
6007 4839 85507192 1
6038 4788 85507202 1
6076 4775 85507212 1
6118 4793 85507222 1
6177 4833 85507232 1
6247 4935 85507242 1
6312 5056 85507252 1
6363 5189 85507262 1
6405 5342 85507272 1
6442 5501 85507282 1
6475 5664 85507292 1
6505 5822 85507302 1
6515 5944 85507312 1
6515 6042 85507322 1
6505 6074 85507332 1
6505 6083 85507342 1
6498 6077 85507352 1
6498 6072 85507362 1
6498 6019 85507372 1
6491 5934 85507382 1
6491 5801 85507392 1
6500 5666 85507402 1
6511 5529 85507412 1
6528 5358 85507422 1
6551 5211 85507432 1
6587 5079 85507442 1
6632 4968 85507452 1
6692 4876 85507462 1
6769 4797 85507472 1
7237 5337 85507733 0
7197 5387 85507743 1
7190 5403 85507753 1
7190 5403 85507763 1
7190 5398 85507773 1
7209 5379 85507783 1
7238 5324 85507793 1
7264 5244 85507803 1
7278 5150 85507813 1
7285 5066 85507823 1
7285 4990 85507833 1
7291 4942 85507843 1
7296 4916 85507853 1
7301 4906 85507863 1
7301 4906 85507873 1
7301 4906 85507883 1
7301 4958 85507893 1
7342 5040 85507903 1
7381 5120 85507913 1
7423 5197 85507923 1
7464 5267 85507933 1
7504 5327 85507943 1
7544 5377 85507953 1
7579 5403 85507963 1
7615 5414 85507973 1
7651 5409 85507983 1
7688 5390 85507993 1
7727 5362 85508003 1
7772 5336 85508013 1
7821 5313 85508023 1
7872 5293 85508033 1
7914 5279 85508043 1
7950 5279 85508053 1
8498 5225 85508314 0
8463 5326 85508324 1
8444 5348 85508334 1
8439 5353 85508344 1
8439 5348 85508354 1
8446 5329 85508364 1
8456 5271 85508374 1
8475 5186 85508384 1
8499 5109 85508394 1
8525 5036 85508404 1
8556 4967 85508414 1
8590 4914 85508424 1
8624 4885 85508434 1
8660 4872 85508444 1
8703 4878 85508454 1
8757 4921 85508464 1
8823 4988 85508474 1
8895 5073 85508484 1
8966 5168 85508494 1
9018 5271 85508504 1
9059 5354 85508514 1
9079 5400 85508524 1
9084 5422 85508534 1
9079 5422 85508544 1
9079 5416 85508554 1
9079 5416 85508564 1
9079 5364 85508574 1
9090 5296 85508584 1
9104 5214 85508594 1
9124 5148 85508604 1
9151 5087 85508614 1
9187 5029 85508624 1
9231 4977 85508634 1
10043 5339 85508825 0
10021 5365 85508835 1
10012 5391 85508845 1
10001 5402 85508855 1
10001 5410 85508865 1
10001 5410 85508875 1
10001 5397 85508885 1
10010 5379 85508895 1
10028 5310 85508905 1
10048 5237 85508915 1
10055 5156 85508925 1
10055 5072 85508935 1
10060 5000 85508945 1
10067 4937 85508955 1
10078 4904 85508965 1
10089 4890 85508975 1
10100 4890 85508985 1
10111 4906 85508995 1
10133 4963 85509005 1
10167 5048 85509015 1
10209 5144 85509025 1
10258 5245 85509035 1
10308 5349 85509045 1
10360 5430 85509055 1
10394 5470 85509065 1
10417 5484 85509075 1
10424 5484 85509085 1
10434 5455 85509095 1
10451 5416 85509105 1
10463 5353 85509115 1
10470 5287 85509125 1
10484 5218 85509135 1
10501 5150 85509145 1
10527 5092 85509155 1
10556 5040 85509165 1
10586 4988 85509175 1
10624 4941 85509185 1
10662 4898 85509195 1
10700 4870 85509205 1
