269
2037 2469 59435173 0
2065 2505 59435183 1
2056 2529 59435193 1
2046 2536 59435203 1
2030 2552 59435213 1
2009 2568 59435223 1
1980 2584 59435233 1
1945 2590 59435243 1
1906 2590 59435253 1
1860 2583 59435263 1
1808 2567 59435273 1
1752 2540 59435283 1
1687 2503 59435293 1
1609 2433 59435303 1
1521 2342 59435313 1
1441 2221 59435323 1
1366 2070 59435333 1
1299 1898 59435343 1
1258 1699 59435353 1
1234 1527 59435363 1
1246 1374 59435373 1
1279 1235 59435383 1
1327 1130 59435393 1
1405 1048 59435403 1
1505 995 59435413 1
1620 967 59435423 1
1744 956 59435433 1
1865 969 59435443 1
1979 995 59435453 1
2090 1030 59435463 1
2175 1070 59435473 1
2230 1115 59435483 1
2265 1163 59435493 1
2276 1229 59435503 1
2270 1309 59435513 1
2252 1399 59435523 1
2218 1479 59435533 1
2176 1536 59435543 1
2129 1579 59435553 1
2076 1600 59435563 1
2024 1606 59435573 1
1989 1601 59435583 1
1966 1601 59435593 1
1966 1601 59435603 1
1966 1593 59435613 1
1985 1587 59435623 1
2017 1575 59435633 1
2070 1563 59435643 1
2137 1553 59435653 1
2212 1541 59435663 1
2280 1531 59435673 1
2341 1525 59435683 1
2396 1520 59435693 1
2447 1526 59435703 1
2492 1539 59435713 1
2533 1558 59435723 1
2563 1574 59435733 1
2578 1586 59435743 1
2578 1586 59435753 1
2578 1586 59435763 1
2578 1586 59435773 1
2573 1573 59435783 1
2561 1525 59435793 1
2543 1455 59435803 1
2528 1375 59435813 1
2520 1290 59435823 1
2520 1197 59435833 1
2515 1106 59435843 1
2515 1044 59435853 1
2524 1000 59435863 1
2540 975 59435873 1
3336 1447 59436324 0
3383 1505 59436334 1
3383 1529 59436344 1
3383 1538 59436354 1
3375 1538 59436364 1
3368 1538 59436374 1
3359 1538 59436384 1
3348 1525 59436394 1
3348 1491 59436404 1
3343 1445 59436414 1
3350 1374 59436424 1
3367 1289 59436434 1
3391 1195 59436444 1
3425 1114 59436454 1
3464 1044 59436464 1
3503 982 59436474 1
3542 938 59436484 1
3580 915 59436494 1
3634 907 59436504 1
3705 924 59436514 1
3787 966 59436524 1
3858 1025 59436534 1
3915 1097 59436544 1
3963 1186 59436554 1
3987 1287 59436564 1
3996 1365 59436574 1
3996 1405 59436584 1
3991 1419 59436594 1
3991 1419 59436604 1
3986 1419 59436614 1
3986 1389 59436624 1
3992 1337 59436634 1
3997 1252 59436644 1
4004 1164 59436654 1
4013 1094 59436664 1
4027 1036 59436674 1
4050 979 59436685 1
4077 937 59436695 1
4134 905 59436705 1
5463 1257 59437105 0
5476 1216 59437115 1
5464 1256 59437125 1
5455 1261 59437135 1
5444 1273 59437145 1
5419 1291 59437155 1
5385 1313 59437165 1
5344 1335 59437175 1
5290 1359 59437185 1
5228 1385 59437195 1
5151 1397 59437205 1
5073 1389 59437215 1
4994 1369 59437225 1
4919 1326 59437235 1
4849 1266 59437245 1
4809 1194 59437255 1
4788 1112 59437265 1
4804 1033 59437275 1
4842 957 59437285 1
4894 895 59437295 1
4957 856 59437305 1
5040 833 59437315 1
5135 839 59437325 1
5238 873 59437335 1
5335 925 59437345 1
5414 998 59437355 1
5483 1096 59437365 1
5528 1210 59437375 1
5551 1361 59437385 1
5559 1511 59437395 1
5559 1630 59437405 1
5553 1730 59437415 1
5539 1793 59437425 1
5521 1834 59437435 1
5506 1860 59437445 1
5497 1874 59437455 1
5497 1874 59437465 1
5497 1874 59437475 1
5497 1861 59437485 1
5503 1810 59437495 1
5513 1734 59437505 1
5526 1623 59437516 1
5541 1515 59437526 1
5552 1409 59437536 1
5561 1293 59437546 1
5575 1174 59437556 1
5594 1079 59437566 1
5623 1000 59437576 1
5687 934 59437586 1
6606 1263 59437846 0
6606 1263 59437856 1
6575 1318 59437866 1
6565 1318 59437876 1
6571 1309 59437886 1
6581 1272 59437896 1
6599 1218 59437906 1
6621 1135 59437916 1
6644 1057 59437926 1
6661 982 59437936 1
6674 929 59437946 1
6680 893 59437956 1
6680 869 59437966 1
6680 863 59437976 1
6680 874 59437986 1
6680 896 59437996 1
6691 956 59438006 1
6703 1030 59438016 1
6715 1114 59438026 1
6731 1209 59438036 1
6760 1280 59438046 1
6798 1335 59438056 1
6837 1361 59438066 1
6876 1370 59438076 1
6919 1370 59438086 1
6981 1353 59438096 1
7053 1333 59438106 1
7969 1328 59438497 0
7969 1328 59438507 1
7969 1328 59438517 1
7925 1321 59438527 1
7920 1308 59438537 1
7920 1274 59438547 1
7920 1228 59438557 1
7928 1164 59438567 1
7940 1102 59438577 1
7960 1042 59438587 1
7983 983 59438597 1
8010 931 59438607 1
8041 883 59438617 1
8086 850 59438627 1
8140 828 59438637 1
8194 814 59438647 1
8247 814 59438657 1
8300 841 59438667 1
8347 876 59438677 1
8388 925 59438687 1
8424 990 59438697 1
8454 1066 59438707 1
8480 1145 59438717 1
8498 1221 59438727 1
8498 1266 59438737 1
8498 1290 59438747 1
8487 1290 59438757 1
8477 1290 59438767 1
8468 1268 59438777 1
8463 1228 59438787 1
8463 1163 59438797 1
8471 1103 59438807 1
8488 1046 59438817 1
8513 988 59438827 1
8543 934 59438837 1
8583 882 59438847 1
8649 843 59438857 1
8732 823 59438867 1
8846 816 59438877 1
9420 1331 59439068 0
9442 1376 59439078 1
9452 1402 59439088 1
9462 1414 59439098 1
9472 1423 59439108 1
9478 1423 59439128 1
9478 1423 59439138 1
9478 1423 59439148 1
9508 1369 59439158 1
9522 1323 59439168 1
9531 1260 59439178 1
9537 1192 59439188 1
9542 1120 59439198 1
9542 1050 59439208 1
9550 992 59439218 1
9564 942 59439228 1
9578 910 59439238 1
9591 895 59439248 1
9591 895 59439258 1
9602 895 59439268 1
9613 926 59439278 1
9631 969 59439288 1
9648 1027 59439298 1
9663 1108 59439308 1
9676 1205 59439318 1
9707 1315 59439328 1
9751 1389 59439338 1
9804 1439 59439348 1
9855 1468 59439358 1
9897 1480 59439368 1
9933 1480 59439378 1
9960 1465 59439388 1
9978 1420 59439398 1
9991 1356 59439408 1
9991 1263 59439409 1
9991 1164 59439419 1
9986 1075 59439429 1
9993 995 59439439 1
10005 932 59439449 1
10034 884 59439459 1
10074 847 59439469 1
10140 822 59439479 1
10236 809 59439489 1
10352 809 59439499 1
