242
3233 5116 22198032 0
3233 5116 22198042 1
3243 5145 22198052 1
3243 5202 22198062 1
3260 5255 22198072 1
3276 5321 22198082 1
3289 5396 22198092 1
3279 5455 22198102 1
3256 5497 22198112 1
3206 5528 22198122 1
3126 5543 22198132 1
3025 5552 22198142 1
2909 5528 22198152 1
2793 5485 22198162 1
2677 5382 22198172 1
2561 5235 22198182 1
2445 5059 22198192 1
2351 4867 22198202 1
2285 4672 22198212 1
2237 4474 22198222 1
2237 4294 22198232 1
2273 4138 22198242 1
2341 3999 22198252 1
2434 3889 22198262 1
2544 3812 22198272 1
2666 3757 22198282 1
2772 3739 22198292 1
2861 3761 22198302 1
2939 3811 22198312 1
3004 3905 22198322 1
3050 4008 22198332 1
3082 4117 22198342 1
3082 4204 22198352 1
3066 4286 22198362 1
3035 4359 22198372 1
3017 4404 22198382 1
3004 4432 22198392 1
3004 4447 22198402 1
3004 4459 22198412 1
3021 4465 22198422 1
3055 4478 22198432 1
3111 4494 22198442 1
3173 4510 22198452 1
3236 4526 22198462 1
3298 4541 22198472 1
3367 4556 22198482 1
3421 4572 22198492 1
3466 4572 22198502 1
3486 4572 22198512 1
3493 4572 22198522 1
3493 4572 22198532 1
3493 4572 22198542 1
3493 4572 22198552 1
3493 4572 22198562 1
3493 4565 22198572 1
3493 4554 22198582 1
3493 4522 22198592 1
3486 4478 22198602 1
3486 4406 22198612 1
3493 4317 22198622 1
3506 4216 22198632 1
4180 4414 22199264 0
4137 4507 22199274 1
4105 4524 22199284 1
4080 4519 22199294 1
4059 4481 22199304 1
4019 4377 22199314 1
3997 4229 22199324 1
3988 4122 22199334 1
3997 3987 22199344 1
4021 3834 22199354 1
4055 3717 22199364 1
4097 3673 22199374 1
4144 3673 22199384 1
4214 3728 22199394 1
4298 3844 22199404 1
4370 4003 22199414 1
4419 4130 22199424 1
4453 4225 22199434 1
4469 4299 22199444 1
4475 4316 22199454 1
4475 4292 22199464 1
4464 4241 22199474 1
4458 4152 22199484 1
4458 4060 22199494 1
4463 3960 22199504 1
4488 3858 22199514 1
4524 3763 22199524 1
4592 3734 22199534 1
5738 4289 22199975 0
5627 4320 22199985 1
5511 4311 22199995 1
5449 4277 22200005 1
5390 4226 22200015 1
5337 4144 22200025 1
5303 4055 22200035 1
5280 3955 22200045 1
5280 3867 22200055 1
5300 3787 22200065 1
5339 3747 22200075 1
5386 3733 22200085 1
5438 3733 22200095 1
5498 3783 22200105 1
5564 3877 22200115 1
5636 4003 22200125 1
5708 4155 22200135 1
5779 4331 22200145 1
5845 4524 22200155 1
5886 4704 22200165 1
5910 4884 22200175 1
5910 5031 22200185 1
5910 5157 22200195 1
5904 5226 22200205 1
5904 5244 22200215 1
5904 5244 22200225 1
5892 5187 22200235 1
5874 5089 22200245 1
5838 4953 22200255 1
5797 4781 22200265 1
5752 4606 22200275 1
5723 4423 22200285 1
5714 4227 22200295 1
5719 4023 22200305 1
5761 3850 22200315 1
5817 3726 22200325 1
5883 3634 22200335 1
5934 3584 22200345 1
5987 3562 22200355 1
6041 3562 22200365 1
6116 3589 22200375 1
6207 3667 22200385 1
6823 4142 22200906 0
6825 4234 22200916 1
6803 4253 22200926 1
6803 4261 22200936 1
6803 4261 22200946 1
6803 4261 22200956 1
6803 4229 22200966 1
6803 4179 22200976 1
6796 4081 22200986 1
6779 3978 22200996 1
6761 3884 22201006 1
6745 3798 22201016 1
6730 3744 22201026 1
6730 3723 22201036 1
6730 3723 22201046 1
6730 3733 22201056 1
6730 3786 22201066 1
6752 3869 22201076 1
6781 3949 22201086 1
6836 4041 22201096 1
6898 4140 22201106 1
6971 4240 22201116 1
7048 4334 22201126 1
7124 4425 22201136 1
7193 4480 22201146 1
7257 4509 22201156 1
7325 4521 22201166 1
7393 4516 22201176 1
7457 4506 22201186 1
8016 4302 22201617 0
8035 4366 22201627 1
8027 4386 22201637 1
8020 4402 22201647 1
8013 4410 22201657 1
8008 4410 22201667 1
8003 4415 22201677 1
8003 4409 22201697 1
7994 4357 22201707 1
7986 4274 22201717 1
7981 4146 22201727 1
7981 4000 22201737 1
7981 3841 22201747 1
7995 3702 22201757 1
8024 3633 22201767 1
8064 3611 22201777 1
8117 3611 22201787 1
8186 3658 22201797 1
8266 3735 22201807 1
8340 3844 22201817 1
8401 3955 22201827 1
8454 4068 22201837 1
8489 4130 22201847 1
8505 4196 22201857 1
8505 4266 22201867 1
8505 4266 22201877 1
8505 4230 22201887 1
8489 4176 22201897 1
8478 4094 22201907 1
8465 4010 22201917 1
8451 3897 22201927 1
8451 3765 22201937 1
8485 3650 22201947 1
8533 3590 22201957 1
9322 4190 22202378 0
9285 4251 22202388 1
9268 4275 22202398 1
9263 4275 22202408 1
9263 4275 22202418 1
9263 4280 22202428 1
9252 4280 22202438 1
9236 4280 22202448 1
9226 4287 22202458 1
9220 4287 22202468 1
9239 4306 22202478 1
9273 4348 22202488 1
9350 4409 22202498 1
9429 4464 22202508 1
9511 4515 22202518 1
9592 4558 22202528 1
9673 4558 22202538 1
9730 4524 22202548 1
9773 4457 22202558 1
9788 4364 22202568 1
9777 4253 22202578 1
9748 4127 22202588 1
9710 3997 22202598 1
9663 3836 22202608 1
9611 3656 22202618 1
9564 3528 22202628 1
9544 3451 22202638 1
9544 3408 22202648 1
9550 3415 22202658 1
9577 3480 22202668 1
9617 3585 22202678 1
9678 3733 22202688 1
9743 3892 22202698 1
9817 4058 22202708 1
9900 4192 22202718 1
9989 4291 22202728 1
10044 4367 22202738 1
10077 4392 22202748 1
10094 4378 22202758 1
10110 4339 22202768 1
10127 4235 22202778 1
10135 4092 22202788 1
10135 3923 22202798 1
10140 3748 22202808 1
10150 3638 22202818 1
10194 3572 22202828 1
10259 3577 22202838 1
10365 3621 22202848 1
