260
1672 1797 59477544 0
1744 1832 59477554 1
1737 1881 59477564 1
1731 1909 59477574 1
1726 1942 59477584 1
1718 1978 59477594 1
1701 2002 59477604 1
1679 2022 59477614 1
1649 2034 59477624 1
1606 2041 59477634 1
1553 2041 59477644 1
1487 2031 59477654 1
1417 2008 59477664 1
1343 1976 59477674 1
1270 1934 59477684 1
1195 1873 59477694 1
1119 1800 59477704 1
1049 1694 59477714 1
999 1564 59477724 1
961 1419 59477734 1
940 1244 59477744 1
940 1069 59477754 1
951 931 59477764 1
1002 817 59477774 1
1086 726 59477784 1
1192 669 59477794 1
1318 635 59477804 1
1444 635 59477814 1
1572 650 59477824 1
1683 685 59477834 1
1784 728 59477844 1
1851 778 59477854 1
1883 832 59477864 1
1891 886 59477874 1
1872 942 59477884 1
1843 1000 59477894 1
1807 1040 59477894 1
1783 1069 59477904 1
1763 1084 59477914 1
1751 1094 59477924 1
1746 1094 59477934 1
1746 1094 59477944 1
1746 1094 59477954 1
1752 1094 59477964 1
1758 1094 59477974 1
1784 1094 59477984 1
1831 1101 59477994 1
1893 1101 59478004 1
1965 1101 59478014 1
2039 1096 59478024 1
2115 1088 59478034 1
2172 1078 59478044 1
2217 1069 59478054 1
2244 1057 59478064 1
2257 1045 59478074 1
2257 1030 59478084 1
2257 1008 59478094 1
2257 976 59478104 1
2244 929 59478114 1
2226 873 59478124 1
2210 826 59478134 1
2199 787 59478144 1
2194 754 59478154 1
2194 729 59478164 1
2194 708 59478174 1
2200 690 59478184 1
3061 1092 59478555 0
3124 1116 59478565 1
3129 1116 59478575 1
3121 1116 59478585 1
3121 1105 59478595 1
3108 1092 59478605 1
3093 1041 59478615 1
3082 985 59478625 1
3088 910 59478635 1
3105 825 59478645 1
3133 743 59478655 1
3173 673 59478665 1
3221 612 59478675 1
3275 573 59478685 1
3334 560 59478695 1
3404 560 59478705 1
3478 594 59478715 1
3552 638 59478725 1
3617 692 59478735 1
3675 754 59478745 1
3709 826 59478755 1
3723 905 59478765 1
3723 978 59478775 1
3723 1024 59478785 1
3723 1053 59478795 1
3723 1053 59478805 1
3714 1053 59478815 1
3714 1041 59478825 1
3714 985 59478835 1
3724 901 59478845 1
3738 832 59478855 1
3761 769 59478865 1
3792 710 59478875 1
3829 664 59478885 1
3884 631 59478895 1
3952 607 59478905 1
5126 968 59479226 0
5126 968 59479236 1
5126 968 59479246 1
5107 1003 59479256 1
5087 1021 59479266 1
5068 1048 59479276 1
5049 1080 59479286 1
5028 1104 59479296 1
5004 1114 59479306 1
4978 1114 59479316 1
4941 1099 59479326 1
4892 1061 59479336 1
4834 1010 59479346 1
4788 950 59479356 1
4758 890 59479366 1
4739 828 59479376 1
4739 776 59479386 1
4763 729 59479396 1
4796 693 59479406 1
4841 675 59479416 1
4889 669 59479426 1
4947 684 59479436 1
5008 717 59479446 1
5068 761 59479456 1
5121 826 59479466 1
5170 904 59479476 1
5208 992 59479486 1
5242 1158 59479496 1
5272 1348 59479506 1
5305 1555 59479516 1
5335 1703 59479526 1
5344 1784 59479536 1
5344 1821 59479546 1
5338 1821 59479556 1
5338 1821 59479566 1
5326 1741 59479576 1
5313 1609 59479586 1
5313 1455 59479596 1
5323 1295 59479606 1
5335 1149 59479616 1
5348 1014 59479626 1
5362 913 59479636 1
5382 824 59479646 1
5404 743 59479656 1
5434 669 59479666 1
5471 613 59479676 1
6536 1037 59480157 0
6491 1077 59480167 1
6473 1082 59480177 1
6462 1082 59480187 1
6462 1069 59480197 1
6462 1045 59480207 1
6473 989 59480217 1
6492 912 59480227 1
6515 830 59480237 1
6541 748 59480247 1
6561 681 59480257 1
6578 624 59480267 1
6588 594 59480277 1
6588 583 59480287 1
6588 583 59480297 1
6593 596 59480298 1
6593 637 59480308 1
6602 698 59480318 1
6608 767 59480328 1
6615 839 59480338 1
6625 913 59480348 1
6640 971 59480358 1
6657 1023 59480368 1
6676 1054 59480378 1
6694 1072 59480388 1
6714 1079 59480398 1
6736 1079 59480408 1
6785 1079 59480418 1
6857 1051 59480428 1
6945 1016 59480438 1
7038 983 59480448 1
7818 971 59480658 0
7818 971 59480668 1
7831 1033 59480678 1
7831 1049 59480688 1
7849 1044 59480698 1
7863 1044 59480708 1
7874 1034 59480718 1
7882 1022 59480728 1
7882 988 59480738 1
7882 940 59480748 1
7874 881 59480758 1
7866 822 59480768 1
7860 761 59480778 1
7873 708 59480788 1
7892 661 59480798 1
7925 621 59480808 1
7965 593 59480818 1
8013 574 59480828 1
8062 574 59480838 1
8113 586 59480848 1
8159 613 59480858 1
8202 650 59480868 1
8234 698 59480878 1
8260 753 59480888 1
8282 822 59480898 1
8298 889 59480908 1
8312 955 59480918 1
8324 986 59480928 1
8324 995 59480938 1
8324 989 59480948 1
8324 983 59480958 1
8324 942 59480968 1
8316 877 59480978 1
8311 817 59480988 1
8332 759 59480998 1
8370 703 59481008 1
8420 650 59481018 1
8480 608 59481028 1
8544 574 59481038 1
8615 554 59481048 1
9136 943 59481199 0
9136 943 59481209 1
9155 989 59481219 1
9169 1039 59481229 1
9187 1057 59481239 1
9214 1070 59481249 1
9227 1070 59481259 1
9227 1064 59481269 1
9243 1033 59481279 1
9252 988 59481289 1
9259 918 59481299 1
9259 847 59481309 1
9259 773 59481319 1
9259 701 59481329 1
9265 628 59481339 1
9271 573 59481349 1
9271 529 59481359 1
9271 509 59481369 1
9271 504 59481379 1
9271 509 59481389 1
9278 525 59481399 1
9287 570 59481409 1
9302 635 59481419 1
9318 712 59481429 1
9337 793 59481439 1
9364 877 59481449 1
9400 938 59481459 1
9440 971 59481469 1
9479 986 59481479 1
9507 986 59481489 1
9527 963 59481499 1
9536 927 59481509 1
9536 868 59481519 1
9527 805 59481529 1
9514 741 59481539 1
9525 679 59481549 1
9551 618 59481559 1
9627 573 59481569 1
9737 540 59481579 1
9870 522 59481589 1
10014 516 59481599 1
