257
2843 4490 22143994 0
2864 4581 22144004 1
2838 4645 22144014 1
2810 4700 22144024 1
2787 4763 22144034 1
2746 4829 22144044 1
2693 4897 22144054 1
2596 4935 22144064 1
2484 4948 22144074 1
2362 4948 22144084 1
2248 4906 22144094 1
2132 4825 22144104 1
2013 4715 22144114 1
1891 4583 22144124 1
1791 4408 22144134 1
1706 4205 22144144 1
1632 3975 22144154 1
1599 3748 22144164 1
1604 3524 22144174 1
1635 3344 22144184 1
1695 3193 22144194 1
1788 3061 22144204 1
1904 2981 22144214 1
2058 2930 22144224 1
2212 2899 22144234 1
2362 2899 22144244 1
2487 2918 22144254 1
2598 2952 22144264 1
2687 3013 22144274 1
2742 3099 22144284 1
2775 3203 22144294 1
2796 3313 22144304 1
2796 3432 22144314 1
2781 3558 22144324 1
2746 3679 22144334 1
2714 3794 22144344 1
2690 3848 22144354 1
2680 3865 22144364 1
2680 3865 22144374 1
2680 3871 22144384 1
2680 3871 22144394 1
2680 3871 22144404 1
2709 3876 22144414 1
2749 3887 22144424 1
2806 3895 22144434 1
2869 3902 22144444 1
2943 3902 22144454 1
3024 3912 22144464 1
3108 3912 22144474 1
3180 3924 22144484 1
3244 3935 22144494 1
3280 3945 22144504 1
3300 3952 22144514 1
3308 3952 22144524 1
3308 3952 22144534 1
3308 3952 22144544 1
3308 3945 22144554 1
3302 3931 22144564 1
3295 3889 22144574 1
3280 3831 22144584 1
3264 3748 22144594 1
3246 3671 22144604 1
3239 3599 22144614 1
3239 3538 22144624 1
3244 3477 22144634 1
3255 3429 22144644 1
3268 3390 22144654 1
3285 3356 22144664 1
3308 3318 22144674 1
3341 3284 22144684 1
3396 3254 22144694 1
3465 3254 22144704 1
3559 3283 22144714 1
4401 3752 22145426 0
4401 3752 22145436 1
4359 3771 22145446 1
4310 3744 22145456 1
4286 3668 22145466 1
4278 3564 22145476 1
4270 3447 22145486 1
4270 3303 22145496 1
4290 3142 22145506 1
4331 3028 22145516 1
4392 2970 22145526 1
4457 2949 22145536 1
4541 2987 22145546 1
4635 3076 22145556 1
4734 3199 22145566 1
4817 3337 22145576 1
4889 3472 22145586 1
4942 3576 22145596 1
4970 3660 22145606 1
4982 3687 22145616 1
4982 3687 22145626 1
4973 3663 22145636 1
4959 3603 22145646 1
4937 3514 22145656 1
4921 3406 22145666 1
4908 3267 22145676 1
4933 3122 22145686 1
4963 2974 22145696 1
5006 2872 22145706 1
5067 2826 22145716 1
5139 2817 22145726 1
5233 2865 22145736 1
6093 3491 22146237 0
6099 3544 22146247 1
6029 3574 22146257 1
5963 3569 22146267 1
5908 3542 22146277 1
5860 3495 22146287 1
5809 3424 22146297 1
5757 3337 22146307 1
5729 3225 22146317 1
5717 3113 22146327 1
5734 3025 22146337 1
5774 2954 22146347 1
5830 2924 22146357 1
5894 2924 22146367 1
5962 2954 22146377 1
6039 3029 22146387 1
6123 3162 22146397 1
6213 3335 22146407 1
6306 3517 22146417 1
6389 3726 22146427 1
6466 3952 22146437 1
6503 4164 22146447 1
6512 4420 22146457 1
6501 4635 22146467 1
6495 4808 22146477 1
6490 4914 22146487 1
6490 4955 22146497 1
6490 4955 22146507 1
6490 4919 22146517 1
6475 4813 22146527 1
6455 4659 22146537 1
6420 4482 22146547 1
6385 4290 22146557 1
6349 4088 22146567 1
6336 3890 22146577 1
6329 3686 22146587 1
6329 3479 22146597 1
6357 3260 22146607 1
6394 3069 22146617 1
6442 2897 22146627 1
6494 2785 22146637 1
6556 2710 22146647 1
6643 2659 22146657 1
6747 2637 22146667 1
6870 2667 22146677 1
7247 3141 22147008 0
7253 3253 22147018 1
7223 3311 22147028 1
7215 3389 22147038 1
7215 3382 22147048 1
7221 3342 22147058 1
7215 3280 22147068 1
7203 3177 22147078 1
7198 3048 22147088 1
7198 2902 22147098 1
7198 2765 22147108 1
7206 2683 22147118 1
7213 2638 22147129 1
7213 2638 22147139 1
7213 2638 22147149 1
7253 2715 22147159 1
7294 2821 22147169 1
7349 2937 22147179 1
7418 3059 22147189 1
7502 3188 22147199 1
7597 3318 22147209 1
7698 3448 22147219 1
7804 3545 22147229 1
7900 3607 22147239 1
7987 3646 22147249 1
8742 3441 22147579 0
8696 3511 22147589 1
8656 3539 22147599 1
8616 3562 22147609 1
8623 3504 22147619 1
8611 3395 22147629 1
8585 3251 22147639 1
8566 3107 22147649 1
8552 2979 22147659 1
8574 2863 22147669 1
8617 2778 22147679 1
8672 2736 22147689 1
8748 2724 22147699 1
8837 2776 22147709 1
8954 2878 22147719 1
9049 3014 22147729 1
9128 3148 22147739 1
9194 3275 22147749 1
9232 3369 22147759 1
9252 3444 22147769 1
9244 3451 22147779 1
9219 3416 22147789 1
9182 3354 22147799 1
9139 3236 22147800 1
9098 3114 22147810 1
9083 2968 22147820 1
9083 2807 22147830 1
9122 2654 22147840 1
9187 2576 22147850 1
9270 2548 22147860 1
9374 2560 22147870 1
10079 3000 22148250 0
10079 3000 22148260 1
10079 3000 22148270 1
10055 3026 22148280 1
10044 3037 22148290 1
10038 3061 22148300 1
10057 3093 22148310 1
10091 3145 22148320 1
10147 3212 22148330 1
10207 3289 22148340 1
10271 3362 22148350 1
10330 3405 22148360 1
10385 3428 22148370 1
10420 3411 22148380 1
10440 3358 22148390 1
10451 3281 22148400 1
10442 3166 22148410 1
10421 3024 22148420 1
10392 2863 22148430 1
10358 2685 22148440 1
10331 2561 22148450 1
10314 2473 22148460 1
10305 2411 22148470 1
10305 2389 22148480 1
10305 2395 22148490 1
10305 2434 22148500 1
10326 2528 22148510 1
10370 2659 22148520 1
10430 2829 22148530 1
10491 2965 22148540 1
10553 3079 22148550 1
10617 3163 22148560 1
10677 3219 22148570 1
10736 3256 22148580 1
10782 3275 22148590 1
10822 3275 22148600 1
10859 3256 22148610 1
10877 3213 22148620 1
10883 3138 22148631 1
10883 3041 22148641 1
10865 2928 22148651 1
10854 2810 22148661 1
10854 2684 22148671 1
10873 2555 22148681 1
10905 2426 22148691 1
10959 2297 22148701 1
11028 2214 22148711 1
11108 2162 22148721 1
11218 2201 22148731 1
11358 2308 22148741 1
11518 2460 22148751 1
