259
1797 2099 59466758 0
1800 2191 59466768 1
1781 2239 59466778 1
1759 2266 59466788 1
1724 2280 59466798 1
1680 2296 59466808 1
1600 2286 59466818 1
1516 2259 59466828 1
1429 2218 59466838 1
1346 2159 59466848 1
1258 2087 59466858 1
1166 1993 59466868 1
1081 1865 59466878 1
1000 1715 59466888 1
939 1540 59466898 1
888 1363 59466908 1
859 1186 59466918 1
867 1033 59466928 1
900 914 59466938 1
967 817 59466948 1
1066 748 59466958 1
1187 713 59466968 1
1320 700 59466978 1
1453 710 59466988 1
1585 736 59466998 1
1691 773 59467008 1
1780 822 59467018 1
1842 881 59467028 1
1879 946 59467038 1
1900 1021 59467048 1
1888 1112 59467058 1
1855 1215 59467068 1
1809 1296 59467078 1
1759 1350 59467088 1
1712 1386 59467098 1
1671 1405 59467108 1
1649 1413 59467118 1
1638 1413 59467129 1
1638 1413 59467139 1
1638 1413 59467149 1
1686 1399 59467159 1
1742 1388 59467169 1
1823 1377 59467179 1
1901 1365 59467189 1
1977 1355 59467199 1
2050 1346 59467209 1
2116 1340 59467219 1
2178 1340 59467229 1
2224 1340 59467239 1
2249 1340 59467249 1
2261 1334 59467259 1
2255 1334 59467269 1
2235 1303 59467279 1
2206 1259 59467289 1
2168 1204 59467299 1
2136 1152 59467309 1
2113 1102 59467319 1
2098 1053 59467329 1
2091 1008 59467339 1
2091 965 59467349 1
2091 922 59467359 1
2105 878 59467369 1
3152 1305 59467820 0
3185 1286 59467830 1
3185 1322 59467840 1
3180 1328 59467850 1
3175 1328 59467860 1
3175 1323 59467870 1
3169 1309 59467880 1
3158 1249 59467890 1
3143 1161 59467900 1
3149 1068 59467910 1
3172 983 59467920 1
3207 904 59467930 1
3246 844 59467940 1
3288 797 59467950 1
3339 760 59467960 1
3397 749 59467970 1
3462 763 59467980 1
3527 795 59467990 1
3592 842 59468000 1
3645 895 59468010 1
3691 951 59468020 1
3711 1022 59468030 1
3711 1102 59468040 1
3703 1188 59468050 1
3693 1249 59468060 1
3682 1275 59468070 1
3671 1275 59468080 1
3671 1275 59468090 1
3671 1229 59468100 1
3671 1149 59468110 1
3678 1063 59468120 1
3705 991 59468130 1
3745 928 59468140 1
3786 866 59468150 1
3829 817 59468160 1
3879 777 59468170 1
3947 749 59468180 1
5019 1068 59468521 0
5044 1061 59468531 1
5051 1061 59468541 1
5051 1061 59468551 1
5059 1071 59468561 1
5064 1085 59468571 1
5064 1105 59468581 1
5064 1130 59468591 1
5051 1164 59468601 1
5024 1203 59468611 1
4986 1244 59468621 1
4942 1284 59468631 1
4892 1305 59468641 1
4837 1313 59468651 1
4772 1297 59468661 1
4708 1262 59468671 1
4662 1215 59468681 1
4629 1144 59468691 1
4623 1067 59468701 1
4650 980 59468711 1
4700 889 59468721 1
4775 822 59468731 1
4856 781 59468741 1
4949 757 59468751 1
5046 757 59468761 1
5135 785 59468771 1
5218 828 59468781 1
5291 879 59468791 1
5345 950 59468801 1
5386 1035 59468811 1
5409 1148 59468821 1
5419 1295 59468831 1
5419 1466 59468841 1
5410 1596 59468851 1
5402 1692 59468861 1
5394 1765 59468871 1
5386 1795 59468881 1
5386 1804 59468891 1
5378 1799 59468901 1
5368 1758 59468911 1
5355 1662 59468921 1
5355 1529 59468931 1
5368 1401 59468941 1
5391 1272 59468951 1
5411 1141 59468961 1
5426 1047 59468971 1
5438 976 59468981 1
5464 915 59468991 1
5507 869 59469001 1
5560 833 59469011 1
6199 1195 59469282 0
6166 1183 59469292 1
6161 1237 59469302 1
6150 1237 59469312 1
6150 1237 59469322 1
6156 1224 59469332 1
6166 1188 59469342 1
6182 1137 59469352 1
6206 1063 59469362 1
6235 981 59469372 1
6265 894 59469382 1
6296 822 59469392 1
6318 769 59469402 1
6333 729 59469412 1
6343 706 59469422 1
6352 696 59469432 1
6352 696 59469432 1
6352 696 59469442 1
6363 750 59469452 1
6373 812 59469462 1
6383 881 59469472 1
6395 954 59469482 1
6415 1031 59469492 1
6446 1083 59469502 1
6492 1130 59469512 1
6547 1164 59469522 1
6610 1188 59469532 1
6674 1188 59469542 1
6744 1175 59469552 1
6826 1148 59469562 1
7456 1168 59469933 0
7464 1118 59469943 1
7464 1163 59469953 1
7458 1163 59469963 1
7458 1139 59469973 1
7443 1104 59469983 1
7426 1046 59469993 1
7411 983 59470003 1
7402 914 59470013 1
7402 845 59470023 1
7418 780 59470033 1
7443 717 59470043 1
7482 671 59470053 1
7524 640 59470063 1
7589 620 59470073 1
7668 620 59470083 1
7751 636 59470093 1
7831 666 59470103 1
7890 701 59470113 1
7937 747 59470123 1
7960 800 59470133 1
7971 866 59470143 1
7971 936 59470153 1
7971 1009 59470163 1
7971 1050 59470173 1
7971 1066 59470183 1
7971 1066 59470193 1
7966 1056 59470203 1
7966 1009 59470213 1
7966 937 59470223 1
7966 868 59470233 1
7976 802 59470243 1
8001 737 59470253 1
8035 676 59470263 1
8080 625 59470273 1
8148 582 59470283 1
8230 552 59470293 1
9150 1045 59470523 0
9169 1180 59470533 1
9183 1194 59470543 1
9196 1206 59470553 1
9204 1213 59470563 1
9204 1213 59470573 1
9204 1198 59470583 1
9212 1160 59470593 1
9218 1106 59470603 1
9224 1040 59470613 1
9231 973 59470623 1
9231 902 59470633 1
9224 832 59470643 1
9211 769 59470653 1
9196 709 59470663 1
9180 664 59470673 1
9171 638 59470683 1
9164 625 59470693 1
9164 625 59470703 1
9169 636 59470713 1
9182 655 59470723 1
9203 704 59470733 1
9228 763 59470743 1
9257 829 59470753 1
9292 898 59470763 1
9339 961 59470773 1
9394 1013 59470783 1
9458 1046 59470793 1
9518 1067 59470803 1
9574 1067 59470813 1
9620 1061 59470823 1
9654 1032 59470833 1
9680 990 59470843 1
9688 934 59470854 1
9677 874 59470864 1
9654 808 59470874 1
9642 738 59470884 1
9636 665 59470894 1
9650 605 59470904 1
9676 553 59470914 1
9728 513 59470924 1
9821 486 59470934 1
9940 469 59470944 1
