486
3534 5184 35093882 0
3642 5157 35093892 1
3635 5175 35093902 1
3624 5210 35093912 1
3613 5210 35093922 1
3603 5225 35093932 1
3593 5252 35093942 1
3586 5275 35093952 1
3586 5310 35093962 1
3586 5353 35093972 1
3581 5392 35093982 1
3568 5434 35093992 1
3546 5477 35094002 1
3524 5516 35094012 1
3501 5560 35094022 1
3437 5608 35094032 1
3389 5646 35094042 1
3352 5681 35094052 1
3309 5710 35094062 1
3255 5732 35094072 1
3194 5747 35094082 1
3123 5754 35094092 1
3051 5754 35094102 1
2977 5749 35094112 1
2909 5740 35094122 1
2841 5722 35094132 1
2768 5696 35094142 1
2692 5655 35094152 1
2608 5605 35094162 1
2526 5538 35094172 1
2452 5464 35094182 1
2384 5378 35094192 1
2321 5285 35094202 1
2271 5187 35094212 1
2230 5083 35094222 1
2193 4955 35094232 1
2159 4813 35094242 1
2130 4661 35094252 1
2108 4518 35094262 1
2093 4381 35094272 1
2093 4222 35094282 1
2113 4061 35094292 1
2134 3877 35094302 1
2160 3679 35094312 1
2197 3510 35094322 1
2249 3336 35094332 1
2310 3166 35094342 1
2386 3000 35094352 1
2468 2840 35094362 1
2574 2702 35094372 1
2693 2579 35094382 1
2798 2491 35094392 1
2899 2423 35094402 1
2998 2369 35094412 1
3099 2323 35094422 1
3202 2294 35094432 1
3295 2277 35094442 1
3380 2285 35094452 1
3461 2316 35094462 1
3543 2362 35094472 1
3619 2415 35094482 1
3690 2471 35094492 1
3749 2529 35094502 1
3793 2584 35094512 1
3826 2654 35094522 1
3862 2734 35094532 1
3893 2825 35094542 1
3921 2913 35094552 1
3939 2983 35094562 1
3947 3042 35094572 1
3947 3098 35094582 1
3939 3156 35094592 1
3922 3226 35094602 1
3898 3305 35094612 1
3868 3394 35094622 1
3833 3479 35094632 1
3795 3543 35094642 1
3753 3595 35094652 1
3696 3631 35094662 1
3629 3664 35094672 1
3557 3690 35094682 1
3482 3711 35094692 1
3406 3728 35094702 1
3334 3740 35094712 1
3266 3747 35094722 1
3223 3752 35094732 1
3195 3752 35094742 1
3190 3752 35094752 1
3190 3752 35094762 1
3190 3752 35094772 1
3190 3752 35094782 1
3190 3752 35094792 1
3190 3752 35094802 1
3190 3752 35094812 1
3190 3752 35094822 1
3190 3746 35094832 1
3200 3738 35094842 1
3223 3725 35094852 1
3256 3695 35094862 1
3305 3657 35094872 1
3358 3619 35094882 1
3418 3590 35094892 1
3479 3568 35094902 1
3542 3560 35094912 1
3610 3566 35094922 1
3684 3581 35094932 1
3761 3609 35094942 1
3824 3644 35094952 1
3875 3684 35094962 1
3916 3721 35094972 1
3948 3766 35094982 1
3974 3817 35094992 1
4001 3889 35095002 1
4029 3961 35095012 1
4048 4033 35095022 1
4062 4054 35095032 1
4067 4070 35095042 1
4067 4070 35095052 1
4067 4070 35095062 1
4067 4070 35095072 1
4067 4070 35095082 1
4067 4070 35095092 1
4067 4070 35095102 1
4067 4070 35095112 1
4083 4030 35095122 1
4107 3974 35095132 1
4133 3877 35095142 1
4159 3755 35095152 1
4186 3617 35095162 1
4226 3497 35095172 1
4274 3375 35095182 1
4331 3251 35095192 1
4386 3125 35095202 1
4440 3023 35095212 1
4485 2937 35095222 1
4526 2872 35095232 1
4563 2829 35095242 1
4585 2800 35095252 1
4598 2785 35095262 1
4605 2780 35095272 1
4605 2780 35095282 1
4605 2780 35095292 1
4605 2780 35095302 1
4605 2780 35095312 1
4605 2780 35095322 1
4605 2780 35095332 1
4600 2785 35095342 1
5040 3759 35096145 0
5014 3796 35096155 1
4996 3823 35096165 1
4984 3828 35096175 1
4984 3828 35096185 1
4984 3828 35096195 1
4984 3828 35096205 1
4995 3801 35096215 1
5010 3753 35096225 1
5028 3658 35096235 1
5048 3543 35096245 1
5072 3416 35096255 1
5101 3269 35096265 1
5139 3140 35096275 1
5185 3024 35096285 1
5237 2943 35096295 1
5293 2885 35096305 1
5349 2842 35096315 1
5393 2816 35096325 1
5430 2808 35096335 1
5459 2813 35096345 1
5486 2834 35096355 1
5511 2890 35096365 1
5538 2969 35096375 1
5553 3063 35096385 1
5561 3184 35096395 1
5561 3323 35096405 1
5561 3454 35096415 1
5555 3583 35096425 1
5549 3679 35096435 1
5544 3755 35096445 1
5544 3791 35096455 1
5544 3801 35096465 1
5544 3794 35096475 1
5544 3787 35096485 1
5549 3726 35096495 1
5564 3630 35096505 1
5585 3499 35096515 1
5611 3356 35096525 1
5644 3206 35096535 1
5682 3083 35096545 1
5727 2990 35096555 1
5779 2916 35096565 1
5835 2875 35096575 1
5887 2855 35096585 1
5923 2849 35096595 1
5950 2858 35096605 1
5957 2866 35096615 1
5957 2872 35096625 1
5957 2880 35096635 1
5957 2896 35096645 1
5944 2917 35096655 1
5930 2935 35096665 1
6892 3553 35097137 0
6903 3513 35097147 1
6903 3503 35097157 1
6903 3491 35097167 1
6903 3481 35097177 1
6903 3476 35097187 1
6908 3476 35097197 1
6908 3476 35097207 1
6908 3476 35097217 1
6908 3476 35097227 1
6916 3502 35097237 1
6927 3544 35097247 1
6927 3598 35097257 1
6914 3655 35097267 1
6896 3721 35097277 1
6866 3793 35097287 1
6829 3851 35097297 1
6787 3888 35097307 1
6744 3910 35097317 1
6699 3919 35097327 1
6655 3919 35097337 1
6613 3903 35097347 1
6571 3872 35097357 1
6537 3817 35097367 1
6507 3732 35097377 1
6484 3627 35097387 1
6468 3495 35097397 1
6457 3352 35097407 1
6457 3203 35097417 1
6475 3089 35097427 1
6510 3000 35097437 1
6567 2928 35097447 1
6628 2880 35097457 1
6699 2859 35097467 1
6771 2859 35097477 1
6842 2881 35097487 1
6894 2925 35097497 1
6934 2982 35097507 1
6964 3054 35097517 1
6988 3154 35097527 1
7008 3273 35097537 1
7022 3421 35097547 1
7032 3585 35097557 1
7039 3759 35097567 1
7045 3956 35097577 1
7054 4150 35097587 1
7068 4349 35097597 1
7086 4551 35097607 1
7104 4709 35097617 1
7124 4862 35097627 1
7137 4967 35097637 1
7144 5042 35097647 1
7150 5069 35097657 1
7150 5090 35097667 1
7150 5106 35097677 1
7150 5106 35097687 1
7150 5106 35097697 1
7140 5067 35097707 1
7130 5007 35097717 1
7113 4899 35097727 1
7090 4759 35097737 1
7062 4599 35097747 1
7034 4427 35097757 1
7012 4231 35097767 1
7002 4019 35097777 1
7002 3808 35097787 1
7011 3623 35097797 1
7029 3456 35097807 1
7051 3304 35097817 1
7075 3168 35097827 1
7102 3043 35097837 1
7132 2945 35097847 1
7166 2868 35097857 1
7212 2805 35097867 1
7265 2768 35097877 1
7301 2768 35097887 1
7339 2783 35097897 1
7383 2823 35097907 1
7430 2870 35097917 1
7469 2921 35097927 1
7503 2971 35097937 1
7540 3027 35097947 1
7578 3087 35097957 1
7606 3148 35097967 1
7626 3185 35097977 1
7626 3205 35097987 1
7626 3205 35097997 1
7626 3213 35098007 1
7613 3213 35098017 1
7599 3213 35098018 1
7599 3213 35098028 1
7704 3992 35098408 0
7751 4006 35098418 1
7718 4035 35098428 1
7705 4073 35098438 1
7705 4073 35098448 1
7705 4079 35098458 1
7711 4079 35098468 1
7721 4071 35098478 1
7752 4058 35098488 1
7795 4044 35098498 1
7844 4031 35098508 1
7895 4019 35098518 1
7934 4007 35098528 1
7965 3985 35098538 1
7998 3937 35098548 1
8029 3872 35098558 1
8056 3770 35098568 1
8080 3666 35098578 1
8098 3568 35098588 1
8107 3474 35098598 1
8107 3378 35098608 1
8107 3279 35098618 1
8102 3174 35098628 1
8094 3088 35098638 1
8094 3014 35098648 1
8094 2962 35098658 1
8099 2928 35098668 1
8104 2907 35098678 1
8104 2907 35098688 1
8104 2901 35098698 1
8104 2901 35098708 1
8104 2901 35098718 1
8104 2907 35098728 1
8099 2916 35098738 1
8091 2943 35098748 1
8081 2992 35098759 1
8072 3056 35098769 1
8072 3152 35098779 1
8072 3277 35098789 1
8077 3422 35098799 1
8090 3559 35098809 1
8109 3664 35098819 1
8130 3747 35098829 1
8155 3821 35098839 1
8183 3874 35098849 1
8212 3912 35098859 1
8242 3941 35098869 1
8261 3947 35098879 1
8274 3937 35098889 1
8297 3922 35098899 1
8320 3891 35098909 1
8340 3849 35098919 1
8358 3822 35098929 1
8374 3803 35098939 1
8386 3789 35098949 1
8394 3784 35098959 1
8404 3784 35098969 1
8416 3779 35098979 1
8444 3773 35098989 1
8480 3740 35098999 1
8525 3690 35099009 1
8569 3651 35099019 1
8613 3636 35099029 1
8655 3636 35099039 1
8702 3671 35099049 1
8754 3722 35099059 1
8786 3785 35099069 1
8805 3835 35099079 1
8812 3885 35099089 1
8812 3918 35099099 1
8801 3939 35099109 1
8790 3950 35099119 1
8769 3942 35099129 1
9285 3639 35099810 0
9285 3639 35099820 1
9270 3666 35099830 1
9270 3678 35099840 1
9270 3684 35099850 1
9270 3684 35099860 1
9270 3684 35099870 1
9270 3684 35099880 1
9264 3674 35099890 1
9256 3647 35099900 1
9244 3609 35099910 1
9238 3561 35099920 1
9232 3497 35099930 1
9232 3422 35099940 1
9225 3338 35099950 1
9225 3245 35099960 1
9225 3146 35099970 1
9233 3064 35099980 1
9248 3001 35099990 1
9268 2950 35100000 1
9291 2919 35100010 1
9308 2906 35100020 1
9322 2906 35100030 1
9335 2906 35100040 1
9351 2934 35100050 1
9376 2975 35100060 1
9406 3029 35100070 1
9438 3104 35100080 1
9470 3193 35100090 1
9507 3316 35100100 1
9534 3438 35100110 1
9555 3560 35100120 1
9570 3645 35100130 1
9577 3701 35100140 1
9577 3739 35100150 1
9577 3752 35100160 1
9577 3752 35100170 1
9577 3752 35100180 1
9577 3727 35100190 1
9567 3658 35100200 1
9562 3559 35100210 1
9562 3454 35100220 1
9571 3347 35100230 1
9581 3257 35100240 1
9602 3179 35100250 1
9631 3131 35100260 1
9671 3102 35100270 1
9716 3085 35100280 1
9757 3085 35100290 1
9793 3099 35100300 1
9823 3122 35100310 1
9840 3139 35100320 1
9847 3155 35100330 1
9847 3169 35100340 1
9837 3183 35100350 1
9820 3195 35100360 1
9796 3205 35100370 1
10208 3656 35101303 0
10215 3700 35101313 1
10203 3743 35101323 1
10193 3774 35101333 1
10193 3797 35101343 1
10193 3816 35101353 1
10193 3826 35101363 1
10223 3826 35101373 1
10266 3833 35101383 1
10335 3815 35101393 1
10407 3783 35101403 1
10484 3735 35101413 1
10545 3661 35101423 1
10596 3570 35101433 1
10614 3457 35101443 1
10607 3331 35101453 1
10582 3197 35101463 1
10557 3084 35101473 1
10540 2995 35101483 1
10527 2921 35101493 1
10512 2867 35101503 1
10500 2834 35101513 1
10495 2816 35101523 1
10495 2816 35101533 1
10495 2822 35101543 1
10495 2851 35101553 1
10516 2898 35101563 1
10538 2966 35101573 1
10564 3052 35101583 1
10589 3150 35101593 1
10617 3285 35101603 1
10648 3428 35101613 1
10683 3576 35101623 1
10724 3690 35101633 1
10767 3772 35101643 1
10806 3832 35101653 1
10843 3871 35101663 1
10878 3892 35101673 1
10910 3901 35101683 1
10939 3889 35101693 1
10971 3840 35101703 1
11001 3766 35101713 1
11020 3666 35101723 1
11031 3564 35101733 1
11038 3458 35101743 1
11046 3347 35101753 1
11068 3238 35101763 1
11098 3142 35101773 1
11112 3054 35101783 1
11128 2978 35101793 1
11147 2922 35101803 1
11166 2880 35101813 1
11183 2861 35101823 1
11205 2866 35101833 1
11231 2888 35101843 1
11279 2943 35101853 1
11340 3014 35101863 1
11397 3096 35101873 1
11456 3185 35101883 1
11517 3248 35101893 1
11550 3293 35101903 1
11570 3337 35101913 1
11580 3365 35101923 1
11580 3382 35101933 1
11569 3382 35101943 1
