267
3435 5303 22188708 0
3433 5406 22188718 1
3400 5462 22188728 1
3354 5515 22188738 1
3307 5559 22188748 1
3242 5595 22188758 1
3164 5611 22188768 1
3056 5616 22188778 1
2950 5588 22188788 1
2856 5521 22188798 1
2770 5429 22188808 1
2690 5292 22188818 1
2610 5118 22188828 1
2530 4920 22188838 1
2475 4669 22188848 1
2452 4441 22188858 1
2452 4228 22188868 1
2483 4048 22188878 1
2541 3899 22188888 1
2616 3772 22188898 1
2709 3683 22188908 1
2802 3651 22188918 1
2895 3656 22188928 1
3000 3700 22188938 1
3106 3789 22188948 1
3191 3909 22188958 1
3262 4033 22188968 1
3301 4154 22188978 1
3310 4274 22188988 1
3298 4373 22188998 1
3273 4468 22189008 1
3253 4535 22189018 1
3246 4584 22189028 1
3246 4617 22189038 1
3264 4650 22189048 1
3295 4679 22189058 1
3346 4709 22189068 1
3403 4735 22189078 1
3470 4760 22189088 1
3543 4783 22189098 1
3618 4805 22189108 1
3680 4820 22189118 1
3734 4829 22189128 1
3762 4829 22189138 1
3777 4822 22189148 1
3783 4806 22189158 1
3796 4771 22189168 1
3805 4726 22189178 1
3805 4673 22189188 1
3805 4619 22189198 1
3810 4533 22189208 1
3825 4426 22189218 1
3850 4269 22189228 1
3890 4109 22189238 1
4801 4630 22189740 0
4774 4621 22189750 1
4735 4638 22189760 1
4681 4624 22189770 1
4653 4590 22189780 1
4642 4529 22189790 1
4642 4408 22189800 1
4650 4248 22189810 1
4675 4088 22189820 1
4711 3951 22189830 1
4765 3829 22189840 1
4823 3769 22189850 1
4887 3769 22189860 1
4955 3820 22189870 1
5027 3923 22189880 1
5106 4050 22189890 1
5173 4193 22189900 1
5232 4314 22189910 1
5265 4412 22189920 1
5283 4495 22189930 1
5292 4532 22189940 1
5292 4540 22189950 1
5292 4528 22189960 1
5281 4501 22189970 1
5270 4436 22189980 1
5264 4345 22189990 1
5271 4201 22190000 1
5285 4057 22190010 1
5304 3914 22190020 1
5337 3816 22190030 1
5380 3747 22190040 1
5427 3718 22190050 1
5491 3730 22190060 1
6479 4381 22190551 0
6428 4398 22190561 1
6418 4461 22190571 1
6380 4471 22190581 1
6331 4477 22190591 1
6275 4451 22190601 1
6204 4405 22190611 1
6136 4323 22190621 1
6086 4222 22190631 1
6047 4108 22190641 1
6032 4005 22190651 1
6043 3914 22190661 1
6070 3832 22190671 1
6119 3786 22190681 1
6185 3786 22190691 1
6263 3813 22190701 1
6357 3913 22190711 1
6451 4060 22190721 1
6545 4239 22190731 1
6623 4433 22190741 1
6692 4613 22190751 1
6752 4783 22190761 1
6781 4954 22190771 1
6789 5091 22190781 1
6773 5205 22190791 1
6754 5354 22190801 1
6733 5410 22190811 1
6721 5404 22190821 1
6703 5362 22190831 1
6671 5243 22190841 1
6631 5074 22190851 1
6604 4881 22190861 1
6594 4671 22190871 1
6594 4450 22190881 1
6612 4190 22190891 1
6642 3957 22190901 1
6681 3742 22190911 1
6743 3629 22190921 1
6823 3591 22190931 1
6916 3603 22190941 1
7675 4251 22191362 0
7662 4219 22191372 1
7640 4233 22191382 1
7629 4280 22191392 1
7620 4292 22191402 1
7620 4300 22191412 1
7620 4300 22191422 1
7620 4300 22191432 1
7620 4300 22191442 1
7620 4300 22191452 1
7620 4307 22191462 1
7620 4318 22191472 1
7620 4331 22191482 1
7620 4339 22191492 1
7620 4339 22191502 1
7620 4339 22191512 1
7615 4339 22191522 1
7615 4339 22191532 1
7615 4332 22191542 1
7615 4325 22191552 1
7615 4303 22191562 1
7627 4273 22191572 1
7641 4255 22191582 1
7661 4255 22191592 1
7684 4255 22191602 1
7709 4282 22191612 1
7726 4306 22191622 1
7737 4329 22191632 1
7742 4329 22191642 1
7752 4321 22191652 1
7773 4281 22191662 1
7791 4197 22191672 1
7805 4083 22191682 1
7815 3956 22191692 1
7827 3819 22191702 1
7839 3676 22191712 1
7844 3574 22191722 1
7844 3494 22191732 1
7844 3429 22191742 1
7844 3388 22191752 1
7836 3378 22191762 1
7836 3389 22191772 1
7825 3414 22191782 1
7817 3479 22191792 1
7826 3572 22191802 1
7840 3690 22191812 1
7886 3827 22191822 1
7951 3976 22191832 1
8024 4090 22191842 1
8092 4180 22191852 1
8157 4253 22191862 1
8210 4300 22191872 1
8259 4332 22191882 1
8305 4353 22191892 1
8371 4371 22191902 1
8439 4396 22191912 1
8507 4426 22191922 1
8558 4442 22191932 1
8598 4453 22191942 1
8629 4458 22191952 1
8662 4451 22191962 1
8696 4435 22191972 1
9126 4284 22192434 0
9126 4284 22192444 1
9077 4305 22192454 1
9056 4286 22192464 1
9042 4196 22192474 1
9026 4071 22192484 1
9011 3936 22192494 1
8998 3790 22192504 1
8992 3638 22192514 1
9009 3532 22192524 1
9041 3480 22192534 1
9095 3463 22192544 1
9169 3501 22192554 1
9255 3587 22192564 1
9354 3706 22192574 1
9428 3834 22192584 1
9484 3949 22192594 1
9512 4028 22192604 1
9524 4086 22192614 1
9524 4110 22192624 1
9524 4105 22192634 1
9518 4082 22192644 1
9506 4014 22192654 1
9488 3921 22192664 1
9478 3811 22192674 1
9470 3675 22192684 1
9494 3570 22192694 1
9538 3486 22192704 1
9630 3460 22192714 1
9726 3475 22192724 1
10337 3884 22193095 0
10277 3949 22193105 1
10277 3970 22193115 1
10277 3984 22193125 1
10277 4024 22193135 1
10308 4062 22193145 1
10348 4119 22193155 1
10411 4189 22193165 1
10474 4262 22193175 1
10538 4301 22193185 1
10583 4318 22193195 1
10615 4307 22193205 1
10628 4251 22193215 1
10620 4165 22193225 1
10597 4024 22193235 1
10564 3863 22193245 1
10532 3689 22193255 1
10503 3563 22193265 1
10473 3468 22193275 1
10450 3395 22193285 1
10433 3363 22193295 1
10433 3363 22193305 1
10438 3385 22193315 1
10465 3477 22193325 1
10543 3620 22193335 1
10656 3797 22193345 1
10746 3967 22193355 1
10818 4083 22193365 1
10878 4162 22193375 1
10931 4199 22193385 1
10958 4199 22193395 1
10968 4185 22193405 1
10978 4131 22193415 1
10970 4057 22193425 1
10950 3970 22193435 1
10941 3883 22193445 1
10934 3798 22193455 1
10944 3728 22193465 1
10965 3667 22193475 1
11010 3624 22193485 1
11059 3580 22193495 1
11116 3543 22193505 1
11171 3510 22193515 1
11225 3479 22193525 1
11275 3451 22193535 1
11321 3426 22193545 1
11365 3415 22193555 1
11427 3449 22193565 1
