392
3620 5575 58667659 0
3620 5575 58667669 1
3643 5651 58667679 1
3634 5683 58667689 1
3628 5696 58667699 1
3617 5723 58667709 1
3602 5753 58667719 1
3579 5785 58667729 1
3549 5812 58667739 1
3513 5839 58667749 1
3474 5850 58667759 1
3443 5850 58667769 1
3389 5839 58667779 1
3316 5822 58667789 1
3254 5782 58667799 1
3179 5730 58667809 1
3094 5665 58667819 1
3017 5598 58667829 1
2943 5524 58667839 1
2875 5446 58667849 1
2811 5352 58667859 1
2747 5248 58667869 1
2693 5133 58667879 1
2641 4999 58667889 1
2605 4853 58667899 1
2577 4707 58667909 1
2562 4587 58667919 1
2551 4485 58667929 1
2551 4375 58667939 1
2551 4265 58667949 1
2565 4154 58667959 1
2589 4058 58667969 1
2622 3972 58667979 1
2665 3888 58667989 1
2715 3811 58667999 1
2768 3738 58668009 1
2823 3688 58668019 1
2878 3642 58668029 1
2929 3598 58668039 1
2979 3559 58668049 1
3028 3529 58668059 1
3080 3505 58668069 1
3140 3488 58668079 1
3206 3488 58668089 1
3273 3493 58668099 1
3339 3518 58668109 1
3404 3557 58668119 1
3465 3605 58668129 1
3524 3653 58668139 1
3572 3701 58668149 1
3607 3747 58668159 1
3634 3793 58668169 1
3642 3830 58668179 1
3637 3871 58668189 1
3623 3919 58668199 1
3599 3964 58668209 1
3567 4014 58668219 1
3530 4067 58668229 1
3492 4113 58668239 1
3457 4156 58668249 1
3425 4193 58668259 1
3399 4223 58668269 1
3381 4244 58668279 1
3369 4260 58668289 1
3364 4273 58668299 1
3364 4286 58668309 1
3373 4298 58668319 1
3384 4311 58668329 1
3396 4324 58668339 1
3410 4330 58668349 1
3427 4337 58668359 1
3448 4345 58668369 1
3469 4354 58668379 1
3491 4354 58668389 1
3515 4361 58668399 1
3541 4361 58668409 1
3566 4361 58668419 1
3590 4361 58668429 1
3617 4361 58668439 1
3645 4361 58668449 1
3675 4361 58668459 1
3701 4361 58668469 1
3723 4352 58668479 1
3740 4342 58668489 1
3757 4325 58668499 1
3768 4294 58668509 1
3775 4253 58668519 1
3775 4194 58668529 1
3775 4129 58668539 1
3765 4054 58668540 1
3759 3973 58668550 1
3759 3889 58668560 1
3752 3801 58668570 1
3752 3707 58668580 1
3752 3618 58668590 1
3752 3536 58668600 1
3752 3472 58668610 1
3752 3424 58668620 1
3752 3387 58668630 1
3760 3350 58668640 1
3767 3320 58668650 1
3773 3295 58668660 1
3779 3273 58668670 1
3779 3262 58668680 1
3779 3262 58668690 1
3779 3262 58668700 1
3779 3262 58668710 1
3779 3262 58668720 1
3785 3271 58668730 1
4626 4045 58669021 0
4642 4083 58669031 1
4647 4106 58669041 1
4647 4119 58669051 1
4647 4125 58669061 1
4647 4130 58669071 1
4647 4130 58669081 1
4647 4135 58669091 1
4647 4135 58669101 1
4647 4130 58669111 1
4647 4119 58669121 1
4640 4081 58669131 1
4635 4028 58669141 1
4630 3964 58669151 1
4630 3899 58669161 1
4624 3833 58669171 1
4624 3777 58669181 1
4624 3728 58669191 1
4636 3692 58669201 1
4648 3665 58669211 1
4664 3643 58669221 1
4676 3632 58669231 1
4687 3626 58669241 1
4698 3626 58669251 1
4709 3626 58669261 1
4725 3637 58669271 1
4744 3651 58669281 1
4768 3676 58669291 1
4793 3708 58669301 1
4815 3744 58669311 1
4836 3781 58669321 1
4854 3818 58669331 1
4877 3861 58669341 1
4900 3908 58669351 1
4920 3950 58669361 1
4933 3990 58669371 1
4946 4025 58669381 1
4954 4055 58669391 1
4954 4073 58669401 1
4961 4083 58669411 1
4961 4088 58669421 1
4961 4088 58669431 1
4961 4088 58669441 1
4961 4088 58669451 1
4953 4061 58669461 1
4946 4021 58669471 1
4937 3954 58669481 1
4937 3882 58669491 1
4937 3825 58669501 1
4943 3780 58669511 1
4953 3740 58669521 1
4966 3708 58669531 1
4981 3681 58669541 1
4995 3658 58669551 1
5007 3638 58669561 1
5019 3620 58669571 1
5029 3607 58669581 1
5037 3598 58669591 1
5052 3593 58669601 1
5760 3937 58669792 0
5806 3949 58669802 1
5806 3962 58669812 1
5794 3980 58669822 1
5789 3993 58669832 1
5775 4016 58669842 1
5756 4047 58669852 1
5726 4067 58669862 1
5695 4085 58669872 1
5662 4085 58669882 1
5634 4075 58669892 1
5598 4038 58669902 1
5557 3985 58669912 1
5529 3922 58669922 1
5506 3860 58669932 1
5497 3798 58669942 1
5497 3738 58669952 1
5504 3693 58669962 1
5518 3658 58669972 1
5539 3625 58669982 1
5564 3601 58669992 1
5590 3583 58670002 1
5617 3576 58670012 1
5646 3576 58670022 1
5675 3588 58670032 1
5707 3606 58670042 1
5745 3640 58670052 1
5788 3686 58670062 1
5830 3752 58670072 1
5862 3830 58670082 1
5887 3915 58670092 1
5915 4009 58670102 1
5945 4121 58670112 1
5980 4245 58670122 1
6017 4365 58670132 1
6045 4454 58670142 1
6068 4523 58670152 1
6080 4561 58670162 1
6085 4580 58670172 1
6085 4587 58670182 1
6085 4587 58670192 1
6085 4587 58670202 1
6085 4587 58670212 1
6085 4587 58670222 1
6079 4561 58670232 1
6068 4518 58670242 1
6056 4461 58670252 1
6045 4399 58670262 1
6037 4337 58670272 1
6028 4272 58670282 1
6019 4206 58670292 1
6010 4135 58670302 1
6000 4061 58670312 1
6000 3987 58670322 1
6005 3921 58670332 1
6017 3858 58670342 1
6034 3798 58670352 1
6056 3737 58670362 1
6080 3680 58670372 1
6107 3627 58670382 1
6134 3580 58670392 1
6163 3537 58670402 1
6188 3497 58670412 1
6211 3466 58670422 1
6229 3442 58670432 1
6238 3424 58670442 1
6238 3419 58670452 1
6243 3413 58670462 1
6243 3413 58670472 1
6243 3413 58670482 1
6813 3857 58670683 0
6850 3857 58670693 1
6850 3857 58670703 1
6867 3857 58670713 1
6882 3845 58670723 1
6900 3813 58670733 1
6910 3770 58670743 1
6910 3718 58670753 1
6917 3674 58670763 1
6917 3635 58670773 1
6924 3610 58670783 1
6924 3595 58670793 1
6924 3587 58670803 1
6924 3587 58670813 1
6924 3587 58670823 1
6924 3587 58670833 1
6924 3593 58670843 1
6931 3614 58670853 1
6941 3647 58670863 1
6956 3687 58670873 1
6975 3733 58670883 1
6997 3788 58670893 1
7023 3848 58670903 1
7050 3894 58670913 1
7083 3937 58670923 1
7118 3963 58670933 1
7157 3980 58670943 1
7201 3997 58670953 1
7251 4014 58670963 1
7307 4032 58670973 1
7367 4052 58670983 1
7424 4073 58670993 1
7481 4090 58671003 1
7540 4104 58671013 1
7597 4111 58671023 1
7658 4111 58671033 1
7712 4111 58671043 1
7763 4104 58671053 1
7799 4104 58671063 1
7820 4099 58671073 1
7832 4099 58671083 1
7837 4099 58671093 1
7837 4099 58671103 1
7831 4099 58671113 1
7831 4099 58671123 1
7831 4099 58671133 1
7820 4099 58671143 1
7811 4105 58671153 1
7795 4113 58671163 1
8393 4070 58671705 0
8393 4070 58671715 1
8393 4070 58671725 1
8393 4070 58671735 1
8393 4070 58671745 1
8393 4070 58671755 1
8393 4070 58671765 1
8404 4064 58671775 1
8404 4034 58671785 1
8404 3987 58671795 1
8395 3930 58671805 1
8389 3874 58671815 1
8389 3819 58671825 1
8389 3765 58671835 1
8389 3716 58671845 1
8399 3678 58671855 1
8409 3647 58671865 1
8420 3627 58671875 1
8433 3613 58671885 1
8446 3603 58671895 1
8461 3603 58671905 1
8476 3603 58671915 1
8499 3612 58671925 1
8523 3632 58671935 1
8551 3659 58671945 1
8580 3690 58671955 1
8605 3738 58671965 1
8626 3795 58671975 1
8644 3857 58671985 1
8658 3909 58671995 1
8669 3941 58672005 1
8669 3960 58672015 1
8675 3960 58672025 1
8675 3960 58672035 1
8675 3960 58672045 1
8667 3942 58672055 1
8655 3900 58672065 1
8637 3843 58672075 1
8632 3786 58672085 1
8632 3739 58672095 1
8637 3698 58672105 1
8650 3660 58672115 1
8669 3625 58672125 1
8692 3593 58672135 1
8719 3563 58672145 1
8745 3541 58672155 1
8771 3525 58672165 1
8791 3517 58672175 1
8807 3517 58672185 1
9331 3949 58672326 0
9373 3930 58672336 1
9378 3930 58672346 1
9378 3930 58672356 1
9378 3899 58672366 1
9378 3853 58672376 1
9378 3808 58672386 1
9362 3761 58672396 1
9347 3712 58672406 1
9335 3672 58672416 1
9328 3637 58672426 1
9328 3611 58672436 1
9322 3597 58672446 1
9322 3591 58672456 1
9322 3591 58672466 1
9322 3591 58672476 1
9322 3591 58672486 1
9327 3609 58672496 1
9337 3634 58672506 1
9353 3666 58672516 1
9375 3708 58672526 1
9404 3766 58672536 1
9442 3834 58672546 1
9484 3896 58672556 1
9530 3952 58672566 1
9576 3986 58672576 1
9615 4007 58672586 1
9649 4007 58672596 1
9681 4007 58672606 1
9705 4002 58672616 1
9724 3992 58672626 1
9735 3980 58672636 1
9743 3961 58672646 1
9748 3934 58672656 1
9743 3898 58672666 1
9728 3855 58672676 1
9707 3805 58672686 1
9693 3753 58672696 1
9683 3703 58672706 1
9675 3661 58672716 1
9675 3623 58672726 1
9680 3589 58672736 1
9689 3554 58672746 1
9699 3525 58672756 1
9714 3499 58672766 1
9733 3471 58672776 1
9754 3447 58672786 1
9776 3427 58672796 1
9800 3411 58672806 1
9800 3411 58672816 1
9844 3384 58672826 1
9859 3373 58672836 1
9870 3368 58672846 1
9870 3368 58672856 1
9870 3368 58672866 1
9870 3368 58672876 1
