463
2056 4803 35123558 0
2068 4849 35123568 1
2057 4864 35123578 1
2057 4875 35123588 1
2057 4875 35123598 1
2052 4875 35123608 1
2052 4870 35123618 1
2052 4839 35123628 1
2052 4792 35123638 1
2047 4732 35123648 1
2047 4667 35123658 1
2047 4594 35123668 1
2052 4509 35123678 1
2052 4415 35123688 1
2070 4319 35123698 1
2089 4222 35123708 1
2116 4161 35123718 1
2144 4112 35123728 1
2174 4093 35123738 1
2206 4093 35123748 1
2244 4111 35123758 1
2285 4155 35123768 1
2329 4216 35123778 1
2374 4282 35123788 1
2414 4351 35123798 1
2450 4423 35123808 1
2475 4474 35123818 1
2488 4518 35123828 1
2494 4552 35123838 1
2494 4570 35123848 1
2486 4578 35123858 1
2476 4578 35123868 1
2470 4578 35123878 1
2465 4578 35123888 1
2460 4556 35123898 1
2460 4527 35123908 1
2460 4483 35123918 1
2474 4425 35123928 1
2497 4358 35123938 1
2525 4277 35123948 1
2570 4203 35123958 1
2626 4135 35123968 1
2693 4085 35123978 1
2760 4054 35123988 1
2826 4036 35123998 1
2913 4044 35124008 1
3005 4065 35124018 1
3108 4095 35124028 1
3216 4144 35124038 1
3312 4203 35124048 1
3393 4269 35124058 1
3463 4352 35124068 1
3516 4433 35124078 1
3555 4510 35124088 1
3585 4580 35124098 1
3585 4642 35124108 1
3561 4701 35124118 1
3521 4785 35124128 1
3460 4884 35124138 1
3396 4981 35124148 1
3331 5054 35124158 1
3274 5110 35124168 1
3222 5153 35124178 1
3184 5176 35124188 1
3154 5186 35124198 1
3126 5186 35124208 1
3103 5186 35124218 1
3090 5181 35124228 1
3090 5175 35124238 1
3090 5165 35124248 1
3103 5146 35124258 1
4268 4324 35124469 0
4306 4338 35124479 1
4306 4364 35124489 1
4306 4381 35124499 1
4306 4407 35124509 1
4295 4432 35124519 1
4286 4455 35124529 1
4273 4479 35124539 1
4257 4504 35124549 1
4231 4526 35124559 1
4199 4547 35124569 1
4164 4567 35124579 1
4128 4580 35124589 1
4092 4586 35124599 1
4055 4586 35124609 1
4018 4569 35124619 1
3981 4541 35124629 1
3944 4499 35124639 1
3909 4444 35124649 1
3878 4380 35124659 1
3855 4318 35124669 1
3842 4255 35124679 1
3842 4192 35124689 1
3842 4135 35124699 1
3868 4083 35124709 1
3902 4042 35124719 1
3951 4023 35124729 1
4002 4023 35124739 1
4056 4037 35124749 1
4111 4073 35124759 1
4159 4122 35124769 1
4204 4179 35124779 1
4238 4233 35124789 1
4259 4286 35124799 1
4271 4322 35124809 1
4276 4355 35124819 1
4276 4373 35124829 1
4264 4382 35124839 1
4254 4382 35124849 1
4243 4382 35124859 1
4233 4377 35124869 1
4222 4367 35124879 1
4212 4340 35124889 1
4201 4302 35124899 1
4188 4251 35124909 1
4182 4199 35124919 1
4182 4147 35124929 1
4190 4108 35124939 1
4207 4077 35124949 1
4237 4051 35124959 1
4276 4040 35124969 1
4328 4040 35124979 1
4383 4057 35124989 1
4441 4092 35124999 1
4497 4140 35125009 1
4547 4196 35125019 1
4594 4252 35125029 1
4635 4304 35125039 1
4663 4354 35125049 1
4681 4385 35125059 1
4688 4412 35125069 1
4688 4432 35125079 1
4680 4446 35125089 1
4668 4457 35125099 1
4657 4467 35125109 1
4650 4467 35125119 1
4650 4475 35125129 1
4643 4475 35125139 1
4643 4475 35125149 1
4643 4475 35125159 1
4643 4475 35125169 1
4643 4475 35125179 1
4637 4475 35125189 1
4637 4446 35125199 1
4632 4410 35125209 1
4632 4360 35125219 1
4627 4308 35125229 1
4619 4250 35125239 1
4605 4190 35125249 1
4591 4140 35125259 1
4578 4098 35125269 1
4571 4074 35125279 1
4566 4063 35125289 1
4566 4063 35125299 1
4566 4063 35125309 1
4572 4085 35125310 1
4584 4117 35125320 1
4601 4165 35125330 1
4622 4219 35125340 1
4645 4276 35125350 1
4671 4318 35125360 1
4702 4358 35125370 1
4736 4390 35125380 1
4770 4411 35125390 1
4804 4421 35125400 1
4833 4421 35125410 1
4858 4406 35125420 1
4885 4373 35125430 1
4912 4322 35125440 1
4941 4270 35125450 1
4970 4218 35125460 1
5004 4179 35125470 1
5040 4153 35125480 1
5080 4135 35125490 1
5133 4142 35125500 1
5193 4170 35125510 1
5244 4211 35125520 1
5292 4274 35125530 1
5337 4343 35125540 1
5375 4416 35125550 1
5397 4478 35125560 1
5408 4538 35125570 1
5399 4593 35125580 1
5373 4647 35125590 1
5336 4699 35125600 1
5295 4727 35125610 1
5254 4727 35125620 1
5206 4717 35125630 1
5154 4687 35125640 1
5113 4656 35125650 1
5078 4620 35125660 1
5061 4578 35125670 1
5054 4527 35125680 1
5065 4464 35125690 1
5093 4395 35125700 1
5133 4343 35125710 1
5184 4312 35125720 1
5237 4294 35125730 1
5290 4294 35125740 1
5333 4315 35125750 1
5372 4347 35125760 1
5400 4386 35125770 1
5421 4423 35125780 1
5437 4455 35125790 1
5443 4479 35125800 1
5443 4496 35125810 1
5435 4506 35125820 1
5427 4511 35125830 1
5416 4511 35125840 1
5403 4488 35125850 1
5392 4453 35125860 1
5384 4383 35125870 1
5379 4289 35125880 1
5379 4180 35125890 1
5374 4059 35125900 1
5362 3943 35125910 1
5344 3830 35125920 1
5328 3711 35125930 1
5307 3611 35125940 1
5274 3523 35125950 1
5235 3430 35125960 1
5186 3337 35125970 1
5134 3255 35125980 1
5079 3180 35125990 1
5034 3137 35126000 1
4992 3122 35126010 1
4952 3122 35126020 1
4914 3168 35126030 1
4880 3253 35126040 1
4864 3367 35126050 1
4864 3494 35126060 1
4869 3623 35126070 1
4893 3753 35126080 1
4927 3852 35126090 1
4973 3930 35126101 1
5023 3994 35126111 1
5090 4050 35126121 1
5165 4074 35126131 1
5245 4074 35126141 1
5325 4054 35126151 1
7241 5305 35126983 0
7300 5287 35126993 1
7311 5318 35127003 1
7320 5387 35127013 1
7328 5427 35127023 1
7328 5465 35127033 1
7328 5498 35127043 1
7317 5526 35127053 1
7299 5553 35127063 1
7278 5579 35127073 1
7246 5605 35127083 1
7202 5626 35127093 1
7150 5639 35127103 1
7100 5626 35127113 1
7042 5597 35127123 1
6978 5539 35127133 1
6907 5436 35127143 1
6826 5302 35127153 1
6737 5141 35127163 1
6677 4978 35127173 1
6654 4811 35127183 1
6654 4680 35127193 1
6680 4574 35127203 1
6732 4502 35127213 1
6803 4461 35127223 1
6890 4442 35127233 1
6972 4442 35127243 1
7051 4459 35127253 1
7118 4477 35127263 1
7173 4501 35127273 1
7221 4538 35127283 1
7271 4584 35127293 1
6927 4854 35127453 0
6959 4889 35127463 1
6967 4907 35127473 1
6973 4917 35127483 1
6992 4935 35127493 1
7022 4935 35127503 1
7060 4926 35127513 1
7107 4912 35127523 1
7156 4898 35127533 1
7208 4884 35127543 1
7261 4873 35127553 1
7307 4863 35127563 1
7349 4863 35127573 1
7379 4863 35127583 1
7401 4863 35127593 1
7417 4872 35127603 1
7426 4880 35127613 1
7426 4889 35127623 1
7426 4889 35127633 1
7426 4889 35127643 1
7426 4894 35127653 1
7415 4894 35127663 1
7407 4894 35127673 1
7398 4894 35127683 1
7389 4870 35127693 1
7377 4838 35127703 1
7365 4791 35127713 1
7351 4732 35127723 1
7336 4665 35127733 1
7323 4598 35127743 1
7310 4533 35127753 1
7304 4487 35127763 1
7304 4452 35127773 1
7304 4427 35127783 1
7309 4415 35127793 1
7319 4415 35127803 1
7332 4415 35127813 1
7870 4544 35127904 0
7965 4624 35127914 1
7983 4661 35127924 1
7994 4695 35127934 1
7994 4725 35127944 1
7988 4753 35127954 1
7976 4782 35127964 1
7953 4814 35127974 1
7922 4847 35127984 1
7880 4875 35127994 1
7839 4883 35128004 1
7801 4878 35128014 1
7763 4858 35128024 1
7726 4824 35128034 1
7690 4781 35128044 1
7663 4728 35128054 1
7642 4674 35128064 1
7632 4616 35128074 1
7639 4556 35128084 1
7657 4497 35128094 1
7689 4457 35128104 1
7726 4429 35128114 1
7774 4422 35128124 1
7832 4438 35128134 1
7900 4469 35128144 1
7964 4508 35128154 1
8024 4552 35128164 1
8083 4600 35128174 1
8127 4637 35128184 1
8162 4672 35128194 1
8175 4692 35128204 1
8175 4704 35128214 1
8162 4712 35128224 1
8147 4718 35128234 1
8132 4718 35128244 1
8118 4710 35128254 1
8109 4695 35128264 1
8102 4672 35128274 1
8102 4640 35128284 1
8102 4603 35128294 1
8108 4567 35128304 1
8119 4531 35128314 1
8136 4501 35128324 1
8160 4475 35128334 1
8194 4461 35128344 1
8243 4461 35128354 1
8301 4475 35128364 1
8365 4501 35128374 1
8426 4539 35128384 1
8480 4584 35128394 1
8530 4629 35128404 1
8567 4670 35128414 1
8592 4705 35128424 1
8608 4734 35128434 1
8617 4760 35128444 1
8617 4779 35128454 1
8617 4790 35128464 1
8606 4790 35128474 1
8600 4796 35128484 1
8595 4796 35128494 1
8589 4784 35128504 1
8580 4764 35128514 1
8568 4733 35128524 1
8554 4695 35128534 1
8539 4651 35128544 1
8524 4605 35128554 1
8514 4559 35128564 1
8508 4524 35128574 1
8508 4494 35128584 1
8508 4479 35128594 1
8518 4479 35128604 1
8527 4479 35128614 1
8541 4506 35128624 1
8561 4545 35128634 1
8585 4594 35128644 1
8614 4642 35128654 1
8643 4687 35128664 1
8674 4723 35128665 1
8674 4723 35128675 1
8718 4749 35128685 1
8735 4749 35128695 1
8751 4741 35128705 1
8766 4727 35128715 1
8787 4705 35128725 1
8809 4669 35128735 1
8836 4625 35128745 1
8881 4592 35128755 1
8936 4573 35128765 1
8994 4564 35128775 1
9054 4578 35128785 1
9120 4609 35128795 1
9187 4651 35128805 1
9255 4713 35128815 1
9321 4781 35128825 1
9371 4852 35128835 1
9409 4903 35128845 1
9409 4951 35128855 1
9386 4995 35128865 1
9344 5035 35128875 1
9298 5071 35128885 1
9256 5088 35128895 1
9220 5095 35128905 1
9190 5095 35128915 1
9164 5086 35128925 1
9146 5065 35128935 1
9130 5035 35128945 1
9115 5000 35128955 1
9115 4964 35128965 1
9126 4929 35128975 1
9150 4888 35128985 1
9183 4847 35128995 1
9231 4824 35129005 1
9281 4813 35129015 1
9336 4822 35129025 1
9389 4842 35129035 1
9429 4870 35129045 1
9461 4903 35129055 1
9477 4934 35129065 1
9483 4956 35129075 1
9483 4967 35129085 1
9478 4972 35129095 1
9478 4972 35129106 1
9478 4972 35129116 1
9463 4911 35129126 1
9456 4838 35129136 1
9456 4721 35129146 1
9456 4572 35129156 1
9449 4402 35129166 1
9436 4166 35129176 1
9419 3989 35129186 1
9401 3851 35129196 1
9381 3707 35129206 1
9350 3598 35129216 1
9315 3513 35129226 1
9266 3448 35129236 1
9205 3388 35129246 1
9135 3331 35129256 1
9051 3281 35129266 1
8958 3254 35129276 1
8860 3243 35129286 1
8768 3264 35129296 1
8695 3312 35129306 1
8634 3379 35129316 1
8600 3470 35129326 1
8595 3576 35129336 1
8608 3692 35129346 1
8641 3830 35129356 1
8699 3963 35129366 1
8773 4070 35129376 1
8898 4163 35129386 1
9046 4256 35129396 1
9209 4344 35129406 1
9387 4405 35129416 1
