469
2047 5793 25075119 0
2057 5858 25075129 1
2048 5879 25075139 1
2035 5892 25075149 1
2035 5897 25075159 1
2029 5902 25075169 1
2029 5902 25075179 1
2024 5908 25075189 1
2024 5908 25075199 1
2024 5908 25075209 1
2019 5885 25075219 1
2011 5850 25075229 1
1999 5788 25075239 1
1985 5724 25075249 1
1970 5641 25075259 1
1959 5545 25075269 1
1950 5397 25075279 1
1950 5275 25075289 1
1950 5171 25075299 1
1956 5043 25075309 1
1974 4937 25075319 1
2000 4846 25075329 1
2041 4800 25075339 1
2091 4792 25075349 1
2148 4810 25075359 1
2210 4888 25075369 1
2278 4997 25075379 1
2345 5127 25075389 1
2402 5261 25075399 1
2452 5398 25075409 1
2492 5538 25075419 1
2527 5638 25075429 1
2558 5697 25075439 1
2569 5730 25075449 1
2569 5730 25075459 1
2569 5730 25075469 1
2569 5730 25075479 1
2569 5681 25075489 1
2569 5606 25075499 1
2569 5505 25075509 1
2580 5374 25075519 1
2596 5224 25075529 1
2619 5085 25075539 1
2655 4961 25075549 1
2698 4847 25075559 1
2750 4759 25075569 1
2803 4710 25075579 1
2857 4686 25075589 1
2918 4686 25075599 1
2979 4708 25075609 1
3043 4754 25075619 1
3109 4843 25075629 1
3172 4957 25075639 1
3230 5087 25075649 1
3284 5258 25075659 1
3332 5481 25075669 1
3375 5740 25075679 1
3415 5994 25075689 1
3436 6190 25075699 1
3427 6348 25075709 1
3397 6421 25075719 1
3342 6462 25075729 1
3282 6482 25075739 1
3218 6482 25075749 1
3157 6482 25075759 1
3096 6468 25075769 1
3039 6445 25075779 1
2995 6412 25075789 1
2968 6372 25075799 1
2952 6328 25075809 1
2957 6283 25075819 1
2985 6238 25075829 1
3027 6193 25075839 1
4315 5085 25076050 0
4315 5085 25076060 1
4284 5066 25076070 1
4265 5080 25076080 1
4248 5113 25076090 1
4230 5135 25076100 1
4212 5164 25076110 1
4193 5198 25076120 1
4172 5232 25076130 1
4147 5266 25076140 1
4123 5298 25076150 1
4098 5325 25076160 1
4068 5342 25076170 1
4034 5352 25076180 1
3993 5344 25076190 1
3953 5325 25076200 1
3913 5288 25076210 1
3874 5231 25076220 1
3839 5160 25076230 1
3811 5073 25076240 1
3789 4966 25076250 1
3775 4846 25076260 1
3775 4733 25076270 1
3775 4663 25076280 1
3793 4622 25076290 1
3819 4604 25076300 1
3853 4615 25076310 1
3895 4646 25076320 1
3944 4719 25076330 1
3996 4815 25076340 1
4049 4926 25076350 1
4096 5033 25076360 1
4140 5122 25076370 1
4178 5199 25076380 1
4199 5250 25076390 1
4209 5271 25076400 1
4209 5271 25076410 1
4204 5271 25076420 1
4196 5238 25076430 1
4184 5188 25076440 1
4170 5114 25076450 1
4160 5031 25076460 1
4173 4942 25076470 1
4199 4857 25076480 1
4243 4788 25076490 1
4293 4729 25076500 1
4355 4716 25076510 1
4424 4734 25076520 1
4496 4772 25076530 1
4566 4839 25076540 1
4627 4910 25076550 1
4682 4983 25076560 1
4726 5049 25076570 1
4753 5112 25076580 1
4769 5169 25076590 1
4769 5200 25076600 1
4757 5214 25076610 1
4739 5214 25076620 1
4715 5204 25076630 1
4690 5178 25076640 1
4663 5126 25076650 1
4635 5055 25076651 1
4612 4972 25076661 1
4592 4874 25076671 1
4572 4792 25076681 1
4564 4721 25076691 1
4564 4687 25076701 1
4581 4672 25076711 1
4594 4672 25076721 1
4611 4686 25076731 1
4635 4735 25076741 1
4667 4806 25076751 1
4707 4906 25076761 1
4754 5001 25076771 1
4807 5070 25076781 1
4855 5125 25076791 1
4899 5164 25076801 1
4943 5183 25076811 1
4977 5189 25076821 1
5004 5176 25076831 1
5027 5143 25076841 1
5050 5096 25076851 1
5071 5030 25076861 1
5090 4959 25076871 1
5113 4882 25076881 1
5140 4811 25076891 1
5173 4762 25076901 1
5218 4725 25076911 1
5263 4718 25076921 1
5308 4737 25076931 1
5360 4773 25076941 1
5412 4826 25076951 1
5462 4890 25076961 1
5499 4961 25076971 1
5529 5038 25076981 1
5545 5116 25076991 1
5550 5194 25077001 1
5550 5256 25077011 1
5535 5296 25077021 1
5513 5322 25077031 1
5485 5335 25077041 1
5452 5343 25077051 1
5416 5326 25077061 1
5378 5294 25077071 1
5339 5232 25077081 1
5300 5149 25077091 1
5261 5052 25077101 1
5228 4947 25077111 1
5213 4849 25077121 1
5213 4755 25077131 1
5230 4708 25077141 1
5251 4684 25077151 1
5274 4675 25077161 1
5298 4687 25077171 1
5323 4720 25077181 1
5348 4767 25077191 1
5368 4829 25077201 1
5384 4888 25077211 1
5397 4946 25077221 1
5404 4975 25077231 1
5404 4982 25077241 1
5409 4974 25077251 1
5409 4938 25077261 1
5409 4868 25077271 1
5416 4775 25077281 1
5416 4663 25077291 1
5416 4546 25077301 1
5409 4408 25077311 1
5399 4258 25077321 1
5387 4130 25077331 1
5369 4021 25077341 1
5346 3924 25077351 1
5315 3844 25077361 1
5275 3788 25077371 1
5228 3748 25077381 1
5169 3728 25077391 1
5105 3728 25077401 1
5038 3745 25077411 1
4985 3776 25077421 1
4938 3811 25077422 1
4914 3848 25077432 1
4903 3890 25077442 1
4908 3952 25077452 1
4941 4027 25077462 1
4993 4123 25077472 1
5070 4229 25077482 1
5166 4341 25077492 1
5274 4450 25077502 1
5382 4542 25077512 1
5482 4624 25077522 1
6510 5458 25078093 0
6564 5446 25078103 1
6577 5498 25078113 1
6583 5527 25078123 1
6597 5542 25078133 1
6608 5571 25078143 1
6616 5599 25078153 1
6616 5627 25078163 1
6616 5653 25078173 1
6616 5678 25078183 1
6605 5700 25078193 1
6589 5718 25078203 1
6566 5729 25078213 1
6536 5729 25078223 1
6502 5722 25078233 1
6461 5691 25078243 1
6411 5645 25078253 1
6354 5572 25078263 1
6298 5464 25078273 1
6243 5334 25078283 1
6188 5195 25078293 1
6149 5054 25078303 1
6130 4898 25078313 1
6125 4734 25078323 1
6148 4615 25078333 1
6197 4531 25078343 1
6264 4471 25078353 1
6355 4451 25078363 1
6452 4464 25078373 1
6558 4499 25078383 1
6668 4552 25078393 1
6769 4616 25078403 1
6865 4687 25078413 1
6920 4739 25078423 1
6952 4787 25078433 1
6968 4825 25078443 1
6952 4852 25078453 1
6913 4872 25078463 1
6858 4882 25078473 1
6769 4882 25078483 1
6681 4882 25078493 1
6593 4882 25078503 1
6515 4876 25078513 1
6458 4876 25078523 1
6414 4881 25078533 1
6396 4886 25078543 1
6396 4891 25078553 1
6411 4908 25078563 1
6449 4934 25078573 1
6509 4968 25078583 1
6584 5008 25078593 1
6670 5052 25078603 1
6758 5087 25078613 1
6847 5120 25078623 1
6910 5144 25078633 1
6957 5156 25078643 1
6992 5150 25078653 1
7012 5132 25078663 1
7023 5087 25078673 1
7023 5010 25078683 1
7011 4912 25078693 1
6996 4796 25078703 1
6983 4689 25078713 1
6973 4587 25078723 1
6966 4491 25078733 1
6966 4407 25078743 1
6961 4330 25078753 1
6967 4285 25078763 1
6978 4262 25078773 1
6992 4253 25078783 1
7009 4262 25078793 1
7033 4299 25078803 1
7065 4355 25078813 1
7104 4419 25078823 1
7150 4482 25078833 1
7200 4541 25078843 1
7249 4596 25078853 1
7291 4640 25078863 1
7329 4678 25078873 1
7357 4716 25078883 1
7378 4752 25078893 1
7395 4785 25078903 1
7409 4815 25078913 1
7417 4841 25078923 1
7422 4865 25078933 1
7422 4886 25078943 1
7413 4907 25078953 1
7404 4928 25078963 1
7393 4949 25078973 1
7382 4972 25078983 1
7370 4990 25078993 1
7357 5002 25079003 1
7339 5008 25079013 1
7318 5008 25079023 1
7288 4986 25079033 1
7257 4949 25079043 1
7225 4887 25079053 1
7195 4803 25079063 1
7168 4705 25079073 1
7149 4622 25079083 1
7149 4557 25079093 1
7156 4505 25079103 1
7182 4479 25079113 1
7215 4479 25079123 1
7259 4502 25079133 1
7310 4556 25079143 1
7361 4618 25079153 1
7395 4685 25079163 1
7419 4755 25079173 1
7430 4825 25079183 1
7430 4866 25079193 1
7430 4888 25079203 1
7421 4899 25079213 1
7415 4908 25079223 1
7415 4908 25079233 1
7407 4913 25079243 1
7407 4913 25079253 1
7407 4913 25079263 1
7407 4913 25079273 1
7407 4913 25079283 1
7407 4919 25079293 1
7402 4919 25079303 1
7402 4926 25079313 1
7402 4926 25079323 1
7402 4926 25079333 1
7402 4926 25079343 1
7402 4926 25079353 1
7402 4926 25079363 1
7402 4926 25079373 1
7402 4926 25079383 1
7396 4910 25079393 1
7387 4889 25079403 1
7377 4863 25079413 1
7368 4839 25079423 1
7368 4814 25079433 1
7368 4785 25079443 1
7373 4751 25079453 1
7386 4713 25079463 1
7404 4669 25079455 1
7426 4625 25079465 1
7461 4591 25079475 1
7506 4564 25079485 1
7564 4552 25079495 1
7635 4558 25079505 1
7715 4576 25079515 1
7797 4607 25079525 1
7875 4644 25079535 1
7935 4684 25079545 1
7983 4728 25079555 1
8021 4778 25079565 1
8044 4833 25079575 1
8058 4882 25079585 1
8065 4927 25079595 1
8065 4951 25079605 1
8049 4962 25079615 1
8032 4962 25079625 1
8009 4956 25079635 1
7983 4936 25079645 1
7958 4905 25079655 1
7932 4848 25079665 1
7906 4773 25079675 1
7882 4698 25079685 1
7863 4629 25079695 1
7863 4564 25079705 1
7863 4515 25079715 1
7877 4485 25079725 1
7889 4468 25079735 1
7902 4468 25079745 1
7916 4482 25079755 1
7938 4513 25079765 1
7968 4568 25079775 1
7999 4632 25079785 1
8031 4703 25079795 1
8069 4762 25079805 1
8107 4817 25079815 1
8145 4844 25079825 1
8174 4855 25079835 1
8197 4841 25079845 1
8216 4821 25079855 1
8235 4781 25079865 1
8255 4730 25079876 1
8275 4671 25079886 1
8296 4612 25079896 1
8333 4559 25079906 1
8372 4509 25079916 1
8415 4480 25079926 1
8477 4447 25079936 1
8552 4462 25079946 1
8618 4510 25079956 1
8684 4546 25079966 1
8742 4593 25079976 1
8795 4647 25079986 1
8827 4710 25079996 1
8842 4784 25080006 1
8842 4866 25080016 1
8842 4933 25080026 1
8820 4974 25080036 1
8790 4997 25080046 1
8744 5008 25080056 1
8695 4999 25080066 1
8644 4978 25080076 1
8608 4935 25080086 1
8572 4869 25080096 1
8541 4788 25080106 1
8512 4707 25080116 1
8499 4635 25080126 1
8499 4568 25080136 1
8513 4522 25080146 1
8534 4497 25080156 1
8561 4485 25080166 1
8589 4497 25080176 1
8620 4528 25080186 1
8653 4571 25080196 1
8679 4617 25080206 1
8701 4652 25080216 1
8710 4657 25080226 1
8710 4646 25080236 1
8710 4599 25080246 1
8702 4520 25080256 1
8696 4419 25080266 1
8690 4268 25080276 1
8684 4117 25080286 1
8666 3969 25080296 1
8640 3838 25080306 1
8620 3716 25080316 1
8598 3622 25080326 1
8569 3544 25080336 1
8535 3477 25080346 1
8485 3429 25080356 1
8422 3397 25080366 1
8351 3375 25080376 1
8270 3375 25080386 1
8194 3396 25080396 1
8124 3440 25080406 1
8059 3505 25080416 1
8014 3592 25080426 1
7982 3695 25080436 1
7987 3826 25080446 1
8028 3957 25080456 1
8092 4089 25080466 1
8192 4212 25080476 1
8336 4343 25080486 1
8509 4455 25080496 1
8672 4551 25080506 1
8835 4621 25080516 1
8967 4667 25080526 1
