478
1939 4632 64265088 0
1919 4682 64265098 1
1910 4711 64265108 1
1905 4738 64265118 1
1905 4763 64265128 1
1897 4780 64265138 1
1897 4791 64265148 1
1897 4791 64265158 1
1897 4791 64265168 1
1897 4783 64265178 1
1897 4747 64265188 1
1905 4692 64265198 1
1919 4597 64265208 1
1937 4473 64265218 1
1961 4331 64265228 1
1986 4190 64265238 1
2014 4070 64265248 1
2043 3963 64265258 1
2076 3884 64265268 1
2112 3838 64265278 1
2150 3814 64265288 1
2188 3814 64265298 1
2232 3859 64265308 1
2283 3926 64265318 1
2335 4023 64265328 1
2385 4135 64265338 1
2424 4256 64265348 1
2457 4373 64265358 1
2472 4450 64265368 1
2478 4500 64265378 1
2478 4506 64265388 1
2478 4506 64265398 1
2486 4482 64265408 1
2498 4440 64265418 1
2514 4350 64265428 1
2531 4258 64265438 1
2552 4164 64265448 1
2579 4074 64265458 1
2617 3993 64265468 1
2661 3918 64265478 1
2716 3860 64265488 1
2772 3832 64265498 1
2828 3824 64265508 1
2902 3853 64265518 1
2980 3916 64265528 1
3064 4003 64265538 1
3153 4112 64265548 1
3221 4236 64265558 1
3275 4371 64265568 1
3314 4503 64265578 1
3323 4607 64265588 1
3313 4692 64265598 1
3287 4749 64265608 1
3250 4803 64265618 1
3206 4843 64265628 1
3156 4875 64265638 1
3107 4899 64265648 1
3059 4920 64265658 1
3022 4937 64265668 1
3001 4949 64265678 1
2990 4956 64265688 1
2990 4956 64265698 1
2990 4956 64265708 1
2995 4956 64265718 1
3030 4943 64265728 1
4301 4360 64265879 0
4299 4321 64265889 1
4299 4333 64265899 1
4294 4359 64265909 1
4294 4399 64265919 1
4279 4448 64265929 1
4260 4500 64265939 1
4237 4557 64265949 1
4207 4618 64265959 1
4172 4669 64265969 1
4127 4713 64265979 1
4081 4747 64265989 1
4033 4753 64265999 1
3981 4741 64266009 1
3931 4705 64266019 1
3887 4646 64266029 1
3851 4572 64266039 1
3829 4469 64266049 1
3815 4355 64266059 1
3815 4233 64266069 1
3825 4140 64266079 1
3847 4071 64266089 1
3878 4019 64266099 1
3912 3991 64266109 1
3950 3991 64266119 1
3994 4007 64266129 1
4040 4047 64266139 1
4088 4106 64266149 1
4131 4178 64266159 1
4171 4257 64266169 1
4201 4331 64266179 1
4218 4403 64266189 1
4227 4436 64266199 1
4227 4448 64266209 1
4227 4448 64266219 1
4227 4439 64266229 1
4234 4398 64266239 1
4243 4335 64266249 1
4254 4271 64266259 1
4276 4207 64266269 1
4304 4157 64266279 1
4340 4116 64266289 1
4389 4091 64266299 1
4446 4091 64266309 1
4513 4098 64266319 1
4580 4134 64266329 1
4649 4189 64266339 1
4711 4258 64266349 1
4770 4335 64266359 1
4809 4421 64266369 1
4834 4513 64266379 1
4850 4588 64266389 1
4861 4637 64266399 1
4866 4668 64266409 1
4866 4676 64266419 1
4866 4676 64266429 1
4866 4676 64266439 1
4866 4646 64266449 1
4871 4601 64266459 1
4877 4530 64266460 1
4886 4453 64266470 1
4894 4367 64266480 1
4905 4277 64266490 1
4918 4205 64266500 1
4932 4149 64266510 1
4946 4105 64266520 1
4962 4079 64266530 1
4971 4069 64266540 1
4971 4069 64266550 1
4993 4090 64266560 1
5017 4147 64266570 1
5044 4229 64266580 1
5070 4319 64266590 1
5099 4409 64266600 1
5124 4500 64266610 1
5146 4559 64266620 1
5171 4599 64266630 1
5197 4626 64266640 1
5222 4638 64266650 1
5248 4633 64266660 1
5274 4617 64266670 1
5297 4582 64266680 1
5320 4524 64266690 1
5337 4450 64266700 1
5349 4362 64266710 1
5368 4272 64266720 1
5389 4199 64266730 1
5415 4139 64266740 1
5443 4096 64266750 1
5476 4070 64266760 1
5513 4056 64266770 1
5558 4063 64266780 1
5610 4097 64266790 1
5665 4149 64266800 1
5719 4214 64266810 1
5767 4294 64266820 1
5813 4384 64266830 1
5848 4477 64266840 1
5874 4561 64266850 1
5894 4620 64266860 1
5901 4666 64266870 1
5901 4688 64266880 1
5887 4705 64266890 1
5861 4712 64266900 1
5830 4712 64266910 1
5795 4697 64266920 1
5771 4674 64266930 1
5749 4629 64266940 1
5749 4569 64266950 1
5756 4502 64266960 1
5776 4435 64266970 1
5811 4378 64266980 1
5857 4327 64266990 1
5909 4292 64267000 1
5967 4283 64267010 1
6034 4291 64267020 1
6109 4334 64267030 1
6186 4399 64267040 1
6253 4478 64267050 1
6314 4556 64267061 1
6352 4632 64267071 1
6372 4702 64267081 1
6381 4763 64267091 1
6369 4817 64267101 1
6344 4847 64267111 1
6311 4862 64267121 1
6288 4862 64267131 1
6268 4862 64267141 1
6255 4849 64267151 1
6247 4829 64267161 1
6242 4789 64267171 1
6242 4736 64267181 1
6242 4675 64267191 1
6242 4609 64267201 1
6251 4520 64267211 1
6258 4416 64267221 1
6272 4282 64267231 1
6289 4146 64267241 1
6311 3990 64267251 1
6339 3822 64267261 1
6370 3654 64267271 1
6400 3516 64267281 1
6424 3399 64267291 1
6445 3268 64267301 1
6455 3141 64267311 1
6460 3019 64267321 1
6460 2900 64267331 1
6449 2794 64267341 1
6436 2705 64267351 1
6421 2627 64267361 1
6400 2575 64267371 1
6375 2533 64267381 1
6339 2497 64267391 1
6285 2474 64267401 1
6218 2467 64267411 1
6140 2472 64267421 1
6060 2493 64267431 1
5978 2527 64267441 1
5926 2570 64267451 1
5877 2648 64267461 1
5833 2746 64267471 1
5794 2858 64267481 1
5761 2959 64267491 1
5751 3039 64267501 1
5751 3106 64267511 1
5765 3166 64267521 1
5775 3223 64267531 1
5775 3262 64267541 1
5770 3291 64267551 1
5762 3312 64267561 1
5755 3328 64267571 1
5748 3335 64267581 1
5743 3340 64267591 1
8148 4716 64268402 0
8193 4837 64268412 1
8193 4935 64268422 1
8193 5017 64268432 1
8193 5096 64268442 1
8180 5165 64268452 1
8154 5223 64268462 1
8124 5273 64268472 1
8088 5320 64268482 1
8049 5351 64268492 1
7999 5373 64268502 1
7944 5373 64268512 1
7885 5360 64268522 1
7820 5328 64268532 1
7750 5264 64268542 1
7677 5160 64268552 1
7608 5029 64268562 1
7556 4865 64268572 1
7516 4701 64268582 1
7504 4537 64268592 1
7519 4372 64268602 1
7552 4219 64268612 1
7606 4074 64268622 1
7671 3966 64268632 1
7744 3895 64268642 1
7827 3848 64268652 1
7910 3840 64268662 1
7990 3862 64268672 1
8057 3905 64268682 1
8119 3961 64268692 1
8173 4020 64268702 1
8224 4080 64268712 1
8273 4137 64268722 1
8316 4192 64268732 1
8338 4220 64268742 1
8347 4231 64268752 1
8347 4231 64268762 1
8347 4231 64268772 1
8342 4221 64268782 1
8100 4502 64268933 0
8100 4502 64268943 1
8063 4521 64268953 1
8063 4521 64268963 1
8063 4526 64268973 1
8076 4526 64268983 1
8089 4533 64268993 1
8135 4533 64269003 1
8202 4543 64269013 1
8237 4548 64269023 1
8286 4548 64269033 1
8344 4548 64269043 1
8389 4548 64269053 1
8423 4535 64269063 1
8449 4516 64269073 1
8470 4487 64269083 1
8484 4450 64269093 1
8493 4401 64269103 1
8493 4328 64269113 1
8493 4241 64269123 1
8484 4144 64269133 1
8472 4025 64269143 1
8462 3892 64269153 1
8452 3750 64269163 1
8444 3620 64269173 1
8437 3521 64269183 1
8437 3439 64269193 1
8437 3381 64269203 1
8437 3351 64269213 1
8437 3340 64269223 1
8437 3340 64269233 1
8437 3361 64269243 1
8437 3391 64269253 1
8444 3437 64269263 1
9174 4145 64269574 0
9231 4161 64269584 1
9243 4186 64269594 1
9243 4223 64269604 1
9250 4268 64269614 1
9250 4312 64269624 1
9235 4358 64269634 1
9214 4406 64269644 1
9186 4445 64269654 1
9153 4478 64269664 1
9116 4492 64269674 1
9078 4492 64269684 1
9038 4483 64269694 1
8989 4448 64269704 1
8935 4399 64269714 1
8877 4319 64269724 1
8832 4223 64269734 1
8802 4117 64269744 1
8781 4013 64269754 1
8781 3915 64269764 1
8798 3820 64269774 1
8825 3752 64269784 1
8860 3715 64269794 1
8895 3699 64269804 1
8931 3699 64269814 1
8969 3729 64269824 1
9011 3775 64269834 1
9056 3844 64269844 1
9094 3915 64269854 1
9126 3987 64269864 1
9151 4059 64269874 1
9166 4126 64269884 1
9174 4164 64269894 1
9174 4184 64269904 1
9180 4184 64269914 1
9185 4184 64269924 1
9194 4152 64269934 1
9206 4104 64269944 1
9218 4038 64269954 1
9233 3964 64269964 1
9250 3886 64269974 1
9274 3823 64269984 1
9304 3785 64269994 1
9338 3764 64270004 1
9375 3764 64270014 1
9418 3798 64270024 1
9464 3846 64270034 1
9510 3910 64270044 1
9553 3980 64270054 1
9589 4055 64270064 1
9621 4144 64270074 1
9647 4227 64270084 1
9665 4305 64270094 1
9678 4335 64270104 1
9689 4350 64270114 1
9695 4350 64270124 1
9695 4350 64270134 1
9704 4310 64270144 1
9710 4256 64270154 1
9710 4185 64270164 1
9718 4110 64270174 1
9724 4031 64270184 1
9731 3953 64270194 1
9738 3890 64270204 1
9744 3837 64270214 1
9751 3806 64270224 1
9756 3794 64270234 1
9756 3794 64270244 1
9767 3811 64270254 1
9793 3862 64270264 1
9830 3938 64270274 1
9870 4017 64270284 1
9912 4100 64270294 1
9959 4187 64270295 1
10003 4253 64270305 1
10043 4292 64270315 1
10081 4312 64270325 1
10112 4322 64270335 1
10139 4314 64270345 1
10158 4293 64270355 1
10170 4248 64270365 1
10177 4186 64270375 1
10177 4114 64270385 1
10182 4038 64270395 1
10188 3963 64270405 1
10195 3903 64270415 1
10206 3853 64270425 1
10223 3816 64270435 1
10246 3788 64270445 1
10279 3766 64270455 1
10322 3759 64270465 1
10375 3771 64270475 1
10436 3796 64270485 1
10500 3841 64270495 1
10561 3901 64270505 1
10613 3970 64270515 1
10659 4044 64270525 1
10700 4131 64270535 1
10719 4226 64270545 1
10719 4316 64270555 1
10705 4380 64270565 1
10682 4428 64270575 1
10656 4453 64270585 1
10635 4459 64270595 1
10607 4452 64270605 1
10574 4430 64270615 1
10542 4388 64270625 1
10514 4334 64270635 1
10494 4264 64270645 1
10482 4192 64270655 1
10482 4115 64270665 1
10499 4042 64270675 1
10524 3983 64270685 1
10553 3933 64270695 1
10589 3897 64270705 1
10632 3887 64270715 1
10679 3894 64270725 1
10727 3930 64270735 1
10774 3982 64270745 1
10816 4045 64270755 1
10842 4110 64270765 1
10856 4178 64270775 1
10856 4248 64270785 1
10856 4295 64270795 1
10851 4320 64270805 1
10851 4331 64270815 1
10851 4331 64270825 1
10845 4331 64270835 1
10837 4303 64270845 1
10827 4263 64270855 1
10820 4204 64270865 1
10812 4140 64270875 1
10804 4064 64270885 1
10799 3982 64270895 1
10799 3886 64270905 1
10799 3780 64270915 1
10799 3672 64270925 1
10799 3566 64270935 1
10806 3462 64270945 1
10806 3338 64270955 1
10806 3200 64270965 1
10792 3054 64270975 1
10782 2922 64270985 1
10765 2790 64270995 1
10742 2687 64271005 1
10716 2604 64271015 1
10689 2560 64271025 1
10660 2538 64271035 1
10624 2530 64271045 1
10573 2535 64271055 1
10512 2549 64271065 1
10442 2568 64271075 1
10371 2593 64271085 1
10298 2618 64271095 1
10224 2658 64271105 1
10153 2708 64271115 1
10089 2773 64271125 1
10036 2845 64271135 1
9991 2921 64271145 1
9967 3008 64271155 1
9955 3093 64271165 1
9955 3162 64271175 1
9962 3221 64271185 1
9967 3278 64271195 1
9976 3334 64271205 1
9984 3372 64271215 1
9991 3398 64271225 1
