459
2908 6242 85680682 0
2908 6242 85680692 1
2875 6271 85680702 1
2869 6271 85680712 1
2864 6271 85680722 1
2854 6229 85680732 1
2840 6168 85680742 1
2840 6062 85680752 1
2840 5951 85680762 1
2845 5815 85680772 1
2860 5665 85680782 1
2881 5529 85680792 1
2919 5426 85680802 1
2969 5344 85680812 1
3023 5297 85680822 1
3081 5284 85680832 1
3144 5295 85680842 1
3206 5348 85680852 1
3266 5431 85680862 1
3317 5533 85680872 1
3352 5609 85680882 1
3376 5681 85680892 1
3384 5727 85680902 1
3384 5759 85680912 1
3384 5767 85680922 1
3384 5767 85680932 1
3378 5767 85680942 1
3378 5767 85680952 1
3378 5767 85680962 1
3369 5740 85680972 1
3359 5697 85680982 1
3359 5655 85680992 1
3359 5610 85681002 1
3359 5558 85681012 1
3373 5502 85681022 1
3390 5445 85681032 1
3419 5390 85681042 1
3456 5333 85681052 1
3505 5287 85681062 1
3558 5248 85681072 1
3624 5226 85681082 1
3698 5226 85681092 1
3774 5240 85681102 1
3848 5284 85681112 1
3918 5371 85681122 1
3985 5486 85681132 1
4037 5593 85681142 1
4073 5698 85681152 1
4097 5817 85681162 1
4103 5946 85681172 1
4089 6033 85681182 1
4062 6093 85681192 1
4027 6136 85681202 1
3990 6171 85681212 1
3951 6190 85681222 1
3922 6199 85681232 1
3899 6199 85681242 1
3888 6205 85681252 1
3888 6205 85681262 1
4554 5724 85681453 0
4542 5752 85681463 1
4522 5763 85681473 1
4497 5772 85681483 1
4469 5780 85681493 1
4442 5788 85681503 1
4411 5795 85681513 1
4378 5800 85681523 1
4344 5800 85681533 1
4310 5784 85681543 1
4274 5759 85681553 1
4237 5711 85681563 1
4199 5636 85681573 1
4178 5543 85681583 1
4167 5481 85681593 1
4167 5417 85681603 1
4181 5367 85681613 1
4202 5327 85681623 1
4233 5305 85681633 1
4272 5305 85681643 1
4319 5330 85681653 1
4376 5396 85681663 1
4428 5463 85681673 1
4476 5531 85681683 1
4504 5583 85681693 1
4519 5622 85681703 1
4526 5653 85681713 1
4526 5653 85681723 1
4526 5658 85681733 1
4526 5658 85681743 1
4526 5653 85681753 1
4526 5644 85681763 1
4532 5600 85681773 1
4544 5536 85681783 1
4559 5478 85681793 1
4580 5427 85681803 1
4613 5382 85681813 1
4656 5356 85681823 1
4706 5356 85681833 1
4767 5377 85681843 1
4835 5434 85681853 1
4896 5499 85681863 1
4944 5570 85681873 1
4984 5620 85681883 1
5005 5652 85681893 1
5013 5671 85681903 1
5013 5690 85681913 1
5013 5708 85681923 1
5013 5723 85681933 1
5008 5730 85681943 1
5008 5730 85681953 1
5008 5725 85681963 1
5008 5725 85681973 1
4998 5680 85681983 1
4980 5620 85681993 1
4964 5548 85682003 1
4951 5475 85682013 1
4943 5411 85682023 1
4943 5372 85682033 1
4943 5346 85682043 1
4943 5346 85682053 1
4943 5346 85682063 1
4943 5352 85682073 1
4969 5407 85682083 1
5003 5473 85682093 1
5043 5547 85682103 1
5085 5597 85682113 1
5133 5643 85682123 1
5190 5687 85682133 1
5250 5731 85682143 1
5305 5757 85682153 1
5339 5757 85682163 1
5362 5750 85682173 1
5369 5708 85682183 1
5369 5653 85682193 1
5355 5589 85682203 1
5355 5509 85682213 1
5355 5446 85682223 1
5372 5394 85682233 1
5396 5356 85682243 1
5430 5340 85682253 1
5474 5340 85682263 1
5533 5377 85682273 1
5602 5435 85682283 1
5676 5507 85682293 1
5750 5568 85682303 1
5809 5627 85682313 1
5857 5683 85682323 1
5889 5737 85682333 1
5906 5791 85682343 1
5913 5841 85682353 1
5904 5883 85682363 1
5890 5910 85682373 1
5872 5932 85682383 1
5852 5947 85682393 1
5821 5954 85682403 1
5783 5954 85682413 1
5744 5944 85682423 1
5706 5921 85682433 1
5671 5888 85682443 1
5640 5841 85682453 1
5613 5792 85682463 1
5590 5744 85682473 1
5575 5690 85682483 1
5566 5629 85682493 1
5566 5587 85682503 1
5581 5545 85682513 1
5599 5525 85682523 1
5626 5520 85682533 1
5671 5536 85682543 1
5728 5583 85682553 1
5784 5650 85682563 1
5821 5705 85682573 1
5845 5743 85682583 1
5853 5771 85682593 1
5853 5771 85682603 1
5853 5771 85682613 1
5853 5771 85682623 1
5842 5765 85682633 1
5833 5726 85682643 1
5813 5663 85682653 1
5795 5572 85682663 1
5777 5476 85682673 1
5769 5377 85682683 1
5761 5262 85682693 1
5761 5152 85682703 1
5756 5046 85682713 1
5756 4939 85682723 1
5743 4809 85682733 1
5723 4664 85682743 1
5701 4557 85682753 1
5674 4467 85682763 1
5643 4389 85682773 1
5613 4346 85682783 1
5577 4323 85682793 1
5538 4313 85682803 1
5495 4328 85682813 1
5452 4373 85682823 1
5408 4437 85682833 1
5363 4529 85682843 1
5323 4615 85682853 1
5287 4689 85682863 1
5259 4758 85682873 1
5245 4815 85682883 1
5240 4859 85682893 1
5250 4894 85682903 1
5278 4935 85682913 1
5318 4990 85682923 1
5380 5055 85682933 1
5445 5117 85682943 1
5517 5165 85682953 1
5589 5203 85682963 1
5659 5229 85682973 1
5732 5241 85682983 1
5806 5241 85682993 1
5878 5241 85683003 1
5944 5241 85683013 1
6008 5250 85683023 1
6086 5270 85683033 1
7068 5719 85683456 0
7068 5719 85683466 1
7068 5719 85683476 1
7068 5719 85683486 1
7068 5719 85683496 1
7068 5719 85683506 1
7106 5726 85683516 1
7142 5771 85683526 1
7188 5834 85683536 1
7228 5908 85683546 1
7248 5968 85683556 1
7255 6016 85683566 1
7245 6056 85683576 1
7217 6091 85683586 1
7177 6112 85683596 1
7129 6125 85683606 1
7078 6125 85683616 1
7026 6103 85683626 1
6981 6070 85683636 1
6934 6009 85683646 1
6887 5918 85683656 1
6834 5806 85683666 1
6777 5701 85683676 1
6735 5579 85683686 1
6711 5447 85683696 1
6699 5337 85683706 1
6711 5255 85683716 1
6728 5193 85683726 1
6760 5155 85683736 1
6800 5137 85683746 1
6852 5132 85683756 1
6908 5148 85683766 1
6975 5198 85683776 1
7049 5270 85683786 1
7116 5363 85683796 1
7176 5452 85683806 1
7217 5517 85683816 1
7231 5569 85683826 1
7231 5581 85683836 1
7209 5593 85683846 1
7178 5606 85683856 1
7138 5606 85683866 1
7095 5606 85683876 1
7054 5598 85683886 1
7032 5598 85683896 1
7022 5593 85683906 1
7022 5593 85683916 1
7027 5593 85683926 1
7027 5593 85683936 1
7040 5593 85683946 1
7071 5585 85683956 1
7115 5585 85683966 1
7165 5585 85683976 1
7211 5593 85683986 1
7253 5593 85683996 1
7296 5593 85684007 1
7325 5593 85684017 1
7345 5575 85684027 1
7361 5529 85684037 1
7367 5463 85684047 1
7367 5360 85684057 1
7357 5257 85684067 1
7348 5171 85684077 1
7339 5096 85684087 1
7331 5034 85684097 1
7326 5000 85684107 1
7326 4984 85684117 1
7332 4977 85684127 1
7341 4977 85684137 1
7958 5523 85684347 0
7920 5593 85684357 1
7895 5610 85684367 1
7867 5621 85684377 1
7838 5627 85684387 1
7809 5627 85684397 1
7778 5598 85684407 1
7737 5554 85684417 1
7690 5485 85684427 1
7653 5402 85684437 1
7631 5311 85684447 1
7619 5245 85684457 1
7619 5196 85684467 1
7631 5159 85684477 1
7654 5132 85684487 1
7684 5126 85684497 1
7735 5135 85684507 1
7799 5184 85684517 1
7868 5254 85684527 1
7927 5337 85684537 1
7965 5419 85684547 1
7991 5465 85684557 1
7991 5488 85684567 1
7996 5488 85684577 1
7996 5488 85684587 1
7990 5483 85684597 1
7990 5443 85684607 1
7982 5378 85684617 1
7977 5324 85684627 1
7990 5275 85684637 1
8005 5230 85684647 1
8035 5206 85684657 1
8073 5192 85684667 1
8125 5185 85684677 1
8182 5211 85684687 1
8249 5264 85684697 1
8321 5336 85684707 1
8382 5414 85684717 1
8436 5488 85684727 1
8469 5539 85684737 1
8487 5577 85684747 1
8496 5586 85684757 1
8496 5586 85684767 1
8496 5586 85684777 1
8496 5586 85684787 1
8496 5578 85684797 1
8489 5546 85684807 1
8479 5497 85684817 1
8459 5422 85684827 1
8435 5344 85684837 1
8407 5280 85684847 1
8393 5225 85684857 1
8384 5194 85684867 1
8384 5179 85684877 1
8384 5174 85684887 1
8384 5174 85684897 1
8390 5195 85684907 1
8418 5223 85684917 1
8460 5289 85684927 1
8515 5363 85684937 1
8566 5442 85684947 1
8613 5485 85684957 1
8659 5523 85684967 1
8698 5543 85684977 1
8732 5552 85684987 1
8746 5540 85684997 1
8756 5522 85685007 1
8764 5480 85685017 1
8764 5425 85685027 1
8775 5357 85685037 1
8788 5297 85685047 1
8809 5247 85685057 1
8837 5202 85685067 1
8872 5181 85685077 1
8922 5172 85685087 1
8981 5172 85685097 1
9043 5187 85685107 1
9110 5221 85685117 1
9184 5267 85685127 1
9259 5313 85685137 1
9334 5368 85685147 1
9398 5430 85685157 1
9453 5485 85685167 1
9493 5540 85685177 1
9520 5595 85685187 1
9537 5651 85685197 1
9551 5706 85685207 1
9551 5756 85685217 1
9551 5797 85685227 1
9537 5834 85685237 1
9519 5863 85685247 1
9496 5882 85685257 1
9470 5894 85685267 1
9444 5900 85685277 1
9417 5890 85685287 1
9388 5870 85685297 1
9351 5826 85685307 1
9315 5787 85685317 1
9282 5752 85685327 1
9249 5712 85685337 1
9222 5679 85685347 1
9199 5636 85685357 1
9179 5585 85685367 1
9165 5536 85685377 1
9160 5487 85685387 1
9160 5432 85685397 1
9172 5376 85685407 1
9187 5322 85685417 1
9209 5282 85685427 1
9237 5258 85685437 1
9273 5246 85685447 1
9315 5261 85685457 1
9366 5305 85685467 1
9423 5368 85685477 1
9480 5445 85685487 1
9517 5503 85685497 1
9540 5548 85685507 1
9552 5588 85685517 1
9552 5612 85685527 1
9552 5625 85685537 1
9545 5638 85685547 1
9539 5647 85685557 1
9539 5647 85685567 1
9534 5647 85685577 1
9534 5647 85685587 1
9524 5619 85685597 1
9507 5577 85685607 1
9492 5530 85685617 1
9477 5480 85685627 1
9460 5421 85685637 1
9440 5356 85685647 1
9421 5272 85685657 1
9402 5185 85685667 1
9395 5113 85685677 1
9395 5053 85685687 1
9395 4974 85685697 1
9390 4891 85685707 1
9385 4798 85685717 1
9380 4705 85685727 1
9372 4614 85685737 1
9362 4532 85685747 1
9354 4456 85685757 1
9343 4385 85685767 1
9331 4290 85685777 1
9319 4233 85685787 1
9307 4202 85685797 1
9295 4191 85685807 1
9282 4184 85685817 1
9254 4179 85685827 1
9216 4189 85685837 1
9178 4223 85685847 1
9141 4273 85685857 1
9107 4335 85685867 1
9076 4398 85685877 1
9051 4460 85685887 1
9032 4523 85685897 1
9020 4595 85685907 1
9020 4673 85685917 1
9038 4763 85685927 1
9079 4870 85685937 1
9124 4988 85685947 1
9177 5046 85685957 1
9234 5108 85685967 1
9307 5172 85685977 1
9395 5212 85685987 1
9494 5247 85685997 1
9595 5271 85686007 1
9694 5295 85686017 1
9792 5321 85686027 1
9896 5360 85686037 1
9974 5386 85686047 1
10035 5403 85686057 1
