421
2430 4907 22273961 0
2479 4949 22273971 1
2424 4976 22273981 1
2396 4988 22273991 1
2388 4996 22274001 1
2393 4996 22274011 1
2384 4991 22274021 1
2354 4926 22274031 1
2309 4821 22274041 1
2265 4695 22274051 1
2224 4579 22274061 1
2207 4470 22274071 1
2207 4274 22274081 1
2217 4093 22274091 1
2233 3921 22274101 1
2254 3730 22274111 1
2293 3644 22274121 1
2345 3627 22274131 1
2419 3651 22274141 1
2499 3715 22274151 1
2587 3806 22274161 1
2660 3906 22274171 1
2723 4014 22274181 1
2773 4128 22274191 1
2814 4238 22274201 1
2848 4321 22274211 1
2880 4386 22274221 1
2899 4409 22274231 1
2909 4417 22274241 1
2918 4417 22274251 1
2927 4406 22274261 1
2938 4392 22274271 1
2951 4341 22274281 1
2961 4268 22274291 1
2961 4157 22274301 1
2961 4026 22274311 1
2961 3882 22274321 1
2961 3718 22274331 1
2976 3601 22274341 1
3010 3515 22274351 1
3059 3459 22274361 1
3123 3426 22274371 1
3189 3408 22274381 1
3258 3408 22274391 1
3324 3429 22274401 1
3390 3462 22274411 1
3448 3510 22274421 1
3501 3572 22274431 1
3551 3643 22274441 1
3602 3741 22274451 1
3656 3852 22274461 1
3711 3973 22274471 1
3742 4080 22274481 1
3757 4197 22274491 1
3757 4322 22274501 1
3743 4449 22274511 1
3725 4570 22274521 1
3720 4678 22274531 1
3720 4777 22274541 1
3720 4864 22274551 1
3726 4926 22274561 1
3726 4973 22274571 1
3713 5005 22274581 1
3706 5032 22274591 1
3700 5051 22274601 1
3691 5069 22274611 1
3679 5084 22274621 1
3679 5094 22274631 1
3673 5101 22274641 1
3673 5101 22274651 1
3673 5101 22274661 1
3673 5101 22274671 1
3673 5101 22274681 1
3673 5101 22274691 1
4498 4416 22274902 0
4355 4360 22274912 1
4221 4397 22274922 1
4114 4366 22274932 1
4025 4296 22274942 1
3973 4199 22274952 1
3942 4070 22274962 1
3924 3938 22274972 1
3933 3802 22274982 1
3946 3727 22274992 1
3985 3693 22275002 1
4041 3693 22275012 1
4120 3748 22275022 1
4207 3835 22275032 1
4299 3950 22275042 1
4360 4047 22275052 1
4396 4131 22275062 1
4415 4192 22275072 1
4415 4249 22275082 1
4408 4285 22275092 1
4391 4308 22275102 1
4374 4308 22275112 1
4350 4270 22275122 1
4320 4213 22275132 1
4302 4115 22275142 1
4289 4017 22275152 1
4289 3932 22275162 1
4306 3856 22275172 1
4328 3803 22275182 1
4351 3768 22275192 1
4382 3744 22275202 1
4421 3736 22275212 1
4467 3750 22275222 1
4516 3780 22275232 1
4565 3823 22275242 1
4603 3865 22275252 1
4636 3907 22275262 1
4664 3949 22275272 1
4692 3993 22275282 1
4719 4039 22275292 1
4744 4074 22275302 1
4764 4106 22275312 1
4779 4130 22275322 1
4790 4150 22275332 1
4805 4167 22275342 1
4812 4179 22275352 1
4812 4179 22275362 1
4812 4179 22275372 1
4804 4166 22275382 1
4793 4111 22275392 1
4764 4026 22275402 1
4734 3942 22275412 1
4704 3868 22275422 1
4697 3802 22275432 1
4692 3771 22275442 1
4692 3764 22275452 1
4692 3773 22275462 1
4701 3788 22275472 1
4717 3836 22275482 1
4751 3907 22275492 1
4795 3986 22275502 1
4840 4069 22275512 1
4886 4155 22275522 1
4931 4237 22275532 1
4969 4295 22275542 1
5001 4338 22275552 1
5022 4365 22275562 1
5037 4372 22275572 1
5047 4365 22275582 1
5060 4339 22275592 1
5065 4292 22275602 1
5065 4230 22275612 1
5065 4164 22275622 1
5065 4097 22275632 1
5071 4029 22275642 1
5079 3960 22275652 1
5088 3890 22275662 1
5097 3819 22275672 1
5108 3749 22275682 1
5121 3697 22275692 1
5142 3657 22275702 1
5173 3634 22275712 1
5212 3634 22275722 1
5267 3634 22275732 1
5332 3677 22275742 1
5398 3732 22275752 1
5466 3798 22275762 1
5524 3854 22275772 1
5574 3908 22275782 1
5630 3957 22275792 1
5692 4017 22275802 1
5764 4084 22275812 1
5836 4149 22275822 1
5883 4208 22275832 1
5914 4254 22275842 1
5924 4280 22275852 1
5924 4293 22275862 1
5912 4304 22275872 1
5896 4309 22275882 1
5873 4289 22275892 1
5844 4254 22275902 1
5796 4187 22275912 1
5737 4108 22275922 1
5671 4021 22275932 1
5605 3935 22275942 1
5543 3859 22275952 1
5507 3791 22275962 1
5486 3755 22275972 1
5502 3740 22275982 1
5522 3740 22275992 1
5567 3732 22276002 1
5628 3743 22276012 1
5692 3767 22276022 1
5756 3815 22276032 1
5806 3875 22276042 1
5847 3943 22276052 1
5877 4011 22276062 1
5898 4076 22276072 1
5913 4137 22276082 1
5913 4165 22276092 1
5919 4173 22276102 1
5919 4173 22276112 1
5919 4173 22276122 1
5909 4162 22276132 1
5893 4147 22276142 1
5872 4112 22276152 1
5849 4064 22276162 1
5829 4004 22276172 1
5815 3905 22276182 1
5803 3779 22276192 1
5792 3617 22276202 1
5762 3448 22276212 1
5719 3274 22276222 1
5651 3082 22276232 1
5576 2910 22276242 1
5497 2751 22276252 1
5415 2610 22276262 1
5330 2521 22276272 1
5244 2466 22276282 1
5213 2466 22276292 1
5208 2493 22276302 1
5219 2545 22276312 1
5246 2640 22276322 1
5321 2796 22276332 1
5428 2994 22276342 1
5575 3210 22276352 1
5734 3425 22276362 1
5901 3610 22276372 1
6029 3774 22276382 1
6130 3892 22276392 1
6214 3964 22276402 1
8032 5044 22277055 0
8076 5130 22277065 1
8044 5176 22277075 1
7997 5228 22277085 1
7936 5234 22277095 1
7833 5220 22277105 1
7703 5193 22277115 1
7573 5146 22277125 1
7445 5069 22277135 1
7321 4973 22277145 1
7207 4837 22277155 1
7121 4671 22277165 1
7052 4486 22277175 1
7020 4262 22277185 1
7025 4089 22277195 1
7055 3949 22277205 1
7119 3875 22277215 1
7201 3830 22277225 1
7296 3804 22277235 1
7383 3784 22277245 1
7475 3798 22277255 1
7569 3836 22277265 1
7692 3921 22277275 1
7804 4015 22277285 1
7853 4353 22277396 0
7851 4279 22277406 1
7814 4307 22277416 1
7800 4348 22277426 1
7800 4343 22277436 1
7787 4354 22277446 1
7773 4375 22277456 1
7764 4388 22277466 1
7764 4399 22277476 1
7764 4407 22277486 1
7776 4413 22277496 1
7814 4428 22277506 1
7870 4449 22277516 1
7933 4464 22277526 1
7996 4476 22277536 1
8057 4476 22277546 1
8107 4476 22277556 1
8152 4457 22277566 1
8188 4433 22277576 1
8221 4408 22277586 1
8253 4382 22277596 1
8274 4355 22277606 1
8282 4321 22277616 1
8282 4257 22277626 1
8262 4172 22277636 1
8232 4044 22277646 1
8195 3885 22277656 1
8147 3706 22277666 1
8102 3553 22277676 1
8061 3428 22277686 1
8046 3321 22277696 1
8046 3275 22277706 1
8064 3268 22277716 1
8078 3287 22277726 1
8089 3340 22277736 1
8132 3412 22277746 1
9180 4194 22278157 0
9170 4265 22278167 1
9131 4299 22278177 1
9077 4316 22278187 1
9013 4304 22278197 1
8943 4272 22278207 1
8868 4196 22278217 1
8806 4093 22278227 1
8765 3971 22278237 1
8737 3829 22278247 1
8726 3724 22278257 1
8742 3644 22278267 1
8776 3631 22278277 1
8823 3649 22278287 1
8877 3687 22278297 1
8939 3776 22278307 1
8997 3870 22278317 1
9044 3968 22278327 1
9085 4055 22278337 1
9119 4139 22278347 1
9140 4191 22278357 1
9151 4223 22278367 1
9151 4218 22278377 1
9145 4212 22278387 1
9135 4175 22278397 1
9111 4119 22278407 1
9087 4039 22278417 1
9066 3944 22278427 1
9049 3838 22278437 1
9049 3730 22278447 1
9059 3660 22278457 1
9083 3615 22278467 1
9111 3589 22278477 1
9148 3589 22278487 1
9196 3597 22278497 1
9253 3643 22278507 1
9314 3710 22278517 1
9375 3790 22278527 1
9418 3864 22278537 1
9452 3932 22278547 1
9490 3995 22278557 1
9528 4056 22278567 1
9568 4096 22278577 1
9606 4131 22278587 1
9638 4154 22278597 1
9667 4159 22278607 1
9674 4154 22278617 1
9674 4134 22278627 1
9666 4084 22278637 1
9642 4015 22278647 1
9611 3916 22278657 1
9576 3807 22278667 1
9545 3692 22278677 1
9519 3617 22278687 1
9512 3591 22278697 1
9512 3599 22278707 1
9527 3621 22278717 1
9562 3699 22278727 1
9612 3814 22278737 1
9674 3930 22278747 1
9736 4031 22278757 1
9799 4121 22278767 1
9864 4191 22278777 1
9927 4256 22278787 1
9968 4280 22278797 1
9993 4280 22278807 1
10003 4253 22278817 1
10003 4195 22278827 1
9988 4115 22278837 1
9972 4020 22278847 1
9956 3920 22278857 1
9942 3829 22278867 1
9949 3745 22278877 1
9969 3711 22278887 1
10022 3690 22278897 1
10074 3678 22278907 1
10124 3672 22278917 1
10169 3672 22278927 1
10212 3682 22278937 1
10253 3708 22278947 1
10304 3770 22278957 1
10379 3856 22278967 1
10471 3946 22278977 1
10568 4033 22278987 1
10652 4119 22278997 1
10726 4194 22279007 1
10782 4267 22279017 1
10820 4334 22279027 1
10846 4389 22279037 1
10864 4419 22279047 1
10869 4433 22279057 1
10864 4433 22279067 1
10842 4404 22279077 1
10783 4358 22279087 1
10699 4279 22279097 1
10598 4180 22279107 1
10482 4068 22279117 1
10356 3939 22279127 1
10259 3809 22279137 1
10217 3714 22279147 1
10211 3643 22279157 1
10251 3616 22279167 1
10330 3616 22279177 1
10436 3636 22279187 1
10532 3688 22279197 1
10618 3786 22279207 1
10697 3915 22279217 1
10771 4055 22279227 1
10816 4178 22279237 1
10842 4257 22279247 1
10842 4313 22279257 1
10826 4344 22279267 1
10809 4344 22279277 1
10793 4312 22279279 1
10765 4222 22279289 1
10730 4108 22279299 1
10694 3978 22279309 1
10656 3817 22279319 1
10616 3636 22279329 1
10561 3442 22279339 1
10500 3252 22279349 1
10434 3071 22279359 1
10359 2923 22279369 1
10285 2794 22279379 1
10212 2688 22279389 1
10130 2617 22279399 1
10043 2570 22279409 1
9959 2548 22279419 1
9914 2586 22279429 1
9894 2663 22279439 1
9978 2855 22279449 1
10149 3100 22279459 1
10379 3381 22279469 1
10673 3671 22279479 1
10915 3879 22279489 1
11121 4033 22279499 1
