389
1809 5358 8222546 0
1835 5400 8222556 1
1830 5420 8222566 1
1815 5447 8222576 1
1815 5447 8222586 1
1808 5400 8222596 1
1808 5326 8222606 1
1808 5200 8222616 1
1808 5056 8222626 1
1821 4900 8222636 1
1839 4756 8222646 1
1871 4669 8222656 1
1912 4619 8222666 1
1963 4600 8222676 1
2021 4613 8222686 1
2094 4648 8222696 1
2158 4728 8222706 1
2217 4826 8222716 1
2253 4935 8222726 1
2276 5017 8222736 1
2290 5070 8222746 1
2290 5104 8222756 1
2290 5112 8222766 1
2290 5112 8222776 1
2290 5104 8222786 1
2301 5048 8222796 1
2327 4962 8222806 1
2364 4857 8222816 1
2417 4751 8222826 1
2475 4684 8222836 1
2549 4643 8222846 1
2632 4643 8222856 1
2732 4690 8222866 1
2826 4773 8222876 1
2915 4898 8222886 1
2993 5032 8222896 1
3061 5172 8222906 1
3121 5307 8222916 1
3149 5440 8222926 1
3137 5550 8222936 1
3098 5647 8222946 1
3032 5739 8222956 1
2959 5802 8222966 1
2880 5847 8222976 1
2814 5861 8222986 1
2754 5848 8222996 1
2703 5816 8223006 1
3516 4695 8223167 0
3506 4744 8223177 1
3506 4781 8223187 1
3498 4835 8223197 1
3498 4901 8223207 1
3490 4958 8223217 1
3484 5027 8223227 1
3474 5089 8223237 1
3460 5142 8223247 1
3439 5180 8223257 1
3413 5194 8223267 1
3384 5194 8223277 1
3342 5166 8223287 1
3296 5109 8223297 1
3246 5033 8223307 1
3200 4937 8223317 1
3172 4825 8223327 1
3155 4703 8223337 1
3164 4620 8223347 1
3194 4566 8223357 1
3237 4532 8223367 1
3285 4524 8223377 1
3336 4542 8223387 1
3389 4577 8223397 1
3432 4634 8223407 1
3467 4698 8223417 1
3488 4766 8223427 1
3500 4830 8223437 1
3506 4884 8223447 1
3499 4915 8223457 1
3488 4933 8223467 1
3475 4933 8223477 1
3459 4933 8223487 1
3444 4900 8223497 1
3432 4856 8223507 1
3432 4782 8223517 1
3432 4707 8223527 1
3450 4645 8223537 1
3484 4593 8223547 1
3528 4557 8223557 1
3589 4540 8223567 1
3655 4535 8223577 1
3728 4556 8223587 1
3795 4596 8223597 1
3849 4650 8223607 1
3897 4715 8223617 1
3935 4784 8223627 1
3962 4857 8223637 1
3982 4916 8223647 1
3992 4972 8223657 1
3992 5018 8223667 1
3983 5040 8223677 1
3975 5046 8223687 1
3962 5046 8223697 1
3946 5006 8223707 1
3926 4949 8223717 1
3906 4854 8223727 1
3891 4759 8223737 1
3880 4686 8223747 1
3880 4627 8223757 1
3880 4586 8223767 1
3880 4565 8223777 1
3893 4558 8223787 1
3906 4558 8223798 1
3925 4589 8223808 1
3945 4635 8223818 1
3964 4701 8223828 1
3979 4770 8223838 1
3993 4842 8223848 1
4007 4886 8223858 1
4021 4927 8223868 1
4035 4953 8223878 1
4050 4970 8223888 1
4062 4979 8223898 1
4071 4985 8223908 1
4083 4985 8223918 1
4096 4971 8223928 1
4110 4945 8223938 1
4122 4910 8223948 1
4131 4862 8223958 1
4136 4810 8223968 1
4146 4753 8223978 1
4159 4700 8223988 1
4178 4655 8223998 1
4201 4614 8224008 1
4237 4582 8224018 1
4281 4550 8224028 1
4338 4530 8224038 1
4411 4519 8224048 1
4494 4530 8224058 1
4598 4557 8224068 1
4711 4594 8224078 1
4829 4648 8224088 1
4913 4717 8224098 1
4979 4795 8224108 1
5034 4875 8224118 1
5067 4949 8224128 1
5067 4994 8224138 1
5050 5022 8224148 1
5007 5045 8224158 1
4951 5068 8224168 1
4886 5088 8224178 1
4832 5088 8224188 1
4784 5075 8224198 1
4744 5037 8224208 1
4708 4981 8224208 1
4691 4914 8224218 1
4680 4824 8224228 1
4701 4753 8224238 1
4742 4696 8224248 1
4796 4660 8224258 1
4847 4646 8224268 1
4896 4646 8224278 1
4947 4670 8224288 1
4987 4713 8224298 1
5020 4770 8224308 1
5035 4831 8224318 1
5035 4866 8224328 1
5023 4884 8224338 1
5006 4884 8224348 1
4989 4890 8224358 1
4970 4871 8224368 1
4949 4840 8224378 1
4934 4773 8224388 1
4920 4674 8224398 1
4908 4555 8224408 1
4895 4408 8224418 1
4883 4234 8224428 1
4863 4041 8224438 1
4837 3881 8224448 1
4808 3743 8224458 1
4773 3619 8224468 1
4728 3532 8224478 1
4675 3482 8224488 1
4635 3457 8224498 1
4597 3462 8224508 1
4545 3524 8224518 1
4484 3623 8224528 1
4425 3801 8224538 1
4394 3991 8224548 1
4381 4190 8224558 1
4392 4392 8224568 1
4423 4520 8224578 1
4467 4599 8224588 1
4522 4653 8224598 1
6350 4950 8224909 0
6459 5044 8224919 1
6490 5097 8224929 1
6521 5148 8224939 1
6548 5211 8224949 1
6548 5284 8224959 1
6543 5330 8224969 1
6517 5371 8224979 1
6474 5400 8224989 1
6419 5419 8224999 1
6346 5431 8225009 1
6264 5417 8225019 1
6175 5388 8225029 1
6093 5297 8225039 1
6011 5168 8225049 1
5951 5014 8225059 1
5904 4826 8225069 1
5895 4636 8225079 1
5921 4480 8225089 1
5970 4347 8225099 1
6049 4239 8225109 1
6149 4183 8225119 1
6263 4162 8225129 1
6371 4171 8225139 1
6462 4201 8225149 1
6541 4245 8225159 1
6601 4311 8225169 1
6642 4383 8225179 1
6671 4458 8225189 1
6276 4801 8225250 0
6170 4690 8225260 1
6125 4690 8225270 1
6131 4690 8225280 1
6141 4690 8225290 1
6158 4704 8225300 1
6204 4714 8225310 1
6268 4727 8225320 1
6340 4743 8225330 1
6410 4753 8225340 1
6468 4761 8225350 1
6518 4761 8225360 1
6553 4761 8225370 1
6576 4748 8225380 1
6592 4704 8225390 1
6592 4640 8225400 1
6592 4553 8225410 1
6579 4465 8225420 1
6572 4381 8225430 1
6572 4315 8225440 1
6572 4258 8225450 1
6579 4218 8225460 1
6589 4193 8225470 1
6602 4179 8225480 1
6614 4179 8225490 1
6626 4187 8225500 1
6643 4206 8225510 1
6675 4241 8225520 1
7147 4414 8225600 0
7231 4516 8225610 1
7244 4568 8225620 1
7244 4627 8225630 1
7244 4685 8225640 1
7231 4747 8225650 1
7201 4813 8225660 1
7162 4872 8225670 1
7124 4890 8225680 1
7079 4881 8225690 1
7029 4832 8225700 1
6975 4757 8225710 1
6924 4666 8225720 1
6889 4588 8225730 1
6863 4521 8225740 1
6856 4461 8225750 1
6875 4415 8225760 1
6911 4391 8225770 1
6966 4382 8225780 1
7032 4401 8225790 1
7106 4434 8225800 1
7178 4476 8225810 1
7238 4522 8225820 1
7290 4567 8225830 1
7326 4612 8225840 1
7347 4653 8225850 1
7357 4688 8225860 1
7351 4709 8225870 1
7334 4720 8225880 1
7310 4713 8225891 1
7280 4685 8225901 1
7251 4642 8225911 1
7226 4578 8225921 1
7210 4510 8225931 1
7215 4445 8225941 1
7233 4385 8225951 1
7281 4345 8225961 1
7335 4321 8225971 1
7400 4308 8225981 1
7468 4308 8225991 1
7533 4328 8226001 1
7583 4358 8226011 1
7625 4407 8226021 1
7665 4466 8226031 1
7695 4532 8226041 1
7717 4590 8226051 1
7731 4647 8226061 1
7737 4698 8226071 1
7737 4732 8226081 1
7728 4755 8226091 1
7719 4755 8226101 1
7703 4755 8226111 1
7681 4717 8226121 1
7661 4660 8226131 1
7640 4582 8226141 1
7622 4504 8226151 1
7609 4430 8226161 1
7609 4379 8226171 1
7609 4341 8226181 1
7615 4326 8226191 1
7625 4326 8226201 1
7644 4345 8226211 1
7671 4408 8226221 1
7704 4487 8226231 1
7738 4578 8226241 1
7772 4662 8226251 1
7797 4715 8226261 1
7817 4748 8226271 1
7831 4756 8226281 1
7839 4756 8226291 1
7839 4747 8226301 1
7839 4747 8226311 1
7873 4712 8226321 1
7890 4671 8226331 1
7906 4612 8226341 1
7926 4545 8226351 1
7952 4472 8226361 1
7987 4394 8226371 1
8026 4344 8226381 1
8086 4312 8226391 1
8149 4291 8226401 1
8231 4291 8226411 1
8325 4339 8226421 1
8422 4415 8226431 1
8515 4499 8226441 1
8603 4593 8226451 1
8687 4695 8226461 1
8749 4791 8226471 1
8783 4883 8226481 1
8798 4954 8226491 1
8775 5012 8226501 1
8722 5061 8226511 1
8650 5092 8226521 1
8580 5110 8226531 1
8510 5117 8226541 1
8456 5094 8226551 1
8411 5051 8226561 1
8378 4999 8226571 1
8350 4944 8226581 1
8350 4854 8226591 1
8362 4742 8226601 1
8401 4660 8226611 1
8457 4612 8226621 1
8523 4586 8226631 1
8591 4586 8226641 1
8658 4617 8226651 1
8725 4668 8226661 1
8778 4745 8226671 1
8822 4827 8226681 1
8840 4912 8226691 1
8847 4977 8226701 1
8847 5037 8226711 1
8834 5069 8226721 1
8813 5085 8226731 1
8787 5078 8226741 1
8759 5042 8226751 1
8732 4988 8226761 1
8707 4903 8226771 1
8698 4775 8226781 1
8698 4618 8226791 1
8709 4459 8226801 1
8737 4291 8226811 1
8778 4117 8226821 1
8804 3974 8226831 1
8818 3810 8226841 1
8824 3633 8226851 1
8792 3549 8226861 1
8738 3480 8226871 1
8668 3420 8226881 1
8604 3386 8226891 1
8544 3392 8226901 1
8490 3425 8226911 1
8437 3486 8226921 1
8415 3578 8226931 1
8410 3692 8226941 1
8417 3863 8226951 1
8466 4038 8226961 1
8509 4215 8226971 1
8548 4368 8226981 1
8595 4480 8226991 1
