249
3431 6303 85886818 0
3440 6294 85886828 1
3431 6300 85886838 1
3431 6300 85886848 1
3431 6300 85886858 1
3431 6300 85886868 1
3431 6305 85886878 1
3431 6305 85886888 1
3431 6305 85886898 1
3425 6310 85886908 1
3418 6319 85886918 1
3409 6339 85886928 1
3409 6367 85886938 1
3409 6400 85886948 1
3423 6416 85886958 1
3437 6445 85886968 1
3476 6482 85886978 1
3532 6496 85886988 1
3582 6508 85886998 1
3643 6517 85887008 1
3712 6527 85887018 1
3776 6533 85887028 1
3821 6526 85887038 1
3854 6510 85887048 1
3885 6487 85887058 1
3909 6450 85887068 1
3927 6405 85887078 1
3943 6344 85887088 1
3957 6273 85887098 1
3969 6196 85887108 1
3985 6113 85887118 1
3995 6024 85887128 1
3995 5921 85887138 1
4000 5810 85887148 1
4000 5702 85887158 1
4000 5603 85887168 1
4000 5510 85887178 1
4000 5407 85887188 1
4000 5332 85887198 1
4006 5275 85887208 1
4015 5254 85887218 1
4015 5243 85887228 1
4015 5243 85887238 1
4015 5243 85887248 1
4020 5243 85887258 1
4020 5243 85887268 1
4012 5251 85887278 1
3990 5278 85887288 1
3958 5312 85887298 1
3922 5350 85887309 1
3876 5405 85887319 1
3824 5456 85887329 1
3763 5489 85887339 1
3696 5512 85887349 1
3625 5531 85887359 1
3561 5544 85887369 1
3515 5560 85887379 1
3481 5581 85887389 1
3458 5600 85887399 1
3452 5614 85887409 1
3457 5621 85887419 1
3477 5633 85887429 1
3513 5648 85887439 1
3560 5660 85887449 1
3629 5681 85887459 1
3700 5707 85887469 1
3774 5739 85887479 1
3847 5768 85887489 1
3911 5794 85887499 1
3969 5801 85887509 1
4009 5786 85887519 1
4034 5756 85887529 1
4050 5709 85887539 1
4057 5656 85887549 1
4046 5589 85887559 1
4023 5515 85887569 1
3996 5439 85887579 1
3961 5364 85887589 1
3920 5292 85887599 1
3883 5221 85887609 1
3861 5175 85887619 1
3850 5145 85887629 1
3839 5124 85887639 1
3839 5124 85887649 1
3844 5124 85887659 1
3844 5124 85887669 1
3865 5144 85887679 1
3899 5179 85887689 1
3960 5243 85887699 1
4039 5305 85887709 1
4131 5363 85887719 1
4234 5417 85887729 1
4336 5467 85887739 1
4438 5525 85887749 1
5475 6097 85888140 0
5475 6097 85888150 1
5448 6121 85888160 1
5448 6121 85888170 1
5448 6121 85888180 1
5448 6115 85888190 1
5455 6061 85888200 1
5455 5972 85888210 1
5464 5853 85888220 1
5464 5748 85888230 1
5464 5653 85888240 1
5458 5585 85888250 1
5458 5542 85888260 1
5458 5517 85888270 1
5463 5517 85888280 1
5463 5524 85888290 1
5468 5585 85888300 1
5475 5684 85888310 1
5486 5799 85888320 1
5498 5935 85888330 1
5511 6086 85888340 1
5521 6177 85888350 1
5534 6265 85888360 1
5553 6327 85888370 1
5577 6374 85888380 1
5605 6421 85888390 1
5646 6465 85888400 1
5695 6508 85888410 1
5762 6544 85888420 1
5830 6580 85888430 1
5898 6612 85888440 1
5964 6635 85888450 1
6018 6641 85888460 1
6063 6641 85888470 1
6101 6625 85888480 1
6133 6599 85888490 1
6160 6564 85888501 1
6185 6513 85888511 1
6207 6457 85888521 1
6228 6391 85888531 1
6252 6319 85888541 1
6272 6247 85888551 1
6288 6175 85888561 1
6297 6085 85888571 1
6305 5990 85888581 1
6312 5886 85888591 1
6312 5774 85888601 1
6322 5659 85888611 1
6331 5539 85888621 1
6340 5428 85888631 1
6355 5323 85888641 1
6371 5252 85888651 1
6385 5201 85888661 1
6397 5164 85888671 1
6397 5158 85888681 1
6397 5158 85888691 1
6397 5158 85888701 1
6376 5173 85888711 1
6337 5201 85888721 1
6286 5237 85888731 1
6228 5281 85888741 1
6166 5347 85888751 1
5986 6156 85889021 0
5986 6156 85889031 1
5986 6156 85889041 1
5986 6156 85889051 1
5986 6156 85889061 1
5977 6101 85889071 1
5950 6027 85889081 1
5929 5959 85889091 1
5905 5891 85889101 1
5879 5826 85889111 1
5854 5783 85889121 1
5820 5753 85889131 1
5780 5740 85889141 1
5745 5740 85889151 1
5707 5757 85889161 1
5666 5786 85889171 1
5631 5837 85889181 1
5606 5904 85889191 1
5592 5954 85889201 1
5585 6002 85889211 1
5585 6023 85889221 1
5585 6028 85889231 1
5585 6028 85889241 1
5597 6023 85889251 1
5635 6014 85889261 1
5692 5993 85889271 1
5752 5963 85889281 1
5815 5933 85889291 1
5881 5904 85889301 1
5947 5876 85889311 1
6015 5848 85889321 1
6085 5827 85889331 1
6511 6216 85889512 0
6519 6268 85889522 1
6514 6276 85889532 1
6514 6276 85889542 1
6514 6270 85889552 1
6514 6262 85889562 1
6532 6214 85889572 1
6547 6140 85889582 1
6560 6054 85889592 1
6576 5969 85889602 1
6590 5887 85889612 1
6602 5802 85889622 1
6614 5745 85889632 1
6622 5706 85889642 1
6629 5682 85889652 1
6629 5674 85889662 1
6629 5674 85889672 1
6904 6574 85889782 0
6912 6617 85889792 1
6912 6623 85889802 1
6912 6623 85889812 1
6912 6623 85889822 1
6912 6623 85889832 1
6912 6623 85889842 1
6925 6608 85889852 1
6938 6573 85889862 1
6952 6521 85889872 1
6963 6442 85889882 1
6972 6342 85889892 1
6978 6227 85889902 1
6991 6122 85889912 1
7004 6014 85889922 1
7020 5901 85889923 1
7036 5789 85889933 1
7056 5694 85889943 1
7078 5611 85889953 1
7100 5529 85889963 1
7124 5448 85889973 1
7149 5369 85889983 1
7175 5292 85889993 1
7193 5224 85890003 1
7206 5162 85890013 1
7215 5107 85890023 1
7215 5077 85890033 1
7215 5063 85890043 1
7215 5056 85890053 1
7215 5056 85890063 1
7215 5056 85890073 1
7215 5056 85890083 1
7215 5056 85890093 1
7215 5056 85890103 1
7205 5063 85890113 1
7188 5071 85890123 1
7159 5084 85890133 1
7121 5104 85890143 1
7076 5128 85890153 1
7028 5146 85890163 1
6981 5166 85890173 1
6929 5187 85890183 1
6872 5201 85890193 1
6804 5214 85890203 1
