244
2829 5603 35180700 0
2829 5603 35180710 1
2803 5624 35180720 1
2803 5646 35180730 1
2803 5662 35180740 1
2803 5683 35180750 1
2823 5708 35180760 1
2859 5739 35180770 1
2908 5769 35180780 1
2968 5796 35180790 1
3041 5819 35180800 1
3122 5834 35180810 1
3196 5841 35180820 1
3261 5841 35180830 1
3319 5834 35180840 1
3373 5819 35180850 1
3421 5808 35180860 1
3466 5801 35180870 1
3501 5796 35180880 1
3529 5791 35180890 1
3553 5785 35180900 1
3567 5777 35180910 1
3575 5769 35180920 1
3575 5761 35180930 1
3575 5753 35180940 1
3575 5743 35180950 1
3570 5730 35180960 1
3561 5714 35180970 1
3551 5690 35180980 1
3539 5660 35180990 1
3526 5612 35181000 1
3515 5553 35181010 1
3508 5467 35181020 1
3508 5351 35181030 1
3508 5216 35181040 1
3508 5087 35181050 1
3508 4960 35181060 1
3516 4834 35181070 1
3523 4725 35181080 1
3529 4644 35181090 1
3529 4583 35181100 1
3535 4529 35181110 1
3535 4498 35181120 1
3535 4482 35181130 1
3535 4482 35181140 1
3526 4482 35181150 1
3514 4492 35181160 1
3481 4526 35181170 1
3436 4585 35181180 1
3383 4660 35181190 1
3319 4741 35181200 1
3258 4818 35181210 1
3218 4864 35181220 1
3191 4892 35181230 1
3176 4912 35181240 1
3164 4929 35181250 1
3158 4944 35181260 1
3158 4965 35181270 1
3174 4989 35181280 1
3211 5009 35181290 1
3264 5022 35181300 1
3334 5022 35181310 1
3404 5022 35181320 1
3470 5009 35181330 1
3533 5001 35181340 1
3586 4992 35181350 1
3626 4980 35181360 1
3657 4967 35181370 1
3672 4932 35181380 1
3664 4882 35181390 1
3641 4787 35181400 1
3596 4677 35181410 1
3541 4558 35181420 1
3478 4437 35181430 1
3424 4322 35181440 1
3374 4241 35181450 1
3351 4182 35181460 1
3344 4174 35181470 1
3344 4181 35181480 1
3374 4199 35181490 1
3421 4274 35181500 1
3494 4367 35181510 1
3591 4473 35181520 1
3703 4570 35181530 1
3823 4667 35181540 1
4803 5236 35181852 0
4810 5277 35181862 1
4810 5289 35181872 1
4810 5289 35181872 1
4810 5289 35181882 1
4810 5289 35181892 1
4810 5252 35181902 1
4815 5198 35181912 1
4815 5113 35181922 1
4809 5025 35181932 1
4802 4933 35181942 1
4796 4850 35181952 1
4790 4774 35181962 1
4790 4722 35181972 1
4790 4689 35181982 1
4790 4668 35181992 1
4790 4668 35182002 1
4795 4678 35182012 1
4805 4705 35182022 1
4814 4785 35182032 1
4865 5476 35182102 0
4916 5576 35182112 1
4925 5617 35182122 1
4937 5654 35182132 1
4955 5688 35182142 1
4975 5707 35182152 1
5003 5717 35182162 1
5041 5717 35182172 1
5083 5723 35182182 1
5124 5723 35182192 1
5158 5723 35182202 1
5189 5723 35182212 1
5219 5723 35182222 1
5249 5723 35182232 1
5278 5723 35182242 1
5305 5723 35182252 1
5330 5713 35182262 1
5349 5701 35182272 1
5365 5684 35182282 1
5380 5664 35182292 1
5390 5638 35182302 1
5397 5606 35182312 1
5406 5569 35182322 1
5415 5525 35182332 1
5424 5473 35182342 1
5434 5412 35182352 1
5445 5336 35182362 1
5457 5250 35182372 1
5469 5153 35182382 1
5481 5055 35182392 1
5494 4955 35182402 1
5508 4852 35182412 1
5522 4745 35182422 1
5537 4660 35182432 1
5549 4591 35182442 1
5562 4521 35182452 1
5569 4473 35182462 1
5576 4440 35182472 1
5576 4414 35182482 1
5581 4402 35182492 1
5581 4402 35182502 1
5581 4402 35182512 1
5565 4414 35182522 1
5543 4432 35182532 1
5506 4484 35182542 1
5450 4560 35182552 1
5382 4651 35182562 1
5296 4762 35182572 1
5060 5318 35182703 0
5144 5347 35182713 1
5156 5347 35182723 1
5168 5340 35182733 1
5177 5329 35182743 1
5183 5314 35182753 1
5189 5289 35182763 1
5189 5252 35182773 1
5189 5207 35182783 1
5181 5153 35182793 1
5158 5098 35182803 1
5130 5043 35182813 1
5099 4990 35182823 1
5065 4951 35182833 1
5032 4919 35182843 1
4998 4903 35182853 1
4962 4903 35182863 1
4925 4917 35182873 1
4900 4955 35182883 1
4879 5004 35182893 1
4879 5061 35182903 1
4879 5098 35182913 1
4889 5131 35182923 1
4898 5158 35182933 1
4908 5184 35182943 1
4921 5207 35182953 1
4936 5226 35182963 1
4957 5240 35182973 1
4996 5232 35182983 1
5046 5211 35182993 1
5108 5165 35183003 1
5170 5120 35183013 1
5231 5074 35183023 1
5285 5038 35183033 1
5340 5008 35183043 1
5390 4989 35183053 1
5437 4983 35183063 1
5481 4983 35183073 1
5523 5006 35183083 1
5682 5369 35183143 0
5712 5392 35183153 1
5712 5392 35183163 1
5705 5392 35183173 1
5705 5387 35183183 1
5712 5351 35183193 1
5722 5294 35183203 1
5734 5227 35183213 1
5747 5164 35183223 1
5758 5115 35183233 1
5770 5074 35183243 1
5780 5045 35183253 1
5789 5030 35183263 1
5801 5025 35183273 1
5817 5035 35183283 1
5837 5074 35183293 1
6029 5736 35183384 0
6059 5767 35183394 1
6059 5772 35183404 1
6053 5772 35183414 1
6058 5766 35183424 1
6066 5737 35183434 1
6082 5694 35183444 1
6100 5639 35183454 1
6121 5581 35183464 1
6142 5514 35183474 1
6160 5439 35183484 1
6176 5356 35183494 1
6196 5263 35183504 1
6216 5161 35183514 1
6238 5042 35183524 1
6260 4913 35183534 1
6275 4781 35183544 1
6291 4655 35183554 1
6306 4556 35183564 1
6319 4475 35183574 1
6333 4391 35183584 1
6341 4314 35183594 1
6341 4242 35183604 1
6349 4176 35183614 1
6349 4127 35183624 1
6349 4089 35183634 1
6349 4061 35183644 1
6349 4046 35183654 1
6355 4041 35183664 1
6355 4041 35183674 1
6345 4053 35183684 1
6322 4070 35183694 1
6271 4118 35183704 1
6200 4198 35183714 1
6093 4300 35183724 1
5934 4424 35183734 1
