220
3272 5907 25298230 0
3233 5867 25298240 1
3225 5859 25298250 1
3207 5859 25298260 1
3207 5859 25298270 1
3201 5859 25298280 1
3192 5866 25298290 1
3180 5871 25298300 1
3169 5882 25298310 1
3148 5896 25298320 1
3120 5911 25298330 1
3088 5939 25298340 1
3056 5977 25298350 1
3029 6007 25298360 1
3007 6036 25298370 1
2993 6063 25298380 1
2985 6092 25298390 1
2985 6121 25298400 1
2985 6121 25298410 1
3006 6156 25298420 1
3035 6215 25298430 1
3085 6256 25298440 1
3152 6296 25298450 1
3231 6335 25298460 1
3316 6363 25298470 1
3401 6386 25298480 1
3487 6401 25298490 1
3562 6409 25298500 1
3632 6392 25298510 1
3698 6360 25298520 1
3752 6294 25298530 1
3785 6206 25298540 1
3805 6104 25298550 1
3815 5981 25298560 1
3815 5833 25298570 1
3805 5668 25298580 1
3796 5514 25298590 1
3788 5379 25298600 1
3781 5256 25298610 1
3781 5190 25298620 1
3776 5151 25298630 1
3766 5129 25298640 1
3752 5129 25298650 1
3509 5346 25298710 0
3456 5346 25298720 1
3425 5356 25298730 1
3392 5373 25298740 1
3379 5388 25298750 1
3371 5399 25298760 1
3371 5413 25298770 1
3390 5431 25298780 1
3420 5459 25298790 1
3484 5505 25298800 1
3561 5562 25298810 1
3647 5601 25298820 1
3730 5635 25298830 1
3806 5660 25298840 1
3860 5665 25298850 1
3902 5658 25298860 1
3927 5632 25298870 1
3927 5576 25298880 1
3921 5501 25298890 1
3890 5405 25298900 1
3851 5294 25298910 1
3807 5173 25298920 1
3766 5074 25298930 1
3727 4992 25298940 1
3695 4922 25298950 1
3686 4891 25298960 1
3692 4884 25298970 1
3705 4894 25298980 1
3724 4900 25298990 1
3753 4926 25299000 1
3788 4966 25299010 1
3825 5014 25299020 1
3865 5060 25299030 1
3903 5104 25299040 1
3946 5152 25299050 1
3992 5202 25299060 1
4039 5254 25299070 1
4078 5304 25299080 1
4113 5349 25299090 1
4136 5387 25299100 1
4154 5420 25299110 1
4169 5447 25299120 1
4776 6262 25299451 0
4776 6262 25299461 1
4776 6262 25299471 1
4776 6262 25299481 1
4776 6262 25299491 1
4776 6212 25299501 1
4776 6139 25299511 1
4790 6034 25299521 1
4800 5909 25299531 1
4810 5759 25299541 1
4815 5622 25299551 1
4815 5494 25299561 1
4820 5366 25299571 1
4820 5270 25299581 1
4828 5196 25299591 1
4835 5170 25299601 1
4835 5177 25299611 1
4835 5205 25299621 1
4829 5283 25299631 1
4821 5392 25299641 1
4812 5522 25299651 1
4812 5665 25299661 1
4812 5815 25299671 1
4839 5969 25299681 1
4875 6070 25299691 1
4907 6145 25299701 1
4941 6204 25299711 1
4978 6257 25299721 1
5019 6308 25299731 1
5062 6344 25299741 1
5111 6372 25299751 1
5162 6381 25299761 1
5214 6371 25299771 1
5263 6349 25299781 1
5311 6309 25299791 1
5355 6246 25299801 1
5395 6168 25299811 1
5432 6055 25299821 1
5458 5912 25299831 1
5471 5749 25299841 1
5476 5622 25299851 1
5469 5503 25299861 1
5453 5389 25299871 1
5431 5286 25299881 1
5406 5217 25299891 1
5375 5172 25299901 1
5340 5163 25299911 1
5301 5187 25299921 1
5264 5232 25299931 1
5251 5888 25300002 0
5257 5993 25300012 1
5257 6012 25300022 1
5257 6012 25300032 1
5257 6007 25300042 1
5242 5957 25300052 1
5225 5878 25300062 1
5191 5772 25300072 1
5157 5668 25300082 1
5124 5566 25300092 1
5093 5470 25300102 1
5064 5397 25300112 1
5043 5339 25300122 1
5028 5328 25300132 1
5012 5353 25300142 1
4994 5403 25300152 1
4982 5492 25300162 1
4982 5594 25300172 1
4995 5704 25300182 1
5017 5747 25300192 1
5043 5760 25300202 1
5080 5753 25300212 1
5126 5727 25300222 1
5184 5697 25300232 1
5249 5662 25300242 1
5319 5638 25300252 1
5391 5621 25300262 1
5466 5621 25300272 1
5538 5637 25300282 1
5599 5673 25300292 1
5652 5714 25300302 1
5843 5927 25300363 0
5865 6033 25300373 1
5865 6082 25300383 1
5865 6115 25300393 1
5865 6137 25300403 1
5865 6142 25300413 1
5865 6142 25300423 1
5865 6142 25300433 1
5865 6108 25300443 1
5876 6059 25300453 1
5876 5971 25300463 1
5881 5868 25300473 1
5881 5756 25300483 1
5881 5671 25300493 1
5886 5608 25300503 1
5886 5559 25300513 1
5886 5552 25300523 1
5886 5566 25300533 1
5894 5595 25300543 1
5900 5668 25300553 1
6144 7133 25300663 0
6165 7160 25300673 1
6165 7165 25300683 1
6171 7178 25300693 1
6171 7169 25300703 1
6176 7158 25300713 1
6176 7144 25300723 1
6176 7128 25300733 1
6176 7110 25300743 1
6176 7085 25300753 1
6176 7055 25300763 1
6176 7019 25300773 1
6176 6976 25300783 1
6176 6912 25300793 1
6181 6835 25300803 1
6181 6758 25300813 1
6190 6663 25300813 1
6201 6557 25300823 1
6215 6403 25300833 1
6231 6208 25300843 1
6250 5987 25300853 1
6276 5744 25300863 1
6311 5536 25300873 1
6352 5325 25300883 1
6376 5101 25300893 1
6389 4964 25300903 1
6389 4843 25300913 1
6379 4734 25300923 1
6358 4675 25300933 1
6312 4637 25300943 1
6233 4614 25300953 1
6131 4614 25300963 1
5989 4635 25300973 1
5795 4674 25300983 1
5567 4738 25300993 1
