253
3312 5822 35221489 0
3312 5822 35221499 1
3312 5822 35221509 1
3312 5822 35221519 1
3312 5822 35221529 1
3312 5822 35221539 1
3306 5866 35221549 1
3323 5885 35221559 1
3347 5910 35221569 1
3387 5939 35221579 1
3436 5959 35221589 1
3490 5977 35221599 1
3547 5993 35221609 1
3606 6006 35221619 1
3661 6015 35221629 1
3713 6015 35221639 1
3754 6006 35221649 1
3783 5989 35221659 1
3804 5965 35221669 1
3821 5935 35221679 1
3832 5901 35221689 1
3840 5869 35221699 1
3846 5836 35221709 1
3852 5801 35221719 1
3852 5776 35221729 1
3852 5758 35221739 1
3852 5741 35221749 1
3852 5728 35221759 1
3852 5717 35221769 1
3852 5708 35221779 1
3852 5699 35221789 1
3847 5689 35221799 1
3847 5676 35221809 1
3838 5659 35221819 1
3838 5637 35221829 1
3831 5601 35221839 1
3831 5557 35221849 1
3831 5502 35221859 1
3825 5429 35221869 1
3825 5345 35221879 1
3817 5249 35221889 1
3817 5157 35221899 1
3817 5081 35221909 1
3817 5014 35221919 1
3822 4963 35221929 1
3822 4931 35221939 1
3822 4912 35221949 1
3822 4906 35221959 1
3828 4906 35221969 1
3823 4906 35221979 1
3813 4912 35221989 1
3799 4928 35221999 1
3778 4951 35222009 1
3743 4988 35222019 1
3698 5037 35222029 1
3649 5094 35222039 1
3603 5143 35222049 1
3578 5179 35222059 1
3567 5206 35222069 1
3559 5227 35222079 1
3559 5243 35222089 1
3559 5261 35222099 1
3585 5282 35222109 1
3618 5301 35222119 1
3678 5318 35222129 1
3743 5329 35222139 1
3801 5329 35222149 1
3853 5329 35222159 1
3895 5316 35222169 1
3927 5302 35222179 1
3951 5285 35222189 1
3961 5261 35222199 1
3953 5213 35222209 1
3933 5149 35222219 1
3891 5063 35222229 1
3844 4973 35222239 1
3794 4874 35222249 1
3746 4768 35222259 1
3716 4708 35222269 1
3699 4678 35222279 1
3699 4671 35222289 1
3705 4671 35222299 1
3737 4681 35222309 1
3786 4723 35222319 1
3852 4805 35222329 1
3944 4913 35222339 1
4053 5011 35222349 1
4195 5107 35222359 1
4337 5199 35222369 1
4989 5537 35222560 0
5015 5549 35222570 1
5015 5582 35222580 1
5015 5594 35222590 1
5023 5602 35222600 1
5023 5602 35222610 1
5029 5602 35222620 1
5029 5602 35222630 1
5038 5594 35222640 1
5043 5563 35222650 1
5043 5516 35222660 1
5043 5440 35222670 1
5028 5360 35222680 1
5010 5283 35222690 1
4998 5209 35222700 1
4990 5157 35222710 1
4990 5121 35222720 1
4990 5097 35222730 1
4996 5086 35222740 1
5001 5086 35222750 1
5006 5086 35222760 1
5018 5102 35222770 1
5038 5146 35222780 1
5056 5210 35222790 1
5127 5810 35222861 0
5176 5896 35222871 1
5188 5924 35222881 1
5205 5950 35222891 1
5224 5972 35222901 1
5242 5986 35222911 1
5275 5993 35222921 1
5309 5993 35222931 1
5343 5993 35222941 1
5374 5993 35222951 1
5404 5993 35222961 1
5430 5993 35222971 1
5455 5993 35222981 1
5455 5993 35222991 1
5495 5982 35223001 1
5511 5972 35223011 1
5526 5959 35223021 1
5536 5940 35223031 1
5546 5917 35223041 1
5554 5889 35223051 1
5561 5857 35223061 1
5570 5821 35223071 1
5579 5783 35223081 1
5590 5743 35223091 1
5603 5693 35223101 1
5616 5633 35223111 1
5632 5564 35223121 1
5644 5490 35223131 1
5654 5412 35223141 1
5666 5330 35223151 1
5678 5243 35223161 1
5691 5165 35223171 1
5705 5093 35223181 1
5718 5027 35223191 1
5727 4970 35223191 1
5733 4919 35223201 1
5733 4883 35223211 1
5733 4863 35223221 1
5739 4855 35223231 1
5739 4855 35223241 1
5731 4855 35223251 1
5715 4850 35223261 1
5693 4855 35223271 1
5666 4864 35223281 1
5628 4889 35223291 1
5579 4937 35223301 1
5523 5000 35223311 1
5457 5087 35223321 1
5393 5187 35223331 1
5330 5297 35223341 1
5324 5580 35223401 0
5363 5634 35223411 1
5381 5640 35223421 1
5399 5640 35223431 1
5414 5622 35223441 1
5427 5591 35223451 1
5427 5550 35223461 1
5427 5491 35223471 1
5413 5428 35223481 1
5390 5359 35223491 1
5364 5293 35223501 1
5337 5247 35223511 1
5312 5212 35223521 1
5286 5191 35223531 1
5260 5185 35223541 1
5238 5185 35223551 1
5212 5212 35223561 1
5182 5268 35223571 1
5152 5345 35223581 1
5129 5434 35223591 1
5123 5482 35223601 1
5123 5502 35223611 1
5133 5507 35223621 1
5144 5507 35223631 1
5175 5507 35223641 1
5218 5491 35223651 1
5273 5471 35223661 1
5329 5448 35223671 1
5389 5425 35223681 1
5452 5402 35223691 1
5508 5386 35223701 1
5560 5374 35223711 1
5608 5374 35223721 1
5657 5379 35223731 1
5703 5398 35223741 1
5746 5430 35223751 1
5791 5477 35223761 1
5877 5635 35223802 0
5896 5681 35223812 1
5896 5681 35223822 1
5902 5671 35223832 1
5902 5656 35223842 1
5915 5631 35223852 1
5929 5587 35223862 1
5945 5532 35223872 1
5961 5478 35223882 1
5976 5430 35223892 1
5991 5385 35223902 1
6006 5354 35223912 1
6020 5341 35223922 1
6034 5341 35223932 1
6048 5353 35223942 1
6071 5394 35223952 1
6095 5453 35223962 1
6217 5972 35224032 0
6269 6003 35224042 1
6269 6009 35224052 1
6269 6009 35224062 1
6269 6009 35224072 1
6275 5986 35224082 1
6286 5957 35224092 1
6304 5915 35224102 1
6326 5858 35224112 1
6350 5792 35224122 1
6370 5724 35224132 1
6391 5651 35224142 1
6408 5558 35224152 1
6422 5453 35224162 1
6443 5316 35224172 1
6459 5192 35224182 1
6469 5077 35224192 1
6484 4963 35224202 1
6501 4843 35224212 1
6518 4737 35224222 1
6533 4642 35224232 1
6546 4561 35224242 1
6558 4490 35224252 1
6567 4427 35224262 1
6572 4378 35224272 1
6572 4350 35224282 1
6572 4335 35224292 1
6572 4335 35224302 1
6572 4335 35224312 1
6554 4358 35224322 1
6529 4388 35224332 1
6485 4447 35224342 1
6414 4530 35224352 1
6324 4628 35224362 1
6167 4750 35224372 1
5934 4870 35224382 1
