217
3270 5293 70941237 0
3238 5324 70941247 1
3229 5335 70941257 1
3221 5344 70941267 1
3221 5363 70941277 1
3226 5390 70941287 1
3241 5427 70941297 1
3265 5463 70941307 1
3299 5498 70941317 1
3341 5528 70941327 1
3385 5548 70941337 1
3429 5559 70941347 1
3465 5547 70941357 1
3496 5520 70941367 1
3516 5470 70941377 1
3532 5404 70941387 1
3545 5328 70941398 1
3558 5240 70941408 1
3573 5148 70941418 1
3590 5037 70941428 1
3610 4916 70941438 1
3630 4780 70941448 1
3647 4657 70941458 1
3660 4540 70941468 1
3670 4424 70941478 1
3670 4316 70941488 1
3670 4223 70941498 1
3665 4141 70941508 1
3665 4070 70941518 1
3665 3999 70941528 1
3665 3951 70941538 1
3658 3919 70941548 1
3658 3903 70941558 1
3653 3903 70941568 1
3636 3910 70941578 1
3608 3937 70941588 1
3575 3983 70941598 1
3534 4042 70941608 1
3488 4108 70941618 1
3449 4182 70941628 1
3412 4262 70941638 1
3380 4328 70941648 1
3364 4380 70941658 1
3356 4422 70941668 1
3361 4452 70941678 1
3385 4481 70941688 1
3421 4508 70941698 1
3486 4536 70941708 1
3556 4562 70941718 1
3631 4582 70941728 1
3705 4594 70941738 1
3757 4583 70941748 1
3795 4559 70941758 1
3818 4507 70941768 1
3823 4427 70941778 1
3817 4329 70941788 1
3790 4210 70941798 1
3753 4095 70941808 1
3708 3982 70941818 1
3657 3871 70941828 1
3608 3759 70941838 1
3564 3680 70941848 1
3544 3624 70941858 1
3544 3601 70941868 1
3552 3596 70941878 1
3582 3602 70941888 1
3623 3633 70941898 1
3686 3689 70941908 1
3755 3761 70941918 1
3828 3829 70941928 1
3893 3882 70941938 1
3949 3925 70941948 1
3998 3959 70941958 1
4046 3995 70941968 1
4096 4032 70941978 1
4971 5047 70942249 0
4934 5047 70942259 1
4923 5053 70942269 1
4923 5053 70942279 1
4923 5030 70942289 1
4917 4989 70942299 1
4917 4924 70942309 1
4917 4829 70942319 1
4917 4715 70942329 1
4917 4605 70942339 1
4917 4493 70942349 1
4911 4377 70942359 1
4911 4278 70942369 1
4905 4189 70942379 1
4905 4133 70942389 1
4905 4105 70942399 1
4905 4097 70942409 1
4905 4127 70942419 1
4987 5243 70942529 0
5052 5345 70942539 1
5102 5407 70942549 1
5164 5466 70942559 1
5230 5516 70942569 1
5301 5559 70942579 1
5369 5583 70942589 1
5427 5596 70942599 1
5480 5583 70942609 1
5513 5554 70942619 1
5539 5514 70942629 1
5560 5473 70942639 1
5588 5430 70942649 1
5617 5371 70942659 1
5648 5301 70942669 1
5681 5209 70942679 1
5708 5111 70942689 1
5732 4990 70942699 1
5747 4855 70942709 1
5763 4717 70942719 1
5781 4594 70942729 1
5800 4482 70942739 1
5825 4340 70942749 1
5840 4223 70942759 1
5847 4124 70942769 1
5859 4035 70942779 1
5866 3961 70942789 1
5866 3896 70942799 1
5866 3853 70942809 1
5859 3818 70942819 1
5848 3789 70942829 1
5839 3780 70942839 1
5817 3780 70942849 1
5787 3796 70942859 1
5752 3839 70942869 1
5718 3911 70942879 1
5434 4969 70942970 0
5414 5056 70942980 1
5414 5064 70942990 1
5414 5059 70943000 1
5414 5035 70943010 1
5414 4978 70943020 1
5408 4900 70943030 1
5390 4784 70943040 1
5361 4680 70943050 1
5331 4584 70943060 1
5301 4504 70943070 1
5269 4432 70943080 1
5236 4365 70943090 1
5207 4320 70943100 1
5179 4300 70943110 1
5152 4300 70943120 1
5124 4312 70943130 1
5098 4370 70943140 1
5079 4456 70943150 1
5069 4558 70943160 1
5069 4658 70943170 1
5069 4729 70943180 1
5082 4781 70943190 1
5097 4804 70943200 1
5116 4804 70943210 1
5156 4785 70943220 1
5210 4751 70943230 1
5280 4714 70943240 1
5355 4673 70943250 1
5431 4634 70943260 1
5506 4601 70943270 1
5580 4570 70943280 1
5650 4546 70943290 1
5717 4528 70943300 1
5783 4514 70943310 1
6312 5100 70943441 0
6305 5138 70943451 1
6286 5154 70943461 1
6271 5170 70943471 1
6259 5160 70943481 1
6252 5147 70943491 1
6252 5103 70943501 1
6252 5041 70943511 1
6263 4957 70943521 1
6277 4871 70943531 1
6289 4778 70943541 1
6299 4710 70943551 1
6313 4659 70943561 1
6324 4614 70943571 1
6332 4583 70943581 1
6341 4562 70943591 1
6536 5507 70943701 0
6549 5603 70943711 1
6549 5642 70943721 1
6566 5660 70943731 1
6580 5666 70943741 1
6596 5666 70943751 1
6608 5666 70943761 1
6616 5653 70943771 1
6634 5630 70943781 1
6653 5575 70943791 1
6669 5499 70943801 1
6683 5408 70943811 1
6698 5302 70943821 1
6715 5187 70943831 1
6739 5072 70943841 1
6768 4953 70943851 1
6796 4816 70943861 1
6816 4668 70943871 1
6832 4529 70943881 1
6848 4384 70943891 1
6864 4227 70943901 1
6881 4090 70943911 1
6897 3967 70943921 1
6918 3866 70943931 1
6942 3776 70943941 1
6958 3693 70943951 1
6969 3658 70943961 1
6974 3641 70943971 1
6974 3635 70943981 1
6963 3640 70943991 1
6939 3652 70944001 1
6901 3669 70944011 1
6854 3704 70944021 1
6790 3747 70944031 1
6725 3796 70944041 1
6659 3862 70944051 1
6594 3925 70944061 1
