267
2620 6164 35167000 0
2615 6198 35167010 1
2605 6198 35167020 1
2605 6198 35167030 1
2605 6205 35167040 1
2605 6210 35167050 1
2612 6220 35167060 1
2632 6237 35167070 1
2664 6259 35167080 1
2703 6281 35167090 1
2744 6301 35167100 1
2787 6316 35167110 1
2832 6327 35167120 1
2878 6335 35167130 1
2924 6335 35167140 1
2966 6342 35167150 1
3007 6342 35167160 1
3055 6342 35167170 1
3102 6342 35167180 1
3144 6335 35167190 1
3182 6327 35167200 1
3207 6319 35167210 1
3226 6311 35167220 1
3241 6301 35167230 1
3246 6290 35167240 1
3246 6277 35167250 1
3246 6262 35167260 1
3246 6245 35167270 1
3246 6228 35167280 1
3246 6208 35167290 1
3246 6183 35167300 1
3240 6152 35167310 1
3240 6115 35167320 1
3231 6072 35167330 1
3231 6024 35167340 1
3225 5961 35167350 1
3225 5887 35167360 1
3225 5797 35167370 1
3225 5713 35167380 1
3231 5634 35167390 1
3236 5539 35167400 1
3244 5442 35167410 1
3252 5342 35167420 1
3258 5252 35167430 1
3266 5170 35167440 1
3271 5101 35167450 1
3271 5044 35167460 1
3271 4996 35167470 1
3271 4956 35167480 1
3271 4933 35167490 1
3264 4921 35167500 1
3264 4921 35167510 1
3264 4921 35167520 1
3247 4921 35167530 1
3228 4929 35167540 1
3200 4956 35167550 1
3164 4994 35167560 1
3122 5037 35167570 1
3076 5085 35167580 1
3027 5136 35167590 1
2976 5190 35167600 1
2933 5243 35167610 1
2893 5295 35167620 1
2862 5342 35167630 1
2839 5375 35167640 1
2825 5399 35167650 1
2818 5410 35167660 1
2818 5419 35167670 1
2818 5424 35167680 1
2818 5424 35167690 1
2841 5431 35167700 1
2873 5431 35167710 1
2924 5431 35167720 1
2977 5431 35167730 1
3038 5424 35167740 1
3101 5418 35167750 1
3161 5412 35167760 1
3205 5402 35167770 1
3240 5388 35167780 1
3266 5368 35167790 1
3280 5326 35167791 1
3286 5271 35167801 1
3271 5190 35167811 1
3241 5091 35167821 1
3200 4979 35167831 1
3148 4855 35167841 1
3092 4729 35167851 1
3032 4638 35167861 1
2992 4572 35167871 1
2974 4541 35167881 1
2974 4531 35167891 1
2974 4531 35167901 1
2974 4541 35167911 1
3009 4574 35167921 1
3058 4624 35167931 1
3130 4699 35167941 1
3225 4791 35167951 1
3335 4895 35167961 1
3464 4997 35167971 1
4891 5657 35168302 0
4905 5703 35168312 1
4905 5726 35168322 1
4905 5740 35168332 1
4911 5752 35168342 1
4911 5757 35168352 1
4911 5757 35168362 1
4911 5757 35168372 1
4911 5752 35168382 1
4911 5746 35168392 1
4917 5702 35168402 1
4917 5633 35168412 1
4917 5544 35168422 1
4917 5447 35168432 1
4917 5345 35168442 1
4907 5257 35168452 1
4907 5193 35168462 1
4907 5145 35168472 1
4907 5115 35168482 1
4907 5099 35168492 1
4907 5093 35168502 1
4907 5093 35168512 1
4917 5130 35168522 1
4927 5188 35168532 1
5028 6187 35168643 0
5065 6236 35168653 1
5073 6250 35168663 1
5094 6258 35168673 1
5118 6263 35168683 1
5148 6263 35168693 1
5183 6263 35168703 1
5223 6274 35168713 1
5264 6285 35168723 1
5300 6299 35168733 1
5333 6312 35168743 1
5368 6320 35168753 1
5400 6320 35168763 1
5430 6320 35168773 1
5454 6312 35168783 1
5473 6301 35168793 1
5489 6286 35168803 1
5503 6268 35168813 1
5516 6245 35168823 1
5527 6217 35168833 1
5539 6182 35168843 1
5551 6142 35168853 1
5563 6098 35168863 1
5575 6051 35168873 1
5587 6001 35168883 1
5598 5943 35168893 1
5609 5869 35168903 1
5619 5786 35168913 1
5630 5710 35168923 1
5640 5632 35168933 1
5650 5551 35168943 1
5661 5470 35168953 1
5671 5390 35168963 1
5683 5311 35168973 1
5700 5232 35168983 1
5717 5164 35168993 1
5731 5099 35169003 1
5745 5035 35169013 1
5761 4967 35169023 1
5770 4913 35169033 1
5770 4869 35169043 1
5776 4831 35169053 1
5776 4804 35169063 1
5776 4785 35169073 1
5776 4774 35169083 1
5776 4769 35169093 1
5776 4769 35169103 1
5767 4769 35169113 1
5755 4769 35169123 1
5730 4776 35169133 1
5687 4794 35169143 1
5633 4833 35169153 1
5559 4899 35169163 1
5463 4984 35169173 1
5319 5800 35169334 0
5396 5832 35169344 1
5402 5838 35169354 1
5408 5838 35169364 1
5413 5833 35169374 1
5413 5810 35169384 1
5413 5776 35169394 1
5413 5730 35169404 1
5392 5679 35169414 1
5366 5623 35169424 1
5335 5565 35169434 1
5299 5501 35169444 1
5263 5459 35169454 1
5222 5435 35169464 1
5178 5406 35169474 1
5147 5395 35169484 1
5120 5395 35169494 1
5078 5613 35169554 0
5103 5676 35169564 1
5112 5698 35169574 1
5124 5720 35169584 1
5142 5741 35169594 1
5165 5755 35169604 1
5206 5744 35169614 1
5258 5717 35169624 1
5313 5665 35169634 1
5365 5614 35169644 1
5416 5562 35169654 1
5466 5518 35169664 1
5516 5480 35169674 1
5564 5452 35169684 1
5611 5443 35169694 1
5658 5443 35169704 1
5867 5800 35169794 0
5892 5815 35169804 1
5892 5815 35169814 1
5892 5806 35169824 1
5902 5791 35169834 1
5912 5751 35169844 1
5926 5695 35169854 1
5941 5637 35169864 1
5953 5582 35169874 1
5962 5539 35169884 1
5970 5504 35169894 1
5979 5483 35169904 1
5985 5476 35169914 1
5990 5476 35169924 1
6005 5507 35169934 1
6177 6103 35170015 0
6203 6134 35170025 1
6203 6143 35170035 1
6203 6151 35170045 1
6203 6157 35170055 1
6208 6157 35170065 1
6218 6150 35170075 1
6236 6127 35170085 1
6253 6093 35170095 1
6270 6057 35170105 1
6283 6016 35170115 1
6293 5963 35170125 1
6305 5886 35170135 1
6316 5794 35170145 1
6327 5697 35170155 1
6343 5592 35170165 1
6367 5477 35170175 1
6385 5357 35170185 1
6397 5239 35170195 1
6413 5128 35170205 1
6426 5034 35170215 1
6438 4950 35170225 1
6453 4866 35170235 1
6463 4789 35170245 1
6470 4717 35170255 1
6482 4653 35170265 1
6488 4601 35170275 1
6488 4558 35170285 1
6493 4514 35170295 1
6493 4468 35170305 1
6493 4433 35170315 1
6493 4407 35170325 1
6493 4394 35170335 1
6493 4394 35170345 1
6493 4394 35170355 1
6478 4394 35170365 1
6458 4416 35170375 1
6416 4448 35170385 1
6344 4502 35170395 1
6253 4579 35170405 1
6099 4671 35170415 1
5884 4784 35170425 1
