252
3151 6685 73788101 0
3096 6700 73788111 1
3073 6715 73788121 1
3052 6724 73788131 1
3052 6729 73788141 1
3052 6729 73788151 1
3052 6737 73788161 1
3066 6745 73788171 1
3104 6755 73788181 1
3157 6767 73788191 1
3220 6781 73788201 1
3284 6796 73788211 1
3342 6796 73788221 1
3395 6796 73788231 1
3443 6789 73788241 1
3485 6773 73788251 1
3524 6751 73788261 1
3555 6712 73788271 1
3577 6662 73788281 1
3594 6574 73788291 1
3611 6510 73788301 1
3621 6463 73788311 1
3627 6366 73788321 1
3627 6265 73788331 1
3622 6154 73788341 1
3609 6021 73788351 1
3586 5874 73788361 1
3560 5736 73788371 1
3533 5619 73788381 1
3514 5516 73788391 1
3496 5427 73788401 1
3490 5373 73788411 1
3490 5343 73788421 1
3490 5343 73788431 1
3490 5338 73788441 1
3490 5348 73788451 1
3475 5367 73788461 1
3456 5391 73788471 1
3245 5745 73788542 0
3195 5784 73788552 1
3158 5792 73788562 1
3144 5800 73788572 1
3136 5808 73788582 1
3136 5816 73788592 1
3167 5830 73788602 1
3212 5853 73788612 1
3298 5881 73788622 1
3399 5914 73788632 1
3511 5944 73788642 1
3610 5965 73788652 1
3697 5971 73788662 1
3775 5971 73788672 1
3833 5954 73788682 1
3869 5924 73788692 1
3890 5884 73788702 1
3884 5818 73788712 1
3857 5748 73788722 1
3817 5673 73788732 1
3758 5596 73788742 1
3676 5509 73788752 1
3579 5417 73788762 1
3487 5318 73788772 1
3399 5226 73788782 1
3337 5163 73788792 1
3290 5116 73788802 1
3272 5095 73788812 1
3272 5089 73788822 1
3289 5089 73788832 1
3325 5101 73788842 1
3400 5131 73788852 1
3502 5177 73788862 1
3630 5232 73788872 1
3759 5285 73788882 1
3888 5331 73788892 1
3992 5370 73788902 1
4078 5401 73788912 1
4153 5423 73788922 1
4203 5439 73788932 1
4240 5456 73788942 1
4909 6470 73789133 0
4938 6533 73789143 1
4914 6550 73789153 1
4914 6563 73789163 1
4914 6571 73789173 1
4914 6571 73789183 1
4914 6571 73789193 1
4914 6547 73789203 1
4922 6513 73789213 1
4928 6447 73789223 1
4936 6354 73789233 1
4936 6242 73789243 1
4936 6117 73789253 1
4936 5972 73789263 1
4928 5813 73789273 1
4921 5694 73789283 1
4926 5600 73789293 1
4934 5524 73789303 1
4946 5473 73789313 1
4958 5446 73789323 1
4958 5435 73789333 1
4958 5435 73789343 1
4958 5440 73789353 1
4958 5452 73789363 1
4958 5475 73789373 1
4950 5507 73789383 1
4945 5546 73789393 1
4979 6172 73789453 0
5034 6276 73789463 1
5057 6355 73789473 1
5094 6412 73789483 1
5133 6466 73789493 1
5179 6503 73789503 1
5227 6530 73789513 1
5277 6550 73789523 1
5329 6567 73789533 1
5380 6577 73789543 1
5431 6577 73789553 1
5475 6571 73789563 1
5514 6556 73789573 1
5545 6529 73789583 1
5569 6478 73789593 1
5589 6411 73789603 1
5607 6324 73789613 1
5624 6222 73789623 1
5640 6110 73789633 1
5656 5983 73789643 1
5674 5856 73789653 1
5695 5730 73789663 1
5713 5623 73789673 1
5730 5528 73789683 1
5740 5432 73789693 1
5740 5348 73789703 1
5740 5271 73789713 1
5725 5229 73789723 1
5709 5213 73789733 1
5691 5213 73789743 1
5665 5245 73789753 1
5641 5310 73789763 1
5617 5398 73789773 1
5606 5508 73789783 1
5596 5624 73789793 1
5588 5744 73789803 1
5580 5869 73789813 1
5572 5988 73789823 1
5565 6087 73789833 1
5565 6175 73789843 1
5565 6250 73789853 1
5565 6300 73789863 1
5560 6333 73789873 1
5560 6343 73789883 1
5560 6348 73789893 1
5560 6348 73789903 1
5555 6348 73789913 1
5549 6315 73789923 1
5532 6264 73789933 1
5501 6178 73789943 1
5460 6072 73789953 1
5406 5954 73789963 1
5348 5836 73789973 1
5288 5752 73789983 1
5243 5690 73789993 1
5203 5658 73790003 1
5181 5651 73790013 1
5170 5661 73790023 1
5152 5693 73790033 1
5137 5757 73790043 1
5130 5843 73790053 1
5130 5945 73790063 1
5130 6015 73790073 1
5139 6065 73790084 1
5153 6090 73790094 1
5164 6100 73790104 1
5176 6100 73790114 1
5208 6092 73790124 1
5253 6071 73790134 1
5310 6042 73790144 1
5371 6008 73790154 1
5441 5973 73790164 1
5507 5936 73790174 1
5568 5899 73790184 1
5623 5867 73790194 1
5662 5837 73790204 1
5689 5818 73790214 1
5710 5809 73790224 1
5728 5809 73790234 1
5932 6130 73790304 0
5982 6202 73790314 1
5989 6229 73790324 1
5996 6229 73790334 1
5996 6229 73790344 1
5996 6229 73790354 1
5996 6204 73790364 1
5996 6159 73790374 1
5996 6091 73790384 1
5996 6018 73790394 1
5996 5933 73790404 1
5996 5841 73790414 1
5996 5766 73790424 1
6008 5727 73790434 1
6016 5713 73790444 1
6016 5713 73790454 1
6016 5729 73790464 1
6021 5757 73790474 1
6226 6945 73790565 0
6235 6997 73790575 1
6225 7015 73790585 1
6225 7021 73790595 1
6225 7021 73790605 1
6225 7021 73790615 1
6232 7000 73790625 1
6241 6975 73790635 1
6251 6939 73790645 1
6261 6889 73790655 1
6273 6831 73790665 1
6287 6780 73790675 1
6300 6724 73790685 1
6311 6659 73790695 1
6321 6583 73790705 1
6330 6499 73790715 1
6339 6400 73790725 1
6344 6292 73790735 1
6344 6192 73790745 1
6344 6091 73790755 1
6336 5986 73790765 1
6336 5882 73790775 1
6336 5778 73790785 1
6336 5684 73790795 1
6349 5595 73790805 1
6363 5507 73790815 1
6378 5414 73790825 1
6394 5317 73790835 1
6411 5214 73790845 1
6419 5134 73790855 1
6419 5070 73790865 1
6419 5022 73790875 1
6424 4987 73790885 1
6424 4961 73790895 1
6424 4948 73790905 1
6424 4942 73790915 1
6424 4942 73790925 1
6424 4942 73790935 1
6424 4942 73790945 1
6424 4942 73790955 1
6424 4942 73790965 1
6384 4950 73790975 1
6359 4960 73790985 1
6327 4974 73790995 1
6274 5004 73791005 1
6198 5044 73791015 1
6107 5105 73791025 1
6005 5188 73791035 1
5867 5285 73791045 1
