244
3055 6041 35190093 0
3055 6041 35190103 1
3055 6041 35190113 1
3055 6041 35190123 1
3055 6041 35190133 1
3047 6077 35190143 1
3059 6089 35190153 1
3086 6148 35190163 1
3124 6191 35190173 1
3173 6223 35190183 1
3222 6250 35190193 1
3270 6272 35190203 1
3317 6282 35190213 1
3357 6282 35190223 1
3392 6276 35190233 1
3424 6259 35190243 1
3451 6234 35190253 1
3475 6201 35190263 1
3499 6164 35190273 1
3522 6125 35190283 1
3543 6085 35190293 1
3563 6052 35190303 1
3584 6024 35190313 1
3598 5998 35190323 1
3606 5977 35190333 1
3606 5960 35190343 1
3613 5946 35190353 1
3613 5932 35190363 1
3613 5924 35190373 1
3613 5924 35190383 1
3607 5914 35190393 1
3607 5906 35190403 1
3607 5896 35190413 1
3599 5878 35190423 1
3594 5850 35190433 1
3588 5811 35190443 1
3582 5763 35190453 1
3582 5705 35190463 1
3575 5636 35190473 1
3575 5534 35190483 1
3575 5412 35190493 1
3583 5263 35190503 1
3583 5134 35190513 1
3594 5019 35190523 1
3601 4939 35190533 1
3601 4881 35190543 1
3607 4839 35190553 1
3607 4825 35190563 1
3607 4825 35190573 1
3607 4825 35190583 1
3597 4838 35190593 1
3581 4867 35190603 1
3560 4907 35190613 1
3524 4959 35190623 1
3475 5020 35190633 1
3417 5087 35190643 1
3369 5144 35190653 1
3345 5175 35190663 1
3337 5190 35190673 1
3337 5197 35190683 1
3332 5209 35190693 1
3340 5225 35190703 1
3355 5254 35190713 1
3389 5282 35190723 1
3435 5302 35190733 1
3500 5314 35190743 1
3566 5314 35190753 1
3633 5303 35190763 1
3686 5284 35190773 1
3731 5263 35190783 1
3757 5238 35190793 1
3757 5190 35190803 1
3749 5127 35190813 1
3716 5046 35190823 1
3671 4964 35190833 1
3617 4880 35190843 1
3567 4794 35190853 1
3535 4740 35190863 1
3515 4707 35190873 1
3515 4699 35190883 1
3515 4699 35190893 1
3529 4712 35190903 1
3558 4753 35190913 1
3611 4817 35190923 1
3669 4896 35190933 1
3752 4978 35190943 1
3849 5069 35190953 1
4618 5543 35191145 0
4614 5578 35191155 1
4614 5598 35191165 1
4614 5606 35191175 1
4614 5619 35191185 1
4614 5619 35191195 1
4622 5619 35191205 1
4631 5605 35191215 1
4645 5559 35191225 1
4645 5490 35191235 1
4645 5406 35191245 1
4633 5319 35191255 1
4624 5251 35191265 1
4619 5196 35191275 1
4619 5160 35191285 1
4619 5143 35191295 1
4619 5138 35191305 1
4624 5138 35191315 1
4633 5161 35191325 1
4648 5196 35191335 1
4669 5265 35191345 1
4758 5868 35191415 0
4829 5962 35191425 1
4845 5996 35191435 1
4867 6026 35191445 1
4888 6056 35191455 1
4913 6073 35191465 1
4945 6084 35191475 1
4985 6084 35191485 1
5027 6079 35191495 1
5066 6069 35191505 1
5101 6056 35191515 1
5133 6043 35191525 1
5157 6030 35191535 1
5180 6017 35191545 1
5201 5998 35191555 1
5220 5974 35191565 1
5236 5941 35191576 1
5250 5891 35191586 1
5266 5831 35191596 1
5283 5768 35191606 1
5300 5702 35191616 1
5317 5635 35191626 1
5334 5562 35191636 1
5354 5473 35191646 1
5376 5374 35191656 1
5397 5273 35191666 1
5412 5182 35191676 1
5422 5099 35191686 1
5432 5022 35191696 1
5432 4960 35191706 1
5432 4907 35191716 1
5432 4871 35191726 1
5432 4852 35191736 1
5432 4844 35191746 1
5419 4844 35191756 1
5406 4844 35191766 1
5384 4856 35191776 1
5354 4890 35191786 1
5319 4949 35191796 1
5281 5024 35191806 1
5229 5129 35191816 1
5167 5257 35191826 1
5116 5401 35191836 1
5090 5500 35191846 1
5081 5567 35191856 1
5081 5614 35191866 1
5081 5647 35191876 1
5081 5676 35191886 1
5088 5687 35191896 1
5094 5687 35191906 1
5103 5678 35191916 1
5113 5650 35191926 1
5113 5610 35191936 1
5113 5550 35191946 1
5101 5489 35191956 1
5081 5427 35191966 1
5056 5373 35191976 1
5032 5325 35191986 1
5009 5297 35191996 1
4984 5278 35192006 1
4958 5265 35192016 1
4938 5272 35192026 1
4916 5307 35192036 1
4888 5361 35192046 1
4857 5440 35192056 1
4840 5515 35192066 1
4840 5560 35192076 1
4840 5587 35192086 1
4852 5601 35192096 1
4864 5611 35192106 1
4892 5604 35192116 1
4928 5587 35192126 1
4982 5552 35192136 1
5040 5513 35192146 1
5105 5474 35192156 1
5172 5437 35192166 1
5238 5405 35192176 1
5295 5380 35192186 1
5347 5360 35192196 1
5393 5360 35192206 1
5436 5391 35192216 1
5478 5439 35192226 1
5517 5508 35192236 1
5549 5576 35192246 1
5576 5644 35192256 1
5595 5698 35192266 1
5605 5727 35192276 1
5605 5739 35192286 1
5611 5739 35192296 1
5611 5716 35192306 1
5623 5684 35192316 1
5634 5630 35192326 1
5646 5574 35192336 1
5661 5516 35192346 1
5682 5471 35192356 1
5706 5435 35192366 1
5731 5411 35192376 1
5764 5411 35192386 1
5797 5416 35192396 1
5833 5459 35192406 1
5868 5522 35192416 1
5902 5598 35192426 1
5964 6051 35192467 0
5989 6159 35192477 1
5982 6174 35192487 1
5982 6174 35192497 1
5982 6174 35192507 1
5982 6157 35192517 1
5989 6120 35192527 1
5996 6070 35192537 1
6008 6007 35192547 1
6020 5923 35192557 1
6033 5826 35192567 1
6048 5724 35192577 1
6066 5621 35192587 1
6087 5493 35192597 1
6116 5349 35192607 1
6149 5215 35192617 1
6171 5091 35192627 1
6187 4973 35192637 1
6200 4862 35192647 1
6207 4747 35192657 1
6214 4649 35192667 1
6222 4563 35192677 1
6229 4490 35192687 1
6229 4438 35192697 1
6235 4400 35192707 1
6235 4387 35192717 1
6235 4387 35192727 1
6212 4393 35192737 1
6178 4425 35192747 1
6118 4495 35192757 1
6024 4591 35192767 1
5907 4734 35192777 1
5714 4902 35192787 1
5470 5088 35192797 1
