259
3593 5746 35227037 0
3593 5746 35227047 1
3545 5752 35227057 1
3540 5759 35227067 1
3540 5770 35227077 1
3540 5791 35227087 1
3551 5817 35227097 1
3576 5849 35227107 1
3614 5882 35227117 1
3665 5916 35227127 1
3725 5933 35227137 1
3775 5948 35227147 1
3824 5948 35227157 1
3871 5948 35227167 1
3918 5940 35227177 1
3965 5924 35227187 1
4010 5899 35227197 1
4049 5868 35227207 1
4085 5833 35227217 1
4119 5798 35227227 1
4143 5774 35227237 1
4161 5757 35227247 1
4174 5742 35227257 1
4180 5730 35227267 1
4180 5721 35227277 1
4180 5713 35227287 1
4175 5702 35227297 1
4166 5688 35227307 1
4156 5672 35227317 1
4146 5652 35227327 1
4135 5626 35227337 1
4123 5593 35227347 1
4113 5552 35227357 1
4104 5504 35227367 1
4098 5442 35227377 1
4098 5371 35227387 1
4098 5297 35227397 1
4105 5220 35227407 1
4113 5139 35227417 1
4119 5055 35227427 1
4119 4971 35227437 1
4127 4896 35227447 1
4133 4826 35227457 1
4133 4775 35227467 1
4133 4746 35227477 1
4133 4732 35227487 1
4133 4732 35227497 1
4126 4732 35227507 1
4115 4732 35227517 1
4098 4738 35227527 1
4074 4759 35227537 1
4038 4788 35227547 1
3994 4839 35227557 1
3947 4897 35227567 1
3900 4959 35227577 1
3868 5016 35227587 1
3845 5058 35227597 1
3838 5089 35227607 1
3838 5114 35227617 1
3838 5138 35227627 1
3838 5158 35227637 1
3856 5177 35227647 1
3882 5195 35227657 1
3928 5213 35227667 1
3987 5226 35227677 1
4055 5233 35227687 1
4122 5233 35227697 1
4189 5233 35227707 1
4241 5218 35227717 1
4281 5202 35227727 1
4306 5165 35227737 1
4306 5115 35227747 1
4289 5042 35227757 1
4254 4951 35227767 1
4201 4849 35227777 1
4137 4738 35227787 1
4074 4651 35227797 1
4028 4580 35227807 1
3992 4530 35227817 1
3980 4511 35227827 1
3980 4511 35227828 1
3980 4511 35227838 1
4037 4570 35227848 1
4103 4637 35227858 1
4186 4721 35227868 1
4284 4814 35227878 1
4385 4912 35227888 1
4508 4996 35227898 1
5280 5451 35228108 0
5313 5458 35228118 1
5313 5471 35228128 1
5313 5471 35228138 1
5313 5471 35228148 1
5313 5466 35228158 1
5320 5457 35228168 1
5320 5418 35228178 1
5320 5361 35228188 1
5320 5280 35228198 1
5306 5195 35228208 1
5290 5105 35228218 1
5276 5027 35228228 1
5262 4957 35228238 1
5262 4909 35228248 1
5262 4879 35228258 1
5262 4861 35228268 1
5275 4853 35228278 1
5289 4858 35228288 1
5307 4871 35228298 1
5331 4918 35228308 1
5359 4992 35228318 1
5448 5699 35228399 0
5509 5784 35228409 1
5534 5822 35228419 1
5560 5862 35228429 1
5592 5885 35228439 1
5626 5897 35228449 1
5663 5902 35228459 1
5704 5902 35228469 1
5739 5902 35228479 1
5771 5894 35228489 1
5798 5885 35228499 1
5821 5874 35228509 1
5840 5860 35228519 1
5854 5847 35228529 1
5867 5828 35228539 1
5878 5806 35228549 1
5889 5780 35228559 1
5900 5753 35228569 1
5908 5724 35228579 1
5914 5693 35228589 1
5920 5658 35228599 1
5926 5617 35228609 1
5935 5559 35228619 1
5945 5490 35228629 1
5956 5410 35228639 1
5969 5324 35228649 1
5984 5230 35228659 1
6002 5136 35228669 1
6020 5052 35228679 1
6035 4974 35228689 1
6049 4901 35228699 1
6062 4834 35228709 1
6070 4772 35228719 1
6075 4724 35228729 1
6075 4690 35228739 1
6075 4666 35228749 1
6075 4654 35228759 1
6075 4647 35228769 1
6064 4647 35228779 1
6056 4647 35228789 1
6041 4653 35228799 1
6016 4667 35228809 1
5984 4703 35228819 1
5941 4770 35228829 1
5885 4859 35228839 1
5820 4975 35228849 1
5754 5088 35228859 1
5724 5199 35228869 1
5719 5262 35228879 1
5719 5310 35228889 1
5726 5348 35228899 1
5726 5357 35228909 1
5733 5363 35228919 1
5733 5363 35228929 1
5733 5363 35228939 1
5740 5356 35228949 1
5747 5331 35228959 1
5747 5296 35228969 1
5739 5251 35228979 1
5717 5202 35228989 1
5686 5146 35228999 1
5650 5100 35229009 1
5615 5062 35229019 1
5582 5034 35229029 1
5554 5024 35229039 1
5531 5024 35229049 1
5507 5039 35229059 1
5478 5081 35229069 1
5446 5141 35229079 1
5426 5204 35229089 1
5412 5260 35229099 1
5412 5301 35229109 1
5417 5334 35229119 1
5431 5366 35229129 1
5453 5396 35229139 1
5490 5410 35229149 1
5537 5415 35229159 1
5595 5403 35229169 1
5665 5388 35229179 1
5742 5367 35229189 1
5816 5345 35229199 1
5881 5324 35229209 1
5940 5310 35229219 1
6003 5300 35229220 1
6065 5300 35229230 1
6126 5312 35229240 1
6177 5331 35229250 1
6223 5359 35229260 1
6257 5396 35229270 1
6284 5438 35229280 1
6307 5471 35229290 1
6323 5498 35229300 1
6339 5513 35229310 1
6357 5520 35229320 1
6377 5504 35229330 1
6397 5474 35229340 1
6413 5412 35229350 1
6425 5349 35229360 1
6437 5282 35229370 1
6449 5232 35229380 1
6465 5192 35229390 1
6482 5169 35229400 1
6501 5169 35229410 1
6524 5174 35229420 1
6554 5219 35229430 1
6588 5287 35229440 1
6622 5371 35229450 1
6647 5464 35229460 1
6680 5694 35229490 0
6716 5899 35229500 1
6735 5952 35229510 1
6745 5976 35229520 1
6750 5981 35229530 1
6750 5981 35229540 1
6757 5981 35229550 1
6767 5952 35229560 1
6782 5913 35229570 1
6801 5852 35229580 1
6822 5787 35229590 1
6844 5714 35229600 1
6867 5636 35229610 1
6893 5536 35229620 1
6918 5424 35229630 1
6946 5279 35229640 1
6983 5129 35229650 1
7014 4977 35229660 1
7039 4860 35229670 1
7066 4754 35229680 1
7088 4655 35229690 1
7106 4575 35229700 1
7119 4500 35229710 1
7119 4428 35229720 1
7119 4367 35229730 1
7119 4315 35229740 1
7119 4268 35229750 1
7114 4234 35229760 1
7114 4214 35229770 1
7108 4203 35229780 1
7108 4197 35229790 1
7108 4197 35229800 1
7097 4197 35229810 1
7083 4197 35229820 1
7059 4214 35229830 1
7019 4241 35229840 1
6968 4303 35229850 1
6889 4399 35229860 1
6741 4517 35229870 1
6547 4655 35229880 1
6267 4784 35229890 1
