253
3324 5852 35211895 0
3324 5852 35211905 1
3324 5852 35211915 1
3324 5881 35211925 1
3330 5908 35211935 1
3345 5944 35211945 1
3368 5991 35211955 1
3397 6033 35211965 1
3431 6066 35211975 1
3468 6089 35211985 1
3507 6104 35211995 1
3547 6114 35212005 1
3590 6114 35212015 1
3636 6114 35212025 1
3687 6099 35212035 1
3732 6079 35212045 1
3774 6054 35212055 1
3808 6030 35212065 1
3842 6006 35212075 1
3869 5982 35212085 1
3891 5957 35212095 1
3908 5934 35212105 1
3918 5917 35212115 1
3918 5905 35212125 1
3925 5895 35212135 1
3925 5888 35212145 1
3925 5888 35212155 1
3917 5874 35212165 1
3917 5864 35212175 1
3905 5851 35212185 1
3894 5831 35212195 1
3884 5806 35212205 1
3875 5780 35212215 1
3867 5753 35212225 1
3858 5721 35212235 1
3848 5674 35212245 1
3841 5617 35212255 1
3841 5541 35212265 1
3841 5427 35212275 1
3841 5288 35212285 1
3835 5153 35212295 1
3835 5041 35212305 1
3835 4945 35212315 1
3835 4871 35212325 1
3835 4818 35212335 1
3835 4779 35212345 1
3843 4767 35212355 1
3843 4767 35212365 1
3843 4767 35212375 1
3836 4782 35212385 1
3822 4818 35212395 1
3800 4869 35212405 1
3767 4931 35212415 1
3716 5006 35212425 1
3653 5091 35212435 1
3594 5168 35212445 1
3554 5219 35212455 1
3526 5253 35212465 1
3511 5269 35212475 1
3498 5283 35212485 1
3488 5291 35212495 1
3488 5291 35212505 1
3488 5297 35212515 1
3521 5303 35212525 1
3575 5311 35212535 1
3646 5320 35212545 1
3717 5327 35212555 1
3779 5332 35212565 1
3834 5332 35212575 1
3878 5326 35212585 1
3909 5308 35212595 1
3931 5271 35212605 1
3931 5222 35212615 1
3917 5143 35212625 1
3888 5059 35212635 1
3848 4968 35212645 1
3800 4863 35212655 1
3747 4751 35212665 1
3701 4681 35212675 1
3679 4647 35212685 1
3674 4638 35212695 1
3674 4638 35212705 1
3698 4659 35212715 1
3735 4692 35212725 1
3790 4753 35212735 1
3849 4832 35212745 1
3929 4924 35212755 1
4021 5007 35212765 1
4147 5095 35212775 1
4916 5657 35212976 0
4941 5667 35212986 1
4941 5680 35212996 1
4951 5693 35213006 1
4957 5693 35213016 1
4962 5693 35213026 1
4962 5687 35213036 1
4976 5653 35213046 1
4984 5603 35213056 1
4984 5550 35213066 1
4977 5484 35213076 1
4967 5396 35213086 1
4958 5315 35213096 1
4952 5238 35213106 1
4952 5179 35213116 1
4952 5135 35213126 1
4961 5100 35213136 1
4967 5087 35213146 1
4973 5087 35213156 1
4980 5092 35213166 1
4997 5126 35213176 1
5015 5199 35213187 1
5101 5846 35213257 0
5144 5913 35213267 1
5144 5941 35213277 1
5161 5974 35213287 1
5179 6002 35213297 1
5200 6028 35213307 1
5229 6041 35213317 1
5267 6047 35213327 1
5309 6052 35213337 1
5345 6052 35213347 1
5378 6052 35213357 1
5407 6052 35213367 1
5432 6052 35213377 1
5455 6052 35213387 1
5473 6038 35213397 1
5491 6023 35213407 1
5507 6005 35213417 1
5522 5985 35213427 1
5533 5964 35213437 1
5542 5937 35213447 1
5550 5904 35213457 1
5558 5866 35213467 1
5568 5818 35213477 1
5580 5763 35213487 1
5595 5702 35213497 1
5609 5639 35213507 1
5624 5575 35213517 1
5644 5499 35213527 1
5662 5416 35213537 1
5676 5349 35213547 1
5690 5281 35213557 1
5699 5212 35213567 1
5707 5145 35213577 1
5716 5077 35213587 1
5723 5017 35213597 1
5729 4962 35213607 1
5739 4910 35213617 1
5747 4868 35213627 1
5753 4851 35213637 1
5753 4851 35213647 1
5753 4851 35213657 1
5753 4851 35213667 1
5741 4857 35213677 1
5723 4878 35213687 1
5688 4927 35213697 1
5641 4994 35213707 1
5586 5086 35213717 1
5523 5191 35213727 1
5464 5304 35213737 1
5408 5413 35213747 1
5376 5512 35213757 1
5360 5574 35213767 1
5355 5614 35213777 1
5355 5641 35213787 1
5355 5665 35213797 1
5361 5681 35213807 1
5368 5689 35213817 1
5376 5689 35213827 1
5387 5682 35213837 1
5399 5652 35213847 1
5408 5608 35213857 1
5401 5548 35213867 1
5385 5483 35213877 1
5356 5413 35213887 1
5327 5353 35213897 1
5299 5300 35213907 1
5275 5267 35213917 1
5257 5257 35213927 1
5238 5262 35213937 1
5217 5285 35213947 1
5184 5345 35213957 1
5153 5431 35213967 1
5125 5518 35213977 1
5113 5561 35213987 1
5113 5574 35213997 1
5113 5580 35214007 1
5113 5580 35214017 1
5136 5580 35214027 1
5177 5571 35214037 1
5236 5556 35214047 1
5296 5535 35214057 1
5359 5517 35214067 1
5422 5502 35214077 1
5477 5487 35214087 1
5527 5479 35214097 1
5567 5479 35214107 1
5607 5487 35214117 1
5652 5524 35214127 1
5830 5772 35214168 0
5878 5831 35214178 1
5884 5831 35214188 1
5890 5818 35214198 1
5900 5783 35214208 1
5913 5733 35214218 1
5927 5673 35214228 1
5949 5611 35214238 1
5972 5550 35214248 1
5997 5500 35214258 1
6023 5456 35214268 1
6047 5424 35214278 1
6067 5413 35214288 1
6085 5413 35214298 1
6105 5450 35214308 1
6129 5511 35214318 1
6262 6153 35214378 0
6311 6183 35214388 1
6306 6189 35214398 1
6316 6189 35214408 1
6326 6180 35214418 1
6335 6168 35214428 1
6356 6136 35214438 1
6379 6090 35214448 1
6405 6043 35214458 1
6429 5975 35214468 1
6452 5892 35214478 1
6472 5795 35214488 1
6495 5692 35214499 1
6521 5584 35214509 1
6539 5467 35214519 1
6561 5351 35214529 1
6588 5235 35214539 1
6616 5120 35214549 1
6638 5010 35214559 1
6655 4903 35214569 1
6669 4804 35214579 1
6684 4701 35214589 1
6695 4614 35214599 1
6703 4540 35214609 1
6709 4468 35214619 1
6716 4422 35214629 1
6716 4393 35214639 1
6722 4370 35214649 1
6722 4359 35214659 1
6722 4359 35214669 1
6722 4354 35214679 1
6722 4354 35214689 1
6695 4360 35214699 1
6661 4381 35214709 1
6597 4419 35214719 1
6479 4479 35214729 1
6324 4554 35214739 1
6058 4625 35214749 1
