208
3506 5256 43321703 0
3591 5288 43321713 1
3601 5345 43321723 1
3623 5399 43321733 1
3652 5451 43321743 1
3704 5533 43321753 1
3739 5613 43321763 1
3763 5687 43321773 1
3771 5759 43321783 1
3739 5829 43321793 1
3681 5902 43321803 1
3587 5977 43321813 1
3453 6003 43321823 1
3291 5964 43321833 1
3089 5882 43321843 1
2908 5744 43321853 1
2742 5554 43321863 1
2577 5330 43321873 1
2457 5050 43321883 1
2366 4757 43321893 1
2340 4456 43321903 1
2377 4230 43321913 1
2457 4097 43321923 1
2584 4026 43321933 1
2737 3995 43321943 1
2907 4018 43321953 1
3128 4077 43321963 1
3353 4199 43321973 1
3583 4376 43321983 1
3813 4590 43321993 1
4007 4815 43322003 1
4168 5005 43322013 1
4308 5173 43322023 1
4327 5185 43322033 1
4287 5102 43322043 1
4207 4957 43322053 1
4090 4719 43322063 1
4002 4480 43322073 1
3933 4249 43322083 1
3924 4024 43322093 1
3963 3937 43322103 1
4035 3915 43322113 1
4147 3936 43322123 1
4309 4039 43322133 1
4505 4191 43322143 1
4676 4375 43322153 1
4795 4518 43322163 1
4880 4549 43322173 1
4905 4506 43322183 1
4912 4411 43322193 1
4912 4281 43322203 1
4925 4128 43322213 1
4965 4031 43322223 1
5020 3985 43322233 1
5101 3972 43322243 1
5213 4028 43322253 1
5346 4147 43322263 1
5477 4309 43322273 1
5579 4506 43322283 1
5661 4701 43322293 1
5694 4907 43322303 1
5689 5122 43322313 1
5658 5237 43322323 1
6655 4957 43322844 0
6688 4919 43322854 1
6679 4914 43322864 1
6711 4888 43322874 1
6773 4848 43322884 1
6856 4848 43322894 1
6964 4891 43322904 1
7135 4964 43322914 1
7349 5064 43322924 1
7488 5147 43322934 1
7630 5220 43322944 1
7729 5408 43322954 1
7798 5543 43322964 1
7814 5642 43322974 1
7784 5743 43322984 1
7724 5840 43322994 1
7664 5897 43323004 1
7606 5929 43323014 1
7549 5910 43323024 1
7489 5849 43323034 1
7427 5759 43323044 1
7367 5633 43323054 1
7314 5435 43323064 1
7262 5190 43323074 1
7210 4929 43323084 1
7157 4668 43323094 1
7101 4449 43323104 1
7045 4258 43323114 1
6979 4093 43323124 1
6906 3965 43323134 1
6846 3861 43323144 1
6781 3771 43323154 1
6732 3720 43323164 1
6696 3694 43323174 1
6663 3699 43323184 1
6626 3747 43323194 1
6585 3825 43323204 1
6563 3967 43323214 1
6563 4111 43323224 1
6568 4257 43323234 1
6584 4333 43323244 1
6615 4361 43323254 1
6657 4356 43323264 1
6709 4300 43323274 1
6759 4206 43323284 1
6813 4087 43323294 1
6876 3972 43323304 1
6946 3874 43323314 1
7020 3788 43323324 1
7102 3755 43323334 1
7207 3773 43323344 1
7326 3826 43323354 1
7469 3922 43323364 1
7608 4042 43323374 1
7743 4177 43323384 1
7860 4320 43323394 1
7932 4454 43323404 1
7974 4495 43323414 1
7974 4478 43323424 1
7962 4425 43323434 1
7936 4331 43323444 1
7904 4211 43323454 1
7880 4120 43323464 1
7890 4048 43323474 1
7919 3990 43323484 1
7954 3961 43323494 1
8019 3967 43323504 1
8104 3997 43323514 1
8196 4060 43323524 1
8288 4133 43323534 1
8364 4212 43323544 1
8428 4275 43323554 1
8443 4290 43323564 1
8437 4273 43323574 1
8417 4213 43323584 1
8375 4133 43323594 1
8356 4040 43323604 1
8351 3975 43323614 1
8373 3931 43323624 1
8401 3901 43323634 1
8463 3901 43323644 1
8545 3929 43323654 1
8654 3980 43323664 1
8766 4057 43323674 1
8888 4147 43323684 1
9017 4246 43323694 1
9101 4316 43323704 1
9140 4325 43323714 1
9150 4294 43323724 1
9137 4233 43323734 1
9093 4148 43323744 1
9028 4048 43323754 1
8975 3961 43323764 1
8948 3902 43323774 1
8938 3862 43323784 1
8959 3852 43323794 1
9016 3879 43323804 1
9097 3931 43323814 1
9199 4005 43323824 1
9297 4080 43323834 1
9393 4155 43323836 1
9485 4188 43323846 1
9529 4178 43323856 1
9542 4139 43323866 1
9542 4078 43323876 1
9542 4012 43323886 1
9563 3968 43323896 1
9598 3940 43323906 1
9676 3940 43323916 1
9822 3970 43323926 1
10014 4025 43323936 1
10211 4103 43323946 1
10365 4188 43323956 1
10489 4278 43323966 1
10539 4385 43323976 1
10544 4433 43323986 1
10520 4442 43323996 1
10436 4401 43324006 1
10348 4323 43324016 1
10257 4221 43324026 1
10203 4085 43324036 1
10154 3888 43324046 1
10115 3651 43324056 1
10073 3383 43324066 1
10027 3095 43324076 1
10008 2794 43324086 1
9992 2580 43324096 1
9929 2416 43324106 1
9834 2286 43324116 1
9682 2179 43324126 1
9535 2152 43324136 1
9427 2178 43324146 1
9344 2250 43324156 1
9271 2371 43324166 1
9271 2524 43324176 1
9317 2669 43324186 1
9448 2826 43324196 1
9650 2992 43324206 1
9899 3145 43324216 1
10193 3295 43324226 1
10485 3415 43324236 1
10776 3516 43324246 1
11040 3582 43324256 1
11229 3646 43324266 1
11368 3707 43324276 1
