214
2914 5435 43243070 0
2984 5416 43243080 1
2964 5443 43243090 1
2964 5462 43243100 1
2987 5487 43243110 1
3017 5520 43243120 1
3062 5583 43243130 1
3109 5652 43243140 1
3157 5726 43243150 1
3195 5799 43243160 1
3225 5887 43243170 1
3233 5986 43243180 1
3209 6072 43243190 1
3163 6131 43243200 1
3070 6172 43243210 1
2952 6148 43243220 1
2817 6046 43243230 1
2643 5891 43243240 1
2460 5668 43243250 1
2270 5379 43243260 1
2094 5047 43243270 1
1991 4652 43243280 1
1937 4314 43243290 1
1956 4015 43243300 1
2029 3853 43243310 1
2138 3768 43243320 1
2277 3734 43243330 1
2455 3756 43243340 1
2660 3857 43243350 1
2866 4010 43243360 1
3088 4218 43243370 1
3321 4471 43243380 1
3515 4753 43243390 1
3674 5017 43243400 1
3810 5140 43243410 1
3830 5168 43243420 1
3805 5129 43243430 1
3749 4989 43243440 1
3633 4783 43243450 1
3519 4566 43243460 1
3453 4349 43243470 1
3418 4204 43243480 1
3427 4107 43243490 1
3487 4087 43243500 1
3582 4137 43243510 1
3746 4233 43243520 1
3908 4385 43243530 1
4068 4507 43243540 1
4165 4610 43243550 1
4207 4602 43243560 1
4207 4524 43243560 1
4207 4400 43243570 1
4200 4254 43243580 1
4231 4130 43243590 1
4283 4065 43243600 1
4367 4032 43243610 1
4484 4052 43243620 1
4623 4138 43243630 1
4801 4269 43243640 1
4937 4448 43243650 1
5045 4635 43243660 1
5103 4828 43243670 1
5108 5026 43243680 1
5078 5169 43243690 1
5028 5275 43243700 1
4961 5324 43243710 1
4883 5317 43243720 1
5916 4974 43244061 0
5869 4966 43244071 1
5861 4955 43244081 1
5869 4955 43244091 1
5916 4927 43244101 1
5988 4909 43244111 1
6120 4900 43244121 1
6268 4940 43244131 1
6426 5028 43244141 1
6630 5148 43244151 1
6838 5289 43244161 1
6996 5441 43244171 1
7118 5601 43244181 1
7176 5734 43244191 1
7181 5865 43244201 1
7151 5960 43244211 1
7091 6032 43244221 1
7023 6055 43244231 1
6949 6038 43244241 1
6873 5995 43244251 1
6798 5892 43244261 1
6723 5747 43244271 1
6673 5574 43244281 1
6625 5337 43244291 1
6578 5098 43244301 1
6531 4857 43244311 1
6486 4643 43244321 1
6423 4457 43244331 1
6347 4291 43244341 1
6251 4137 43244351 1
6155 4010 43244361 1
6078 3902 43244371 1
6014 3813 43244381 1
5963 3757 43244391 1
5929 3724 43244401 1
5906 3730 43244411 1
5887 3789 43244421 1
5873 3884 43244431 1
5890 4055 43244441 1
5925 4264 43244451 1
5964 4499 43244461 1
6008 4645 43244471 1
6056 4707 43244481 1
6100 4714 43244491 1
6138 4676 43244492 1
6175 4576 43244502 1
6205 4434 43244512 1
6239 4250 43244522 1
6295 4105 43244532 1
6363 3985 43244542 1
6439 3908 43244552 1
6521 3870 43244562 1
6629 3859 43244572 1
6751 3894 43244582 1
6898 3972 43244592 1
7042 4079 43244602 1
7185 4237 43244612 1
7336 4406 43244622 1
7440 4583 43244632 1
7512 4644 43244642 1
7512 4644 43244652 1
7499 4607 43244662 1
7467 4537 43244672 1
7391 4416 43244682 1
7319 4260 43244692 1
7278 4137 43244702 1
7255 4044 43244712 1
7255 3970 43244722 1
7278 3926 43244732 1
7320 3913 43244742 1
7393 3922 43244752 1
7484 3972 43244762 1
7586 4049 43244772 1
7696 4144 43244782 1
7806 4266 43244792 1
7915 4369 43244802 1
7952 4459 43244812 1
7941 4452 43244822 1
7918 4394 43244832 1
7865 4301 43244842 1
7792 4189 43244852 1
7756 4090 43244862 1
7741 4021 43244872 1
7741 3969 43244882 1
7764 3942 43244892 1
7828 3949 43244902 1
7919 3979 43244912 1
8038 4044 43244922 1
8177 4129 43244932 1
8328 4228 43244942 1
8475 4312 43244952 1
8547 4336 43244962 1
8568 4319 43244972 1
8554 4268 43244982 1
8512 4203 43244992 1
8450 4129 43244992 1
8411 4084 43245002 1
8401 4059 43245012 1
8409 4047 43245022 1
8451 4053 43245032 1
8527 4081 43245042 1
8626 4123 43245052 1
8720 4161 43245062 1
8813 4193 43245072 1
8905 4199 43245082 1
8974 4189 43245092 1
9027 4176 43245102 1
9092 4167 43245112 1
9186 4179 43245122 1
9299 4204 43245132 1
9439 4257 43245142 1
9543 4324 43245152 1
9624 4401 43245162 1
9645 4497 43245172 1
9625 4590 43245182 1
9578 4641 43245192 1
9489 4665 43245202 1
9415 4624 43245212 1
9351 4530 43245222 1
9304 4401 43245232 1
9286 4199 43245242 1
9286 3945 43245252 1
9286 3657 43245262 1
9238 3296 43245272 1
9161 2916 43245282 1
9074 2524 43245292 1
8971 2265 43245302 1
8857 2079 43245312 1
8666 1941 43245322 1
8515 1899 43245332 1
8391 1932 43245342 1
8317 2015 43245352 1
8273 2189 43245362 1
8250 2398 43245372 1
8283 2631 43245382 1
8400 2856 43245392 1
8574 3049 43245402 1
8817 3220 43245412 1
9091 3397 43245422 1
9385 3564 43245432 1
9674 3714 43245442 1
9924 3858 43245452 1
10149 3961 43245462 1
10274 4014 43245472 1
10345 4035 43245482 1
10380 4035 43245492 1
10361 4035 43245502 1
