275
4586 5795 35722105 0
4586 5795 35722115 1
4599 5841 35722125 1
4589 5851 35722135 1
4584 5885 35722145 1
4584 5935 35722155 1
4554 6000 35722165 1
4548 6063 35722175 1
4557 6125 35722185 1
4557 6239 35722195 1
4540 6333 35722205 1
4517 6413 35722215 1
4470 6502 35722225 1
4399 6568 35722235 1
4312 6618 35722245 1
4204 6628 35722255 1
4089 6596 35722265 1
3969 6535 35722275 1
3856 6434 35722285 1
3738 6295 35722295 1
3616 6131 35722305 1
3518 5918 35722315 1
3436 5664 35722325 1
3364 5383 35722335 1
3297 5061 35722345 1
3261 4767 35722355 1
3246 4493 35722365 1
3276 4266 35722375 1
3349 4095 35722385 1
3451 3961 35722395 1
3587 3886 35722405 1
3728 3862 35722415 1
3847 3871 35722425 1
3948 3927 35722435 1
4053 4039 35722445 1
4169 4188 35722455 1
4293 4381 35722465 1
4405 4586 35722475 1
4506 4798 35722485 1
4599 4988 35722495 1
4666 5108 35722505 1
4695 5182 35722515 1
4695 5213 35722525 1
4688 5218 35722535 1
4667 5206 35722545 1
4638 5152 35722555 1
4596 5038 35722565 1
4555 4885 35722575 1
4527 4656 35722585 1
4507 4438 35722595 1
4495 4228 35722605 1
4502 4073 35722615 1
4521 3970 35722625 1
4554 3901 35722635 1
4591 3873 35722645 1
4634 3891 35722655 1
4695 3940 35722665 1
4769 4048 35722675 1
4832 4192 35722685 1
4889 4359 35722695 1
4942 4495 35722705 1
4994 4573 35722715 1
5043 4612 35722725 1
5091 4612 35722735 1
5151 4537 35722745 1
5217 4420 35722755 1
5287 4292 35722765 1
5357 4194 35722775 1
5424 4115 35722785 1
5492 4085 35722795 1
5564 4097 35722805 1
5644 4137 35722815 1
5740 4236 35722825 1
5844 4383 35722835 1
5927 4562 35722845 1
5982 4788 35722855 1
6018 5031 35722865 1
5998 5286 35722875 1
5930 5537 35722885 1
5829 5729 35722895 1
5703 5881 35722905 1
5598 5950 35722915 1
5508 5965 35722925 1
6159 5901 35723247 0
6188 5846 35723257 1
6241 5813 35723267 1
6314 5723 35723277 1
6400 5596 35723287 1
6491 5515 35723297 1
6584 5423 35723307 1
6683 5323 35723317 1
6809 5279 35723327 1
6952 5284 35723337 1
7084 5321 35723347 1
7241 5403 35723357 1
7414 5504 35723367 1
7567 5617 35723377 1
7698 5752 35723387 1
7815 5918 35723397 1
7898 6104 35723407 1
7930 6240 35723417 1
7930 6323 35723427 1
7895 6371 35723437 1
7838 6389 35723447 1
7766 6351 35723457 1
7673 6276 35723467 1
7580 6143 35723477 1
7481 5938 35723487 1
7378 5685 35723497 1
7268 5401 35723507 1
7154 5087 35723517 1
7036 4754 35723527 1
6924 4523 35723537 1
6808 4326 35723547 1
6723 4152 35723557 1
6659 4040 35723567 1
6602 3971 35723577 1
6547 3930 35723587 1
6513 3947 35723597 1
6491 4025 35723607 1
6485 4145 35723617 1
6502 4323 35723627 1
6534 4492 35723637 1
6590 4654 35723647 1
6646 4735 35723657 1
6699 4775 35723667 1
6745 4787 35723677 1
6787 4765 35723687 1
6834 4705 35723697 1
6880 4620 35723707 1
6922 4501 35723717 1
6960 4381 35723727 1
7013 4266 35723737 1
7072 4194 35723747 1
7141 4148 35723757 1
7223 4142 35723767 1
7313 4182 35723777 1
7401 4253 35723787 1
7487 4353 35723797 1
7560 4474 35723807 1
7627 4610 35723817 1
7690 4751 35723827 1
7732 4880 35723837 1
7751 4941 35723847 1
7751 4960 35723857 1
7746 4960 35723867 1
7717 4921 35723877 1
7673 4848 35723887 1
7620 4726 35723897 1
7572 4599 35723907 1
7532 4470 35723917 1
7520 4355 35723927 1
7525 4278 35723937 1
7562 4227 35723947 1
7604 4214 35723957 1
7665 4240 35723967 1
7737 4292 35723977 1
7816 4378 35723987 1
7895 4483 35723997 1
7966 4601 35724007 1
8032 4736 35724017 1
8078 4865 35724027 1
8100 4940 35724037 1
8106 4981 35724047 1
8106 4981 35724057 1
8097 4974 35724067 1
8081 4924 35724077 1
8048 4847 35724087 1
8016 4737 35724097 1
7988 4622 35724107 1
7960 4499 35724117 1
7960 4415 35724127 1
7979 4357 35724137 1
8015 4330 35724147 1
8057 4338 35724157 1
8118 4370 35724167 1
8190 4437 35724177 1
8266 4522 35724187 1
8342 4619 35724197 1
8408 4730 35724207 1
8466 4833 35724217 1
8494 4931 35724227 1
8503 4969 35724237 1
8503 4978 35724247 1
8503 4968 35724257 1
8496 4943 35724267 1
8479 4871 35724277 1
8454 4767 35724287 1
8425 4656 35724297 1
8382 4542 35724307 1
8329 4425 35724317 1
8297 4348 35724327 1
8286 4306 35724337 1
8286 4287 35724347 1
8299 4287 35724357 1
8315 4331 35724367 1
8361 4401 35724377 1
8425 4494 35724387 1
8485 4618 35724397 1
8568 4762 35724407 1
8666 4930 35724417 1
8755 5030 35724427 1
8820 5085 35724437 1
8868 5102 35724447 1
8888 5087 35724457 1
8888 5050 35724467 1
8881 4958 35724477 1
8852 4833 35724487 1
8826 4686 35724497 1
8806 4560 35724507 1
8812 4460 35724517 1
8833 4377 35724527 1
8875 4317 35724537 1
8938 4291 35724547 1
9016 4291 35724557 1
9109 4323 35724567 1
9207 4387 35724577 1
9316 4470 35724587 1
9431 4584 35724597 1
9549 4725 35724607 1
9645 4884 35724617 1
9726 5033 35724627 1
9784 5165 35724637 1
9820 5286 35724647 1
9840 5401 35724657 1
9830 5478 35724667 1
9792 5530 35724669 1
9734 5542 35724679 1
9649 5506 35724689 1
9544 5438 35724699 1
9426 5339 35724709 1
9314 5209 35724719 1
9202 5058 35724729 1
9091 4901 35724739 1
9025 4790 35724749 1
9008 4710 35724759 1
9023 4675 35724769 1
9054 4668 35724779 1
9109 4681 35724789 1
9180 4739 35724799 1
9269 4827 35724809 1
9360 4935 35724819 1
9453 5048 35724829 1
9532 5155 35724839 1
9582 5257 35724849 1
9613 5293 35724859 1
9613 5293 35724869 1
9605 5279 35724879 1
9588 5221 35724889 1
9553 5111 35724899 1
9497 4967 35724909 1
9427 4738 35724919 1
9341 4470 35724929 1
9256 4175 35724939 1
9172 3831 35724949 1
9090 3523 35724959 1
9020 3240 35724969 1
8956 2988 35724979 1
8899 2827 35724989 1
8843 2727 35724999 1
8785 2675 35725009 1
8687 2665 35725019 1
8564 2683 35725029 1
8409 2747 35725039 1
8260 2858 35725049 1
8114 3001 35725059 1
8072 3217 35725069 1
8158 3516 35725079 1
8328 3871 35725089 1
8660 4254 35725099 1
9092 4633 35725109 1
9591 4910 35725119 1
10073 5121 35725129 1
10423 5241 35725139 1
10686 5293 35725149 1
