210
3494 5356 43278971 0
3563 5312 43278981 1
3554 5364 43278991 1
3559 5410 43279001 1
3580 5453 43279011 1
3612 5538 43279021 1
3657 5638 43279031 1
3708 5747 43279041 1
3746 5860 43279051 1
3774 5971 43279061 1
3774 6064 43279071 1
3738 6145 43279081 1
3678 6212 43279091 1
3587 6247 43279101 1
3475 6260 43279111 1
3350 6225 43279121 1
3207 6145 43279131 1
3059 6034 43279141 1
2907 5870 43279151 1
2778 5660 43279161 1
2651 5419 43279171 1
2525 5116 43279181 1
2451 4812 43279191 1
2432 4508 43279201 1
2450 4261 43279211 1
2502 4108 43279221 1
2600 4019 43279231 1
2729 3951 43279241 1
2866 3932 43279251 1
3038 3946 43279261 1
3232 4019 43279271 1
3434 4156 43279281 1
3645 4335 43279291 1
3871 4573 43279301 1
4064 4816 43279311 1
4236 5063 43279321 1
4332 5190 43279331 1
4357 5219 43279341 1
4334 5182 43279351 1
4266 5044 43279361 1
4167 4824 43279371 1
4047 4549 43279381 1
3966 4274 43279391 1
3939 4013 43279401 1
3947 3861 43279411 1
4002 3777 43279421 1
4104 3762 43279431 1
4237 3843 43279441 1
4419 3988 43279451 1
4622 4176 43279461 1
4840 4379 43279471 1
4964 4593 43279481 1
5028 4637 43279491 1
5052 4606 43279501 1
5052 4525 43279511 1
5059 4374 43279521 1
5059 4247 43279531 1
5106 4137 43279541 1
5176 4080 43279551 1
5262 4080 43279561 1
5375 4117 43279571 1
5493 4222 43279581 1
5618 4379 43279591 1
5728 4571 43279601 1
5829 4761 43279611 1
5856 4968 43279612 1
5846 5187 43279622 1
5811 5361 43279632 1
5772 5434 43279642 1
6661 5076 43280083 0
6677 5038 43280093 1
6643 5031 43280103 1
6663 5025 43280113 1
6723 5025 43280123 1
6810 5075 43280133 1
6941 5153 43280143 1
7076 5266 43280153 1
7237 5405 43280163 1
7413 5562 43280173 1
7535 5683 43280183 1
7597 5789 43280193 1
7619 5885 43280203 1
7602 5960 43280213 1
7571 6003 43280223 1
7530 6024 43280233 1
7473 6011 43280243 1
7400 5947 43280253 1
7317 5850 43280263 1
7236 5716 43280273 1
7159 5521 43280283 1
7089 5286 43280293 1
7019 5034 43280303 1
6943 4796 43280313 1
6863 4567 43280323 1
6783 4391 43280333 1
6711 4251 43280343 1
6652 4134 43280353 1
6611 4058 43280363 1
6581 4016 43280373 1
6568 3996 43280383 1
6555 3996 43280393 1
6542 4059 43280403 1
6528 4156 43280413 1
6528 4333 43280423 1
6528 4513 43280433 1
6528 4694 43280443 1
6545 4786 43280453 1
6573 4814 43280463 1
6614 4799 43280473 1
6667 4723 43280483 1
6729 4596 43280493 1
6800 4435 43280503 1
6861 4266 43280513 1
6916 4149 43280523 1
6982 4066 43280533 1
7052 4029 43280543 1
7151 4041 43280553 1
7268 4087 43280563 1
7417 4187 43280573 1
7568 4331 43280583 1
7701 4504 43280593 1
7820 4673 43280603 1
7918 4837 43280613 1
7953 4900 43280623 1
7945 4900 43280633 1
7929 4849 43280643 1
7883 4751 43280653 1
7816 4622 43280663 1
7787 4504 43280673 1
7781 4398 43280683 1
7789 4301 43280693 1
7825 4249 43280703 1
7885 4234 43280713 1
7960 4243 43280723 1
8057 4295 43280733 1
8154 4383 43280743 1
8251 4496 43280753 1
8335 4602 43280763 1
8413 4673 43280773 1
8435 4722 43280783 1
8430 4703 43280793 1
8408 4648 43280803 1
8382 4569 43280813 1
8347 4464 43280823 1
8307 4370 43280833 1
8314 4284 43280843 1
8342 4239 43280853 1
8384 4223 43280863 1
8451 4223 43280873 1
8536 4272 43280883 1
8634 4345 43280893 1
8733 4436 43280903 1
8835 4529 43280913 1
8945 4614 43280923 1
9002 4641 43280933 1
9021 4633 43280943 1
9009 4582 43280953 1
8963 4497 43280963 1
8893 4390 43280973 1
8832 4301 43280983 1
8804 4246 43280993 1
8799 4215 43281003 1
8812 4207 43281013 1
8870 4234 43281023 1
8958 4284 43281033 1
9057 4359 43281043 1
9156 4431 43281053 1
9257 4502 43281063 1
9359 4536 43281073 1
9428 4528 43281083 1
9475 4493 43281093 1
9496 4441 43281103 1
9521 4389 43281113 1
9572 4341 43281123 1
9639 4328 43281133 1
9752 4337 43281143 1
9901 4390 43281153 1
10074 4455 43281163 1
10202 4528 43281173 1
10277 4608 43281183 1
10316 4688 43281193 1
10316 4768 43281203 1
10294 4782 43281213 1
10253 4746 43281223 1
10180 4676 43281233 1
10112 4560 43281243 1
10047 4409 43281253 1
10025 4234 43281263 1
9993 4027 43281273 1
9954 3756 43281283 1
9865 3442 43281293 1
9784 3109 43281303 1
9707 2815 43281313 1
9603 2546 43281323 1
9485 2398 43281333 1
9358 2345 43281343 1
9274 2355 43281353 1
9211 2443 43281363 1
9163 2618 43281373 1
9143 2852 43281383 1
9200 3101 43281393 1
9308 3329 43281403 1
9485 3543 43281413 1
9680 3710 43281423 1
9887 3874 43281433 1
10096 3992 43281443 1
10270 4081 43281453 1
10421 4150 43281463 1
10567 4215 43281473 1
10649 4262 43281483 1
