212
2691 5855 9980824 0
2759 5837 9980834 1
2766 5870 9980844 1
2753 5894 9980854 1
2765 5918 9980864 1
2782 5947 9980874 1
2796 5981 9980884 1
2806 6054 9980894 1
2800 6099 9980904 1
2773 6125 9980914 1
2732 6155 9980924 1
2653 6180 9980934 1
2549 6180 9980944 1
2428 6155 9980954 1
2351 6091 9980964 1
2198 5980 9980974 1
1995 5839 9980984 1
1842 5677 9980994 1
1709 5444 9981004 1
1590 5163 9981014 1
1506 4880 9981024 1
1486 4658 9981034 1
1509 4476 9981044 1
1585 4325 9981054 1
1693 4220 9981064 1
1823 4145 9981074 1
1980 4126 9981084 1
2171 4155 9981094 1
2384 4215 9981104 1
2586 4322 9981114 1
2787 4482 9981124 1
2988 4677 9981134 1
3208 4912 9981144 1
3440 5161 9981154 1
3607 5419 9981164 1
3719 5626 9981174 1
3793 5710 9981184 1
3793 5710 9981194 1
3762 5671 9981204 1
3718 5527 9981214 1
3626 5314 9981224 1
3537 5074 9981234 1
3485 4840 9981244 1
3456 4611 9981254 1
3474 4476 9981264 1
3515 4405 9981274 1
3571 4377 9981284 1
3670 4403 9981294 1
3786 4504 9981304 1
3912 4655 9981314 1
4041 4839 9981324 1
4171 5021 9981334 1
4249 5103 9981344 1
4293 5119 9981354 1
4298 5082 9981364 1
4291 4974 9981374 1
4276 4819 9981384 1
4276 4656 9981394 1
4307 4536 9981404 1
4358 4444 9981414 1
4424 4417 9981424 1
4518 4463 9981434 1
4630 4559 9981444 1
4776 4706 9981454 1
4884 4884 9981464 1
4967 5082 9981474 1
5010 5273 9981484 1
5018 5457 9981494 1
5003 5637 9981504 1
5977 5382 9981906 0
6008 5312 9981916 1
6008 5426 9981926 1
6008 5465 9981936 1
6060 5453 9981946 1
6168 5526 9981956 1
6316 5618 9981966 1
6481 5722 9981976 1
6638 5837 9981986 1
6753 5951 9981996 1
6842 6065 9982006 1
6863 6148 9982016 1
6836 6226 9982026 1
6778 6295 9982036 1
6715 6316 9982046 1
6644 6306 9982056 1
6568 6240 9982066 1
6479 6112 9982076 1
6390 5943 9982086 1
6300 5709 9982096 1
6229 5432 9982106 1
6163 5127 9982116 1
6103 4841 9982126 1
6046 4637 9982136 1
5992 4489 9982146 1
5943 4333 9982156 1
5900 4216 9982166 1
5867 4125 9982176 1
5836 4078 9982186 1
5804 4063 9982196 1
5761 4069 9982206 1
5710 4122 9982216 1
5663 4233 9982226 1
5633 4382 9982236 1
5613 4551 9982246 1
5613 4704 9982256 1
5631 4820 9982266 1
5669 4918 9982276 1
5748 4985 9982286 1
5833 4992 9982296 1
5921 4960 9982306 1
5988 4860 9982316 1
6049 4731 9982326 1
6106 4584 9982336 1
6168 4447 9982346 1
6233 4348 9982356 1
6302 4275 9982366 1
6388 4248 9982376 1
6484 4285 9982386 1
6602 4364 9982396 1
6726 4494 9982406 1
6862 4648 9982416 1
6972 4817 9982426 1
7064 5005 9982436 1
7147 5099 9982446 1
7178 5131 9982456 1
7173 5111 9982466 1
7173 5049 9982476 1
7145 4959 9982486 1
7103 4817 9982496 1
7076 4695 9982506 1
7076 4587 9982516 1
7084 4504 9982526 1
7106 4449 9982536 1
7151 4413 9982546 1
7210 4408 9982556 1
7306 4455 9982566 1
7402 4537 9982576 1
7497 4635 9982586 1
7578 4741 9982596 1
7650 4853 9982606 1
7669 4884 9982616 1
7669 4874 9982626 1
7658 4836 9982636 1
7629 4751 9982646 1
7599 4664 9982656 1
7568 4577 9982666 1
7568 4512 9982676 1
7583 4460 9982686 1
7612 4439 9982696 1
7655 4451 9982706 1
7732 4484 9982716 1
7831 4567 9982726 1
7943 4662 9982736 1
8050 4765 9982746 1
8153 4886 9982756 1
8229 4939 9982766 1
8283 4946 9982776 1
8288 4917 9982786 1
8265 4858 9982796 1
8223 4778 9982806 1
8173 4706 9982816 1
8134 4656 9982826 1
8126 4621 9982836 1
8135 4609 9982846 1
8165 4621 9982856 1
8247 4648 9982866 1
8363 4703 9982876 1
8470 4753 9982886 1
8550 4797 9982896 1
8613 4802 9982906 1
8653 4780 9982916 1
8679 4743 9982926 1
8696 4705 9982936 1
8715 4671 9982946 1
8771 4660 9982956 1
8852 4660 9982966 1
9007 4704 9982976 1
9163 4771 9982986 1
9321 4855 9982996 1
9419 4942 9983006 1
9479 5025 9983016 1
9479 5100 9983026 1
9464 5132 9983036 1
9433 5132 9983046 1
9375 5100 9983056 1
9311 5015 9983066 1
9242 4897 9983076 1
9211 4702 9983086 1
9201 4445 9983096 1
9201 4148 9983106 1
9163 3812 9983116 1
9088 3474 9983126 1
8992 3130 9983136 1
8881 2871 9983146 1
8737 2673 9983156 1
8572 2583 9983166 1
8482 2573 9983176 1
8407 2616 9983186 1
8343 2690 9983196 1
8292 2812 9983206 1
8285 2967 9983216 1
8307 3133 9983226 1
8385 3330 9983236 1
8518 3549 9983246 1
8688 3764 9983256 1
8891 3974 9983266 1
9115 4180 9983276 1
9353 4346 9983286 1
9623 4477 9983296 1
9834 4585 9983306 1
10006 4652 9983316 1
10087 4680 9983326 1
