211
3078 5410 43328703 0
3075 5440 43328713 1
3075 5461 43328723 1
3091 5482 43328733 1
3122 5534 43328743 1
3167 5606 43328753 1
3212 5690 43328763 1
3246 5774 43328773 1
3272 5861 43328783 1
3272 5951 43328793 1
3239 6025 43328803 1
3183 6097 43328813 1
3088 6137 43328823 1
2978 6156 43328833 1
2859 6128 43328843 1
2731 6046 43328853 1
2591 5929 43328863 1
2442 5759 43328873 1
2327 5545 43328883 1
2239 5301 43328893 1
2168 5000 43328903 1
2154 4719 43328913 1
2201 4452 43328923 1
2289 4270 43328933 1
2387 4154 43328943 1
2512 4081 43328953 1
2654 4055 43328963 1
2818 4093 43328973 1
3010 4174 43328983 1
3221 4347 43328993 1
3440 4563 43329003 1
3639 4807 43329013 1
3825 5069 43329023 1
3944 5224 43329033 1
3978 5309 43329043 1
3956 5266 43329053 1
3877 5112 43329063 1
3774 4883 43329073 1
3656 4604 43329083 1
3607 4329 43329093 1
3616 4056 43329103 1
3664 3888 43329113 1
3753 3810 43329123 1
3880 3791 43329133 1
4032 3873 43329143 1
4236 4019 43329153 1
4439 4208 43329163 1
4636 4444 43329173 1
4760 4569 43329183 1
4838 4619 43329193 1
4848 4584 43329203 1
4848 4489 43329213 1
4848 4354 43329223 1
4858 4216 43329233 1
4895 4130 43329243 1
4948 4080 43329253 1
5035 4080 43329263 1
5173 4164 43329273 1
5345 4311 43329283 1
5511 4514 43329293 1
5645 4736 43329303 1
5757 4972 43329313 1
5800 5213 43329323 1
5791 5394 43329333 1
5747 5534 43329343 1
6423 4909 43330025 0
6423 4909 43330035 1
6463 4876 43330045 1
6507 4884 43330055 1
6566 4904 43330065 1
6669 4964 43330075 1
6807 5054 43330085 1
6968 5164 43330095 1
7104 5215 43330105 1
7240 5348 43330115 1
7334 5535 43330125 1
7400 5633 43330135 1
7410 5725 43330145 1
7388 5810 43330155 1
7344 5896 43330165 1
7298 5945 43330175 1
7256 5967 43330185 1
7221 5967 43330195 1
7185 5927 43330205 1
7144 5868 43330215 1
7101 5772 43330225 1
7065 5650 43330235 1
7030 5512 43330245 1
6987 5295 43330255 1
6938 5073 43330265 1
6871 4846 43330275 1
6800 4616 43330285 1
6727 4436 43330295 1
6676 4277 43330305 1
6631 4132 43330315 1
6594 4030 43330325 1
6563 3956 43330335 1
6539 3901 43330345 1
6525 3883 43330355 1
6515 3896 43330365 1
6504 3929 43330375 1
6504 4024 43330385 1
6522 4172 43330395 1
6556 4356 43330405 1
6596 4533 43330415 1
6657 4645 43330425 1
6729 4714 43330435 1
6796 4724 43330445 1
6850 4675 43330455 1
6895 4588 43330465 1
6927 4460 43330475 1
6963 4323 43330485 1
7001 4179 43330495 1
7045 4102 43330505 1
7094 4060 43330515 1
7154 4042 43330525 1
7243 4069 43330535 1
7350 4142 43330545 1
7467 4246 43330555 1
7562 4385 43330565 1
7642 4527 43330575 1
7701 4671 43330585 1
7732 4735 43330595 1
7745 4735 43330605 1
7740 4688 43330615 1
7725 4603 43330625 1
7704 4500 43330635 1
7704 4385 43330645 1
7720 4285 43330655 1
7745 4219 43330665 1
7780 4177 43330675 1
7838 4164 43330685 1
7910 4188 43330695 1
7992 4237 43330705 1
8074 4319 43330715 1
8146 4420 43330725 1
8210 4533 43330735 1
8247 4611 43330745 1
8259 4633 43330755 1
8259 4617 43330765 1
8239 4563 43330775 1
8212 4471 43330785 1
8178 4353 43330795 1
8178 4262 43330805 1
8192 4196 43330815 1
8223 4146 43330825 1
8260 4125 43330835 1
8321 4138 43330845 1
8397 4173 43330855 1
8483 4242 43330865 1
8568 4329 43330875 1
8650 4427 43330885 1
8722 4512 43330895 1
8786 4547 43330905 1
8804 4547 43330915 1
8795 4509 43330925 1
8769 4433 43330935 1
8717 4333 43330945 1
8668 4249 43330955 1
8643 4190 43330965 1
8634 4148 43330975 1
8642 4138 43330985 1
8688 4164 43330995 1
8760 4215 43331005 1
8859 4293 43331015 1
8960 4384 43331025 1
9061 4484 43331035 1
9162 4536 43331036 1
9219 4541 43331046 1
9246 4515 43331056 1
9246 4447 43331066 1
9246 4368 43331076 1
9234 4283 43331086 1
9249 4216 43331096 1
9304 4190 43331106 1
9385 4190 43331116 1
9536 4236 43331126 1
9724 4315 43331136 1
9937 4417 43331146 1
10122 4521 43331156 1
10226 4635 43331166 1
10277 4755 43331176 1
10277 4841 43331186 1
10248 4852 43331196 1
10192 4812 43331206 1
10087 4734 43331216 1
9984 4622 43331226 1
9888 4488 43331236 1
9817 4270 43331246 1
9760 4002 43331256 1
9710 3701 43331266 1
9671 3389 43331276 1
9650 3076 43331286 1
9638 2815 43331296 1
9592 2589 43331306 1
9491 2444 43331316 1
9354 2357 43331326 1
9208 2310 43331336 1
9094 2347 43331346 1
9001 2444 43331356 1
8921 2581 43331366 1
8912 2769 43331376 1
8949 2962 43331386 1
9065 3159 43331396 1
9255 3356 43331406 1
9493 3552 43331416 1
9764 3738 43331426 1
10042 3918 43331436 1
10324 4060 43331446 1
10595 4169 43331456 1
10789 4256 43331466 1
