211
3223 5814 10005520 0
3208 5778 10005530 1
3197 5783 10005540 1
3197 5800 10005550 1
3212 5831 10005560 1
3228 5878 10005570 1
3241 5935 10005580 1
3241 5979 10005590 1
3241 6022 10005600 1
3226 6062 10005610 1
3184 6102 10005620 1
3124 6144 10005630 1
3036 6171 10005640 1
2939 6188 10005650 1
2837 6168 10005660 1
2730 6118 10005670 1
2608 6047 10005680 1
2477 5932 10005690 1
2366 5785 10005700 1
2260 5618 10005710 1
2177 5393 10005720 1
2106 5164 10005730 1
2085 4959 10005740 1
2117 4773 10005750 1
2185 4667 10005760 1
2280 4597 10005770 1
2393 4551 10005780 1
2519 4545 10005790 1
2692 4587 10005800 1
2875 4661 10005810 1
3065 4779 10005820 1
3276 4955 10005820 1
3475 5170 10005830 1
3652 5385 10005840 1
3819 5567 10005850 1
3899 5727 10005860 1
3923 5755 10005870 1
3909 5729 10005880 1
3883 5667 10005890 1
3825 5520 10005900 1
3745 5319 10005910 1
3668 5082 10005920 1
3645 4896 10005930 1
3657 4786 10005940 1
3716 4727 10005950 1
3797 4717 10005960 1
3892 4762 10005970 1
4014 4844 10005980 1
4140 4974 10005990 1
4250 5104 10006000 1
4348 5188 10006010 1
4380 5242 10006020 1
4387 5222 10006030 1
4377 5144 10006040 1
4369 5027 10006050 1
4375 4820 10006060 1
4389 4681 10006070 1
4450 4588 10006080 1
4551 4545 10006090 1
4678 4575 10006100 1
4856 4653 10006110 1
5029 4805 10006120 1
5199 4976 10006130 1
5334 5161 10006140 1
5382 5343 10006150 1
5373 5538 10006160 1
5299 5743 10006170 1
5231 5844 10006180 1
5168 5854 10006190 1
6140 5344 10006631 0
6200 5233 10006641 1
6200 5348 10006651 1
6151 5377 10006661 1
6194 5348 10006671 1
6288 5396 10006681 1
6417 5482 10006691 1
6569 5594 10006701 1
6721 5703 10006711 1
6872 5810 10006721 1
6949 5918 10006731 1
6979 6027 10006741 1
6979 6117 10006751 1
6948 6182 10006761 1
6902 6230 10006771 1
6857 6238 10006781 1
6797 6207 10006791 1
6727 6151 10006801 1
6658 6050 10006811 1
6589 5889 10006821 1
6521 5689 10006831 1
6448 5464 10006841 1
6362 5228 10006851 1
6267 4984 10006861 1
6172 4780 10006872 1
6083 4631 10006882 1
6018 4520 10006892 1
5967 4430 10006902 1
5944 4379 10006912 1
5936 4354 10006922 1
5936 4354 10006932 1
5925 4391 10006942 1
5911 4453 10006952 1
5896 4564 10006962 1
5906 4695 10006972 1
5922 4840 10006982 1
5956 4963 10006992 1
6001 5037 10007002 1
6057 5078 10007012 1
6115 5070 10007022 1
6178 5008 10007032 1
6232 4911 10007042 1
6281 4760 10007052 1
6324 4636 10007062 1
6373 4529 10007072 1
6430 4451 10007082 1
6491 4412 10007092 1
6576 4400 10007102 1
6676 4438 10007112 1
6802 4518 10007122 1
6928 4627 10007132 1
7030 4744 10007142 1
7115 4895 10007152 1
7192 5070 10007162 1
7231 5168 10007172 1
7245 5184 10007182 1
7237 5145 10007192 1
7229 5083 10007202 1
7204 4993 10007212 1
7166 4885 10007222 1
7145 4783 10007232 1
7145 4717 10007242 1
7153 4675 10007252 1
7172 4652 10007262 1
7216 4658 10007272 1
7276 4683 10007282 1
7364 4743 10007292 1
7439 4833 10007302 1
7505 4943 10007312 1
7550 5027 10007322 1
7570 5062 10007332 1
7570 5062 10007342 1
7560 5032 10007352 1
7547 4966 10007362 1
7529 4877 10007372 1
7508 4789 10007382 1
7516 4732 10007392 1
7529 4696 10007402 1
7553 4679 10007412 1
7587 4684 10007422 1
7649 4705 10007432 1
7730 4764 10007442 1
7824 4845 10007452 1
7906 4942 10007462 1
7979 4994 10007472 1
8020 5010 10007482 1
8031 5001 10007492 1
8023 4965 10007502 1
8006 4904 10007512 1
7978 4826 10007522 1
7943 4759 10007532 1
7930 4720 10007542 1
7935 4699 10007552 1
7952 4693 10007562 1
7996 4712 10007572 1
8068 4749 10007582 1
8159 4813 10007592 1
8234 4874 10007602 1
8311 4906 10007612 1
8371 4921 10007622 1
8419 4900 10007632 1
8440 4858 10007642 1
8461 4803 10007652 1
8488 4750 10007662 1
8517 4722 10007672 1
8596 4712 10007682 1
8723 4728 10007692 1
8882 4784 10007702 1
9055 4868 10007712 1
9172 4951 10007722 1
9251 5035 10007732 1
9251 5115 10007742 1
9220 5188 10007752 1
9171 5208 10007762 1
9125 5195 10007772 1
9063 5136 10007782 1
8989 5025 10007792 1
8938 4879 10007802 1
8913 4679 10007812 1
8904 4438 10007822 1
8866 4170 10007832 1
8818 3889 10007842 1
8762 3608 10007852 1
8667 3357 10007862 1
8525 3128 10007872 1
8351 2968 10007882 1
8230 2905 10007892 1
8148 2905 10007902 1
8091 2957 10007912 1
8024 3066 10007922 1
8007 3215 10007932 1
8023 3409 10007942 1
8101 3592 10007952 1
8235 3767 10007962 1
8407 3987 10007972 1
8624 4191 10007982 1
8865 4384 10007992 1
9122 4539 10008002 1
9339 4644 10008012 1
9556 4717 10008022 1
9708 4772 10008032 1
9816 4800 10008042 1
