320
3480 6057 86096089 0
3480 6057 86096099 1
3480 6057 86096109 1
3480 6057 86096119 1
3480 6057 86096129 1
3480 6057 86096139 1
3476 6107 86096149 1
3492 6157 86096159 1
3506 6217 86096169 1
3515 6284 86096179 1
3507 6345 86096189 1
3487 6412 86096199 1
3456 6486 86096209 1
3411 6564 86096219 1
3356 6621 86096229 1
3287 6661 86096239 1
3196 6689 86096249 1
3090 6701 86096259 1
2975 6691 86096269 1
2862 6667 86096279 1
2749 6620 86096289 1
2638 6571 86096299 1
2546 6501 86096309 1
2467 6417 86096319 1
2403 6317 86096329 1
2340 6200 86096339 1
2279 6071 86096349 1
2237 5925 86096359 1
2207 5781 86096369 1
2207 5639 86096379 1
2216 5517 86096389 1
2238 5394 86096399 1
2275 5294 86096409 1
2331 5209 86096419 1
2400 5142 86096429 1
2487 5088 86096439 1
2600 5044 86096449 1
2729 5018 86096459 1
2849 5011 86096469 1
2973 5017 86096479 1
3113 5041 86096489 1
3262 5093 86096499 1
3399 5163 86096509 1
3537 5266 86096519 1
3669 5391 86096520 1
3798 5532 86096530 1
3906 5668 86096540 1
3995 5798 86096550 1
4072 5897 86096560 1
4130 5978 86096570 1
4165 6025 86096580 1
4184 6046 86096590 1
4184 6046 86096600 1
4184 6054 86096610 1
4174 6059 86096620 1
4161 6066 86096630 1
4136 6066 86096640 1
4102 6059 86096650 1
4062 6025 86096660 1
4022 5975 86096670 1
3981 5906 86096680 1
3943 5822 86096690 1
3905 5728 86096700 1
3866 5638 86096710 1
3831 5543 86096720 1
3800 5443 86096730 1
3792 5353 86096740 1
3799 5269 86096750 1
3813 5180 86096760 1
3842 5120 86096770 1
3881 5080 86096780 1
3923 5058 86096790 1
3974 5071 86096800 1
4046 5107 86096810 1
4129 5184 86096820 1
4234 5286 86096830 1
4329 5406 86096840 1
4417 5493 86096850 1
4498 5578 86096860 1
4561 5641 86096870 1
4613 5691 86096880 1
4643 5727 86096890 1
4650 5744 86096900 1
4642 5744 86096910 1
4632 5752 86096920 1
4617 5752 86096930 1
4599 5736 86096940 1
4577 5697 86096950 1
4553 5642 86096960 1
4527 5568 86096970 1
4516 5463 86096980 1
4508 5338 86096990 1
4502 5215 86097000 1
4517 5106 86097010 1
4548 5007 86097020 1
4590 4932 86097030 1
4653 4880 86097040 1
4728 4844 86097050 1
4811 4830 86097060 1
4895 4846 86097070 1
4979 4881 86097080 1
5065 4944 86097090 1
5158 5028 86097100 1
5255 5127 86097110 1
5344 5260 86097120 1
5413 5406 86097130 1
5469 5561 86097140 1
5515 5684 86097150 1
5543 5801 86097160 1
5559 5914 86097170 1
5566 6014 86097180 1
5566 6090 86097190 1
5995 6062 86097621 0
5995 6062 86097631 1
5995 6062 86097641 1
5995 6062 86097651 1
6003 6031 86097661 1
6019 5985 86097671 1
6055 5929 86097681 1
6103 5883 86097691 1
6172 5858 86097701 1
6258 5846 86097711 1
6356 5863 86097721 1
6461 5911 86097731 1
6568 5980 86097741 1
6677 6068 86097751 1
6768 6160 86097761 1
6847 6255 86097771 1
6887 6349 86097781 1
6899 6445 86097791 1
6892 6543 86097801 1
6860 6604 86097811 1
6812 6642 86097821 1
6754 6665 86097831 1
6694 6659 86097841 1
6628 6624 86097851 1
6558 6570 86097861 1
6487 6472 86097871 1
6418 6358 86097881 1
6353 6234 86097891 1
6293 6114 86097901 1
6245 6000 86097911 1
6206 5890 86097921 1
6171 5772 86097931 1
6147 5676 86097941 1
6131 5596 86097951 1
6096 5492 86097961 1
6047 5387 86097971 1
5988 5279 86097981 1
5929 5209 86097991 1
5872 5163 86098001 1
5807 5141 86098011 1
5737 5141 86098021 1
5677 5157 86098031 1
5635 5190 86098041 1
5606 5246 86098051 1
5606 5318 86098061 1
5615 5394 86098071 1
5640 5452 86098081 1
5685 5499 86098091 1
5748 5539 86098101 1
5822 5576 86098111 1
5890 5605 86098121 1
5956 5612 86098131 1
6020 5606 86098141 1
6086 5588 86098151 1
6152 5555 86098161 1
6212 5513 86098171 1
6268 5469 86098181 1
6324 5420 86098191 1
6377 5375 86098201 1
6428 5334 86098211 1
6482 5303 86098221 1
6538 5294 86098231 1
6601 5300 86098241 1
6674 5329 86098251 1
6763 5385 86098261 1
6863 5460 86098271 1
6940 5537 86098281 1
7000 5610 86098291 1
7048 5677 86098301 1
7068 5724 86098311 1
7068 5760 86098321 1
7068 5785 86098331 1
7058 5805 86098341 1
7051 5814 86098351 1
7042 5814 86098361 1
7042 5814 86098371 1
7031 5814 86098381 1
7019 5783 86098391 1
6990 5741 86098401 1
6952 5668 86098411 1
6907 5594 86098421 1
6881 5518 86098431 1
6859 5443 86098441 1
6844 5366 86098451 1
6857 5314 86098461 1
6887 5279 86098471 1
6929 5258 86098481 1
6976 5258 86098491 1
7044 5258 86098501 1
7125 5309 86098511 1
7216 5378 86098521 1
7308 5461 86098531 1
7384 5541 86098541 1
7449 5617 86098551 1
7492 5667 86098561 1
7511 5701 86098571 1
7511 5701 86098581 1
7511 5701 86098591 1
7504 5696 86098601 1
7504 5696 86098611 1
7493 5664 86098621 1
7479 5612 86098631 1
7459 5542 86098641 1
7459 5482 86098651 1
7473 5430 86098661 1
7485 5368 86098671 1
7514 5331 86098681 1
7553 5310 86098691 1
7604 5310 86098701 1
7668 5333 86098711 1
7741 5375 86098721 1
7818 5433 86098731 1
7889 5493 86098741 1
7937 5555 86098751 1
7970 5609 86098761 1
7982 5643 86098771 1
7982 5664 86098781 1
7982 5673 86098791 1
7970 5681 86098801 1
7965 5681 86098811 1
7965 5686 86098821 1
7965 5681 86098831 1
7960 5666 86098841 1
7955 5644 86098851 1
7943 5582 86098861 1
7929 5520 86098871 1
7935 5463 86098881 1
7944 5409 86098891 1
7960 5369 86098901 1
7981 5344 86098911 1
8010 5329 86098921 1
8046 5324 86098931 1
8093 5343 86098941 1
8145 5379 86098951 1
8195 5424 86098961 1
8242 5477 86098971 1
8287 5535 86098981 1
8312 5581 86098991 1
8324 5623 86099001 1
8319 5638 86099011 1
8307 5638 86099021 1
8290 5631 86099031 1
8265 5621 86099041 1
8242 5585 86099051 1
8224 5533 86099061 1
8224 5480 86099071 1
8236 5435 86099081 1
8264 5395 86099091 1
8312 5364 86099101 1
8374 5364 86099111 1
8467 5373 86099121 1
8560 5421 86099131 1
8652 5477 86099141 1
8734 5538 86099151 1
8797 5593 86099161 1
8848 5654 86099171 1
8892 5711 86099181 1
8901 5765 86099191 1
8886 5804 86099201 1
8870 5839 86099211 1
8846 5852 86099221 1
8817 5852 86099231 1
8790 5852 86099241 1
8756 5821 86099251 1
8716 5780 86099261 1
8681 5736 86099271 1
8647 5691 86099281 1
8613 5661 86099291 1
8598 5642 86099301 1
8585 5620 86099311 1
8573 5600 86099321 1
8573 5575 86099331 1
8591 5546 86099341 1
8603 5505 86099351 1
8614 5460 86099361 1
8625 5410 86099371 1
8632 5360 86099381 1
8639 5308 86099391 1
8639 5255 86099401 1
8630 5204 86099411 1
8618 5152 86099421 1
8582 5067 86099431 1
8529 4960 86099441 1
8462 4837 86099451 1
8386 4712 86099454 1
8303 4586 86099464 1
8244 4514 86099474 1
8185 4470 86099484 1
8128 4446 86099494 1
8070 4454 86099504 1
8018 4489 86099514 1
7968 4541 86099524 1
7918 4593 86099534 1
7873 4628 86099544 1
7834 4651 86099554 1
7824 4670 86099564 1
7830 4685 86099574 1
7877 4738 86099584 1
7959 4819 86099594 1
8063 4909 86099604 1
8188 5013 86099614 1
8343 5127 86099624 1
8517 5266 86099634 1
8695 5402 86099644 1
8883 5531 86099654 1
9064 5634 86099664 1
9237 5721 86099674 1
9414 5797 86099684 1
