221
2732 5631 9975677 0
2770 5670 9975687 1
2765 5721 9975697 1
2777 5768 9975707 1
2800 5843 9975717 1
2842 5937 9975727 1
2886 6033 9975737 1
2915 6092 9975747 1
2934 6126 9975757 1
2934 6234 9975767 1
2906 6297 9975777 1
2865 6329 9975787 1
2799 6361 9975797 1
2703 6352 9975807 1
2588 6317 9975817 1
2458 6238 9975827 1
2320 6104 9975837 1
2176 5934 9975847 1
2004 5707 9975857 1
1864 5442 9975867 1
1745 5153 9975877 1
1677 4881 9975887 1
1657 4677 9975897 1
1668 4519 9975907 1
1714 4387 9975917 1
1786 4289 9975927 1
1874 4214 9975937 1
1988 4178 9975947 1
2122 4173 9975957 1
2269 4189 9975967 1
2415 4247 9975977 1
2589 4375 9975987 1
2781 4549 9975997 1
2991 4762 9976007 1
3217 5019 9976017 1
3454 5306 9976027 1
3639 5542 9976037 1
3733 5635 9976047 1
3766 5635 9976057 1
3759 5578 9976067 1
3690 5426 9976077 1
3580 5210 9976087 1
3479 4970 9976097 1
3384 4718 9976107 1
3333 4457 9976117 1
3309 4291 9976127 1
3337 4222 9976137 1
3409 4222 9976147 1
3511 4269 9976157 1
3677 4410 9976167 1
3854 4611 9976177 1
4037 4824 9976187 1
4190 4957 9976197 1
4258 5037 9976207 1
4269 5010 9976217 1
4274 4911 9976227 1
4265 4763 9976237 1
4247 4602 9976247 1
4260 4468 9976257 1
4307 4351 9976267 1
4376 4314 9976277 1
4481 4370 9976287 1
4655 4489 9976297 1
4875 4670 9976307 1
5049 4882 9976317 1
5191 5114 9976327 1
5312 5322 9976337 1
5325 5514 9976347 1
5310 5695 9976357 1
5275 5744 9976367 1
5963 5304 9976718 0
6025 5303 9976728 1
6037 5277 9976738 1
6051 5261 9976748 1
6119 5283 9976758 1
6236 5330 9976768 1
6386 5430 9976778 1
6553 5546 9976788 1
6707 5674 9976798 1
6853 5774 9976808 1
6916 5877 9976818 1
6928 5981 9976828 1
6906 6071 9976838 1
6858 6127 9976848 1
6788 6161 9976858 1
6702 6142 9976868 1
6619 6082 9976878 1
6535 5996 9976888 1
6454 5854 9976898 1
6384 5706 9976908 1
6315 5516 9976918 1
6245 5301 9976928 1
6178 5088 9976938 1
6111 4887 9976948 1
6045 4694 9976958 1
5985 4562 9976968 1
5928 4444 9976978 1
5886 4336 9976988 1
5849 4270 9976998 1
5824 4233 9977008 1
5807 4216 9977018 1
5792 4221 9977028 1
5766 4255 9977038 1
5734 4308 9977048 1
5726 4419 9977058 1
5737 4547 9977068 1
5760 4687 9977078 1
5812 4829 9977088 1
5870 4965 9977098 1
5936 5036 9977108 1
5997 5065 9977118 1
6046 5036 9977128 1
6089 4957 9977138 1
6119 4844 9977148 1
6144 4711 9977158 1
6166 4592 9977168 1
6209 4496 9977178 1
6259 4412 9977188 1
6320 4362 9977198 1
6386 4362 9977208 1
6481 4390 9977218 1
6595 4478 9977228 1
6725 4595 9977238 1
6860 4732 9977248 1
6998 4933 9977258 1
7125 5134 9977268 1
7195 5230 9977278 1
7227 5258 9977288 1
7235 5241 9977298 1
7216 5176 9977308 1
7180 5079 9977318 1
7124 4956 9977328 1
7088 4830 9977338 1
7066 4703 9977348 1
7066 4621 9977358 1
7078 4564 9977368 1
7105 4524 9977378 1
7154 4513 9977388 1
7235 4541 9977398 1
7336 4595 9977408 1
7449 4687 9977418 1
7562 4811 9977428 1
7656 4956 9977438 1
7736 5067 9977448 1
7763 5108 9977458 1
7770 5102 9977468 1
7764 5084 9977478 1
7752 5019 9977488 1
7713 4923 9977498 1
7656 4802 9977508 1
7628 4709 9977518 1
7621 4636 9977528 1
7629 4588 9977538 1
7653 4561 9977548 1
7699 4549 9977558 1
7760 4576 9977568 1
7872 4639 9977578 1
7983 4727 9977588 1
8096 4851 9977598 1
8210 4971 9977608 1
8303 5088 9977618 1
8381 5112 9977628 1
8387 5096 9977638 1
8369 5054 9977648 1
8335 4966 9977658 1
8248 4861 9977668 1
8181 4746 9977678 1
8128 4679 9977688 1
8109 4639 9977698 1
8114 4618 9977708 1
8134 4618 9977718 1
8192 4647 9977728 1
8295 4704 9977738 1
8428 4780 9977748 1
8528 4863 9977758 1
8611 4950 9977768 1
8682 4973 9977778 1
8705 4951 9977788 1
8705 4898 9977798 1
8705 4819 9977808 1
8689 4758 9977818 1
8689 4710 9977828 1
8717 4684 9977838 1
8770 4684 9977848 1
8885 4694 9977858 1
9032 4745 9977868 1
9199 4824 9977878 1
9332 4922 9977888 1
9409 5013 9977898 1
9448 5099 9977908 1
9455 5138 9977918 1
9441 5149 9977928 1
9412 5134 9977938 1
9356 5072 9977948 1
9302 4980 9977958 1
9249 4852 9977968 1
9222 4677 9977978 1
9196 4471 9977988 1
9157 4183 9977998 1
9110 3889 9978008 1
9033 3584 9978018 1
8959 3318 9978028 1
8854 3079 9978038 1
8726 2884 9978048 1
8584 2760 9978058 1
8460 2683 9978068 1
8376 2693 9978078 1
8311 2754 9978088 1
8255 2849 9978098 1
8247 2970 9978108 1
8271 3106 9978118 1
8355 3253 9978128 1
8501 3437 9978138 1
8688 3641 9978148 1
8938 3859 9978158 1
9192 4091 9978168 1
9467 4292 9978178 1
9753 4472 9978188 1
9974 4580 9978198 1
10114 4639 9978208 1
10199 4665 9978218 1
