218
3408 5329 43250781 0
3495 5200 43250791 1
3463 5271 43250801 1
3463 5290 43250811 1
3476 5330 43250821 1
3499 5384 43250831 1
3525 5471 43250841 1
3556 5557 43250851 1
3577 5643 43250861 1
3592 5718 43250871 1
3587 5793 43250881 1
3561 5871 43250891 1
3521 5953 43250901 1
3464 6012 43250911 1
3388 6040 43250921 1
3299 6047 43250931 1
3176 6016 43250941 1
3026 5932 43250951 1
2858 5812 43250961 1
2708 5684 43250971 1
2557 5496 43250981 1
2404 5267 43250991 1
2289 4998 43251001 1
2219 4711 43251011 1
2180 4413 43251021 1
2226 4152 43251031 1
2302 3985 43251041 1
2399 3882 43251051 1
2532 3812 43251061 1
2688 3791 43251071 1
2858 3803 43251081 1
3052 3862 43251091 1
3247 3970 43251101 1
3436 4111 43251111 1
3621 4313 43251121 1
3820 4546 43251131 1
3985 4800 43251141 1
4128 5056 43251151 1
4226 5174 43251161 1
4243 5199 43251171 1
4205 5149 43251181 1
4107 4984 43251191 1
4000 4742 43251201 1
3886 4511 43251211 1
3809 4268 43251221 1
3785 4018 43251231 1
3795 3916 43251241 1
3855 3893 43251251 1
3977 3922 43251261 1
4139 4033 43251271 1
4348 4192 43251281 1
4528 4383 43251291 1
4688 4529 43251301 1
4767 4569 43251311 1
4798 4539 43251321 1
4798 4452 43251331 1
4789 4308 43251341 1
4783 4125 43251351 1
4801 3991 43251361 1
4833 3910 43251371 1
4909 3865 43251381 1
5026 3894 43251391 1
5170 3991 43251401 1
5354 4134 43251411 1
5519 4331 43251421 1
5670 4538 43251431 1
5759 4752 43251441 1
5788 4938 43251451 1
5778 5055 43251461 1
5740 5125 43251471 1
5674 5155 43251481 1
5590 5149 43251491 1
6670 4767 43251862 0
6670 4767 43251872 1
6670 4767 43251882 1
6670 4767 43251892 1
6720 4782 43251902 1
6802 4814 43251912 1
6929 4898 43251922 1
7081 5009 43251932 1
7249 5139 43251942 1
7430 5274 43251952 1
7547 5404 43251962 1
7620 5532 43251972 1
7644 5631 43251982 1
7626 5724 43251992 1
7580 5792 43252002 1
7511 5845 43252012 1
7433 5859 43252022 1
7350 5838 43252032 1
7273 5793 43252042 1
7201 5732 43252052 1
7142 5637 43252062 1
7091 5520 43252072 1
7044 5338 43252083 1
6997 5137 43252093 1
6947 4924 43252103 1
6896 4704 43252113 1
6836 4520 43252123 1
6763 4361 43252133 1
6682 4200 43252143 1
6599 4065 43252153 1
6518 3947 43252163 1
6460 3857 43252173 1
6416 3805 43252183 1
6389 3778 43252193 1
6366 3778 43252203 1
6352 3835 43252213 1
6342 3925 43252223 1
6371 4096 43252233 1
6422 4303 43252243 1
6488 4534 43252253 1
6552 4652 43252263 1
6616 4704 43252273 1
6668 4713 43252283 1
6711 4657 43252293 1
6747 4545 43252303 1
6782 4396 43252313 1
6815 4227 43252323 1
6865 4083 43252333 1
6918 3989 43252343 1
6988 3919 43252353 1
7067 3899 43252363 1
7166 3925 43252373 1
7289 3981 43252383 1
7429 4073 43252393 1
7569 4205 43252403 1
7702 4365 43252413 1
7831 4543 43252423 1
7916 4643 43252433 1
7947 4691 43252443 1
7941 4686 43252453 1
7929 4638 43252463 1
7888 4562 43252473 1
7828 4441 43252483 1
7792 4314 43252493 1
7778 4214 43252503 1
7778 4134 43252513 1
7794 4084 43252523 1
7835 4061 43252533 1
7893 4061 43252543 1
7963 4088 43252553 1
8046 4151 43252563 1
8138 4236 43252573 1
8225 4351 43252583 1
8306 4462 43252593 1
8384 4571 43252603 1
8406 4592 43252613 1
8406 4572 43252623 1
8391 4526 43252633 1
8356 4435 43252643 1
8326 4338 43252653 1
8298 4236 43252663 1
8293 4172 43252673 1
8309 4135 43252683 1
8338 4117 43252693 1
8393 4117 43252703 1
8472 4158 43252713 1
8567 4223 43252723 1
8668 4306 43252733 1
8769 4400 43252743 1
8870 4502 43252753 1
8926 4529 43252763 1
8953 4514 43252773 1
8953 4470 43252783 1
8922 4399 43252793 1
8873 4324 43252803 1
8844 4276 43252813 1
8836 4249 43252823 1
8841 4240 43252833 1
8872 4249 43252843 1
8932 4271 43252853 1
9011 4315 43252863 1
9085 4359 43252873 1
9149 4404 43252883 1
9206 4418 43252893 1
9257 4412 43252903 1
9309 4393 43252913 1
9387 4379 43252923 1
9481 4390 43252933 1
9631 4417 43252943 1
9787 4476 43252953 1
9898 4534 43252963 1
9977 4592 43252973 1
9989 4645 43252983 1
9957 4699 43252993 1
9895 4718 43253003 1
9818 4712 43253013 1
9745 4668 43253023 1
9681 4577 43253033 1
9644 4455 43253043 1
9624 4283 43253053 1
9639 4069 43253063 1
9655 3828 43253073 1
9640 3526 43253083 1
9603 3227 43253093 1
9546 2931 43253103 1
9458 2711 43253113 1
9349 2567 43253123 1
9174 2473 43253133 1
9026 2450 43253143 1
8897 2488 43253153 1
8802 2566 43253163 1
8745 2708 43253173 1
8713 2882 43253183 1
8737 3078 43253193 1
8844 3252 43253203 1
9005 3434 43253213 1
9232 3621 43253223 1
9506 3807 43253233 1
9812 3990 43253243 1
10088 4132 43253253 1
10304 4248 43253263 1
10480 4335 43253273 1
10602 4387 43253283 1
10659 4416 43253293 1
10672 4422 43253303 1
10615 4399 43253313 1
