205
2775 5688 10010597 0
2821 5628 10010607 1
2821 5668 10010617 1
2828 5742 10010627 1
2844 5794 10010637 1
2872 5885 10010647 1
2906 6001 10010657 1
2923 6092 10010667 1
2923 6169 10010677 1
2905 6238 10010687 1
2871 6305 10010697 1
2813 6360 10010707 1
2738 6407 10010717 1
2627 6407 10010727 1
2498 6342 10010737 1
2356 6231 10010747 1
2201 6049 10010757 1
2039 5800 10010767 1
1871 5506 10010777 1
1768 5150 10010787 1
1738 4836 10010797 1
1757 4550 10010807 1
1831 4350 10010817 1
1935 4207 10010827 1
2060 4101 10010837 1
2218 4049 10010847 1
2383 4063 10010857 1
2553 4120 10010867 1
2749 4237 10010877 1
2952 4416 10010887 1
3160 4637 10010897 1
3372 4878 10010907 1
3566 5123 10010917 1
3747 5372 10010927 1
3834 5514 10010937 1
3857 5542 10010947 1
3838 5494 10010957 1
3792 5351 10010967 1
3702 5142 10010977 1
3583 4890 10010987 1
3495 4615 10010997 1
3467 4422 10011007 1
3480 4285 10011017 1
3540 4237 10011027 1
3648 4250 10011037 1
3787 4305 10011047 1
3942 4461 10011057 1
4128 4646 10011067 1
4334 4851 10011077 1
4491 5040 10011087 1
4567 5116 10011097 1
4589 5116 10011107 1
4589 5065 10011117 1
4574 4927 10011127 1
4543 4731 10011137 1
4518 4546 10011147 1
4538 4409 10011157 1
4588 4303 10011167 1
4699 4273 10011177 1
4860 4350 10011187 1
5053 4499 10011197 1
5291 4690 10011207 1
5471 4906 10011217 1
5613 5138 10011227 1
5691 5383 10011237 1
5705 5627 10011247 1
5677 5747 10011257 1
5645 5784 10011267 1
5594 5774 10011277 1
6492 5319 10011649 0
6578 5248 10011659 1
6573 5248 10011669 1
6591 5248 10011679 1
6643 5279 10011689 1
6718 5326 10011699 1
6845 5426 10011709 1
6964 5541 10011719 1
7077 5666 10011729 1
7167 5777 10011739 1
7218 5903 10011749 1
7242 6039 10011759 1
7230 6133 10011769 1
7202 6177 10011779 1
7164 6187 10011789 1
7108 6157 10011799 1
7042 6067 10011809 1
6969 5938 10011819 1
6904 5732 10011829 1
6828 5477 10011839 1
6745 5189 10011849 1
6661 4919 10011859 1
6581 4721 10011869 1
6510 4572 10011879 1
6452 4455 10011889 1
6403 4367 10011899 1
6373 4299 10011909 1
6354 4273 10011919 1
6342 4273 10011929 1
6320 4291 10011939 1
6291 4362 10011949 1
6264 4479 10011959 1
6264 4628 10011969 1
6272 4744 10011979 1
6308 4827 10011989 1
6359 4889 10011999 1
6420 4900 10012009 1
6488 4860 10012019 1
6554 4786 10012029 1
6618 4689 10012039 1
6669 4591 10012049 1
6724 4495 10012059 1
6786 4437 10012069 1
6870 4403 10012079 1
6968 4415 10012089 1
7083 4469 10012099 1
7203 4550 10012109 1
7334 4649 10012119 1
7450 4773 10012129 1
7554 4914 10012139 1
7618 5007 10012149 1
7638 5031 10012159 1
7628 5010 10012169 1
7615 4954 10012179 1
7576 4859 10012189 1
7520 4738 10012199 1
7493 4653 10012209 1
7493 4589 10012219 1
7510 4539 10012229 1
7539 4517 10012239 1
7594 4524 10012249 1
7667 4550 10012259 1
7772 4621 10012269 1
7880 4704 10012279 1
7955 4794 10012289 1
8008 4878 10012299 1
8024 4908 10012309 1
8024 4901 10012319 1
8024 4863 10012329 1
7997 4792 10012339 1
7974 4699 10012349 1
7952 4624 10012359 1
7952 4565 10012369 1
7982 4518 10012379 1
8026 4501 10012389 1
8089 4519 10012399 1
8185 4561 10012409 1
8302 4640 10012419 1
8420 4729 10012429 1
8517 4826 10012439 1
8600 4897 10012449 1
8629 4916 10012459 1
8634 4900 10012469 1
8624 4855 10012479 1
8589 4783 10012489 1
8542 4693 10012499 1
8486 4623 10012509 1
8469 4579 10012519 1
8479 4552 10012529 1
8507 4545 10012539 1
8573 4573 10012549 1
8666 4625 10012559 1
8777 4681 10012569 1
8871 4735 10012579 1
8969 4783 10012589 1
9028 4789 10012599 1
9058 4768 10012609 1
9074 4721 10012619 1
9083 4672 10012629 1
9083 4624 10012639 1
9109 4588 10012649 1
9184 4560 10012659 1
9294 4571 10012669 1
9482 4616 10012679 1
9669 4684 10012689 1
9856 4748 10012699 1
9960 4825 10012709 1
9996 4912 10012719 1
9987 4980 10012729 1
9951 4997 10012739 1
9881 4980 10012749 1
9787 4914 10012759 1
9696 4801 10012769 1
9639 4658 10012779 1
9604 4466 10012789 1
9572 4229 10012799 1
9507 3963 10012809 1
9419 3642 10012819 1
9299 3335 10012829 1
9141 3038 10012839 1
8958 2787 10012849 1
8735 2645 10012859 1
8604 2575 10012869 1
8534 2599 10012879 1
8483 2693 10012889 1
8474 2834 10012899 1
8493 3013 10012909 1
8589 3188 10012919 1
8733 3361 10012929 1
8909 3544 10012939 1
9147 3739 10012949 1
9413 3943 10012959 1
9698 4104 10012969 1
9978 4216 10012979 1
10188 4295 10012989 1
10352 4334 10012999 1
