484
3628 6460 43985127 0
3655 6397 43985137 1
3660 6373 43985147 1
3654 6354 43985157 1
3678 6306 43985167 1
3702 6262 43985177 1
3730 6226 43985187 1
3758 6194 43985197 1
3787 6167 43985207 1
3816 6147 43985217 1
3838 6133 43985227 1
3856 6120 43985237 1
3869 6111 43985247 1
3876 6104 43985257 1
3876 6104 43985267 1
3881 6095 43985277 1
3863 6090 43985287 1
3249 5787 43985377 0
3224 5701 43985387 1
3224 5706 43985397 1
3244 5693 43985407 1
3299 5693 43985417 1
3374 5707 43985427 1
3479 5740 43985437 1
3607 5791 43985447 1
3749 5855 43985457 1
3864 5921 43985467 1
3947 5966 43985477 1
4008 5997 43985487 1
4033 6006 43985497 1
4033 6006 43985507 1
4025 6006 43985517 1
3980 5970 43985527 1
3916 5917 43985537 1
3838 5854 43985547 1
3762 5790 43985557 1
3687 5731 43985567 1
3612 5675 43985577 1
3561 5608 43985587 1
3526 5540 43985597 1
3501 5461 43985607 1
3491 5375 43985617 1
3485 5300 43985627 1
3485 5245 43985637 1
3497 5204 43985647 1
3508 5185 43985657 1
3524 5185 43985667 1
3544 5193 43985677 1
3580 5241 43985687 1
3626 5317 43985697 1
3686 5411 43985707 1
3751 5505 43985717 1
3815 5574 43985727 1
3877 5627 43985737 1
3937 5658 43985747 1
3972 5664 43985757 1
3990 5654 43985767 1
3984 5610 43985777 1
3931 5531 43985787 1
3846 5428 43985797 1
3725 5295 43985807 1
3574 5157 43985817 1
3403 5010 43985827 1
3255 4873 43985837 1
3150 4742 43985847 1
3074 4673 43985857 1
3057 4642 43985867 1
3075 4637 43985877 1
3115 4648 43985887 1
3211 4698 43985897 1
3332 4774 43985907 1
3470 4887 43985917 1
3644 5011 43985927 1
3822 5143 43985937 1
3959 5234 43985947 1
4067 5280 43985957 1
4105 5297 43985967 1
4105 5289 43985977 1
4082 5253 43985987 1
4031 5199 43985998 1
3976 5140 43986008 1
3918 5081 43986018 1
3865 5023 43986028 1
3813 4966 43986038 1
3775 4909 43986048 1
3746 4846 43986058 1
3723 4772 43986068 1
3704 4693 43986078 1
3686 4611 43986088 1
3667 4515 43986098 1
3658 4393 43986108 1
3649 4255 43986118 1
3644 4114 43986128 1
3644 3971 43986138 1
3639 3824 43986148 1
3634 3673 43986158 1
3634 3551 43986168 1
3634 3449 43986178 1
3639 3364 43986188 1
3639 3291 43986198 1
3639 3227 43986208 1
3639 3195 43986218 1
3639 3185 43986228 1
3639 3190 43986238 1
3639 3219 43986248 1
3630 3299 43986258 1
3620 3412 43986268 1
3612 3519 43986278 1
3606 3626 43986288 1
3606 3733 43986298 1
3615 3858 43986308 1
3639 3994 43986318 1
3674 4133 43986328 1
3731 4290 43986338 1
3791 4460 43986348 1
3858 4605 43986358 1
3920 4711 43986368 1
3977 4790 43986378 1
3999 4822 43986388 1
4012 4831 43986398 1
4020 4825 43986408 1
4020 4819 43986418 1
4028 4785 43986428 1
4035 4732 43986438 1
4044 4660 43986448 1
4061 4567 43986458 1
4085 4461 43986468 1
4112 4325 43986478 1
4139 4185 43986488 1
4162 4046 43986498 1
4184 3909 43986508 1
4198 3772 43986518 1
4208 3655 43986528 1
4215 3551 43986538 1
4215 3459 43986548 1
4215 3376 43986558 1
4215 3298 43986568 1
4208 3237 43986578 1
4201 3201 43986588 1
4193 3181 43986598 1
4193 3174 43986608 1
4184 3174 43986618 1
4171 3174 43986628 1
4153 3184 43986638 1
4133 3198 43986648 1
4109 3216 43986658 1
4082 3238 43986668 1
4049 3270 43986678 1
4005 3308 43986688 1
3953 3362 43986698 1
3888 3432 43986708 1
3827 3513 43986718 1
3768 3604 43986728 1
3728 3707 43986738 1
3714 3817 43986748 1
3714 3933 43986758 1
3751 4046 43986768 1
3814 4158 43986778 1
3896 4267 43986788 1
3995 4370 43986798 1
4070 4422 43986808 1
4128 4441 43986818 1
4140 4420 43986828 1
4099 4324 43986838 1
4022 4178 43986848 1
3903 4017 43986858 1
3762 3854 43986868 1
3606 3688 43986878 1
3462 3573 43986888 1
3388 3493 43986898 1
3360 3467 43986908 1
3360 3467 43986918 1
3400 3493 43986928 1
3462 3579 43986938 1
3587 3722 43986948 1
3753 3902 43986958 1
3946 4094 43986968 1
4186 4294 43986978 1
4432 4499 43986988 1
4643 4672 43986998 1
4828 4840 43987008 1
4924 4985 43987018 1
4946 5117 43987028 1
4918 5229 43987038 1
4565 5487 43987069 0
4443 5537 43987079 1
4419 5556 43987089 1
4419 5556 43987099 1
4434 5546 43987109 1
4458 5509 43987119 1
4492 5422 43987129 1
4519 5302 43987139 1
4511 5127 43987149 1
4482 4874 43987159 1
4437 4570 43987169 1
4415 4239 43987179 1
4408 3988 43987189 1
4440 3791 43987199 1
4495 3651 43987209 1
4566 3558 43987219 1
4648 3496 43987229 1
4734 3455 43987239 1
4826 3430 43987249 1
4920 3415 43987259 1
5005 3415 43987269 1
5089 3438 43987279 1
5165 3471 43987289 1
5236 3510 43987299 1
5277 3559 43987309 1
5295 3615 43987319 1
5295 3710 43987329 1
5287 3854 43987339 1
5255 4032 43987349 1
5209 4243 43987359 1
5153 4501 43987369 1
5099 4790 43987379 1
5046 5054 43987389 1
5030 5234 43987399 1
5020 5357 43987409 1
5020 5425 43987419 1
5012 5431 43987429 1
4998 5396 43987439 1
4930 5289 43987449 1
4836 5150 43987459 1
4724 4989 43987469 1
4665 4845 43987479 1
4644 4731 43987489 1
4644 4636 43987499 1
4686 4580 43987509 1
4765 4548 43987519 1
4871 4533 43987529 1
4963 4520 43987539 1
5019 4500 43987549 1
5052 4434 43987559 1
5044 4340 43987569 1
5009 4198 43987579 1
4955 4054 43987589 1
4929 3910 43987599 1
4936 3768 43987609 1
4964 3655 43987619 1
5009 3561 43987629 1
5054 3477 43987639 1
5090 3393 43987649 1
5120 3309 43987659 1
5120 3207 43987669 1
5085 3104 43987679 1
5037 2995 43987689 1
4973 2859 43987699 1
4896 2707 43987709 1
4810 2555 43987719 1
5990 5042 43989193 0
6020 5030 43989203 1
5994 5030 43989213 1
5989 5023 43989223 1
5997 4998 43989233 1
6010 4960 43989243 1
6029 4908 43989253 1
6063 4850 43989263 1
6105 4783 43989273 1
6154 4720 43989283 1
6199 4665 43989293 1
6242 4614 43989303 1
6283 4563 43989313 1
6318 4518 43989323 1
6349 4478 43989333 1
6375 4438 43989343 1
6394 4407 43989353 1
6407 4383 43989353 1
6407 4383 43989363 1
6407 4383 43989373 1
6124 4813 43989553 0
6182 4873 43989563 1
6253 4941 43989573 1
6368 5022 43989583 1
6519 5106 43989593 1
6711 5187 43989603 1
6930 5266 43989613 1
7107 5303 43989623 1
7224 5280 43989633 1
7301 5216 43989643 1
7276 5111 43989653 1
7179 4966 43989663 1
7033 4795 43989673 1
6902 4659 43989683 1
6769 4543 43989693 1
6669 4441 43989703 1
6591 4386 43989713 1
6577 4370 43989723 1
6591 4380 43989733 1
6623 4413 43989743 1
6692 4456 43989753 1
6790 4507 43989763 1
6906 4566 43989773 1
7021 4625 43989783 1
7114 4685 43989793 1
7191 4707 43989803 1
7205 4713 43989813 1
7205 4708 43989823 1
7205 4708 43989833 1
7158 4676 43989843 1
6744 5597 43990024 0
6767 5668 43990034 1
6776 5713 43990044 1
6786 5751 43990054 1
6797 5787 43990064 1
6802 5814 43990074 1
6802 5835 43990084 1
6802 5835 43990094 1
6802 5818 43990104 1
6802 5788 43990114 1
6789 5733 43990124 1
6773 5662 43990134 1
6759 5557 43990144 1
6741 5416 43990154 1
6721 5251 43990164 1
6711 5076 43990174 1
6704 4869 43990184 1
6713 4641 43990194 1
6730 4405 43990204 1
6756 4156 43990214 1
6793 3899 43990224 1
6836 3672 43990234 1
6880 3470 43990244 1
6921 3286 43990254 1
6964 3099 43990264 1
7010 2962 43990274 1
7018 2859 43990284 1
7030 2781 43990294 1
7041 2726 43990304 1
7048 2687 43990314 1
7048 2687 43990324 1
7054 2717 43990334 1
8503 6151 43991546 0
8571 6086 43991556 1
8533 6091 43991566 1
8528 6072 43991576 1
8544 6038 43991586 1
8555 5993 43991596 1
8566 5946 43991606 1
8575 5895 43991616 1
8582 5843 43991626 1
8591 5806 43991636 1
8600 5778 43991646 1
8606 5768 43991656 1
8606 5768 43991666 1
8626 5776 43991676 1
8681 5822 43991686 1
8763 5909 43991696 1
8878 6024 43991706 1
8995 6123 43991716 1
9099 6200 43991726 1
9193 6263 43991736 1
9273 6298 43991746 1
9305 6298 43991756 1
9305 6269 43991766 1
9251 6207 43991776 1
9155 6113 43991786 1
9031 5999 43991796 1
8924 5880 43991806 1
8819 5765 43991816 1
8747 5687 43991826 1
8695 5633 43991836 1
8674 5600 43991846 1
8674 5589 43991856 1
8683 5589 43991866 1
8725 5623 43991876 1
8785 5669 43991886 1
8858 5725 43991896 1
8905 5754 43991906 1
8919 5747 43991916 1
8912 5715 43991926 1
8883 5650 43991936 1
8848 5539 43991946 1
8808 5398 43991956 1
8778 5235 43991966 1
8750 5079 43991976 1
8724 4928 43991986 1
8702 4781 43991996 1
8686 4686 43992006 1
8686 4626 43992016 1
8686 4571 43992026 1
8686 4532 43992036 1
8693 4503 43992046 1
8693 4498 43992056 1
8693 4506 43992066 1
8678 4523 43992076 1
8641 4559 43992086 1
8588 4596 43992096 1
8521 4634 43992106 1
8446 4655 43992116 1
8366 4676 43992126 1
8292 4695 43992136 1
8241 4715 43992146 1
8205 4745 43992156 1
8191 4781 43992166 1
8206 4832 43992176 1
8241 4911 43992186 1
8330 5010 43992196 1
8468 5126 43992206 1
8639 5259 43992216 1
8868 5403 43992226 1
9086 5534 43992236 1
9296 5590 43992246 1
9395 5597 43992256 1
9407 5543 43992266 1
9362 5445 43992276 1
9269 5317 43992286 1
9172 5193 43992296 1
9072 5094 43992306 1
9008 5013 43992316 1
8970 4965 43992326 1
8950 4945 43992336 1
8957 4945 43992346 1
9015 4966 43992356 1
9107 5004 43992366 1
9210 5053 43992376 1
9315 5097 43992386 1
9422 5111 43992396 1
9460 5105 43992406 1
9452 5067 43992416 1
9391 5003 43992426 1
9317 4921 43992436 1
9235 4844 43992446 1
9171 4767 43992456 1
9103 4699 43992466 1
9033 4639 43992476 1
8947 4565 43992486 1
8852 4486 43992496 1
8115 3991 43992647 0
8115 3948 43992657 1
8109 3948 43992667 1
8116 3963 43992677 1
8169 3984 43992687 1
8253 4051 43992697 1
8415 4146 43992707 1
8639 4281 43992717 1
8904 4420 43992727 1
9163 4562 43992737 1
9376 4648 43992747 1
9558 4678 43992757 1
9597 4670 43992767 1
9541 4607 43992777 1
9422 4482 43992787 1
9245 4317 43992797 1
9069 4128 43992807 1
8896 3936 43992817 1
8767 3741 43992827 1
8667 3654 43992837 1
8648 3616 43992847 1
8679 3616 43992857 1
8744 3631 43992867 1
8851 3687 43992877 1
8989 3768 43992887 1
9148 3874 43992897 1
9329 3978 43992907 1
9491 4080 43992917 1
9639 4140 43992927 1
9694 4164 43992937 1
9707 4164 43992947 1
9692 4164 43992957 1
9668 4164 43992967 1
9629 4175 43992977 1
9581 4199 43992987 1
9090 5125 43993088 0
9070 5171 43993098 1
9062 5226 43993108 1
9050 5332 43993118 1
9043 5346 43993128 1
9037 5332 43993138 1
9037 5299 43993148 1
9030 5202 43993158 1
9030 5026 43993168 1
9040 4797 43993178 1
9047 4526 43993188 1
9057 4169 43993198 1
9073 3756 43993208 1
9101 3351 43993218 1
9135 2906 43993228 1
9167 2434 43993238 1
9198 2042 43993248 1
9232 1688 43993258 1
9274 1360 43993268 1
9310 1077 43993278 1
9337 848 43993288 1
