578
3130 6572 71086536 0
3098 6520 71086546 1
3085 6566 71086556 1
3094 6551 71086566 1
3118 6522 71086576 1
3141 6484 71086586 1
3159 6425 71086596 1
3174 6363 71086606 1
3188 6295 71086616 1
3199 6228 71086626 1
3209 6161 71086636 1
3209 6096 71086646 1
3204 6033 71086656 1
3188 5973 71086666 1
3150 5914 71086676 1
3083 5856 71086686 1
2893 5745 71086707 0
2663 5646 71086717 1
2553 5593 71086727 1
2479 5552 71086737 1
2428 5518 71086747 1
2413 5505 71086757 1
2423 5511 71086767 1
2449 5530 71086777 1
2520 5588 71086787 1
2628 5665 71086797 1
2761 5754 71086807 1
2875 5846 71086817 1
2983 5937 71086827 1
3086 5997 71086837 1
3160 6038 71086847 1
3187 6046 71086857 1
3182 6026 71086867 1
3137 5987 71086877 1
3073 5930 71086887 1
2996 5871 71086897 1
2932 5812 71086907 1
2870 5755 71086917 1
2825 5706 71086927 1
2791 5651 71086937 1
2770 5589 71086947 1
2753 5508 71086957 1
2744 5417 71086967 1
2744 5332 71086977 1
2756 5275 71086987 1
2780 5238 71086997 1
2816 5224 71087007 1
2867 5243 71087017 1
2929 5283 71087027 1
3010 5376 71087037 1
3104 5491 71087047 1
3207 5622 71087057 1
3285 5720 71087067 1
3339 5782 71087077 1
3377 5821 71087087 1
3377 5808 71087097 1
3348 5759 71087107 1
3301 5686 71087117 1
3223 5588 71087127 1
3127 5466 71087137 1
3018 5327 71087147 1
2923 5187 71087157 1
2829 5040 71087167 1
2739 4874 71087177 1
2647 4698 71087187 1
2553 4573 71087197 1
2493 4478 71087207 1
2470 4402 71087217 1
2470 4386 71087227 1
2494 4407 71087237 1
2557 4452 71087247 1
2648 4558 71087257 1
2766 4688 71087267 1
2884 4834 71087277 1
3002 4978 71087287 1
3115 5085 71087297 1
3201 5168 71087307 1
3268 5230 71087317 1
3301 5262 71087327 1
3313 5275 71087337 1
3313 5275 71087347 1
3299 5265 71087357 1
3275 5236 71087367 1
3242 5195 71087377 1
3206 5131 71087387 1
3172 5037 71087397 1
3139 4924 71087407 1
3108 4760 71087417 1
3079 4592 71087427 1
3048 4422 71087437 1
3015 4222 71087447 1
2987 4022 71087457 1
2961 3819 71087467 1
2938 3654 71087477 1
2918 3514 71087487 1
2904 3388 71087497 1
2893 3315 71087507 1
2893 3278 71087517 1
2893 3278 71087527 1
2893 3325 71087537 1
2901 3397 71087547 1
2912 3532 71087557 1
2929 3694 71087567 1
2944 3875 71087577 1
2960 4057 71087587 1
2976 4229 71087597 1
2999 4395 71087607 1
3027 4547 71087617 1
3076 4680 71087627 1
3137 4800 71087637 1
3200 4905 71087647 1
3261 4976 71087657 1
3310 5024 71087667 1
3351 5050 71087677 1
3380 5050 71087687 1
3406 5036 71087697 1
3430 4996 71087707 1
3453 4920 71087717 1
3471 4821 71087727 1
3486 4700 71087737 1
3495 4575 71087747 1
3503 4448 71087757 1
3509 4298 71087767 1
3524 4148 71087777 1
3536 3998 71087787 1
3545 3841 71087797 1
3554 3685 71087807 1
3566 3563 71087817 1
3580 3463 71087827 1
3596 3370 71087837 1
3613 3290 71087847 1
3623 3220 71087857 1
3628 3176 71087867 1
3628 3157 71087877 1
3614 3157 71087887 1
3592 3162 71087897 1
3550 3191 71087907 1
3501 3236 71087917 1
3446 3304 71087927 1
3390 3392 71087937 1
3335 3494 71087947 1
3281 3595 71087957 1
3223 3706 71087967 1
3164 3823 71087977 1
3113 3928 71087987 1
3086 3999 71087997 1
3076 4047 71088007 1
3082 4088 71088017 1
3106 4127 71088027 1
3142 4166 71088037 1
3185 4204 71088047 1
3228 4234 71088057 1
3265 4245 71088067 1
3298 4245 71088077 1
3323 4214 71088087 1
3331 4144 71088097 1
3331 4047 71088107 1
3295 3913 71088109 1
3256 3778 71088119 1
3211 3646 71088129 1
3174 3545 71088139 1
3140 3462 71088149 1
3111 3386 71088159 1
3090 3309 71088169 1
3090 3265 71088179 1
3098 3243 71088189 1
3110 3243 71088199 1
3122 3243 71088209 1
3133 3252 71088219 1
3142 3288 71088229 1
3162 3357 71088239 1
3184 3449 71088249 1
3223 3554 71088259 1
3272 3696 71088269 1
3345 3863 71088279 1
3439 4063 71088289 1
3547 4282 71088299 1
3654 4513 71088309 1
3737 4723 71088319 1
3805 4921 71088329 1
3839 5111 71088339 1
3855 5243 71088349 1
3855 5335 71088359 1
3855 5400 71088369 1
3848 5413 71088379 1
3838 5413 71088389 1
3823 5394 71088399 1
3799 5352 71088409 1
3773 5305 71088419 1
3745 5249 71088429 1
3724 5191 71088439 1
3710 5112 71088449 1
3710 5018 71088459 1
3716 4875 71088469 1
3716 4700 71088479 1
3716 4504 71088489 1
3690 4280 71088499 1
3666 4076 71088509 1
3643 3885 71088519 1
3643 3714 71088529 1
3657 3597 71088539 1
3690 3516 71088549 1
3742 3436 71088559 1
3796 3360 71088569 1
3869 3286 71088579 1
3952 3222 71088589 1
4058 3187 71088599 1
4176 3171 71088609 1
4301 3199 71088619 1
4426 3278 71088629 1
4555 3390 71088639 1
4688 3516 71088649 1
4821 3643 71088659 1
4917 3769 71088669 1
4990 3892 71088679 1
5041 3989 71088689 1
5067 4069 71088699 1
5077 4146 71088709 1
5065 4241 71088719 1
5033 4348 71088729 1
4988 4473 71088739 1
4921 4607 71088749 1
4834 4747 71088759 1
4734 4905 71088769 1
4631 5037 71088779 1
4533 5152 71088789 1
4457 5251 71088799 1
4394 5345 71088809 1
4347 5434 71088819 1
4305 5523 71088829 1
4280 5600 71088839 1
4263 5673 71088849 1
4263 5739 71088859 1
4263 5770 71088869 1
4271 5778 71088879 1
4271 5778 71088889 1
4285 5747 71088899 1
4294 5706 71088909 1
4284 5630 71088919 1
4262 5526 71088929 1
4232 5403 71088939 1
4201 5269 71088949 1
4168 5139 71088959 1
4127 5013 71088969 1
4089 4882 71088979 1
4052 4779 71088989 1
4047 4694 71088999 1
4073 4655 71089009 1
4119 4630 71089019 1
4190 4615 71089029 1
4262 4624 71089039 1
4337 4646 71089049 1
4395 4678 71089059 1
4442 4683 71089069 1
4464 4648 71089079 1
4464 4586 71089089 1
4440 4468 71089099 1
4394 4333 71089109 1
4344 4187 71089119 1
4290 4062 71089129 1
4241 3959 71089139 1
4221 3872 71089149 1
4221 3831 71089159 1
4246 3808 71089169 1
4300 3797 71089179 1
4371 3776 71089189 1
4442 3749 71089199 1
4508 3691 71089209 1
4570 3614 71089219 1
4599 3494 71089229 1
4604 3349 71089239 1
4594 3187 71089249 1
4573 3049 71089259 1
4548 2942 71089269 1
4519 2856 71089279 1
4497 2807 71089289 1
4480 2790 71089299 1
4480 2790 71089309 1
4480 2795 71089319 1
4489 2823 71089329 1
5189 5283 71089571 0
5176 5399 71089581 1
5145 5463 71089591 1
5132 5485 71089601 1
5132 5479 71089611 1
5155 5457 71089621 1
5190 5411 71089631 1
5233 5348 71089641 1
5277 5283 71089651 1
5321 5202 71089661 1
5365 5111 71089671 1
5410 5003 71089681 1
5446 4892 71089691 1
5477 4776 71089701 1
5500 4693 71089711 1
5518 4633 71089721 1
5532 4601 71089731 1
5532 4601 71089741 1
5532 4613 71089751 1
5532 4666 71089761 1
5532 4753 71089771 1
5532 4863 71089781 1
5537 4978 71089791 1
5556 5072 71089801 1
5583 5152 71089811 1
5625 5218 71089821 1
5691 5285 71089831 1
5773 5354 71089841 1
5887 5440 71089851 1
6004 5536 71089861 1
6141 5612 71089871 1
6289 5685 71089881 1
6434 5752 71089891 1
6540 5787 71089901 1
6620 5804 71089911 1
6656 5781 71089921 1
6656 5718 71089931 1
6633 5628 71089941 1
6575 5501 71089951 1
6493 5353 71089961 1
6395 5190 71089971 1
6286 5042 71089981 1
6171 4894 71089991 1
6053 4747 71090001 1
5950 4632 71090011 1
5867 4539 71090021 1
5796 4461 71090031 1
5759 4420 71090041 1
5759 4405 71090051 1
5791 4405 71090061 1
5847 4425 71090071 1
5933 4467 71090081 1
6040 4557 71090091 1
6165 4659 71090101 1
6292 4768 71090111 1
6397 4872 71090121 1
6486 4957 71090131 1
6556 5029 71090141 1
6609 5098 71090151 1
6650 5174 71090161 1
6673 5268 71090171 1
6662 5372 71090181 1
6628 5492 71090191 1
6557 5609 71090201 1
6465 5722 71090211 1
6359 5849 71090221 1
6254 5987 71090231 1
6165 6103 71090241 1
6086 6201 71090251 1
6028 6287 71090261 1
5994 6332 71090271 1
5975 6349 71090281 1
5975 6349 71090291 1
5975 6327 71090301 1
5988 6272 71090311 1
5997 6193 71090321 1
6007 6084 71090331 1
6017 5927 71090341 1
6028 5738 71090351 1
6040 5538 71090361 1
6053 5302 71090371 1
6066 5042 71090381 1
6089 4790 71090391 1
6113 4555 71090401 1
6136 4293 71090411 1
6157 4007 71090421 1
6178 3682 71090431 1
6178 3468 71090441 1
6178 3327 71090451 1
6166 3153 71090461 1
6152 3017 71090471 1
6139 2907 71090481 1
6130 2859 71090491 1
6125 2846 71090501 1
6125 2857 71090511 1
6125 2905 71090521 1
7204 5663 71091133 0
7159 5630 71091143 1
7143 5614 71091153 1
7143 5614 71091163 1
7143 5619 71091173 1
7173 5654 71091183 1
7249 5733 71091193 1
7358 5842 71091203 1
7487 5967 71091213 1
7617 6087 71091223 1
7739 6191 71091233 1
7856 6286 71091243 1
7942 6361 71091253 1
7981 6408 71091263 1
7988 6437 71091273 1
7966 6450 71091283 1
7899 6441 71091293 1
7801 6418 71091303 1
7686 6384 71091313 1
7571 6349 71091323 1
7455 6312 71091333 1
7348 6282 71091343 1
7267 6257 71091353 1
7204 6240 71091363 1
7176 6220 71091373 1
7176 6198 71091383 1
7187 6128 71091393 1
7223 6022 71091403 1
7260 5893 71091413 1
7299 5778 71091423 1
7338 5698 71091433 1
7370 5641 71091443 1
7396 5596 71091453 1
7419 5568 71091463 1
7444 5551 71091473 1
7470 5562 71091483 1
7520 5621 71091493 1
7597 5713 71091503 1
7691 5869 71091513 1
7801 6038 71091523 1
7912 6217 71091533 1
7994 6353 71091543 1
8056 6449 71091553 1
8089 6519 71091563 1
8098 6539 71091573 1
8092 6539 71091583 1
8092 6527 71091593 1
8067 6496 71091603 1
8032 6423 71091613 1
7979 6322 71091623 1
7919 6217 71091633 1
7854 6110 71091643 1
7794 5999 71091653 1
7735 5872 71091663 1
7679 5736 71091673 1
7622 5607 71091683 1
7563 5450 71091693 1
7504 5275 71091703 1
7442 5111 71091713 1
7377 4957 71091723 1
7311 4809 71091733 1
7249 4697 71091743 1
7216 4632 71091753 1
7203 4599 71091763 1
7209 4599 71091773 1
7248 4620 71091783 1
7308 4661 71091793 1
7407 4744 71091803 1
7510 4840 71091813 1
7612 4946 71091823 1
7710 5032 71091833 1
7801 5116 71091843 1
7894 5200 71091853 1
7971 5295 71091863 1
8037 5396 71091873 1
8094 5492 71091883 1
8142 5562 71091893 1
8183 5615 71091903 1
8194 5625 71091913 1
8188 5616 71091923 1
8170 5594 71091933 1
8138 5532 71091943 1
8082 5433 71091953 1
8009 5309 71091963 1
7938 5203 71091973 1
7870 5112 71091983 1
7809 5032 71091993 1
7776 4981 71092003 1
7760 4959 71092013 1
7760 4959 71092023 1
7770 4959 71092033 1
7810 4998 71092043 1
7871 5055 71092053 1
7952 5137 71092063 1
8033 5219 71092073 1
8112 5273 71092083 1
8166 5310 71092093 1
8204 5317 71092103 1
8210 5292 71092113 1
8177 5246 71092123 1
8117 5145 71092133 1
8029 5033 71092143 1
7931 4913 71092153 1
7826 4786 71092163 1
7729 4690 71092173 1
7667 4615 71092183 1
7629 4572 71092193 1
7624 4554 71092203 1
7636 4554 71092213 1
7659 4560 71092223 1
7703 4591 71092233 1
7768 4639 71092243 1
7847 4694 71092253 1
7924 4745 71092263 1
7978 4789 71092273 1
8017 4806 71092283 1
8028 4806 71092293 1
8016 4779 71092303 1
7988 4717 71092313 1
7925 4633 71092323 1
7840 4533 71092333 1
7741 4434 71092343 1
7663 4332 71092353 1
7589 4253 71092363 1
7557 4189 71092373 1
7550 4178 71092383 1
7573 4192 71092393 1
7622 4224 71092403 1
7689 4287 71092413 1
7774 4360 71092423 1
7868 4440 71092433 1
7968 4502 71092443 1
8048 4536 71092453 1
8091 4552 71092463 1
8110 4541 71092473 1
8103 4496 71092483 1
8061 4428 71092493 1
7995 4314 71092503 1
7903 4196 71092513 1
7799 4072 71092523 1
7687 3948 71092533 1
7596 3824 71092543 1
7527 3727 71092553 1
7473 3647 71092563 1
7445 3599 71092573 1
7434 3580 71092583 1
7434 3580 71092593 1
7448 3580 71092603 1
7494 3615 71092613 1
7560 3663 71092623 1
7663 3745 71092633 1
7797 3838 71092643 1
7952 3939 71092653 1
8092 4036 71092663 1
8232 4133 71092673 1
8372 4230 71092683 1
8487 4324 71092693 1
8587 4405 71092703 1
8651 4476 71092713 1
8681 4536 71092723 1
8688 4594 71092733 1
8669 4670 71092743 1
8625 4758 71092753 1
8565 4870 71092763 1
8472 4985 71092773 1
8357 5101 71092783 1
8227 5210 71092793 1
8106 5318 71092803 1
7987 5425 71092813 1
7873 5503 71092823 1
7787 5563 71092833 1
7718 5598 71092843 1
7695 5614 71092853 1
7687 5614 71092863 1
7687 5614 71092873 1
7696 5614 71092883 1
7705 5600 71092893 1
7723 5579 71092903 1
7744 5550 71092913 1
7769 5500 71092923 1
7797 5437 71092933 1
7827 5316 71092943 1
7851 5154 71092953 1
7872 4964 71092963 1
7888 4721 71092973 1
7897 4505 71092983 1
7902 4306 71092993 1
7902 4113 71093003 1
7910 3915 71093013 1
7916 3713 71093023 1
7921 3510 71093033 1
7921 3291 71093043 1
7910 3033 71093053 1
7885 2755 71093063 1
7877 2538 71093073 1
7877 2374 71093083 1
7896 2245 71093093 1
7911 2135 71093103 1
7928 2055 71093113 1
7942 1996 71093123 1
7955 1956 71093133 1
7962 1938 71093143 1
