541
3226 6627 10717253 0
3224 6600 10717263 1
3207 6607 10717273 1
3207 6629 10717283 1
3213 6622 10717293 1
3238 6611 10717303 1
3277 6588 10717313 1
3316 6560 10717323 1
3356 6512 10717333 1
3397 6471 10717343 1
3426 6435 10717353 1
3446 6406 10717363 1
3459 6383 10717373 1
3469 6364 10717383 1
3476 6355 10717393 1
3476 6350 10717403 1
3481 6350 10717413 1
3481 6350 10717423 1
3481 6350 10717433 1
3470 6350 10717443 1
3451 6319 10717453 1
3379 6270 10717463 1
3011 6030 10717504 0
2858 5917 10717514 1
2812 5877 10717524 1
2789 5858 10717534 1
2780 5852 10717544 1
2787 5852 10717554 1
2836 5878 10717564 1
2913 5922 10717574 1
3034 5994 10717584 1
3183 6076 10717594 1
3351 6166 10717604 1
3471 6234 10717614 1
3527 6262 10717624 1
3541 6262 10717634 1
3536 6262 10717644 1
3511 6253 10717654 1
3473 6228 10717654 1
3435 6194 10717664 1
3398 6154 10717674 1
3367 6110 10717684 1
3340 6049 10717694 1
3317 5977 10717704 1
3297 5876 10717714 1
3275 5771 10717724 1
3252 5679 10717734 1
3233 5598 10717744 1
3218 5532 10717754 1
3210 5494 10717764 1
3210 5474 10717774 1
3210 5474 10717784 1
3223 5502 10717794 1
3274 5551 10717804 1
3351 5653 10717814 1
3427 5758 10717824 1
3493 5866 10717834 1
3552 5952 10717844 1
3613 6003 10717854 1
3655 6030 10717864 1
3685 6024 10717874 1
3693 5989 10717884 1
3655 5936 10717894 1
3587 5823 10717904 1
3491 5706 10717914 1
3379 5586 10717924 1
3256 5431 10717934 1
3093 5270 10717944 1
2951 5106 10717954 1
2823 4964 10717964 1
2725 4852 10717974 1
2663 4759 10717984 1
2626 4730 10717994 1
2626 4720 10718004 1
2648 4720 10718014 1
2693 4750 10718024 1
2781 4824 10718034 1
2905 4929 10718044 1
3054 5049 10718054 1
3240 5184 10718064 1
3418 5329 10718074 1
3590 5440 10718084 1
3719 5491 10718094 1
3781 5502 10718104 1
3798 5487 10718114 1
3798 5466 10718124 1
3782 5426 10718134 1
3749 5375 10718144 1
3707 5329 10718154 1
3663 5283 10718164 1
3618 5238 10718174 1
3575 5189 10718184 1
3530 5116 10718194 1
3485 5026 10718204 1
3439 4901 10718214 1
3400 4748 10718224 1
3362 4577 10718234 1
3328 4356 10718244 1
3295 4133 10718254 1
3268 3922 10718264 1
3250 3719 10718274 1
3241 3568 10718284 1
3236 3427 10718294 1
3236 3294 10718304 1
3225 3188 10718314 1
3217 3105 10718324 1
3217 3038 10718334 1
3212 2994 10718344 1
3212 2975 10718354 1
3212 2975 10718364 1
3212 2975 10718374 1
3212 2975 10718384 1
3203 3004 10718394 1
3191 3045 10718404 1
3184 3110 10718414 1
3184 3191 10718424 1
3184 3283 10718434 1
3184 3404 10718444 1
3197 3535 10718454 1
3210 3674 10718464 1
3226 3844 10718474 1
3259 4024 10718484 1
3304 4210 10718494 1
3373 4392 10718504 1
3454 4566 10718514 1
3543 4700 10718524 1
3620 4812 10718534 1
3669 4891 10718544 1
3700 4936 10718554 1
3711 4959 10718564 1
3716 4967 10718574 1
3716 4967 10718584 1
3716 4967 10718594 1
3721 4967 10718604 1
3736 4941 10718614 1
3756 4901 10718624 1
3775 4831 10718634 1
3792 4749 10718644 1
3807 4660 10718654 1
3820 4564 10718664 1
3833 4448 10718674 1
3838 4320 10718684 1
3838 4195 10718694 1
3838 4070 10718704 1
3838 3944 10718714 1
3838 3818 10718724 1
3843 3692 10718734 1
3851 3595 10718744 1
3859 3510 10718754 1
3865 3433 10718764 1
3865 3356 10718774 1
3870 3284 10718784 1
3870 3215 10718794 1
3864 3171 10718804 1
3864 3145 10718814 1
3857 3130 10718824 1
3857 3125 10718834 1
3857 3125 10718844 1
3857 3119 10718854 1
3857 3114 10718864 1
3857 3114 10718874 1
3850 3114 10718884 1
3850 3109 10718894 1
3837 3109 10718904 1
3822 3116 10718914 1
3791 3149 10718924 1
3744 3216 10718934 1
3685 3305 10718944 1
3614 3425 10718954 1
3543 3544 10718964 1
3471 3659 10718974 1
3419 3769 10718984 1
3393 3875 10718994 1
3385 3975 10719004 1
3414 4075 10719014 1
3482 4194 10719024 1
3576 4325 10719034 1
3696 4445 10719044 1
3791 4503 10719054 1
3868 4520 10719064 1
3899 4495 10719074 1
3881 4389 10719084 1
3829 4228 10719094 1
3690 3998 10719104 1
3507 3727 10719114 1
3295 3429 10719124 1
3065 3167 10719134 1
2927 3023 10719144 1
2849 2959 10719154 1
2849 2959 10719164 1
2885 3016 10719174 1
2946 3112 10719184 1
3109 3317 10719194 1
3355 3570 10719204 1
3657 3854 10719214 1
4001 4129 10719224 1
4346 4366 10719234 1
4629 4578 10719244 1
4870 4699 10719254 1
4962 4767 10719264 1
4984 4799 10719274 1
4959 4832 10719284 1
4892 4863 10719294 1
4772 4887 10719304 1
4616 4900 10719314 1
4489 4943 10719324 1
4396 5005 10719334 1
4325 5108 10719344 1
4279 5238 10719354 1
4257 5385 10719364 1
4252 5499 10719374 1
4267 5572 10719384 1
4281 5618 10719394 1
4291 5630 10719404 1
4291 5619 10719414 1
4279 5592 10719424 1
4253 5487 10719434 1
4213 5316 10719444 1
4163 5101 10719436 1
4118 4833 10719446 1
4102 4549 10719456 1
4102 4255 10719466 1
4149 4020 10719476 1
4217 3839 10719486 1
4301 3695 10719496 1
4380 3599 10719506 1
4461 3533 10719516 1
4544 3488 10719526 1
4627 3460 10719536 1
4707 3445 10719546 1
4789 3440 10719556 1
4847 3440 10719566 1
4887 3440 10719576 1
4924 3454 10719586 1
4950 3472 10719596 1
4968 3512 10719606 1
4987 3567 10719616 1
5000 3673 10719626 1
5009 3832 10719636 1
5009 4026 10719646 1
4998 4246 10719656 1
4984 4504 10719667 1
4971 4788 10719677 1
4956 5075 10719687 1
4956 5362 10719697 1
4971 5650 10719707 1
4990 5864 10719717 1
5005 6027 10719727 1
4995 6073 10719737 1
4969 6051 10719747 1
4876 5985 10719757 1
4743 5837 10719767 1
4584 5676 10719777 1
4480 5506 10719787 1
4436 5353 10719797 1
4431 5234 10719807 1
4445 5139 10719817 1
4482 5076 10719827 1
4535 5036 10719837 1
4598 5011 10719847 1
4648 4983 10719857 1
4690 4949 10719867 1
4696 4876 10719877 1
4671 4779 10719887 1
4625 4679 10719897 1
4587 4579 10719907 1
4574 4492 10719917 1
4574 4415 10719927 1
4596 4355 10719937 1
4635 4303 10719947 1
4687 4256 10719957 1
4753 4205 10719967 1
4808 4127 10719977 1
4830 4030 10719987 1
4835 3882 10719997 1
4797 3721 10720007 1
4720 3551 10720017 1
4617 3380 10720027 1
4546 3203 10720037 1
4507 3049 10720047 1
4490 2913 10720057 1
4514 2778 10720067 1
4569 2673 10720077 1
4645 2588 10720087 1
6111 5055 10721229 0
6089 5089 10721239 1
6077 5103 10721249 1
6063 5117 10721259 1
6047 5131 10721269 1
6032 5145 10721279 1
6023 5161 10721289 1
6017 5178 10721299 1
6017 5193 10721309 1
6017 5206 10721319 1
6017 5217 10721329 1
6017 5222 10721339 1
6017 5222 10721349 1
6059 5184 10721359 1
6119 5127 10721369 1
6194 5027 10721379 1
6274 4901 10721389 1
6358 4758 10721399 1
6427 4652 10721409 1
6480 4563 10721419 1
6522 4485 10721429 1
6555 4431 10721439 1
6576 4390 10721449 1
6589 4357 10721459 1
6589 4342 10721469 1
6589 4342 10721479 1
6589 4342 10721489 1
6562 4369 10721499 1
6526 4419 10721509 1
6483 4487 10721519 1
6450 4574 10721529 1
6455 4688 10721539 1
6485 4821 10721549 1
6578 4997 10721559 1
6733 5155 10721569 1
6930 5300 10721579 1
7148 5434 10721589 1
7364 5505 10721599 1
7578 5535 10721609 1
7627 5463 10721619 1
7568 5333 10721629 1
7436 5165 10721639 1
7244 4960 10721649 1
7094 4769 10721659 1
6971 4588 10721669 1
6896 4477 10721679 1
6868 4425 10721689 1
6868 4413 10721699 1
6892 4413 10721709 1
6954 4445 10721719 1
7042 4496 10721729 1
7142 4558 10721739 1
7268 4627 10721749 1
7412 4700 10721759 1
7492 4741 10721769 1
7520 4761 10721779 1
7512 4767 10721789 1
7499 4785 10721799 1
7472 4811 10721809 1
7436 4842 10721819 1
7052 5997 10721980 0
7052 5997 10721990 1
7031 6036 10722000 1
7019 6074 10722010 1
7011 6067 10722020 1
7005 6054 10722030 1
6999 6004 10722040 1
6999 5931 10722050 1
6999 5821 10722060 1
6999 5708 10722070 1
7016 5592 10722080 1
7031 5427 10722090 1
7049 5241 10722100 1
7066 5042 10722110 1
7082 4818 10722120 1
7103 4604 10722130 1
7128 4396 10722140 1
7128 4152 10722150 1
7117 3914 10722160 1
7128 3680 10722170 1
7142 3514 10722180 1
7162 3371 10722180 1
7181 3244 10722190 1
7194 3145 10722200 1
7205 3072 10722210 1
7211 3017 10722220 1
7211 2988 10722230 1
7217 2979 10722240 1
7217 2984 10722250 1
7222 3009 10722260 1
8920 6296 10723031 0
8940 6326 10723041 1
8951 6350 10723051 1
8961 6362 10723061 1
8969 6338 10723071 1
8993 6291 10723081 1
9007 6209 10723091 1
9015 6116 10723101 1
9003 6016 10723111 1
8993 5939 10723121 1
8993 5897 10723131 1
8993 5879 10723141 1
9011 5879 10723151 1
9074 5925 10723161 1
9167 6003 10723171 1
9251 6110 10723181 1
9362 6222 10723191 1
9492 6338 10723201 1
9608 6432 10723211 1
9659 6470 10723221 1
9666 6470 10723231 1
9615 6426 10723241 1
9481 6336 10723251 1
9291 6216 10723261 1
9154 6098 10723271 1
9058 5984 10723281 1
8989 5902 10723291 1
8964 5841 10723301 1
8964 5823 10723311 1
8982 5830 10723321 1
9025 5853 10723331 1
9089 5905 10723342 1
9167 5972 10723352 1
9274 6048 10723362 1
9387 6104 10723372 1
9447 6124 10723382 1
9470 6124 10723392 1
9464 6105 10723402 1
9428 6065 10723412 1
9372 6010 10723422 1
9312 5928 10723432 1
9266 5836 10723442 1
9228 5738 10723452 1
9194 5625 10723462 1
9164 5475 10723472 1
9144 5300 10723482 1
9134 5150 10723492 1
9134 5020 10723502 1
9134 4903 10723512 1
9134 4807 10723522 1
9142 4739 10723532 1
9147 4691 10723542 1
9147 4660 10723552 1
9147 4644 10723562 1
9142 4638 10723572 1
9142 4638 10723582 1
9120 4655 10723592 1
9092 4679 10723602 1
9056 4720 10723612 1
9020 4761 10723622 1
8978 4800 10723632 1
8932 4832 10723642 1
8871 4853 10723652 1
8811 4869 10723662 1
8757 4888 10723672 1
8709 4912 10723682 1
8681 4939 10723692 1
8665 4970 10723702 1
8673 5019 10723712 1
8726 5081 10723722 1
8810 5168 10723732 1
8952 5285 10723742 1
9122 5422 10723752 1
9310 5559 10723762 1
9516 5638 10723772 1
9624 5678 10723782 1
9667 5659 10723792 1
9657 5603 10723802 1
9614 5522 10723812 1
9550 5405 10723822 1
9437 5317 10723832 1
9385 5248 10723842 1
9374 5214 10723852 1
9374 5204 10723862 1
9408 5209 10723872 1
9461 5241 10723882 1
9545 5277 10723892 1
9628 5317 10723902 1
9709 5339 10723912 1
9759 5328 10723922 1
9766 5294 10723932 1
9745 5229 10723942 1
9670 5143 10723952 1
9593 5044 10723962 1
9514 4954 10723972 1
9452 4864 10723982 1
9392 4772 10723992 1
8522 4206 10724243 0
8595 4158 10724253 1
8575 4188 10724263 1
8635 4230 10724273 1
8747 4280 10724283 1
8936 4402 10724293 1
9161 4536 10724303 1
9410 4682 10724313 1
9674 4784 10724323 1
9806 4861 10724333 1
9851 4823 10724343 1
9777 4735 10724353 1
9637 4613 10724363 1
9454 4436 10724373 1
9276 4228 10724383 1
9150 4000 10724393 1
9058 3863 10724403 1
9036 3802 10724413 1
9054 3793 10724423 1
9099 3812 10724433 1
9195 3872 10724443 1
9329 3959 10724453 1
9487 4068 10724463 1
9672 4187 10724473 1
9859 4314 10724483 1
10048 4416 10724493 1
10119 4455 10724503 1
10137 4455 10724513 1
10120 4449 10724523 1
10092 4449 10724533 1
10045 4436 10724543 1
9985 4450 10724553 1
9914 4478 10724563 1
9842 4518 10724573 1
9770 4564 10724583 1
9721 4615 10724593 1
9677 4665 10724603 1
9641 4724 10724613 1
9612 4790 10724623 1
9591 4879 10724633 1
9574 4975 10724643 1
9567 5077 10724653 1
9567 5172 10724663 1
9560 5250 10724673 1
9547 5317 10724683 1
9529 5373 10724693 1
9518 5428 10724703 1
9509 5475 10724713 1
9504 5507 10724723 1
9504 5523 10724733 1
9495 5523 10724743 1
9488 5523 10724753 1
9477 5493 10724763 1
9469 5440 10724773 1
9469 5321 10724783 1
9481 5148 10724793 1
9489 4940 10724803 1
9496 4660 10724813 1
9496 4339 10724823 1
9504 3991 10724833 1
9511 3625 10724843 1
9528 3326 10724853 1
9552 3071 10724863 1
9563 2853 10724873 1
9569 2660 10724883 1
9569 2485 10724893 1
9569 2321 10724903 1
9569 2157 10724913 1
9569 2022 10724923 1
9569 1907 10724933 1
