710
1975 7366 73855708 0
2011 7437 73855718 1
2011 7508 73855728 1
2006 7535 73855738 1
2023 7535 73855748 1
2045 7535 73855758 1
2076 7527 73855768 1
2118 7511 73855778 1
2167 7490 73855788 1
2233 7466 73855798 1
2305 7442 73855808 1
2388 7415 73855818 1
2477 7380 73855828 1
2566 7338 73855838 1
2645 7289 73855848 1
2717 7236 73855858 1
2755 7183 73855868 1
2773 7138 73855878 1
2778 7097 73855888 1
2764 7051 73855898 1
2714 7003 73855908 1
2639 6950 73855918 1
2537 6890 73855928 1
2417 6821 73855938 1
2284 6746 73855948 1
2128 6662 73855958 1
1987 6591 73855968 1
1857 6529 73855978 1
1792 6499 73855988 1
1767 6487 73855998 1
1767 6487 73856008 1
1789 6494 73856018 1
1838 6521 73856028 1
1905 6561 73856038 1
2015 6626 73856048 1
2145 6704 73856058 1
2287 6792 73856068 1
2400 6876 73856078 1
2486 6939 73856088 1
2554 6987 73856098 1
2585 7000 73856108 1
2595 7007 73856118 1
2595 7007 73856128 1
2584 6966 73856138 1
2554 6909 73856148 1
2510 6804 73856158 1
2456 6696 73856168 1
2403 6573 73856178 1
2350 6442 73856188 1
2314 6299 73856198 1
2297 6183 73856208 1
2297 6085 73856218 1
2297 5928 73856228 1
2311 5873 73856238 1
2320 5887 73856248 1
2320 5887 73856258 1
2320 5905 73856268 1
2355 5945 73856278 1
2674 6741 73856349 0
2778 6807 73856359 1
2807 6834 73856369 1
2838 6856 73856379 1
2868 6856 73856389 1
2887 6856 73856399 1
2898 6834 73856409 1
2898 6794 73856419 1
2878 6741 73856429 1
2848 6679 73856439 1
2800 6604 73856449 1
2729 6520 73856459 1
2643 6400 73856469 1
2537 6276 73856479 1
2427 6142 73856489 1
2314 5999 73856499 1
2191 5845 73856509 1
2044 5699 73856519 1
1880 5558 73856529 1
1713 5396 73856539 1
1546 5256 73856549 1
1430 5132 73856559 1
1347 5066 73856569 1
1310 5041 73856579 1
1310 5041 73856589 1
1335 5054 73856599 1
1406 5105 73856609 1
1518 5182 73856619 1
1658 5294 73856629 1
1796 5416 73856639 1
1936 5546 73856649 1
2085 5668 73856659 1
2238 5778 73856669 1
2352 5880 73856679 1
2443 5954 73856689 1
2518 5998 73856699 1
2563 6021 73856709 1
2582 6021 73856719 1
2582 6021 73856729 1
2582 6002 73856739 1
2570 5970 73856749 1
2550 5918 73856759 1
2524 5848 73856769 1
2498 5766 73856779 1
2473 5677 73856789 1
2446 5565 73856799 1
2421 5437 73856809 1
2402 5265 73856819 1
2391 5087 73856829 1
2391 4887 73856839 1
2391 4674 73856849 1
2406 4499 73856859 1
2422 4333 73856869 1
2442 4174 73856879 1
2463 4057 73856889 1
2483 3943 73856899 1
2492 3830 73856909 1
2492 3795 73856919 1
2492 3788 73856929 1
2477 3801 73856939 1
2457 3871 73856949 1
2440 3983 73856959 1
2426 4122 73856969 1
2420 4314 73856979 1
2413 4519 73856989 1
2404 4733 73856999 1
2399 5206 73857030 0
2418 5499 73857040 1
2438 5666 73857050 1
2469 5780 73857060 1
2503 5859 73857070 1
2540 5914 73857080 1
2574 5961 73857090 1
2601 5986 73857100 1
2623 5997 73857110 1
2650 6003 73857120 1
2679 5989 73857130 1
2709 5961 73857140 1
2742 5888 73857150 1
2776 5779 73857160 1
2811 5645 73857170 1
2844 5498 73857180 1
2873 5316 73857190 1
2899 5110 73857200 1
2916 4893 73857210 1
2931 4671 73857220 1
2944 4493 73857230 1
2967 4346 73857240 1
2990 4189 73857250 1
3007 4064 73857260 1
3018 3960 73857270 1
3018 3872 73857280 1
3009 3826 73857290 1
3000 3809 73857300 1
2974 3809 73857310 1
2939 3866 73857320 1
2898 3957 73857330 1
2848 4064 73857340 1
2789 4207 73857350 1
2723 4373 73857360 1
2634 4531 73857370 1
2545 4658 73857380 1
2455 4764 73857390 1
2375 4831 73857400 1
2298 4880 73857410 1
2241 4916 73857420 1
2196 4941 73857430 1
2173 4965 73857440 1
2173 4987 73857450 1
2186 5032 73857460 1
2239 5091 73857470 1
2322 5169 73857480 1
2426 5272 73857490 1
2568 5393 73857500 1
2706 5503 73857510 1
2841 5576 73857520 1
2934 5625 73857530 1
2996 5641 73857540 1
3036 5628 73857550 1
3053 5595 73857560 1
3032 5509 73857570 1
2985 5372 73857580 1
2901 5201 73857590 1
2807 5033 73857600 1
2706 4863 73857610 1
2620 4751 73857620 1
2574 4679 73857630 1
2555 4650 73857640 1
2555 4650 73857650 1
2576 4660 73857660 1
2612 4681 73857670 1
2684 4760 73857680 1
2785 4878 73857690 1
2904 5025 73857700 1
3039 5182 73857710 1
3180 5347 73857720 1
3324 5523 73857730 1
3431 5670 73857740 1
3526 5797 73857750 1
3613 5935 73857760 1
3690 6061 73857770 1
3746 6174 73857780 1
3788 6282 73857790 1
3796 6406 73857800 1
3769 6528 73857810 1
3719 6629 73857820 1
3651 6716 73857830 1
3574 6774 73857840 1
3490 6818 73857850 1
3412 6852 73857860 1
3337 6881 73857870 1
3286 6913 73857880 1
3250 6947 73857890 1
3231 6959 73857900 1
3225 6966 73857910 1
3225 6966 73857920 1
3225 6958 73857930 1
3225 6946 73857940 1
3225 6901 73857950 1
3213 6835 73857960 1
3205 6762 73857970 1
3197 6655 73857980 1
3188 6526 73857990 1
3188 6426 73858000 1
3188 6287 73858010 1
3188 6122 73858020 1
3175 5947 73858030 1
3168 5767 73858040 1
3168 5605 73858050 1
3168 5457 73858060 1
3162 5287 73858070 1
3173 5138 73858080 1
3187 5003 73858090 1
3207 4868 73858100 1
3230 4733 73858110 1
3255 4622 73858120 1
3277 4527 73858130 1
3298 4427 73858140 1
3325 4333 73858150 1
3355 4242 73858160 1
3392 4161 73858170 1
3436 4088 73858180 1
3481 4020 73858190 1
3527 3974 73858200 1
3587 3944 73858210 1
3650 3924 73858220 1
3719 3912 73858230 1
3789 3907 73858240 1
3861 3907 73858250 1
3938 3913 73858260 1
4032 3930 73858270 1
4134 3955 73858280 1
4247 4007 73858290 1
4360 4071 73858300 1
4473 4143 73858310 1
4595 4222 73858320 1
4717 4298 73858330 1
4816 4371 73858340 1
4900 4428 73858350 1
4958 4485 73858360 1
4996 4558 73858370 1
5021 4641 73858380 1
5021 4776 73858390 1
4998 4950 73858400 1
4956 5149 73858410 1
4885 5359 73858420 1
4776 5565 73858430 1
4642 5745 73858440 1
4056 6266 73858492 0
3970 6407 73858502 1
3939 6491 73858512 1
3924 6543 73858522 1
3919 6574 73858532 1
3919 6586 73858542 1
3919 6595 73858552 1
3924 6595 73858562 1
3933 6595 73858572 1
3947 6601 73858582 1
3968 6591 73858592 1
3994 6576 73858602 1
4020 6542 73858612 1
4036 6498 73858622 1
4045 6450 73858632 1
4045 6401 73858642 1
4045 6348 73858652 1
4045 6291 73858662 1
4023 6209 73858672 1
3995 6111 73858682 1
3961 5988 73858692 1
3929 5851 73858702 1
3901 5706 73858712 1
3883 5608 73858722 1
3874 5537 73858732 1
3892 5484 73858742 1
3927 5451 73858752 1
3984 5432 73858762 1
4047 5422 73858773 1
4118 5407 73858783 1
4188 5388 73858793 1
4237 5364 73858803 1
4273 5321 73858813 1
4281 5266 73858823 1
4252 5183 73858833 1
4198 5083 73858843 1
4124 4973 73858853 1
4067 4869 73858863 1
4022 4764 73858873 1
3981 4679 73858883 1
3965 4607 73858893 1
3965 4569 73858903 1
3990 4540 73858913 1
4040 4518 73858923 1
4107 4486 73858933 1
4193 4452 73858943 1
4262 4386 73858953 1
4320 4299 73858963 1
4344 4165 73858973 1
4351 4025 73858983 1
4351 3846 73858993 1
4327 3643 73859003 1
4288 3468 73859013 1
4235 3260 73859023 1
4144 3031 73859033 1
4042 2796 73859043 1
3933 2560 73859053 1
3846 2409 73859063 1
3797 2314 73859073 1
3772 2309 73859083 1
3772 2410 73859093 1
3805 2581 73859103 1
3854 2843 73859113 1
5626 6302 73859414 0
5626 6302 73859424 1
5626 6302 73859434 1
5626 6302 73859444 1
5626 6302 73859454 1
5626 6302 73859464 1
5626 6302 73859474 1
5626 6302 73859484 1
5626 6302 73859494 1
5626 6302 73859504 1
5639 6270 73859514 1
5650 6257 73859524 1
5663 6244 73859534 1
5678 6229 73859544 1
5692 6196 73859554 1
5707 6151 73859564 1
5715 6056 73859574 1
5720 5915 73859584 1
5720 5744 73859594 1
5730 5609 73859604 1
5737 5472 73859614 1
5744 5331 73859624 1
5750 5204 73859634 1
5760 5087 73859644 1
5772 4991 73859654 1
5782 4925 73859664 1
5794 4880 73859674 1
5794 4880 73859684 1
5794 4880 73859694 1
5794 4880 73859704 1
5786 4906 73859714 1
5771 4956 73859724 1
5759 5023 73859734 1
5745 5090 73859744 1
5732 5156 73859754 1
5721 5215 73859764 1
5715 5266 73859774 1
5715 5318 73859784 1
5715 5372 73859794 1
5727 5425 73859804 1
5767 5486 73859814 1
5827 5553 73859824 1
5913 5623 73859834 1
6023 5687 73859844 1
6149 5750 73859854 1
6313 5812 73859864 1
6477 5874 73859874 1
6624 5914 73859884 1
6758 5937 73859894 1
6882 5948 73859904 1
6970 5948 73859914 1
7035 5948 73859924 1
7080 5929 73859934 1
7104 5906 73859944 1
7115 5875 73859954 1
7092 5821 73859964 1
7025 5753 73859974 1
6928 5672 73859984 1
6787 5585 73859994 1
6626 5481 73860004 1
6451 5367 73860014 1
6287 5263 73860024 1
6133 5187 73860034 1
6053 5131 73860044 1
6019 5108 73860054 1
6008 5099 73860064 1
6022 5099 73860074 1
6052 5099 73860084 1
6120 5122 73860094 1
6235 5160 73860104 1
6382 5214 73860114 1
6513 5275 73860124 1
6646 5340 73860134 1
6782 5403 73860144 1
6897 5463 73860154 1
6999 5504 73860164 1
7061 5532 73860174 1
7097 5553 73860184 1
7116 5570 73860194 1
7102 5582 73860204 1
7067 5598 73860214 1
6598 6175 73860295 0
6598 6417 73860305 1
6603 6520 73860315 1
6612 6582 73860325 1
6625 6617 73860335 1
6632 6636 73860345 1
6632 6651 73860355 1
6632 6651 73860365 1
6632 6651 73860375 1
6632 6638 73860385 1
6621 6602 73860395 1
6605 6548 73860405 1
6598 6480 73860415 1
6598 6392 73860425 1
6598 6292 73860435 1
6598 6183 73860445 1
6598 6055 73860455 1
6604 5915 73860465 1
6604 5767 73860475 1
6609 5631 73860485 1
6609 5503 73860495 1
6609 5348 73860505 1
6609 5193 73860515 1
6616 5041 73860525 1
6616 4892 73860535 1
6616 4748 73860545 1
6628 4628 73860555 1
6634 4525 73860565 1
6642 4413 73860575 1
6650 4302 73860585 1
6658 4193 73860595 1
6663 4080 73860605 1
6663 3964 73860615 1
6663 3842 73860625 1
6663 3713 73860635 1
6658 3579 73860645 1
6652 3476 73860655 1
6647 3370 73860665 1
6642 3262 73860675 1
6636 3151 73860685 1
6629 3050 73860695 1
6624 2956 73860705 1
6619 2888 73860715 1
6619 2857 73860725 1
6619 2851 73860735 1
6619 2862 73860745 1
6619 2946 73860755 1
6629 3078 73860765 1
8007 6949 73861076 0
8055 7019 73861086 1
8062 7045 73861096 1
8057 7059 73861106 1
8073 7066 73861116 1
8091 7066 73861126 1
8114 7034 73861136 1
8141 6982 73861146 1
8164 6865 73861156 1
8185 6751 73861166 1
8203 6640 73861176 1
8217 6529 73861186 1
8229 6429 73861196 1
8236 6337 73861206 1
8243 6284 73861216 1
8253 6258 73861226 1
8263 6251 73861236 1
8785 7144 73861336 0
8925 7218 73861346 1
8974 7241 73861356 1
9000 7246 73861366 1
9011 7239 73861376 1
9011 7231 73861386 1
8993 7209 73861396 1
8967 7177 73861406 1
8918 7131 73861416 1
8841 7058 73861426 1
8746 6967 73861436 1
8634 6843 73861446 1
8512 6730 73861456 1
8382 6624 73861466 1
8230 6494 73861476 1
8079 6351 73861486 1
7932 6200 73861496 1
7788 6084 73861506 1
7690 5993 73861516 1
7621 5918 73861526 1
7602 5896 73861536 1
7607 5896 73861546 1
7628 5907 73861556 1
7685 5953 73861566 1
7782 6025 73861576 1
7905 6114 73861586 1
8013 6196 73861596 1
8123 6278 73861606 1
8234 6354 73861616 1
8347 6412 73861626 1
8432 6459 73861636 1
8499 6493 73861646 1
8530 6507 73861656 1
8542 6507 73861666 1
8542 6507 73861676 1
8542 6507 73861686 1
8532 6480 73861696 1
8514 6443 73861706 1
8477 6378 73861716 1
8434 6298 73861726 1
8387 6207 73861736 1
8335 6100 73861746 1
8284 5972 73861756 1
8233 5831 73861766 1
8177 5690 73861776 1
8117 5544 73861786 1
8062 5377 73861796 1
8010 5198 73861806 1
7960 5022 73861816 1
7913 4864 73861826 1
7871 4718 73861836 1
7843 4638 73861846 1
7823 4576 73861856 1
7808 4526 73861866 1
7808 4513 73861876 1
7808 4518 73861886 1
7808 4534 73861896 1
7829 4597 73861906 1
7865 4693 73861916 1
7909 4810 73861926 1
7949 4932 73861936 1
7985 5042 73861947 1
8010 5134 73861957 1
8030 5222 73861967 1
8046 5304 73861977 1
8060 5383 73861987 1
8080 5462 73861997 1
8110 5539 73862007 1
8160 5612 73862017 1
8223 5681 73862027 1
8310 5752 73862037 1
8400 5822 73862047 1
8497 5892 73862057 1
8583 5941 73862067 1
8662 5986 73862077 1
8730 6014 73862087 1
8780 6031 73862097 1
8818 6031 73862107 1
8834 6023 73862117 1
8823 5985 73862127 1
8794 5929 73862137 1
8725 5834 73862147 1
8640 5739 73862157 1
8544 5645 73862167 1
8432 5547 73862177 1
8320 5449 73862187 1
8207 5351 73862197 1
8123 5272 73862207 1
8067 5205 73862217 1
8030 5162 73862227 1
8012 5138 73862237 1
8012 5126 73862247 1
8024 5126 73862257 1
8056 5149 73862267 1
8118 5185 73862277 1
8200 5242 73862287 1
8294 5301 73862297 1
8388 5362 73862307 1
8484 5414 73862317 1
8574 5460 73862327 1
8661 5495 73862337 1
8734 5521 73862347 1
8793 5541 73862357 1
8843 5556 73862367 1
8874 5565 73862377 1
8886 5565 73862387 1
8886 5565 73862397 1
8881 5565 73862407 1
8853 5539 73862417 1
8807 5500 73862427 1
8741 5435 73862437 1
8665 5367 73862447 1
8582 5284 73862457 1
8475 5193 73862467 1
8364 5105 73862477 1
8249 5020 73862487 1
8160 4937 73862497 1
8083 4862 73862507 1
8013 4793 73862517 1
7934 4729 73862527 1
7857 4675 73862537 1
7782 4628 73862547 1
7724 4586 73862557 1
7661 4542 73862567 1
7595 4494 73862568 1
7523 4442 73862578 1
7455 4391 73862588 1
7415 4361 73862598 1
7392 4342 73862608 1
7392 4342 73862618 1
7392 4342 73862628 1
7400 4350 73862638 1
7410 4363 73862648 1
7425 4382 73862658 1
7449 4404 73862668 1
7520 4458 73862678 1
7622 4540 73862688 1
7793 4641 73862698 1
8011 4763 73862708 1
8260 4878 73862718 1
8519 4989 73862728 1
8744 5059 73862738 1
8946 5091 73862748 1
9078 5098 73862758 1
9189 5153 73862768 1
9286 5181 73862778 1
9362 5192 73862788 1
9399 5192 73862798 1
9411 5192 73862808 1
9380 5161 73862818 1
9312 5115 73862828 1
9219 5053 73862838 1
9104 4961 73862848 1
8960 4849 73862858 1
8796 4715 73862868 1
8629 4585 73862878 1
8463 4458 73862888 1
8299 4329 73862898 1
8163 4218 73862908 1
8046 4118 73862918 1
7958 4042 73862928 1
7894 3990 73862938 1
7845 3953 73862948 1
7832 3940 73862958 1
7849 3940 73862968 1
7885 3956 73862978 1
7949 4000 73862988 1
8049 4070 73862998 1
8173 4158 73863008 1
8340 4258 73863018 1
8514 4353 73863028 1
8692 4446 73863038 1
8846 4505 73863048 1
8969 4559 73863058 1
9072 4604 73863068 1
9152 4644 73863078 1
9210 4680 73863088 1
9253 4711 73863098 1
9264 4738 73863108 1
9254 4761 73863118 1
9230 4789 73863128 1
9199 4820 73863138 1
9161 4854 73863148 1
9117 4888 73863158 1
9070 4922 73863168 1
8757 5694 73863249 0
8731 5898 73863259 1
8708 5991 73863269 1
8696 6057 73863279 1
8686 6110 73863289 1
8676 6152 73863299 1
8664 6171 73863309 1
8652 6176 73863319 1
8652 6176 73863329 1
8652 6176 73863339 1
8652 6170 73863349 1
8646 6163 73863359 1
8641 6136 73863369 1
8636 6094 73863379 1
8636 6042 73863389 1
8636 5971 73863399 1
8636 5883 73863409 1
8636 5785 73863419 1
8636 5686 73863429 1
8636 5580 73863439 1
8636 5448 73863449 1
8636 5302 73863459 1
8636 5150 73863469 1
8631 4999 73863479 1
8631 4848 73863489 1
8631 4693 73863499 1
8631 4554 73863509 1
8624 4425 73863519 1
8610 4280 73863529 1
8596 4137 73863539 1
8586 3999 73863549 1
8578 3865 73863559 1
8583 3724 73863569 1
8597 3600 73863579 1
8617 3487 73863589 1
8636 3373 73863599 1
8655 3236 73863609 1
8661 3085 73863620 1
8661 2956 73863630 1
8651 2807 73863640 1
8639 2646 73863650 1
8623 2509 73863660 1
8603 2368 73863670 1
8586 2180 73863680 1
8574 1962 73863690 1
8562 1837 73863700 1
8537 1722 73863710 1
8505 1614 73863720 1
8488 1562 73863730 1
8473 1549 73863740 1
