473
3821 6459 43808002 0
3821 6459 43808012 1
3821 6459 43808022 1
3821 6459 43808032 1
3850 6431 43808042 1
3867 6409 43808052 1
3900 6371 43808062 1
3941 6325 43808072 1
4003 6288 43808082 1
4031 6255 43808092 1
4031 6224 43808102 1
4050 6201 43808112 1
4060 6181 43808122 1
4066 6163 43808132 1
4066 6150 43808142 1
4066 6137 43808152 1
4055 6123 43808162 1
4019 6100 43808172 1
3962 6071 43808182 1
3627 5956 43808232 0
3493 5891 43808242 1
3459 5868 43808252 1
3448 5852 43808262 1
3462 5842 43808272 1
3493 5836 43808282 1
3566 5852 43808292 1
3666 5890 43808302 1
3785 5944 43808312 1
3899 6015 43808322 1
4023 6092 43808332 1
4153 6174 43808342 1
4231 6206 43808352 1
4251 6214 43808362 1
4232 6205 43808372 1
4196 6182 43808382 1
4142 6141 43808392 1
4075 6088 43808402 1
4023 6035 43808412 1
3969 5979 43808422 1
3917 5903 43808432 1
3874 5814 43808442 1
3836 5732 43808452 1
3801 5654 43808462 1
3775 5580 43808472 1
3775 5527 43808482 1
3783 5496 43808492 1
3810 5479 43808502 1
3841 5492 43808512 1
3896 5539 43808522 1
3964 5608 43808532 1
4028 5685 43808542 1
4092 5762 43808552 1
4157 5839 43808562 1
4207 5887 43808572 1
4223 5898 43808582 1
4217 5885 43808592 1
4197 5842 43808602 1
4139 5773 43808612 1
4056 5686 43808622 1
3964 5590 43808632 1
3850 5464 43808633 1
3720 5318 43808643 1
3564 5180 43808653 1
3443 5067 43808663 1
3344 4971 43808673 1
3290 4910 43808683 1
3272 4887 43808693 1
3277 4887 43808703 1
3314 4915 43808713 1
3396 4981 43808723 1
3507 5073 43808733 1
3648 5181 43808743 1
3824 5317 43808753 1
4022 5472 43808763 1
4210 5589 43808773 1
4324 5641 43808783 1
4389 5651 43808793 1
4397 5636 43808803 1
4085 5412 43808873 0
3986 5312 43808883 1
3948 5275 43808893 1
3919 5246 43808903 1
3894 5190 43808913 1
3877 5130 43808923 1
3867 5043 43808933 1
3867 4939 43808943 1
3882 4784 43808953 1
3897 4623 43808963 1
3909 4457 43808973 1
3919 4275 43808983 1
3919 4102 43808993 1
3911 3947 43809003 1
3903 3801 43809013 1
3894 3681 43809023 1
3883 3596 43809033 1
3873 3535 43809043 1
3865 3480 43809053 1
3860 3454 43809063 1
3860 3447 43809073 1
3860 3453 43809083 1
3860 3508 43809093 1
3852 3597 43809103 1
3772 4208 43809164 0
3870 4499 43809174 1
3938 4677 43809184 1
4028 4867 43809194 1
4130 5027 43809204 1
4240 5127 43809214 1
4291 5188 43809224 1
4303 5203 43809234 1
4311 5203 43809244 1
4320 5188 43809254 1
4320 5143 43809264 1
4320 5072 43809274 1
4320 4984 43809284 1
4320 4874 43809294 1
4332 4753 43809304 1
4348 4624 43809314 1
4365 4494 43809324 1
4383 4359 43809334 1
4401 4215 43809344 1
4419 4097 43809354 1
4431 3996 43809364 1
4439 3893 43809374 1
4439 3805 43809384 1
4431 3727 43809394 1
4420 3678 43809404 1
4405 3642 43809414 1
4385 3616 43809424 1
4362 3605 43809434 1
4323 3605 43809444 1
4272 3622 43809454 1
4213 3667 43809464 1
4139 3741 43809474 1
4066 3834 43809484 1
3997 3958 43809494 1
3950 4099 43809504 1
3917 4251 43809514 1
3917 4409 43809524 1
3950 4534 43809534 1
4003 4638 43809544 1
4090 4722 43809554 1
4177 4773 43809564 1
4260 4803 43809574 1
4298 4772 43809584 1
4309 4689 43809594 1
4262 4571 43809604 1
4173 4401 43809614 1
4055 4223 43809624 1
3941 4040 43809634 1
3852 3892 43809644 1
3780 3813 43809654 1
3773 3781 43809664 1
3789 3781 43809674 1
3819 3837 43809684 1
3915 3930 43809694 1
4044 4065 43809704 1
4194 4249 43809704 1
4401 4466 43809714 1
4639 4668 43809724 1
4898 4867 43809734 1
5075 5004 43809744 1
5176 5101 43809754 1
5226 5158 43809764 1
5226 5208 43809774 1
5177 5248 43809784 1
5095 5283 43809794 1
4686 5602 43809845 0
4653 5763 43809855 1
4653 5793 43809865 1
4666 5802 43809875 1
4695 5783 43809885 1
4736 5708 43809895 1
4758 5596 43809905 1
4750 5400 43809915 1
4722 5138 43809925 1
4681 4833 43809935 1
4661 4534 43809945 1
4656 4286 43809955 1
4695 4072 43809965 1
4752 3945 43809975 1
4820 3848 43809985 1
4883 3771 43809995 1
4943 3728 43810005 1
5001 3716 43810015 1
5068 3724 43810025 1
5141 3770 43810035 1
5228 3846 43810045 1
5322 3941 43810055 1
5378 4013 43810065 1
5407 4091 43810075 1
5417 4174 43810085 1
5408 4297 43810095 1
5390 4470 43810105 1
5367 4676 43810115 1
5338 4940 43810125 1
5300 5217 43810135 1
5255 5503 43810145 1
5234 5686 43810155 1
5214 5764 43810165 1
5197 5771 43810175 1
5139 5719 43810185 1
5052 5599 43810195 1
4960 5433 43810205 1
4882 5255 43810215 1
4854 5113 43810225 1
4854 4994 43810235 1
4871 4891 43810245 1
4907 4818 43810255 1
4955 4765 43810265 1
5016 4741 43810275 1
5070 4710 43810285 1
5118 4674 43810295 1
5142 4607 43810305 1
5142 4502 43810315 1
5116 4373 43810325 1
5095 4238 43810335 1
5095 4120 43810345 1
5110 4013 43810355 1
5141 3915 43810365 1
5176 3817 43810375 1
5217 3719 43810385 1
5257 3641 43810395 1
5272 3563 43810405 1
5272 3483 43810415 1
5235 3385 43810425 1
5186 3274 43810435 1
5127 3151 43810445 1
5071 3028 43810455 1
5996 5228 43811227 0
5996 5257 43811237 1
5996 5276 43811247 1
5996 5286 43811257 1
5996 5291 43811267 1
5996 5284 43811277 1
6037 5238 43811287 1
6094 5166 43811297 1
6157 5077 43811307 1
6220 4971 43811317 1
6284 4854 43811327 1
6331 4732 43811337 1
6368 4649 43811347 1
6389 4592 43811357 1
6398 4553 43811367 1
6398 4533 43811377 1
6398 4526 43811387 1
6388 4532 43811397 1
6377 4583 43811407 1
6377 4663 43811417 1
6420 4807 43811427 1
6488 4966 43811437 1
6600 5135 43811447 1
6752 5257 43811457 1
6930 5353 43811467 1
7096 5431 43811477 1
7210 5451 43811487 1
7289 5402 43811497 1
7269 5306 43811507 1
7185 5172 43811517 1
7057 4999 43811527 1
6938 4799 43811537 1
6820 4626 43811547 1
6747 4527 43811557 1
6704 4478 43811567 1
6704 4471 43811577 1
6723 4481 43811587 1
6762 4502 43811597 1
6861 4550 43811607 1
6961 4597 43811617 1
7088 4666 43811627 1
7233 4751 43811637 1
7352 4814 43811647 1
7407 4843 43811657 1
7418 4849 43811667 1
7410 4849 43811677 1
7378 4849 43811687 1
7330 4849 43811697 1
6882 5884 43811858 0
6845 5997 43811868 1
6821 6072 43811878 1
6806 6129 43811888 1
6800 6181 43811898 1
6800 6213 43811908 1
6800 6233 43811918 1
6800 6233 43811928 1
6800 6223 43811938 1
6795 6181 43811948 1
6788 6117 43811958 1
6776 6008 43811968 1
6766 5864 43811978 1
6766 5698 43811988 1
6766 5514 43811998 1
6766 5295 43812008 1
6778 5053 43812018 1
6790 4787 43812028 1
6801 4530 43812038 1
6820 4278 43812048 1
6845 4023 43812058 1
6873 3818 43812068 1
6898 3647 43812078 1
6918 3519 43812088 1
6935 3407 43812098 1
6941 3305 43812108 1
6947 3232 43812118 1
6947 3188 43812128 1
6952 3164 43812138 1
6952 3164 43812148 1
6952 3205 43812158 1
8368 6251 43812889 0
8428 6251 43812899 1
8397 6263 43812909 1
8413 6234 43812919 1
8428 6169 43812929 1
8442 6081 43812939 1
8442 5991 43812949 1
8442 5918 43812959 1
8450 5857 43812969 1
8456 5831 43812979 1
8465 5823 43812989 1
8477 5828 43812999 1
8533 5879 43813009 1
8617 5969 43813019 1
8718 6086 43813029 1
8821 6203 43813039 1
8925 6315 43813049 1
9027 6403 43813059 1
9103 6477 43813069 1
9162 6499 43813079 1
9170 6477 43813089 1
9133 6425 43813099 1
9065 6336 43813109 1
8940 6215 43813119 1
8792 6073 43813129 1
8629 5916 43813139 1
8489 5792 43813149 1
8393 5690 43813159 1
8327 5640 43813169 1
8313 5622 43813179 1
8328 5622 43813189 1
8362 5649 43813199 1
8454 5703 43813209 1
8565 5777 43813219 1
8689 5868 43813229 1
8816 5956 43813239 1
8899 5997 43813249 1
8953 6007 43813259 1
8943 5987 43813269 1
8896 5929 43813279 1
8824 5847 43813289 1
8753 5753 43813299 1
8685 5654 43813309 1
8623 5527 43813319 1
8573 5384 43813329 1
8530 5239 43813339 1
8504 5106 43813349 1
8497 4980 43813359 1
8503 4864 43813369 1
8516 4778 43813379 1
8529 4711 43813389 1
8542 4670 43813399 1
8548 4651 43813409 1
8548 4646 43813419 1
8548 4646 43813429 1
8531 4656 43813439 1
8509 4672 43813449 1
8468 4703 43813459 1
8415 4746 43813469 1
8355 4798 43813479 1
8295 4846 43813489 1
8251 4892 43813499 1
8217 4933 43813509 1
8196 4976 43813519 1
8196 5019 43813529 1
8202 5069 43813539 1
8233 5125 43813549 1
8306 5202 43813559 1
8407 5315 43813569 1
8550 5453 43813579 1
8730 5593 43813589 1
8934 5692 43813599 1
9081 5765 43813609 1
9146 5765 43813619 1
9155 5723 43813629 1
9126 5648 43813639 1
9064 5533 43813649 1
8979 5409 43813659 1
8900 5280 43813669 1
8851 5204 43813679 1
8823 5167 43813689 1
8817 5156 43813699 1
8839 5156 43813709 1
8880 5188 43813719 1
8965 5233 43813729 1
9046 5282 43813739 1
9125 5329 43813749 1
9186 5342 43813759 1
9205 5333 43813769 1
9196 5294 43813779 1
9150 5235 43813789 1
9087 5162 43813799 1
9013 5089 43813809 1
8933 5011 43813819 1
8835 4923 43813829 1
8726 4824 43813839 1
8625 4733 43813849 1
7891 4212 43814011 0
7920 4194 43814021 1
7932 4217 43814031 1
7997 4246 43814041 1
8098 4311 43814051 1
8288 4407 43814061 1
8498 4523 43814071 1
8722 4632 43814081 1
8970 4717 43814091 1
9110 4785 43814101 1
9178 4785 43814111 1
9183 4756 43814121 1
9126 4703 43814131 1
9027 4608 43814141 1
8866 4480 43814151 1
8707 4330 43814161 1
8571 4160 43814171 1
8449 4044 43814181 1
8399 3963 43814191 1
8399 3929 43814201 1
8434 3920 43814211 1
8506 3928 43814221 1
8608 3973 43814231 1
8730 4039 43814241 1
8872 4119 43814251 1
9022 4205 43814261 1
9178 4293 43814271 1
9282 4383 43814281 1
9328 4416 43814291 1
9334 4439 43814301 1
9334 4455 43814311 1
9311 4477 43814321 1
9276 4513 43814331 1
9231 4559 43814341 1
9180 4624 43814351 1
9125 4717 43814361 1
9076 4829 43814371 1
9032 4967 43814381 1
8999 5089 43814391 1
8973 5200 43814401 1
8951 5322 43814411 1
8951 5447 43814421 1
8959 5573 43814431 1
8959 5649 43814441 1
8959 5687 43814451 1
8947 5701 43814461 1
8938 5701 43814471 1
8921 5701 43814481 1
8899 5673 43814491 1
8883 5634 43814501 1
8870 5571 43814511 1
8864 5484 43814521 1
8864 5380 43814531 1
8879 5256 43814541 1
8891 5089 43814551 1
8902 4894 43814561 1
8910 4622 43814571 1
8910 4293 43814581 1
8910 3927 43814591 1
8918 3535 43814601 1
8948 3158 43814611 1
8993 2852 43814621 1
9022 2590 43814631 1
9051 2383 43814641 1
9073 2164 43814651 1
9090 1937 43814661 1
9090 1763 43814671 1
9090 1608 43814681 1
