698
1952 7571 73866133 0
2034 7555 73866143 1
1965 7620 73866153 1
1959 7630 73866163 1
1995 7604 73866173 1
2030 7585 73866183 1
2070 7562 73866193 1
2123 7530 73866203 1
2195 7494 73866213 1
2280 7454 73866223 1
2372 7412 73866233 1
2456 7368 73866243 1
2518 7322 73866253 1
2568 7277 73866263 1
2597 7237 73866273 1
2607 7199 73866283 1
2607 7167 73866293 1
2584 7140 73866303 1
2531 7117 73866313 1
2454 7085 73866323 1
2356 7038 73866333 1
2250 6980 73866343 1
2139 6923 73866353 1
2028 6866 73866363 1
1941 6827 73866373 1
1871 6800 73866383 1
1846 6788 73866393 1
1846 6788 73866403 1
1861 6793 73866413 1
1891 6813 73866423 1
1976 6866 73866433 1
2098 6940 73866443 1
2246 7019 73866453 1
2360 7093 73866463 1
2451 7138 73866473 1
2514 7166 73866483 1
2546 7177 73866493 1
2557 7177 73866503 1
2557 7159 73866513 1
2540 7120 73866523 1
2515 7029 73866533 1
2458 6904 73866543 1
2391 6750 73866553 1
2316 6602 73866563 1
2244 6458 73866573 1
2178 6298 73866583 1
2146 6185 73866593 1
2134 6104 73866603 1
2126 6047 73866613 1
2121 6022 73866623 1
2121 6022 73866633 1
2127 6022 73866643 1
2132 6071 73866653 1
2168 6141 73866663 1
2592 6887 73866724 0
2757 7009 73866734 1
2804 7038 73866744 1
2834 7046 73866754 1
2860 7046 73866764 1
2874 7046 73866774 1
2881 7016 73866784 1
2881 6976 73866794 1
2859 6922 73866804 1
2828 6854 73866814 1
2772 6778 73866824 1
2675 6689 73866834 1
2550 6575 73866844 1
2403 6445 73866854 1
2240 6292 73866864 1
2065 6137 73866874 1
1888 5977 73866884 1
1734 5813 73866894 1
1596 5706 73866904 1
1497 5637 73866914 1
1452 5605 73866924 1
1443 5598 73866934 1
1463 5609 73866944 1
1489 5626 73866954 1
1582 5695 73866964 1
1717 5800 73866974 1
1875 5942 73866984 1
2051 6078 73866994 1
2238 6210 73867004 1
2395 6314 73867014 1
2526 6395 73867024 1
2640 6460 73867034 1
2721 6493 73867044 1
2760 6508 73867054 1
2771 6508 73867064 1
2771 6508 73867074 1
2762 6484 73867084 1
2746 6448 73867094 1
2715 6397 73867104 1
2678 6342 73867114 1
2637 6266 73867124 1
2599 6178 73867134 1
2559 6066 73867144 1
2519 5901 73867154 1
2480 5701 73867164 1
2458 5496 73867174 1
2458 5235 73867184 1
2464 4938 73867194 1
2491 4652 73867204 1
2519 4447 73867214 1
2550 4297 73867224 1
2574 4153 73867234 1
2594 4052 73867244 1
2604 3979 73867254 1
2604 3945 73867264 1
2609 3945 73867274 1
2609 3970 73867284 1
2604 4055 73867294 1
2596 4177 73867304 1
2589 4324 73867314 1
2493 5885 73867415 0
2550 6036 73867425 1
2569 6082 73867435 1
2604 6125 73867445 1
2649 6165 73867455 1
2700 6198 73867465 1
2732 6216 73867475 1
2761 6225 73867485 1
2787 6225 73867495 1
2808 6212 73867505 1
2829 6189 73867515 1
2850 6149 73867525 1
2867 6086 73867535 1
2885 6008 73867545 1
2904 5888 73867555 1
2923 5744 73867565 1
2943 5585 73867575 1
2959 5413 73867585 1
2973 5217 73867595 1
2993 5005 73867605 1
3013 4819 73867615 1
3033 4683 73867625 1
3049 4581 73867635 1
3062 4511 73867645 1
3062 4471 73867655 1
3062 4450 73867665 1
3046 4450 73867675 1
3017 4477 73867685 1
2978 4521 73867695 1
2933 4585 73867705 1
2890 4669 73867715 1
2838 4767 73867725 1
2780 4874 73867736 1
2709 4948 73867746 1
2621 4999 73867756 1
2522 5023 73867766 1
2433 5045 73867776 1
2363 5063 73867786 1
2306 5081 73867796 1
2272 5097 73867806 1
2256 5110 73867816 1
2256 5123 73867826 1
2256 5140 73867836 1
2263 5160 73867846 1
2289 5194 73867856 1
2325 5246 73867866 1
2384 5309 73867876 1
2464 5396 73867886 1
2557 5480 73867896 1
2668 5560 73867906 1
2763 5616 73867916 1
2847 5658 73867926 1
2932 5693 73867936 1
3017 5726 73867946 1
3086 5752 73867956 1
3145 5757 73867966 1
3170 5749 73867976 1
3161 5707 73867986 1
3130 5626 73867996 1
3059 5520 73868006 1
2972 5394 73868016 1
2873 5245 73868026 1
2773 5082 73868036 1
2680 4944 73868036 1
2625 4846 73868046 1
2592 4776 73868056 1
2607 4768 73868066 1
2627 4773 73868076 1
2650 4786 73868086 1
2718 4849 73868096 1
2813 4946 73868106 1
2925 5067 73868116 1
3057 5175 73868126 1
3210 5291 73868136 1
3377 5413 73868146 1
3520 5520 73868156 1
3637 5612 73868166 1
3737 5693 73868176 1
3794 5766 73868186 1
3820 5819 73868196 1
3820 5859 73868206 1
3813 5896 73868216 1
3797 5933 73868226 1
3778 5978 73868236 1
3752 6028 73868246 1
3712 6097 73868256 1
3662 6194 73868266 1
3614 6310 73868276 1
3566 6417 73868286 1
3518 6541 73868296 1
3475 6676 73868306 1
3441 6737 73868316 1
3420 6798 73868326 1
3406 6834 73868336 1
3395 6853 73868346 1
3389 6862 73868356 1
3389 6867 73868366 1
3384 6862 73868376 1
3377 6832 73868386 1
3367 6786 73868396 1
3358 6734 73868406 1
3349 6666 73868416 1
3337 6587 73868426 1
3324 6480 73868436 1
3310 6349 73868446 1
3298 6202 73868456 1
3287 6067 73868466 1
3280 5921 73868476 1
3270 5768 73868486 1
3262 5646 73868496 1
3267 5521 73868506 1
3281 5387 73868516 1
3301 5247 73868526 1
3321 5121 73868536 1
3344 5004 73868546 1
3369 4892 73868556 1
3395 4790 73868566 1
3421 4694 73868577 1
3447 4612 73868587 1
3472 4538 73868597 1
3503 4469 73868607 1
3539 4409 73868617 1
3584 4360 73868627 1
3638 4319 73868637 1
3700 4287 73868647 1
3768 4277 73868657 1
3834 4282 73868667 1
3900 4293 73868677 1
3981 4304 73868687 1
4067 4315 73868697 1
4166 4329 73868707 1
4272 4342 73868717 1
4366 4363 73868727 1
4456 4388 73868737 1
4543 4423 73868747 1
4629 4460 73868757 1
4706 4498 73868767 1
4777 4533 73868777 1
4822 4567 73868787 1
4857 4600 73868797 1
4886 4645 73868807 1
4910 4697 73868817 1
4934 4770 73868827 1
4945 4863 73868837 1
4945 4970 73868847 1
4929 5088 73868857 1
4887 5206 73868867 1
4828 5325 73868877 1
4741 5444 73868887 1
4060 6214 73868947 0
3991 6416 73868957 1
3964 6484 73868967 1
3940 6555 73868977 1
3924 6598 73868987 1
3917 6622 73868997 1
3917 6635 73869007 1
3917 6643 73869017 1
3917 6643 73869027 1
3926 6636 73869037 1
3938 6620 73869047 1
3951 6596 73869057 1
3958 6563 73869067 1
3963 6519 73869077 1
3963 6464 73869087 1
3963 6392 73869097 1
3953 6309 73869107 1
3945 6231 73869117 1
3935 6151 73869127 1
3924 6065 73869137 1
3918 5973 73869147 1
3918 5885 73869157 1
3918 5801 73869167 1
3928 5744 73869177 1
3928 5700 73869187 1
3948 5666 73869197 1
3967 5639 73869207 1
4007 5620 73869217 1
4059 5607 73869227 1
4125 5600 73869237 1
4179 5591 73869247 1
4226 5576 73869258 1
4226 5576 73869268 1
4250 5512 73869278 1
4234 5456 73869288 1
4188 5376 73869298 1
4130 5292 73869308 1
4064 5211 73869318 1
4015 5134 73869328 1
3986 5076 73869338 1
3969 5031 73869348 1
3969 4996 73869358 1
3981 4969 73869368 1
4003 4956 73869378 1
4034 4956 73869388 1
4084 4962 73869398 1
4147 4967 73869408 1
4206 4967 73869418 1
4254 4938 73869428 1
4294 4895 73869438 1
4320 4834 73869448 1
4328 4759 73869458 1
4328 4674 73869468 1
4303 4577 73869478 1
4271 4456 73869488 1
4231 4318 73869498 1
4191 4172 73869508 1
4145 4028 73869518 1
4094 3884 73869528 1
4043 3771 73869538 1
3994 3679 73869548 1
3950 3638 73869558 1
3915 3638 73869568 1
3889 3654 73869578 1
3882 3733 73869588 1
3887 3854 73869598 1
5667 6123 73869829 0
5649 6179 73869839 1
5634 6214 73869849 1
5620 6235 73869859 1
5609 6253 73869869 1
5599 6263 73869879 1
5591 6263 73869889 1
5591 6263 73869899 1
5586 6263 73869909 1
5586 6263 73869919 1
5586 6263 73869929 1
5586 6263 73869939 1
5586 6263 73869949 1
5586 6263 73869959 1
5586 6263 73869969 1
5586 6263 73869979 1
5586 6263 73869989 1
5586 6263 73869999 1
5597 6248 73870009 1
5608 6210 73870019 1
5623 6156 73870029 1
5634 6068 73870039 1
5642 5923 73870049 1
5642 5741 73870059 1
5648 5578 73870069 1
5648 5416 73870079 1
5658 5256 73870089 1
5665 5122 73870099 1
5677 5027 73870109 1
5690 4959 73870119 1
5702 4933 73870129 1
5702 4933 73870139 1
5702 4946 73870149 1
5702 4996 73870159 1
5696 5067 73870169 1
5690 5153 73870179 1
5684 5240 73870189 1
5672 5327 73870199 1
5655 5415 73870209 1
5638 5467 73870219 1
5622 5504 73870229 1
5607 5531 73870239 1
5599 5556 73870249 1
5614 5581 73870259 1
5643 5623 73870269 1
5712 5677 73870279 1
5822 5735 73870289 1
5959 5792 73870299 1
6114 5849 73870309 1
6282 5893 73870319 1
6458 5928 73870329 1
6606 5946 73870339 1
6742 5958 73870349 1
6869 5958 73870359 1
6960 5958 73870369 1
7029 5958 73870379 1
7082 5951 73870389 1
7101 5942 73870399 1
7086 5924 73870409 1
7047 5871 73870419 1
6969 5796 73870429 1
6856 5720 73870439 1
6720 5639 73870449 1
6582 5551 73870459 1
6450 5457 73870469 1
6341 5363 73870479 1
6244 5295 73870489 1
6184 5244 73870499 1
6160 5223 73870509 1
6160 5215 73870519 1
6178 5215 73870529 1
6233 5230 73870539 1
6312 5262 73870549 1
6421 5307 73870559 1
6535 5357 73870569 1
6658 5405 73870579 1
6787 5450 73870589 1
6916 5489 73870599 1
7012 5521 73870609 1
7087 5547 73870619 1
7162 5570 73870629 1
7212 5591 73870639 1
7246 5606 73870649 1
7246 5618 73870659 1
7229 5639 73870669 1
6607 6766 73870830 0
6607 6766 73870840 1
6607 6766 73870850 1
6560 6766 73870860 1
6550 6751 73870870 1
6539 6730 73870880 1
6528 6683 73870890 1
6528 6621 73870900 1
6528 6587 73870910 1
6528 6514 73870920 1
6535 6414 73870930 1
6545 6303 73870940 1
6556 6186 73870950 1
6567 6045 73870960 1
6575 5889 73870970 1
6575 5725 73870980 1
6570 5574 73870990 1
6560 5433 73871000 1
6549 5270 73871010 1
6538 5114 73871020 1
6531 4943 73871030 1
6526 4759 73871040 1
6526 4600 73871050 1
6526 4435 73871060 1
6526 4265 73871070 1
6526 4071 73871080 1
6533 3878 73871090 1
6544 3685 73871100 1
6551 3560 73871110 1
6551 3444 73871120 1
6551 3334 73871130 1
6551 3229 73871140 1
6541 3151 73871150 1
6534 3092 73871160 1
6529 3079 73871170 1
6529 3090 73871180 1
6529 3117 73871190 1
6529 3193 73871200 1
6545 3296 73871210 1
7851 6865 73871541 0
7851 6865 73871551 1
7851 6865 73871561 1
7851 6865 73871571 1
7851 6865 73871581 1
7840 6816 73871591 1
7840 6755 73871601 1
7847 6684 73871611 1
7852 6581 73871621 1
7857 6458 73871631 1
7857 6320 73871641 1
7866 6199 73871651 1
7871 6089 73871661 1
7878 6002 73871671 1
7886 5953 73871681 1
7898 5929 73871691 1
7910 5929 73871701 1
8434 6948 73871811 0
8525 6989 73871821 1
8555 7006 73871831 1
8579 7006 73871841 1
8595 7006 73871851 1
8602 6995 73871861 1
8602 6981 73871871 1
8593 6949 73871881 1
8571 6907 73871891 1
8541 6850 73871901 1
8489 6789 73871911 1
8400 6725 73871921 1
8286 6638 73871931 1
8150 6524 73871941 1
8007 6393 73871951 1
7858 6254 73871961 1
7708 6128 73871971 1
7586 6011 73871981 1
7483 5904 73871991 1
7412 5829 73872001 1
7371 5776 73872011 1
7350 5760 73872021 1
7357 5760 73872031 1
7396 5769 73872041 1
7455 5816 73872051 1
7571 5897 73872061 1
7690 6000 73872071 1
7818 6087 73872081 1
7951 6172 73872091 1
8053 6234 73872101 1
8134 6281 73872111 1
8201 6315 73872121 1
8247 6335 73872131 1
8278 6346 73872141 1
8290 6346 73872151 1
8296 6346 73872161 1
8296 6325 73872171 1
8288 6291 73872181 1
8260 6242 73872191 1
8220 6172 73872201 1
8173 6089 73872211 1
8124 5990 73872221 1
8073 5869 73872231 1
8022 5733 73872241 1
7963 5600 73872251 1
7898 5436 73872261 1
7823 5252 73872271 1
7764 5090 73872281 1
7715 4925 73872291 1
7686 4795 73872301 1
7663 4689 73872311 1
7651 4620 73872321 1
7645 4580 73872331 1
7645 4559 73872341 1
7645 4559 73872351 1
7656 4588 73872361 1
7672 4633 73872371 1
7692 4696 73872381 1
7714 4772 73872391 1
7737 4857 73872401 1
7831 5207 73872442 0
7888 5361 73872452 1
7920 5442 73872462 1
7957 5527 73872472 1
8003 5605 73872482 1
8057 5679 73872492 1
8123 5746 73872502 1
8208 5812 73872512 1
8305 5877 73872522 1
8409 5936 73872532 1
8510 5987 73872542 1
8592 6029 73872552 1
8663 6053 73872562 1
8712 6066 73872572 1
8741 6066 73872582 1
8757 6061 73872592 1
8757 6046 73872602 1
8740 6022 73872612 1
8708 5971 73872622 1
8644 5903 73872632 1
8560 5807 73872642 1
8462 5709 73872652 1
8343 5611 73872662 1
8225 5511 73872672 1
8135 5420 73872682 1
8063 5336 73872692 1
8015 5274 73872702 1
7986 5231 73872712 1
7969 5200 73872722 1
7963 5180 73872732 1
7963 5170 73872742 1
7968 5170 73872752 1
7994 5170 73872762 1
8033 5201 73872772 1
8098 5248 73872782 1
8176 5307 73872792 1
8262 5364 73872802 1
8345 5420 73872812 1
8419 5462 73872822 1
8486 5500 73872832 1
8543 5529 73872842 1
8594 5553 73872852 1
8641 5572 73872862 1
8675 5587 73872872 1
8694 5592 73872882 1
8702 5592 73872892 1
8702 5592 73872902 1
8688 5569 73872912 1
8664 5539 73872922 1
8617 5491 73872932 1
8553 5437 73872942 1
8478 5363 73872952 1
8384 5279 73872962 1
8269 5181 73872972 1
8140 5082 73872982 1
8016 4982 73872992 1
7880 4868 73873002 1
7735 4753 73873012 1
7588 4639 73873022 1
7443 4529 73873032 1
7302 4421 73873042 1
7201 4329 73873052 1
7126 4268 73873062 1
7107 4229 73873072 1
7107 4224 73873082 1
7122 4236 73873092 1
7165 4259 73873102 1
7245 4322 73873112 1
7349 4408 73873123 1
7484 4509 73873133 1
7625 4614 73873143 1
7806 4729 73873153 1
8012 4850 73873163 1
8207 4950 73873173 1
8408 5032 73873183 1
8614 5102 73873193 1
8794 5135 73873203 1
8948 5187 73873213 1
9084 5252 73873223 1
9185 5277 73873233 1
9244 5297 73873243 1
9275 5297 73873253 1
9275 5297 73873263 1
9246 5275 73873273 1
9204 5244 73873283 1
9136 5204 73873293 1
9051 5153 73873303 1
8954 5100 73873313 1
8823 5027 73873323 1
8684 4941 73873333 1
8540 4829 73873343 1
8387 4716 73873353 1
8236 4615 73873363 1
8118 4523 73873373 1
8020 4436 73873383 1
7947 4367 73873393 1
7916 4310 73873403 1
7916 4285 73873413 1
7934 4276 73873423 1
7980 4276 73873433 1
8041 4303 73873443 1
8128 4348 73873453 1
8240 4407 73873463 1
8368 4477 73873473 1
8504 4544 73873483 1
8637 4603 73873493 1
8756 4655 73873503 1
8866 4697 73873513 1
8949 4728 73873523 1
8986 4742 73873533 1
8991 4742 73873543 1
8991 4759 73873553 1
8965 4774 73873563 1
8931 4790 73873573 1
8883 4807 73873583 1
8524 5801 73873694 0
8502 5992 73873704 1
8475 6040 73873714 1
8452 6075 73873724 1
8430 6109 73873734 1
8412 6141 73873744 1
8401 6165 73873754 1
8395 6176 73873764 1
8395 6176 73873774 1
8395 6176 73873784 1
8403 6166 73873794 1
8413 6148 73873804 1
8423 6121 73873814 1
8435 6078 73873824 1
8447 6026 73873834 1
8459 5964 73873844 1
8469 5879 73873854 1
8479 5779 73873864 1
8487 5685 73873874 1
8494 5586 73873884 1
8499 5479 73873894 1
8499 5367 73873904 1
8499 5247 73873914 1
8504 5128 73873924 1
8504 5011 73873934 1
8504 4887 73873944 1
8504 4759 73873954 1
8504 4646 73873964 1
8511 4545 73873974 1
8518 4437 73873984 1
8524 4315 73873994 1
8524 4185 73874004 1
8524 4048 73874014 1
8524 3912 73874024 1
8531 3774 73874034 1
8537 3628 73874044 1
8542 3481 73874054 1
8542 3333 73874064 1
8547 3175 73874074 1
8556 3025 73874084 1
8564 2881 73874094 1
8573 2749 73874104 1
8581 2617 73874114 1
8589 2484 73874124 1
8589 2355 73874134 1
8595 2213 73874144 1
8595 2065 73874154 1
8588 1952 73874164 1
8582 1859 73874174 1
8582 1780 73874184 1
8576 1726 73874194 1
8576 1707 73874204 1
8581 1712 73874214 1
