673
3204 7238 1839 0
3204 7238 1849 1
3204 7238 1859 1
3204 7238 1869 1
3221 7212 1879 1
3232 7178 1889 1
3247 7132 1899 1
3267 7066 1909 1
3287 6988 1919 1
3310 6902 1929 1
3332 6839 1939 1
3357 6789 1949 1
3377 6749 1959 1
3394 6709 1969 1
3408 6677 1979 1
3416 6650 1989 1
3416 6633 1999 1
3421 6625 2009 1
3421 6625 2019 1
3421 6618 2029 1
2721 6470 2209 0
2765 6516 2219 1
2817 6565 2229 1
2895 6625 2239 1
2978 6674 2249 1
3066 6715 2259 1
3152 6746 2269 1
3217 6776 2279 1
3268 6788 2289 1
3289 6788 2299 1
3296 6776 2309 1
3296 6741 2319 1
3271 6692 2329 1
3222 6598 2339 1
3155 6499 2349 1
3093 6395 2359 1
3042 6311 2369 1
3007 6241 2379 1
2987 6186 2389 1
2977 6149 2399 1
2977 6123 2409 1
2988 6123 2419 1
3003 6131 2429 1
3046 6144 2439 1
3108 6201 2449 1
3196 6273 2459 1
3275 6356 2469 1
3348 6434 2479 1
3408 6507 2489 1
3464 6559 2499 1
3516 6600 2509 1
3548 6625 2519 1
3559 6632 2529 1
3559 6627 2539 1
3559 6616 2549 1
3533 6561 2559 1
3496 6477 2569 1
3447 6369 2579 1
3391 6261 2589 1
3329 6157 2599 1
3276 6063 2609 1
3226 5973 2619 1
3183 5906 2629 1
3144 5842 2639 1
3103 5779 2649 1
3061 5739 2659 1
3020 5697 2669 1
2979 5652 2679 1
2939 5625 2689 1
2919 5610 2699 1
2914 5610 2709 1
2914 5610 2719 1
2922 5610 2729 1
2922 5631 2739 1
2971 5660 2749 1
3043 5727 2759 1
3150 5803 2769 1
3246 5886 2779 1
3334 5960 2789 1
3416 6021 2799 1
3492 6074 2809 1
3565 6120 2819 1
3613 6160 2829 1
3632 6174 2839 1
3632 6174 2849 1
3611 6162 2859 1
3566 6131 2869 1
3504 6087 2879 1
3442 6035 2889 1
3384 5981 2899 1
3334 5921 2909 1
3292 5853 2919 1
3257 5769 2929 1
3227 5674 2939 1
3205 5570 2949 1
3192 5442 2959 1
3182 5297 2969 1
3172 5159 2979 1
3164 5044 2989 1
3157 4944 2999 1
3148 4847 3009 1
3140 4773 3019 1
3133 4715 3029 1
3133 4703 3039 1
3133 4703 3049 1
3133 4709 3059 1
3143 4747 3069 1
3172 4844 3079 1
3212 4981 3089 1
3268 5119 3099 1
3326 5277 3109 1
3389 5449 3119 1
3450 5602 3129 1
3505 5725 3139 1
3556 5827 3149 1
3588 5889 3159 1
3612 5927 3169 1
3631 5950 3179 1
3648 5971 3189 1
3659 5971 3199 1
3666 5971 3209 1
3681 5954 3219 1
3693 5934 3229 1
3702 5884 3239 1
3702 5817 3249 1
3702 5744 3259 1
3702 5671 3269 1
3696 5582 3279 1
3691 5484 3289 1
3686 5365 3299 1
3686 5254 3309 1
3686 5148 3319 1
3692 5042 3329 1
3702 4937 3339 1
3715 4834 3349 1
3730 4726 3359 1
3745 4639 3369 1
3759 4565 3379 1
3767 4519 3389 1
3772 4501 3399 1
3772 4501 3409 1
3772 4501 3419 1
3752 4522 3429 1
3715 4553 3439 1
3666 4611 3449 1
3616 4689 3459 1
3273 5209 3521 0
3191 5255 3531 1
3159 5273 3541 1
3146 5280 3551 1
3151 5280 3561 1
3167 5302 3571 1
3210 5353 3581 1
3282 5425 3591 1
3374 5499 3601 1
3463 5568 3611 1
3531 5607 3621 1
3585 5628 3631 1
3607 5619 3641 1
3607 5571 3651 1
3592 5497 3661 1
3549 5372 3671 1
3499 5241 3681 1
3443 5106 3691 1
3400 4996 3701 1
3361 4895 3711 1
3330 4799 3721 1
3309 4721 3731 1
3309 4678 3741 1
3316 4659 3751 1
3332 4659 3761 1
3350 4669 3771 1
3390 4695 3781 1
3442 4787 3791 1
3519 4901 3801 1
3595 5029 3811 1
3669 5135 3821 1
3754 5235 3831 1
3827 5325 3841 1
3892 5430 3851 1
3962 5545 3861 1
4029 5653 3871 1
4093 5773 3881 1
4156 5902 3891 1
4209 6023 3901 1
4255 6111 3911 1
4284 6178 3921 1
4293 6207 3931 1
4288 6224 3941 1
4278 6233 3951 1
4266 6250 3961 1
4253 6265 3971 1
4241 6274 3981 1
4230 6279 3991 1
4224 6279 4001 1
4218 6279 4011 1
4209 6279 4021 1
4198 6235 4031 1
4170 6169 4041 1
4141 6073 4051 1
4112 5950 4061 1
4086 5808 4071 1
4062 5696 4081 1
4043 5583 4091 1
4030 5470 4101 1
4022 5335 4111 1
4022 5206 4121 1
4022 5081 4131 1
4034 4962 4141 1
4053 4857 4151 1
4079 4761 4161 1
4111 4722 4171 1
4143 4690 4181 1
4169 4662 4191 1
4191 4653 4201 1
4214 4644 4211 1
4238 4644 4221 1
4266 4644 4231 1
4301 4644 4241 1
4342 4652 4251 1
4390 4667 4261 1
4442 4687 4271 1
4496 4720 4281 1
4549 4762 4291 1
4602 4828 4301 1
4652 4892 4311 1
4700 4955 4321 1
4731 4989 4331 1
4764 5045 4341 1
4798 5115 4351 1
4815 5183 4361 1
4820 5251 4371 1
4820 5346 4381 1
4829 5458 4391 1
4835 5570 4401 1
4835 5647 4411 1
4827 5700 4421 1
4816 5755 4431 1
4796 5804 4441 1
4771 5861 4451 1
4738 5926 4461 1
4709 6005 4471 1
4686 6089 4481 1
4666 6177 4491 1
4653 6251 4501 1
4641 6285 4511 1
4631 6293 4521 1
4622 6308 4531 1
4615 6319 4541 1
4610 6319 4551 1
4610 6325 4561 1
4610 6325 4571 1
4610 6325 4581 1
4610 6325 4591 1
4610 6325 4601 1
4610 6325 4611 1
4601 6320 4621 1
4589 6310 4631 1
4553 6270 4641 1
4516 6211 4651 1
4478 6158 4661 1
4441 6095 4671 1
4407 6026 4681 1
4380 5965 4691 1
4361 5922 4701 1
4352 5891 4711 1
4352 5866 4721 1
4352 5846 4731 1
4362 5830 4741 1
4381 5804 4751 1
4405 5778 4761 1
4435 5755 4771 1
4467 5735 4781 1
4499 5714 4791 1
4527 5695 4801 1
4549 5678 4811 1
4565 5654 4821 1
4570 5627 4831 1
4563 5594 4841 1
4549 5531 4851 1
4519 5450 4861 1
4482 5343 4871 1
4439 5257 4881 1
4409 5185 4891 1
4382 5113 4901 1
4361 5067 4911 1
4353 5039 4921 1
4353 5039 4931 1
4359 5031 4941 1
4368 5024 4951 1
4395 5015 4961 1
4434 5015 4971 1
4483 5021 4981 1
4533 5021 4991 1
4582 5014 5001 1
4625 5002 5011 1
4665 4985 5021 1
4688 4948 5031 1
4702 4897 5041 1
4710 4827 5051 1
4698 4742 5061 1
4686 4647 5071 1
4674 4550 5081 1
4660 4444 5091 1
4647 4333 5101 1
4633 4223 5111 1
4613 4126 5121 1
4589 4039 5131 1
4565 3962 5141 1
4545 3902 5151 1
4532 3853 5161 1
4526 3839 5171 1
5650 6106 5554 0
5662 6141 5564 1
5662 6149 5574 1
5662 6149 5584 1
5673 6142 5594 1
5704 6127 5604 1
5745 6072 5614 1
5793 5991 5624 1
5832 5880 5634 1
5864 5762 5644 1
5899 5640 5654 1
5932 5511 5664 1
5964 5376 5674 1
5996 5236 5684 1
6037 5138 5694 1
6074 5070 5704 1
6099 5021 5714 1
6117 5006 5724 1
6117 5022 5734 1
6035 5437 5784 0
5977 5679 5794 1
5957 5764 5804 1
5957 5825 5814 1
5965 5865 5824 1
5984 5891 5834 1
6035 5931 5844 1
6108 5982 5854 1
6211 6041 5864 1
6331 6105 5874 1
6463 6173 5884 1
6592 6245 5894 1
6706 6294 5904 1
6810 6318 5914 1
6890 6325 5924 1
6937 6303 5934 1
6963 6266 5944 1
6988 6219 5954 1
6999 6161 5964 1
6999 6103 5974 1
6991 6046 5984 1
6951 5959 5994 1
6890 5854 6004 1
6794 5737 6014 1
6694 5632 6024 1
6591 5541 6034 1
6518 5459 6044 1
6463 5399 6054 1
6421 5366 6064 1
6407 5351 6074 1
6407 5351 6084 1
6407 5357 6094 1
6434 5364 6104 1
6495 5386 6114 1
6580 5420 6124 1
6679 5462 6134 1
6778 5496 6144 1
6877 5525 6154 1
6938 5542 6164 1
6974 5553 6174 1
6994 5564 6184 1
6994 5574 6194 1
6989 5630 6204 1
6981 5717 6214 1
6951 5810 6224 1
6905 5935 6234 1
6846 6081 6244 1
6776 6222 6254 1
6699 6363 6264 1
6621 6494 6274 1
6543 6618 6284 1
6465 6703 6294 1
6400 6770 6304 1
6339 6824 6314 1
6299 6869 6324 1
6272 6908 6334 1
6254 6925 6344 1
6248 6925 6354 1
6248 6925 6364 1
6254 6925 6374 1
6271 6886 6384 1
6297 6831 6394 1
6322 6763 6404 1
6345 6669 6414 1
6366 6557 6424 1
6385 6401 6434 1
6404 6245 6444 1
6420 6092 6454 1
6435 5940 6464 1
6446 5786 6474 1
6457 5655 6484 1
6468 5518 6494 1
6476 5358 6504 1
6483 5185 6514 1
6489 5018 6524 1
6495 4839 6534 1
6504 4651 6544 1
6518 4509 6554 1
6535 4366 6564 1
6553 4222 6574 1
6573 4091 6584 1
6596 3965 6594 1
6619 3842 6604 1
6643 3707 6614 1
6669 3620 6624 1
6691 3566 6634 1
6709 3526 6644 1
8066 7089 7026 0
8066 7137 7036 1
8066 7153 7046 1
8059 7153 7056 1
8059 7146 7066 1
8068 7108 7076 1
8075 7025 7086 1
8081 6913 7096 1
8087 6783 7106 1
8092 6672 7116 1
8100 6573 7126 1
8107 6489 7136 1
8115 6433 7146 1
8124 6395 7156 1
8131 6386 7166 1
8136 6386 7176 1
8136 6403 7186 1
8176 6472 7196 1
8243 6575 7206 1
8331 6700 7216 1
8425 6809 7226 1
8521 6937 7236 1
8622 7077 7246 1
8726 7189 7256 1
8799 7252 7266 1
8852 7283 7276 1
8869 7283 7286 1
8869 7239 7296 1
8857 7175 7306 1
8821 7070 7316 1
8788 6971 7326 1
8756 6876 7336 1
8747 6825 7346 1
8747 6787 7356 1
8747 6759 7366 1
8742 6740 7376 1
8742 6733 7386 1
8742 6733 7396 1
8742 6733 7406 1
8643 6743 7437 0
8451 6720 7447 1
8348 6704 7457 1
8250 6686 7467 1
8183 6669 7477 1
8137 6658 7487 1
8112 6651 7497 1
8112 6651 7507 1
8117 6651 7517 1
8143 6656 7527 1
8208 6672 7537 1
8300 6711 7547 1
8424 6766 7557 1
8535 6815 7567 1
8636 6863 7577 1
8721 6906 7587 1
8775 6930 7597 1
8807 6943 7607 1
8807 6943 7617 1
8807 6935 7627 1
8784 6926 7637 1
8752 6869 7647 1
8688 6792 7657 1
8625 6703 7667 1
8562 6624 7677 1
8508 6540 7687 1
8470 6460 7697 1
8442 6383 7707 1
8421 6304 7717 1
8421 6237 7727 1
8428 6179 7737 1
8442 6101 7747 1
8458 6020 7757 1
8479 5937 7767 1
8494 5855 7777 1
8505 5796 7787 1
8505 5752 7797 1
8510 5731 7807 1
8510 5726 7817 1
8510 5732 7827 1
8493 5732 7837 1
8455 5756 7847 1
8403 5787 7857 1
8335 5829 7867 1
8263 5871 7877 1
8187 5914 7887 1
8123 5966 7897 1
8063 6023 7907 1
8013 6066 7917 1
7974 6094 7927 1
7950 6112 7937 1
7937 6127 7947 1
7932 6127 7957 1
7932 6127 7967 1
7932 6127 7977 1
7963 6134 7987 1
8006 6161 7997 1
8087 6203 8007 1
8193 6270 8017 1
8316 6338 8027 1
8434 6407 8037 1
8546 6463 8047 1
8654 6515 8057 1
8744 6547 8067 1
8813 6567 8077 1
8868 6579 8087 1
8892 6579 8097 1
8900 6579 8107 1
8900 6579 8117 1
8900 6574 8127 1
8895 6574 8137 1
8895 6567 8147 1
8864 6506 8157 1
8816 6407 8167 1
8759 6291 8177 1
8704 6197 8187 1
8668 6118 8197 1
8642 6080 8207 1
8642 6065 8217 1
8642 6065 8227 1
8642 6065 8237 1
8642 6070 8247 1
8656 6091 8257 1
8708 6125 8267 1
8784 6183 8277 1
8863 6237 8287 1
8940 6281 8297 1
8997 6314 8307 1
9041 6344 8317 1
9082 6374 8327 1
9107 6394 8337 1
9120 6394 8347 1
9120 6394 8357 1
9114 6387 8367 1
9089 6377 8377 1
9048 6308 8378 1
8970 6201 8388 1
8893 6108 8398 1
8819 6029 8408 1
8765 5960 8418 1
8725 5914 8428 1
8704 5893 8438 1
8699 5888 8448 1
8704 5888 8458 1
8704 5888 8468 1
8704 5888 8478 1
8678 5862 8488 1
8643 5816 8498 1
8569 5758 8508 1
8471 5679 8518 1
8357 5587 8528 1
8237 5493 8538 1
8125 5398 8548 1
8026 5302 8558 1
7945 5235 8568 1
7877 5187 8578 1
7821 5155 8588 1
7784 5133 8598 1
7760 5119 8608 1
7760 5119 8618 1
7760 5119 8629 1
7760 5119 8639 1
7760 5119 8649 1
7831 5142 8659 1
7911 5176 8669 1
8010 5247 8679 1
8138 5343 8689 1
8286 5456 8699 1
8450 5554 8709 1
8605 5635 8719 1
8754 5706 8729 1
8911 5771 8739 1
9029 5835 8749 1
9120 5898 8759 1
9206 5943 8769 1
9270 5976 8779 1
9319 5997 8789 1
9329 6003 8799 1
9329 5998 8809 1
9318 5998 8819 1
9278 5963 8829 1
9205 5911 8839 1
9111 5822 8849 1
9025 5743 8859 1
8937 5672 8869 1
8832 5579 8879 1
8717 5475 8889 1
8614 5363 8899 1
8537 5277 8909 1
8478 5219 8919 1
8442 5180 8929 1
8409 5139 8939 1
8396 5119 8949 1
8396 5114 8959 1
8396 5109 8969 1
8396 5103 8979 1
8405 5095 8989 1
8415 5095 8999 1
8433 5085 9009 1
8479 5094 9019 1
8544 5112 9029 1
8625 5157 9039 1
8729 5217 9049 1
8847 5288 9059 1
8968 5350 9069 1
9063 5409 9079 1
9141 5444 9089 1
9204 5465 9099 1
9243 5485 9109 1
9266 5491 9119 1
9266 5491 9129 1
9250 5510 9139 1
9226 5560 9149 1
9175 5629 9159 1
9124 5716 9169 1
9067 5826 9179 1
9007 5951 9189 1
8961 6082 9199 1
8911 6197 9209 1
8857 6301 9219 1
8822 6387 9229 1
8793 6447 9239 1
8776 6489 9249 1
8766 6504 9259 1
8761 6515 9269 1
8761 6515 9279 1
8761 6515 9289 1
8761 6515 9299 1
8761 6515 9309 1
8761 6506 9319 1
8753 6447 9329 1
8738 6355 9339 1
8722 6246 9349 1
8705 6135 9359 1
8689 6023 9369 1
8674 5908 9379 1
8661 5774 9389 1
8648 5628 9399 1
8636 5499 9409 1
8636 5368 9419 1
8629 5226 9429 1
8629 5079 9439 1
8620 4917 9449 1
8610 4749 9459 1
8610 4608 9469 1
8610 4488 9479 1
8610 4361 9489 1
8610 4227 9499 1
8618 4085 9509 1
8627 3945 9519 1
8639 3808 9529 1
8654 3669 9539 1
8666 3555 9540 1
8674 3459 9550 1
8679 3376 9560 1
8691 3324 9570 1
