728
2128 7422 73876578 0
2128 7422 73876588 1
2120 7496 73876598 1
2120 7525 73876608 1
2125 7542 73876618 1
2136 7552 73876628 1
2165 7564 73876638 1
2204 7564 73876648 1
2271 7551 73876658 1
2341 7528 73876668 1
2417 7500 73876678 1
2495 7463 73876688 1
2570 7419 73876698 1
2645 7373 73876708 1
2706 7328 73876718 1
2759 7289 73876728 1
2801 7255 73876738 1
2826 7230 73876748 1
2839 7216 73876758 1
2833 7209 73876768 1
2796 7191 73876778 1
2738 7168 73876788 1
2653 7136 73876798 1
2548 7084 73876808 1
2429 7020 73876818 1
2304 6945 73876828 1
2181 6883 73876838 1
2103 6830 73876848 1
2053 6805 73876858 1
2046 6797 73876868 1
2046 6797 73876878 1
2063 6797 73876888 1
2093 6815 73876898 1
2161 6840 73876908 1
2246 6895 73876918 1
2341 6956 73876928 1
2432 7022 73876938 1
2509 7074 73876948 1
2576 7110 73876958 1
2627 7136 73876968 1
2655 7153 73876978 1
2668 7153 73876988 1
2668 7153 73876998 1
2656 7132 73877008 1
2636 7075 73877018 1
2587 6992 73877028 1
2526 6873 73877038 1
2456 6758 73877048 1
2391 6647 73877058 1
2344 6544 73877068 1
2308 6446 73877078 1
2290 6352 73877088 1
2276 6287 73877098 1
2269 6247 73877108 1
2269 6224 73877118 1
2269 6219 73877128 1
2275 6240 73877138 1
2302 6279 73877148 1
2343 6363 73877158 1
2658 6888 73877209 0
2765 7005 73877219 1
2790 7029 73877229 1
2811 7049 73877239 1
2828 7060 73877249 1
2843 7066 73877259 1
2854 7066 73877269 1
2862 7059 73877279 1
2867 7044 73877289 1
2860 7017 73877299 1
2843 6980 73877309 1
2818 6919 73877319 1
2773 6842 73877329 1
2695 6762 73877339 1
2595 6665 73877349 1
2474 6557 73877359 1
2350 6437 73877369 1
2223 6309 73877379 1
2087 6176 73877389 1
1953 6059 73877399 1
1855 5969 73877409 1
1779 5898 73877419 1
1726 5853 73877429 1
1700 5832 73877439 1
1692 5827 73877449 1
1698 5835 73877459 1
1748 5885 73877469 1
1826 5963 73877479 1
1938 6056 73877489 1
2079 6157 73877499 1
2238 6264 73877509 1
2389 6369 73877519 1
2540 6472 73877529 1
2692 6548 73877539 1
2786 6607 73877549 1
2840 6637 73877559 1
2870 6650 73877569 1
2882 6650 73877579 1
2882 6650 73877589 1
2872 6631 73877599 1
2844 6602 73877609 1
2804 6552 73877619 1
2756 6495 73877629 1
2709 6426 73877639 1
2662 6350 73877649 1
2627 6257 73877659 1
2592 6152 73877669 1
2559 6013 73877679 1
2529 5836 73877689 1
2505 5633 73877699 1
2494 5428 73877709 1
2494 5200 73877719 1
2494 4956 73877729 1
2512 4745 73877739 1
2528 4577 73877749 1
2545 4439 73877759 1
2560 4334 73877769 1
2565 4256 73877779 1
2565 4197 73877789 1
2565 4197 73877799 1
2565 4242 73877809 1
2572 4322 73877819 1
2578 4452 73877829 1
2586 4612 73877839 1
2606 5814 73877910 0
2646 6043 73877920 1
2672 6127 73877930 1
2706 6202 73877940 1
2735 6238 73877950 1
2758 6249 73877960 1
2784 6269 73877970 1
2812 6284 73877980 1
2843 6292 73877990 1
2875 6292 73878000 1
2907 6284 73878010 1
2934 6252 73878020 1
2961 6206 73878030 1
2980 6127 73878040 1
2994 6008 73878050 1
3002 5863 73878060 1
3009 5689 73878070 1
3014 5506 73878080 1
3024 5318 73878090 1
3037 5115 73878100 1
3055 4957 73878110 1
3076 4829 73878120 1
3087 4736 73878130 1
3087 4680 73878141 1
3087 4649 73878151 1
3078 4649 73878161 1
3067 4661 73878171 1
3048 4691 73878181 1
3027 4738 73878191 1
3005 4803 73878201 1
2974 4879 73878211 1
2931 4963 73878221 1
2879 5045 73878231 1
2808 5125 73878241 1
2717 5186 73878251 1
2612 5236 73878261 1
2509 5247 73878271 1
2434 5262 73878281 1
2378 5279 73878291 1
2350 5297 73878301 1
2342 5325 73878311 1
2348 5361 73878321 1
2379 5411 73878331 1
2441 5469 73878341 1
2524 5533 73878351 1
2642 5606 73878361 1
2772 5688 73878371 1
2909 5777 73878381 1
3051 5867 73878391 1
3185 5938 73878401 1
3313 5996 73878411 1
3419 6039 73878421 1
3501 6064 73878431 1
3567 6077 73878441 1
3591 6060 73878451 1
3574 6001 73878461 1
3530 5914 73878471 1
3454 5781 73878481 1
3356 5646 73878491 1
3244 5511 73878501 1
3104 5343 73878511 1
3003 5220 73878521 1
2929 5128 73878531 1
2903 5087 73878541 1
2898 5076 73878551 1
2907 5086 73878561 1
2954 5139 73878571 1
3046 5236 73878581 1
3168 5362 73878591 1
3316 5501 73878601 1
3468 5636 73878611 1
3637 5764 73878621 1
3816 5883 73878631 1
3951 5997 73878641 1
4057 6076 73878651 1
4144 6136 73878661 1
4199 6183 73878671 1
4221 6219 73878681 1
4221 6244 73878691 1
4198 6263 73878701 1
4158 6284 73878711 1
4106 6305 73878721 1
4049 6334 73878731 1
3986 6368 73878741 1
3586 6919 73878812 0
3562 7163 73878822 1
3562 7242 73878832 1
3562 7272 73878842 1
3562 7282 73878852 1
3562 7282 73878862 1
3562 7276 73878872 1
3555 7231 73878882 1
3539 7160 73878892 1
3515 7065 73878902 1
3495 6947 73878912 1
3477 6814 73878922 1
3468 6690 73878932 1
3468 6566 73878942 1
3479 6427 73878952 1
3494 6279 73878962 1
3501 6128 73878972 1
3501 5976 73878982 1
3508 5820 73878992 1
3513 5694 73879002 1
3518 5589 73879012 1
3525 5477 73879022 1
3532 5364 73879022 1
3545 5250 73879032 1
3559 5145 73879042 1
3576 5047 73879052 1
3596 4959 73879062 1
3617 4879 73879072 1
3642 4804 73879082 1
3672 4744 73879092 1
3708 4697 73879102 1
3747 4660 73879112 1
3786 4634 73879122 1
3837 4619 73879132 1
3891 4612 73879142 1
3953 4605 73879152 1
4022 4599 73879162 1
4097 4599 73879172 1
4185 4594 73879182 1
4279 4603 73879192 1
4370 4618 73879202 1
4461 4638 73879212 1
4552 4658 73879222 1
4649 4680 73879232 1
4747 4704 73879242 1
4843 4730 73879252 1
4928 4765 73879262 1
5007 4805 73879272 1
5077 4850 73879282 1
5142 4895 73879292 1
5203 4939 73879302 1
5240 4980 73879312 1
5264 5027 73879322 1
5280 5077 73879332 1
5292 5139 73879342 1
5292 5209 73879352 1
5284 5284 73879362 1
5276 5370 73879372 1
5253 5463 73879382 1
5221 5562 73879392 1
5171 5672 73879402 1
5106 5807 73879412 1
5032 5960 73879422 1
4939 6123 73879432 1
4837 6285 73879442 1
4730 6453 73879452 1
4628 6625 73879462 1
4555 6757 73879472 1
4502 6841 73879482 1
4472 6893 73879492 1
4443 6922 73879502 1
4418 6947 73879512 1
4395 6955 73879522 1
4375 6955 73879532 1
4363 6944 73879542 1
4353 6928 73879552 1
4348 6890 73879562 1
4348 6840 73879572 1
4348 6795 73879582 1
4341 6747 73879592 1
4341 6691 73879602 1
4331 6634 73879612 1
4316 6573 73879622 1
4296 6488 73879632 1
4253 6388 73879642 1
4205 6283 73879652 1
4153 6188 73879662 1
4122 6101 73879672 1
4097 6016 73879682 1
4083 5935 73879692 1
4088 5869 73879702 1
4106 5812 73879712 1
4135 5778 73879722 1
4169 5760 73879732 1
4216 5753 73879742 1
4269 5760 73879752 1
4332 5766 73879762 1
4392 5766 73879772 1
4449 5761 73879782 1
4487 5747 73879792 1
4509 5728 73879803 1
4521 5691 73879813 1
4513 5641 73879823 1
4477 5564 73879833 1
4422 5482 73879843 1
4376 5393 73879853 1
4336 5304 73879863 1
4306 5231 73879873 1
4280 5167 73879883 1
4272 5123 73879893 1
4277 5096 73879903 1
4287 5080 73879913 1
4299 5072 73879923 1
4316 5072 73879933 1
4350 5081 73879943 1
4395 5104 73879953 1
4438 5122 73879963 1
4468 5122 73879973 1
4490 5106 73879983 1
4507 5082 73879993 1
4516 5044 73880003 1
4516 4997 73880013 1
4516 4938 73880023 1
4511 4856 73880033 1
4511 4759 73880043 1
4511 4661 73880053 1
4504 4538 73880063 1
4483 4399 73880073 1
4453 4236 73880083 1
4415 4085 73880093 1
4376 3941 73880103 1
4337 3815 73880113 1
4297 3707 73880123 1
4251 3610 73880133 1
4202 3521 73880143 1
4132 3429 73880153 1
4044 3297 73880163 1
3945 3140 73880173 1
3836 2979 73880183 1
3785 2903 73880193 1
3772 2884 73880203 1
3816 2937 73880213 1
5908 6336 73880594 0
5908 6336 73880604 1
5908 6336 73880614 1
5883 6359 73880624 1
5883 6359 73880634 1
5883 6349 73880644 1
5890 6329 73880654 1
5899 6288 73880664 1
5916 6234 73880674 1
5939 6148 73880684 1
5965 6026 73880694 1
5982 5880 73880704 1
5994 5724 73880714 1
5999 5583 73880724 1
5999 5453 73880734 1
5990 5317 73880744 1
5995 5223 73880754 1
6000 5157 73880764 1
6007 5124 73880774 1
6012 5124 73880784 1
6018 5137 73880794 1
5973 5588 73880864 0
5950 5672 73880874 1
5934 5704 73880884 1
5934 5731 73880894 1
5961 5768 73880904 1
6000 5812 73880914 1
6058 5861 73880924 1
6163 5906 73880934 1
6299 5946 73880944 1
6465 5981 73880954 1
6649 6017 73880964 1
6846 6050 73880974 1
7013 6079 73880984 1
7164 6099 73880994 1
7304 6117 73881004 1
7426 6131 73881014 1
7506 6131 73881024 1
7557 6111 73881034 1
7571 6082 73881044 1
7541 6027 73881054 1
7482 5955 73881064 1
7375 5862 73881074 1
7248 5773 73881084 1
7108 5688 73881094 1
6980 5601 73881104 1
6852 5515 73881114 1
6721 5430 73881124 1
6607 5350 73881134 1
6506 5293 73881144 1
6442 5249 73881154 1
6420 5235 73881164 1
6427 5245 73881174 1
6475 5270 73881184 1
6565 5320 73881194 1
6682 5386 73881204 1
6848 5463 73881214 1
7002 5524 73881224 1
7147 5580 73881234 1
7286 5621 73881244 1
7402 5654 73881254 1
7502 5677 73881264 1
7577 5698 73881274 1
7615 5711 73881284 1
7627 5719 73881294 1
7614 5729 73881304 1
7577 5745 73881314 1
7126 6771 73881445 0
7101 6813 73881455 1
7085 6819 73881465 1
7074 6819 73881475 1
7060 6811 73881485 1
7043 6799 73881495 1
7029 6781 73881505 1
7018 6758 73881515 1
7012 6710 73881525 1
7012 6645 73881535 1
7012 6560 73881545 1
7012 6453 73881555 1
7020 6332 73881565 1
7020 6212 73881575 1
7026 6087 73881585 1
7026 5935 73881595 1
7026 5766 73881605 1
7026 5616 73881615 1
7026 5463 73881625 1
7026 5288 73881635 1
7017 5099 73881645 1
7008 4904 73881655 1
6998 4718 73881665 1
6989 4538 73881675 1
6982 4369 73881685 1
6975 4200 73881695 1
6975 4030 73881705 1
6975 3821 73881715 1
6990 3586 73881725 1
7008 3422 73881735 1
7015 3284 73881745 1
7015 3163 73881755 1
7015 3047 73881765 1
7015 2973 73881775 1
7015 2927 73881785 1
7020 2911 73881795 1
7020 2911 73881805 1
7027 2930 73881815 1
7027 3003 73881825 1
7049 3137 73881835 1
8863 7345 73882206 0
8832 7345 73882216 1
8827 7345 73882226 1
8827 7330 73882236 1
8827 7299 73882246 1
8827 7258 73882256 1
8827 7197 73882266 1
8833 7115 73882276 1
8833 7019 73882286 1
8828 6900 73882296 1
8815 6780 73882306 1
8800 6684 73882316 1
8783 6606 73882326 1
8773 6536 73882336 1
8765 6490 73882346 1
8760 6461 73882356 1
8760 6453 73882366 1
8760 6453 73882376 1
8760 6461 73882386 1
8781 6493 73882396 1
9357 7231 73882487 0
9399 7251 73882497 1
9392 7251 73882507 1
9401 7246 73882517 1
9396 7235 73882527 1
9396 7218 73882537 1
9376 7189 73882547 1
9352 7151 73882557 1
9322 7106 73882567 1
9276 7052 73882577 1
9219 6991 73882587 1
9138 6911 73882597 1
9031 6819 73882607 1
8906 6726 73882617 1
8758 6629 73882627 1
8631 6534 73882637 1
8519 6442 73882647 1
8429 6371 73882657 1
8364 6322 73882667 1
8315 6287 73882677 1
8297 6275 73882687 1
8297 6275 73882697 1
8297 6275 73882707 1
8334 6287 73882717 1
8411 6328 73882727 1
8515 6388 73882737 1
8642 6460 73882747 1
8772 6528 73882757 1
8910 6588 73882767 1
9016 6640 73882777 1
9099 6676 73882787 1
9156 6702 73882797 1
9186 6712 73882807 1
9199 6717 73882817 1
9199 6717 73882827 1
9189 6712 73882837 1
9176 6699 73882847 1
9144 6671 73882857 1
9109 6634 73882867 1
9072 6580 73882877 1
9035 6523 73882887 1
8999 6456 73882897 1
8962 6383 73882907 1
8919 6293 73882917 1
8873 6192 73882927 1
8821 6077 73882937 1
8768 5933 73882947 1
8715 5771 73882957 1
8677 5647 73882967 1
8644 5536 73882977 1
8623 5435 73882987 1
8611 5346 73882997 1
8604 5282 73883007 1
8598 5236 73883017 1
8598 5216 73883027 1
8592 5209 73883037 1
8592 5209 73883047 1
8581 5221 73883057 1
8569 5245 73883067 1
8556 5279 73883077 1
8548 5331 73883087 1
8548 5392 73883097 1
8548 5458 73883107 1
8548 5511 73883117 1
8542 5560 73883127 1
8542 5602 73883137 1
8542 5641 73883147 1
8558 5687 73883157 1
8584 5738 73883167 1
8620 5803 73883177 1
8684 5871 73883187 1
8766 5941 73883197 1
8876 5998 73883207 1
8990 6052 73883217 1
9106 6098 73883227 1
9201 6133 73883237 1
9275 6159 73883247 1
9335 6176 73883257 1
9379 6176 73883267 1
9400 6176 73883277 1
9405 6164 73883287 1
9392 6132 73883297 1
9346 6085 73883307 1
9278 6024 73883317 1
9201 5957 73883327 1
9114 5874 73883337 1
9019 5782 73883347 1
8918 5705 73883357 1
8811 5628 73883367 1
8701 5551 73883377 1
8614 5481 73883387 1
8532 5414 73883397 1
8486 5367 73883407 1
8463 5344 73883417 1
8463 5338 73883427 1
8463 5338 73883437 1
8483 5353 73883447 1
8522 5378 73883457 1
8599 5431 73883467 1
8691 5484 73883477 1
8794 5538 73883478 1
8904 5583 73883488 1
9011 5627 73883498 1
9105 5665 73883508 1
9192 5700 73883518 1
9261 5728 73883528 1
9315 5748 73883538 1
9358 5760 73883548 1
9382 5760 73883558 1
9392 5760 73883568 1
9392 5753 73883578 1
9387 5742 73883588 1
9364 5720 73883598 1
9330 5694 73883608 1
9278 5666 73883618 1
9211 5625 73883628 1
9133 5580 73883638 1
9032 5526 73883648 1
8892 5452 73883658 1
8727 5365 73883668 1
8557 5264 73883678 1
8382 5170 73883688 1
8203 5082 73883698 1
8061 4992 73883708 1
7922 4902 73883718 1
7791 4812 73883728 1
7694 4745 73883738 1
7620 4693 73883748 1
7578 4663 73883758 1
7563 4651 73883768 1
7563 4651 73883778 1
7588 4651 73883788 1
7649 4684 73883798 1
7735 4732 73883808 1
7888 4819 73883818 1
8070 4922 73883828 1
8271 5037 73883838 1
8522 5140 73883848 1
8774 5234 73883858 1
9027 5323 73883868 1
9231 5397 73883878 1
9419 5452 73883888 1
9595 5495 73883898 1
9727 5521 73883908 1
9838 5541 73883918 1
9935 5552 73883928 1
10007 5552 73883938 1
10039 5552 73883948 1
10044 5547 73883958 1
10025 5527 73883968 1
9967 5498 73883978 1
9884 5451 73883988 1
9775 5399 73883998 1
9650 5330 73884008 1
9513 5252 73884018 1
9352 5164 73884028 1
9194 5076 73884038 1
9060 4988 73884048 1
8940 4903 73884058 1
8842 4819 73884068 1
8750 4738 73884078 1
8675 4675 73884088 1
8608 4624 73884098 1
8564 4584 73884108 1
8543 4561 73884118 1
8537 4550 73884128 1
8542 4550 73884138 1
8551 4542 73884148 1
8568 4547 73884158 1
8607 4558 73884168 1
8661 4582 73884169 1
8737 4620 73884179 1
8843 4667 73884189 1
8968 4720 73884199 1
9081 4772 73884209 1
9191 4823 73884219 1
9298 4858 73884229 1
9395 4891 73884239 1
9469 4917 73884249 1
9528 4935 73884259 1
9561 4948 73884269 1
9579 4960 73884279 1
9587 4973 73884289 1
9587 4990 73884299 1
9580 5008 73884309 1
9567 5026 73884319 1
9552 5054 73884329 1
9531 5089 73884339 1
9506 5128 73884349 1
9292 5689 73884430 0
9287 5923 73884440 1
9280 6011 73884450 1
9260 6086 73884460 1
9253 6151 73884470 1
9246 6217 73884480 1
9239 6280 73884490 1
9233 6340 73884500 1
9233 6399 73884510 1
9233 6435 73884520 1
9233 6453 73884530 1
9233 6458 73884540 1
9233 6458 73884550 1
9233 6458 73884560 1
9233 6458 73884570 1
9233 6434 73884580 1
9224 6397 73884590 1
9224 6335 73884600 1
9224 6269 73884610 1
9219 6194 73884620 1
9219 6111 73884630 1
9224 6018 73884640 1
9224 5907 73884650 1
9230 5785 73884660 1
9230 5680 73884670 1
9236 5575 73884680 1
9241 5471 73884690 1
9249 5369 73884700 1
9257 5270 73884710 1
9257 5174 73884720 1
9248 5071 73884730 1
9238 4968 73884740 1
9227 4867 73884750 1
9213 4768 73884760 1
9201 4679 73884770 1
9189 4586 73884780 1
9181 4488 73884790 1
9176 4388 73884800 1
9176 4290 73884810 1
9176 4192 73884820 1
9186 4105 73884830 1
9195 4024 73884840 1
9195 3932 73884850 1
9184 3836 73884860 1
9174 3731 73884870 1
9164 3621 73884880 1
9154 3515 73884890 1
9141 3412 73884900 1
9126 3308 73884910 1
9110 3197 73884920 1
9097 3085 73884930 1
9084 2968 73884940 1
9064 2844 73884950 1
9039 2715 73884960 1
9023 2589 73884970 1
9008 2470 73884980 1
8990 2352 73884990 1
8982 2260 73885000 1
8982 2192 73885010 1
8989 2141 73885020 1
8994 2116 73885030 1
8994 2110 73885040 1
8999 2118 73885050 1
