457
3344 6378 10684736 0
3423 6288 10684746 1
3388 6400 10684756 1
3388 6410 10684766 1
3423 6352 10684776 1
3454 6294 10684786 1
3487 6219 10684796 1
3521 6132 10684806 1
3555 6057 10684816 1
3584 5999 10684826 1
3610 5953 10684836 1
3625 5915 10684846 1
3633 5887 10684856 1
3633 5866 10684866 1
3633 5848 10684876 1
3613 5824 10684886 1
3577 5797 10684896 1
3503 5764 10684906 1
3004 5588 10684967 0
2925 5535 10684977 1
2919 5529 10684987 1
2930 5522 10684997 1
2977 5541 10685007 1
3070 5578 10685017 1
3193 5643 10685027 1
3333 5725 10685037 1
3485 5819 10685047 1
3646 5916 10685057 1
3751 5959 10685067 1
3787 5965 10685077 1
3776 5948 10685087 1
3757 5910 10685097 1
3717 5859 10685107 1
3663 5800 10685117 1
3622 5748 10685127 1
3578 5701 10685137 1
3533 5637 10685147 1
3487 5554 10685157 1
3442 5459 10685167 1
3400 5344 10685177 1
3363 5250 10685187 1
3345 5170 10685197 1
3338 5121 10685207 1
3352 5100 10685217 1
3391 5100 10685227 1
3447 5147 10685237 1
3553 5237 10685247 1
3664 5355 10685257 1
3783 5474 10685267 1
3876 5581 10685277 1
3952 5619 10685287 1
3952 5619 10685297 1
3898 5558 10685307 1
3798 5442 10685317 1
3627 5288 10685327 1
3444 5126 10685337 1
3254 4939 10685347 1
3061 4735 10685357 1
2948 4607 10685367 1
2887 4539 10685377 1
2887 4510 10685387 1
2922 4510 10685397 1
2988 4561 10685407 1
3126 4641 10685417 1
3291 4751 10685427 1
3475 4889 10685437 1
3701 5046 10685447 1
3881 5172 10685457 1
4031 5225 10685467 1
4062 5230 10685477 1
4044 5206 10685487 1
3992 5159 10685497 1
3914 5096 10685507 1
3840 5043 10685517 1
3761 4987 10685527 1
3677 4929 10685537 1
3597 4866 10685547 1
3541 4804 10685557 1
3502 4742 10685567 1
3470 4681 10685577 1
3437 4599 10685587 1
3404 4467 10685597 1
3383 4303 10685607 1
3367 4093 10685617 1
3359 3870 10685627 1
3359 3639 10685637 1
3364 3464 10685647 1
3364 3285 10685657 1
3370 3103 10685667 1
3365 2963 10685677 1
3360 2840 10685687 1
3354 2728 10685697 1
3346 2645 10685707 1
3346 2594 10685717 1
3346 2564 10685727 1
3346 2564 10685737 1
3346 2608 10685747 1
3346 2684 10685757 1
3332 3672 10685818 0
3485 4008 10685828 1
3570 4177 10685838 1
3652 4334 10685848 1
3729 4441 10685858 1
3778 4518 10685868 1
3810 4563 10685878 1
3837 4580 10685888 1
3844 4580 10685898 1
3838 4574 10685908 1
3849 4542 10685918 1
3863 4493 10685928 1
3881 4414 10685938 1
3903 4321 10685948 1
3927 4220 10685958 1
3950 4118 10685968 1
3973 4013 10685978 1
3995 3903 10685988 1
4013 3789 10685998 1
4025 3688 10686008 1
4032 3595 10686018 1
4032 3502 10686028 1
4037 3405 10686038 1
4037 3305 10686048 1
4037 3206 10686058 1
4032 3113 10686068 1
4032 3024 10686078 1
4032 2947 10686088 1
4025 2883 10686098 1
4025 2828 10686108 1
4025 2786 10686118 1
4018 2756 10686128 1
4018 2733 10686138 1
4011 2724 10686148 1
4011 2724 10686158 1
4011 2724 10686168 1
4001 2729 10686178 1
3989 2744 10686188 1
3960 2766 10686198 1
3918 2811 10686208 1
3867 2868 10686218 1
3802 2934 10686228 1
3715 3011 10686238 1
3613 3090 10686248 1
3511 3170 10686258 1
3437 3276 10686268 1
3381 3409 10686278 1
3374 3560 10686288 1
3402 3701 10686298 1
3453 3845 10686308 1
3543 3992 10686318 1
3651 4096 10686328 1
3772 4120 10686338 1
3799 4092 10686348 1
3741 3956 10686358 1
3626 3735 10686368 1
3476 3457 10686378 1
3362 3175 10686388 1
3273 2986 10686398 1
3239 2859 10686408 1
3231 2832 10686418 1
3239 2843 10686428 1
3292 2880 10686438 1
3411 3020 10686448 1
3575 3244 10686458 1
3827 3524 10686468 1
4148 3834 10686478 1
4514 4143 10686488 1
4876 4379 10686498 1
5078 4567 10686508 1
5172 4657 10686518 1
5203 4724 10686528 1
5148 4775 10686538 1
4288 5548 10686609 0
4387 5494 10686619 1
4434 5509 10686629 1
4498 5424 10686639 1
4526 5272 10686649 1
4531 5030 10686659 1
4472 4721 10686669 1
4398 4367 10686679 1
4314 3921 10686689 1
4287 3579 10686699 1
4308 3307 10686709 1
4360 3117 10686719 1
4432 2975 10686729 1
4506 2864 10686739 1
4581 2776 10686749 1
4655 2719 10686759 1
4730 2682 10686769 1
4814 2682 10686779 1
4897 2702 10686789 1
4980 2744 10686799 1
5076 2806 10686809 1
5168 2867 10686819 1
5237 2925 10686829 1
5292 3001 10686839 1
5328 3088 10686849 1
5343 3208 10686859 1
5343 3363 10686869 1
5318 3541 10686879 1
5281 3754 10686889 1
5185 4347 10686920 0
5064 4911 10686930 1
5037 5108 10686940 1
5000 5194 10686950 1
4955 5199 10686960 1
4888 5149 10686970 1
4794 5067 10686980 1
4682 4985 10686990 1
4636 4903 10687000 1
4626 4835 10687010 1
4641 4775 10687020 1
4676 4736 10687030 1
4742 4707 10687040 1
4829 4684 10687050 1
4889 4653 10687060 1
4908 4589 10687070 1
4899 4503 10687080 1
4830 4344 10687090 1
4740 4180 10687100 1
4637 4049 10687110 1
4600 3941 10687120 1
4614 3856 10687130 1
4662 3790 10687140 1
4749 3737 10687150 1
4844 3700 10687160 1
4944 3659 10687170 1
5008 3609 10687180 1
5041 3533 10687190 1
5052 3441 10687200 1
5022 3305 10687210 1
4968 3164 10687220 1
4898 3019 10687230 1
4842 2881 10687240 1
4792 2734 10687250 1
4752 2582 10687260 1
4733 2442 10687270 1
4728 2300 10687280 1
6118 4816 10687881 0
6096 4858 10687891 1
6074 4903 10687901 1
6074 4903 10687911 1
6074 4903 10687921 1
6133 4834 10687931 1
6206 4740 10687941 1
6283 4642 10687951 1
6354 4521 10687961 1
6402 4387 10687971 1
6437 4259 10687981 1
6447 4162 10687991 1
6447 4085 10688001 1
6447 4035 10688011 1
6447 4008 10688021 1
6447 3997 10688031 1
6442 4005 10688041 1
6442 4054 10688051 1
6451 4130 10688061 1
6511 4279 10688071 1
6603 4453 10688081 1
6753 4645 10688091 1
6950 4791 10688101 1
7177 4909 10688111 1
7456 5008 10688121 1
7620 5032 10688131 1
7708 4980 10688141 1
7680 4878 10688151 1
7566 4730 10688161 1
7395 4576 10688171 1
7192 4401 10688181 1
7025 4214 10688191 1
6881 4097 10688201 1
6779 4029 10688211 1
6737 3995 10688221 1
6737 3985 10688231 1
6737 3997 10688241 1
6772 4023 10688251 1
6829 4074 10688261 1
6893 4122 10688271 1
6928 4168 10688281 1
6943 4195 10688291 1
6948 4237 10688301 1
6948 4290 10688311 1
6933 4369 10688321 1
6999 5366 10688392 0
7057 5531 10688402 1
7048 5564 10688412 1
7028 5543 10688422 1
7002 5472 10688432 1
6971 5348 10688442 1
6953 5190 10688452 1
6946 4992 10688462 1
6946 4774 10688472 1
6952 4543 10688482 1
6963 4316 10688492 1
6979 4111 10688502 1
6996 3920 10688512 1
7004 3701 10688522 1
7004 3524 10688532 1
7004 3376 10688542 1
7004 3202 10688552 1
6998 3046 10688562 1
6990 2903 10688572 1
6990 2772 10688582 1
6990 2694 10688592 1
7003 2651 10688602 1
7015 2643 10688612 1
7028 2654 10688622 1
7064 2678 10688632 1
8996 6196 10689323 0
9076 6092 10689333 1
9089 6086 10689343 1
9079 6135 10689353 1
9068 6039 10689363 1
9048 5933 10689373 1
9022 5821 10689383 1
8997 5757 10689393 1
8991 5724 10689403 1
8998 5711 10689413 1
9021 5711 10689423 1
9091 5755 10689433 1
9193 5818 10689443 1
9324 5936 10689453 1
9466 6050 10689463 1
9614 6162 10689473 1
9743 6248 10689483 1
9826 6286 10689493 1
9879 6293 10689503 1
9854 6258 10689513 1
9727 6176 10689523 1
9532 6064 10689533 1
9283 5920 10689543 1
9103 5793 10689553 1
8969 5677 10689563 1
8891 5611 10689573 1
8866 5578 10689583 1
8876 5568 10689593 1
8909 5577 10689603 1
8981 5614 10689613 1
9079 5671 10689623 1
9187 5737 10689633 1
9316 5803 10689643 1
9459 5869 10689653 1
9501 5880 10689663 1
9494 5849 10689673 1
9455 5791 10689683 1
9381 5703 10689693 1
9308 5570 10689703 1
9262 5408 10689713 1
9232 5211 10689723 1
9214 5027 10689733 1
9214 4852 10689743 1
9222 4716 10689753 1
9236 4625 10689763 1
9251 4565 10689773 1
9266 4516 10689783 1
9278 4489 10689793 1
9284 4476 10689803 1
9284 4476 10689813 1
9274 4489 10689823 1
9241 4511 10689833 1
9194 4551 10689843 1
9141 4604 10689853 1
9091 4666 10689863 1
9043 4725 10689873 1
9014 4795 10689883 1
9009 4873 10689893 1
9021 4954 10689903 1
9078 5054 10689913 1
9179 5166 10689923 1
9308 5300 10689933 1
9498 5434 10689943 1
9666 5568 10689953 1
9820 5603 10689963 1
9853 5559 10689973 1
9820 5463 10689983 1
9742 5321 10689993 1
9630 5176 10690003 1
9549 5065 10690013 1
9488 4978 10690023 1
9475 4952 10690033 1
9491 4952 10690043 1
9526 4973 10690053 1
9615 5024 10690063 1
9707 5056 10690073 1
9782 5075 10690083 1
9844 5061 10690093 1
9844 5011 10690103 1
9783 4937 10690113 1
9680 4830 10690123 1
9546 4722 10690133 1
9402 4615 10690143 1
9252 4508 10690153 1
9111 4386 10690163 1
8990 4272 10690173 1
8290 3892 10690304 0
8225 3764 10690314 1
8201 3784 10690324 1
8201 3793 10690334 1
8253 3793 10690344 1
8347 3848 10690354 1
8537 3949 10690364 1
8800 4082 10690374 1
9111 4166 10690384 1
9468 4336 10690394 1
9759 4563 10690404 1
10005 4609 10690414 1
10037 4581 10690424 1
9967 4503 10690434 1
9830 4369 10690444 1
9637 4188 10690454 1
9444 3976 10690464 1
9251 3723 10690474 1
9141 3576 10690484 1
9101 3500 10690494 1
9108 3477 10690504 1
9154 3486 10690514 1
9257 3516 10690524 1
9397 3592 10690534 1
9567 3704 10690544 1
9751 3841 10690554 1
9943 3961 10690564 1
10079 4028 10690574 1
10122 4059 10690584 1
10102 4059 10690594 1
10090 4059 10690604 1
10050 4073 10690614 1
9991 4084 10690624 1
9924 4116 10690634 1
9854 4161 10690644 1
9782 4230 10690654 1
9719 4319 10690664 1
9543 4982 10690735 0
9498 5132 10690745 1
9474 5164 10690755 1
9449 5185 10690765 1
9432 5201 10690775 1
9420 5208 10690785 1
9420 5208 10690795 1
9413 5208 10690805 1
9413 5194 10690815 1
9408 5174 10690825 1
9408 5144 10690835 1
9415 5087 10690845 1
9430 5012 10690855 1
9451 4894 10690865 1
9471 4736 10690875 1
9481 4551 10690885 1
9486 4277 10690895 1
9479 3970 10690905 1
9467 3642 10690915 1
9452 3353 10690925 1
9431 3058 10690935 1
9411 2758 10690945 1
9391 2542 10690955 1
9386 2323 10690965 1
9395 2103 10690975 1
9413 1912 10690985 1
9445 1748 10690995 1
