314
2117 5263 65020894 0
2126 5328 65020904 1
2048 5328 65020914 1
2026 5340 65020924 1
2041 5346 65020934 1
2072 5370 65020944 1
2140 5407 65020954 1
2232 5452 65020964 1
2362 5512 65020974 1
2536 5582 65020984 1
2740 5661 65020994 1
2915 5736 65021004 1
3090 5806 65021014 1
3265 5878 65021035 1
3396 5952 65021045 1
3497 5993 65021055 1
3572 6028 65021065 1
3618 6052 65021075 1
3645 6068 65021085 1
3645 6078 65021095 1
3619 6089 65021105 1
3074 6453 65021185 0
2980 6525 65021195 1
2939 6644 65021205 1
2916 6712 65021215 1
2904 6746 65021225 1
2904 6781 65021235 1
2898 6798 65021245 1
2898 6803 65021255 1
2898 6803 65021265 1
2898 6770 65021275 1
2898 6723 65021285 1
2898 6609 65021295 1
2905 6426 65021305 1
2930 6196 65021315 1
2959 5921 65021325 1
3004 5595 65021335 1
3057 5235 65021345 1
3109 4817 65021355 1
3164 4414 65021365 1
3221 4020 65021375 1
3272 3660 65021385 1
3319 3406 65021395 1
3359 3223 65021405 1
3388 3073 65021415 1
3409 2973 65021425 1
3431 2907 65021435 1
3443 2881 65021445 1
3448 2881 65021455 1
3448 2888 65021465 1
3430 2937 65021475 1
3407 3009 65021485 1
2976 4684 65021696 0
3004 4765 65021706 1
3004 4807 65021716 1
3010 4844 65021726 1
3010 4875 65021736 1
3010 4886 65021746 1
3010 4886 65021756 1
3010 4886 65021766 1
2973 4847 65021776 1
2928 4793 65021786 1
2870 4705 65021796 1
2809 4581 65021806 1
2738 4433 65021816 1
2661 4224 65021826 1
2563 4011 65021836 1
2460 3790 65021846 1
2353 3615 65021856 1
2262 3472 65021866 1
2177 3366 65021876 1
2115 3301 65021886 1
2067 3263 65021896 1
2026 3263 65021906 1
1985 3295 65021916 1
1944 3354 65021926 1
1904 3445 65021936 1
1865 3540 65021946 1
1833 3638 65021956 1
1827 3716 65021966 1
1837 3790 65021976 1
1874 3855 65021986 1
1956 3914 65021996 1
2067 3970 65022006 1
2225 4020 65022016 1
2398 4062 65022026 1
2582 4093 65022036 1
2788 4114 65022046 1
3002 4128 65022056 1
3221 4135 65022066 1
3434 4135 65022076 1
3632 4135 65022086 1
3820 4125 65022096 1
3970 4112 65022106 1
4095 4104 65022116 1
4202 4104 65022126 1
4282 4098 65022136 1
4335 4098 65022146 1
4371 4104 65022156 1
4380 4104 65022166 1
4380 4104 65022176 1
4375 4104 65022186 1
4352 4118 65022196 1
3784 5325 65022517 0
3739 5312 65022527 1
3701 5321 65022537 1
3690 5332 65022547 1
3685 5338 65022557 1
3690 5357 65022567 1
3734 5385 65022577 1
3803 5436 65022587 1
3914 5501 65022597 1
4052 5575 65022607 1
4208 5650 65022617 1
4368 5723 65022627 1
4506 5794 65022637 1
4628 5860 65022647 1
4737 5921 65022657 1
4803 5960 65022667 1
4841 5986 65022677 1
4858 6000 65022687 1
4858 6014 65022697 1
4839 6028 65022707 1
4800 6045 65022717 1
4429 6329 65022787 0
4362 6482 65022797 1
4328 6558 65022807 1
4299 6633 65022817 1
4280 6681 65022827 1
4267 6710 65022837 1
4258 6727 65022847 1
4258 6727 65022857 1
4258 6722 65022867 1
4258 6682 65022877 1
4258 6621 65022887 1
4267 6505 65022897 1
4282 6336 65022907 1
4305 6132 65022917 1
4346 5875 65022927 1
4397 5613 65022937 1
4461 5301 65022947 1
4528 4957 65022957 1
4601 4586 65022967 1
4673 4241 65022977 1
4739 3914 65022987 1
4801 3661 65022997 1
4842 3498 65023007 1
4870 3396 65023017 1
4888 3319 65023027 1
4905 3276 65023037 1
4911 3256 65023047 1
4911 3256 65023057 1
4906 3289 65023067 1
4890 3344 65023077 1
4865 3426 65023087 1
4496 4956 65023308 0
4532 5082 65023318 1
4517 5125 65023328 1
4477 5154 65023338 1
4463 5167 65023348 1
4438 5175 65023358 1
4405 5153 65023368 1
4355 5114 65023378 1
4295 5025 65023388 1
4228 4884 65023398 1
4160 4709 65023408 1
4091 4528 65023418 1
4022 4314 65023428 1
3952 4077 65023438 1
3901 3891 65023448 1
3862 3751 65023458 1
3842 3642 65023468 1
3828 3580 65023478 1
3828 3550 65023488 1
3828 3542 65023498 1
3833 3549 65023508 1
3842 3601 65023518 1
3871 4600 65023648 0
3871 4666 65023658 1
3871 4714 65023668 1
3888 4770 65023678 1
3918 4821 65023688 1
3955 4870 65023698 1
3997 4912 65023708 1
4050 4952 65023718 1
4123 4986 65023728 1
4209 5012 65023738 1
4326 5012 65023748 1
4495 4992 65023758 1
4698 4938 65023768 1
4939 4853 65023778 1
5189 4748 65023788 1
5446 4646 65023798 1
5692 4550 65023808 1
5901 4457 65023818 1
6084 4376 65023828 1
6244 4318 65023838 1
6385 4276 65023848 1
6514 4254 65023858 1
6604 4246 65023868 1
6650 4246 65023878 1
6666 4251 65023889 1
6666 4251 65023899 1
6089 6604 65024450 0
6047 6643 65024460 1
6029 6665 65024470 1
6043 6673 65024480 1
6078 6673 65024490 1
6110 6682 65024500 1
6222 6710 65024510 1
6388 6750 65024520 1
6610 6814 65024530 1
6856 6896 65024540 1
7119 6991 65024550 1
7370 7072 65024560 1
7581 7136 65024570 1
7765 7189 65024580 1
7902 7228 65024590 1
7993 7262 65024600 1
8053 7284 65024610 1
8086 7291 65024620 1
8086 7291 65024630 1
8069 7270 65024640 1
6762 6684 65024890 0
6781 6620 65024900 1
6774 6632 65024910 1
6793 6620 65024920 1
6828 6591 65024930 1
6885 6548 65024940 1
6947 6490 65024950 1
7014 6422 65024960 1
7081 6356 65024970 1
7175 6302 65024980 1
7240 6257 65024990 1
7305 6223 65025000 1
7381 6201 65025010 1
7464 6187 65025020 1
8331 6589 65025121 0
8409 6628 65025131 1
8409 6666 65025141 1
8431 6680 65025151 1
8438 6689 65025161 1
8438 6689 65025171 1
8413 6678 65025181 1
8353 6640 65025191 1
8267 6583 65025201 1
8167 6492 65025211 1
8055 6382 65025221 1
7935 6260 65025231 1
7806 6135 65025241 1
7681 6007 65025251 1
7587 5874 65025261 1
6312 4931 65025391 0
6192 4874 65025401 1
6175 4891 65025411 1
6194 4924 65025421 1
6266 4972 65025431 1
6383 5029 65025441 1
6529 5091 65025451 1
6733 5178 65025461 1
6967 5280 65025471 1
7220 5391 65025481 1
7524 5506 65025491 1
7828 5601 65025501 1
8131 5684 65025511 1
8367 5750 65025521 1
8562 5816 65025531 1
8729 5877 65025541 1
8861 5933 65025551 1
8948 5969 65025561 1
9005 5993 65025571 1
9005 6000 65025581 1
8985 6000 65025591 1
8942 6000 65025601 1
8863 5992 65025611 1
8777 5979 65025621 1
8686 5974 65025631 1
8598 5974 65025641 1
7989 6175 65025721 0
7868 6286 65025731 1
7822 6353 65025741 1
7790 6426 65025751 1
7767 6503 65025761 1
7747 6552 65025771 1
7731 6584 65025781 1
7722 6606 65025791 1
7722 6611 65025801 1
7710 6611 65025811 1
7701 6611 65025821 1
7691 6600 65025831 1
7682 6580 65025841 1
7675 6532 65025851 1
7675 6466 65025861 1
7687 6369 65025871 1
7716 6234 65025881 1
7742 6074 65025891 1
7766 5829 65025901 1
7789 5579 65025911 1
7841 5254 65025921 1
7912 4880 65025931 1
7995 4501 65025941 1
8074 4125 65025951 1
8151 3752 65025961 1
8211 3457 65025971 1
8259 3139 65025981 1
8281 2805 65025991 1
8301 2524 65026001 1
8319 2319 65026011 1
8338 2165 65026021 1
8355 2057 65026031 1
8370 2011 65026042 1
8370 2011 65026052 1
8370 2011 65026062 1
8370 2081 65026072 1
