349
2278 5262 64903075 0
2172 5237 64903085 1
2144 5242 64903095 1
2112 5236 64903105 1
2099 5236 64903115 1
2099 5236 64903125 1
2099 5236 64903135 1
2104 5243 64903145 1
2154 5255 64903155 1
2232 5294 64903165 1
2361 5373 64903175 1
2543 5479 64903185 1
2759 5596 64903195 1
2959 5708 64903205 1
3164 5815 64903215 1
3373 5919 64903225 1
3531 6014 64903225 1
3658 6076 64903235 1
3765 6120 64903245 1
3831 6148 64903255 1
3861 6159 64903265 1
3868 6159 64903275 1
3857 6154 64903285 1
3820 6144 64903295 1
3023 6524 64903436 0
3004 6584 64903446 1
2998 6623 64903456 1
2998 6668 64903466 1
2998 6685 64903476 1
2998 6697 64903486 1
2998 6697 64903496 1
2992 6687 64903506 1
2992 6653 64903516 1
2982 6602 64903526 1
2969 6507 64903536 1
2969 6360 64903546 1
2977 6179 64903556 1
2990 5940 64903566 1
3024 5666 64903576 1
3070 5370 64903586 1
3121 5018 64903596 1
3178 4643 64903606 1
3238 4252 64903616 1
3297 3892 64903626 1
3355 3620 64903636 1
3398 3406 64903646 1
3431 3233 64903656 1
3455 3114 64903666 1
3473 3031 64903676 1
3486 2992 64903686 1
3486 2982 64903696 1
3486 2991 64903706 1
3479 3029 64903716 1
3465 3115 64903726 1
3438 3234 64903736 1
3403 3401 64903746 1
2766 4918 64904006 0
2766 4918 64904016 1
2737 4979 64904026 1
2730 5015 64904036 1
2730 5045 64904046 1
2738 5079 64904056 1
2750 5109 64904066 1
2762 5125 64904076 1
2772 5134 64904086 1
2783 5134 64904096 1
2795 5126 64904106 1
2807 5106 64904116 1
2819 5054 64904127 1
2819 4960 64904137 1
2805 4839 64904147 1
2789 4694 64904157 1
2766 4517 64904167 1
2739 4319 64904177 1
2704 4076 64904187 1
2655 3831 64904197 1
2597 3585 64904207 1
2548 3415 64904217 1
2484 3269 64904227 1
2428 3140 64904237 1
2382 3071 64904247 1
2339 3044 64904257 1
2293 3044 64904267 1
2235 3082 64904277 1
2170 3174 64904287 1
2098 3302 64904297 1
2029 3466 64904307 1
1967 3610 64904317 1
1930 3741 64904327 1
1907 3865 64904337 1
1917 3969 64904347 1
1952 4060 64904357 1
2003 4128 64904367 1
2102 4192 64904377 1
2233 4247 64904387 1
2384 4296 64904397 1
2551 4329 64904407 1
2727 4351 64904417 1
2908 4377 64904427 1
3119 4411 64904437 1
3343 4451 64904447 1
3576 4493 64904457 1
3794 4533 64904467 1
3953 4570 64904477 1
4073 4602 64904487 1
4187 4633 64904497 1
4285 4664 64904507 1
4373 4694 64904517 1
4420 4722 64904527 1
4435 4722 64904537 1
4429 4727 64904547 1
4429 4727 64904557 1
4429 4727 64904567 1
4421 4732 64904577 1
4408 4732 64904587 1
4396 4740 64904597 1
4385 4745 64904607 1
4376 4745 64904617 1
4369 4753 64904627 1
3828 5118 64905238 0
3828 5118 64905248 1
3791 5128 64905258 1
3791 5128 64905268 1
3846 5170 64905278 1
3939 5238 64905288 1
4031 5326 64905298 1
4188 5435 64905308 1
4388 5541 64905318 1
4577 5646 64905328 1
4764 5731 64905338 1
4887 5796 64905348 1
4968 5848 64905358 1
5021 5881 64905368 1
5048 5896 64905378 1
5057 5896 64905388 1
5052 5896 64905398 1
5052 5896 64905408 1
5022 5891 64905418 1
4603 6335 64905549 0
4603 6335 64905559 1
4605 6449 64905569 1
4586 6503 64905579 1
4577 6503 64905589 1
4577 6523 64905599 1
4568 6523 64905609 1
4561 6523 64905619 1
4561 6515 64905629 1
4553 6462 64905639 1
4545 6381 64905649 1
4539 6270 64905659 1
4561 6122 64905669 1
4587 5949 64905679 1
4621 5716 64905689 1
4674 5481 64905699 1
4740 5163 64905709 1
4821 4792 64905719 1
4902 4489 64905729 1
4980 4182 64905739 1
5033 3872 64905749 1
5071 3654 64905759 1
5100 3513 64905769 1
5124 3424 64905779 1
5144 3361 64905789 1
5158 3334 64905799 1
5164 3334 64905809 1
5164 3334 64905819 1
5150 3388 64905829 1
5139 3468 64905839 1
5115 3562 64905849 1
5081 3677 64905859 1
4782 4999 64906049 0
4769 5070 64906059 1
4747 5106 64906069 1
4725 5122 64906079 1
4706 5122 64906089 1
4674 5122 64906099 1
4632 5087 64906109 1
4569 5025 64906119 1
4503 4914 64906129 1
4436 4761 64906139 1
4365 4579 64906149 1
4294 4362 64906159 1
4224 4142 64906169 1
4152 3932 64906179 1
4083 3730 64906189 1
4037 3604 64906199 1
4004 3517 64906209 1
3992 3456 64906219 1
3992 3437 64906229 1
3997 3437 64906239 1
4010 3455 64906249 1
4045 3521 64906259 1
4558 5172 64906490 0
4593 5219 64906500 1
4606 5277 64906510 1
4627 5332 64906520 1
4659 5392 64906530 1
4697 5432 64906540 1
4712 5457 64906550 1
4748 5472 64906560 1
4797 5463 64906570 1
4852 5439 64906580 1
4932 5366 64906590 1
5029 5264 64906600 1
5163 5142 64906610 1
5318 4983 64906620 1
5488 4813 64906630 1
5651 4637 64906640 1
5801 4489 64906650 1
5942 4356 64906660 1
6059 4232 64906670 1
6160 4158 64906680 1
6249 4108 64906690 1
6324 4074 64906700 1
6365 4062 64906710 1
6382 4062 64906720 1
6382 4062 64906730 1
6356 4098 64906740 1
6318 4152 64906750 1
6256 4219 64906760 1
6193 4282 64906770 1
6406 6333 64907391 0
6328 6316 64907401 1
6303 6337 64907411 1
6292 6367 64907421 1
6292 6386 64907431 1
6292 6404 64907441 1
6349 6437 64907451 1
6433 6481 64907461 1
6578 6550 64907471 1
6753 6627 64907481 1
6948 6710 64907491 1
7114 6784 64907501 1
7268 6852 64907511 1
7414 6910 64907521 1
7500 6945 64907531 1
7553 6965 64907541 1
7584 6965 64907551 1
7589 6965 64907561 1
7579 6957 64907571 1
7559 6922 64907581 1
6489 5996 64907982 0
6529 5980 64907992 1
6547 6006 64908002 1
6566 6006 64908012 1
6616 5978 64908022 1
6686 5935 64908032 1
6757 5853 64908042 1
6830 5744 64908052 1
6906 5656 64908062 1
6962 5578 64908072 1
7002 5506 64908082 1
7039 5454 64908092 1
7061 5419 64908102 1
7073 5395 64908112 1
7079 5390 64908122 1
7086 5399 64908132 1
7097 5418 64908142 1
7776 6069 64908253 0
7930 6136 64908263 1
7985 6179 64908273 1
8020 6229 64908283 1
8055 6257 64908293 1
8095 6279 64908303 1
8111 6298 64908313 1
8111 6298 64908323 1
8111 6292 64908333 1
8102 6292 64908343 1
8056 6246 64908353 1
7985 6169 64908363 1
7894 6068 64908373 1
7781 5924 64908383 1
7653 5761 64908393 1
7531 5586 64908403 1
7400 5389 64908413 1
7262 5191 64908423 1
7170 5035 64908433 1
7116 4908 64908443 1
7087 4816 64908453 1
7082 4767 64908463 1
7082 4748 64908473 1
7082 4748 64908483 1
7089 4769 64908493 1
7096 4797 64908503 1
7103 4843 64908513 1
6812 4847 64908573 0
6540 4707 64908583 1
6398 4635 64908593 1
6248 4565 64908603 1
6160 4522 64908613 1
6114 4497 64908623 1
6105 4490 64908633 1
6118 4490 64908643 1
6145 4500 64908653 1
6234 4532 64908663 1
6388 4599 64908673 1
6586 4690 64908683 1
6869 4824 64908693 1
7172 4968 64908703 1
7489 5118 64908713 1
7819 5249 64908723 1
8085 5353 64908733 1
8308 5439 64908743 1
8496 5508 64908753 1
8634 5553 64908763 1
8738 5581 64908773 1
8787 5591 64908783 1
8794 5591 64908793 1
8772 5585 64908803 1
8730 5576 64908813 1
8653 5566 64908823 1
8552 5566 64908833 1
7654 5980 64908954 0
7608 6043 64908964 1
7599 6079 64908974 1
7585 6102 64908984 1
7567 6119 64908994 1
7551 6130 64909004 1
7529 6136 64909014 1
7502 6136 64909024 1
7490 6129 64909034 1
7474 6118 64909044 1
7454 6094 64909054 1
7445 6062 64909064 1
7440 6021 64909074 1
7440 5956 64909084 1
7448 5874 64909094 1
7464 5764 64909104 1
7485 5650 64909114 1
7523 5484 64909124 1
7571 5285 64909134 1
7642 5018 64909144 1
7717 4706 64909154 1
7795 4363 64909164 1
7871 3978 64909174 1
7932 3622 64909184 1
7983 3286 64909194 1
8026 2894 64909204 1
8072 2539 64909214 1
8124 2208 64909224 1
8171 1879 64909234 1
8214 1620 64909244 1
8271 1407 64909254 1
8327 1278 64909264 1
8381 1208 64909274 1
8412 1178 64909284 1
8412 1200 64909294 1
8392 1274 64909304 1
8353 1383 64909314 1
