273
2238 5615 350190 0
2190 5591 350200 1
2184 5596 350210 1
2184 5617 350220 1
2199 5631 350230 1
2237 5651 350240 1
2291 5675 350250 1
2368 5708 350260 1
2469 5753 350270 1
2585 5805 350280 1
2731 5872 350290 1
2869 5941 350300 1
3001 6012 350310 1
3145 6087 350320 1
3279 6161 350330 1
3394 6232 350340 1
3499 6284 350350 1
3570 6325 350360 1
3605 6336 350370 1
2914 7100 350510 0
2890 7035 350520 1
2883 7047 350530 1
2883 6965 350540 1
2893 6842 350550 1
2904 6691 350560 1
2918 6496 350570 1
2937 6238 350580 1
2957 5937 350590 1
2973 5653 350600 1
3004 5361 350610 1
3044 5063 350620 1
3089 4716 350630 1
3135 4424 350640 1
3180 4170 350650 1
3212 3941 350660 1
3237 3791 350670 1
3249 3695 350680 1
3249 3686 350690 1
2840 5433 350811 0
2813 5473 350821 1
2776 5479 350831 1
2754 5424 350841 1
2717 5331 350851 1
2671 5192 350861 1
2603 5045 350871 1
2536 4894 350881 1
2470 4757 350891 1
2404 4644 350901 1
2332 4547 350911 1
2256 4476 350921 1
2194 4432 350931 1
2675 5530 351071 0
2729 5560 351081 1
2729 5554 351091 1
2729 5554 351101 1
2742 5542 351111 1
2763 5524 351121 1
2803 5500 351131 1
2854 5472 351141 1
2917 5441 351151 1
2998 5403 351161 1
3091 5343 351171 1
3188 5269 351181 1
3286 5188 351191 1
3387 5110 351201 1
3486 5033 351211 1
3606 4969 351221 1
3738 4920 351231 1
3849 4881 351241 1
3957 4851 351251 1
4064 4824 351261 1
3792 5772 351542 0
3792 5772 351552 1
3792 5772 351562 1
3803 5819 351572 1
3847 5863 351582 1
3907 5925 351592 1
3993 5990 351602 1
4113 6058 351612 1
4255 6166 351622 1
4407 6262 351632 1
4563 6349 351642 1
4725 6445 351652 1
4854 6516 351662 1
4960 6571 351672 1
5034 6616 351682 1
5075 6642 351692 1
5095 6655 351702 1
5090 6661 351712 1
5059 6688 351722 1
4470 6974 351822 0
4419 7043 351832 1
4402 7054 351842 1
4402 7054 351852 1
4402 7030 351862 1
4410 6951 351872 1
4420 6834 351882 1
4435 6705 351892 1
4453 6526 351902 1
4469 6314 351912 1
4484 6101 351922 1
4505 5883 351932 1
4537 5684 351942 1
4564 5500 351952 1
4587 5286 351962 1
4604 5070 351972 1
4621 4847 351982 1
4639 4654 351992 1
4664 4481 352002 1
4683 4306 352012 1
4697 4162 352022 1
4711 4038 352032 1
4723 3952 352042 1
4730 3902 352052 1
4730 3875 352062 1
4735 3875 352072 1
4735 3875 352082 1
4320 5736 352203 0
4307 5824 352213 1
4242 5824 352223 1
4203 5816 352233 1
4182 5796 352243 1
4155 5769 352253 1
4130 5725 352263 1
4112 5642 352273 1
4101 5532 352283 1
4094 5438 352293 1
4073 5314 352303 1
4043 5170 352313 1
4006 5056 352323 1
3971 4964 352333 1
3937 4886 352343 1
4191 5792 352463 0
4320 5868 352473 1
4343 5878 352483 1
4378 5883 352493 1
4415 5877 352503 1
4457 5863 352513 1
4515 5832 352523 1
4581 5790 352533 1
4660 5749 352543 1
4752 5702 352553 1
4852 5642 352563 1
4950 5578 352573 1
5053 5507 352583 1
5161 5432 352593 1
5271 5354 352603 1
5390 5291 352613 1
5511 5237 352623 1
5640 5197 352633 1
5784 5172 352643 1
5936 5158 352653 1
6065 5140 352663 1
6196 5130 352673 1
6332 5138 352683 1
6675 6961 353064 0
6644 6958 353074 1
6635 6958 353084 1
6635 6966 353094 1
6643 6966 353104 1
6675 6978 353114 1
6722 6996 353124 1
6807 7029 353134 1
6912 7069 353144 1
7030 7115 353154 1
7159 7164 353164 1
7308 7222 353174 1
7470 7286 353184 1
7614 7343 353194 1
7734 7389 353204 1
7837 7428 353214 1
7898 7447 353224 1
7923 7461 353234 1
6896 6545 353384 0
6896 6545 353394 1
6896 6545 353404 1
6896 6545 353414 1
6949 6509 353424 1
6993 6462 353434 1
7054 6398 353444 1
7115 6312 353454 1
7177 6223 353464 1
7235 6151 353474 1
7297 6091 353484 1
7359 6031 353494 1
7412 5988 353504 1
7457 5957 353514 1
7490 5932 353524 1
7628 6534 353655 0
7628 6534 353665 1
7628 6534 353675 1
7628 6534 353685 1
7628 6534 353695 1
7628 6534 353705 1
7628 6534 353715 1
7670 6566 353725 1
7726 6589 353735 1
7784 6615 353745 1
7830 6638 353755 1
7867 6638 353765 1
7888 6638 353775 1
7893 6615 353785 1
7886 6559 353795 1
7835 6479 353805 1
7752 6336 353815 1
7648 6197 353825 1
7546 6060 353835 1
7443 5923 353845 1
7338 5777 353855 1
7223 5653 353865 1
7130 5547 353875 1
7048 5436 353885 1
6994 5340 353895 1
6964 5255 353905 1
6949 5220 353915 1
6949 5209 353925 1
6949 5214 353935 1
6949 5214 353945 1
6986 5233 353945 1
7038 5261 353955 1
7123 5316 353965 1
7241 5376 353975 1
7380 5440 353985 1
7529 5519 353995 1
7703 5598 354005 1
7894 5687 354015 1
8078 5782 354025 1
8259 5876 354035 1
8439 5966 354045 1
8597 6030 354055 1
8718 6078 354065 1
8813 6100 354075 1
8868 6117 354085 1
8891 6124 354095 1
8891 6124 354105 1
7475 7309 354306 0
7421 7319 354316 1
7414 7319 354326 1
7414 7324 354336 1
7422 7310 354346 1
7436 7258 354356 1
7455 7182 354366 1
7473 7068 354376 1
7487 6919 354386 1
7498 6746 354396 1
7498 6576 354406 1
7498 6395 354416 1
7505 6199 354426 1
7505 5987 354436 1
7505 5763 354446 1
7512 5572 354456 1
7512 5339 354466 1
7512 5078 354476 1
7519 4818 354486 1
7530 4553 354496 1
7546 4326 354506 1
7566 4126 354516 1
7593 3903 354526 1
7613 3733 354536 1
7629 3599 354546 1
7656 3454 354556 1
7676 3305 354566 1
7690 3161 354576 1
7710 3022 354586 1
7728 2962 354596 1
7734 2924 354606 1
7734 2901 354616 1
7734 2911 354626 1
7739 2916 354636 1
7739 2916 354646 1
7739 2916 354656 1
7774 2878 354666 1
7797 2847 354676 1
