306
2506 5087 37529527 0
2506 5087 37529537 1
2506 5087 37529547 1
2506 5087 37529557 1
2506 5087 37529567 1
2518 5114 37529577 1
2560 5123 37529587 1
2614 5136 37529597 1
2704 5148 37529607 1
2817 5161 37529617 1
2945 5191 37529627 1
3140 5232 37529637 1
3380 5302 37529647 1
3651 5416 37529657 1
3932 5560 37529667 1
4201 5686 37529677 1
4407 5783 37529687 1
4575 5860 37529697 1
4645 5900 37529707 1
4663 5922 37529717 1
4647 5931 37529727 1
4618 5965 37529737 1
4576 6016 37529747 1
4525 6079 37529757 1
4461 6167 37529767 1
4377 6278 37529777 1
4279 6405 37529787 1
4146 6558 37529797 1
4013 6718 37529807 1
3906 6883 37529817 1
3817 7073 37529827 1
3755 7245 37529837 1
3698 7405 37529847 1
3669 7556 37529857 1
3656 7637 37529867 1
3656 7671 37529868 1
3656 7671 37529878 1
3669 7614 37529888 1
3692 7525 37529898 1
3718 7339 37529908 1
3748 7097 37529918 1
3781 6818 37529928 1
3817 6502 37529938 1
3854 6102 37529948 1
3889 5646 37529958 1
3925 5221 37529968 1
3963 4794 37529978 1
4001 4433 37529988 1
4041 4118 37529998 1
4060 3838 37530008 1
4060 3552 37530018 1
4055 3361 37530028 1
4024 3235 37530038 1
3978 3117 37530048 1
3938 3051 37530058 1
3898 3021 37530068 1
3856 3021 37530078 1
3797 3077 37530088 1
3729 3172 37530098 1
3657 3340 37530108 1
3589 3571 37530118 1
3531 3844 37530128 1
3484 4140 37530138 1
3454 4436 37530148 1
3434 4678 37530158 1
3434 4884 37530168 1
3434 5030 37530178 1
3446 5144 37530188 1
3456 5237 37530198 1
3465 5299 37530208 1
3465 5316 37530218 1
3465 5302 37530228 1
3457 5246 37530238 1
3433 5115 37530248 1
3397 4933 37530258 1
3328 4707 37530268 1
3240 4495 37530278 1
3138 4293 37530288 1
3036 4101 37530298 1
2952 3951 37530308 1
2880 3829 37530318 1
2826 3738 37530328 1
2794 3701 37530338 1
2776 3701 37530348 1
2776 3762 37530358 1
3226 4806 37530429 0
3498 4971 37530439 1
3620 5023 37530449 1
3705 5017 37530459 1
3798 4972 37530469 1
3903 4876 37530479 1
4021 4759 37530489 1
4148 4629 37530499 1
4261 4520 37530509 1
4346 4426 37530519 1
4412 4342 37530529 1
4459 4280 37530539 1
4495 4236 37530549 1
4523 4205 37530559 1
4545 4189 37530569 1
4563 4196 37530579 1
4579 4218 37530589 1
4600 4296 37530599 1
4811 5706 37530729 0
4926 5733 37530739 1
4945 5742 37530749 1
4940 5757 37530759 1
5016 5779 37530769 1
5158 5834 37530779 1
5343 5908 37530789 1
5545 6000 37530799 1
5749 6091 37530809 1
5953 6177 37530819 1
6101 6255 37530829 1
6236 6328 37530839 1
6362 6398 37530849 1
6452 6463 37530859 1
6509 6528 37530869 1
6544 6593 37530879 1
6133 7038 37530939 0
5927 7238 37530949 1
5855 7341 37530959 1
5793 7409 37530969 1
5744 7446 37530979 1
5715 7463 37530989 1
5699 7457 37530999 1
5690 7382 37531009 1
5690 7260 37531019 1
5701 7054 37531029 1
5723 6812 37531039 1
5763 6545 37531049 1
5814 6225 37531059 1
5862 5860 37531069 1
5907 5466 37531079 1
5949 5048 37531089 1
5982 4625 37531099 1
6019 4268 37531109 1
6048 3957 37531119 1
6071 3601 37531129 1
6079 3380 37531139 1
6071 3249 37531149 1
6052 3010 37531159 1
6027 2887 37531169 1
5996 2841 37531179 1
5960 2806 37531189 1
5926 2811 37531199 1
5869 2844 37531209 1
5796 2965 37531219 1
5707 3170 37531229 1
5621 3432 37531239 1
5544 3798 37531249 1
5490 4203 37531259 1
5450 4635 37531269 1
5432 5032 37531279 1
5419 5325 37531289 1
5419 5549 37531299 1
5419 5678 37531309 1
5419 5747 37531319 1
5419 5777 37531329 1
5419 5771 37531339 1
5419 5762 37531349 1
5419 5666 37531359 1
5397 5514 37531369 1
5356 5299 37531379 1
5282 5081 37531389 1
5186 4859 37531399 1
5076 4662 37531409 1
4980 4481 37531419 1
4889 4350 37531429 1
4822 4268 37531439 1
4770 4218 37531449 1
4744 4231 37531459 1
4744 4317 37531469 1
4765 4451 37531479 1
4944 5061 37531510 0
5166 5249 37531520 1
5284 5291 37531530 1
5393 5291 37531540 1
5496 5256 37531550 1
5621 5196 37531560 1
5769 5102 37531570 1
5931 4983 37531580 1
6084 4847 37531590 1
6237 4702 37531600 1
6388 4590 37531610 1
6506 4500 37531620 1
6603 4423 37531630 1
6676 4364 37531640 1
6733 4317 37531650 1
6779 4294 37531660 1
6803 4287 37531670 1
6810 4287 37531680 1
6810 4321 37531690 1
6810 4411 37531700 1
6810 4541 37531710 1
8210 7034 37531951 0
8100 6999 37531961 1
8004 6999 37531971 1
7959 7023 37531981 1
7950 7023 37531991 1
7965 7023 37532001 1
8029 7035 37532011 1
8162 7057 37532021 1
8342 7103 37532031 1
8588 7197 37532041 1
8854 7323 37532051 1
9132 7409 37532061 1
9380 7478 37532071 1
9596 7536 37532081 1
9791 7567 37532091 1
9926 7578 37532101 1
9020 7145 37532191 0
8711 6959 37532201 1
8564 6871 37532211 1
8462 6742 37532221 1
8390 6607 37532231 1
8361 6464 37532241 1
8374 6321 37532251 1
8414 6212 37532261 1
8473 6124 37532271 1
8537 6061 37532281 1
8611 6019 37532291 1
8693 5991 37532301 1
8784 5991 37532311 1
8896 6030 37532321 1
9021 6100 37532331 1
9143 6205 37532341 1
9268 6328 37532351 1
9401 6464 37532361 1
9502 6559 37532371 1
9583 6611 37532381 1
9630 6635 37532391 1
9662 6635 37532401 1
9684 6614 37532411 1
9699 6574 37532421 1
9688 6493 37532431 1
9660 6368 37532441 1
9583 6213 37532451 1
9460 6051 37532461 1
9305 5878 37532471 1
9127 5698 37532481 1
8931 5549 37532491 1
8724 5382 37532501 1
8507 5202 37532511 1
8273 5023 37532521 1
8027 4843 37532531 1
7788 4680 37532541 1
7561 4528 37532551 1
7382 4404 37532561 1
7230 4318 37532571 1
7147 4257 37532581 1
7135 4251 37532591 1
7169 4266 37532601 1
7269 4295 37532611 1
7434 4360 37532621 1
7642 4449 37532631 1
7933 4555 37532641 1
8227 4669 37532651 1
8582 4798 37532661 1
8976 4936 37532671 1
9316 5040 37532681 1
9659 5120 37532691 1
9958 5184 37532701 1
10227 5225 37532711 1
10461 5260 37532721 1
10652 5284 37532731 1
10815 5301 37532741 1
10937 5312 37532751 1
11004 5319 37532761 1
11034 5325 37532771 1
11028 5331 37532781 1
10997 5364 37532791 1
10948 5414 37532801 1
9152 7177 37532982 0
9111 7278 37532992 1
9071 7296 37533002 1
9012 7311 37533012 1
8996 7322 37533022 1
8985 7322 37533032 1
8985 7322 37533042 1
8985 7316 37533052 1
8985 7258 37533062 1
8979 7166 37533072 1
8969 7044 37533082 1
8958 6885 37533092 1
8948 6701 37533102 1
8938 6511 37533112 1
8931 6287 37533122 1
8922 6040 37533132 1
8908 5757 37533142 1
8891 5469 37533152 1
8878 5179 37533162 1
8865 4828 37533172 1
8850 4478 37533182 1
8834 4128 37533192 1
8813 3732 37533202 1
8791 3381 37533212 1
8772 3059 37533222 1
8754 2707 37533232 1
8738 2402 37533242 1
8722 2128 37533252 1
8722 1895 37533262 1
8734 1724 37533272 1
8753 1594 37533282 1
8777 1531 37533292 1
8812 1507 37533302 1
