281
2712 4954 26215074 0
2698 4888 26215084 1
2650 4880 26215094 1
2650 4872 26215104 1
2688 4863 26215114 1
2751 4877 26215124 1
2860 4936 26215134 1
3031 5025 26215144 1
3244 5146 26215154 1
3478 5288 26215164 1
3715 5444 26215174 1
3953 5564 26215184 1
4164 5653 26215194 1
4324 5722 26215204 1
4449 5767 26215214 1
4529 5792 26215224 1
4569 5804 26215234 1
4581 5811 26215244 1
4581 5816 26215254 1
3794 6756 26215375 0
3815 6887 26215385 1
3724 6971 26215395 1
3681 7018 26215405 1
3670 7041 26215415 1
3677 7025 26215425 1
3696 6951 26215435 1
3724 6839 26215445 1
3746 6709 26215455 1
3760 6523 26215465 1
3768 6301 26215475 1
3768 6032 26215485 1
3768 5718 26215495 1
3774 5373 26215505 1
3782 4996 26215515 1
3796 4640 26215525 1
3820 4299 26215535 1
3842 3953 26215545 1
3862 3651 26215555 1
3880 3379 26215565 1
3899 3111 26215575 1
3920 2890 26215585 1
3925 2700 26215595 1
3920 2580 26215605 1
3904 2491 26215615 1
3881 2423 26215625 1
3854 2378 26215635 1
3833 2355 26215645 1
3812 2347 26215655 1
3793 2347 26215665 1
3766 2397 26215675 1
3733 2470 26215685 1
3705 2594 26215695 1
3465 4627 26215796 0
3539 4717 26215806 1
3480 4802 26215816 1
3370 4771 26215826 1
3333 4662 26215836 1
3310 4543 26215846 1
3296 4385 26215856 1
3268 4200 26215866 1
3220 4021 26215876 1
3159 3839 26215886 1
3068 3653 26215896 1
2969 3489 26215906 1
2864 3340 26215916 1
2774 3210 26215926 1
2722 3146 26215936 1
2694 3127 26215946 1
2694 3127 26215956 1
3302 4541 26216046 0
3617 4526 26216056 1
3670 4486 26216066 1
3694 4344 26216076 1
3792 4199 26216086 1
3903 4052 26216096 1
4023 3941 26216106 1
4145 3852 26216116 1
4243 3778 26216126 1
4326 3728 26216126 1
4381 3709 26216136 1
4423 3709 26216146 1
4455 3725 26216156 1
4499 3791 26216166 1
4547 3892 26216176 1
4477 5115 26216306 0
4585 5033 26216316 1
4541 5074 26216326 1
4559 5157 26216336 1
4618 5203 26216346 1
4790 5276 26216356 1
4963 5368 26216366 1
5160 5463 26216376 1
5373 5558 26216386 1
5559 5653 26216396 1
5724 5732 26216406 1
5874 5800 26216416 1
5960 5863 26216426 1
6023 5921 26216436 1
6071 5967 26216446 1
6091 6003 26216456 1
5387 6534 26216557 0
5393 6691 26216567 1
5360 6779 26216577 1
5348 6832 26216587 1
5348 6861 26216597 1
5356 6854 26216607 1
5385 6812 26216617 1
5428 6747 26216627 1
5451 6619 26216637 1
5464 6431 26216647 1
5470 6204 26216657 1
5482 5947 26216667 1
5495 5673 26216677 1
5512 5387 26216687 1
5532 5069 26216697 1
5545 4742 26216707 1
5555 4409 26216717 1
5549 4025 26216727 1
5537 3675 26216737 1
5520 3347 26216747 1
5508 3038 26216757 1
5494 2781 26216767 1
5477 2559 26216777 1
5457 2429 26216787 1
5438 2331 26216797 1
5420 2254 26216807 1
5406 2220 26216817 1
5398 2210 26216827 1
5398 2215 26216837 1
5374 2260 26216847 1
5345 2365 26216857 1
5312 2509 26216867 1
4962 4425 26216957 0
5029 4603 26216967 1
4996 4656 26216977 1
4932 4724 26216987 1
4932 4724 26216997 1
4942 4645 26217007 1
4959 4518 26217017 1
4946 4340 26217027 1
4912 4170 26217037 1
4857 4006 26217047 1
4776 3850 26217057 1
4678 3691 26217067 1
4575 3569 26217077 1
4501 3472 26217087 1
4446 3423 26217097 1
4441 3413 26217107 1
4465 3429 26217117 1
5314 4853 26217198 0
5623 4834 26217208 1
5646 4822 26217218 1
5745 4728 26217228 1
5895 4573 26217238 1
6056 4453 26217248 1
6253 4315 26217258 1
6473 4166 26217268 1
6648 4063 26217278 1
6793 3985 26217288 1
6919 3923 26217298 1
7001 3890 26217308 1
7075 3890 26217318 1
7143 3904 26217328 1
7213 3944 26217338 1
7276 4010 26217348 1
7604 6704 26217578 0
7641 6638 26217588 1
7622 6716 26217598 1
7574 6748 26217608 1
7564 6748 26217618 1
7652 6761 26217628 1
7804 6778 26217638 1
8028 6825 26217648 1
8290 6891 26217658 1
8578 6984 26217668 1
8878 7075 26217678 1
9127 7164 26217688 1
9342 7230 26217698 1
9504 7266 26217708 1
9585 7282 26217718 1
9612 7273 26217728 1
9591 7236 26217738 1
9027 6915 26217788 0
8649 6747 26217798 1
8497 6690 26217808 1
8364 6644 26217818 1
8267 6567 26217828 1
8218 6443 26217838 1
8201 6288 26217848 1
8217 6124 26217858 1
8258 5964 26217868 1
8315 5834 26217878 1
8386 5722 26217888 1
8451 5652 26217898 1
8512 5609 26217908 1
8569 5583 26217918 1
8627 5583 26217928 1
8690 5616 26217938 1
8756 5670 26217948 1
8824 5754 26217958 1
8887 5851 26217968 1
8947 5956 26217978 1
8992 6034 26217988 1
9034 6106 26217998 1
9074 6158 26218008 1
9103 6200 26218018 1
9113 6216 26218028 1
9113 6216 26218038 1
9113 6211 26218048 1
9096 6179 26218058 1
9074 6094 26218068 1
9010 5975 26218078 1
8913 5824 26218088 1
8794 5682 26218098 1
8654 5546 26218108 1
8487 5379 26218118 1
8302 5212 26218128 1
8114 5046 26218138 1
7929 4880 26218148 1
7750 4728 26218158 1
7614 4629 26218168 1
7506 4566 26218178 1
7432 4528 26218188 1
7402 4514 26218198 1
7402 4514 26218208 1
7412 4520 26218218 1
7470 4553 26218228 1
7559 4605 26218238 1
7719 4688 26218248 1
7930 4781 26218258 1
8176 4880 26218268 1
8468 4966 26218269 1
8764 5049 26218279 1
9057 5121 26218289 1
9346 5185 26218299 1
9613 5230 26218309 1
9832 5262 26218319 1
10018 5276 26218329 1
10146 5270 26218339 1
10249 5252 26218349 1
10334 5229 26218359 1
10397 5206 26218369 1
10434 5182 26218379 1
10454 5168 26218389 1
10454 5160 26218399 1
10429 5149 26218409 1
10382 5149 26218419 1
8630 6687 26218620 0
8591 6764 26218630 1
8506 6827 26218640 1
8447 6887 26218650 1
8412 6918 26218660 1
8392 6931 26218670 1
8392 6925 26218680 1
8387 6879 26218690 1
8382 6806 26218700 1
8382 6697 26218710 1
8382 6551 26218720 1
8382 6381 26218730 1
8398 6198 26218740 1
8413 5990 26218750 1
8427 5765 26218760 1
8442 5561 26218770 1
8442 5315 26218780 1
8442 5040 26218790 1
8442 4752 26218800 1
8434 4492 26218810 1
8428 4206 26218820 1
8428 3893 26218830 1
8438 3579 26218840 1
8446 3269 26218850 1
8454 2925 26218860 1
8465 2559 26218870 1
8483 2237 26218880 1
8518 1949 26218890 1
8551 1684 26218900 1
8583 1485 26218910 1
8615 1344 26218920 1
8642 1241 26218930 1
8665 1169 26218940 1
8686 1121 26218950 1
