367
1801 5743 73932018 0
1728 5707 73932028 1
1716 5714 73932038 1
1723 5714 73932048 1
1751 5714 73932058 1
1793 5719 73932068 1
1863 5734 73932078 1
1982 5767 73932088 1
2133 5813 73932098 1
2309 5868 73932108 1
2488 5920 73932118 1
2672 5966 73932128 1
2858 6007 73932138 1
3032 6048 73932148 1
3207 6090 73932158 1
3354 6133 73932168 1
3481 6178 73932178 1
3601 6222 73932188 1
3695 6262 73932198 1
3771 6293 73932208 1
3807 6315 73932218 1
3816 6335 73932228 1
3806 6358 73932238 1
3775 6395 73932248 1
3724 6440 73932258 1
3660 6489 73932268 1
3596 6559 73932278 1
3533 6642 73932288 1
3470 6738 73932298 1
3400 6850 73932308 1
3327 6974 73932318 1
2940 7702 73932389 0
2912 7858 73932399 1
2895 7884 73932409 1
2878 7903 73932419 1
2868 7909 73932429 1
2857 7893 73932439 1
2845 7862 73932449 1
2834 7812 73932459 1
2824 7757 73932469 1
2817 7693 73932479 1
2817 7609 73932489 1
2812 7513 73932499 1
2812 7378 73932509 1
2804 7239 73932519 1
2811 7091 73932529 1
2817 6922 73932539 1
2824 6739 73932549 1
2830 6562 73932559 1
2830 6343 73932569 1
2830 6097 73932579 1
2835 5839 73932589 1
2842 5592 73932599 1
2851 5355 73932609 1
2863 5086 73932619 1
2872 4800 73932629 1
2888 4566 73932639 1
2913 4326 73932649 1
2946 4082 73932659 1
2979 3834 73932669 1
3008 3627 73932679 1
3033 3447 73932689 1
3055 3296 73932699 1
3068 3171 73932709 1
3074 3064 73932719 1
3074 3013 73932729 1
3074 2999 73932739 1
3074 3010 73932749 1
3068 3066 73932759 1
3052 3174 73932769 1
3033 3316 73932779 1
3079 6033 73932939 0
3079 6033 73932949 1
3040 6011 73932959 1
3019 6011 73932969 1
2998 5991 73932979 1
2973 5953 73932989 1
2946 5905 73932999 1
2914 5829 73933009 1
2879 5750 73933019 1
2843 5665 73933029 1
2799 5557 73933039 1
2750 5433 73933049 1
2698 5268 73933059 1
2625 5097 73933069 1
2547 4915 73933079 1
2466 4726 73933089 1
2383 4561 73933099 1
2299 4414 73933109 1
2215 4262 73933119 1
2137 4126 73933129 1
2061 4001 73933139 1
1990 3925 73933149 1
1941 3875 73933159 1
1905 3842 73933169 1
1905 3847 73933179 1
1905 3878 73933189 1
1905 3927 73933199 1
1927 4000 73933209 1
2589 4937 73933360 0
2683 4980 73933370 1
2733 5009 73933380 1
2781 5034 73933390 1
2833 5053 73933400 1
2892 5069 73933410 1
2960 5069 73933420 1
3036 5055 73933430 1
3136 5035 73933440 1
3250 5012 73933450 1
3369 5004 73933460 1
3490 5004 73933470 1
3614 5004 73933480 1
3721 5013 73933490 1
3816 5020 73933500 1
3870 5020 73933510 1
3894 5020 73933520 1
3894 5015 73933530 1
3886 5015 73933540 1
4135 5511 73933720 0
4084 5519 73933730 1
4053 5525 73933740 1
4039 5531 73933750 1
4039 5537 73933760 1
4039 5551 73933770 1
4074 5571 73933780 1
4126 5603 73933790 1
4211 5644 73933800 1
4323 5692 73933810 1
4453 5751 73933820 1
4613 5828 73933830 1
4788 5918 73933840 1
4973 6004 73933850 1
5144 6085 73933860 1
5313 6158 73933870 1
5443 6219 73933880 1
5548 6266 73933890 1
5622 6305 73933900 1
5668 6336 73933910 1
5695 6366 73933920 1
5695 6392 73933931 1
4980 7027 73934091 0
4980 7027 73934101 1
4980 7027 73934111 1
4954 7025 73934121 1
4944 7004 73934131 1
4933 6967 73934141 1
4923 6920 73934151 1
4916 6857 73934161 1
4916 6792 73934171 1
4916 6720 73934181 1
4921 6637 73934191 1
4927 6524 73934201 1
4932 6391 73934211 1
4932 6229 73934221 1
4932 6045 73934231 1
4932 5846 73934241 1
4938 5647 73934251 1
4938 5436 73934261 1
4949 5216 73934271 1
4955 4993 73934281 1
4964 4773 73934291 1
4974 4556 73934301 1
4984 4326 73934311 1
4992 4071 73934321 1
4999 3799 73934331 1
5009 3561 73934341 1
5019 3360 73934351 1
5031 3184 73934361 1
5037 3013 73934371 1
5037 2883 73934381 1
5037 2781 73934391 1
5037 2710 73934401 1
5025 2688 73934411 1
5016 2699 73934421 1
4989 2762 73934431 1
4951 2883 73934441 1
4904 3043 73934451 1
4853 3258 73934461 1
4799 3491 73934471 1
4995 5725 73934612 0
4978 5776 73934622 1
4961 5769 73934632 1
4945 5764 73934642 1
4925 5755 73934652 1
4903 5713 73934662 1
4873 5651 73934672 1
4836 5564 73934682 1
4794 5449 73934692 1
4725 5316 73934702 1
4644 5174 73934712 1
4554 5027 73934722 1
4451 4856 73934732 1
4335 4670 73934742 1
4211 4509 73934752 1
4060 4341 73934762 1
3927 4169 73934772 1
3805 4040 73934782 1
3704 3958 73934792 1
3609 3908 73934802 1
3543 3908 73934812 1
3493 3940 73934822 1
3467 4003 73934832 1
4468 5117 73934952 0
4636 5175 73934962 1
4706 5191 73934972 1
4787 5185 73934982 1
4863 5177 73934992 1
4938 5166 73935002 1
5022 5147 73935012 1
5125 5124 73935022 1
5240 5094 73935032 1
5363 5051 73935042 1
5486 4999 73935052 1
5628 4936 73935062 1
5782 4880 73935072 1
5931 4829 73935082 1
6080 4783 73935092 1
6240 4748 73935102 1
6406 4721 73935112 1
6554 4699 73935122 1
6683 4678 73935132 1
6799 4658 73935142 1
6882 4644 73935152 1
6923 4636 73935162 1
7001 6238 73935533 0
6952 6219 73935543 1
6923 6238 73935553 1
6923 6255 73935563 1
6944 6273 73935573 1
6972 6308 73935583 1
7033 6352 73935593 1
7155 6431 73935603 1
7317 6526 73935613 1
7537 6631 73935623 1
7794 6731 73935633 1
8075 6807 73935643 1
8314 6866 73935653 1
8519 6922 73935663 1
8702 6957 73935673 1
8832 6978 73935683 1
8928 6996 73935693 1
9002 7010 73935703 1
9027 7017 73935713 1
9016 7017 73935723 1
8982 7017 73935733 1
7277 6282 73935904 0
7270 6181 73935914 1
7253 6117 73935924 1
7237 6043 73935934 1
7237 5939 73935944 1
7237 5818 73935954 1
7237 5687 73935964 1
7248 5555 73935974 1
7261 5420 73935984 1
7275 5279 73935994 1
7281 5156 73936004 1
7288 5044 73936014 1
7288 4975 73936024 1
7294 4934 73936034 1
7301 4913 73936044 1
7311 4913 73936054 1
7329 4947 73936064 1
8960 6431 73936224 0
8990 6444 73936234 1
8990 6444 73936244 1
8982 6444 73936254 1
8964 6416 73936264 1
8937 6376 73936274 1
8891 6324 73936284 1
8841 6255 73936294 1
8788 6175 73936304 1
8705 6082 73936314 1
8618 5971 73936324 1
8527 5848 73936334 1
8406 5726 73936344 1
8279 5614 73936354 1
8147 5508 73936364 1
8029 5389 73936374 1
6112 4279 73936524 0
5947 4204 73936534 1
5872 4169 73936544 1
5805 4133 73936554 1
5745 4110 73936564 1
5716 4097 73936574 1
5707 4097 73936584 1
5715 4107 73936594 1
5750 4125 73936604 1
5804 4159 73936614 1
5876 4206 73936624 1
5975 4262 73936634 1
6093 4333 73936644 1
6246 4407 73936654 1
6420 4483 73936664 1
6609 4563 73936674 1
6858 4649 73936684 1
7119 4738 73936694 1
7389 4835 73936704 1
7679 4918 73936714 1
7974 4991 73936724 1
8235 5062 73936734 1
8473 5133 73936744 1
8719 5202 73936754 1
8936 5264 73936764 1
9133 5319 73936774 1
9283 5366 73936784 1
9409 5404 73936794 1
9520 5429 73936804 1
9597 5446 73936814 1
9650 5462 73936824 1
9688 5479 73936834 1
9707 5496 73936844 1
9712 5513 73936854 1
9707 5537 73936864 1
9696 5564 73936865 1
9666 5583 73936875 1
7837 6482 73937165 0
7837 6482 73937175 1
7837 6482 73937185 1
7843 6443 73937195 1
7843 6427 73937205 1
7843 6407 73937215 1
7843 6380 73937225 1
7838 6346 73937235 1
7832 6302 73937245 1
7824 6250 73937255 1
7816 6182 73937265 1
7809 6104 73937275 1
7798 6006 73937285 1
7783 5888 73937295 1
7765 5758 73937305 1
7738 5639 73937315 1
7714 5503 73937325 1
7696 5356 73937335 1
7680 5200 73937345 1
7665 5042 73937355 1
7650 4881 73937365 1
7635 4714 73937375 1
7620 4564 73937385 1
7606 4428 73937395 1
7592 4270 73937405 1
7583 4110 73937415 1
7577 3954 73937425 1
7577 3802 73937435 1
7577 3651 73937445 1
7569 3519 73937455 1
7564 3401 73937465 1
7564 3266 73937476 1
7556 3129 73937486 1
7556 2989 73937496 1
7550 2853 73937506 1
7550 2708 73937516 1
7542 2558 73937526 1
7535 2423 73937536 1
7524 2285 73937546 1
7509 2128 73937556 1
7495 1960 73937566 1
7481 1796 73937576 1
7468 1632 73937586 1
7459 1490 73937596 1
7454 1363 73937606 1
7454 1262 73937616 1
7448 1179 73937626 1
7448 1107 73937636 1
7448 1055 73937646 1
7448 1012 73937656 1
7453 974 73937666 1
7453 952 73937676 1
