354
2167 4984 71235380 0
2191 4927 71235390 1
2199 4933 71235400 1
2199 4925 71235410 1
2224 4909 71235420 1
2250 4902 71235430 1
2289 4902 71235440 1
2339 4902 71235450 1
2405 4912 71235460 1
2482 4930 71235470 1
2580 4954 71235480 1
2683 4987 71235490 1
2789 5023 71235500 1
2891 5061 71235510 1
2998 5115 71235520 1
3120 5177 71235530 1
3249 5245 71235540 1
3351 5322 71235550 1
3433 5397 71235560 1
3502 5471 71235570 1
3544 5522 71235580 1
3564 5569 71235590 1
3564 5610 71235600 1
3556 5661 71235610 1
3535 5717 71235620 1
3508 5791 71235630 1
3469 5896 71235640 1
3425 6022 71235650 1
3378 6143 71235660 1
3324 6265 71235670 1
3270 6384 71235680 1
3218 6500 71235690 1
3168 6559 71235700 1
3114 6589 71235710 1
3057 6601 71235720 1
3003 6601 71235730 1
2968 6592 71235740 1
2945 6581 71235750 1
2939 6549 71235760 1
2948 6503 71235770 1
2966 6419 71235780 1
2989 6305 71235790 1
3011 6170 71235800 1
3030 6008 71235810 1
3046 5822 71235820 1
3063 5620 71235830 1
3083 5392 71235840 1
3104 5126 71235850 1
3130 4834 71235860 1
3159 4536 71235870 1
3192 4220 71235880 1
3230 3893 71235890 1
3260 3606 71235900 1
3284 3369 71235910 1
3307 3166 71235920 1
3324 2957 71235930 1
3337 2781 71235940 1
3337 2628 71235950 1
3337 2533 71235960 1
3337 2460 71235970 1
3337 2401 71235980 1
3337 2369 71235990 1
3330 2364 71236000 1
3325 2378 71236010 1
3305 2430 71236020 1
3275 2531 71236030 1
3244 2665 71236040 1
3215 2848 71236050 1
3189 3027 71236060 1
3164 3185 71236070 1
3141 3330 71236080 1
3117 3450 71236090 1
3087 3545 71236100 1
3053 3623 71236110 1
3011 3698 71236120 1
2960 3773 71236130 1
2904 3843 71236140 1
2847 3907 71236150 1
2791 3970 71236160 1
2736 4034 71236170 1
2685 4099 71236180 1
2639 4166 71236190 1
2603 4227 71236200 1
2576 4284 71236210 1
2563 4321 71236220 1
2563 4345 71236230 1
2563 4361 71236240 1
2563 4374 71236250 1
2571 4379 71236260 1
2579 4379 71236270 1
2587 4370 71236280 1
2596 4340 71236290 1
2603 4295 71236300 1
2597 4217 71236310 1
2585 4115 71236320 1
2563 3996 71236330 1
2530 3861 71236340 1
2490 3712 71236350 1
2437 3555 71236360 1
2386 3459 71236370 1
2339 3393 71236380 1
2313 3347 71236390 1
2299 3337 71236400 1
2305 3347 71236410 1
2315 3371 71236420 1
2345 3457 71236430 1
2385 3592 71236440 1
2442 3760 71236450 1
2512 3945 71236460 1
2590 4087 71236470 1
2674 4201 71236480 1
2754 4292 71236490 1
2823 4362 71236500 1
2884 4417 71236510 1
2937 4452 71236520 1
2984 4481 71236530 1
3028 4498 71236540 1
3070 4509 71236550 1
3115 4514 71236560 1
3166 4514 71236570 1
3226 4502 71236580 1
3293 4486 71236590 1
3372 4452 71236600 1
3466 4406 71236610 1
3570 4331 71236620 1
3690 4255 71236630 1
3804 4189 71236640 1
3913 4131 71236650 1
4025 4088 71236660 1
4136 4058 71236670 1
4246 4036 71236680 1
4338 4030 71236690 1
4409 4030 71236700 1
4465 4045 71236710 1
4506 4067 71236720 1
4794 5373 71236953 0
4709 5256 71236963 1
4653 5293 71236973 1
4623 5279 71236983 1
4609 5265 71236993 1
4609 5265 71237003 1
4632 5265 71237013 1
4669 5270 71237023 1
4743 5289 71237033 1
4835 5318 71237043 1
4940 5363 71237053 1
5057 5420 71237063 1
5178 5486 71237073 1
5305 5550 71237083 1
5429 5616 71237093 1
5552 5683 71237103 1
5674 5754 71237113 1
5795 5826 71237123 1
5880 5898 71237133 1
5942 5951 71237143 1
5973 5986 71237153 1
5973 6009 71237163 1
5959 6034 71237173 1
5180 6764 71237333 0
5180 6673 71237343 1
5188 6579 71237353 1
5198 6447 71237363 1
5212 6290 71237373 1
5227 6115 71237383 1
5247 5910 71237393 1
5265 5686 71237403 1
5283 5463 71237413 1
5301 5181 71237423 1
5318 4861 71237433 1
5333 4552 71237443 1
5349 4261 71237453 1
5369 3982 71237463 1
5387 3737 71237473 1
5405 3556 71237483 1
5422 3419 71237493 1
5438 3256 71237503 1
5438 3087 71237513 1
5449 2942 71237523 1
5463 2815 71237533 1
5458 2718 71237543 1
5441 2659 71237553 1
5430 2625 71237563 1
5421 2625 71237573 1
5402 2674 71237583 1
5191 4978 71237714 0
5163 5067 71237724 1
5141 5067 71237734 1
5115 5050 71237744 1
5080 5007 71237754 1
5038 4927 71237764 1
4991 4822 71237774 1
4939 4689 71237784 1
4880 4554 71237794 1
4815 4400 71237804 1
4729 4235 71237814 1
4640 4082 71237824 1
4549 3949 71237834 1
4477 3830 71237844 1
4410 3737 71237854 1
4356 3688 71237864 1
4311 3669 71237874 1
4274 3678 71237884 1
4243 3729 71237894 1
4235 3807 71237904 1
4241 3927 71237914 1
4284 4060 71237924 1
4348 4201 71237934 1
4427 4352 71237944 1
4516 4497 71237954 1
4619 4632 71237964 1
4730 4749 71237974 1
4831 4856 71237984 1
4913 4928 71237994 1
4981 4971 71238004 1
5044 4995 71238014 1
5105 5005 71238024 1
5165 5012 71238034 1
5229 5012 71238044 1
5296 5004 71238054 1
5369 4977 71238064 1
5447 4937 71238074 1
5530 4879 71238084 1
5619 4805 71238094 1
5715 4720 71238104 1
5820 4654 71238114 1
5929 4591 71238124 1
6044 4531 71238134 1
6164 4477 71238144 1
6304 4432 71238154 1
6456 4392 71238164 1
6596 4357 71238174 1
6736 4334 71238184 1
6879 4318 71238194 1
7000 4318 71238204 1
7107 4338 71238214 1
7517 6013 71238845 0
7517 6013 71238855 1
7528 6038 71238865 1
7560 6056 71238875 1
7609 6080 71238885 1
7693 6108 71238895 1
7809 6148 71238905 1
7946 6209 71238915 1
8084 6283 71238925 1
8232 6379 71238935 1
8399 6482 71238945 1
8575 6589 71238955 1
8726 6680 71238965 1
8856 6751 71238975 1
8971 6810 71238985 1
9023 6836 71238995 1
7544 5926 71239126 0
7490 5882 71239136 1
7474 5908 71239146 1
7481 5932 71239156 1
7495 5919 71239166 1
7533 5882 71239176 1
7588 5806 71239186 1
7636 5727 71239196 1
7678 5623 71239206 1
7717 5504 71239216 1
7747 5379 71239226 1
7778 5280 71239236 1
7816 5199 71239246 1
7863 5150 71239256 1
7918 5132 71239266 1
7981 5132 71239276 1
8053 5179 71239286 1
8144 5273 71239296 1
8527 6065 71239406 0
8512 6001 71239416 1
8488 5987 71239426 1
8467 5998 71239436 1
8461 5998 71239446 1
8466 5993 71239456 1
8486 5993 71239466 1
8529 6008 71239476 1
8587 6031 71239486 1
8670 6080 71239496 1
8767 6131 71239506 1
8874 6184 71239516 1
8970 6210 71239526 1
9030 6210 71239536 1
9065 6198 71239546 1
9084 6163 71239556 1
9079 6087 71239566 1
9057 5985 71239576 1
8997 5823 71239586 1
8905 5657 71239596 1
8791 5489 71239606 1
8676 5296 71239616 1
8561 5101 71239626 1
8444 4904 71239637 1
8320 4702 71239647 1
8192 4516 71239657 1
8074 4342 71239667 1
7957 4155 71239677 1
7831 3992 71239687 1
7699 3846 71239697 1
7578 3705 71239707 1
7471 3608 71239717 1
7372 3540 71239727 1
7287 3484 71239737 1
7236 3457 71239747 1
7208 3449 71239757 1
7208 3449 71239767 1
7234 3473 71239777 1
7279 3510 71239787 1
7368 3566 71239797 1
7484 3637 71239807 1
7618 3717 71239817 1
7791 3838 71239827 1
7996 3973 71239837 1
8222 4118 71239847 1
8488 4287 71239857 1
8757 4470 71239867 1
9028 4662 71239877 1
9299 4843 71239887 1
9556 4990 71239897 1
9773 5114 71239907 1
9964 5206 71239917 1
10095 5277 71239927 1
10195 5333 71239937 1
10273 5377 71239947 1
10320 5414 71239957 1
10336 5440 71239967 1
10331 5471 71239977 1
10296 5505 71239987 1
8720 5961 71240127 0
8641 6044 71240137 1
8609 6069 71240147 1
8588 6090 71240157 1
8588 6078 71240167 1
8588 6045 71240177 1
8588 5976 71240187 1
8588 5865 71240197 1
8595 5725 71240207 1
8600 5568 71240217 1
8606 5351 71240227 1
8614 5094 71240237 1
8626 4777 71240247 1
8636 4454 71240257 1
8646 4126 71240267 1
8660 3741 71240277 1
8675 3400 71240287 1
8695 3088 71240297 1
8722 2765 71240307 1
8754 2473 71240317 1
8792 2201 71240327 1
8835 1908 71240337 1
8858 1692 71240347 1
8878 1528 71240357 1
8897 1392 71240367 1
8922 1272 71240377 1
