312
1798 5536 25756418 0
1764 5454 25756428 1
1738 5454 25756438 1
1727 5490 25756448 1
1738 5490 25756458 1
1776 5513 25756468 1
1832 5545 25756478 1
1931 5607 25756488 1
2078 5691 25756498 1
2256 5791 25756508 1
2442 5903 25756518 1
2633 6013 25756528 1
2815 6119 25756538 1
2989 6226 25756548 1
3166 6334 25756558 1
3304 6444 25756568 1
3416 6524 25756578 1
3485 6586 25756588 1
3507 6622 25756598 1
2992 7183 25756709 0
2980 7220 25756719 1
2974 7238 25756729 1
2969 7244 25756739 1
2969 7244 25756749 1
2969 7244 25756759 1
2981 7222 25756769 1
2992 7192 25756779 1
3005 7145 25756789 1
3018 7074 25756799 1
3033 6988 25756809 1
3049 6861 25756819 1
3066 6728 25756829 1
3076 6592 25756839 1
3082 6415 25756849 1
3075 6192 25756859 1
3064 5938 25756869 1
3049 5667 25756879 1
3049 5394 25756889 1
3054 5121 25756899 1
3066 4833 25756909 1
3081 4573 25756919 1
3096 4332 25756929 1
3111 4046 25756939 1
3122 3793 25756949 1
3130 3561 25756959 1
3142 3394 25756969 1
3148 3240 25756979 1
3148 3094 25756989 1
3148 2996 25756999 1
3143 2951 25757009 1
3137 2942 25757019 1
3117 2973 25757029 1
3089 3085 25757039 1
3055 3252 25757049 1
3024 3475 25757059 1
3175 6173 25757220 0
3147 6119 25757230 1
3121 6066 25757240 1
3083 6001 25757250 1
3036 5908 25757260 1
2984 5788 25757270 1
2917 5650 25757280 1
2837 5472 25757290 1
2748 5256 25757300 1
2639 5015 25757310 1
2530 4778 25757320 1
2422 4599 25757330 1
2335 4460 25757340 1
2272 4353 25757350 1
2224 4300 25757360 1
2194 4283 25757370 1
2170 4301 25757380 1
2159 4353 25757390 1
3015 5447 25757570 0
3084 5359 25757580 1
3136 5353 25757590 1
3198 5302 25757600 1
3278 5250 25757610 1
3369 5197 25757620 1
3470 5142 25757630 1
3573 5095 25757640 1
3678 5054 25757650 1
3770 5019 25757660 1
3855 4996 25757670 1
3925 4981 25757680 1
3986 4988 25757690 1
4171 5704 25757820 0
4211 5749 25757830 1
4225 5795 25757840 1
4288 5853 25757850 1
4380 5936 25757860 1
4490 6020 25757870 1
4640 6104 25757880 1
4804 6239 25757890 1
4977 6351 25757900 1
5128 6448 25757910 1
5268 6537 25757920 1
5400 6620 25757930 1
5504 6691 25757940 1
5582 6755 25757950 1
5643 6810 25757960 1
5671 6860 25757970 1
5043 7132 25758071 0
4997 7079 25758081 1
4979 7079 25758091 1
4979 7110 25758101 1
4994 7095 25758111 1
5014 7058 25758121 1
5036 7007 25758131 1
5060 6933 25758141 1
5085 6839 25758151 1
5110 6732 25758161 1
5128 6596 25758171 1
5142 6422 25758181 1
5150 6223 25758191 1
5150 6013 25758201 1
5156 5783 25758211 1
5164 5541 25758221 1
5174 5279 25758231 1
5184 4991 25758241 1
5199 4687 25758251 1
5210 4475 25758261 1
5218 4242 25758271 1
5218 3996 25758281 1
5218 3764 25758291 1
5209 3590 25758301 1
5209 3454 25758311 1
5201 3353 25758321 1
5191 3298 25758331 1
5176 3274 25758341 1
5148 3296 25758351 1
5111 3390 25758361 1
5068 3531 25758371 1
5031 3721 25758381 1
5061 6086 25758511 0
5092 6104 25758521 1
5092 6104 25758531 1
5092 6104 25758541 1
5085 6098 25758551 1
5071 6070 25758561 1
5044 6029 25758571 1
5010 5958 25758581 1
4970 5852 25758591 1
4921 5724 25758601 1
4858 5583 25758611 1
4786 5395 25758621 1
4666 5175 25758631 1
4543 4945 25758641 1
4417 4713 25758651 1
4300 4532 25758661 1
4185 4385 25758671 1
4095 4264 25758681 1
4020 4190 25758691 1
3973 4147 25758701 1
3931 4147 25758711 1
3901 4194 25758721 1
3896 4274 25758731 1
4815 5468 25758842 0
5047 5526 25758852 1
5145 5495 25758862 1
5247 5432 25758872 1
5359 5409 25758882 1
5478 5347 25758892 1
5604 5260 25758902 1
5737 5178 25758912 1
5875 5100 25758922 1
5984 5026 25758932 1
6074 4955 25758942 1
6166 4896 25758952 1
6254 4844 25758962 1
6340 4828 25758972 1
6414 4852 25758982 1
6574 6184 25759142 0
6548 6239 25759152 1
6568 6301 25759162 1
6637 6366 25759172 1
6739 6439 25759182 1
6879 6515 25759192 1
7028 6577 25759202 1
7184 6644 25759212 1
7383 6714 25759222 1
7555 6770 25759232 1
7710 6810 25759242 1
7839 6840 25759252 1
7954 6871 25759262 1
8060 6904 25759272 1
8152 6938 25759282 1
8223 6959 25759292 1
8281 6978 25759302 1
8302 6991 25759312 1
7599 6683 25759493 0
7551 6649 25759503 1
7501 6609 25759513 1
7433 6551 25759523 1
7354 6482 25759533 1
7267 6401 25759543 1
7184 6319 25759553 1
7113 6234 25759563 1
7049 6144 25759573 1
6988 6045 25759583 1
6933 5941 25759593 1
6890 5836 25759603 1
6857 5734 25759613 1
6833 5654 25759623 1
6842 5586 25759633 1
6872 5533 25759643 1
6918 5502 25759653 1
6987 5485 25759663 1
7070 5485 25759673 1
7168 5499 25759683 1
7278 5520 25759693 1
7397 5544 25759703 1
7512 5574 25759713 1
7623 5607 25759723 1
7731 5646 25759733 1
7830 5683 25759743 1
7906 5717 25759753 1
7966 5734 25759763 1
7986 5741 25759773 1
7986 5741 25759783 1
7967 5727 25759793 1
8225 6370 25759994 0
8239 6406 25760004 1
8239 6413 25760014 1
8232 6393 25760024 1
8215 6355 25760034 1
8168 6286 25760044 1
8109 6202 25760054 1
8042 6109 25760064 1
7963 5996 25760074 1
7866 5866 25760084 1
7758 5724 25760094 1
7656 5602 25760104 1
7553 5475 25760114 1
7450 5350 25760124 1
7350 5229 25760134 1
7252 5130 25760144 1
7160 5040 25760154 1
6807 4685 25760204 0
6627 4571 25760214 1
6544 4520 25760224 1
6467 4472 25760234 1
6416 4445 25760244 1
6383 4431 25760254 1
6377 4431 25760264 1
6377 4431 25760274 1
6391 4446 25760284 1
6423 4478 25760294 1
6489 4531 25760304 1
6607 4599 25760314 1
6759 4692 25760324 1
6969 4807 25760334 1
7207 4936 25760344 1
7464 5059 25760354 1
7727 5177 25760364 1
7995 5288 25760374 1
8234 5394 25760384 1
8451 5491 25760394 1
8661 5576 25760404 1
8852 5653 25760414 1
9030 5722 25760424 1
9156 5786 25760434 1
9245 5844 25760444 1
9309 5883 25760454 1
9326 5910 25760464 1
9303 5924 25760474 1
7803 6437 25760755 0
7782 6405 25760765 1
7776 6382 25760775 1
7771 6351 25760785 1
7766 6311 25760795 1
7766 6265 25760805 1
7766 6205 25760815 1
7776 6134 25760825 1
7789 6050 25760835 1
7804 5944 25760845 1
7812 5823 25760845 1
7812 5712 25760855 1
7822 5596 25760865 1
7828 5473 25760875 1
7833 5331 25760885 1
7833 5178 25760895 1
7833 5028 25760905 1
7826 4876 25760915 1
7820 4725 25760925 1
7811 4576 25760935 1
7800 4429 25760945 1
7789 4271 25760955 1
7780 4106 25760965 1
7773 3946 25760975 1
7768 3779 25760985 1
7768 3622 25760995 1
7768 3474 25761005 1
7768 3324 25761015 1
7776 3175 25761025 1
7783 3039 25761035 1
7793 2912 25761045 1
7808 2782 25761055 1
7827 2650 25761065 1
7849 2533 25761075 1
7871 2426 25761085 1
7892 2315 25761095 1
7912 2214 25761105 1
7927 2120 25761115 1
7939 2052 25761125 1
7954 2005 25761135 1
7962 1972 25761145 1
7962 1958 25761155 1
7972 1950 25761165 1
7972 1950 25761175 1
7972 1944 25761185 1
7972 1944 25761195 1
