337
2592 5227 37558840 0
2539 5143 37558850 1
2520 5155 37558860 1
2520 5138 37558870 1
2551 5103 37558880 1
2615 5082 37558890 1
2704 5087 37558900 1
2813 5109 37558910 1
2965 5153 37558920 1
3145 5224 37558930 1
3359 5314 37558940 1
3589 5432 37558950 1
3830 5546 37558960 1
4024 5652 37558970 1
4193 5750 37558980 1
4344 5842 37558990 1
4422 5911 37559000 1
4459 5966 37559010 1
4468 6026 37559020 1
4450 6102 37559030 1
4411 6189 37559040 1
4358 6305 37559050 1
4283 6444 37559060 1
4186 6598 37559070 1
4073 6742 37559080 1
3971 6891 37559090 1
3875 7037 37559100 1
3801 7179 37559110 1
3740 7302 37559120 1
3692 7387 37559130 1
3659 7447 37559140 1
3637 7475 37559150 1
3637 7481 37559160 1
3637 7473 37559170 1
3643 7397 37559180 1
3657 7246 37559190 1
3686 7046 37559200 1
3725 6772 37559210 1
3759 6497 37559220 1
3795 6146 37559230 1
3831 5745 37559240 1
3850 5359 37559250 1
3857 4895 37559260 1
3880 4379 37559270 1
3903 3963 37559280 1
3916 3619 37559290 1
3923 3324 37559300 1
3923 3056 37559310 1
3923 2857 37559320 1
3910 2704 37559330 1
3892 2611 37559340 1
3874 2558 37559350 1
3857 2532 37559360 1
3846 2525 37559370 1
3829 2556 37559380 1
3800 2613 37559390 1
3765 2746 37559400 1
3726 2934 37559410 1
3684 3159 37559420 1
3641 3436 37559430 1
3504 4563 37559470 0
3465 4955 37559480 1
3451 5059 37559490 1
3438 5123 37559500 1
3421 5147 37559510 1
3402 5152 37559520 1
3378 5144 37559530 1
3339 5097 37559551 1
3290 4977 37559561 1
3219 4808 37559571 1
3127 4597 37559581 1
3022 4388 37559591 1
2923 4181 37559601 1
2843 4009 37559611 1
2776 3885 37559621 1
2738 3794 37559631 1
2724 3759 37559641 1
2724 3759 37559651 1
2745 3786 37559661 1
2784 3871 37559671 1
2836 3982 37559681 1
2899 4111 37559691 1
2979 4235 37559701 1
3071 4355 37559711 1
3182 4439 37559721 1
3290 4502 37559731 1
3395 4531 37559741 1
3505 4531 37559751 1
3631 4519 37559761 1
3767 4473 37559771 1
3880 4422 37559781 1
3995 4365 37559791 1
4098 4310 37559801 1
4192 4267 37559811 1
4260 4229 37559821 1
4304 4208 37559831 1
4331 4197 37559841 1
4336 4197 37559851 1
4336 4197 37559861 1
4336 4228 37559871 1
4336 4280 37559881 1
4329 4376 37559891 1
4405 5413 37560011 0
4501 5402 37560021 1
4511 5440 37560031 1
4495 5459 37560041 1
4549 5465 37560051 1
4663 5507 37560061 1
4817 5571 37560071 1
4967 5650 37560081 1
5123 5734 37560091 1
5288 5826 37560101 1
5457 5923 37560111 1
5613 6007 37560121 1
5771 6077 37560131 1
5897 6138 37560141 1
6002 6185 37560151 1
6075 6231 37560161 1
6119 6267 37560171 1
6144 6297 37560181 1
6144 6336 37560191 1
6121 6385 37560201 1
5668 6807 37560272 0
5533 6996 37560282 1
5479 7054 37560292 1
5444 7092 37560302 1
5421 7107 37560312 1
5421 7107 37560322 1
5427 7093 37560332 1
5443 7025 37560342 1
5468 6889 37560352 1
5497 6707 37560362 1
5528 6509 37560372 1
5561 6263 37560382 1
5595 5986 37560392 1
5629 5676 37560402 1
5662 5358 37560412 1
5683 5035 37560422 1
5696 4660 37560432 1
5704 4318 37560442 1
5704 3997 37560442 1
5704 3620 37560452 1
5704 3311 37560462 1
5704 3047 37560472 1
5694 2732 37560482 1
5683 2520 37560492 1
5669 2377 37560502 1
5644 2249 37560512 1
5621 2166 37560522 1
5602 2114 37560532 1
5587 2103 37560542 1
5571 2142 37560552 1
5541 2215 37560562 1
5501 2350 37560572 1
5457 2557 37560582 1
5410 2813 37560592 1
5361 3105 37560602 1
5307 3460 37560612 1
5252 3857 37560622 1
5197 4212 37560632 1
5146 4514 37560642 1
5112 4781 37560652 1
5089 4943 37560662 1
5083 5055 37560672 1
5083 5135 37560682 1
5088 5193 37560692 1
5088 5212 37560702 1
5093 5206 37560712 1
5093 5201 37560722 1
5088 5148 37560732 1
5069 5064 37560742 1
5040 4917 37560752 1
4987 4743 37560762 1
4915 4552 37560772 1
4829 4361 37560782 1
4716 4169 37560792 1
4606 4006 37560802 1
4497 3862 37560812 1
4417 3754 37560822 1
4367 3702 37560832 1
4338 3687 37560842 1
4331 3701 37560852 1
4347 3775 37560862 1
4377 3888 37560872 1
4436 4020 37560882 1
4520 4178 37560892 1
4621 4354 37560902 1
4764 4503 37560912 1
4897 4604 37560922 1
5024 4673 37560932 1
5159 4708 37560942 1
5294 4713 37560953 1
5421 4697 37560963 1
5543 4634 37560973 1
5678 4544 37560983 1
5817 4437 37560993 1
5958 4318 37561003 1
6094 4215 37561013 1
6232 4123 37561023 1
6351 4053 37561033 1
6457 4002 37561043 1
6535 3965 37561053 1
6588 3943 37561063 1
6624 3934 37561073 1
6643 3934 37561083 1
6655 3940 37561093 1
6661 3985 37561103 1
6672 4058 37561113 1
7430 6771 37561393 0
7430 6704 37561403 1
7354 6738 37561413 1
7347 6746 37561423 1
7363 6738 37561433 1
7393 6738 37561443 1
7450 6738 37561453 1
7530 6751 37561463 1
7624 6781 37561473 1
7748 6831 37561483 1
7909 6895 37561493 1
8094 6980 37561503 1
8322 7073 37561513 1
8585 7171 37561523 1
8872 7261 37561533 1
9134 7347 37561543 1
9353 7410 37561553 1
9544 7459 37561563 1
9669 7484 37561573 1
9749 7491 37561583 1
9798 7485 37561593 1
9810 7475 37561603 1
9792 7459 37561613 1
9753 7412 37561623 1
8762 6928 37561684 0
8488 6784 37561694 1
8381 6746 37561704 1
8313 6692 37561714 1
8269 6618 37561724 1
8269 6532 37561734 1
8293 6411 37561744 1
8341 6279 37561754 1
8397 6141 37561764 1
8454 6014 37561774 1
8513 5899 37561784 1
8565 5793 37561794 1
8613 5722 37561804 1
8651 5663 37561814 1
8687 5612 37561824 1
8722 5576 37561834 1
8766 5566 37561844 1
8831 5574 37561854 1
8909 5622 37561864 1
9205 5979 37561904 0
9448 6271 37561914 1
9550 6388 37561924 1
9636 6471 37561934 1
9689 6513 37561944 1
9718 6528 37561954 1
9731 6521 37561964 1
9740 6508 37561974 1
9722 6447 37561984 1
9686 6357 37561994 1
9607 6245 37562004 1
9482 6112 37562014 1
9325 5965 37562024 1
9140 5784 37562034 1
8937 5615 37562044 1
8723 5453 37562054 1
8503 5264 37562064 1
8280 5081 37562074 1
8056 4903 37562084 1
7839 4720 37562094 1
7625 4575 37562104 1
7444 4455 37562114 1
7284 4339 37562124 1
7158 4259 37562134 1
7093 4203 37562144 1
7068 4189 37562154 1
7073 4196 37562164 1
7133 4216 37562174 1
7229 4276 37562184 1
7400 4373 37562194 1
7633 4495 37562204 1
7907 4620 37562214 1
8198 4751 37562224 1
8533 4885 37562234 1
8897 5006 37562244 1
9232 5111 37562254 1
9550 5205 37562264 1
9857 5289 37562274 1
10104 5342 37562284 1
10295 5374 37562294 1
10449 5393 37562304 1
10580 5408 37562314 1
10666 5417 37562324 1
10721 5417 37562334 1
10733 5425 37562344 1
10718 5425 37562354 1
10686 5448 37562364 1
10627 5479 37562374 1
8725 7222 37562615 0
8725 7222 37562625 1
8659 7302 37562635 1
8644 7315 37562645 1
8644 7322 37562655 1
8644 7322 37562665 1
8655 7300 37562675 1
8670 7266 37562685 1
8686 7194 37562695 1
8696 7089 37562705 1
8702 6961 37562715 1
8702 6804 37562725 1
8702 6650 37562735 1
8702 6498 37562745 1
8707 6307 37562755 1
8714 6115 37562765 1
8720 5908 37562775 1
8720 5691 37562785 1
8714 5485 37562795 1
8701 5262 37562805 1
8688 5011 37562815 1
8674 4747 37562825 1
8667 4519 37562835 1
8659 4256 37562845 1
8652 3969 37562855 1
8647 3680 37562865 1
8647 3416 37562875 1
8652 3169 37562885 1
8652 2877 37562895 1
8652 2583 37562905 1
8646 2301 37562915 1
8646 2029 37562925 1
8646 1762 37562935 1
8646 1533 37562945 1
8646 1330 37562955 1
8659 1150 37562965 1
8673 988 37562975 1
8692 839 37562985 1
