319
2707 4989 26225750 0
2707 4989 26225760 1
2666 4960 26225770 1
2666 4960 26225780 1
2666 4960 26225790 1
2666 4960 26225800 1
2666 4960 26225810 1
2666 4960 26225820 1
2666 4960 26225830 1
2666 4960 26225840 1
2672 4960 26225850 1
2677 4955 26225860 1
2690 4955 26225870 1
2713 4955 26225880 1
2747 4960 26225890 1
2811 4974 26225900 1
2893 5012 26225910 1
3004 5057 26225920 1
3142 5108 26225930 1
3297 5164 26225940 1
3465 5242 26225950 1
3669 5336 26225960 1
3898 5474 26225970 1
4109 5588 26225980 1
4320 5686 26225990 1
4485 5757 26226000 1
4618 5805 26226010 1
4721 5839 26226020 1
4787 5853 26226030 1
4829 5853 26226040 1
4851 5847 26226050 1
4866 5840 26226060 1
4876 5834 26226070 1
4876 5828 26226080 1
4868 5823 26226090 1
3901 6765 26226301 0
3875 6849 26226311 1
3831 6909 26226321 1
3804 6944 26226331 1
3788 6958 26226341 1
3788 6958 26226351 1
3796 6942 26226361 1
3815 6888 26226371 1
3842 6810 26226381 1
3862 6706 26226391 1
3879 6558 26226401 1
3894 6382 26226411 1
3908 6183 26226421 1
3921 5960 26226431 1
3934 5720 26226441 1
3948 5486 26226451 1
3961 5199 26226461 1
3972 4877 26226471 1
3980 4571 26226481 1
3988 4287 26226491 1
3988 4018 26226501 1
3988 3753 26226511 1
3982 3543 26226521 1
3982 3369 26226531 1
3974 3184 26226541 1
3974 3057 26226551 1
3974 2969 26226561 1
3968 2914 26226571 1
3968 2878 26226581 1
3958 2854 26226591 1
3958 2846 26226601 1
3958 2846 26226611 1
3958 2846 26226621 1
3952 2846 26226631 1
3936 2887 26226641 1
3912 2950 26226651 1
3884 3038 26226661 1
3852 3141 26226671 1
3817 3253 26226681 1
3791 3377 26226691 1
3769 3501 26226701 1
3566 4784 26226801 0
3597 4902 26226811 1
3538 4938 26226821 1
3528 4956 26226831 1
3523 4962 26226841 1
3532 4936 26226851 1
3548 4862 26226861 1
3548 4756 26226871 1
3534 4648 26226881 1
3503 4515 26226891 1
3450 4366 26226901 1
3379 4189 26226911 1
3295 4021 26226921 1
3204 3860 26226931 1
3106 3701 26226941 1
3004 3588 26226951 1
2917 3505 26226961 1
2853 3447 26226971 1
2804 3428 26226981 1
2781 3434 26226991 1
2763 3461 26227001 1
2753 3550 26227011 1
2784 3680 26227021 1
2842 3881 26227031 1
2939 4076 26227041 1
3081 4247 26227051 1
3253 4405 26227061 1
3410 4494 26227071 1
3563 4539 26227081 1
3712 4554 26227091 1
3827 4535 26227101 1
3938 4496 26227111 1
4046 4444 26227121 1
4160 4387 26227131 1
4260 4334 26227141 1
4350 4292 26227151 1
4419 4258 26227161 1
4467 4240 26227171 1
4501 4229 26227181 1
4517 4224 26227191 1
4523 4224 26227201 1
4523 4224 26227211 1
4523 4236 26227221 1
4534 4293 26227231 1
4649 5196 26227392 0
4704 5141 26227402 1
4692 5169 26227412 1
4657 5221 26227422 1
4684 5240 26227432 1
4765 5289 26227442 1
4882 5358 26227452 1
5017 5446 26227462 1
5174 5543 26227472 1
5345 5645 26227482 1
5503 5746 26227492 1
5645 5845 26227502 1
5777 5915 26227512 1
5862 5967 26227522 1
5908 5989 26227532 1
5928 6005 26227542 1
5933 6005 26227552 1
5933 6005 26227562 1
5925 6014 26227572 1
5908 6021 26227582 1
5408 7018 26227723 0
5344 7046 26227733 1
5294 7084 26227743 1
5273 7084 26227753 1
5273 7065 26227763 1
5273 6979 26227773 1
5285 6858 26227783 1
5300 6715 26227793 1
5319 6567 26227803 1
5345 6383 26227813 1
5377 6174 26227823 1
5412 5931 26227833 1
5449 5673 26227843 1
5489 5406 26227853 1
5533 5122 26227863 1
5567 4839 26227873 1
5595 4560 26227883 1
5608 4264 26227893 1
5615 3952 26227903 1
5615 3651 26227913 1
5607 3391 26227923 1
5597 3159 26227933 1
5587 2935 26227943 1
5587 2768 26227953 1
5592 2639 26227963 1
5598 2573 26227973 1
5604 2543 26227983 1
5604 2538 26227993 1
5604 2538 26228003 1
5604 2538 26228013 1
5604 2538 26228023 1
5598 2538 26228033 1
5583 2568 26228043 1
5546 2620 26228053 1
5492 2726 26228063 1
5427 2881 26228073 1
5343 3068 26228083 1
5238 3271 26228093 1
4996 5052 26228344 0
5049 5031 26228354 1
5017 5088 26228364 1
4990 5098 26228374 1
4972 5076 26228384 1
4960 5026 26228394 1
4948 4926 26228404 1
4932 4793 26228414 1
4912 4647 26228424 1
4875 4467 26228434 1
4815 4264 26228444 1
4739 4041 26228454 1
4628 3815 26228464 1
4520 3586 26228474 1
4414 3423 26228484 1
4326 3294 26228494 1
4265 3189 26228504 1
4222 3156 26228514 1
4210 3156 26228524 1
4202 3176 26228534 1
4736 4542 26228624 0
4995 4657 26228634 1
5047 4673 26228644 1
5123 4668 26228654 1
5232 4616 26228664 1
5362 4522 26228674 1
5515 4400 26228684 1
5699 4272 26228694 1
5904 4153 26228704 1
6092 4051 26228714 1
6292 3957 26228724 1
6500 3866 26228734 1
6682 3784 26228744 1
6845 3709 26228754 1
6996 3659 26228764 1
7113 3621 26228774 1
7209 3590 26228784 1
7290 3571 26228794 1
7344 3563 26228804 1
7379 3563 26228814 1
7401 3580 26228824 1
7458 6273 26229065 0
7430 6273 26229075 1
7365 6405 26229085 1
7261 6469 26229095 1
7252 6487 26229105 1
7295 6511 26229115 1
7372 6563 26229125 1
7532 6635 26229135 1
7763 6723 26229145 1
8041 6838 26229155 1
8334 6970 26229165 1
8627 7096 26229175 1
8921 7187 26229185 1
9101 7255 26229195 1
9218 7290 26229205 1
9294 7302 26229215 1
9322 7302 26229225 1
9310 7281 26229235 1
9270 7227 26229245 1
8021 6519 26229345 0
7963 6381 26229355 1
7923 6381 26229365 1
7923 6334 26229375 1
7949 6253 26229385 1
8002 6139 26229395 1
8085 6024 26229405 1
8183 5906 26229415 1
8292 5809 26229425 1
8395 5725 26229435 1
8481 5660 26229445 1
9163 6299 26229555 0
9365 6300 26229565 1
9414 6370 26229575 1
9420 6516 26229585 1
9426 6510 26229595 1
9433 6465 26229605 1
9456 6394 26229615 1
9440 6283 26229625 1
9398 6153 26229635 1
9277 6011 26229645 1
9110 5844 26229655 1
8913 5682 26229665 1
8670 5524 26229675 1
8428 5339 26229685 1
8197 5161 26229695 1
7973 4988 26229705 1
7774 4821 26229715 1
7619 4705 26229725 1
7494 4622 26229735 1
7418 4583 26229745 1
7395 4572 26229755 1
7407 4580 26229765 1
7433 4592 26229775 1
7529 4646 26229785 1
7672 4729 26229795 1
7906 4846 26229805 1
8142 4959 26229815 1
8430 5063 26229825 1
8753 5159 26229835 1
9081 5249 26229845 1
9373 5321 26229855 1
9642 5381 26229865 1
9861 5420 26229875 1
10024 5439 26229885 1
10150 5445 26229895 1
10225 5445 26229905 1
10266 5436 26229915 1
10283 5431 26229925 1
10283 5431 26229935 1
10258 5431 26229945 1
10216 5424 26229955 1
10114 5418 26229965 1
8395 6485 26230106 0
8300 6506 26230116 1
8231 6613 26230126 1
8194 6628 26230136 1
8194 6603 26230146 1
8213 6551 26230156 1
8251 6419 26230166 1
8307 6262 26230176 1
8363 6088 26230186 1
8415 5887 26230196 1
8451 5683 26230206 1
8477 5472 26230216 1
8489 5218 26230226 1
8489 4934 26230236 1
8489 4639 26230246 1
8489 4328 26230256 1
8480 4006 26230266 1
8467 3635 26230276 1
8449 3277 26230286 1
8432 2927 26230296 1
8417 2539 26230306 1
8406 2183 26230316 1
8406 1849 26230326 1
8406 1526 26230336 1
8399 1246 26230346 1
8399 996 26230356 1
8405 843 26230366 1
8441 750 26230376 1
