324
3115 6216 37647277 0
3133 6258 37647287 1
3138 6270 37647297 1
3144 6281 37647307 1
3144 6289 37647317 1
3149 6298 37647327 1
3149 6307 37647337 1
3149 6314 37647347 1
3149 6320 37647357 1
3149 6327 37647367 1
3149 6336 37647377 1
3140 6346 37647387 1
3125 6360 37647397 1
3105 6372 37647407 1
3078 6383 37647417 1
3044 6394 37647427 1
3006 6401 37647437 1
2948 6394 37647447 1
2864 6377 37647457 1
2762 6326 37647467 1
2621 6244 37647477 1
2465 6142 37647487 1
2298 5996 37647497 1
2122 5813 37647507 1
1950 5605 37647517 1
1780 5365 37647527 1
1638 5082 37647537 1
1501 4770 37647547 1
1398 4482 37647557 1
1315 4188 37647567 1
1275 3890 37647577 1
1275 3659 37647587 1
1309 3509 37647597 1
1375 3414 37647607 1
1470 3320 37647617 1
1585 3290 37647627 1
1732 3302 37647637 1
1888 3346 37647647 1
2049 3432 37647657 1
2247 3547 37647667 1
2446 3684 37647677 1
2644 3830 37647687 1
2841 3981 37647697 1
3000 4093 37647707 1
3149 4193 37647717 1
3292 4286 37647727 1
3407 4380 37647737 1
3494 4457 37647747 1
3563 4523 37647757 1
3593 4564 37647767 1
3593 4591 37647777 1
3575 4608 37647787 1
3536 4621 37647797 1
3470 4611 37647807 1
3385 4586 37647817 1
3273 4510 37647827 1
3148 4392 37647837 1
3013 4245 37647847 1
2914 4095 37647857 1
2847 3946 37647867 1
2800 3812 37647877 1
2791 3689 37647887 1
2803 3607 37647897 1
2828 3548 37647907 1
2874 3505 37647908 1
2940 3490 37647918 1
3019 3513 37647928 1
3133 3562 37647938 1
3253 3654 37647948 1
3377 3782 37647958 1
3501 3935 37647968 1
3632 4109 37647978 1
3758 4289 37647988 1
3828 4473 37647998 1
3863 4559 37648008 1
3874 4592 37648018 1
3874 4592 37648028 1
3867 4586 37648038 1
3852 4518 37648048 1
3822 4408 37648058 1
3781 4244 37648068 1
3753 4095 37648078 1
3746 3956 37648088 1
3754 3840 37648098 1
3778 3756 37648108 1
3807 3693 37648118 1
3845 3660 37648128 1
3886 3648 37648138 1
3933 3648 37648148 1
3998 3679 37648158 1
4075 3744 37648168 1
4167 3834 37648178 1
4261 3950 37648188 1
4356 4069 37648198 1
4438 4190 37648208 1
4511 4284 37648218 1
4581 4372 37648228 1
4638 4428 37648238 1
4687 4464 37648248 1
4722 4474 37648258 1
4750 4479 37648268 1
4772 4465 37648278 1
4801 4440 37648288 1
4828 4391 37648298 1
4840 4307 37648308 1
4840 4199 37648318 1
4829 4092 37648328 1
4803 3984 37648338 1
4769 3871 37648348 1
4738 3774 37648358 1
4712 3687 37648368 1
4694 3642 37648378 1
4694 3621 37648388 1
4703 3616 37648398 1
4721 3616 37648408 1
4774 3688 37648418 1
4849 3798 37648428 1
4938 3948 37648438 1
5042 4092 37648448 1
5156 4209 37648458 1
5277 4311 37648468 1
5394 4396 37648478 1
5484 4437 37648488 1
5558 4450 37648498 1
5608 4431 37648508 1
5636 4370 37648518 1
5650 4281 37648528 1
5634 4173 37648538 1
5602 4063 37648548 1
5560 3964 37648558 1
5523 3872 37648568 1
5489 3801 37648578 1
5471 3759 37648588 1
5464 3737 37648598 1
5470 3743 37648608 1
5476 3748 37648618 1
5483 3807 37648628 1
5545 3903 37648638 1
5625 4039 37648648 1
5717 4189 37648658 1
5841 4348 37648668 1
5949 4472 37648678 1
6047 4552 37648688 1
6147 4602 37648698 1
6237 4634 37648708 1
6320 4645 37648718 1
6374 4645 37648728 1
6400 4615 37648738 1
6407 4552 37648748 1
6389 4466 37648758 1
6356 4355 37648768 1
6312 4228 37648778 1
6270 4090 37648788 1
6232 3966 37648798 1
6202 3846 37648808 1
6196 3728 37648818 1
6205 3652 37648828 1
6227 3594 37648838 1
6283 3547 37648848 1
6362 3547 37648858 1
6441 3575 37648868 1
6543 3627 37648878 1
6659 3706 37648888 1
6772 3812 37648898 1
6870 3936 37648908 1
6958 4064 37648918 1
7017 4192 37648928 1
7051 4320 37648938 1
7069 4407 37648948 1
7077 4460 37648958 1
7084 4491 37648968 1
7091 4519 37648978 1
7108 4545 37648988 1
7130 4565 37648998 1
7161 4580 37649008 1
7199 4589 37649018 1
7243 4589 37649028 1
7290 4589 37649038 1
7336 4579 37649048 1
7374 4562 37649058 1
7407 4539 37649068 1
7420 4489 37649078 1
7407 4422 37649088 1
7376 4322 37649098 1
7328 4217 37649108 1
7275 4115 37649109 1
7218 4017 37649119 1
7177 3932 37649129 1
7155 3868 37649139 1
7146 3817 37649149 1
7153 3795 37649159 1
7165 3795 37649169 1
7184 3812 37649179 1
7239 3877 37649189 1
7316 3967 37649199 1
7406 4075 37649209 1
7517 4206 37649219 1
7642 4348 37649229 1
7755 4497 37649239 1
7869 4592 37649249 1
7961 4648 37649259 1
8037 4678 37649269 1
8098 4684 37649279 1
8139 4666 37649289 1
8166 4633 37649299 1
8161 4560 37649309 1
8131 4456 37649319 1
8084 4331 37649329 1
8036 4214 37649339 1
7990 4113 37649349 1
7944 4022 37649359 1
7909 3949 37649369 1
7875 3905 37649379 1
7864 3880 37649389 1
7864 3880 37649400 1
7871 3908 37649410 1
7899 3952 37649420 1
7942 4039 37649430 1
8008 4154 37649440 1
8091 4288 37649450 1
8186 4432 37649460 1
8286 4553 37649470 1
8386 4628 37649480 1
8485 4681 37649490 1
8567 4704 37649500 1
8639 4704 37649510 1
8697 4689 37649520 1
8730 4651 37649530 1
8747 4595 37649540 1
8741 4527 37649550 1
8713 4430 37649560 1
8670 4315 37649570 1
8618 4188 37649580 1
8566 4068 37649590 1
8515 3965 37649600 1
8496 3874 37649610 1
8503 3806 37649620 1
8528 3766 37649630 1
8582 3744 37649640 1
8662 3756 37649650 1
8759 3808 37649660 1
8895 3887 37649670 1
9024 3979 37649680 1
9148 4090 37649690 1
9269 4215 37649700 1
9383 4358 37649710 1
9491 4501 37649720 1
9563 4611 37649730 1
9607 4701 37649740 1
9631 4757 37649750 1
9639 4784 37649760 1
9639 4793 37649770 1
9639 4793 37649780 1
9644 4783 37649790 1
9644 4736 37649800 1
9630 4665 37649810 1
9603 4554 37649820 1
9563 4418 37649830 1
9512 4265 37649840 1
9454 4118 37649850 1
9400 3987 37649860 1
9368 3867 37649870 1
9351 3768 37649880 1
9359 3705 37649890 1
9391 3667 37649900 1
9439 3653 37649910 1
9507 3683 37649910 1
9608 3743 37649920 1
9730 3847 37649930 1
9868 3977 37649940 1
10019 4124 37649950 1
10179 4306 37649960 1
10329 4505 37649970 1
10480 4716 37649980 1
10602 4917 37649990 1
10704 5068 37650000 1
10773 5185 37650010 1
10804 5217 37650020 1
10810 5210 37650030 1
10824 5177 37650040 1
10813 5072 37650050 1
10786 4901 37650060 1
10745 4687 37650070 1
10700 4473 37650080 1
10652 4232 37650090 1
10598 3973 37650100 1
10518 3664 37650110 1
10420 3373 37650120 1
10369 3093 37650130 1
10305 2729 37650140 1
10232 2405 37650150 1
10144 2109 37650160 1
10057 1767 37650171 1
9970 1482 37650181 1
9860 1234 37650191 1
9741 993 37650201 1
9615 775 37650211 1
9485 573 37650221 1
9355 442 37650231 1
9226 353 37650241 1
9123 291 37650251 1
9038 282 37650261 1
8966 332 37650271 1
8899 421 37650281 1
8869 602 37650291 1
8864 873 37650301 1
8942 1204 37650311 1
9091 1615 37650321 1
9288 2005 37650331 1
9567 2380 37650341 1
9886 2721 37650351 1
10231 3007 37650361 1
10560 3257 37650371 1
10853 3467 37650381 1
11121 3612 37650391 1
11297 3715 37650401 1
11425 3773 37650411 1
11521 3799 37650421 1
11567 3804 37650431 1
11586 3797 37650441 1
11586 3788 37650451 1
11576 3772 37650461 1
11553 3743 37650471 1
11521 3705 37650481 1
