333
3105 6797 37687414 0
3132 6804 37687424 1
3132 6824 37687434 1
3132 6847 37687444 1
3132 6870 37687454 1
3132 6901 37687464 1
3132 6937 37687474 1
3107 6980 37687484 1
3075 7019 37687494 1
3016 7050 37687504 1
2940 7064 37687514 1
2853 7064 37687524 1
2751 7052 37687534 1
2595 6965 37687544 1
2403 6829 37687554 1
2217 6674 37687564 1
2021 6447 37687574 1
1819 6171 37687584 1
1648 5841 37687594 1
1482 5490 37687604 1
1357 5126 37687614 1
1258 4734 37687624 1
1206 4420 37687634 1
1195 4159 37687644 1
1212 3940 37687654 1
1268 3787 37687664 1
1359 3677 37687674 1
1474 3641 37687684 1
1637 3664 37687694 1
1821 3727 37687704 1
2018 3859 37687714 1
2247 3997 37687724 1
2475 4140 37687734 1
2703 4258 37687744 1
2883 4393 37687754 1
3057 4540 37687764 1
3228 4636 37687774 1
3380 4721 37687784 1
3515 4800 37687794 1
3639 4873 37687804 1
3743 4932 37687814 1
3801 4983 37687824 1
3827 5017 37687834 1
3827 5049 37687844 1
3822 5080 37687854 1
3804 5115 37687864 1
3770 5152 37687874 1
3710 5169 37687884 1
3633 5153 37687894 1
3533 5115 37687904 1
3426 5031 37687914 1
3313 4911 37687924 1
3210 4768 37687934 1
3109 4629 37687944 1
3034 4489 37687954 1
2974 4348 37687964 1
2952 4237 37687974 1
2952 4145 37687984 1
2968 4094 37687994 1
2994 4067 37688004 1
3044 4057 37688014 1
3111 4086 37688024 1
3216 4161 37688034 1
3322 4266 37688044 1
3432 4383 37688054 1
3542 4507 37688064 1
3651 4637 37688074 1
3744 4776 37688084 1
3826 4913 37688094 1
3886 5048 37688104 1
3921 5116 37688114 1
3938 5141 37688124 1
3938 5141 37688134 1
3938 5133 37688144 1
3924 5074 37688154 1
3909 4979 37688164 1
3883 4839 37688174 1
3859 4693 37688184 1
3840 4568 37688194 1
3833 4460 37688204 1
3833 4363 37688214 1
3844 4287 37688224 1
3856 4224 37688234 1
3877 4186 37688244 1
3902 4167 37688254 1
3933 4160 37688264 1
3973 4175 37688274 1
4029 4215 37688284 1
4095 4273 37688294 1
4165 4348 37688304 1
4237 4445 37688314 1
4311 4557 37688324 1
4375 4659 37688334 1
4432 4754 37688344 1
4483 4838 37688354 1
4523 4894 37688364 1
4556 4933 37688374 1
4587 4959 37688384 1
4616 4969 37688394 1
4644 4969 37688404 1
4675 4944 37688414 1
4703 4888 37688424 1
4717 4811 37688434 1
4717 4704 37688444 1
4706 4607 37688454 1
4683 4516 37688464 1
4655 4422 37688474 1
4633 4341 37688484 1
4613 4269 37688494 1
4600 4222 37688504 1
4600 4200 37688514 1
4600 4194 37688524 1
4600 4194 37688534 1
4613 4224 37688544 1
4663 4272 37688554 1
4737 4385 37688564 1
4824 4510 37688574 1
4926 4642 37688584 1
5039 4759 37688594 1
5157 4873 37688604 1
5275 4948 37688614 1
5377 4998 37688624 1
5468 5022 37688634 1
5537 5022 37688644 1
5587 5004 37688654 1
5624 4960 37688664 1
5646 4895 37688674 1
5646 4817 37688684 1
5638 4715 37688694 1
5612 4619 37688704 1
5576 4527 37688714 1
5534 4437 37688724 1
5499 4347 37688734 1
5469 4276 37688744 1
5449 4217 37688754 1
5449 4186 37688764 1
5449 4175 37688774 1
5457 4175 37688784 1
5468 4186 37688794 1
5507 4243 37688804 1
5563 4331 37688814 1
5634 4443 37688824 1
5710 4564 37688834 1
5806 4690 37688844 1
5913 4807 37688854 1
6011 4920 37688864 1
6107 4993 37688874 1
6192 5040 37688884 1
6269 5060 37688894 1
6327 5055 37688904 1
6367 5033 37688914 1
6395 4988 37688924 1
6406 4908 37688934 1
6399 4806 37688944 1
6380 4691 37688954 1
6352 4576 37688964 1
6325 4461 37688974 1
6299 4339 37688984 1
6288 4222 37688994 1
6288 4129 37689004 1
6299 4051 37689014 1
6329 3995 37689024 1
6362 3960 37689034 1
6403 3940 37689044 1
6452 3947 37689054 1
6509 3976 37689064 1
6575 4020 37689074 1
6647 4080 37689084 1
6721 4165 37689094 1
6802 4266 37689104 1
6886 4395 37689114 1
6965 4521 37689124 1
7036 4642 37689134 1
7103 4746 37689144 1
7165 4840 37689154 1
7222 4909 37689164 1
7276 4963 37689174 1
7332 5008 37689184 1
7379 5038 37689194 1
7420 5063 37689204 1
7464 5078 37689214 1
7509 5083 37689224 1
7554 5078 37689234 1
7589 5066 37689244 1
7618 5046 37689254 1
7637 5019 37689264 1
7637 4966 37689274 1
7622 4896 37689284 1
7586 4796 37689294 1
7536 4696 37689304 1
7477 4597 37689314 1
7419 4499 37689324 1
7364 4405 37689334 1
7317 4315 37689344 1
7277 4248 37689354 1
7256 4211 37689364 1
7246 4194 37689374 1
7251 4194 37689384 1
7264 4226 37689394 1
7283 4270 37689404 1
7343 4356 37689414 1
7406 4452 37689424 1
7487 4555 37689434 1
7578 4674 37689444 1
7678 4807 37689454 1
7797 4950 37689464 1
7928 5060 37689474 1
8023 5128 37689484 1
8100 5167 37689494 1
8165 5173 37689504 1
8210 5154 37689514 1
8237 5119 37689524 1
8252 5056 37689534 1
8241 4967 37689544 1
8209 4860 37689554 1
8164 4742 37689564 1
8114 4631 37689574 1
8062 4530 37689584 1
8008 4432 37689594 1
7965 4356 37689604 1
7940 4311 37689614 1
7926 4286 37689624 1
7926 4286 37689634 1
7926 4286 37689644 1
7926 4322 37689654 1
7954 4374 37689664 1
7996 4455 37689674 1
8048 4546 37689684 1
8118 4643 37689694 1
8199 4755 37689704 1
8302 4881 37689714 1
8414 5016 37689724 1
8531 5107 37689708 1
8634 5163 37689718 1
8727 5197 37689728 1
8814 5211 37689738 1
8892 5211 37689748 1
8940 5190 37689758 1
8969 5144 37689768 1
8969 5069 37689778 1
8954 4975 37689788 1
8919 4847 37689798 1
8867 4713 37689808 1
8815 4576 37689818 1
8763 4454 37689828 1
8729 4344 37689838 1
8715 4243 37689848 1
8715 4167 37689858 1
8736 4121 37689868 1
8782 4095 37689878 1
8844 4095 37689888 1
8935 4124 37689898 1
9029 4178 37689908 1
9132 4257 37689918 1
9241 4355 37689928 1
9364 4467 37689938 1
9496 4586 37689948 1
9612 4717 37689958 1
9716 4856 37689968 1
9813 5001 37689978 1
9896 5137 37689988 1
9955 5233 37689998 1
9999 5307 37690008 1
10015 5340 37690018 1
10020 5349 37690028 1
10020 5341 37690038 1
10020 5309 37690048 1
9989 5212 37690058 1
9939 5071 37690068 1
9871 4894 37690078 1
9805 4716 37690088 1
9744 4538 37690098 1
9704 4394 37690108 1
9677 4275 37690118 1
9667 4174 37690128 1
9680 4117 37690138 1
9708 4091 37690148 1
9751 4086 37690158 1
9798 4116 37690168 1
9880 4184 37690178 1
9982 4277 37690188 1
10071 4394 37690198 1
10164 4524 37690208 1
10259 4663 37690218 1
10354 4830 37690228 1
10464 5010 37690238 1
10559 5200 37690248 1
10645 5338 37690258 1
10694 5413 37690268 1
10716 5446 37690278 1
10721 5446 37690288 1
10732 5393 37690298 1
10738 5313 37690308 1
10709 5157 37690318 1
10658 4941 37690328 1
10599 4686 37690338 1
10541 4440 37690348 1
10484 4162 37690358 1
10434 3863 37690368 1
10383 3558 37690378 1
10332 3246 37690388 1
10264 2930 37690398 1
10184 2560 37690408 1
10098 2226 37690418 1
9988 1915 37690428 1
9861 1555 37690438 1
9719 1234 37690448 1
9577 939 37690458 1
9422 678 37690468 1
9259 474 37690478 1
9106 307 37690488 1
8959 200 37690498 1
8822 163 37690508 1
8727 173 37690518 1
8661 268 37690528 1
8618 454 37690538 1
8618 702 37690548 1
8656 1010 37690558 1
8770 1428 37690568 1
8973 1919 37690578 1
9235 2428 37690588 1
9581 2890 37690598 1
9976 3320 37690608 1
10403 3704 37690618 1
10831 3978 37690628 1
11183 4179 37690638 1
11485 4327 37690648 1
11676 4427 37690658 1
11793 4495 37690668 1
11860 4533 37690678 1
11905 4550 37690688 1
11935 4550 37690698 1
11955 4545 37690708 1
