315
3793 5848 35868145 0
3909 5960 35868155 1
3967 6014 35868165 1
4015 6078 35868175 1
4056 6149 35868185 1
4088 6205 35868195 1
4105 6254 35868205 1
4112 6290 35868215 1
4112 6317 35868225 1
4098 6340 35868235 1
4079 6364 35868245 1
4041 6386 35868255 1
3983 6406 35868265 1
3912 6422 35868275 1
3826 6414 35868285 1
3724 6393 35868295 1
3610 6358 35868305 1
3487 6289 35868315 1
3345 6198 35868325 1
3189 6050 35868335 1
3008 5867 35868345 1
2859 5660 35868355 1
2730 5453 35868365 1
2608 5192 35868375 1
2512 4894 35868385 1
2434 4592 35868395 1
2375 4303 35868405 1
2348 4035 35868415 1
2343 3776 35868425 1
2366 3572 35868435 1
2422 3427 35868445 1
2499 3322 35868455 1
2595 3249 35868465 1
2694 3222 35868475 1
2796 3222 35868485 1
2894 3286 35868495 1
3016 3393 35868505 1
3154 3531 35868515 1
3317 3714 35868525 1
3519 3918 35868535 1
3748 4137 35868545 1
3981 4322 35868555 1
4225 4472 35868565 1
4485 4599 35868575 1
4744 4695 35868585 1
4958 4769 35868595 1
5141 4828 35868605 1
5310 4854 35868615 1
5431 4854 35868625 1
5521 4844 35868635 1
5557 4828 35868645 1
5566 4819 35868655 1
5556 4814 35868665 1
5535 4803 35868675 1
5487 4795 35868685 1
5420 4795 35868695 1
5318 4800 35868705 1
5194 4807 35868715 1
5054 4813 35868725 1
4932 4797 35868735 1
4811 4766 35868745 1
4694 4703 35868755 1
4592 4601 35868765 1
4501 4474 35868775 1
4424 4326 35868785 1
4362 4172 35868795 1
4311 4031 35868805 1
4283 3902 35868815 1
4283 3821 35868825 1
4303 3767 35868835 1
4337 3732 35868845 1
4377 3740 35868855 1
4449 3806 35868865 1
4541 3911 35868875 1
4660 4046 35868885 1
4787 4205 35868895 1
4918 4380 35868905 1
5038 4536 35868915 1
5156 4657 35868925 1
5261 4754 35868935 1
5358 4827 35868945 1
5407 4864 35868955 1
5423 4877 35868965 1
5417 4871 35868975 1
5409 4863 35868985 1
5371 4796 35868995 1
5312 4692 35869005 1
5227 4543 35869015 1
5139 4359 35869025 1
5049 4152 35869035 1
4996 3989 35869045 1
4967 3868 35869055 1
4953 3774 35869065 1
4953 3715 35869075 1
4977 3693 35869085 1
5012 3693 35869095 1
5074 3752 35869105 1
5178 3861 35869115 1
5309 4006 35869125 1
5455 4176 35869135 1
5618 4369 35869145 1
5791 4577 35869155 1
5941 4744 35869165 1
6049 4860 35869175 1
6128 4941 35869185 1
6182 4978 35869195 1
6204 4986 35869205 1
6204 4975 35869215 1
6193 4932 35869225 1
6152 4814 35869235 1
6092 4647 35869245 1
6006 4480 35869255 1
5918 4310 35869265 1
5829 4166 35869275 1
5758 4040 35869285 1
5722 3958 35869295 1
5708 3906 35869305 1
5708 3874 35869315 1
5721 3874 35869325 1
5736 3899 35869335 1
5781 3945 35869345 1
5847 4053 35869355 1
5919 4204 35869365 1
6017 4385 35869375 1
6132 4584 35869385 1
6276 4769 35869395 1
6400 4945 35869405 1
6510 5025 35869415 1
6564 5056 35869425 1
6588 5056 35869435 1
6588 5010 35869445 1
6569 4891 35869455 1
6527 4722 35869465 1
6471 4555 35869475 1
6418 4385 35869485 1
6367 4246 35869495 1
6323 4128 35869505 1
6307 4060 35869515 1
6307 4020 35869525 1
6314 3999 35869535 1
6328 4007 35869545 1
6353 4059 35869555 1
6408 4140 35869565 1
6482 4272 35869575 1
6566 4431 35869585 1
6672 4609 35869595 1
6793 4779 35869605 1
6904 4915 35869615 1
6985 5029 35869625 1
7045 5082 35869635 1
7079 5103 35869645 1
7095 5103 35869655 1
7095 5079 35869665 1
7071 4970 35869675 1
7014 4805 35869685 1
6936 4592 35869695 1
6851 4379 35869705 1
6802 4213 35869715 1
6776 4079 35869725 1
6776 4006 35869735 1
6800 3968 35869745 1
6836 3954 35869755 1
6884 3981 35869765 1
6956 4060 35869775 1
7044 4174 35869785 1
7142 4323 35869795 1
7246 4487 35869805 1
7357 4660 35869815 1
7462 4820 35869825 1
7527 4927 35869835 1
7569 4998 35869845 1
7582 5023 35869855 1
7582 5028 35869865 1
7582 5020 35869875 1
7582 5009 35869885 1
7570 4933 35869895 1
7541 4814 35869905 1
7490 4645 35869915 1
7405 4454 35869925 1
7298 4249 35869935 1
7194 4077 35869945 1
7131 3965 35869955 1
7095 3893 35869965 1
7102 3861 35869975 1
7109 3850 35869985 1
7118 3850 35869995 1
7154 3905 35870005 1
7207 4007 35870015 1
7279 4143 35870025 1
7374 4313 35870035 1
7485 4489 35870045 1
7594 4668 35870055 1
7706 4827 35870065 1
7813 4949 35870075 1
7914 5047 35870085 1
7974 5099 35870095 1
8007 5116 35870105 1
8022 5110 35870115 1
8022 5071 35870125 1
7989 4957 35870135 1
7935 4794 35870145 1
7870 4641 35870155 1
7808 4505 35870165 1
7748 4381 35870175 1
7704 4294 35870185 1
7681 4233 35870195 1
7673 4190 35870205 1
7679 4177 35870215 1
7685 4182 35870225 1
7692 4200 35870235 1
7728 4274 35870245 1
7782 4384 35870255 1
7855 4519 35870265 1
7956 4665 35870275 1
8076 4814 35870285 1
8190 4966 35870268 1
8286 5065 35870278 1
8370 5116 35870288 1
8404 5134 35870298 1
8412 5134 35870308 1
8402 5086 35870318 1
8369 5012 35870328 1
8317 4881 35870338 1
8252 4726 35870348 1
8192 4554 35870358 1
8138 4403 35870368 1
8094 4284 35870378 1
8071 4186 35870388 1
8062 4127 35870398 1
8071 4099 35870408 1
8083 4093 35870418 1
8102 4106 35870428 1
8158 4169 35870438 1
8237 4265 35870448 1
8342 4409 35870458 1
8473 4575 35870468 1
8620 4756 35870478 1
8749 4929 35870488 1
8860 5055 35870498 1
8959 5149 35870508 1
8999 5198 35870518 1
9018 5222 35870528 1
9024 5229 35870538 1
9024 5229 35870548 1
9001 5187 35870558 1
8972 5126 35870568 1
8913 5009 35870578 1
8844 4856 35870588 1
8768 4678 35870598 1
8707 4544 35870608 1
8667 4431 35870618 1
8641 4333 35870628 1
8641 4261 35870638 1
8669 4212 35870648 1
8707 4178 35870658 1
8758 4178 35870668 1
8815 4217 35870678 1
8898 4285 35870688 1
8997 4387 35870698 1
9101 4523 35870708 1
9219 4683 35870718 1
9346 4878 35870728 1
9461 5044 35870738 1
9542 5190 35870748 1
9600 5292 35870758 1
9623 5352 35870768 1
9637 5383 35870778 1
9645 5401 35870788 1
9645 5407 35870798 1
9645 5407 35870808 1
9640 5393 35870818 1
9628 5344 35870828 1
9600 5271 35870838 1
9560 5153 35870848 1
9493 4979 35870858 1
9394 4768 35870868 1
9273 4538 35870878 1
9144 4262 35870888 1
9008 3955 35870898 1
8868 3638 35870908 1
8749 3339 35870918 1
8647 3034 35870928 1
8556 2719 35870938 1
8465 2470 35870948 1
8374 2255 35870958 1
8288 2063 35870968 1
8204 1930 35870978 1
8129 1860 35870988 1
8041 1833 35870998 1
7943 1864 35871008 1
7820 1937 35871018 1
7702 2038 35871028 1
7612 2148 35871038 1
7540 2260 35871048 1
7503 2373 35871058 1
7521 2498 35871068 1
7575 2677 35871078 1
7727 2891 35871088 1
7979 3161 35871098 1
8297 3465 35871108 1
8693 3793 35871118 1
9104 4068 35871128 1
9525 4264 35871138 1
9884 4407 35871148 1
10156 4476 35871158 1
10370 4512 35871168 1
10544 4525 35871178 1
10671 4532 35871188 1
10766 4539 35871198 1
10819 4544 35871208 1
10838 4544 35871218 1
10838 4544 35871228 1
10838 4544 35871238 1
10832 4544 35871248 1
10809 4544 35871258 1
