364
3593 5562 436193 0
3593 5531 436203 1
3593 5559 436213 1
3593 5559 436223 1
3593 5575 436233 1
3593 5599 436243 1
3586 5635 436253 1
3577 5675 436263 1
3561 5717 436273 1
3539 5759 436283 1
3507 5805 436293 1
3471 5855 436303 1
3433 5906 436313 1
3322 5945 436323 1
3229 5970 436333 1
3148 5985 436343 1
3038 5985 436353 1
2933 5976 436363 1
2836 5953 436373 1
2744 5921 436383 1
2656 5879 436393 1
2564 5821 436403 1
2475 5753 436413 1
2391 5680 436423 1
2306 5581 436433 1
2216 5464 436443 1
2125 5319 436453 1
2039 5187 436463 1
1968 5065 436473 1
1908 4935 436483 1
1853 4801 436493 1
1815 4691 436503 1
1787 4599 436513 1
1771 4499 436523 1
1760 4385 436533 1
1755 4261 436543 1
1755 4149 436553 1
1765 4056 436563 1
1778 3976 436573 1
1806 3903 436583 1
1843 3851 436593 1
1891 3814 436603 1
1995 3781 436613 1
2135 3754 436623 1
2190 3730 436633 1
2288 3737 436643 1
2414 3762 436653 1
2535 3800 436663 1
2657 3836 436673 1
2767 3877 436683 1
2868 3930 436693 1
2966 3990 436703 1
3064 4056 436713 1
3163 4133 436723 1
3258 4218 436733 1
3345 4289 436743 1
4247 4731 436874 0
4247 4731 436884 1
4247 4731 436894 1
4247 4763 436904 1
4224 4784 436914 1
4194 4811 436924 1
4160 4843 436934 1
4125 4869 436944 1
4074 4893 436954 1
4012 4893 436964 1
3936 4883 436974 1
3849 4839 436984 1
3754 4773 436994 1
3648 4692 437004 1
3547 4595 437014 1
3450 4481 437024 1
3380 4357 437034 1
3331 4230 437044 1
3296 4107 437054 1
3278 3987 437064 1
3278 3893 437074 1
3297 3825 437084 1
3341 3775 437094 1
3391 3751 437105 1
3474 3769 437115 1
3578 3815 437125 1
3712 3919 437135 1
3846 4027 437145 1
3974 4139 437155 1
4098 4253 437165 1
4214 4365 437175 1
4306 4455 437185 1
4383 4530 437195 1
4432 4591 437205 1
4457 4634 437215 1
4465 4666 437225 1
4465 4675 437235 1
4465 4680 437245 1
4465 4680 437255 1
4465 4674 437265 1
4458 4636 437275 1
4442 4574 437285 1
4426 4479 437295 1
4413 4368 437305 1
4401 4246 437315 1
4401 4136 437325 1
4401 4045 437335 1
4419 3966 437345 1
4447 3894 437355 1
4490 3836 437365 1
4539 3788 437375 1
4599 3762 437385 1
4664 3768 437395 1
5268 4528 437515 0
5268 4528 437525 1
5268 4528 437535 1
5268 4528 437545 1
5268 4528 437555 1
5268 4528 437565 1
5275 4491 437575 1
5286 4467 437585 1
5294 4416 437595 1
5303 4346 437605 1
5298 4253 437615 1
5284 4156 437625 1
5256 4049 437635 1
5228 3950 437645 1
5200 3856 437655 1
5188 3785 437665 1
5180 3742 437675 1
5180 3717 437685 1
5180 3717 437695 1
5186 3736 437705 1
5217 3768 437715 1
5268 3868 437725 1
5337 3984 437735 1
5411 4110 437745 1
5494 4230 437755 1
5583 4347 437765 1
5672 4439 437775 1
5757 4517 437785 1
5839 4563 437795 1
5902 4603 437805 1
5959 4620 437815 1
6011 4620 437825 1
6052 4620 437835 1
6081 4589 437845 1
6103 4547 437855 1
6103 4481 437865 1
6098 4398 437875 1
6083 4305 437885 1
6068 4214 437895 1
6056 4122 437905 1
6049 4051 437915 1
6049 3995 437925 1
6056 3959 437935 1
6062 3944 437945 1
6062 3944 437955 1
6071 3944 437965 1
6071 3980 437975 1
6103 4036 437985 1
6135 4127 437995 1
6173 4224 438005 1
6217 4325 438015 1
6269 4415 438025 1
6330 4500 438036 1
6380 4555 438046 1
6423 4593 438056 1
6448 4606 438066 1
6475 4613 438076 1
6505 4613 438086 1
6538 4606 438096 1
6571 4594 438106 1
6603 4577 438116 1
6627 4544 438126 1
6646 4501 438136 1
6662 4427 438146 1
6662 4326 438156 1
6642 4207 438166 1
6620 4099 438176 1
6600 3998 438186 1
6595 3903 438196 1
6595 3827 438206 1
6611 3779 438216 1
6627 3750 438226 1
6641 3737 438236 1
6651 3737 438246 1
6662 3750 438256 1
6686 3806 438266 1
6719 3880 438276 1
6749 3965 438286 1
6783 4052 438296 1
6825 4149 438306 1
6884 4252 438316 1
6952 4360 438326 1
7020 4463 438336 1
7089 4547 438346 1
7156 4619 438356 1
7221 4653 438366 1
7277 4683 438376 1
7331 4693 438386 1
7367 4693 438396 1
7392 4675 438406 1
7408 4653 438416 1
7420 4616 438426 1
7430 4570 438436 1
7419 4505 438446 1
7406 4440 438456 1
7391 4352 438466 1
7367 4249 438476 1
7347 4157 438486 1
7332 4078 438496 1
7321 4009 438506 1
7314 3957 438516 1
7319 3932 438526 1
7331 3925 438536 1
7331 3925 438546 1
7336 3925 438556 1
7336 3937 438566 1
7371 4005 438576 1
7410 4092 438586 1
7466 4191 438596 1
7530 4301 438606 1
7600 4409 438616 1
7672 4486 438626 1
7735 4544 438636 1
7791 4578 438646 1
7829 4585 438656 1
7857 4574 438666 1
7877 4544 438676 1
7889 4496 438686 1
7902 4437 438696 1
7902 4350 438706 1
7889 4263 438707 1
7880 4174 438717 1
7865 4085 438727 1
7846 4014 438737 1
7840 3955 438747 1
7835 3915 438757 1
7835 3902 438767 1
7835 3902 438777 1
7835 3908 438787 1
7835 3938 438797 1
7861 3987 438807 1
7904 4074 438817 1
7963 4183 438827 1
8038 4307 438837 1
8123 4414 438847 1
8222 4516 438857 1
8322 4587 438867 1
8426 4640 438877 1
8509 4678 438887 1
8578 4698 438897 1
8632 4707 438907 1
8670 4693 438917 1
8697 4676 438927 1
8714 4640 438937 1
8722 4594 438947 1
8722 4525 438957 1
8722 4454 438967 1
8702 4354 438977 1
8679 4237 438987 1
8663 4137 438997 1
8651 4048 439007 1
8651 3967 439017 1
8651 3906 439027 1
8662 3865 439037 1
8675 3837 439047 1
8690 3823 439057 1
8698 3818 439067 1
8698 3818 439077 1
8706 3823 439087 1
8711 3853 439097 1
8738 3900 439107 1
8779 3968 439117 1
8847 4060 439127 1
8938 4169 439137 1
9045 4307 439147 1
9161 4445 439157 1
9277 4582 439167 1
9394 4685 439177 1
9483 4765 439187 1
9554 4829 439197 1
9589 4869 439207 1
9611 4890 439217 1
9625 4899 439227 1
9625 4899 439237 1
9625 4899 439247 1
9620 4893 439257 1
9620 4886 439267 1
9620 4863 439277 1
9610 4829 439287 1
9598 4772 439297 1
9575 4699 439307 1
9544 4615 439317 1
9508 4512 439327 1
9465 4388 439337 1
9426 4249 439347 1
9390 4126 439357 1
9370 4030 439367 1
9370 3952 439377 1
9370 3895 439387 1
9393 3858 439388 1
9393 3858 439398 1
9450 3827 439408 1
9494 3855 439418 1
9580 3907 439428 1
9668 3987 439438 1
9775 4085 439448 1
9892 4195 439458 1
10012 4326 439468 1
10121 4455 439478 1
10222 4578 439488 1
10308 4676 439498 1
10366 4759 439508 1
10406 4814 439518 1
10414 4836 439528 1
10414 4836 439538 1
10414 4836 439548 1
10404 4825 439558 1
10387 4780 439568 1
10363 4710 439578 1
10335 4637 439588 1
10294 4532 439598 1
10243 4405 439608 1
10182 4242 439618 1
10108 4066 439628 1
10025 3881 439638 1
9934 3676 439648 1
9846 3464 439658 1
9763 3248 439668 1
9691 3015 439678 1
9628 2791 439688 1
9558 2574 439698 1
9483 2371 439708 1
9381 2157 439718 1
9277 1936 439728 1
9171 1718 439738 1
9065 1537 439748 1
8959 1382 439758 1
8851 1258 439768 1
8741 1174 439778 1
8655 1118 439788 1
8575 1107 439798 1
8489 1130 439808 1
8397 1176 439818 1
8296 1259 439828 1
8198 1342 439838 1
8117 1426 439848 1
8046 1504 439858 1
7988 1580 439868 1
7949 1654 439878 1
7923 1752 439888 1
7936 1864 439898 1
7997 2016 439908 1
8089 2213 439918 1
8221 2441 439928 1
8392 2645 439938 1
8589 2854 439948 1
8788 3029 439958 1
8993 3180 439959 1
9202 3336 439969 1
9428 3466 439979 1
9647 3580 439989 1
9860 3688 439999 1
10075 3795 440009 1
10279 3897 440019 1
10475 3988 440029 1
