324
3617 6401 37692101 0
3615 6512 37692111 1
3557 6559 37692121 1
3524 6593 37692131 1
3487 6619 37692141 1
3446 6655 37692151 1
3383 6684 37692161 1
3299 6701 37692171 1
3200 6691 37692181 1
3046 6663 37692191 1
2864 6574 37692201 1
2664 6408 37692211 1
2429 6192 37692221 1
2201 5911 37692231 1
1984 5616 37692241 1
1828 5313 37692251 1
1711 5002 37692261 1
1627 4721 37692271 1
1582 4459 37692281 1
1562 4220 37692291 1
1582 4030 37692301 1
1633 3874 37692311 1
1705 3762 37692321 1
1803 3700 37692331 1
1930 3672 37692341 1
2076 3696 37692351 1
2262 3768 37692361 1
2452 3873 37692371 1
2656 3976 37692381 1
2867 4095 37692391 1
3068 4224 37692401 1
3268 4357 37692411 1
3434 4480 37692421 1
3579 4588 37692431 1
3719 4686 37692441 1
3811 4776 37692451 1
3871 4835 37692461 1
3892 4875 37692471 1
3892 4887 37692481 1
3866 4900 37692491 1
3832 4915 37692501 1
3772 4900 37692511 1
3695 4831 37692521 1
3585 4726 37692531 1
3477 4605 37692541 1
3387 4482 37692551 1
3308 4358 37692561 1
3254 4229 37692571 1
3225 4128 37692581 1
3212 4045 37692591 1
3225 3985 37692601 1
3258 3946 37692611 1
3303 3921 37692621 1
3372 3930 37692631 1
3467 3977 37692641 1
3579 4050 37692651 1
3697 4134 37692661 1
3808 4234 37692671 1
3897 4345 37692681 1
3975 4465 37692691 1
4042 4582 37692701 1
4090 4698 37692711 1
4124 4780 37692721 1
4132 4820 37692731 1
4132 4831 37692741 1
4125 4831 37692751 1
4125 4825 37692761 1
4118 4765 37692771 1
4104 4667 37692781 1
4085 4558 37692791 1
4068 4432 37692801 1
4068 4294 37692811 1
4068 4181 37692821 1
4084 4089 37692831 1
4101 4010 37692841 1
4125 3957 37692851 1
4150 3920 37692861 1
4174 3894 37692871 1
4207 3888 37692881 1
4244 3893 37692891 1
4290 3906 37692901 1
4346 3945 37692911 1
4407 4008 37692921 1
4474 4087 37692931 1
4545 4186 37692941 1
4618 4289 37692951 1
4691 4396 37692961 1
4753 4472 37692971 1
4807 4525 37692981 1
4846 4563 37692991 1
4865 4576 37693001 1
4871 4576 37693011 1
4884 4559 37693021 1
4895 4520 37693031 1
4903 4455 37693041 1
4908 4374 37693051 1
4908 4276 37693061 1
4908 4178 37693071 1
4899 4080 37693081 1
4888 3988 37693091 1
4876 3899 37693101 1
4862 3825 37693111 1
4855 3770 37693121 1
4850 3727 37693131 1
4850 3714 37693141 1
4855 3714 37693151 1
4864 3714 37693161 1
4900 3759 37693171 1
4953 3853 37693181 1
5028 3981 37693191 1
5124 4086 37693201 1
5233 4224 37693211 1
5342 4383 37693221 1
5449 4477 37693231 1
5554 4538 37693241 1
5648 4578 37693251 1
5725 4594 37693261 1
5791 4583 37693271 1
5838 4553 37693281 1
5860 4494 37693291 1
5866 4406 37693301 1
5849 4298 37693311 1
5817 4195 37693321 1
5774 4101 37693331 1
5733 4013 37693341 1
5694 3939 37693351 1
5664 3882 37693361 1
5646 3837 37693371 1
5638 3823 37693381 1
5638 3823 37693391 1
5638 3823 37693401 1
5645 3840 37693411 1
5679 3903 37693421 1
5731 3998 37693431 1
5798 4104 37693441 1
5880 4235 37693451 1
5973 4384 37693461 1
6069 4492 37693471 1
6180 4579 37693481 1
6300 4652 37693491 1
6417 4696 37693501 1
6506 4712 37693511 1
6576 4712 37693521 1
6621 4678 37693531 1
6647 4621 37693541 1
6660 4548 37693551 1
6646 4451 37693561 1
6614 4333 37693571 1
6570 4202 37693581 1
6531 4075 37693591 1
6497 3951 37693601 1
6482 3830 37693611 1
6482 3722 37693621 1
6493 3649 37693631 1
6525 3599 37693641 1
6568 3570 37693651 1
6631 3570 37693661 1
6717 3584 37693671 1
6819 3634 37693681 1
6928 3707 37693691 1
7024 3796 37693701 1
7111 3901 37693711 1
7194 4013 37693721 1
7276 4129 37693731 1
7357 4256 37693741 1
7429 4380 37693751 1
7496 4502 37693761 1
7553 4571 37693771 1
7604 4616 37693781 1
7652 4645 37693791 1
7699 4664 37693801 1
7746 4664 37693811 1
7788 4664 37693821 1
7826 4642 37693831 1
7858 4605 37693841 1
7876 4557 37693851 1
7885 4490 37693861 1
7874 4417 37693871 1
7840 4326 37693881 1
7791 4224 37693891 1
7732 4124 37693901 1
7674 4031 37693911 1
7616 3943 37693921 1
7576 3873 37693931 1
7542 3833 37693941 1
7533 3814 37693951 1
7539 3814 37693961 1
7539 3843 37693971 1
7576 3888 37693981 1
7631 3981 37693991 1
7710 4088 37694001 1
7814 4204 37694011 1
7935 4349 37694021 1
8041 4492 37694031 1
8144 4613 37694041 1
8245 4720 37694051 1
8329 4789 37694061 1
8403 4829 37694071 1
8469 4851 37694081 1
8518 4851 37694091 1
8552 4837 37694101 1
8575 4804 37694111 1
8586 4741 37694121 1
8573 4657 37694131 1
8545 4560 37694141 1
8508 4455 37694151 1
8466 4337 37694161 1
8420 4210 37694171 1
8372 4101 37694181 1
8324 4004 37694191 1
8276 3915 37694201 1
8236 3842 37694211 1
8213 3800 37694221 1
8200 3780 37694231 1
8200 3780 37694241 1
8209 3805 37694251 1
8217 3839 37694261 1
8268 3926 37694271 1
8336 4031 37694281 1
8416 4148 37694291 1
8520 4296 37694301 1
8630 4440 37694311 1
8760 4581 37694321 1
8900 4694 37694331 1
9029 4777 37694341 1
9140 4840 37694351 1
9239 4879 37694361 1
9324 4887 37694371 1
9390 4874 37694381 1
9442 4831 37694391 1
9478 4755 37694401 1
9491 4657 37694411 1
9491 4536 37694421 1
9477 4395 37694431 1
9461 4242 37694441 1
9443 4108 37694451 1
9428 3991 37694461 1
9428 3885 37694471 1
9442 3803 37694481 1
9470 3752 37694491 1
9512 3721 37694475 1
9564 3721 37694485 1
9628 3764 37694495 1
9710 3826 37694505 1
9805 3906 37694515 1
9903 4005 37694525 1
10006 4116 37694535 1
10111 4253 37694545 1
10204 4400 37694555 1
10286 4553 37694565 1
10361 4684 37694575 1
10422 4791 37694585 1
10462 4882 37694595 1
10488 4922 37694605 1
10496 4938 37694615 1
10501 4938 37694625 1
10501 4938 37694635 1
10514 4897 37694645 1
10505 4840 37694655 1
10484 4720 37694665 1
10441 4578 37694675 1
10390 4422 37694685 1
10333 4256 37694695 1
10306 4113 37694705 1
10283 3985 37694715 1
10283 3886 37694725 1
10294 3810 37694735 1
10318 3749 37694745 1
10346 3723 37694755 1
10396 3733 37694765 1
10458 3767 37694775 1
10551 3841 37694785 1
10658 3937 37694795 1
10774 4048 37694805 1
10897 4178 37694815 1
11020 4337 37694825 1
11138 4516 37694835 1
11242 4689 37694845 1
11341 4860 37694855 1
11428 5030 37694865 1
11474 5109 37694875 1
11493 5139 37694885 1
11493 5139 37694895 1
11488 5131 37694905 1
11479 5054 37694915 1
11432 4928 37694925 1
11361 4708 37694935 1
11274 4470 37694945 1
11196 4219 37694955 1
11121 3931 37694965 1
11052 3626 37694975 1
10973 3311 37694985 1
10889 2965 37694995 1
10808 2623 37695005 1
10730 2283 37695015 1
10643 1905 37695025 1
10548 1591 37695035 1
10438 1319 37695045 1
10308 1053 37695055 1
10165 825 37695065 1
10009 623 37695075 1
9832 469 37695085 1
9641 363 37695095 1
9457 289 37695105 1
9280 274 37695115 1
9108 325 37695125 1
8989 421 37695135 1
8927 612 37695145 1
8903 892 37695155 1
8989 1232 37695165 1
9179 1657 37695175 1
9437 2106 37695185 1
9788 2570 37695195 1
10196 2983 37695205 1
10642 3352 37695215 1
11078 3692 37695225 1
11398 3901 37695235 1
11640 4022 37695245 1
11787 4085 37695255 1
11880 4129 37695265 1
11937 4152 37695275 1
11967 4162 37695285 1
11973 4162 37695295 1
11964 4156 37695305 1
