297
3381 5060 22684822 0
3381 5060 22684832 1
3328 5047 22684842 1
3328 5047 22684852 1
3328 5052 22684862 1
3360 5052 22684872 1
3410 5059 22684882 1
3479 5123 22684892 1
3548 5227 22684902 1
3619 5334 22684912 1
3666 5431 22684922 1
3698 5522 22684932 1
3692 5578 22684942 1
3656 5617 22684952 1
3600 5645 22684962 1
3503 5668 22684972 1
3378 5656 22684982 1
3235 5622 22684992 1
3078 5534 22685002 1
2934 5387 22685012 1
2799 5200 22685022 1
2662 5003 22685032 1
2526 4792 22685042 1
2419 4573 22685052 1
2330 4356 22685062 1
2269 4123 22685072 1
2241 3880 22685082 1
2235 3640 22685092 1
2281 3458 22685102 1
2379 3315 22685112 1
2511 3198 22685122 1
2717 3172 22685132 1
2928 3207 22685142 1
3182 3310 22685152 1
3463 3430 22685162 1
3726 3562 22685172 1
5661 4164 22685833 0
5697 4215 22685843 1
5657 4309 22685853 1
5596 4354 22685863 1
5535 4399 22685873 1
5451 4420 22685883 1
5352 4426 22685893 1
5249 4381 22685903 1
5134 4295 22685913 1
5010 4183 22685923 1
4906 4047 22685933 1
4821 3879 22685943 1
4749 3689 22685953 1
4712 3532 22685963 1
4720 3405 22685973 1
4758 3298 22685983 1
4818 3234 22685993 1
4904 3226 22686003 1
5006 3256 22686013 1
5139 3356 22686023 1
5290 3501 22686033 1
5453 3675 22686043 1
5581 3862 22686053 1
5651 4021 22686063 1
5681 4116 22686073 1
5672 4179 22686083 1
5647 4205 22686093 1
5612 4184 22686103 1
5559 4132 22686113 1
5502 4016 22686123 1
5441 3877 22686133 1
5402 3724 22686143 1
5384 3597 22686153 1
5384 3490 22686163 1
5393 3396 22686173 1
5422 3329 22686183 1
5461 3281 22686193 1
5508 3247 22686203 1
5560 3234 22686213 1
5624 3248 22686223 1
5722 3280 22686233 1
5842 3351 22686243 1
5958 3439 22686253 1
6074 3539 22686263 1
6175 3637 22686273 1
6265 3735 22686284 1
6330 3814 22686294 1
6373 3880 22686304 1
6400 3910 22686314 1
6414 3921 22686324 1
6419 3921 22686334 1
6419 3903 22686344 1
6414 3842 22686354 1
6392 3752 22686364 1
6358 3627 22686374 1
6313 3507 22686384 1
6269 3391 22686394 1
6229 3293 22686404 1
6197 3221 22686414 1
6175 3166 22686424 1
6166 3147 22686434 1
6166 3147 22686444 1
6166 3155 22686454 1
6174 3195 22686464 1
6197 3273 22686474 1
6232 3377 22686484 1
6284 3484 22686494 1
6339 3590 22686504 1
6412 3695 22686514 1
6496 3791 22686524 1
6578 3880 22686534 1
6639 3918 22686544 1
6685 3931 22686554 1
6713 3931 22686564 1
6727 3886 22686574 1
6732 3811 22686584 1
6719 3714 22686594 1
6685 3592 22686604 1
6637 3451 22686614 1
6590 3297 22686624 1
6566 3182 22686634 1
6557 3127 22686644 1
6567 3113 22686654 1
6579 3121 22686664 1
6597 3182 22686674 1
6632 3278 22686684 1
6677 3406 22686694 1
6732 3540 22686704 1
6790 3679 22686714 1
6858 3807 22686724 1
6933 3894 22686734 1
7006 3955 22686744 1
7073 3983 22686754 1
7120 3983 22686764 1
7155 3956 22686774 1
7172 3905 22686784 1
7172 3823 22686794 1
7172 3720 22686804 1
7154 3603 22686814 1
7138 3481 22686824 1
7124 3351 22686834 1
7115 3222 22686844 1
7121 3140 22686854 1
7136 3088 22686864 1
7150 3088 22686874 1
7168 3114 22686884 1
7195 3167 22686894 1
7235 3250 22686904 1
7285 3339 22686914 1
7343 3433 22686924 1
7409 3518 22686934 1
7480 3605 22686944 1
7555 3693 22686954 1
7637 3782 22686964 1
7723 3869 22686974 1
7810 3933 22686984 1
7897 3983 22686994 1
7963 4015 22687004 1
8014 4042 22687014 1
8051 4051 22687024 1
8067 4051 22687034 1
8067 4037 22687044 1
8067 4020 22687054 1
8054 3982 22687064 1
8032 3933 22687074 1
8009 3872 22687084 1
7977 3780 22687094 1
7940 3668 22687104 1
7874 3549 22687114 1
7804 3434 22687124 1
7732 3322 22687134 1
7672 3230 22687144 1
7636 3181 22687154 1
7617 3160 22687164 1
7617 3160 22687174 1
7617 3171 22687184 1
7628 3186 22687194 1
7663 3240 22687204 1
7704 3319 22687214 1
7765 3416 22687224 1
7837 3537 22687234 1
7930 3684 22687244 1
8020 3848 22687254 1
8107 3998 22687264 1
8207 4106 22687274 1
8304 4185 22687284 1
8378 4185 22687294 1
8437 4210 22687304 1
8466 4243 22687314 1
8475 4207 22687324 1
8475 4142 22687334 1
8450 4057 22687344 1
8404 3923 22687354 1
8340 3764 22687364 1
8280 3589 22687374 1
8236 3471 22687384 1
8203 3390 22687394 1
8184 3334 22687404 1
8184 3325 22687414 1
8184 3344 22687424 1
8203 3383 22687434 1
8222 3445 22687444 1
8261 3522 22687454 1
8312 3610 22687464 1
8401 3721 22687474 1
8528 3861 22687484 1
8679 4021 22687494 1
8841 4147 22687504 1
8958 4222 22687514 1
9046 4262 22687524 1
9072 4262 22687534 1
9063 4220 22687544 1
9031 4154 22687554 1
8970 4052 22687564 1
8889 3899 22687574 1
8795 3713 22687584 1
8740 3556 22687594 1
8714 3424 22687604 1
8707 3310 22687614 1
8728 3260 22687624 1
8755 3243 22687634 1
8804 3243 22687644 1
8866 3263 22687654 1
8932 3297 22687664 1
8999 3344 22687674 1
9069 3400 22687684 1
9142 3469 22687694 1
9224 3546 22687704 1
9314 3627 22687714 1
9409 3709 22687724 1
9502 3793 22687734 1
9587 3868 22687744 1
9668 3929 22687754 1
9735 3982 22687764 1
9797 4033 22687774 1
9856 4086 22687784 1
9900 4139 22687794 1
9934 4189 22687804 1
9960 4237 22687814 1
9974 4278 22687824 1
9982 4307 22687834 1
9982 4314 22687844 1
9977 4307 22687854 1
9954 4275 22687864 1
9921 4220 22687874 1
9881 4150 22687884 1
9840 4081 22687894 1
9797 4009 22687904 1
9743 3928 22687914 1
9665 3801 22687924 1
9572 3647 22687934 1
9474 3489 22687944 1
9409 3332 22687954 1
9366 3182 22687964 1
9359 3087 22687974 1
9369 3025 22687984 1
9391 2999 22687994 1
9409 3004 22688004 1
9437 3029 22688014 1
9514 3113 22688024 1
9620 3240 22688034 1
9764 3397 22688044 1
9934 3535 22688054 1
10120 3669 22688064 1
10285 3794 22688074 1
10441 3916 22688084 1
10592 3997 22688094 1
10687 4051 22688104 1
10736 4086 22688114 1
10755 4113 22688124 1
10773 4145 22688134 1
10792 4193 22688144 1
10813 4249 22688154 1
10843 4273 22688164 1
10880 4273 22688174 1
10893 4254 22688184 1
10884 4211 22688194 1
10860 4133 22688204 1
10792 4031 22688214 1
10660 3905 22688224 1
10486 3708 22688234 1
10261 3463 22688244 1
10003 3151 22688254 1
9724 2800 22688264 1
9446 2423 22688274 1
9164 2062 22688284 1
8879 1717 22688294 1
8650 1382 22688304 1
8456 1182 22688314 1
8343 1111 22688324 1
8273 1126 22688334 1
8232 1208 22688344 1
8227 1368 22688354 1
8317 1581 22688364 1
8470 1853 22688374 1
8706 2148 22688384 1
9056 2458 22688394 1
9482 2786 22688404 1
9972 3096 22688414 1
10457 3375 22688424 1
10938 3640 22688434 1
