235
3406 5963 65374620 0
3508 6160 65374630 1
3508 6324 65374640 1
3484 6514 65374650 1
3429 6586 65374660 1
3355 6622 65374670 1
3283 6633 65374680 1
3198 6604 65374690 1
3084 6535 65374700 1
2955 6440 65374710 1
2829 6268 65374720 1
2675 6027 65374730 1
2503 5741 65374740 1
2334 5442 65374750 1
2172 5046 65374760 1
2021 4585 65374770 1
1944 4179 65374780 1
1916 3858 65374790 1
1981 3593 65374800 1
2118 3443 65374810 1
2303 3327 65374820 1
2521 3235 65374830 1
2764 3235 65374840 1
3024 3329 65374850 1
3291 3481 65374860 1
3494 3657 65374870 1
4917 4015 65375091 0
4983 4020 65375101 1
4983 4161 65375111 1
4996 4260 65375121 1
5012 4331 65375131 1
5090 4477 65375141 1
5142 4617 65375151 1
5177 4753 65375161 1
5168 4859 65375171 1
5137 4919 65375181 1
5091 4948 65375191 1
5023 4937 65375201 1
4924 4855 65375211 1
4805 4727 65375221 1
4644 4574 65375231 1
4505 4396 65375241 1
4380 4201 65375251 1
4293 4042 65375261 1
4241 3897 65375271 1
4212 3761 65375281 1
4212 3673 65375291 1
4247 3624 65375301 1
4297 3602 65375311 1
4367 3602 65375321 1
4467 3660 65375331 1
4588 3748 65375341 1
4754 3904 65375351 1
4893 4040 65375361 1
5013 4163 65375371 1
5064 4207 65375381 1
5079 4213 65375391 1
5069 4194 65375401 1
5037 4127 65375411 1
4988 4004 65375421 1
4927 3843 65375431 1
4886 3683 65375441 1
4886 3570 65375451 1
4911 3489 65375461 1
4950 3448 65375461 1
5013 3438 65375471 1
5093 3450 65375481 1
5218 3529 65375491 1
5368 3677 65375501 1
5535 3870 65375511 1
5698 4072 65375521 1
5831 4221 65375531 1
5944 4335 65375541 1
6014 4392 65375551 1
6060 4413 65375561 1
6090 4413 65375571 1
6113 4384 65375581 1
6127 4321 65375591 1
6135 4235 65375601 1
6135 4124 65375611 1
6120 4009 65375621 1
6095 3902 65375631 1
6054 3803 65375641 1
6015 3722 65375651 1
5977 3691 65375661 1
5977 3691 65375671 1
5977 3700 65375681 1
6014 3775 65375691 1
6072 3895 65375701 1
6167 4040 65375711 1
6273 4164 65375721 1
6386 4275 65375731 1
6481 4365 65375741 1
6555 4420 65375751 1
6616 4452 65375761 1
6650 4439 65375771 1
6657 4363 65375781 1
6645 4246 65375791 1
6603 4101 65375801 1
6557 3978 65375811 1
6507 3871 65375821 1
6467 3809 65375831 1
6449 3778 65375841 1
6449 3769 65375851 1
6456 3775 65375861 1
6505 3850 65375871 1
6580 3971 65375881 1
6729 4168 65375891 1
6871 4351 65375901 1
7008 4526 65375911 1
7075 4588 65375921 1
7109 4588 65375931 1
7122 4558 65375941 1
7112 4447 65375951 1
7079 4282 65375961 1
7031 4082 65375971 1
7026 3945 65375981 1
7039 3825 65375991 1
7063 3716 65376001 1
7099 3669 65376011 1
7157 3655 65376021 1
7230 3664 65376031 1
7371 3747 65376041 1
7530 3878 65376051 1
7702 4042 65376061 1
7842 4172 65376071 1
7947 4300 65376081 1
8029 4401 65376091 1
8068 4484 65376101 1
8089 4531 65376111 1
8099 4557 65376121 1
8106 4569 65376131 1
8114 4569 65376141 1
8123 4569 65376151 1
8133 4553 65376161 1
8143 4498 65376171 1
8122 4415 65376181 1
8081 4275 65376191 1
8022 4133 65376201 1
7957 4007 65376211 1
7887 3893 65376221 1
7821 3810 65376231 1
7791 3762 65376241 1
7784 3737 65376251 1
7784 3737 65376261 1
7793 3764 65376271 1
7843 3810 65376281 1
7922 3938 65376291 1
8038 4083 65376301 1
8140 4239 65376311 1
8233 4317 65376321 1
8281 4343 65376331 1
8311 4335 65376341 1
8329 4308 65376351 1
8329 4234 65376361 1
8295 4129 65376371 1
8237 4009 65376381 1
8190 3923 65376391 1
8159 3861 65376401 1
8138 3832 65376411 1
8138 3827 65376421 1
8171 3837 65376431 1
8217 3896 65376441 1
8353 4021 65376451 1
8503 4190 65376461 1
8663 4356 65376471 1
8765 4442 65376481 1
8810 4476 65376491 1
8818 4462 65376501 1
8798 4379 65376511 1
8755 4249 65376521 1
8696 4100 65376531 1
8679 3985 65376541 1
8679 3892 65376543 1
8702 3822 65376553 1
8726 3791 65376563 1
8763 3786 65376573 1
8809 3821 65376583 1
8921 3916 65376593 1
9043 4051 65376603 1
9172 4192 65376613 1
9289 4333 65376623 1
9391 4444 65376633 1
9482 4535 65376643 1
9536 4568 65376653 1
9561 4568 65376663 1
9566 4556 65376673 1
9576 4510 65376683 1
9567 4405 65376693 1
9545 4260 65376703 1
9514 4115 65376713 1
9485 3998 65376723 1
9478 3901 65376733 1
9486 3846 65376743 1
9503 3825 65376753 1
9541 3825 65376763 1
9592 3878 65376773 1
9712 3989 65376783 1
9855 4139 65376793 1
10013 4314 65376803 1
10128 4455 65376813 1
10213 4574 65376823 1
10277 4627 65376833 1
10306 4642 65376843 1
10326 4633 65376853 1
10341 4608 65376863 1
10349 4530 65376873 1
10338 4416 65376883 1
10315 4233 65376893 1
10285 4004 65376903 1
10256 3745 65376913 1
10209 3506 65376923 1
10149 3265 65376933 1
10064 3045 65376943 1
9969 2841 65376953 1
9868 2641 65376963 1
9780 2474 65376973 1
9696 2330 65376983 1
9615 2199 65376993 1
9533 2123 65377003 1
9449 2085 65377013 1
9325 2090 65377023 1
9175 2164 65377033 1
9034 2283 65377043 1
8964 2464 65377053 1
8940 2658 65377063 1
9002 2862 65377073 1
9135 3018 65377083 1
9316 3169 65377093 1
9624 3317 65377103 1
10004 3513 65377113 1
10432 3762 65377123 1
10892 4047 65377133 1
11248 4265 65377143 1
11534 4396 65377153 1
