253
3020 6409 26335047 0
3106 6548 26335057 1
3080 6620 26335067 1
3058 6660 26335077 1
3039 6678 26335087 1
3027 6694 26335097 1
3012 6711 26335107 1
2978 6727 26335117 1
2932 6738 26335127 1
2848 6708 26335137 1
2702 6652 26335147 1
2514 6517 26335157 1
2292 6296 26335167 1
2052 6017 26335177 1
1800 5676 26335187 1
1570 5282 26335197 1
1375 4853 26335207 1
1203 4468 26335217 1
1086 4083 26335227 1
1015 3760 26335237 1
974 3479 26335247 1
1001 3298 26335257 1
1076 3176 26335267 1
1183 3094 26335277 1
1334 3099 26335287 1
1541 3198 26335297 1
1784 3360 26335307 1
2071 3563 26335317 1
2392 3792 26335327 1
2736 4039 26335337 1
2992 4230 26335347 1
3216 4418 26335357 1
3418 4555 26335367 1
3549 4660 26335377 1
3640 4741 26335387 1
3705 4819 26335397 1
3740 4856 26335407 1
3750 4867 26335417 1
3743 4867 26335427 1
3726 4867 26335437 1
3668 4825 26335447 1
3583 4764 26335457 1
3483 4672 26335467 1
3381 4525 26335477 1
3277 4342 26335487 1
3192 4145 26335497 1
3141 3972 26335507 1
3113 3815 26335517 1
3119 3697 26335527 1
3144 3631 26335537 1
3181 3601 26335547 1
3214 3589 26335557 1
3284 3619 26335567 1
3378 3676 26335577 1
3514 3817 26335587 1
3673 3989 26335597 1
3847 4182 26335607 1
3966 4379 26335617 1
4031 4509 26335627 1
4061 4594 26335637 1
4061 4605 26335647 1
4061 4605 26335657 1
4061 4586 26335668 1
4051 4502 26335678 1
4034 4354 26335688 1
4016 4163 26335698 1
4001 3989 26335708 1
4009 3815 26335718 1
4031 3680 26335728 1
4074 3571 26335738 1
4122 3507 26335748 1
4176 3480 26335758 1
4231 3480 26335768 1
4287 3505 26335778 1
4351 3577 26335788 1
4439 3678 26335798 1
4542 3826 26335808 1
4650 3975 26335818 1
4758 4124 26335828 1
4840 4223 26335838 1
4904 4301 26335848 1
4964 4364 26335858 1
5020 4389 26335868 1
5074 4381 26335878 1
5131 4352 26335888 1
5185 4286 26335898 1
5214 4194 26335908 1
5228 4086 26335918 1
5209 3956 26335928 1
5184 3822 26335938 1
5156 3719 26335948 1
5140 3637 26335958 1
5140 3607 26335968 1
5145 3596 26335978 1
5153 3596 26335988 1
5167 3612 26335998 1
5242 3706 26336008 1
5356 3854 26336018 1
5489 4021 26336028 1
5606 4168 26336038 1
5711 4276 26336048 1
5806 4365 26336058 1
5869 4405 26336068 1
5911 4405 26336078 1
5948 4382 26336088 1
5971 4308 26336098 1
5985 4207 26336108 1
5977 4087 26336118 1
5956 3944 26336128 1
5926 3792 26336138 1
5903 3634 26336148 1
5883 3530 26336158 1
5872 3455 26336168 1
5872 3400 26336178 1
5872 3390 26336188 1
5881 3396 26336198 1
5892 3413 26336208 1
5955 3513 26336218 1
6050 3670 26336228 1
6185 3865 26336238 1
6318 4063 26336248 1
6449 4208 26336258 1
6539 4319 26336268 1
6606 4373 26336278 1
6658 4384 26336288 1
6704 4366 26336289 1
6751 4302 26336299 1
6770 4191 26336309 1
6770 4050 26336319 1
6740 3888 26336329 1
6704 3725 26336339 1
6664 3561 26336349 1
6646 3441 26336359 1
6651 3359 26336369 1
6670 3303 26336379 1
6698 3276 26336389 1
6729 3270 26336399 1
6767 3279 26336409 1
6842 3338 26336419 1
6940 3437 26336429 1
7053 3564 26336439 1
7165 3706 26336449 1
7276 3859 26336459 1
7357 4020 26336469 1
7421 4134 26336479 1
7463 4220 26336489 1
7504 4287 26336499 1
7544 4331 26336509 1
7589 4358 26336519 1
7637 4373 26336529 1
7690 4368 26336539 1
7740 4331 26336549 1
7779 4273 26336559 1
7811 4193 26336569 1
7823 4109 26336579 1
7813 4005 26336589 1
7789 3888 26336599 1
7755 3773 26336609 1
7724 3692 26336619 1
7694 3633 26336629 1
7685 3610 26336639 1
7680 3605 26336649 1
7680 3612 26336659 1
7723 3648 26336669 1
7785 3752 26336679 1
7921 3901 26336689 1
8062 4076 26336699 1
8209 4247 26336709 1
8358 4351 26336719 1
8445 4413 26336729 1
8499 4408 26336739 1
8532 4353 26336749 1
8550 4265 26336759 1
8544 4151 26336769 1
8522 4044 26336779 1
8493 3943 26336789 1
8478 3867 26336799 1
8472 3823 26336809 1
8484 3800 26336819 1
8502 3800 26336829 1
8569 3854 26336839 1
8666 3941 26336849 1
8809 4053 26336859 1
8957 4184 26336869 1
9109 4327 26336879 1
9193 4432 26336889 1
9229 4462 26336899 1
9229 4442 26336909 1
9236 4375 26336919 1
9217 4238 26336929 1
9183 4055 26336939 1
9162 3898 26336949 1
9169 3778 26336959 1
9194 3683 26336970 1
9250 3660 26336980 1
9345 3697 26336990 1
9467 3774 26337000 1
9655 3948 26337010 1
9849 4149 26337020 1
10054 4368 26337030 1
10224 4593 26337040 1
10370 4803 26337050 1
10478 4946 26337060 1
10520 5051 26337070 1
10520 5059 26337080 1
10515 5004 26337090 1
10472 4906 26337100 1
10401 4670 26337110 1
10336 4424 26337120 1
10274 4172 26337130 1
10247 3909 26337140 1
10241 3696 26337150 1
10275 3517 26337150 1
10339 3428 26337160 1
10424 3415 26337170 1
10530 3453 26337180 1
10642 3564 26337190 1
10780 3745 26337200 1
10932 3974 26337210 1
11107 4243 26337220 1
11255 4492 26337230 1
11386 4727 26337240 1
11456 4836 26337250 1
11492 4847 26337260 1
11504 4792 26337270 1
11495 4634 26337280 1
11434 4376 26337290 1
11338 4052 26337300 1
11210 3660 26337310 1
11045 3229 26337320 1
10855 2773 26337330 1
10642 2276 26337340 1
10430 1811 26337350 1
10219 1368 26337360 1
9981 964 26337370 1
9726 645 26337380 1
9490 383 26337390 1
9259 256 26337400 1
9030 226 26337410 1
8831 262 26337420 1
8704 386 26337430 1
8626 627 26337440 1
8665 947 26337450 1
8854 1395 26337460 1
9143 1836 26337470 1
9552 2273 26337480 1
10014 2730 26337490 1
10511 3104 26337500 1
11005 3423 26337510 1
11430 3663 26337520 1
11810 3823 26337530 1
12098 3929 26337540 1
12268 3961 26337550 1
