359
4082 6197 35855878 0
4082 6197 35855888 1
4104 6269 35855898 1
4131 6278 35855908 1
4137 6285 35855918 1
4137 6291 35855928 1
4137 6302 35855938 1
4137 6317 35855948 1
4131 6333 35855958 1
4124 6353 35855968 1
4109 6375 35855978 1
4076 6392 35855988 1
4032 6408 35855998 1
3945 6400 35856008 1
3824 6377 35856018 1
3680 6310 35856028 1
3510 6218 35856038 1
3350 6110 35856048 1
3197 5976 35856058 1
3028 5805 35856068 1
2874 5610 35856078 1
2729 5380 35856088 1
2594 5136 35856098 1
2487 4884 35856108 1
2399 4635 35856118 1
2343 4404 35856128 1
2301 4185 35856138 1
2269 3952 35856148 1
2255 3767 35856158 1
2271 3615 35856168 1
2308 3521 35856178 1
2370 3458 35856188 1
2456 3416 35856198 1
2559 3416 35856208 1
2696 3449 35856218 1
2834 3513 35856228 1
2994 3608 35856238 1
3169 3750 35856248 1
3356 3924 35856258 1
3570 4120 35856268 1
3802 4322 35856278 1
4007 4529 35856288 1
4212 4704 35856298 1
4371 4832 35856308 1
4498 4930 35856318 1
4596 4996 35856328 1
4679 5041 35856338 1
4751 5073 35856348 1
4809 5099 35856358 1
4850 5119 35856368 1
4880 5128 35856378 1
4904 5128 35856388 1
4919 5128 35856398 1
4929 5123 35856408 1
4929 5114 35856418 1
4929 5103 35856428 1
4914 5088 35856438 1
4881 5070 35856448 1
4816 5054 35856458 1
4730 5039 35856468 1
4612 5015 35856478 1
4494 4989 35856488 1
4377 4940 35856498 1
4259 4877 35856508 1
4134 4772 35856518 1
4004 4641 35856528 1
3886 4494 35856538 1
3786 4311 35856548 1
3697 4124 35856558 1
3644 3967 35856568 1
3628 3832 35856578 1
3637 3739 35856588 1
3670 3688 35856598 1
3721 3665 35856608 1
3785 3672 35856618 1
3864 3732 35856628 1
3963 3828 35856638 1
4075 3961 35856648 1
4210 4115 35856658 1
4346 4284 35856668 1
4477 4476 35856678 1
4604 4628 35856688 1
4712 4754 35856698 1
4778 4835 35856708 1
4817 4878 35856718 1
4826 4895 35856728 1
4826 4895 35856738 1
4826 4895 35856748 1
4826 4895 35856758 1
4816 4882 35856768 1
4802 4820 35856778 1
4760 4727 35856788 1
4705 4621 35856798 1
4641 4483 35856808 1
4578 4325 35856818 1
4532 4154 35856828 1
4497 4020 35856838 1
4497 3910 35856848 1
4506 3825 35856858 1
4530 3769 35856868 1
4565 3732 35856878 1
4605 3722 35856888 1
4672 3759 35856898 1
4755 3828 35856908 1
4859 3934 35856918 1
4965 4073 35856928 1
5077 4235 35856938 1
5197 4425 35856948 1
5324 4580 35856958 1
5420 4712 35856968 1
5496 4804 35856978 1
5545 4865 35856988 1
5575 4906 35856998 1
5591 4927 35857008 1
5591 4927 35857018 1
5591 4922 35857028 1
5585 4905 35857038 1
5564 4835 35857048 1
5529 4729 35857058 1
5480 4610 35857068 1
5419 4479 35857078 1
5349 4339 35857088 1
5299 4211 35857098 1
5270 4112 35857108 1
5256 4032 35857118 1
5256 3983 35857128 1
5256 3954 35857138 1
5265 3939 35857148 1
5273 3939 35857158 1
5283 3974 35857168 1
5319 4028 35857178 1
5372 4129 35857188 1
5427 4271 35857198 1
5502 4440 35857208 1
5590 4601 35857218 1
5695 4761 35857228 1
5800 4885 35857238 1
5876 4985 35857248 1
5933 5034 35857258 1
5968 5051 35857268 1
5987 5051 35857278 1
5995 5022 35857288 1
5995 4939 35857298 1
5990 4818 35857308 1
5976 4664 35857318 1
5959 4526 35857328 1
5943 4398 35857338 1
5926 4276 35857348 1
5907 4191 35857358 1
5894 4130 35857368 1
5889 4095 35857378 1
5889 4083 35857388 1
5889 4083 35857398 1
5895 4103 35857408 1
5915 4167 35857418 1
5946 4262 35857428 1
5986 4403 35857438 1
6054 4559 35857448 1
6140 4724 35857458 1
6231 4869 35857468 1
6303 4969 35857478 1
6361 5039 35857488 1
6394 5054 35857498 1
6423 5075 35857508 1
6448 5099 35857518 1
6469 5083 35857528 1
6485 5031 35857538 1
6498 4954 35857548 1
6479 4823 35857558 1
6429 4671 35857568 1
6357 4505 35857578 1
6297 4358 35857588 1
6273 4247 35857598 1
6273 4159 35857608 1
6301 4101 35857618 1
6333 4070 35857628 1
6375 4057 35857638 1
6421 4078 35857648 1
6485 4140 35857658 1
6560 4230 35857668 1
6652 4363 35857678 1
6756 4507 35857688 1
6868 4658 35857698 1
6946 4773 35857708 1
6985 4839 35857718 1
6997 4873 35857728 1
6997 4883 35857738 1
6992 4892 35857748 1
6987 4892 35857758 1
6987 4901 35857768 1
6987 4901 35857778 1
6987 4909 35857788 1
6992 4909 35857798 1
6992 4914 35857808 1
6992 4914 35857818 1
6997 4906 35857828 1
6988 4868 35857838 1
6971 4809 35857848 1
6924 4708 35857858 1
6855 4606 35857868 1
6770 4487 35857878 1
6695 4356 35857888 1
6623 4215 35857898 1
6583 4116 35857908 1
6564 4046 35857918 1
6564 4012 35857928 1
6570 3999 35857938 1
6581 3999 35857948 1
6594 4028 35857958 1
6643 4098 35857968 1
6695 4197 35857978 1
6765 4324 35857988 1
6845 4470 35857998 1
6934 4628 35858008 1
7027 4789 35858018 1
7127 4947 35858028 1
7205 5041 35858038 1
7270 5095 35858048 1
7292 5107 35858058 1
7305 5097 35858068 1
7312 5072 35858078 1
7305 4994 35858088 1
7282 4879 35858098 1
7249 4739 35858108 1
7212 4611 35858118 1
7167 4488 35858128 1
7117 4368 35858138 1
7075 4273 35858148 1
7052 4211 35858158 1
7042 4170 35858168 1
7047 4157 35858178 1
7054 4157 35858188 1
7062 4176 35858198 1
7098 4240 35858208 1
7152 4337 35858218 1
7212 4456 35858228 1
7298 4600 35858238 1
7400 4752 35858248 1
7509 4909 35858258 1
7614 5030 35858268 1
7691 5109 35858278 1
7750 5161 35858288 1
7792 5193 35858298 1
7815 5204 35858308 1
7825 5204 35858318 1
7838 5190 35858328 1
7849 5140 35858338 1
7839 5064 35858348 1
7816 4955 35858358 1
7769 4819 35858368 1
7724 4665 35858378 1
7681 4550 35858388 1
7652 4438 35858398 1
7630 4328 35858408 1
7618 4241 35858418 1
7626 4182 35858428 1
7645 4141 35858438 1
7668 4127 35858448 1
7692 4142 35858458 1
7738 4177 35858468 1
7798 4257 35858478 1
7880 4373 35858488 1
7978 4513 35858498 1
8087 4663 35858508 1
8210 4812 35858518 1
8315 4961 35858528 1
8409 5045 35858538 1
8458 5098 35858548 1
8482 5131 35858558 1
8488 5148 35858568 1
8488 5160 35858578 1
8488 5165 35858588 1
8488 5165 35858598 1
8488 5165 35858608 1
8482 5165 35858618 1
8482 5170 35858628 1
8482 5170 35858638 1
8482 5170 35858648 1
8482 5170 35858658 1
8488 5175 35858668 1
8488 5175 35858678 1
8488 5175 35858688 1
8488 5175 35858698 1
8488 5175 35858708 1
8488 5175 35858718 1
8474 5168 35858728 1
8452 5135 35858738 1
8396 5084 35858748 1
8331 4994 35858758 1
8259 4875 35858768 1
8189 4738 35858778 1
8124 4619 35858788 1
8063 4518 35858798 1
8025 4429 35858808 1
8004 4347 35858818 1
7995 4286 35858828 1
8003 4240 35858838 1
8026 4216 35858848 1
8059 4216 35858858 1
8110 4237 35858868 1
8184 4291 35858878 1
8274 4377 35858888 1
8391 4484 35858898 1
8523 4615 35858908 1
8666 4766 35858918 1
8821 4931 35858928 1
8970 5084 35858938 1
9116 5214 35858948 1
9220 5330 35858958 1
9288 5429 35858968 1
9333 5492 35858978 1
9354 5530 35858988 1
9361 5543 35858998 1
9361 5552 35859008 1
9361 5552 35859018 1
9354 5552 35859028 1
9344 5523 35859038 1
9314 5481 35859048 1
9271 5390 35859058 1
9218 5258 35859068 1
9147 5100 35859078 1
9075 4900 35859088 1
9001 4670 35859098 1
8933 4419 35859108 1
8872 4136 35859118 1
8816 3847 35859128 1
8759 3552 35859138 1
8700 3256 35859148 1
8640 2948 35859158 1
8582 2690 35859168 1
8545 2465 35859178 1
8523 2317 35859188 1
8509 2223 35859198 1
8493 2166 35859208 1
8458 2153 35859218 1
8411 2179 35859228 1
8340 2230 35859238 1
8255 2333 35859248 1
8160 2448 35859258 1
8101 2571 35859268 1
8079 2706 35859278 1
8079 2873 35859288 1
8135 3062 35859298 1
8281 3312 35859308 1
8490 3623 35859318 1
8807 3975 35859328 1
9192 4294 35859338 1
9621 4581 35859348 1
10033 4847 35859358 1
10367 5010 35859368 1
10649 5130 35859378 1
10882 5221 35859388 1
11065 5291 35859398 1
11214 5358 35859408 1
11317 5419 35859418 1
11385 5462 35859428 1
11430 5492 35859438 1
11438 5497 35859448 1
11438 5497 35859458 1
