245
2344 7391 27057145 0
2296 7416 27057155 1
2178 7552 27057165 1
2108 7567 27057175 1
2108 7579 27057185 1
2149 7585 27057195 1
2275 7623 27057205 1
2436 7683 27057215 1
2621 7723 27057225 1
2765 7730 27057235 1
2844 7715 27057245 1
2879 7694 27057255 1
2896 7673 27057265 1
2896 7620 27057275 1
2875 7546 27057285 1
2827 7419 27057295 1
2753 7292 27057305 1
2661 7176 27057315 1
2542 7067 27057325 1
2419 6953 27057335 1
2294 6845 27057345 1
2195 6766 27057355 1
2133 6704 27057365 1
2095 6675 27057375 1
2109 6649 27057385 1
2164 6624 27057395 1
2246 6602 27057405 1
2345 6579 27057415 1
2434 6535 27057425 1
2517 6477 27057435 1
2570 6378 27057445 1
2587 6248 27057455 1
2579 6098 27057465 1
2542 5913 27057475 1
2483 5668 27057485 1
2408 5383 27057495 1
2311 4882 27057505 1
2215 4336 27057515 1
2123 3761 27057525 1
2034 3389 27057535 1
1945 3142 27057545 1
1855 2978 27057555 1
1793 2877 27057565 1
1779 2854 27057576 1
1797 2884 27057586 1
1872 3044 27057596 1
1995 3295 27057606 1
3911 7836 27057706 0
4169 7957 27057716 1
4169 8004 27057726 1
4070 7989 27057736 1
4047 7932 27057746 1
3962 7646 27057756 1
3835 7272 27057766 1
3730 6839 27057776 1
3655 6451 27057786 1
3600 6137 27057796 1
3565 5872 27057806 1
3533 5733 27057816 1
3507 5661 27057826 1
3488 5634 27057836 1
3488 5634 27057846 1
3488 5663 27057856 1
3840 6682 27057916 0
4003 7181 27057926 1
4022 7273 27057936 1
4001 7309 27057946 1
4015 7309 27057956 1
4091 7329 27057966 1
4209 7349 27057976 1
4315 7367 27057986 1
4388 7367 27057996 1
4438 7360 27058006 1
4453 7340 27058016 1
4442 7309 27058026 1
4414 7226 27058036 1
4349 7109 27058046 1
4272 6992 27058056 1
3950 6723 27058097 0
3704 6600 27058107 1
3583 6560 27058117 1
3495 6509 27058127 1
3430 6483 27058137 1
3430 6474 27058147 1
3463 6474 27058157 1
3525 6489 27058167 1
3652 6523 27058177 1
3788 6573 27058187 1
3931 6619 27058197 1
4050 6657 27058207 1
4148 6675 27058217 1
4231 6681 27058227 1
4276 6665 27058237 1
4283 6620 27058247 1
3843 6162 27058307 0
3564 5991 27058317 1
3435 5952 27058327 1
3353 5923 27058337 1
3302 5901 27058347 1
3302 5901 27058357 1
3357 5901 27058367 1
3446 5916 27058377 1
3572 5943 27058387 1
3698 5950 27058397 1
3818 5906 27058407 1
3892 5827 27058417 1
3939 5694 27058427 1
3948 5536 27058437 1
3913 5361 27058447 1
3849 5177 27058457 1
3751 4965 27058467 1
3618 4734 27058477 1
3461 4528 27058487 1
3334 4321 27058497 1
3261 4148 27058507 1
3223 3999 27058517 1
3238 3921 27058527 1
3315 3882 27058537 1
3434 3870 27058547 1
3605 3957 27058557 1
3801 4105 27058567 1
4013 4295 27058577 1
4206 4482 27058587 1
4357 4682 27058597 1
4479 4891 27058607 1
4543 5084 27058617 1
4535 5179 27058627 1
4479 5210 27058637 1
4391 5201 27058647 1
4262 5120 27058657 1
4106 4990 27058667 1
3967 4837 27058677 1
3889 4719 27058687 1
3852 4625 27058697 1
3874 4571 27058707 1
3984 4546 27058717 1
4152 4541 27058727 1
4393 4617 27058737 1
6606 7205 27058978 0
6640 7159 27058988 1
6647 7170 27058998 1
6579 7131 27059008 1
6447 6845 27059018 1
6272 6394 27059028 1
6131 5878 27059038 1
6010 5405 27059048 1
5902 4960 27059058 1
5785 4536 27059068 1
5671 4190 27059078 1
5594 3897 27059088 1
5540 3746 27059098 1
5507 3682 27059108 1
5507 3677 27059118 1
5525 3713 27059128 1
7111 7161 27059228 0
7551 7278 27059238 1
7736 7436 27059248 1
7873 7530 27059258 1
8085 7582 27059268 1
8297 7652 27059278 1
8513 7721 27059288 1
8657 7768 27059298 1
8750 7800 27059308 1
8786 7805 27059318 1
8797 7762 27059328 1
8792 7686 27059338 1
8703 7457 27059348 1
8571 7100 27059358 1
8409 6659 27059368 1
8235 6187 27059379 1
8081 5692 27059389 1
7940 5181 27059399 1
7816 4680 27059409 1
7727 4252 27059419 1
7661 3872 27059429 1
7539 3516 27059439 1
7453 3281 27059449 1
7390 3128 27059459 1
7306 3029 27059469 1
7239 2996 27059479 1
7183 3008 27059489 1
7122 3080 27059499 1
7065 3256 27059509 1
7016 3502 27059519 1
6400 5992 27059609 0
6299 6043 27059619 1
6219 6093 27059629 1
6204 6138 27059639 1
6264 6146 27059649 1
6374 6193 27059659 1
6564 6265 27059669 1
6754 6315 27059679 1
6940 6346 27059689 1
7073 6364 27059699 1
7174 6384 27059709 1
7255 6406 27059719 1
7322 6436 27059729 1
7380 6472 27059739 1
7427 6530 27059749 1
7458 6603 27059759 1
7477 6685 27059769 1
7457 6750 27059779 1
7390 6777 27059789 1
7292 6777 27059799 1
7163 6731 27059809 1
7031 6631 27059819 1
6896 6496 27059829 1
6785 6349 27059839 1
6727 6241 27059849 1
6705 6159 27059859 1
6715 6093 27059869 1
6751 6044 27059879 1
6804 6007 27059889 1
6869 5972 27059899 1
6913 5891 27059909 1
6943 5780 27059919 1
6954 5629 27059929 1
6954 5461 27059929 1
6946 5282 27059939 1
6913 5134 27059949 1
6846 5017 27059959 1
6755 4920 27059969 1
6649 4827 27059979 1
6545 4731 27059989 1
6442 4648 27059999 1
6384 4575 27060009 1
6384 4527 27060019 1
6424 4489 27060029 1
6528 4459 27060039 1
6665 4476 27060049 1
6823 4517 27060059 1
6947 4575 27060069 1
7019 4630 27060079 1
7057 4697 27060089 1
7057 4772 27060099 1
7028 4844 27060109 1
6972 4892 27060119 1
6885 4925 27060129 1
6775 4941 27060139 1
6649 4954 27060149 1
6558 4963 27060159 1
6491 4971 27060169 1
6441 4979 27060179 1
6423 4986 27060189 1
6428 4992 27060199 1
