368
2673 6633 71370475 0
2734 6603 71370485 1
2725 6637 71370495 1
2737 6637 71370505 1
2764 6637 71370515 1
2791 6637 71370525 1
2840 6637 71370535 1
2903 6655 71370545 1
2972 6664 71370555 1
3038 6671 71370565 1
3084 6662 71370575 1
3118 6645 71370585 1
3129 6613 71370595 1
3110 6553 71370605 1
3071 6474 71370615 1
3012 6370 71370625 1
2947 6271 71370635 1
2879 6175 71370645 1
2809 6082 71370655 1
2740 5994 71370665 1
2674 5910 71370675 1
2613 5837 71370685 1
2582 5794 71370695 1
2570 5770 71370705 1
2581 5763 71370715 1
2624 5773 71370725 1
2688 5795 71370735 1
2766 5851 71370745 1
2849 5902 71370755 1
2936 5950 71370765 1
3002 5968 71370775 1
3052 5962 71370785 1
3090 5940 71370795 1
3115 5893 71370805 1
3128 5830 71370815 1
3133 5757 71370825 1
3133 5681 71370835 1
3125 5580 71370845 1
3115 5462 71370855 1
3098 5310 71370865 1
3079 5154 71370875 1
3059 4967 71370885 1
3039 4760 71370895 1
3019 4581 71370905 1
2998 4409 71370915 1
2973 4242 71370925 1
2950 4088 71370935 1
2921 3955 71370945 1
2887 3835 71370955 1
2852 3723 71370965 1
2817 3646 71370975 1
2777 3592 71370985 1
2733 3541 71370995 1
2695 3518 71371005 1
2660 3518 71371015 1
2643 3535 71371025 1
2636 3583 71371035 1
2647 3649 71371045 1
2676 3750 71371055 1
3961 6704 71371376 0
3961 6704 71371386 1
3961 6704 71371396 1
3937 6633 71371406 1
3919 6554 71371416 1
3891 6440 71371426 1
3865 6313 71371436 1
3841 6178 71371446 1
3826 6036 71371456 1
3813 5886 71371466 1
3805 5730 71371476 1
3798 5612 71371486 1
3798 5503 71371496 1
3792 5400 71371506 1
3792 5313 71371516 1
3799 5259 71371526 1
3809 5226 71371536 1
3818 5221 71371546 1
3881 6162 71371636 0
3874 6300 71371646 1
3891 6347 71371656 1
3923 6403 71371666 1
3984 6466 71371676 1
4066 6535 71371686 1
4161 6587 71371696 1
4254 6622 71371706 1
4329 6646 71371716 1
4393 6651 71371726 1
4436 6639 71371736 1
4452 6616 71371746 1
4452 6570 71371756 1
4418 6490 71371766 1
4355 6388 71371776 1
4271 6275 71371786 1
4172 6166 71371796 1
4073 6068 71371806 1
3991 5976 71371816 1
3919 5907 71371826 1
3876 5860 71371836 1
3859 5828 71371846 1
3859 5828 71371856 1
3874 5828 71371866 1
3922 5852 71371876 1
3990 5892 71371886 1
4087 5941 71371896 1
4185 5986 71371906 1
4280 6023 71371916 1
4347 6051 71371926 1
4399 6062 71371936 1
4420 6062 71371946 1
4420 6048 71371956 1
4407 6017 71371966 1
4372 5975 71371976 1
4323 5925 71371986 1
4264 5875 71371996 1
4214 5837 71372006 1
4185 5806 71372016 1
4169 5796 71372026 1
4169 5786 71372036 1
4174 5775 71372046 1
4183 5751 71372056 1
4190 5722 71372066 1
4170 5670 71372076 1
4133 5604 71372086 1
4066 5517 71372096 1
3990 5426 71372106 1
3909 5324 71372116 1
3826 5216 71372126 1
3738 5121 71372136 1
3647 5046 71372146 1
3579 4984 71372156 1
3544 4944 71372166 1
3532 4933 71372176 1
3541 4942 71372186 1
3596 4969 71372196 1
3682 5020 71372206 1
3795 5087 71372216 1
3901 5158 71372226 1
4003 5227 71372236 1
4104 5293 71372246 1
4189 5354 71372256 1
4263 5411 71372266 1
4309 5452 71372276 1
4330 5482 71372286 1
4330 5494 71372296 1
4325 5503 71372306 1
4299 5503 71372316 1
4261 5480 71372326 1
4211 5439 71372336 1
4155 5363 71372346 1
4094 5264 71372356 1
4043 5149 71372366 1
3996 5009 71372376 1
3954 4864 71372386 1
3915 4708 71372396 1
3880 4576 71372406 1
3854 4459 71372416 1
3838 4334 71372426 1
3843 4242 71372436 1
3862 4172 71372446 1
3897 4130 71372456 1
3959 4113 71372466 1
4038 4113 71372476 1
4145 4157 71372486 1
4262 4230 71372496 1
4385 4322 71372506 1
4495 4420 71372516 1
4597 4512 71372526 1
4693 4593 71372536 1
4776 4664 71372546 1
4825 4726 71372556 1
4852 4791 71372566 1
4860 4857 71372576 1
4844 4914 71372586 1
4812 4968 71372596 1
4763 5000 71372606 1
4701 5019 71372616 1
4630 5004 71372626 1
4560 4964 71372636 1
4491 4907 71372646 1
4441 4844 71372656 1
4402 4787 71372666 1
4386 4755 71372676 1
4386 4738 71372686 1
4386 4727 71372696 1
4404 4720 71372706 1
4426 4715 71372716 1
4459 4715 71372726 1
4507 4703 71372736 1
4565 4673 71372746 1
4642 4631 71372756 1
4724 4560 71372766 1
4814 4488 71372776 1
4903 4417 71372786 1
4992 4361 71372796 1
5091 4313 71372806 1
5198 4292 71372816 1
5300 4287 71372826 1
5398 4294 71372836 1
5473 4294 71372846 1
5515 4286 71372856 1
5536 4264 71372866 1
5934 6225 71373409 0
5934 6225 71373419 1
5934 6225 71373429 1
5921 6156 71373439 1
5897 6059 71373449 1
5870 5919 71373459 1
5840 5750 71373469 1
5799 5581 71373479 1
5758 5367 71373489 1
5706 5124 71373499 1
5647 4877 71373509 1
5588 4642 71373519 1
5542 4452 71373529 1
5505 4289 71373539 1
5486 4141 71373549 1
5478 4027 71373559 1
5478 3936 71373569 1
5478 3879 71373579 1
5486 3868 71373589 1
6579 6829 71373870 0
6659 6914 71373880 1
6707 6939 71373890 1
6761 6959 71373900 1
6822 6959 71373910 1
6885 6942 71373920 1
6944 6915 71373930 1
7001 6888 71373940 1
7066 6862 71373950 1
7130 6838 71373960 1
7194 6815 71373970 1
7258 6775 71373980 1
7311 6714 71373990 1
7357 6640 71374000 1
7394 6544 71374010 1
7428 6421 71374020 1
7460 6281 71374030 1
7484 6135 71374040 1
7499 5969 71374050 1
7509 5789 71374060 1
7518 5629 71374070 1
7518 5444 71374080 1
7518 5242 71374090 1
7518 5044 71374100 1
7526 4837 71374110 1
7539 4625 71374120 1
7552 4424 71374130 1
7561 4233 71374140 1
7566 4048 71374150 1
7566 3895 71374160 1
7572 3758 71374170 1
7572 3632 71374180 1
7572 3514 71374190 1
7579 3417 71374200 1
7579 3335 71374210 1
7579 3277 71374220 1
7579 3248 71374230 1
7571 3239 71374240 1
7554 3254 71374250 1
7530 3318 71374260 1
7499 3414 71374270 1
7461 3542 71374280 1
7418 3695 71374290 1
7357 3866 71374300 1
6157 5425 71374480 0
6157 5425 71374490 1
6157 5425 71374500 1
6157 5425 71374510 1
6202 5457 71374520 1
6277 5488 71374530 1
6376 5539 71374540 1
6492 5587 71374550 1
6591 5634 71374560 1
6679 5673 71374570 1
6760 5711 71374580 1
6824 5748 71374590 1
6867 5785 71374600 1
6897 5819 71374610 1
6908 5861 71374620 1
6903 5909 71374630 1
6886 5958 71374640 1
6849 6010 71374650 1
6812 6064 71374660 1
6775 6095 71374670 1
6743 6109 71374680 1
6713 6109 71374690 1
6690 6104 71374700 1
6665 6073 71374710 1
6639 6027 71374720 1
6616 5957 71374730 1
6595 5881 71374740 1
6580 5792 71374750 1
6566 5705 71374760 1
6552 5619 71374770 1
6531 5517 71374780 1
6507 5415 71374790 1
6480 5312 71374800 1
6452 5235 71374810 1
6425 5173 71374820 1
6396 5120 71374830 1
6367 5079 71374840 1
6336 5046 71374850 1
6309 5027 71374860 1
6298 5018 71374870 1
6298 5018 71374880 1
6298 5018 71374890 1
6331 5027 71374900 1
6380 5042 71374910 1
6455 5087 71374920 1
6544 5138 71374930 1
6641 5192 71374940 1
6726 5239 71374950 1
6799 5281 71374960 1
6865 5314 71374970 1
6905 5341 71374980 1
6933 5362 71374990 1
6952 5374 71375000 1
6958 5379 71375010 1
6958 5379 71375020 1
6958 5379 71375030 1
6958 5372 71375040 1
6943 5363 71375050 1
6926 5346 71375060 1
6897 5306 71375070 1
6856 5251 71375080 1
6807 5182 71375090 1
6755 5109 71375100 1
6704 5018 71375110 1
6655 4917 71375120 1
6610 4808 71375130 1
6569 4705 71375140 1
6532 4618 71375150 1
6500 4540 71375160 1
6474 4472 71375170 1
6453 4415 71375180 1
6440 4365 71375190 1
6433 4329 71375200 1
6433 4309 71375210 1
6442 4301 71375220 1
6458 4296 71375230 1
6491 4296 71375240 1
6535 4305 71375250 1
6591 4320 71375260 1
6651 4335 71375270 1
6719 4357 71375280 1
6793 4385 71375290 1
6862 4414 71375300 1
6928 4444 71375310 1
6981 4476 71375320 1
7021 4511 71375330 1
7051 4544 71375340 1
7066 4572 71375350 1
7066 4599 71375360 1
7060 4626 71375370 1
7043 4653 71375380 1
7020 4683 71375390 1
6992 4717 71375400 1
6954 4755 71375410 1
6909 4798 71375420 1
6858 4845 71375430 1
6800 4889 71375440 1
6737 4932 71375450 1
6670 4972 71375460 1
6597 5010 71375470 1
6523 5046 71375480 1
6449 5090 71375490 1
6382 5138 71375500 1
6316 5204 71375510 1
