239
2413 7241 27036205 0
2424 7215 27036215 1
2376 7262 27036225 1
2293 7352 27036235 1
2274 7381 27036245 1
2312 7405 27036255 1
2389 7442 27036265 1
2531 7490 27036275 1
2683 7482 27036285 1
2842 7414 27036295 1
2934 7306 27036305 1
2952 7155 27036315 1
2921 6962 27036325 1
2820 6740 27036335 1
2683 6575 27036345 1
2523 6455 27036355 1
2408 6365 27036365 1
2362 6343 27036375 1
2362 6324 27036385 1
2414 6306 27036395 1
2523 6243 27036405 1
2670 6094 27036415 1
2788 5888 27036425 1
2851 5537 27036435 1
2876 5112 27036445 1
2876 4639 27036455 1
2864 4290 27036465 1
2843 4042 27036476 1
2786 3862 27036486 1
2710 3728 27036496 1
2621 3657 27036506 1
2558 3629 27036516 1
2519 3629 27036526 1
2495 3697 27036536 1
2507 3804 27036546 1
3951 7754 27036646 0
4158 7888 27036656 1
4112 7955 27036666 1
4118 7939 27036676 1
4096 7810 27036686 1
4055 7607 27036696 1
3975 7203 27036706 1
3895 6740 27036716 1
3851 6238 27036726 1
3831 5934 27036736 1
3819 5760 27036746 1
3785 5672 27036756 1
3737 5634 27036766 1
3690 5644 27036776 1
3682 5685 27036786 1
3700 5827 27036796 1
3769 6057 27036806 1
3874 6347 27036816 1
3874 6347 27036836 0
4277 7410 27036846 1
4367 7657 27036856 1
4389 7752 27036866 1
4404 7745 27036876 1
4414 7745 27036886 1
4467 7752 27036896 1
4522 7757 27036906 1
4564 7757 27036916 1
4596 7746 27036926 1
4613 7736 27036936 1
4605 7692 27036946 1
4581 7624 27036956 1
4480 7440 27036966 1
4212 7022 27036996 0
4042 6826 27037006 1
3996 6813 27037016 1
3966 6805 27037026 1
3953 6805 27037036 1
3953 6805 27037046 1
3962 6791 27037056 1
4008 6781 27037066 1
4078 6773 27037076 1
4193 6780 27037086 1
4310 6796 27037096 1
4400 6806 27037106 1
4471 6787 27037116 1
4494 6748 27037126 1
4187 6255 27037157 0
3839 5906 27037167 1
3656 5805 27037177 1
3509 5756 27037187 1
3387 5722 27037197 1
3325 5707 27037207 1
3313 5707 27037217 1
3335 5707 27037227 1
3416 5731 27037237 1
3537 5771 27037247 1
3685 5804 27037257 1
3821 5804 27037267 1
3911 5775 27037277 1
3971 5681 27037287 1
3987 5518 27037297 1
3959 5308 27037307 1
3902 5071 27037317 1
3848 4892 27037327 1
3827 4753 27037337 1
3827 4681 27037347 1
3845 4645 27037357 1
3897 4634 27037367 1
3972 4676 27037377 1
4080 4772 27037387 1
4192 4903 27037397 1
4305 5050 27037407 1
4417 5227 27037417 1
4508 5424 27037427 1
4545 5591 27037437 1
4545 5671 27037447 1
4476 5694 27037457 1
4351 5622 27037467 1
4189 5465 27037477 1
4059 5252 27037487 1
4031 5126 27037497 1
4070 5040 27037507 1
4199 4980 27037517 1
4375 4973 27037527 1
4581 5022 27037537 1
4814 5108 27037547 1
5012 5190 27037557 1
7361 7382 27037717 0
7439 7568 27037727 1
7357 7684 27037737 1
7328 7679 27037747 1
7334 7587 27037757 1
7233 7438 27037767 1
7100 7078 27037777 1
6946 6637 27037787 1
6780 6142 27037797 1
6656 5686 27037807 1
6561 5322 27037817 1
6508 5020 27037827 1
6455 4760 27037837 1
6396 4566 27037847 1
6331 4416 27037857 1
6271 4286 27037867 1
6240 4216 27037877 1
6228 4185 27037887 1
6245 4190 27037897 1
6326 4292 27037907 1
7762 7538 27038008 0
8111 7780 27038018 1
8213 7889 27038028 1
8301 7989 27038038 1
8438 8046 27038048 1
8559 8073 27038058 1
8668 8079 27038068 1
8753 8067 27038078 1
8824 8052 27038088 1
8885 7996 27038098 1
8914 7913 27038108 1
8886 7748 27038118 1
8820 7436 27038128 1
8700 7027 27038138 1
8569 6526 27038148 1
8430 6013 27038158 1
8318 5491 27038168 1
8236 5008 27038178 1
8175 4581 27038188 1
8109 4191 27038198 1
8020 3782 27038208 1
7916 3485 27038218 1
7820 3262 27038228 1
7718 3097 27038238 1
7611 2998 27038248 1
7535 2943 27038258 1
7476 2932 27038268 1
7441 2970 27038278 1
7406 3041 27038288 1
7394 3227 27038298 1
7394 3498 27038308 1
7310 5036 27038348 0
7062 5470 27038358 1
6897 5538 27038368 1
6741 5622 27038378 1
6641 5675 27038388 1
6577 5708 27038398 1
6542 5731 27038408 1
6533 5742 27038418 1
6540 5742 27038428 1
6606 5784 27038438 1
6755 5863 27038448 1
6959 5970 27038458 1
7155 6058 27038468 1
7349 6122 27038478 1
7541 6170 27038488 1
7681 6240 27038498 1
7782 6306 27038508 1
7858 6364 27038518 1
7897 6446 27038528 1
7913 6545 27038538 1
7913 6672 27038548 1
7906 6799 27038558 1
7870 6926 27038568 1
7814 6962 27038578 1
7748 6914 27038588 1
7640 6810 27038598 1
7504 6603 27038608 1
7381 6388 27038618 1
7281 6167 27038628 1
7195 6010 27038638 1
7109 5891 27038648 1
7016 5797 27038658 1
6919 5748 27038668 1
6836 5727 27038678 1
6797 5727 27038688 1
6786 5727 27038698 1
6799 5727 27038708 1
6868 5727 27038718 1
6974 5732 27038728 1
7079 5715 27038739 1
7178 5685 27038749 1
7243 5641 27038759 1
7287 5567 27038769 1
7270 5472 27038779 1
7208 5319 27038789 1
7116 5147 27038799 1
7021 4962 27038809 1
6966 4828 27038819 1
6937 4740 27038829 1
6943 4683 27038839 1
6975 4653 27038849 1
7025 4653 27038859 1
7096 4675 27038869 1
7169 4729 27038879 1
7226 4798 27038889 1
7271 4878 27038899 1
7304 4979 27038909 1
7324 5093 27038919 1
7335 5216 27038929 1
7319 5302 27038939 1
7272 5359 27038949 1
7205 5396 27038959 1
7117 5404 27038969 1
7011 5391 27038979 1
6894 5363 27038989 1
6829 5352 27038999 1
