323
5465 6493 64046220 0
5413 6310 64046230 1
5316 6359 64046240 1
5302 6454 64046250 1
5344 6444 64046260 1
5399 6452 64046270 1
5485 6472 64046280 1
5591 6511 64046280 1
5723 6550 64046290 1
5861 6590 64046300 1
5975 6619 64046310 1
6072 6647 64046320 1
6164 6670 64046330 1
6239 6687 64046340 1
6302 6697 64046350 1
6338 6697 64046360 1
6352 6668 64046370 1
6352 6621 64046380 1
6280 6489 64046390 1
6173 6335 64046400 1
6041 6166 64046410 1
5902 6012 64046420 1
5755 5858 64046430 1
5602 5740 64046440 1
5496 5645 64046450 1
5434 5595 64046460 1
5400 5570 64046470 1
5400 5562 64046480 1
5418 5562 64046490 1
5449 5562 64046500 1
5504 5567 64046510 1
5577 5594 64046520 1
5663 5633 64046530 1
5759 5667 64046540 1
5848 5702 64046550 1
5931 5738 64046560 1
6006 5774 64046570 1
6063 5798 64046580 1
6109 5817 64046590 1
6131 5827 64046600 1
6138 5827 64046610 1
6138 5827 64046620 1
6130 5827 64046630 1
6105 5793 64046640 1
6068 5740 64046650 1
6000 5631 64046660 1
5922 5516 64046670 1
5836 5377 64046680 1
5722 5223 64046690 1
5612 5096 64046700 1
5507 4985 64046710 1
5429 4885 64046720 1
5369 4825 64046730 1
5354 4807 64046740 1
5354 4818 64046750 1
5374 4824 64046760 1
5438 4859 64046770 1
5542 4914 64046780 1
5672 4982 64046790 1
5803 5036 64046800 1
5909 5053 64046810 1
5997 5053 64046820 1
6070 5011 64046830 1
6122 4906 64046840 1
6159 4758 64046850 1
6159 4557 64046860 1
6125 4281 64046870 1
6067 3956 64046880 1
5973 3568 64046890 1
5841 3218 64046900 1
5683 2893 64046910 1
5512 2633 64046920 1
5367 2460 64046930 1
5240 2345 64046940 1
5153 2258 64046950 1
7340 6563 64047171 0
7259 6569 64047181 1
7224 6681 64047191 1
7210 6722 64047201 1
7210 6717 64047211 1
7210 6711 64047221 1
7210 6614 64047231 1
7166 6456 64047241 1
7093 6170 64047251 1
7018 5845 64047261 1
6939 5495 64047271 1
6858 5101 64047281 1
6784 4770 64047291 1
6745 4481 64047301 1
6729 4327 64047311 1
6736 4241 64047321 1
6747 4201 64047331 1
6766 4201 64047341 1
7092 6008 64047421 0
7262 6282 64047431 1
7302 6383 64047441 1
7371 6466 64047451 1
7464 6537 64047461 1
7574 6600 64047471 1
7659 6638 64047481 1
7741 6672 64047491 1
7821 6697 64047501 1
7893 6718 64047511 1
7950 6735 64047521 1
7996 6750 64047531 1
8030 6761 64047541 1
8050 6761 64047551 1
8061 6761 64047561 1
7474 6183 64047642 0
7332 6007 64047652 1
7280 5991 64047662 1
7280 6025 64047672 1
7296 6020 64047682 1
7322 6025 64047692 1
7386 6038 64047702 1
7454 6061 64047712 1
7529 6081 64047722 1
7589 6090 64047732 1
7639 6090 64047742 1
7663 6070 64047752 1
7649 6038 64047762 1
7610 5955 64047772 1
7534 5859 64047782 1
7435 5755 64047792 1
7321 5658 64047802 1
7209 5576 64047812 1
7139 5504 64047822 1
7098 5470 64047832 1
7093 5458 64047842 1
7093 5458 64047852 1
7127 5458 64047862 1
7179 5486 64047872 1
7267 5533 64047882 1
7356 5577 64047892 1
7442 5616 64047902 1
7504 5634 64047912 1
7552 5639 64047922 1
7573 5630 64047932 1
7556 5588 64047942 1
6674 4820 64048022 0
6500 4687 64048032 1
6485 4687 64048042 1
6498 4693 64048052 1
6532 4726 64048062 1
6613 4798 64048072 1
6726 4896 64048082 1
6872 4984 64048092 1
7006 5068 64048102 1
7132 5150 64048112 1
7250 5213 64048122 1
7350 5256 64048132 1
7437 5287 64048142 1
7481 5295 64048152 1
7493 5283 64048162 1
7484 5259 64048172 1
7442 5181 64048183 1
7369 5047 64048193 1
7275 4875 64048203 1
7172 4647 64048213 1
7073 4418 64048223 1
6981 4177 64048233 1
6913 3928 64048243 1
6862 3762 64048253 1
6854 3681 64048263 1
6885 3658 64048273 1
6941 3667 64048283 1
7048 3741 64048293 1
7201 3859 64048303 1
7385 3999 64048313 1
7576 4175 64048323 1
7767 4374 64048333 1
7915 4561 64048343 1
8034 4682 64048353 1
8071 4758 64048363 1
8066 4758 64048373 1
8033 4726 64048383 1
7947 4666 64048393 1
7803 4550 64048403 1
7621 4432 64048413 1
7471 4323 64048423 1
7356 4221 64048433 1
7264 4131 64048443 1
7239 4075 64048453 1
7298 4043 64048463 1
7412 3996 64048473 1
7543 3986 64048483 1
7695 4001 64048493 1
7861 4041 64048503 1
7986 4080 64048513 1
8063 4115 64048523 1
8109 4141 64048533 1
8131 4156 64048543 1
8143 4161 64048553 1
8148 4182 64048563 1
9103 6081 64049154 0
9095 6083 64049164 1
9084 6153 64049184 1
9084 6153 64049194 1
9084 6153 64049204 1
9103 6193 64049214 1
9108 6199 64049224 1
9108 6199 64049234 1
9108 6199 64049244 1
9085 6111 64049254 1
9043 5970 64049264 1
8960 5708 64049274 1
8857 5386 64049284 1
8741 5024 64049294 1
8650 4608 64049304 1
8589 4243 64049314 1
8547 3911 64049324 1
8500 3618 64049334 1
8471 3404 64049344 1
8453 3243 64049354 1
8404 3093 64049364 1
8379 3012 64049374 1
8370 2977 64049384 1
8370 2985 64049394 1
8402 3044 64049404 1
9278 5892 64049504 0
9562 6276 64049514 1
9641 6451 64049524 1
9733 6658 64049534 1
9852 6726 64049544 1
9988 6795 64049554 1
10101 6864 64049564 1
10206 6924 64049574 1
10306 6980 64049584 1
10397 7026 64049594 1
10479 7066 64049604 1
10554 7097 64049614 1
10616 7116 64049624 1
10679 7126 64049634 1
10729 7126 64049644 1
10770 7126 64049654 1
10798 7121 64049664 1
10815 7109 64049674 1
10825 7089 64049684 1
10825 7024 64049694 1
10802 6930 64049704 1
10757 6756 64049714 1
10689 6518 64049724 1
10607 6237 64049734 1
10516 5875 64049744 1
10430 5509 64049754 1
10364 5138 64049764 1
10310 4764 64049774 1
10274 4439 64049784 1
10240 4148 64049794 1
10203 3779 64049804 1
10163 3449 64049814 1
10151 3145 64049824 1
10129 2882 64049834 1
10100 2716 64049844 1
10078 2616 64049854 1
10056 2592 64049864 1
10029 2610 64049874 1
9998 2657 64049884 1
9961 2774 64049894 1
9915 2909 64049904 1
9030 4791 64050035 0
9025 4871 64050045 1
9044 4939 64050055 1
9116 5029 64050065 1
9218 5134 64050075 1
9338 5239 64050085 1
9458 5323 64050095 1
9558 5394 64050105 1
9643 5462 64050115 1
9698 5524 64050125 1
9732 5585 64050135 1
9751 5647 64050145 1
9746 5713 64050155 1
9721 5779 64050165 1
9682 5816 64050175 1
9630 5835 64050185 1
9571 5808 64050195 1
9506 5737 64050205 1
9439 5638 64050215 1
9378 5497 64050225 1
9337 5357 64050235 1
9308 5222 64050245 1
9283 5095 64050255 1
9261 4970 64050265 1
9246 4862 64050275 1
9241 4803 64050285 1
9241 4777 64050295 1
9257 4777 64050305 1
9303 4796 64050315 1
9369 4831 64050325 1
9452 4872 64050335 1
9536 4911 64050345 1
9604 4924 64050355 1
9662 4924 64050365 1
9701 4885 64050375 1
9701 4798 64050385 1
9670 4676 64050396 1
9593 4542 64050406 1
9468 4384 64050416 1
9310 4209 64050426 1
9160 4066 64050436 1
9045 3943 64050446 1
8953 3833 64050456 1
8920 3766 64050466 1
8951 3726 64050476 1
9024 3703 64050486 1
9122 3718 64050496 1
9240 3772 64050506 1
9372 3853 64050516 1
9492 3924 64050526 1
9569 3986 64050536 1
9617 4042 64050546 1
9634 4091 64050556 1
9620 4134 64050566 1
9586 4167 64050576 1
9520 4177 64050586 1
9429 4172 64050596 1
9321 4153 64050606 1
9223 4134 64050616 1
9148 4124 64050616 1
9088 4119 64050626 1
9060 4119 64050636 1
9060 4124 64050646 1
