380
2779 7113 43045285 0
2779 7113 43045295 1
2779 7113 43045305 1
2779 7113 43045315 1
2779 7113 43045325 1
2779 7113 43045335 1
2779 7113 43045345 1
2775 7084 43045355 1
2786 7076 43045365 1
2814 7069 43045375 1
2852 7064 43045385 1
2902 7064 43045395 1
2955 7056 43045405 1
3017 7056 43045415 1
3088 7050 43045425 1
3154 7036 43045435 1
3215 7015 43045445 1
3254 6983 43045455 1
3277 6939 43045465 1
3289 6884 43045475 1
3273 6814 43045485 1
3222 6735 43045495 1
3148 6636 43045505 1
3052 6520 43045515 1
2958 6394 43045525 1
2870 6281 43045535 1
2803 6190 43045545 1
2748 6114 43045555 1
2704 6054 43045565 1
2664 6007 43045575 1
2649 5968 43045585 1
2649 5953 43045595 1
2667 5937 43045605 1
2691 5927 43045615 1
2725 5922 43045625 1
2768 5929 43045635 1
2822 5940 43045645 1
2884 5955 43045655 1
2944 5961 43045665 1
3003 5961 43045675 1
3059 5961 43045685 1
3109 5942 43045695 1
3156 5908 43045705 1
3193 5864 43045715 1
3222 5795 43045725 1
3245 5725 43045735 1
3257 5634 43045745 1
3262 5530 43045755 1
3262 5397 43045765 1
3262 5248 43045775 1
3253 5088 43045785 1
3241 4893 43045795 1
3224 4685 43045805 1
3214 4469 43045815 1
3194 4224 43045825 1
3157 3993 43045835 1
3111 3771 43045845 1
3067 3572 43045855 1
3014 3380 43045865 1
2954 3194 43045875 1
2895 3031 43045885 1
2839 2903 43045895 1
2791 2799 43045905 1
2762 2729 43045915 1
2744 2705 43045925 1
2750 2712 43045935 1
4685 6880 43046257 0
4685 6880 43046267 1
4622 6844 43046277 1
4587 6806 43046287 1
4548 6747 43046297 1
4506 6675 43046307 1
4468 6573 43046317 1
4428 6429 43046327 1
4379 6258 43046337 1
4323 6075 43046347 1
4262 5884 43046357 1
4202 5688 43046367 1
4146 5517 43046377 1
4095 5344 43046387 1
4064 5170 43046397 1
4044 5046 43046407 1
4039 4947 43046417 1
4039 4865 43046427 1
4045 4809 43046437 1
4060 4787 43046447 1
4080 4787 43046457 1
4192 5363 43046527 0
4215 5530 43046537 1
4234 5581 43046547 1
4272 5633 43046557 1
4321 5685 43046567 1
4390 5737 43046577 1
4463 5788 43046587 1
4542 5838 43046597 1
4621 5885 43046607 1
4695 5924 43046617 1
4765 5953 43046627 1
4805 5959 43046637 1
4824 5952 43046647 1
4829 5930 43046657 1
4817 5876 43046667 1
4773 5802 43046677 1
4708 5723 43046687 1
4632 5637 43046697 1
4548 5539 43046707 1
4458 5426 43046717 1
4371 5304 43046727 1
4291 5208 43046737 1
4225 5142 43046747 1
4192 5096 43046757 1
4181 5075 43046767 1
4198 5069 43046777 1
4239 5069 43046787 1
4296 5099 43046797 1
4384 5143 43046807 1
4476 5198 43046817 1
4575 5249 43046827 1
4672 5296 43046837 1
4747 5324 43046847 1
4808 5340 43046857 1
4824 5340 43046867 1
4816 5317 43046877 1
4792 5285 43046888 1
4722 5215 43046898 1
4630 5140 43046908 1
4523 5047 43046918 1
4409 4945 43046928 1
4287 4823 43046938 1
4160 4712 43046948 1
4039 4608 43046958 1
3942 4514 43046968 1
3862 4433 43046978 1
3812 4362 43046988 1
3794 4328 43046998 1
3794 4316 43047008 1
3823 4316 43047018 1
3872 4345 43047028 1
3937 4399 43047038 1
4031 4473 43047048 1
4152 4555 43047058 1
4290 4636 43047068 1
4412 4715 43047078 1
4525 4793 43047088 1
4632 4869 43047098 1
4742 4938 43047108 1
4828 4998 43047118 1
4898 5048 43047128 1
4946 5088 43047138 1
4969 5109 43047148 1
4975 5118 43047158 1
4959 5118 43047168 1
4924 5111 43047178 1
4875 5078 43047188 1
4806 5027 43047198 1
4716 4962 43047208 1
4611 4879 43047218 1
4525 4785 43047228 1
4439 4693 43047238 1
4355 4596 43047248 1
4271 4473 43047258 1
4190 4334 43047268 1
4111 4182 43047278 1
4057 4035 43047288 1
4019 3902 43047298 1
4011 3776 43047308 1
4031 3686 43047318 1
4070 3627 43047328 1
4145 3588 43047338 1
4225 3574 43047348 1
4316 3588 43047358 1
4414 3622 43047368 1
4519 3676 43047378 1
4626 3760 43047388 1
4736 3865 43047398 1
4828 3969 43047408 1
4909 4074 43047418 1
4968 4178 43047428 1
4999 4282 43047438 1
5012 4379 43047448 1
4997 4471 43047458 1
4970 4526 43047468 1
4934 4548 43047478 1
4895 4548 43047488 1
4854 4525 43047498 1
4812 4495 43047508 1
4785 4455 43047518 1
4764 4408 43047528 1
4769 4357 43047538 1
4789 4307 43047548 1
4822 4256 43047558 1
4878 4213 43047568 1
4948 4175 43047578 1
5032 4143 43047588 1
5132 4121 43047598 1
5242 4106 43047608 1
5347 4097 43047618 1
5439 4097 43047628 1
5521 4105 43047638 1
5593 4117 43047648 1
6743 6687 43048310 0
6679 6559 43048320 1
6639 6464 43048330 1
6595 6340 43048340 1
6547 6197 43048350 1
6499 6023 43048360 1
6452 5830 43048370 1
6405 5624 43048380 1
6356 5418 43048390 1
6299 5203 43048400 1
6237 4981 43048410 1
6175 4774 43048420 1
6127 4622 43048430 1
6087 4507 43048440 1
6062 4408 43048450 1
6042 4334 43048460 1
6028 4277 43048470 1
6028 4260 43048480 1
6035 4278 43048490 1
6900 6386 43048650 0
6956 6438 43048660 1
6968 6472 43048670 1
6985 6494 43048680 1
7006 6507 43048690 1
7053 6533 43048700 1
7114 6566 43048710 1
7183 6603 43048720 1
7271 6640 43048730 1
7371 6677 43048740 1
7468 6711 43048750 1
7565 6743 43048760 1
7664 6773 43048770 1
7765 6805 43048780 1
7870 6833 43048790 1
7973 6859 43048800 1
8061 6878 43048810 1
8140 6878 43048820 1
8213 6870 43048830 1
8268 6844 43048840 1
8310 6813 43048850 1
8339 6769 43048860 1
8354 6705 43048870 1
8359 6628 43048880 1
8352 6526 43048890 1
8337 6395 43048900 1
8317 6245 43048910 1
8287 6083 43048920 1
8248 5916 43048930 1
8203 5738 43048940 1
8149 5557 43048950 1
8094 5375 43048960 1
8038 5151 43048970 1
7982 4927 43048980 1
7945 4704 43048990 1
7920 4530 43049000 1
7903 4362 43049010 1
7903 4198 43049020 1
7903 4054 43049030 1
7903 3935 43049040 1
7887 3833 43049050 1
7863 3718 43049060 1
7842 3634 43049070 1
7819 3572 43049080 1
7791 3516 43049090 1
7760 3477 43049100 1
7721 3449 43049110 1
7677 3422 43049120 1
7630 3395 43049130 1
7578 3369 43049140 1
7518 3338 43049150 1
7452 3310 43049160 1
7388 3285 43049170 1
7331 3285 43049180 1
7298 3314 43049190 1
7277 3366 43049200 1
7074 5666 43049431 0
7018 5678 43049441 1
7009 5678 43049451 1
7009 5678 43049461 1
7009 5678 43049471 1
7034 5686 43049481 1
7066 5698 43049491 1
7113 5717 43049501 1
7182 5740 43049511 1
7266 5765 43049521 1
7356 5798 43049531 1
7442 5839 43049541 1
7517 5886 43049551 1
7586 5927 43049561 1
7639 5966 43049571 1
7674 5998 43049581 1
7698 6024 43049591 1
7698 6044 43049601 1
7692 6065 43049611 1
7676 6087 43049621 1
7657 6106 43049631 1
7637 6123 43049641 1
7617 6137 43049651 1
7605 6143 43049661 1
7593 6143 43049671 1
7583 6129 43049681 1
7567 6098 43049691 1
7547 6054 43049701 1
7527 5994 43049711 1
7502 5931 43049721 1
7474 5862 43049731 1
7445 5792 43049741 1
7404 5726 43049751 1
7356 5662 43049761 1
7295 5590 43049771 1
7227 5515 43049781 1
7154 5434 43049791 1
7086 5355 43049801 1
7021 5286 43049811 1
6966 5222 43049821 1
6921 5177 43049831 1
6888 5147 43049841 1
6875 5128 43049851 1
6875 5128 43049861 1
6882 5128 43049871 1
6908 5128 43049881 1
6946 5148 43049891 1
7007 5174 43049901 1
7083 5208 43049911 1
7169 5244 43049921 1
7263 5281 43049931 1
7357 5320 43049941 1
7440 5362 43049951 1
7515 5405 43049962 1
7587 5450 43049972 1
7647 5481 43049982 1
7700 5507 43049992 1
7732 5513 43050002 1
7747 5513 43050012 1
7747 5503 43050022 1
7747 5491 43050032 1
7734 5469 43050042 1
7711 5432 43050052 1
7673 5385 43050062 1
7620 5325 43050072 1
7557 5259 43050082 1
7484 5182 43050092 1
7401 5088 43050102 1
7310 4984 43050112 1
7217 4871 43050122 1
7147 4760 43050132 1
7092 4679 43050142 1
7057 4619 43050152 1
7028 4560 43050162 1
7008 4500 43050172 1
6994 4439 43050182 1
6987 4378 43050192 1
6987 4316 43050202 1
6993 4263 43050212 1
7009 4216 43050222 1
7039 4182 43050232 1
7087 4162 43050242 1
7147 4152 43050252 1
7227 4152 43050262 1
7313 4175 43050272 1
7393 4206 43050282 1
7467 4242 43050292 1
7525 4276 43050302 1
7570 4320 43050312 1
7607 4371 43050322 1
7632 4423 43050332 1
7645 4485 43050342 1
7651 4553 43050352 1
7646 4631 43050362 1
7630 4728 43050372 1
7606 4838 43050382 1
7575 4957 43050392 1
7544 5065 43050402 1
7515 5144 43050412 1
7488 5206 43050422 1
7466 5243 43050432 1
7450 5276 43050442 1
7438 5301 43050452 1
7425 5323 43050462 1
7411 5353 43050463 1
