464
2442 8131 25947093 0
2460 8171 25947103 1
2436 8226 25947113 1
2436 8240 25947123 1
2442 8251 25947133 1
2460 8260 25947143 1
2486 8269 25947153 1
2516 8269 25947163 1
2558 8269 25947173 1
2609 8269 25947183 1
2673 8257 25947193 1
2737 8244 25947203 1
2802 8222 25947213 1
2865 8183 25947223 1
2917 8133 25947233 1
2960 8067 25947243 1
2990 7982 25947253 1
3002 7884 25947263 1
3002 7800 25947273 1
2983 7704 25947283 1
2948 7601 25947293 1
2903 7501 25947303 1
2845 7399 25947313 1
2784 7311 25947323 1
2721 7235 25947333 1
2653 7166 25947343 1
2590 7116 25947353 1
2549 7078 25947363 1
2521 7061 25947373 1
2521 7061 25947383 1
2521 7061 25947393 1
2521 7068 25947403 1
2552 7092 25947413 1
2596 7128 25947423 1
2657 7160 25947433 1
2712 7174 25947443 1
2763 7174 25947453 1
2813 7165 25947463 1
2854 7135 25947473 1
2890 7093 25947483 1
2916 7027 25947493 1
2928 6924 25947503 1
2928 6796 25947513 1
2914 6668 25947523 1
2882 6528 25947533 1
2839 6355 25947543 1
2776 6165 25947553 1
2683 5953 25947563 1
2571 5736 25947573 1
2464 5549 25947583 1
2361 5383 25947593 1
2263 5216 25947603 1
2177 5095 25947613 1
2100 5006 25947623 1
2035 4960 25947633 1
1976 4960 25947643 1
1930 4994 25947653 1
1916 5103 25947663 1
3390 8499 25947864 0
3357 8499 25947874 1
3338 8514 25947884 1
3327 8531 25947894 1
3334 8547 25947904 1
3354 8579 25947914 1
3411 8622 25947924 1
3494 8695 25947934 1
3594 8744 25947944 1
3701 8778 25947954 1
3797 8822 25947964 1
3886 8861 25947974 1
3957 8892 25947984 1
4006 8898 25947994 1
4039 8888 25948004 1
4056 8861 25948014 1
4056 8811 25948024 1
4056 8745 25948034 1
4035 8642 25948044 1
4006 8498 25948054 1
3971 8326 25948064 1
3932 8136 25948074 1
3888 7923 25948084 1
3841 7695 25948094 1
3782 7462 25948104 1
3716 7210 25948114 1
3644 6945 25948124 1
3593 6708 25948134 1
3547 6506 25948144 1
3511 6327 25948154 1
3482 6184 25948164 1
3467 6095 25948174 1
3461 6043 25948184 1
3461 6043 25948194 1
3461 6059 25948204 1
3461 6096 25948214 1
3447 6188 25948224 1
3455 6305 25948234 1
3468 6439 25948244 1
3492 6588 25948254 1
3521 6737 25948264 1
3558 6902 25948274 1
3600 7079 25948284 1
3648 7238 25948294 1
3700 7395 25948304 1
3753 7528 25948314 1
3808 7647 25948324 1
3867 7732 25948334 1
3926 7811 25948344 1
3981 7875 25948354 1
4035 7931 25948364 1
4089 7974 25948374 1
4134 7996 25948384 1
4173 8004 25948394 1
4197 7993 25948404 1
4209 7977 25948414 1
4209 7939 25948424 1
4200 7887 25948434 1
4168 7825 25948444 1
4123 7758 25948454 1
4072 7675 25948464 1
4012 7582 25948474 1
3946 7478 25948484 1
3877 7372 25948494 1
3810 7268 25948504 1
3748 7181 25948514 1
3692 7104 25948524 1
3644 7044 25948534 1
3617 7005 25948544 1
3602 6980 25948554 1
3602 6975 25948564 1
3602 6975 25948574 1
3611 6980 25948575 1
3643 6997 25948585 1
3691 7042 25948595 1
3767 7105 25948605 1
3837 7162 25948615 1
3904 7213 25948625 1
3965 7256 25948635 1
4012 7283 25948645 1
4049 7299 25948655 1
4070 7299 25948665 1
4077 7294 25948675 1
4077 7279 25948685 1
4047 7236 25948695 1
3994 7175 25948705 1
3924 7096 25948715 1
3834 6984 25948725 1
3713 6850 25948735 1
3571 6724 25948745 1
3446 6617 25948755 1
3356 6522 25948765 1
3289 6452 25948775 1
3245 6403 25948785 1
3225 6369 25948795 1
3225 6359 25948805 1
3230 6359 25948815 1
3241 6354 25948825 1
3278 6374 25948835 1
3330 6417 25948845 1
3401 6476 25948855 1
3474 6530 25948865 1
3550 6581 25948875 1
3628 6623 25948885 1
3691 6656 25948895 1
3743 6681 25948905 1
3779 6692 25948915 1
3803 6692 25948925 1
3818 6686 25948935 1
3824 6672 25948945 1
3816 6635 25948955 1
3799 6585 25948965 1
3770 6518 25948975 1
3734 6434 25948985 1
3693 6340 25948995 1
3652 6244 25949005 1
3615 6147 25949015 1
3584 6034 25949025 1
3555 5911 25949035 1
3541 5785 25949045 1
3535 5678 25949055 1
3535 5583 25949065 1
3540 5498 25949075 1
3552 5432 25949085 1
3569 5380 25949095 1
3597 5356 25949105 1
3634 5347 25949115 1
3677 5347 25949125 1
3731 5385 25949135 1
3791 5450 25949145 1
3853 5532 25949155 1
3917 5630 25949165 1
3986 5753 25949175 1
4057 5894 25949185 1
4128 6016 25949195 1
4187 6117 25949205 1
4237 6203 25949215 1
4264 6276 25949225 1
4273 6346 25949235 1
4273 6411 25949245 1
4249 6468 25949255 1
4214 6521 25949265 1
4169 6570 25949275 1
4101 6589 25949285 1
4025 6589 25949295 1
3944 6575 25949305 1
3862 6545 25949315 1
3782 6506 25949325 1
3708 6468 25949335 1
3638 6429 25949345 1
3590 6389 25949355 1
3555 6340 25949365 1
3536 6291 25949375 1
3523 6241 25949385 1
3528 6198 25949395 1
3544 6160 25949405 1
3579 6127 25949415 1
3619 6094 25949425 1
3685 6070 25949435 1
3767 6051 25949445 1
3850 6041 25949455 1
3952 6041 25949465 1
4067 6041 25949475 1
4195 6055 25949485 1
4316 6071 25949495 1
4433 6091 25949505 1
4543 6112 25949515 1
4646 6132 25949525 1
4745 6149 25949535 1
4820 6166 25949545 1
4871 6177 25949555 1
4905 6186 25949565 1
4926 6192 25949575 1
4939 6192 25949585 1
4946 6212 25949595 1
6090 7978 25949867 0
6027 7979 25949877 1
6014 7994 25949887 1
6014 7994 25949897 1
6014 7994 25949907 1
6014 7994 25949917 1
6014 7974 25949927 1
6014 7935 25949937 1
6004 7882 25949947 1
5995 7818 25949957 1
5980 7727 25949967 1
5958 7618 25949977 1
5930 7473 25949987 1
5898 7299 25949997 1
5852 7106 25950007 1
5796 6885 25950017 1
5729 6679 25950027 1
5663 6483 25950037 1
5597 6257 25950047 1
5532 6053 25950057 1
5471 5864 25950067 1
5413 5706 25950077 1
5354 5584 25950087 1
5300 5487 25950097 1
5265 5433 25950107 1
5241 5417 25950117 1
5220 5426 25950127 1
5197 5472 25950137 1
5197 5566 25950147 1
5219 5693 25950157 1
5266 5876 25950167 1
5334 6068 25950177 1
6158 7713 25950287 0
6333 7908 25950297 1
6420 8004 25950307 1
6506 8074 25950317 1
6590 8141 25950327 1
6690 8201 25950337 1
6793 8259 25950347 1
6902 8313 25950357 1
7000 8367 25950367 1
7091 8418 25950377 1
7183 8461 25950387 1
7274 8499 25950397 1
7365 8534 25950407 1
7445 8559 25950417 1
7525 8577 25950427 1
7605 8596 25950437 1
7675 8613 25950447 1
7739 8622 25950457 1
7778 8622 25950467 1
7795 8616 25950477 1
7795 8601 25950487 1
7795 8577 25950497 1
7783 8547 25950507 1
7768 8514 25950517 1
7754 8476 25950527 1
7736 8436 25950537 1
7714 8395 25950547 1
7692 8351 25950557 1
7671 8303 25950567 1
7646 8246 25950577 1
7618 8183 25950587 1
7591 8115 25950597 1
7567 8034 25950607 1
7550 7945 25950617 1
7534 7853 25950627 1
7522 7766 25950637 1
7511 7683 25950647 1
7500 7580 25950657 1
7481 7459 25950667 1
7457 7325 25950677 1
7439 7210 25950687 1
7422 7093 25950697 1
7406 6973 25950707 1
7391 6852 25950717 1
7377 6730 25950727 1
7361 6614 25950737 1
7343 6495 25950747 1
7324 6364 25950757 1
7303 6227 25950767 1
7284 6106 25950777 1
7266 5985 25950787 1
7249 5864 25950797 1
7233 5742 25950807 1
7221 5631 25950817 1
7209 5528 25950827 1
7195 5411 25950837 1
7182 5292 25950847 1
7171 5181 25950857 1
7155 5076 25950867 1
7136 4968 25950877 1
7119 4859 25950887 1
7101 4746 25950897 1
7080 4645 25950907 1
7057 4553 25950917 1
7037 4451 25950927 1
7013 4339 25950937 1
6985 4220 25950947 1
6959 4117 25950957 1
6933 4014 25950967 1
6903 3911 25950977 1
6871 3793 25950987 1
6835 3700 25950997 1
6796 3624 25951007 1
6754 3548 25951017 1
6716 3481 25951027 1
6674 3419 25951037 1
6630 3356 25951047 1
6584 3295 25951057 1
6542 3236 25951067 1
6502 3187 25951077 1
6466 3159 25951087 1
6431 3144 25951097 1
6394 3151 25951107 1
6357 3185 25951117 1
6310 3237 25951127 1
6258 3326 25951137 1
6206 3441 25951147 1
6151 3574 25951157 1
6094 3754 25951167 1
6045 3984 25951177 1
6001 4248 25951187 1
5965 4569 25951197 1
5948 4887 25951207 1
6078 6987 25951419 0
6029 6944 25951429 1
6015 6944 25951439 1
6009 6937 25951449 1
6009 6937 25951459 1
6015 6930 25951469 1
6030 6923 25951479 1
6061 6923 25951489 1
6102 6928 25951499 1
6169 6945 25951509 1
6262 6980 25951519 1
6373 7014 25951529 1
6486 7077 25951539 1
6603 7161 25951549 1
6726 7219 25951559 1
6849 7273 25951569 1
6936 7317 25951579 1
7000 7353 25951589 1
7039 7385 25951599 1
7061 7416 25951609 1
7072 7454 25951619 1
7067 7496 25951629 1
7050 7539 25951639 1
7025 7583 25951649 1
6997 7629 25951659 1
6969 7667 25951669 1
6945 7702 25951679 1
6923 7731 25951689 1
6902 7753 25951699 1
6883 7770 25951709 1
6864 7782 25951719 1
6847 7792 25951729 1
6830 7799 25951739 1
6817 7799 25951749 1
6803 7799 25951759 1
6787 7790 25951769 1
6761 7756 25951779 1
6729 7707 25951789 1
6696 7644 25951799 1
6658 7558 25951809 1
6617 7456 25951819 1
6578 7343 25951829 1
6538 7228 25951839 1
6500 7107 25951849 1
6465 6980 25951859 1
6435 6848 25951869 1
6404 6748 25951879 1
6374 6669 25951889 1
6344 6594 25951899 1
6320 6528 25951909 1
6303 6467 25951919 1
6293 6418 25951929 1
6293 6387 25951939 1
6293 6369 25951949 1
6298 6364 25951959 1
6311 6372 25951969 1
6344 6388 25951979 1
6390 6425 25951989 1
6440 6466 25951999 1
6487 6509 25952009 1
6525 6524 25952019 1
6558 6535 25952029 1
6585 6535 25952039 1
6604 6529 25952049 1
6617 6516 25952059 1
6625 6497 25952069 1
6619 6461 25952079 1
6603 6413 25952089 1
6579 6364 25952099 1
6552 6317 25952109 1
6523 6271 25952119 1
6498 6233 25952129 1
6476 6201 25952139 1
6460 6172 25952149 1
6446 6152 25952159 1
6437 6137 25952169 1
6437 6131 25952179 1
6437 6131 25952189 1
6437 6131 25952199 1
6444 6137 25952209 1
6460 6145 25952219 1
6490 6156 25952229 1
6528 6164 25952239 1
6561 6164 25952249 1
6587 6158 25952259 1
6607 6142 25952269 1
6615 6121 25952279 1
6607 6090 25952289 1
6588 6044 25952299 1
6549 5990 25952309 1
6500 5930 25952319 1
6444 5869 25952329 1
6384 5808 25952339 1
6330 5777 25952349 1
6287 5764 25952359 1
6246 5758 25952369 1
6211 5758 25952379 1
6183 5774 25952389 1
6165 5792 25952399 1
6154 5832 25952409 1
6154 5886 25952419 1
6172 5940 25952429 1
6195 5989 25952439 1
6223 6034 25952449 1
6261 6080 25952459 1
6314 6130 25952469 1
