504
2338 7379 74037930 0
2302 7480 74037940 1
2292 7513 74037950 1
2292 7534 74037960 1
2292 7547 74037970 1
2312 7560 74037980 1
2337 7568 74037990 1
2368 7568 74038000 1
2404 7568 74038010 1
2439 7540 74038020 1
2471 7497 74038030 1
2503 7430 74038040 1
2532 7343 74038050 1
2559 7243 74038060 1
2583 7145 74038070 1
2608 7044 74038080 1
2632 6939 74038090 1
2639 6831 74038100 1
2639 6741 74038110 1
2616 6662 74038120 1
2574 6572 74038130 1
2518 6481 74038140 1
2450 6385 74038150 1
2387 6303 74038160 1
2328 6233 74038170 1
2294 6196 74038180 1
2266 6175 74038190 1
2246 6166 74038200 1
2239 6171 74038210 1
2239 6176 74038220 1
2239 6176 74038230 1
2265 6197 74038240 1
2304 6223 74038250 1
2358 6233 74038260 1
2414 6233 74038270 1
2472 6217 74038280 1
2529 6191 74038290 1
2580 6145 74038300 1
2626 6086 74038310 1
2660 5994 74038320 1
2676 5860 74038330 1
2681 5697 74038340 1
2681 5535 74038350 1
2659 5324 74038360 1
2632 5081 74038370 1
2601 4827 74038380 1
2571 4618 74038390 1
2543 4439 74038400 1
2505 4241 74038410 1
2460 4043 74038411 1
2404 3839 74038421 1
2349 3632 74038431 1
2294 3524 74038441 1
2262 3447 74038451 1
2233 3390 74038461 1
2205 3370 74038471 1
2175 3384 74038481 1
2148 3420 74038491 1
2126 3495 74038501 1
2116 3603 74038511 1
3355 7518 74038972 0
3355 7518 74038982 1
3318 7507 74038992 1
3307 7502 74039002 1
3301 7502 74039012 1
3301 7502 74039022 1
3301 7507 74039032 1
3301 7507 74039042 1
3301 7507 74039052 1
3301 7507 74039062 1
3301 7507 74039072 1
3301 7507 74039082 1
3301 7507 74039092 1
3301 7507 74039102 1
3301 7507 74039112 1
3301 7507 74039122 1
3301 7507 74039132 1
3301 7507 74039142 1
3301 7507 74039152 1
3304 7534 74039162 1
3304 7534 74039172 1
3304 7534 74039182 1
3304 7525 74039192 1
3304 7510 74039202 1
3304 7478 74039212 1
3304 7436 74039222 1
3304 7386 74039232 1
3304 7307 74039242 1
3304 7209 74039252 1
3296 7073 74039262 1
3285 6913 74039272 1
3270 6738 74039282 1
3253 6579 74039292 1
3225 6389 74039302 1
3200 6179 74039312 1
3177 6012 74039322 1
3177 5860 74039332 1
3177 5719 74039342 1
3177 5598 74039352 1
3177 5472 74039362 1
3185 5383 74039372 1
3185 5321 74039382 1
3185 5294 74039392 1
3185 5294 74039402 1
3185 5308 74039412 1
3185 5357 74039422 1
3175 5425 74039432 1
3175 5505 74039442 1
3166 5582 74039452 1
3160 5665 74039462 1
3139 5752 74039472 1
3045 6688 74039543 0
3110 6909 74039553 1
3144 6997 74039563 1
3191 7074 74039573 1
3247 7148 74039583 1
3301 7208 74039593 1
3361 7258 74039603 1
3433 7308 74039613 1
3521 7355 74039623 1
3620 7397 74039633 1
3715 7419 74039643 1
3776 7427 74039653 1
3813 7418 74039663 1
3843 7405 74039673 1
3843 7405 74039683 1
3883 7361 74039693 1
3889 7328 74039703 1
3873 7269 74039713 1
3843 7193 74039723 1
3793 7090 74039733 1
3722 6969 74039743 1
3638 6835 74039753 1
3553 6726 74039763 1
3469 6616 74039773 1
3387 6500 74039783 1
3307 6377 74039793 1
3227 6247 74039803 1
3144 6152 74039813 1
3093 6081 74039823 1
3061 6034 74039833 1
3044 6018 74039843 1
3044 6018 74039853 1
3057 6018 74039863 1
3075 6038 74039873 1
3124 6069 74039883 1
3194 6117 74039893 1
3272 6174 74039903 1
3350 6236 74039913 1
3429 6285 74039923 1
3507 6332 74039933 1
3573 6362 74039943 1
3630 6382 74039953 1
3677 6395 74039963 1
3709 6405 74039973 1
3732 6405 74039983 1
3738 6405 74039993 1
3738 6405 74040003 1
3733 6395 74040013 1
3717 6369 74040023 1
3684 6333 74040033 1
3639 6293 74040043 1
3592 6250 74040053 1
3541 6202 74040063 1
3487 6151 74040073 1
3419 6083 74040083 1
3341 6012 74040093 1
3256 5922 74040103 1
3154 5821 74040113 1
3045 5727 74040123 1
2930 5641 74040133 1
2843 5561 74040143 1
2784 5497 74040153 1
2744 5460 74040163 1
2733 5440 74040173 1
2728 5440 74040183 1
2735 5440 74040193 1
2748 5440 74040203 1
2789 5455 74040213 1
2848 5494 74040223 1
2938 5548 74040233 1
3051 5618 74040243 1
3178 5690 74040253 1
3304 5764 74040263 1
3416 5832 74040273 1
3518 5882 74040283 1
3597 5920 74040293 1
3646 5938 74040303 1
3675 5944 74040313 1
3687 5944 74040323 1
3692 5936 74040333 1
3692 5926 74040343 1
3687 5908 74040353 1
3666 5883 74040363 1
3636 5854 74040373 1
3607 5820 74040383 1
3577 5786 74040393 1
3546 5750 74040403 1
3511 5705 74040413 1
3473 5637 74040423 1
3428 5556 74040433 1
3388 5461 74040443 1
3358 5346 74040453 1
3333 5218 74040463 1
3317 5093 74040473 1
3306 4964 74040483 1
3298 4828 74040493 1
3293 4708 74040503 1
3288 4599 74040513 1
3288 4512 74040523 1
3288 4439 74040533 1
3288 4375 74040543 1
3300 4330 74040553 1
3312 4301 74040563 1
3327 4282 74040564 1
3327 4282 74040574 1
3375 4299 74040584 1
3419 4327 74040594 1
3473 4389 74040604 1
3544 4463 74040614 1
3618 4546 74040624 1
3702 4639 74040634 1
3791 4740 74040644 1
3869 4847 74040654 1
3938 4953 74040664 1
4002 5056 74040674 1
4056 5155 74040684 1
4100 5251 74040694 1
4137 5347 74040704 1
4156 5421 74040714 1
4156 5481 74040724 1
4141 5524 74040734 1
4114 5555 74040744 1
4075 5579 74040754 1
4028 5594 74040764 1
3969 5604 74040774 1
3900 5604 74040784 1
3825 5592 74040794 1
3745 5565 74040804 1
3672 5538 74040814 1
3604 5510 74040824 1
3562 5478 74040834 1
3522 5439 74040844 1
3486 5390 74040854 1
3459 5334 74040864 1
3442 5278 74040874 1
3435 5223 74040884 1
3435 5172 74040894 1
3451 5120 74040904 1
3473 5071 74040914 1
3509 5024 74040924 1
3555 4977 74040934 1
3621 4932 74040944 1
3706 4888 74040954 1
3804 4852 74040964 1
3903 4819 74040974 1
4005 4789 74040984 1
4117 4767 74040994 1
4239 4754 74041004 1
4368 4747 74041014 1
4489 4747 74041024 1
4610 4756 74041034 1
4730 4770 74041044 1
4834 4784 74041054 1
4912 4798 74041064 1
4973 4810 74041074 1
5013 4816 74041084 1
5029 4816 74041094 1
5029 4816 74041104 1
5014 4842 74041114 1
6423 7197 74041475 0
6373 7211 74041485 1
6367 7187 74041495 1
6361 7154 74041505 1
6361 7111 74041515 1
6348 7065 74041525 1
6334 7011 74041535 1
6319 6938 74041545 1
6299 6852 74041555 1
6276 6765 74041565 1
6241 6667 74041575 1
6197 6527 74041596 1
6146 6362 74041606 1
6090 6186 74041616 1
6033 6016 74041626 1
5974 5848 74041636 1
5919 5681 74041646 1
5854 5509 74041656 1
5783 5330 74041666 1
5721 5147 74041676 1
5659 4973 74041686 1
5597 4832 74041696 1
5550 4712 74041706 1
5521 4647 74041716 1
5503 4608 74041726 1
5493 4587 74041736 1
5493 4587 74041746 1
5493 4606 74041756 1
5493 4631 74041766 1
5501 4702 74041776 1
5518 4815 74041786 1
5547 4957 74041796 1
5586 5115 74041806 1
6338 7259 74041926 0
6458 7481 74041936 1
6543 7587 74041946 1
6611 7684 74041956 1
6668 7756 74041966 1
6739 7818 74041976 1
6814 7907 74041986 1
6891 7972 74041996 1
6947 8022 74042006 1
7027 8098 74042016 1
7102 8170 74042026 1
7165 8207 74042036 1
7232 8222 74042046 1
7300 8250 74042056 1
7369 8266 74042066 1
7433 8274 74042076 1
7493 8282 74042086 1
7532 8282 74042096 1
7571 8289 74042106 1
7601 8295 74042116 1
7625 8295 74042126 1
7661 8285 74042136 1
7697 8272 74042146 1
7733 8256 74042156 1
7774 8241 74042166 1
7806 8225 74042176 1
7832 8209 74042186 1
7858 8192 74042196 1
7880 8174 74042206 1
7900 8148 74042216 1
7913 8116 74042226 1
7925 8076 74042236 1
7937 8028 74042246 1
7946 7972 74042256 1
7957 7910 74042266 1
7965 7849 74042276 1
7971 7789 74042286 1
7979 7730 74042296 1
7986 7672 74042306 1
7986 7608 74042316 1
7993 7541 74042327 1
7987 7459 74042337 1
7975 7367 74042347 1
7960 7270 74042357 1
7941 7173 74042367 1
7924 7075 74042377 1
7910 6977 74042387 1
7895 6869 74042397 1
7880 6772 74042407 1
7865 6683 74042417 1
7854 6585 74042427 1
7839 6482 74042437 1
7819 6364 74042447 1
7799 6237 74042457 1
7778 6119 74042467 1
7758 5993 74042477 1
7739 5858 74042487 1
7725 5731 74042497 1
7711 5622 74042507 1
7697 5522 74042517 1
7684 5417 74042527 1
7670 5298 74042537 1
7655 5170 74042547 1
7638 5045 74042557 1
7624 4907 74042567 1
7611 4761 74042577 1
7595 4636 74042587 1
7576 4510 74042597 1
7563 4395 74042607 1
7549 4288 74042617 1
7536 4176 74042627 1
7527 4064 74042637 1
7520 3949 74042647 1
7520 3832 74042657 1
7520 3715 74042667 1
7533 3625 74042677 1
7544 3526 74042687 1
7555 3420 74042697 1
7566 3328 74042707 1
7572 3233 74042717 1
7572 3157 74042727 1
7581 3094 74042737 1
7586 3038 74042747 1
7594 2981 74042757 1
7601 2904 74042767 1
7609 2814 74042777 1
7614 2759 74042787 1
7614 2725 74042797 1
7614 2706 74042807 1
7614 2706 74042817 1
7598 2738 74042827 1
7578 2797 74042837 1
7554 2925 74042847 1
7539 3128 74042857 1
7525 3381 74042867 1
6735 6415 74043108 0
6703 6432 74043118 1
6688 6443 74043128 1
6688 6454 74043138 1
6688 6464 74043148 1
6699 6479 74043158 1
6709 6503 74043168 1
6753 6535 74043178 1
6817 6573 74043188 1
6895 6627 74043198 1
6999 6692 74043208 1
7126 6779 74043218 1
7267 6852 74043228 1
7389 6915 74043238 1
7480 6997 74043248 1
7549 7039 74043258 1
7573 7055 74043268 1
7568 7072 74043278 1
7544 7083 74043288 1
7508 7092 74043298 1
7453 7101 74043308 1
7386 7109 74043318 1
7332 7121 74043328 1
7283 7137 74043338 1
7260 7165 74043348 1
7253 7191 74043358 1
7240 7217 74043368 1
7232 7222 74043378 1
7232 7222 74043388 1
7232 7222 74043398 1
7226 7194 74043408 1
7226 7157 74043418 1
7212 7109 74043428 1
7197 7057 74043438 1
7171 6982 74043448 1
7128 6893 74043458 1
7074 6785 74043468 1
7006 6673 74043478 1
6934 6552 74043488 1
6858 6417 74043498 1
6780 6273 74043508 1
6710 6160 74043518 1
6649 6064 74043528 1
6590 5980 74043538 1
6546 5915 74043548 1
6511 5874 74043558 1
6484 5849 74043568 1
6477 5849 74043578 1
6483 5854 74043588 1
6483 5867 74043598 1
6511 5906 74043608 1
6554 5953 74043618 1
6610 6006 74043628 1
6683 6061 74043638 1
6768 6114 74043648 1
6854 6161 74043658 1
6928 6200 74043668 1
6994 6231 74043678 1
7046 6253 74043688 1
7090 6267 74043698 1
7128 6273 74043708 1
7150 6273 74043718 1
7160 6261 74043728 1
7160 6238 74043738 1
7154 6204 74043748 1
7129 6154 74043758 1
7093 6099 74043768 1
7052 6036 74043778 1
7005 5962 74043788 1
6955 5881 74043798 1
6909 5799 74043808 1
6857 5717 74043818 1
6802 5642 74043828 1
6764 5577 74043838 1
6731 5521 74043848 1
6709 5484 74043858 1
6702 5466 74043868 1
6702 5460 74043878 1
6702 5460 74043888 1
6710 5465 74043898 1
6725 5474 74043908 1
6758 5504 74043918 1
6803 5531 74043928 1
6832 5553 74043938 1
6859 5569 74043948 1
6885 5579 74043958 1
6908 5579 74043968 1
6931 5579 74043978 1
6953 5579 74043988 1
6976 5566 74043998 1
6993 5549 74044008 1
7006 5523 74044018 1
7006 5485 74044028 1
6996 5437 74044038 1
6973 5383 74044039 1
6937 5327 74044049 1
6893 5273 74044059 1
6844 5234 74044069 1
6797 5203 74044079 1
6755 5185 74044089 1
6720 5179 74044099 1
6684 5179 74044109 1
6646 5197 74044119 1
6606 5224 74044129 1
6566 5258 74044139 1
6547 5312 74044149 1
