327
3306 6946 64020843 0
3188 6840 64020853 1
3106 6881 64020863 1
3073 6893 64020873 1
3073 6885 64020883 1
3073 6885 64020893 1
3073 6885 64020903 1
3112 6885 64020913 1
3167 6901 64020923 1
3280 6946 64020933 1
3413 7007 64020943 1
3559 7058 64020953 1
3705 7106 64020963 1
3841 7145 64020973 1
3962 7173 64020983 1
4075 7178 64020993 1
4176 7169 64021003 1
4245 7128 64021013 1
4292 7043 64021023 1
4284 6928 64021033 1
4219 6777 64021043 1
4115 6632 64021053 1
3984 6491 64021063 1
3847 6343 64021073 1
3707 6218 64021083 1
3561 6108 64021093 1
3450 6021 64021103 1
3361 5973 64021113 1
3317 5950 64021123 1
3305 5950 64021133 1
3314 5950 64021143 1
3335 5958 64021153 1
3395 5984 64021163 1
3482 6024 64021173 1
3593 6074 64021183 1
3713 6131 64021193 1
3838 6189 64021203 1
3940 6247 64021213 1
4017 6288 64021223 1
4076 6307 64021233 1
4103 6312 64021243 1
4109 6302 64021253 1
4102 6244 64021263 1
4052 6153 64021273 1
3967 6011 64021283 1
3858 5847 64021293 1
3725 5669 64021303 1
3599 5524 64021313 1
3477 5404 64021323 1
3399 5302 64021333 1
3368 5256 64021343 1
3368 5239 64021353 1
3400 5239 64021363 1
3478 5254 64021373 1
3587 5318 64021383 1
3716 5417 64021393 1
3832 5464 64021403 1
3909 5464 64021413 1
3964 5439 64021423 1
3992 5336 64021433 1
3978 5154 64021443 1
3935 4919 64021453 1
3871 4656 64021463 1
3795 4383 64021473 1
3711 4104 64021483 1
3628 3795 64021493 1
3544 3492 64021503 1
3458 3198 64021504 1
3363 2903 64021514 1
3263 2671 64021524 1
3167 2480 64021534 1
3103 2391 64021544 1
3060 2368 64021554 1
5279 7212 64021805 0
5269 7353 64021815 1
5297 7401 64021825 1
5325 7442 64021835 1
5342 7478 64021845 1
5351 7483 64021855 1
5351 7469 64021865 1
5320 7341 64021875 1
5267 7087 64021885 1
5194 6750 64021895 1
5124 6406 64021905 1
5061 6038 64021915 1
5014 5653 64021925 1
4978 5379 64021935 1
4944 5182 64021945 1
4926 5036 64021955 1
4919 4975 64021965 1
4930 4967 64021975 1
5264 6691 64022075 0
5335 6690 64022085 1
5345 6719 64022095 1
5335 6751 64022105 1
5443 6771 64022115 1
5537 6789 64022125 1
5621 6807 64022135 1
5696 6812 64022145 1
5764 6819 64022155 1
5826 6826 64022165 1
5863 6832 64022175 1
5882 6838 64022185 1
5888 6838 64022195 1
5190 6110 64022295 0
5242 6103 64022305 1
5280 6169 64022315 1
5350 6198 64022325 1
5426 6240 64022335 1
5493 6291 64022345 1
5555 6309 64022355 1
5605 6309 64022365 1
5639 6309 64022375 1
5662 6288 64022385 1
5650 6239 64022395 1
5591 6170 64022405 1
5501 6073 64022415 1
5501 6073 64022436 0
5142 5733 64022446 1
5060 5668 64022456 1
5025 5624 64022466 1
5025 5624 64022476 1
5041 5632 64022486 1
5095 5648 64022496 1
5173 5697 64022506 1
5278 5752 64022516 1
5374 5810 64022526 1
5465 5860 64022536 1
5521 5874 64022546 1
5549 5864 64022556 1
4732 5137 64022636 0
4570 4959 64022646 1
4517 4959 64022656 1
4536 4959 64022666 1
4603 4951 64022676 1
4719 5017 64022686 1
4865 5106 64022696 1
5031 5211 64022706 1
5189 5310 64022716 1
5313 5374 64022726 1
5414 5416 64022736 1
5460 5410 64022746 1
5460 5356 64022756 1
5422 5269 64022766 1
5339 5126 64022776 1
5220 4914 64022786 1
5078 4657 64022796 1
4949 4385 64022806 1
4838 4080 64022816 1
4739 3752 64022826 1
4675 3563 64022836 1
4649 3471 64022846 1
4649 3445 64022856 1
4688 3445 64022866 1
4789 3514 64022876 1
4932 3626 64022886 1
5106 3794 64022896 1
5304 3993 64022906 1
5518 4212 64022916 1
5703 4454 64022926 1
5842 4671 64022936 1
5951 4871 64022946 1
5982 4962 64022956 1
5982 4995 64022966 1
5954 4989 64022976 1
5868 4926 64022986 1
5747 4831 64022996 1
5602 4715 64023006 1
5465 4594 64023016 1
5330 4491 64023026 1
5248 4401 64023036 1
5201 4349 64023046 1
5229 4291 64023056 1
5322 4228 64023066 1
5459 4168 64023076 1
5661 4159 64023086 1
5867 4183 64023096 1
6009 4206 64023106 1
6107 4226 64023116 1
6151 4243 64023126 1
6166 4243 64023137 1
6166 4243 64023147 1
6166 4243 64023157 1
6166 4243 64023167 1
6834 6150 64023677 0
6844 6226 64023687 1
6824 6267 64023697 1
6811 6293 64023707 1
6804 6302 64023717 1
6804 6321 64023727 1
6814 6347 64023737 1
6826 6382 64023747 1
6838 6417 64023757 1
6838 6453 64023767 1
6838 6462 64023777 1
6838 6467 64023787 1
6830 6467 64023797 1
6813 6361 64023807 1
6764 6196 64023817 1
6698 5927 64023827 1
6621 5618 64023837 1
6542 5283 64023847 1
6465 4902 64023857 1
6412 4547 64023867 1
6374 4210 64023877 1
6361 3828 64023887 1
6355 3610 64023897 1
6355 3501 64023907 1
6369 3419 64023917 1
6375 3386 64023927 1
6375 3386 64023937 1
6387 3402 64023947 1
6403 3490 64023957 1
7496 6346 64024098 0
7634 6527 64024108 1
7615 6650 64024118 1
7701 6703 64024128 1
7836 6790 64024138 1
8004 6900 64024148 1
8132 6998 64024158 1
8238 7065 64024168 1
8329 7111 64024178 1
8394 7144 64024188 1
8440 7160 64024198 1
8473 7160 64024208 1
8503 7160 64024218 1
8527 7131 64024228 1
8547 7092 64024238 1
8559 7034 64024248 1
8559 6934 64024258 1
8559 6807 64024268 1
8533 6640 64024278 1
8489 6395 64024288 1
8431 6099 64024298 1
8366 5739 64024308 1
8304 5377 64024318 1
8248 5015 64024328 1
8211 4639 64024338 1
8186 4300 64024348 1
8164 3987 64024358 1
8143 3632 64024368 1
8156 3363 64024378 1
8191 3152 64024388 1
8213 3023 64024398 1
8231 2958 64024408 1
8240 2936 64024418 1
8240 2944 64024428 1
8229 2973 64024438 1
8208 3015 64024448 1
8181 3089 64024458 1
8157 3180 64024468 1
8146 3283 64024478 1
6970 5263 64024759 0
6908 5219 64024769 1
6852 5269 64024779 1
6846 5269 64024789 1
6873 5269 64024799 1
6953 5302 64024809 1
7086 5361 64024819 1
7253 5448 64024829 1
7415 5509 64024839 1
7525 5554 64024849 1
7600 5576 64024859 1
7639 5584 64024869 1
7656 5584 64024879 1
7656 5584 64024889 1
7651 5584 64024899 1
7412 5845 64024969 0
7343 5808 64024979 1
7297 5800 64024989 1
7252 5710 64024999 1
7227 5602 64025009 1
7214 5483 64025019 1
7205 5359 64025029 1
7189 5236 64025039 1
7169 5114 64025049 1
7132 5009 64025059 1
7080 4914 64025069 1
7019 4834 64025079 1
6959 4779 64025089 1
6906 4742 64025099 1
6864 4725 64025109 1
6825 4725 64025119 1
6810 4725 64025129 1
6810 4741 64025139 1
6847 4797 64025149 1
6930 4881 64025159 1
7046 4970 64025169 1
7162 5042 64025179 1
7279 5102 64025189 1
7396 5148 64025199 1
7489 5179 64025209 1
7567 5199 64025219 1
7614 5199 64025229 1
7032 4784 64025340 0
7047 4750 64025350 1
7037 4750 64025360 1
7026 4733 64025370 1
7012 4664 64025380 1
6997 4562 64025390 1
6982 4439 64025400 1
6982 4307 64025410 1
6973 4211 64025420 1
6968 4138 64025430 1
6960 4092 64025440 1
6950 4075 64025450 1
6950 4075 64025460 1
6959 4103 64025470 1
7008 4194 64025480 1
7084 4328 64025490 1
7197 4492 64025500 1
7312 4611 64025510 1
7409 4699 64025520 1
7493 4745 64025530 1
7544 4755 64025540 1
7564 4740 64025550 1
7564 4685 64025560 1
7535 4603 64025570 1
7483 4503 64025580 1
7415 4400 64025590 1
7339 4294 64025600 1
7290 4208 64025610 1
7258 4136 64025620 1
7284 4083 64025630 1
7365 4065 64025640 1
7482 4070 64025650 1
7624 4130 64025660 1
