470
2096 7277 74027876 0
2097 7415 74027886 1
2097 7453 74027896 1
2092 7453 74027906 1
2092 7460 74027916 1
2092 7466 74027926 1
2099 7466 74027936 1
2099 7473 74027946 1
2121 7473 74027956 1
2149 7473 74027966 1
2190 7473 74027976 1
2232 7460 74027986 1
2276 7439 74027996 1
2319 7396 74028006 1
2356 7341 74028016 1
2388 7276 74028026 1
2422 7210 74028036 1
2453 7144 74028046 1
2481 7063 74028056 1
2500 6976 74028066 1
2505 6880 74028076 1
2500 6786 74028086 1
2476 6697 74028096 1
2433 6607 74028106 1
2378 6515 74028116 1
2317 6423 74028126 1
2256 6340 74028136 1
2201 6276 74028146 1
2149 6226 74028156 1
2116 6193 74028166 1
2087 6176 74028176 1
2067 6169 74028186 1
2062 6169 74028196 1
2062 6178 74028206 1
2085 6188 74028216 1
2125 6214 74028226 1
2180 6238 74028236 1
2252 6262 74028246 1
2326 6262 74028256 1
2401 6250 74028266 1
2471 6220 74028276 1
2538 6168 74028286 1
2597 6094 74028296 1
2638 6006 74028306 1
2666 5880 74028316 1
2666 5734 74028326 1
2632 5575 74028336 1
2578 5408 74028346 1
2505 5218 74028356 1
2425 5012 74028366 1
2340 4834 74028376 1
2271 4695 74028377 1
2217 4583 74028387 1
2174 4517 74028397 1
2139 4480 74028407 1
2106 4463 74028417 1
2078 4463 74028427 1
2054 4491 74028437 1
2033 4529 74028447 1
2028 4591 74028457 1
3088 7701 74028907 0
3088 7701 74028917 1
3088 7701 74028927 1
3088 7701 74028937 1
3088 7701 74028947 1
3088 7701 74028957 1
3088 7701 74028967 1
3120 7733 74028977 1
3142 7745 74028987 1
3154 7752 74028997 1
3161 7752 74029007 1
3167 7737 74029017 1
3167 7697 74029027 1
3167 7638 74029037 1
3160 7551 74029047 1
3153 7430 74029057 1
3148 7286 74029067 1
3148 7127 74029068 1
3148 6936 74029078 1
3137 6723 74029088 1
3125 6521 74029098 1
3115 6303 74029108 1
3108 6113 74029118 1
3108 5949 74029128 1
3108 5803 74029138 1
3116 5712 74029148 1
3121 5657 74029158 1
3121 5610 74029168 1
3121 5591 74029178 1
3121 5591 74029188 1
3121 5639 74029198 1
3107 7213 74029318 0
3165 7407 74029328 1
3184 7481 74029338 1
3223 7543 74029348 1
3275 7609 74029358 1
3326 7657 74029368 1
3401 7693 74029378 1
3492 7735 74029388 1
3590 7764 74029398 1
3688 7784 74029408 1
3763 7784 74029418 1
3823 7776 74029428 1
3859 7756 74029438 1
3878 7722 74029448 1
3886 7672 74029458 1
3873 7612 74029468 1
3843 7534 74029478 1
3801 7443 74029488 1
3742 7343 74029498 1
3658 7233 74029508 1
3558 7120 74029518 1
3453 6985 74029528 1
3345 6835 74029538 1
3235 6723 74029548 1
3129 6621 74029558 1
3027 6527 74029568 1
2967 6462 74029578 1
2934 6425 74029588 1
2921 6408 74029598 1
2921 6408 74029608 1
2921 6408 74029618 1
2938 6408 74029628 1
2976 6431 74029638 1
3031 6471 74029648 1
3114 6524 74029658 1
3201 6575 74029668 1
3292 6626 74029678 1
3383 6674 74029688 1
3471 6717 74029698 1
3559 6752 74029708 1
3626 6778 74029718 1
3679 6788 74029728 1
3703 6788 74029738 1
3712 6778 74029748 1
3712 6754 74029758 1
3692 6721 74029768 1
3658 6673 74029778 1
3614 6619 74029788 1
3565 6560 74029798 1
3514 6500 74029808 1
3462 6427 74029818 1
3406 6352 74029828 1
3340 6275 74029838 1
3268 6195 74029848 1
3195 6113 74029858 1
3118 6031 74029869 1
3037 5962 74029879 1
2984 5900 74029889 1
2949 5856 74029899 1
2925 5834 74029909 1
2925 5828 74029919 1
2925 5828 74029929 1
2925 5835 74029939 1
2939 5848 74029949 1
2976 5885 74029959 1
3039 5937 74029969 1
3120 5998 74029979 1
3212 6057 74029989 1
3300 6113 74029999 1
3386 6162 74030009 1
3459 6202 74030019 1
3516 6224 74030029 1
3561 6234 74030039 1
3588 6226 74030049 1
3602 6215 74030059 1
3602 6179 74030069 1
3593 6129 74030079 1
3557 6043 74030089 1
3506 5924 74030099 1
3446 5783 74030109 1
3387 5642 74030119 1
3331 5487 74030129 1
3278 5303 74030139 1
3242 5104 74030149 1
3218 4927 74030159 1
3206 4774 74030169 1
3206 4638 74030179 1
3212 4539 74030189 1
3221 4470 74030199 1
3232 4420 74030209 1
3248 4400 74030219 1
3269 4400 74030229 1
3296 4424 74030239 1
3344 4496 74030249 1
3404 4599 74030259 1
3478 4724 74030269 1
3573 4881 74030279 1
3681 5015 74030289 1
3783 5133 74030299 1
3866 5231 74030309 1
3936 5327 74030319 1
4004 5429 74030329 1
4074 5537 74030339 1
4146 5629 74030349 1
4202 5703 74030359 1
4249 5765 74030369 1
4275 5807 74030379 1
4283 5836 74030389 1
4278 5856 74030399 1
4259 5878 74030409 1
4223 5897 74030419 1
4176 5910 74030429 1
4102 5905 74030439 1
4016 5887 74030449 1
3922 5853 74030459 1
3838 5819 74030469 1
3755 5786 74030479 1
3673 5749 74030489 1
3592 5713 74030499 1
3529 5675 74030509 1
3470 5629 74030519 1
3419 5576 74030529 1
3379 5520 74030539 1
3348 5465 74030549 1
3333 5421 74030559 1
3333 5383 74030569 1
3333 5346 74030579 1
3345 5313 74030589 1
3357 5284 74030599 1
3374 5254 74030609 1
3393 5227 74030619 1
3418 5201 74030629 1
3447 5178 74030639 1
3484 5155 74030649 1
3530 5132 74030659 1
3584 5108 74030669 1
3648 5081 74030679 1
3721 5048 74030689 1
3793 5010 74030699 1
3863 4966 74030709 1
3938 4922 74030719 1
4015 4878 74030729 1
4096 4831 74030739 1
4181 4784 74030749 1
4264 4737 74030759 1
4340 4696 74030769 1
4412 4657 74030779 1
4478 4620 74030789 1
4535 4589 74030799 1
4587 4563 74030809 1
4635 4541 74030819 1
4679 4523 74030820 1
4719 4509 74030830 1
4761 4487 74030840 1
4799 4464 74030850 1
4833 4441 74030860 1
4865 4417 74030870 1
4893 4394 74030880 1
4918 4380 74030890 1
4936 4371 74030900 1
4948 4371 74030910 1
4956 4409 74030920 1
4965 4474 74030930 1
6102 7043 74031321 0
6102 7043 74031331 1
6102 7043 74031341 1
6102 7043 74031351 1
6102 7043 74031361 1
6128 7054 74031371 1
6135 7048 74031381 1
6141 7023 74031391 1
6141 6986 74031401 1
6132 6920 74031411 1
6116 6834 74031421 1
6089 6735 74031431 1
6054 6603 74031441 1
6006 6429 74031451 1
5953 6227 74031461 1
5897 6021 74031471 1
5842 5808 74031481 1
5778 5591 74031491 1
5709 5358 74031501 1
5663 5119 74031511 1
5618 4869 74031521 1
5585 4690 74031531 1
5560 4559 74031541 1
5541 4453 74031551 1
5524 4354 74031561 1
5508 4261 74031571 1
5495 4181 74031581 1
5484 4131 74031591 1
5479 4100 74031601 1
5479 4091 74031611 1
5479 4106 74031621 1
5487 4137 74031631 1
5507 4252 74031641 1
5534 4412 74031651 1
6842 7610 74031822 0
7060 7795 74031832 1
7135 7839 74031842 1
7207 7870 74031852 1
7319 7920 74031862 1
7444 7971 74031872 1
7577 8022 74031882 1
7689 8053 74031892 1
7814 8082 74031902 1
7947 8106 74031912 1
8050 8123 74031922 1
8148 8139 74031932 1
8242 8150 74031942 1
8332 8155 74031952 1
8396 8155 74031962 1
8442 8145 74031972 1
8465 8131 74031982 1
8475 8113 74031992 1
8475 8081 74032002 1
8467 8039 74032012 1
8450 7985 74032022 1
8427 7917 74032032 1
8397 7841 74032042 1
8358 7758 74032052 1
8312 7669 74032062 1
8264 7559 74032072 1
8213 7436 74032082 1
8159 7305 74032092 1
8106 7172 74032102 1
8070 7035 74032112 1
8046 6894 74032122 1
8028 6751 74032132 1
8011 6619 74032142 1
7995 6471 74032152 1
7979 6312 74032152 1
7963 6154 74032162 1
7951 5999 74032172 1
7941 5845 74032182 1
7934 5696 74032192 1
7934 5553 74032202 1
7934 5413 74032212 1
7939 5254 74032222 1
7939 5100 74032232 1
7946 4943 74032242 1
7946 4783 74032252 1
7936 4641 74032262 1
7929 4508 74032272 1
7920 4380 74032282 1
7909 4234 74032292 1
7903 4109 74032302 1
7898 3997 74032312 1
7898 3879 74032322 1
7891 3753 74032332 1
7891 3641 74032342 1
7877 3541 74032352 1
7863 3438 74032362 1
7850 3335 74032372 1
7839 3231 74032382 1
7831 3125 74032392 1
7823 3029 74032402 1
7812 2940 74032412 1
7800 2850 74032422 1
7782 2763 74032432 1
7765 2679 74032442 1
7748 2628 74032452 1
7738 2593 74032462 1
7729 2569 74032472 1
7723 2558 74032482 1
7723 2550 74032492 1
7718 2545 74032502 1
7718 2545 74032512 1
7718 2545 74032523 1
7718 2545 74032533 1
7678 2575 74032543 1
7650 2617 74032553 1
7612 2698 74032563 1
7568 2805 74032573 1
7520 2963 74032583 1
7473 3157 74032593 1
7411 3374 74032603 1
7339 3591 74032613 1
7235 3811 74032623 1
7111 4033 74032633 1
6661 6350 74032833 0
6603 6362 74032843 1
6587 6355 74032853 1
6581 6355 74032863 1
6581 6349 74032873 1
6588 6349 74032883 1
6602 6341 74032893 1
6628 6349 74032903 1
6687 6365 74032913 1
6768 6406 74032923 1
6896 6462 74032933 1
7006 6529 74032943 1
7104 6582 74032953 1
7206 6633 74032963 1
7283 6678 74032973 1
7343 6713 74032983 1
7374 6740 74032993 1
7389 6759 74033003 1
7394 6773 74033013 1
7394 6787 74033023 1
7374 6801 74033033 1
7349 6817 74033043 1
7311 6835 74033053 1
7275 6851 74033063 1
7243 6865 74033073 1
7216 6877 74033083 1
7192 6886 74033093 1
7171 6886 74033103 1
7158 6886 74033113 1
7148 6865 74033123 1
7138 6835 74033133 1
7121 6787 74033143 1
7101 6719 74033153 1
7067 6638 74033163 1
7018 6525 74033173 1
6960 6382 74033183 1
6884 6220 74033193 1
6803 6067 74033203 1
6718 5929 74033213 1
6660 5800 74033223 1
6607 5718 74033233 1
6566 5652 74033243 1
6531 5597 74033253 1
6514 5567 74033263 1
6509 5557 74033273 1
6509 5557 74033283 1
6522 5580 74033293 1
6565 5624 74033303 1
6628 5685 74033313 1
6704 5739 74033323 1
6783 5791 74033333 1
6868 5835 74033343 1
6932 5873 74033353 1
6981 5892 74033363 1
7011 5901 74033373 1
7026 5901 74033383 1
7031 5887 74033393 1
7031 5868 74033403 1
7018 5829 74033404 1
6996 5777 74033414 1
6957 5716 74033424 1
6912 5653 74033434 1
6863 5585 74033444 1
6803 5512 74033454 1
6746 5438 74033464 1
6695 5365 74033474 1
6655 5305 74033484 1
6622 5242 74033494 1
6593 5193 74033504 1
6570 5156 74033514 1
6558 5139 74033524 1
6558 5131 74033534 1
6558 5131 74033544 1
6558 5131 74033554 1
6566 5148 74033564 1
6592 5170 74033574 1
6628 5197 74033584 1
6675 5222 74033594 1
6737 5246 74033604 1
6808 5265 74033614 1
6877 5278 74033624 1
6930 5278 74033634 1
6971 5263 74033644 1
7002 5241 74033654 1
7023 5214 74033664 1
7037 5170 74033674 1
7037 5115 74033684 1
7017 5050 74033694 1
6989 4984 74033704 1
6940 4915 74033714 1
6871 4857 74033724 1
6789 4805 74033734 1
6695 4777 74033744 1
6605 4777 74033754 1
6523 4784 74033764 1
6445 4822 74033774 1
6369 4878 74033784 1
6324 4946 74033794 1
6299 5029 74033804 1
