559
2488 7721 25919733 0
2538 7775 25919743 1
2525 7811 25919753 1
2532 7831 25919763 1
2544 7840 25919773 1
2559 7857 25919783 1
2603 7883 25919793 1
2670 7915 25919803 1
2751 7977 25919813 1
2824 8009 25919823 1
2898 8022 25919833 1
2980 8036 25919843 1
3068 8046 25919853 1
3149 8040 25919863 1
3216 8024 25919873 1
3273 7985 25919883 1
3314 7929 25919893 1
3336 7863 25919903 1
3345 7799 25919913 1
3345 7733 25919923 1
3334 7663 25919933 1
3320 7589 25919943 1
3290 7496 25919953 1
3242 7392 25919963 1
3181 7296 25919973 1
3110 7199 25919983 1
3038 7109 25919993 1
2964 7025 25920003 1
2904 6953 25920013 1
2848 6887 25920023 1
2800 6825 25920033 1
2759 6784 25920043 1
2735 6755 25920053 1
2721 6734 25920063 1
2721 6726 25920073 1
2721 6726 25920083 1
2721 6726 25920093 1
2728 6726 25920103 1
2742 6721 25920113 1
2765 6721 25920123 1
2792 6729 25920133 1
2827 6735 25920143 1
2868 6742 25920153 1
2916 6748 25920163 1
2971 6754 25920173 1
3032 6754 25920183 1
3100 6742 25920193 1
3172 6722 25920203 1
3235 6691 25920213 1
3292 6652 25920223 1
3344 6585 25920233 1
3383 6500 25920243 1
3413 6369 25920253 1
3427 6202 25920263 1
3422 6012 25920273 1
3405 5755 25920283 1
3363 5497 25920293 1
3296 5234 25920303 1
3211 4969 25920313 1
3107 4697 25920323 1
2991 4462 25920333 1
2868 4252 25920343 1
2742 4020 25920353 1
2605 3814 25920363 1
2461 3626 25920373 1
2351 3502 25920383 1
2275 3426 25920393 1
2221 3382 25920403 1
2199 3373 25920413 1
2193 3412 25920423 1
2198 3482 25920433 1
4047 7872 25920955 0
4047 7872 25920965 1
4047 7872 25920975 1
4047 7872 25920985 1
4047 7872 25920995 1
4047 7872 25921005 1
4047 7872 25921015 1
4047 7872 25921025 1
4047 7872 25921035 1
4047 7872 25921045 1
4047 7872 25921055 1
4047 7872 25921065 1
4047 7872 25921075 1
4047 7872 25921085 1
4047 7872 25921095 1
4047 7872 25921105 1
4047 7872 25921115 1
4047 7872 25921125 1
4047 7872 25921135 1
4047 7872 25921145 1
4047 7872 25921155 1
4047 7872 25921165 1
4047 7872 25921175 1
4047 7872 25921185 1
4055 7909 25921195 1
4087 7950 25921205 1
4135 7992 25921215 1
4199 8036 25921225 1
4280 8115 25921235 1
4371 8189 25921245 1
4441 8253 25921255 1
4498 8311 25921265 1
4547 8349 25921275 1
4561 8373 25921285 1
4566 8384 25921295 1
4566 8393 25921305 1
4559 8393 25921315 1
4551 8401 25921325 1
4542 8401 25921335 1
4533 8401 25921345 1
4526 8390 25921355 1
4502 8342 25921365 1
4466 8268 25921375 1
4429 8170 25921385 1
4393 8054 25921395 1
4358 7925 25921405 1
4322 7774 25921415 1
4285 7583 25921425 1
4249 7366 25921435 1
4214 7116 25921445 1
4194 6882 25921455 1
4180 6658 25921465 1
4162 6464 25921475 1
4138 6305 25921485 1
4138 6170 25921495 1
4138 6073 25921505 1
4127 6019 25921515 1
4134 5995 25921525 1
4134 5995 25921535 1
4120 6038 25921545 1
4120 6105 25921555 1
4109 6218 25921565 1
4097 6354 25921575 1
4097 6506 25921585 1
4097 6651 25921595 1
4103 6794 25921605 1
4110 6940 25921615 1
4122 7088 25921625 1
4134 7199 25921635 1
4159 7311 25921645 1
4193 7425 25921655 1
4222 7531 25921665 1
4268 7637 25921675 1
4326 7716 25921685 1
4383 7777 25921695 1
4442 7827 25921705 1
4502 7871 25921715 1
4548 7894 25921725 1
4586 7906 25921735 1
4614 7911 25921745 1
4631 7902 25921755 1
4641 7884 25921765 1
4641 7847 25921775 1
4605 7778 25921785 1
4549 7687 25921795 1
4475 7576 25921805 1
4389 7448 25921815 1
4294 7308 25921825 1
4207 7194 25921835 1
4141 7099 25921845 1
4089 7017 25921855 1
4057 6961 25921865 1
4048 6933 25921875 1
4054 6925 25921885 1
4069 6925 25921895 1
4107 6951 25921905 1
4161 6994 25921915 1
4243 7064 25921925 1
4324 7135 25921935 1
4403 7205 25921945 1
4480 7274 25921955 1
4551 7337 25921965 1
4618 7383 25921975 1
4671 7418 25921985 1
4704 7434 25921995 1
4723 7434 25922005 1
4723 7426 25922015 1
4715 7411 25922025 1
4697 7375 25922035 1
4661 7324 25922045 1
4608 7266 25922055 1
4543 7191 25922065 1
4469 7105 25922075 1
4397 7020 25922085 1
4330 6935 25922095 1
4268 6850 25922105 1
4220 6790 25922115 1
4181 6744 25922125 1
4154 6709 25922135 1
4142 6693 25922145 1
4142 6693 25922155 1
4142 6693 25922165 1
4152 6693 25922175 1
4176 6704 25922185 1
4211 6723 25922195 1
4261 6758 25922205 1
4312 6797 25922215 1
4366 6838 25922225 1
4410 6873 25922235 1
4449 6903 25922245 1
4483 6924 25922255 1
4508 6938 25922265 1
4527 6945 25922275 1
4534 6945 25922277 1
4534 6945 25922287 1
4519 6900 25922297 1
4485 6852 25922307 1
4430 6794 25922317 1
4360 6722 25922327 1
4273 6642 25922337 1
4171 6551 25922347 1
4060 6456 25922357 1
3955 6354 25922367 1
3876 6270 25922377 1
3814 6199 25922387 1
3796 6170 25922397 1
3796 6160 25922407 1
3812 6160 25922417 1
3842 6178 25922427 1
3898 6222 25922437 1
3971 6286 25922447 1
4064 6359 25922457 1
4158 6430 25922467 1
4250 6499 25922477 1
4314 6544 25922487 1
4363 6572 25922497 1
4394 6590 25922507 1
4409 6590 25922517 1
4414 6595 25922527 1
4414 6590 25922537 1
4402 6564 25922547 1
4387 6526 25922557 1
4362 6467 25922567 1
4336 6403 25922577 1
4310 6330 25922587 1
4292 6241 25922597 1
4275 6142 25922607 1
4259 6032 25922617 1
4244 5903 25922627 1
4231 5762 25922637 1
4220 5640 25922647 1
4212 5517 25922657 1
4205 5393 25922667 1
4205 5287 25922677 1
4215 5193 25922687 1
4227 5125 25922697 1
4242 5085 25922707 1
4258 5063 25922717 1
4280 5068 25922727 1
4306 5106 25922737 1
4354 5167 25922747 1
4415 5255 25922757 1
4476 5356 25922767 1
4536 5465 25922777 1
4598 5577 25922787 1
4660 5702 25922797 1
4721 5836 25922807 1
4770 5970 25922817 1
4809 6070 25922827 1
4829 6148 25922837 1
4829 6195 25922847 1
4823 6230 25922857 1
4804 6256 25922867 1
4772 6283 25922877 1
4730 6309 25922887 1
4678 6327 25922897 1
4614 6327 25922907 1
4543 6327 25922917 1
4460 6308 25922927 1
4371 6275 25922937 1
4277 6233 25922947 1
4184 6192 25922957 1
4097 6150 25922967 1
4042 6116 25922977 1
4006 6087 25922987 1
3987 6055 25922997 1
3987 6020 25923007 1
3996 5981 25923017 1
4022 5942 25923027 1
4054 5904 25923037 1
4118 5864 25923047 1
4200 5843 25923057 1
4307 5834 25923067 1
4419 5848 25923077 1
4542 5872 25923087 1
4671 5902 25923097 1
4801 5929 25923107 1
4896 5954 25923117 1
4967 5972 25923127 1
5023 5984 25923137 1
5059 5989 25923147 1
5082 5989 25923157 1
5090 5989 25923167 1
5090 5989 25923177 1
5090 5989 25923178 1
5090 5989 25923188 1
5090 5989 25923198 1
5116 6004 25923208 1
5158 6044 25923218 1
6527 7762 25923749 0
6511 7743 25923759 1
6511 7718 25923769 1
6511 7684 25923779 1
6511 7642 25923789 1
6501 7580 25923799 1
6491 7505 25923809 1
6470 7396 25923819 1
6440 7264 25923829 1
6404 7116 25923839 1
6364 6936 25923849 1
6317 6754 25923859 1
6266 6576 25923869 1
6204 6401 25923879 1
6147 6210 25923889 1
6099 6035 25923899 1
6058 5870 25923909 1
6024 5740 25923919 1
5999 5649 25923929 1
5984 5583 25923939 1
5977 5544 25923949 1
5977 5530 25923959 1
5977 5530 25923969 1
5977 5552 25923979 1
5998 5613 25923989 1
6028 5703 25923999 1
6841 7684 25924140 0
6971 7829 25924150 1
7033 7900 25924160 1
7098 7973 25924170 1
7183 8048 25924180 1
7282 8113 25924190 1
7375 8162 25924200 1
7470 8213 25924210 1
7565 8263 25924220 1
7657 8308 25924230 1
7748 8348 25924240 1
7834 8372 25924250 1
7909 8386 25924260 1
7976 8397 25924270 1
8026 8397 25924280 1
8073 8384 25924290 1
8117 8372 25924300 1
8160 8359 25924310 1
8195 8344 25924320 1
8225 8327 25924330 1
8245 8309 25924340 1
8261 8289 25924350 1
8274 8262 25924360 1
8283 8229 25924370 1
8289 8191 25924380 1
8294 8147 25924390 1
8294 8097 25924400 1
8294 8041 25924410 1
8294 7980 25924420 1
8294 7918 25924430 1
8294 7855 25924440 1
8294 7791 25924450 1
8285 7723 25924460 1
8275 7649 25924470 1
8261 7571 25924480 1
8248 7478 25924490 1
8234 7376 25924500 1
8220 7273 25924510 1
8201 7168 25924520 1
8182 7054 25924530 1
8163 6929 25924540 1
8142 6812 25924550 1
8122 6700 25924560 1
8102 6592 25924570 1
8081 6483 25924580 1
8064 6369 25924590 1
8048 6254 25924600 1
8035 6143 25924610 1
8021 6033 25924620 1
8004 5914 25924630 1
7990 5794 25924640 1
7979 5698 25924650 1
7971 5618 25924660 1
7963 5528 25924670 1
7956 5436 25924680 1
7947 5338 25924690 1
7939 5240 25924700 1
7925 5144 25924710 1
7906 5054 25924720 1
7888 4966 25924730 1
7866 4871 25924740 1
7840 4776 25924750 1
7816 4689 25924760 1
7789 4608 25924770 1
7760 4527 25924780 1
7725 4444 25924790 1
7690 4361 25924800 1
7655 4267 25924810 1
7616 4177 25924820 1
7573 4093 25924830 1
7531 4013 25924840 1
7491 3934 25924850 1
7453 3865 25924860 1
7417 3803 25924870 1
7383 3751 25924880 1
7352 3711 25924890 1
7326 3678 25924900 1
7302 3654 25924910 1
7281 3637 25924920 1
7264 3624 25924930 1
7251 3618 25924940 1
7241 3612 25924950 1
7232 3612 25924960 1
7221 3620 25924970 1
7208 3635 25924980 1
7189 3670 25924990 1
7170 3719 25925000 1
7152 3797 25925010 1
7130 3909 25925020 1
7107 4044 25925030 1
7085 4246 25925040 1
7051 4497 25925050 1
7010 4781 25925060 1
6963 5067 25925070 1
6912 5335 25925080 1
6591 6519 25925261 0
6514 6537 25925271 1
6480 6561 25925281 1
6446 6569 25925291 1
6427 6578 25925301 1
6427 6591 25925311 1
6436 6608 25925321 1
6471 6640 25925331 1
6538 6687 25925341 1
6625 6745 25925351 1
6759 6818 25925361 1
6896 6899 25925371 1
7034 6985 25925381 1
7152 7056 25925391 1
7248 7111 25925401 1
7330 7155 25925411 1
7387 7188 25925421 1
7425 7219 25925431 1
7451 7247 25925441 1
7466 7277 25925451 1
7466 7309 25925461 1
7448 7337 25925471 1
7421 7364 25925481 1
7390 7386 25925491 1
7355 7401 25925501 1
7330 7406 25925511 1
7307 7406 25925521 1
7291 7406 25925531 1
7277 7406 25925541 1
7263 7397 25925551 1
7249 7388 25925561 1
7232 7374 25925571 1
7212 7354 25925581 1
7184 7314 25925591 1
7155 7263 25925601 1
7124 7186 25925611 1
7094 7082 25925621 1
7058 6960 25925631 1
7019 6818 25925641 1
6987 6706 25925651 1
6956 6615 25925661 1
6933 6532 25925671 1
6915 6459 25925681 1
6896 6394 25925691 1
6877 6339 25925701 1
6857 6294 25925711 1
6835 6255 25925721 1
6825 6229 25925731 1
6817 6203 25925741 1
6810 6187 25925751 1
6805 6179 25925761 1
6805 6172 25925771 1
6799 6172 25925781 1
6799 6165 25925791 1
6799 6165 25925801 1
6794 6160 25925811 1
6794 6160 25925821 1
6794 6160 25925831 1
6794 6160 25925841 1
6794 6160 25925851 1
6794 6160 25925861 1
6794 6160 25925871 1
6794 6160 25925881 1
6794 6155 25925891 1
6794 6155 25925901 1
6794 6155 25925911 1
6794 6155 25925921 1
6794 6155 25925931 1
6794 6155 25925941 1
6794 6155 25925951 1
6803 6167 25925961 1
6820 6190 25925971 1
6856 6224 25925981 1
6905 6265 25925991 1
6951 6306 25926001 1
6996 6342 25926011 1
7036 6374 25926021 1
7073 6397 25926031 1
7101 6414 25926041 1
7126 6424 25926051 1
7148 6430 25926061 1
7170 6430 25926071 1
7188 6430 25926081 1
7202 6430 25926091 1
7210 6430 25926101 1
7216 6420 25926111 1
7221 6409 25926121 1
7221 6397 25926131 1
7221 6370 25926141 1
7216 6340 25926151 1
7208 6304 25926161 1
7196 6266 25926171 1
7181 6225 25926181 1
7161 6182 25926191 1
7138 6136 25926201 1
7113 6092 25926211 1
7085 6048 25926221 1
7057 6000 25926231 1
7029 5952 25926241 1
7001 5904 25926251 1
6975 5867 25926261 1
6954 5837 25926271 1
6943 5821 25926281 1
6943 5821 25926291 1
6943 5821 25926301 1
6943 5821 25926311 1
6943 5831 25926321 1
6967 5842 25926331 1
6997 5872 25926341 1
7039 5899 25926351 1
7081 5925 25926361 1
7119 5937 25926371 1
7153 5937 25926381 1
7186 5925 25926391 1
7216 5899 25926401 1
7244 5868 25926411 1
7264 5823 25926421 1
7269 5769 25926431 1
7264 5709 25926441 1
7241 5645 25926451 1
7206 5573 25926461 1
7164 5502 25926471 1
7122 5443 25926481 1
7072 5392 25926491 1
7017 5349 25926501 1
6958 5318 25926511 1
6889 5295 25926521 1
6812 5279 25926531 1
6755 5279 25926541 1
6722 5297 25926551 1
6706 5330 25926561 1
6706 5395 25926571 1
6741 5481 25926581 1
6799 5603 25926591 1
6905 5736 25926601 1
7012 5876 25926611 1
7120 5996 25926621 1
7239 6085 25926631 1
