374
1852 7170 27006462 0
1852 7170 27006472 1
1852 7170 27006482 1
1852 7170 27006492 1
1852 7170 27006502 1
1852 7170 27006512 1
1852 7170 27006522 1
1852 7170 27006532 1
1852 7170 27006542 1
1852 7170 27006552 1
1852 7170 27006562 1
1882 7181 27006572 1
1926 7204 27006582 1
1998 7235 27006592 1
2073 7256 27006602 1
2152 7273 27006612 1
2219 7282 27006622 1
2277 7282 27006632 1
2325 7282 27006642 1
2364 7282 27006652 1
2398 7272 27006662 1
2420 7251 27006672 1
2428 7220 27006682 1
2428 7171 27006692 1
2402 7110 27006702 1
2355 7033 27006712 1
2293 6959 27006722 1
2223 6887 27006732 1
2152 6829 27006742 1
2080 6786 27006752 1
2020 6753 27006762 1
1981 6730 27006772 1
1956 6717 27006782 1
1951 6711 27006792 1
1951 6711 27006802 1
1956 6711 27006812 1
1966 6711 27006822 1
1991 6711 27006832 1
2026 6720 27006842 1
2071 6720 27006852 1
2126 6720 27006862 1
2187 6706 27006872 1
2237 6673 27006882 1
2272 6625 27006892 1
2298 6539 27006902 1
2309 6421 27006912 1
2318 6281 27006922 1
2326 6158 27006932 1
2326 6033 27006942 1
2321 5906 27006952 1
2302 5767 27006962 1
2266 5639 27006972 1
2212 5522 27006982 1
2147 5408 27006992 1
2082 5307 27007002 1
2023 5238 27007012 1
1976 5190 27007022 1
1939 5164 27007032 1
1911 5154 27007042 1
1891 5154 27007052 1
1876 5170 27007062 1
1867 5210 27007072 1
1867 5268 27007082 1
1876 5335 27007092 1
1891 5391 27007102 1
1908 5417 27007112 1
1930 5427 27007122 1
3659 7872 27008616 0
3701 7903 27008626 1
3685 7914 27008636 1
3670 7922 27008646 1
3641 7869 27008656 1
3602 7710 27008666 1
3560 7481 27008676 1
3505 7260 27008686 1
3466 7023 27008696 1
3443 6776 27008706 1
3433 6638 27008716 1
3423 6538 27008726 1
3412 6464 27008736 1
3401 6417 27008746 1
3396 6399 27008756 1
3396 6399 27008766 1
3402 6408 27008776 1
3430 6491 27008786 1
3742 7729 27008866 0
3782 7768 27008876 1
3771 7784 27008886 1
3779 7797 27008896 1
3805 7811 27008906 1
3843 7832 27008916 1
3872 7857 27008926 1
3894 7867 27008936 1
3910 7875 27008946 1
3931 7875 27008956 1
3967 7881 27008966 1
4013 7881 27008976 1
4079 7893 27008986 1
4156 7906 27008996 1
4241 7929 27009006 1
4298 7949 27009016 1
4337 7965 27009026 1
4363 7974 27009036 1
4371 7979 27009046 1
4371 7979 27009056 1
4371 7979 27009066 1
4371 7979 27009076 1
4371 7979 27009086 1
4371 7979 27009096 1
4371 7979 27009106 1
4371 7979 27009116 1
4366 7979 27009126 1
4359 7979 27009136 1
4349 7979 27009146 1
4324 7947 27009156 1
3938 7443 27009226 0
3832 7343 27009236 1
3781 7327 27009246 1
3729 7319 27009256 1
3686 7313 27009266 1
3663 7313 27009276 1
3653 7305 27009286 1
3653 7305 27009296 1
3658 7305 27009306 1
3670 7305 27009316 1
3719 7317 27009326 1
3790 7345 27009336 1
3877 7384 27009346 1
3958 7406 27009356 1
4035 7406 27009366 1
4090 7401 27009376 1
4128 7377 27009386 1
4155 7348 27009396 1
4171 7308 27009406 1
4161 7260 27009416 1
4134 7206 27009426 1
4085 7149 27009436 1
4017 7094 27009446 1
3937 7049 27009456 1
3861 7012 27009466 1
3789 6986 27009476 1
3738 6970 27009486 1
3700 6961 27009496 1
3700 6961 27009506 1
3700 6961 27009516 1
3714 6961 27009526 1
3743 6972 27009536 1
3784 6992 27009546 1
3838 7020 27009556 1
3892 7041 27009566 1
3937 7041 27009576 1
3976 7041 27009586 1
4001 7015 27009596 1
3994 6965 27009606 1
3965 6898 27009616 1
3900 6816 27009626 1
3900 6816 27009647 0
3477 6556 27009657 1
3326 6476 27009667 1
3191 6405 27009677 1
3079 6335 27009687 1
3025 6295 27009697 1
3010 6275 27009707 1
3024 6258 27009717 1
3066 6241 27009727 1
3127 6248 27009737 1
3216 6270 27009747 1
3316 6328 27009757 1
3424 6394 27009767 1
3534 6465 27009777 1
3644 6514 27009787 1
3752 6557 27009797 1
3834 6575 27009807 1
3900 6575 27009817 1
3952 6569 27009827 1
3975 6540 27009837 1
3975 6499 27009847 1
3935 6396 27009857 1
3855 6254 27009867 1
3751 6087 27009877 1
3643 5910 27009887 1
3585 5743 27009897 1
3560 5627 27009907 1
3573 5543 27009917 1
3615 5472 27009927 1
3677 5438 27009937 1
3764 5430 27009947 1
3852 5474 27009957 1
3967 5557 27009967 1
4100 5666 27009977 1
4268 5802 27009987 1
4431 5957 27009997 1
4591 6125 27010007 1
4736 6253 27010017 1
4808 6320 27010027 1
4832 6347 27010037 1
4832 6347 27010047 1
4782 6347 27010057 1
4705 6314 27010067 1
4601 6268 27010077 1
4498 6227 27010087 1
4400 6201 27010097 1
4310 6186 27010107 1
4236 6181 27010117 1
4170 6186 27010127 1
4119 6197 27010137 1
4072 6214 27010147 1
4043 6234 27010157 1
4023 6257 27010167 1
4023 6264 27010177 1
4023 6264 27010187 1
4047 6256 27010197 1
4088 6218 27010207 1
4174 6162 27010217 1
4288 6089 27010227 1
4421 6015 27010237 1
4552 5949 27010247 1
4664 5888 27010257 1
4763 5841 27010267 1
4814 5810 27010277 1
4843 5791 27010287 1
4858 5779 27010297 1
4872 5766 27010307 1
4887 5754 27010317 1
4894 5748 27010327 1
4894 5748 27010337 1
4894 5748 27010347 1
4882 5755 27010357 1
4860 5771 27010367 1
4830 5786 27010377 1
4804 5797 27010387 1
4798 5802 27010397 1
7501 8209 27010749 0
7375 8161 27010759 1
7336 8183 27010769 1
7315 8191 27010779 1
7306 8176 27010789 1
7293 8119 27010799 1
7259 7965 27010809 1
7210 7746 27010819 1
7136 7448 27010829 1
7057 7082 27010839 1
6975 6671 27010849 1
6908 6297 27010859 1
6864 5963 27010869 1
6836 5657 27010879 1
6801 5434 27010889 1
6767 5211 27010899 1
6735 5015 27010909 1
6710 4838 27010919 1
6710 4708 27010929 1
6715 4638 27010939 1
6734 4608 27010949 1
6780 4622 27010959 1
6844 4781 27010969 1
7837 7766 27011049 0
8092 7928 27011059 1
8159 8052 27011069 1
8251 8120 27011079 1
8437 8152 27011089 1
8685 8240 27011099 1
9147 8353 27011139 0
9411 8418 27011149 1
9464 8439 27011159 1
9480 8439 27011169 1
9488 8439 27011179 1
9496 8390 27011189 1
9487 8320 27011199 1
9466 8178 27011209 1
9427 7947 27011219 1
9356 7656 27011229 1
9263 7262 27011239 1
9155 6802 27011249 1
9052 6297 27011259 1
8998 5852 27011269 1
8975 5516 27011279 1
8942 5252 27011289 1
8882 4964 27011299 1
8803 4710 27011309 1
8736 4478 27011319 1
8670 4257 27011329 1
8605 4109 27011339 1
8560 4010 27011349 1
8542 3986 27011359 1
8542 4028 27011369 1
8542 4113 27011379 1
7675 6873 27011490 0
7562 6920 27011500 1
7486 6966 27011510 1
7385 7026 27011520 1
7390 7026 27011530 1
7476 7047 27011540 1
7617 7075 27011550 1
7843 7135 27011560 1
8042 7194 27011570 1
8223 7260 27011580 1
8338 7330 27011590 1
8401 7400 27011600 1
8429 7470 27011610 1
8429 7537 27011620 1
8414 7603 27011630 1
8390 7645 27011640 1
8372 7671 27011650 1
8359 7676 27011660 1
8359 7676 27011670 1
8348 7676 27011680 1
8339 7682 27011690 1
8326 7682 27011700 1
8303 7690 27011710 1
8274 7701 27011720 1
8245 7712 27011730 1
8219 7718 27011740 1
8199 7718 27011750 1
8165 7666 27011760 1
8120 7582 27011770 1
8027 7372 27011780 1
7933 7156 27011790 1
7837 6937 27011800 1
7773 6791 27011810 1
7709 6700 27011820 1
7646 6646 27011830 1
7587 6614 27011840 1
7536 6602 27011850 1
7494 6602 27011860 1
7454 6607 27011870 1
7412 6607 27011880 1
7359 6607 27011890 1
7299 6581 27011900 1
7249 6555 27011910 1
7226 6528 27011920 1
7226 6514 27011930 1
7243 6507 27011940 1
7312 6507 27011950 1
7413 6537 27011960 1
7542 6588 27011970 1
7665 6632 27011980 1
7785 6653 27011990 1
7879 6660 27012000 1
7949 6647 27012010 1
8003 6630 27012020 1
8035 6602 27012030 1
8045 6565 27012040 1
8040 6487 27012050 1
7993 6382 27012060 1
7890 6216 27012070 1
7749 6018 27012080 1
7590 5800 27012090 1
7429 5611 27012100 1
7266 5465 27012110 1
7162 5348 27012120 1
7122 5290 27012130 1
7122 5261 27012140 1
7176 5252 27012150 1
7299 5270 27012160 1
7471 5328 27012170 1
7630 5412 27012180 1
7762 5488 27012190 1
7875 5563 27012200 1
7951 5656 27012210 1
8008 5762 27012220 1
8051 5901 27012230 1
8069 6003 27012240 1
8056 6080 27012250 1
8022 6127 27012260 1
7969 6168 27012270 1
7884 6189 27012280 1
7778 6199 27012290 1
7658 6199 27012300 1
7534 6199 27012310 1
7407 6212 27012320 1
7290 6228 27012330 1
7210 6261 27012340 1
7154 6303 27012350 1
7130 6350 27012360 1
