515
2297 8295 25979439 0
2346 8355 25979449 1
2352 8419 25979459 1
2375 8431 25979469 1
2407 8431 25979479 1
2442 8418 25979489 1
2479 8392 25979499 1
2516 8354 25979509 1
2555 8307 25979519 1
2599 8254 25979529 1
2648 8197 25979539 1
2703 8132 25979549 1
2750 8060 25979559 1
2792 7971 25979569 1
2825 7871 25979579 1
2840 7780 25979589 1
2840 7688 25979599 1
2829 7591 25979609 1
2793 7489 25979619 1
2742 7375 25979629 1
2643 7253 25979639 1
2542 7114 25979649 1
2439 6979 25979659 1
2349 6847 25979669 1
2285 6792 25979679 1
2238 6767 25979689 1
2217 6761 25979699 1
2217 6761 25979709 1
2230 6766 25979719 1
2245 6775 25979729 1
2283 6798 25979739 1
2336 6825 25979749 1
2402 6856 25979759 1
2468 6879 25979770 1
2535 6885 25979780 1
2604 6879 25979790 1
2676 6850 25979800 1
2735 6802 25979810 1
2784 6741 25979820 1
2818 6651 25979830 1
2834 6495 25979840 1
2839 6296 25979850 1
2823 6042 25979860 1
2790 5766 25979870 1
2746 5476 25979880 1
2693 5189 25979890 1
2640 4939 25979900 1
2587 4715 25979910 1
2548 4565 25979920 1
2510 4437 25979930 1
2473 4324 25979940 1
2444 4247 25979950 1
2419 4220 25979960 1
2395 4226 25979970 1
2370 4278 25979980 1
2355 4399 25979990 1
2355 4565 25980000 1
3740 8502 25980200 0
3787 8565 25980210 1
3779 8572 25980220 1
3790 8583 25980230 1
3814 8597 25980240 1
3871 8627 25980250 1
3958 8673 25980260 1
4064 8730 25980270 1
4125 8749 25980280 1
4180 8765 25980290 1
4232 8773 25980300 1
4260 8773 25980310 1
4275 8766 25980320 1
4282 8756 25980330 1
4282 8739 25980340 1
4282 8712 25980350 1
4266 8660 25980360 1
4241 8593 25980370 1
4202 8487 25980380 1
4153 8365 25980390 1
4100 8232 25980400 1
4049 8080 25980410 1
4002 7910 25980420 1
3962 7727 25980430 1
3925 7536 25980440 1
3886 7314 25980450 1
3842 7072 25980460 1
3796 6827 25980470 1
3760 6640 25980480 1
3729 6491 25980490 1
3707 6356 25980500 1
3692 6269 25980510 1
3686 6214 25980520 1
3686 6195 25980530 1
3686 6204 25980540 1
3686 6232 25980550 1
3676 6314 25980560 1
3668 6426 25980570 1
3683 6559 25980581 1
3816 7239 25980651 0
3859 7402 25980661 1
3875 7479 25980671 1
3889 7551 25980681 1
3910 7602 25980691 1
3932 7641 25980701 1
3958 7674 25980711 1
3989 7706 25980721 1
4027 7741 25980731 1
4075 7777 25980741 1
4131 7811 25980751 1
4192 7842 25980761 1
4251 7865 25980771 1
4295 7876 25980781 1
4331 7876 25980791 1
4345 7870 25980801 1
4351 7855 25980811 1
4351 7832 25980821 1
4336 7795 25980831 1
4301 7749 25980841 1
4254 7693 25980851 1
4192 7618 25980861 1
4110 7531 25980871 1
4014 7424 25980881 1
3928 7324 25980891 1
3845 7229 25980901 1
3767 7138 25980911 1
3690 7062 25980921 1
3636 6996 25980931 1
3596 6958 25980941 1
3590 6943 25980951 1
3590 6943 25980961 1
3601 6943 25980971 1
3632 6953 25980981 1
3676 6971 25980991 1
3743 7010 25981001 1
3809 7055 25981011 1
3875 7103 25981021 1
3943 7145 25981031 1
4004 7183 25981041 1
4061 7210 25981051 1
4104 7229 25981061 1
4132 7236 25981071 1
4151 7236 25981081 1
4163 7227 25981091 1
4163 7216 25981101 1
4156 7197 25981111 1
4134 7170 25981121 1
4096 7131 25981131 1
4047 7083 25981141 1
3992 7027 25981151 1
3930 6966 25981161 1
3863 6896 25981171 1
3786 6822 25981181 1
3701 6751 25981191 1
3610 6685 25981201 1
3523 6614 25981211 1
3437 6540 25981221 1
3353 6467 25981231 1
3273 6412 25981241 1
3219 6370 25981251 1
3182 6343 25981252 1
3182 6343 25981262 1
3182 6343 25981272 1
3182 6343 25981282 1
3221 6364 25981292 1
3283 6400 25981302 1
3362 6452 25981312 1
3452 6508 25981322 1
3544 6567 25981332 1
3643 6616 25981342 1
3745 6660 25981352 1
3820 6693 25981362 1
3876 6713 25981372 1
3919 6725 25981382 1
3940 6725 25981392 1
3947 6716 25981402 1
3947 6698 25981412 1
3919 6656 25981422 1
3879 6599 25981432 1
3826 6519 25981442 1
3768 6434 25981452 1
3706 6339 25981462 1
3652 6241 25981472 1
3602 6141 25981482 1
3558 6024 25981492 1
3520 5895 25981502 1
3488 5758 25981512 1
3462 5647 25981522 1
3437 5516 25981532 1
3410 5371 25981542 1
3391 5245 25981552 1
3391 5149 25981562 1
3396 5072 25981572 1
3411 5023 25981582 1
3431 4999 25981592 1
3458 4992 25981602 1
3492 5008 25981612 1
3541 5062 25981622 1
3600 5142 25981632 1
3677 5250 25981642 1
3762 5383 25981652 1
3853 5533 25981662 1
3939 5667 25981672 1
4016 5797 25981682 1
4086 5920 25981692 1
4142 6016 25981702 1
4176 6095 25981712 1
4196 6139 25981722 1
4196 6178 25981732 1
4167 6207 25981742 1
4129 6226 25981752 1
4072 6226 25981762 1
3995 6214 25981772 1
3904 6185 25981782 1
3814 6151 25981792 1
3712 6103 25981802 1
3601 6048 25981812 1
3517 5996 25981822 1
3467 5951 25981832 1
3439 5911 25981842 1
3439 5867 25981852 1
3458 5824 25981862 1
3496 5780 25981872 1
3566 5746 25981882 1
3670 5719 25981892 1
3797 5703 25981902 1
3910 5703 25981912 1
4025 5703 25981922 1
4143 5714 25981932 1
4260 5726 25981942 1
4353 5740 25981952 1
4432 5752 25981962 1
4489 5764 25981972 1
4530 5775 25981982 1
4559 5786 25981992 1
4581 5814 25982002 1
6493 7616 25982333 0
6493 7616 25982343 1
6500 7588 25982353 1
6507 7565 25982363 1
6507 7524 25982373 1
6507 7472 25982383 1
6502 7398 25982393 1
6489 7299 25982403 1
6471 7183 25982413 1
6450 7037 25982423 1
6420 6876 25982433 1
6385 6704 25982443 1
6338 6542 25982453 1
6281 6366 25982463 1
6217 6182 25982473 1
6144 6008 25982483 1
6067 5828 25982493 1
5987 5681 25982503 1
5913 5559 25982513 1
5856 5450 25982523 1
5809 5369 25982533 1
5785 5306 25982543 1
5776 5288 25982553 1
5776 5295 25982563 1
5783 5319 25982573 1
5807 5420 25982583 1
5842 5557 25982593 1
5890 5717 25982603 1
5950 5898 25982613 1
7127 8011 25982764 0
7264 8161 25982774 1
7595 8431 25982814 0
7753 8522 25982824 1
7819 8556 25982834 1
7880 8584 25982844 1
7929 8607 25982854 1
7971 8625 25982864 1
8013 8640 25982874 1
8054 8655 25982884 1
8095 8660 25982894 1
8124 8660 25982904 1
8146 8653 25982914 1
8156 8642 25982924 1
8165 8626 25982934 1
8174 8610 25982944 1
8181 8595 25982954 1
8188 8582 25982964 1
8194 8567 25982974 1
8200 8551 25982984 1
8213 8536 25982994 1
8227 8522 25983004 1
8242 8507 25983014 1
8257 8492 25983024 1
8268 8473 25983034 1
8276 8456 25983044 1
8276 8435 25983054 1
8283 8413 25983064 1
8283 8388 25983074 1
8288 8360 25983084 1
8288 8329 25983094 1
8294 8298 25983104 1
8299 8268 25983114 1
8299 8238 25983124 1
8304 8205 25983134 1
8304 8169 25983144 1
8304 8125 25983154 1
8295 8074 25983164 1
8290 8019 25983174 1
8283 7955 25983184 1
8274 7889 25983194 1
8274 7825 25983204 1
8265 7768 25983205 1
8259 7708 25983215 1
8252 7646 25983225 1
8239 7577 25983235 1
8220 7496 25983245 1
8196 7408 25983255 1
8172 7326 25983265 1
8149 7243 25983275 1
8128 7157 25983285 1
8106 7070 25983295 1
8084 6978 25983305 1
8061 6887 25983315 1
8039 6801 25983325 1
8021 6726 25983335 1
8004 6654 25983345 1
7989 6575 25983355 1
7974 6491 25983365 1
7958 6398 25983375 1
7941 6298 25983385 1
7923 6198 25983395 1
7904 6101 25983405 1
7885 6003 25983415 1
7867 5904 25983425 1
7850 5804 25983435 1
7834 5715 25983445 1
7816 5634 25983455 1
7797 5541 25983465 1
7774 5443 25983475 1
7750 5333 25983485 1
7721 5217 25983495 1
7694 5099 25983505 1
7668 4980 25983515 1
7644 4858 25983525 1
7619 4736 25983535 1
7595 4633 25983545 1
7566 4543 25983555 1
7537 4442 25983565 1
7507 4341 25983575 1
7474 4232 25983585 1
7442 4117 25983595 1
7410 3993 25983605 1
7388 3866 25983615 1
7366 3789 25983625 1
7346 3746 25983635 1
7330 3717 25983645 1
7320 3703 25983655 1
7312 3703 25983665 1
7312 3703 25983675 1
7290 3735 25983685 1
7272 3773 25983695 1
7248 3829 25983705 1
7215 3908 25983715 1
7175 4002 25983725 1
7124 4143 25983735 1
7073 4348 25983745 1
7019 4596 25983755 1
6962 4874 25983765 1
6909 5151 25983775 1
6618 6896 25983996 0
6538 6920 25984006 1
6512 6926 25984016 1
6487 6932 25984026 1
6462 6937 25984036 1
6440 6937 25984046 1
6424 6937 25984056 1
6414 6932 25984066 1
6414 6932 25984076 1
6414 6932 25984086 1
6414 6932 25984096 1
6422 6932 25984106 1
6441 6940 25984116 1
6489 6958 25984126 1
6554 6991 25984136 1
6642 7035 25984146 1
6758 7106 25984156 1
6893 7162 25984166 1
6996 7209 25984176 1
7099 7267 25984186 1
7204 7330 25984196 1
7309 7396 25984206 1
7388 7457 25984216 1
7450 7513 25984226 1
7483 7560 25984236 1
7498 7594 25984246 1
7498 7621 25984256 1
7493 7651 25984266 1
7479 7685 25984276 1
7462 7722 25984286 1
7480 7764 25984296 1
7480 7794 25984306 1
7463 7807 25984316 1
7457 7820 25984326 1
7449 7828 25984336 1
7435 7828 25984346 1
7417 7833 25984356 1
7392 7833 25984366 1
7363 7821 25984376 1
7332 7812 25984386 1
7308 7806 25984396 1
7294 7801 25984406 1
7286 7788 25984416 1
7270 7771 25984426 1
7255 7744 25984436 1
7240 7708 25984446 1
7224 7661 25984456 1
7210 7605 25984466 1
7197 7544 25984476 1
7184 7476 25984486 1
7170 7402 25984496 1
7156 7323 25984506 1
7139 7242 25984516 1
7120 7158 25984526 1
7102 7074 25984536 1
7080 6989 25984546 1
7055 6905 25984556 1
7025 6823 25984566 1
6994 6760 25984576 1
6961 6709 25984586 1
6927 6657 25984596 1
6893 6612 25984606 1
6860 6572 25984616 1
6824 6537 25984626 1
6787 6508 25984636 1
6752 6484 25984646 1
6719 6465 25984656 1
6691 6445 25984666 1
6664 6431 25984676 1
6643 6421 25984686 1
6627 6421 25984697 1
6627 6421 25984707 1
6627 6421 25984717 1
6627 6421 25984727 1
6627 6421 25984737 1
6627 6421 25984747 1
6611 6455 25984757 1
6624 6485 25984767 1
6647 6524 25984777 1
6683 6566 25984787 1
6727 6610 25984797 1
6781 6655 25984807 1
6840 6691 25984817 1
6899 6725 25984827 1
6954 6757 25984837 1
7009 6785 25984847 1
7058 6808 25984857 1
7102 6823 25984867 1
7134 6832 25984877 1
7155 6832 25984887 1
7169 6832 25984897 1
7177 6826 25984907 1
7182 6817 25984917 1
7182 6802 25984927 1
7182 6782 25984937 1
7169 6755 25984947 1
7155 6725 25984957 1
7136 6691 25984967 1
7111 6655 25984977 1
7083 6616 25984987 1
7057 6576 25984997 1
7031 6538 25985007 1
7003 6502 25985017 1
6973 6458 25985027 1
6942 6413 25985037 1
6912 6367 25985047 1
6887 6328 25985057 1
6861 6293 25985067 1
6835 6263 25985077 1
6810 6232 25985087 1
6790 6207 25985097 1
6775 6187 25985107 1
6762 6168 25985117 1
6754 6157 25985127 1
6748 6152 25985137 1
6748 6152 25985147 1
6748 6152 25985157 1
6748 6152 25985167 1
6748 6152 25985177 1
6748 6158 25985187 1
6748 6163 25985197 1
6748 6175 25985207 1
6774 6198 25985217 1
6807 6228 25985227 1
6847 6254 25985237 1
6886 6279 25985247 1
6922 6304 25985257 1
6956 6325 25985267 1
6987 6341 25985277 1
7018 6349 25985287 1
7044 6349 25985297 1
7067 6349 25985307 1
7082 6342 25985317 1
7093 6332 25985327 1
7102 6311 25985337 1
7102 6283 25985347 1
7102 6247 25985357 1
7096 6209 25985367 1
7079 6169 25985377 1
7055 6133 25985387 1
7025 6099 25985397 1
6988 6072 25985407 1
6944 6049 25985417 1
6896 6030 25985427 1
6845 6020 25985437 1
6797 6020 25985447 1
6755 6030 25985457 1
6722 6055 25985467 1
6699 6108 25985477 1
6706 6180 25985487 1
6731 6294 25985497 1
6803 6436 25985507 1
6892 6596 25985517 1
