121
1215 5217 31141191 0
1362 5168 31141201 1
1420 5285 31141211 1
1649 5472 31141221 1
1917 5610 31141231 1
2211 5715 31141241 1
2451 5789 31141251 1
2669 5836 31141261 1
2872 5865 31141271 1
2460 5461 31141382 0
2530 4983 31141392 1
2517 4937 31141402 1
2527 4555 31141412 1
2551 4096 31141422 1
2617 3585 31141432 1
2665 3250 31141442 1
2700 3034 31141452 1
2671 2897 31141462 1
2553 2822 31141462 1
2375 2810 31141472 1
2113 2841 31141482 1
1796 2979 31141492 1
4669 5473 31141692 0
4663 5246 31141702 1
4631 5273 31141712 1
4637 5300 31141722 1
4739 5366 31141732 1
4905 5458 31141742 1
5228 5554 31141752 1
5535 5654 31141762 1
5831 5758 31141772 1
5978 5840 31141782 1
5765 6262 31141852 0
5621 6094 31141862 1
5504 6037 31141872 1
5356 5920 31141882 1
5190 5764 31141892 1
5027 5481 31141902 1
4869 5088 31141912 1
4708 4621 31141922 1
4544 4249 31141932 1
4439 4001 31141942 1
4376 3835 31141952 1
4341 3791 31141962 1
4742 4771 31142043 0
4967 4424 31142053 1
4979 4355 31142063 1
4921 4390 31142073 1
4882 4048 31142083 1
4855 3645 31142093 1
4819 3201 31142103 1
4773 2931 31142113 1
4735 2776 31142123 1
4703 2699 31142133 1
4698 2699 31142143 1
5080 4551 31142223 0
5416 4646 31142233 1
5541 4730 31142243 1
5541 4856 31142253 1
5587 4774 31142263 1
5657 4638 31142273 1
5706 4465 31142283 1
5759 4306 31142293 1
5830 4171 31142303 1
5910 4052 31142313 1
6031 3929 31142323 1
6158 3785 31142333 1
6288 3627 31142343 1
6349 3476 31142353 1
6329 3302 31142363 1
6256 3112 31142373 1
6155 2988 31142383 1
6080 2949 31142393 1
6023 2966 31142403 1
5975 3069 31142413 1
5931 3280 31142423 1
5896 3562 31142433 1
5896 3845 31142443 1
5911 4020 31142453 1
5956 4122 31142463 1
6067 4166 31142473 1
6222 4204 31142483 1
7872 5570 31142663 0
7909 5386 31142673 1
7862 5367 31142683 1
7779 5411 31142693 1
7739 5199 31142703 1
7769 4967 31142713 1
7846 4722 31142723 1
8043 4648 31142733 1
8276 4648 31142743 1
8532 4692 31142753 1
8751 4780 31142763 1
8912 4888 31142773 1
9035 5010 31142783 1
8882 5556 31142854 0
8718 5207 31142864 1
8640 5056 31142874 1
8536 4782 31142884 1
8468 4442 31142894 1
8431 4058 31142904 1
8431 3733 31142914 1
8456 3527 31142924 1
8133 3641 31142994 0
8133 3641 31143004 1
8160 3681 31143014 1
8190 3767 31143024 1
8286 3767 31143034 1
8436 3752 31143044 1
8622 3723 31143054 1
8729 3659 31143064 1
8789 3516 31143074 1
8817 3321 31143084 1
8806 3081 31143094 1
8800 2907 31143104 1
8819 2778 31143114 1
8853 2746 31143124 1
8912 2775 31143134 1
9034 2846 31143144 1
9198 2937 31143154 1
9395 3008 31143164 1
