148
1752 5245 27313988 0
1587 5136 27313998 1
1488 5136 27314008 1
1418 5178 27314018 1
1366 5158 27314028 1
1335 5126 27314038 1
1399 5085 27314048 1
1527 5091 27314058 1
1769 5155 27314068 1
2090 5257 27314078 1
2464 5400 27314088 1
2845 5529 27314098 1
3172 5648 27314108 1
3462 5717 27314118 1
3652 5737 27314128 1
2934 5273 27314248 0
3021 4994 27314258 1
2978 4859 27314268 1
2905 4698 27314278 1
2866 4384 27314288 1
2850 4013 27314298 1
2836 3605 27314308 1
2822 3326 27314318 1
2808 3087 27314328 1
2772 2875 27314338 1
2724 2694 27314348 1
2635 2597 27314358 1
2516 2556 27314368 1
2378 2568 27314378 1
2221 2655 27314388 1
4608 4949 27314579 0
5051 4959 27314589 1
5205 5109 27314599 1
5410 5227 27314609 1
5650 5323 27314619 1
5924 5513 27314629 1
6213 5632 27314639 1
6511 5705 27314649 1
6771 5761 27314659 1
6744 5992 27314769 0
6770 5841 27314779 1
6681 5807 27314789 1
6539 5807 27314799 1
6309 5667 27314809 1
6076 5440 27314819 1
5841 5155 27314829 1
5622 4856 27314839 1
5436 4566 27314849 1
5273 4283 27314859 1
5121 4039 27314869 1
5034 3857 27314879 1
5365 4149 27314949 0
5606 4140 27314959 1
5588 4155 27314969 1
5576 4040 27314979 1
5536 3840 27314989 1
5476 3514 27314999 1
5415 3150 27315009 1
5381 2762 27315019 1
5364 2446 27315029 1
5386 2202 27315039 1
5412 2005 27315049 1
5475 3516 27315150 0
5831 3765 27315160 1
5984 4043 27315170 1
6117 4319 27315180 1
6304 4594 27315190 1
6500 4730 27315200 1
6702 4777 27315210 1
6833 4764 27315220 1
6897 4666 27315230 1
6917 4486 27315240 1
6887 4252 27315250 1
6835 4012 27315260 1
6769 3806 27315270 1
6747 3622 27315280 1
6769 3501 27315290 1
6821 3343 27315300 1
6916 3161 27315310 1
6988 2958 27315320 1
7044 2751 27315330 1
7066 2569 27315340 1
7049 2407 27315350 1
7005 2267 27315360 1
6934 2217 27315370 1
6819 2227 27315380 1
6675 2339 27315390 1
6533 2508 27315400 1
6430 2715 27315410 1
6352 2913 27315420 1
6327 3055 27315430 1
6363 3159 27315440 1
6440 3277 27315450 1
6604 3428 27315460 1
6840 3602 27315470 1
9405 5469 27315851 0
9361 5264 27315861 1
9260 5289 27315871 1
9136 5143 27315881 1
9044 4928 27315891 1
9001 4666 27315901 1
8990 4445 27315911 1
9055 4221 27315921 1
9185 4081 27315931 1
9357 3999 27315941 1
9593 3999 27315951 1
9829 4045 27315961 1
10063 4124 27315971 1
10244 4222 27315981 1
10391 4317 27315991 1
10499 4409 27316001 1
9850 5200 27316181 0
9903 5194 27316191 1
9880 5165 27316201 1
9835 5139 27316211 1
9795 5114 27316221 1
9759 4918 27316231 1
9713 4641 27316241 1
9658 4310 27316251 1
9639 3962 27316261 1
9626 3665 27316271 1
9626 3401 27316281 1
9610 3182 27316291 1
9590 3011 27316301 1
9555 2871 27316311 1
9523 2778 27316321 1
9508 2747 27316331 1
9188 3361 27316452 0
9319 3321 27316462 1
9330 3391 27316472 1
9403 3483 27316482 1
9518 3555 27316492 1
9704 3613 27316502 1
9884 3646 27316512 1
10061 3614 27316522 1
10145 3540 27316532 1
10163 3389 27316542 1
10138 3166 27316552 1
10023 2895 27316562 1
9866 2602 27316572 1
9681 2361 27316582 1
9555 2155 27316592 1
9490 2013 27316602 1
9465 1940 27316612 1
9513 1914 27316622 1
9693 1950 27316632 1
9961 2052 27316642 1
10263 2197 27316652 1
