154
1343 5039 27302812 0
1292 4883 27302822 1
1265 4843 27302832 1
1265 4843 27302842 1
1275 4829 27302852 1
1328 4800 27302862 1
1411 4788 27302872 1
1558 4815 27302882 1
1776 4867 27302892 1
2042 4952 27302902 1
2334 5048 27302912 1
2612 5152 27302922 1
2881 5246 27302932 1
3096 5318 27302942 1
3271 5376 27302952 1
3420 5402 27302962 1
2789 5050 27303092 0
2729 4863 27303102 1
2688 4863 27303112 1
2643 4937 27303122 1
2618 4875 27303132 1
2605 4738 27303142 1
2614 4552 27303152 1
2641 4265 27303162 1
2679 3949 27303172 1
2698 3614 27303182 1
2707 3327 27303192 1
2707 3063 27303202 1
2664 2815 27303212 1
2581 2618 27303222 1
2474 2473 27303232 1
2335 2364 27303242 1
2162 2281 27303252 1
1965 2281 27303263 1
1776 2335 27303273 1
4095 4778 27303503 0
4430 4788 27303513 1
4528 4881 27303523 1
4753 4995 27303533 1
4994 5084 27303543 1
5245 5172 27303553 1
5505 5254 27303563 1
5754 5310 27303573 1
5934 5349 27303583 1
6072 5360 27303593 1
5823 5786 27303703 0
5763 5769 27303713 1
5671 5769 27303723 1
5560 5715 27303733 1
5436 5535 27303743 1
5230 5275 27303753 1
5054 4961 27303763 1
4897 4653 27303773 1
4759 4360 27303783 1
4623 4111 27303793 1
4543 3887 27303803 1
4500 3741 27303813 1
4747 4161 27303874 0
4885 4209 27303884 1
4901 4260 27303894 1
4907 4209 27303904 1
4872 4044 27303914 1
4832 3804 27303924 1
4789 3472 27303934 1
4729 3080 27303944 1
4672 2647 27303954 1
4653 2352 27303964 1
4653 2127 27303974 1
5024 3733 27304094 0
5358 3968 27304104 1
5470 4184 27304114 1
5566 4385 27304124 1
5701 4577 27304134 1
5862 4647 27304144 1
5953 4640 27304154 1
6000 4583 27304164 1
6017 4451 27304174 1
5972 4249 27304184 1
5894 4001 27304194 1
5795 3756 27304204 1
5761 3592 27304214 1
5792 3483 27304224 1
5866 3394 27304234 1
5992 3308 27304244 1
6149 3225 27304254 1
6327 3119 27304264 1
6446 2966 27304274 1
6484 2781 27304284 1
6468 2552 27304294 1
6383 2344 27304304 1
6257 2151 27304314 1
6103 2084 27304324 1
5961 2115 27304334 1
5804 2212 27304344 1
5638 2399 27304354 1
5591 2635 27304364 1
5684 2905 27304374 1
5870 3186 27304384 1
6141 3464 27304394 1
6493 3741 27304404 1
6899 3988 27304414 1
8602 5285 27304755 0
8618 5198 27304765 1
8562 5148 27304775 1
8461 5059 27304785 1
8384 4869 27304795 1
8312 4659 27304805 1
8312 4437 27304815 1
8354 4234 27304825 1
8471 4100 27304835 1
8655 4012 27304845 1
8884 3993 27304855 1
9163 4031 27304865 1
9447 4108 27304875 1
9697 4213 27304885 1
9924 4317 27304895 1
10075 4420 27304905 1
10153 4495 27304915 1
9499 5028 27305025 0
9482 4905 27305035 1
9471 4905 27305045 1
9386 4952 27305055 1
9329 4813 27305065 1
9291 4594 27305075 1
9256 4322 27305085 1
9222 4023 27305095 1
9187 3733 27305105 1
9129 3448 27305115 1
9057 3180 27305125 1
8957 2968 27305135 1
8839 2794 27305145 1
8708 2710 27305155 1
8599 2717 27305165 1
8494 2784 27305175 1
8430 2918 27305185 1
8391 3059 27305195 1
8401 3204 27305205 1
8482 3335 27305215 1
8609 3428 27305225 1
8815 3496 27305235 1
9033 3525 27305245 1
9259 3489 27305255 1
9424 3411 27305265 1
9513 3271 27305275 1
9552 3095 27305285 1
9495 2895 27305295 1
9371 2641 27305305 1
9203 2409 27305315 1
9072 2192 27305326 1
9009 2041 27305336 1
8991 1969 27305346 1
9043 1950 27305356 1
9231 1997 27305366 1
9509 2121 27305376 1
