223
1923 5147 81638289 0
1890 5181 81638299 1
1890 5181 81638309 1
1890 5186 81638319 1
1909 5186 81638329 1
1951 5198 81638339 1
2010 5216 81638349 1
2109 5244 81638359 1
2229 5280 81638369 1
2364 5321 81638379 1
2523 5374 81638389 1
2705 5434 81638399 1
2902 5498 81638409 1
3107 5548 81638419 1
3312 5592 81638429 1
3476 5626 81638439 1
3613 5644 81638449 1
3723 5652 81638459 1
3786 5644 81638469 1
3299 5480 81638560 0
3204 5467 81638570 1
3180 5477 81638580 1
3180 5477 81638590 1
3180 5477 81638600 1
3172 5418 81638610 1
3172 5354 81638620 1
3180 5274 81638630 1
3188 5171 81638640 1
3199 5050 81638650 1
3212 4916 81638660 1
3229 4745 81638670 1
3252 4580 81638680 1
3282 4418 81638690 1
3311 4210 81638700 1
3339 4036 81638710 1
3355 3884 81638720 1
3363 3725 81638730 1
3347 3609 81638740 1
3309 3522 81638750 1
3255 3425 81638760 1
3170 3333 81638770 1
3057 3244 81638780 1
2925 3176 81638790 1
2791 3138 81638800 1
2651 3121 81638810 1
2508 3137 81638820 1
2406 3171 81638830 1
2328 3217 81638840 1
2266 3255 81638850 1
2231 3292 81638860 1
2217 3328 81638870 1
5171 5362 81639180 0
5001 5325 81639190 1
4954 5332 81639200 1
4930 5348 81639210 1
4921 5353 81639220 1
4921 5353 81639230 1
4927 5358 81639240 1
4964 5370 81639250 1
5020 5388 81639260 1
5117 5411 81639270 1
5257 5441 81639280 1
5426 5476 81639290 1
5592 5511 81639300 1
5765 5549 81639310 1
5943 5588 81639320 1
6081 5621 81639330 1
6201 5653 81639340 1
6310 5680 81639350 1
6224 5916 81639441 0
6153 5952 81639451 1
6109 5971 81639461 1
6060 5954 81639471 1
6007 5912 81639481 1
5939 5821 81639491 1
5860 5707 81639501 1
5737 5578 81639511 1
5601 5417 81639521 1
5455 5245 81639531 1
5307 5065 81639541 1
5167 4891 81639551 1
5032 4718 81639561 1
4935 4585 81639571 1
4860 4478 81639581 1
4799 4385 81639591 1
4758 4336 81639601 1
5055 4741 81639671 0
5194 4861 81639681 1
5234 4851 81639691 1
5256 4797 81639701 1
5267 4713 81639711 1
5267 4589 81639721 1
5251 4431 81639731 1
5232 4251 81639741 1
5212 4074 81639751 1
5192 3896 81639761 1
5173 3717 81639771 1
5157 3577 81639781 1
5144 3463 81639791 1
5134 3360 81639801 1
5128 3279 81639811 1
5128 3212 81639821 1
5457 4543 81639922 0
5615 4745 81639932 1
5674 4836 81639942 1
5769 4892 81639952 1
5887 4926 81639962 1
6005 4976 81639972 1
6126 5012 81639982 1
6257 5039 81639992 1
6378 5054 81640002 1
6491 5046 81640012 1
6571 5023 81640022 1
6618 4972 81640032 1
6643 4890 81640042 1
6628 4787 81640052 1
6594 4684 81640062 1
6547 4584 81640072 1
6503 4485 81640082 1
6480 4395 81640092 1
6471 4312 81640102 1
6487 4235 81640112 1
6527 4167 81640122 1
6582 4102 81640132 1
6656 4040 81640142 1
6731 3966 81640152 1
6805 3886 81640162 1
6856 3785 81640172 1
6892 3672 81640182 1
6901 3572 81640192 1
6889 3471 81640202 1
6862 3367 81640212 1
6815 3265 81640222 1
6756 3166 81640232 1
6689 3106 81640242 1
6622 3074 81640252 1
6560 3064 81640262 1
6507 3077 81640272 1
6461 3105 81640282 1
6430 3172 81640292 1
6409 3272 81640302 1
6421 3393 81640312 1
6462 3517 81640322 1
6521 3641 81640332 1
6601 3764 81640342 1
6704 3886 81640352 1
6821 3994 81640362 1
6951 4093 81640372 1
8595 5821 81641123 0
8611 5893 81641133 1
8611 5915 81641143 1
8606 5925 81641153 1
8606 5925 81641163 1
8578 5915 81641173 1
8547 5859 81641183 1
8505 5774 81641193 1
8456 5663 81641203 1
8402 5519 81641213 1
8351 5353 81641223 1
8324 5195 81641233 1
8313 5068 81641243 1
8358 4963 81641253 1
8454 4889 81641263 1
8583 4844 81641273 1
8746 4819 81641283 1
8921 4819 81641293 1
9104 4835 81641303 1
9252 4856 81641313 1
9381 4887 81641323 1
9497 4920 81641333 1
9577 4955 81641343 1
9338 5662 81641444 0
9257 5707 81641454 1
9232 5724 81641464 1
9208 5706 81641474 1
9185 5644 81641484 1
9151 5554 81641494 1
9109 5413 81641504 1
9046 5230 81641514 1
8971 5019 81641524 1
8889 4772 81641534 1
8810 4546 81641544 1
8743 4333 81641554 1
8684 4120 81641564 1
8631 3938 81641574 1
8581 3778 81641584 1
8536 3646 81641594 1
8504 3563 81641604 1
8481 3513 81641614 1
8460 3490 81641624 1
8207 3890 81641704 0
8117 4004 81641714 1
8087 4032 81641724 1
8075 4046 81641734 1
8075 4046 81641744 1
8095 4046 81641754 1
8155 4053 81641764 1
8241 4060 81641774 1
8378 4073 81641784 1
8528 4090 81641794 1
8687 4105 81641804 1
8824 4098 81641814 1
8926 4076 81641824 1
9004 4025 81641834 1
9038 3947 81641844 1
9031 3851 81641854 1
8997 3705 81641864 1
8925 3553 81641874 1
8831 3398 81641884 1
8722 3223 81641894 1
8634 3063 81641904 1
8576 2948 81641914 1
8537 2858 81641924 1
8537 2807 81641934 1
8573 2785 81641944 1
8627 2785 81641954 1
8727 2804 81641964 1
8865 2842 81641974 1
9029 2892 81641984 1
9188 2942 81641994 1
9353 2992 81642004 1
9524 3046 81642014 1
9693 3103 81642024 1
