230
2180 5724 22916505 0
2122 5669 22916515 1
2099 5663 22916525 1
2084 5668 22916535 1
2084 5668 22916545 1
2084 5668 22916555 1
2110 5668 22916565 1
2152 5683 22916575 1
2235 5708 22916585 1
2349 5755 22916595 1
2484 5820 22916605 1
2653 5896 22916615 1
2822 5972 22916625 1
2995 6048 22916635 1
3171 6118 22916645 1
3340 6186 22916655 1
3494 6245 22916665 1
3637 6301 22916675 1
3784 6340 22916685 1
3895 6369 22916695 1
3982 6387 22916705 1
4045 6387 22916715 1
4078 6382 22916725 1
4090 6362 22916735 1
3566 6094 22916825 0
3532 6013 22916835 1
3521 5959 22916845 1
3521 5894 22916855 1
3533 5806 22916865 1
3561 5715 22916875 1
3591 5586 22916885 1
3627 5433 22916895 1
3664 5250 22916905 1
3701 5043 22916915 1
3734 4819 22916925 1
3754 4609 22916935 1
3764 4420 22916945 1
3764 4245 22916955 1
3752 4069 22916965 1
3724 3919 22916975 1
3668 3786 22916985 1
3591 3674 22916995 1
3500 3592 22917005 1
3382 3531 22917015 1
3245 3491 22917025 1
3095 3491 22917035 1
2953 3518 22917045 1
2853 3596 22917055 1
2781 3710 22917065 1
2767 3847 22917075 1
4958 5751 22917416 0
4891 5751 22917426 1
4863 5764 22917436 1
4842 5778 22917446 1
4842 5785 22917456 1
4836 5793 22917466 1
4852 5802 22917476 1
4879 5825 22917486 1
4939 5856 22917496 1
5062 5910 22917506 1
5228 5973 22917516 1
5444 6043 22917526 1
5671 6143 22917536 1
5905 6213 22917546 1
6080 6264 22917556 1
6234 6309 22917566 1
6373 6351 22917576 1
6478 6384 22917586 1
6548 6416 22917596 1
6594 6431 22917606 1
6601 6431 22917616 1
6572 6439 22917626 1
5915 6442 22917727 0
5868 6416 22917737 1
5844 6402 22917747 1
5826 6360 22917757 1
5794 6302 22917767 1
5753 6214 22917777 1
5688 6099 22917787 1
5604 5966 22917797 1
5508 5799 22917807 1
5397 5643 22917817 1
5264 5494 22917827 1
5115 5322 22917837 1
4984 5163 22917847 1
4872 5013 22917857 1
4772 4896 22917867 1
4693 4822 22917877 1
4658 4778 22917887 1
4653 4789 22917897 1
4686 4861 22917907 1
5387 5459 22917977 0
5613 5503 22917987 1
5659 5539 22917997 1
5695 5522 22918007 1
5724 5471 22918017 1
5747 5412 22918027 1
5760 5325 22918037 1
5767 5220 22918047 1
5767 5107 22918057 1
5761 4976 22918067 1
5751 4832 22918077 1
5739 4682 22918087 1
5729 4541 22918097 1
5722 4410 22918107 1
5722 4282 22918117 1
5722 4176 22918127 1
5732 4101 22918137 1
5738 4046 22918147 1
5738 4026 22918157 1
5738 4026 22918167 1
5733 4042 22918177 1
5717 4082 22918187 1
5600 4556 22918267 0
5619 4754 22918277 1
5645 4869 22918287 1
5709 4980 22918297 1
5799 5083 22918307 1
5903 5177 22918317 1
6021 5262 22918327 1
6149 5326 22918327 1
6285 5377 22918337 1
6393 5389 22918347 1
6482 5363 22918357 1
6538 5311 22918367 1
6568 5231 22918377 1
6581 5146 22918387 1
6605 5067 22918397 1
6648 4994 22918407 1
6703 4925 22918417 1
6790 4856 22918427 1
6886 4786 22918437 1
6988 4719 22918447 1
7070 4650 22918457 1
7102 4552 22918467 1
7102 4434 22918477 1
7053 4286 22918487 1
6980 4150 22918497 1
6891 4022 22918507 1
6791 3935 22918517 1
6694 3892 22918527 1
6624 3878 22918537 1
6571 3932 22918547 1
6551 4043 22918557 1
6585 4193 22918567 1
6654 4341 22918577 1
6812 4506 22918587 1
7014 4682 22918597 1
7245 4855 22918607 1
7500 5018 22918617 1
7656 5774 22918888 0
7667 5814 22918898 1
7667 5820 22918908 1
7667 5820 22918918 1
7673 5805 22918928 1
7679 5789 22918938 1
7679 5765 22918948 1
7684 5732 22918958 1
7684 5681 22918968 1
7684 5618 22918978 1
7684 5542 22918988 1
7704 5446 22918998 1
7740 5338 22919008 1
7788 5241 22919018 1
7865 5172 22919028 1
7966 5121 22919038 1
8083 5111 22919048 1
8253 5135 22919058 1
8449 5182 22919068 1
8663 5252 22919078 1
8873 5337 22919088 1
9074 5431 22919098 1
9232 5519 22919108 1
9364 5591 22919118 1
9469 5653 22919128 1
9534 5705 22919138 1
8990 6107 22919279 0
8990 6107 22919289 1
8990 6107 22919299 1
8990 6107 22919309 1
8998 6042 22919319 1
8998 5958 22919329 1
8990 5851 22919339 1
8990 5722 22919349 1
8990 5593 22919359 1
8990 5423 22919369 1
8990 5225 22919379 1
8974 5013 22919389 1
8952 4795 22919399 1
8931 4572 22919409 1
8912 4407 22919419 1
8898 4276 22919419 1
8887 4167 22919429 1
8875 4101 22919439 1
8859 4081 22919449 1
8840 4091 22919459 1
8508 4588 22919569 0
8381 4577 22919579 1
8312 4577 22919589 1
8264 4593 22919599 1
8248 4598 22919609 1
8248 4598 22919619 1
8265 4615 22919629 1
8329 4634 22919639 1
8422 4651 22919649 1
8546 4667 22919659 1
8684 4680 22919669 1
8832 4680 22919679 1
8983 4675 22919689 1
9101 4659 22919699 1
9197 4635 22919709 1
9268 4590 22919719 1
9303 4531 22919729 1
9314 4458 22919739 1
9284 4361 22919749 1
9213 4248 22919759 1
9114 4127 22919769 1
8992 4002 22919779 1
8860 3873 22919789 1
8721 3748 22919799 1
8645 3658 22919809 1
8606 3589 22919819 1
8591 3543 22919829 1
8627 3521 22919839 1
8732 3516 22919849 1
8882 3549 22919859 1
9085 3608 22919869 1
9313 3684 22919879 1
9558 3782 22919889 1
9794 3877 22919900 1
