137
1004 5060 31099982 0
1123 5005 31099992 1
1172 5092 31100002 1
1300 5183 31100012 1
1498 5276 31100022 1
1743 5370 31100032 1
1994 5470 31100042 1
2249 5566 31100052 1
2417 5629 31100062 1
2525 5672 31100072 1
2571 5677 31100082 1
1974 5476 31100162 0
1935 5210 31100172 1
1918 5205 31100182 1
1881 5128 31100192 1
1916 5003 31100202 1
1984 4641 31100212 1
2074 4206 31100222 1
2181 3723 31100232 1
2239 3436 31100242 1
2263 3251 31100252 1
2243 3133 31100262 1
2171 3068 31100272 1
2065 3024 31100282 1
1904 2994 31100292 1
1728 3044 31100302 1
1542 3201 31100312 1
1364 3429 31100322 1
2841 4973 31100453 0
3402 4957 31100463 1
3560 5164 31100473 1
3746 5429 31100483 1
3951 5551 31100493 1
4210 5578 31100503 1
4366 5615 31100513 1
4453 5648 31100523 1
4224 5968 31100593 0
4178 5754 31100603 1
4125 5747 31100613 1
4050 5648 31100623 1
3938 5489 31100633 1
3802 5196 31100643 1
3631 4902 31100653 1
3462 4608 31100663 1
3339 4409 31100673 1
3246 4297 31100683 1
3222 4242 31100693 1
3233 4242 31100703 1
3472 4550 31100743 0
3661 4733 31100753 1
3661 4727 31100763 1
3661 4682 31100773 1
3652 4610 31100783 1
3635 4428 31100793 1
3616 4153 31100803 1
3597 3815 31100813 1
3579 3510 31100823 1
3560 3282 31100833 1
3547 3106 31100843 1
3547 3017 31100853 1
3559 2981 31100863 1
3707 4074 31100913 0
3947 4224 31100923 1
3992 4459 31100933 1
3976 4539 31100943 1
3994 4517 31100953 1
4046 4490 31100963 1
4120 4444 31100973 1
4195 4385 31100983 1
4231 4294 31100993 1
4241 4154 31101003 1
4241 3982 31101013 1
4283 3829 31101023 1
4349 3707 31101033 1
4434 3607 31101043 1
4520 3527 31101053 1
4583 3447 31101063 1
4629 3368 31101073 1
4629 3263 31101083 1
4569 3155 31101093 1
4468 3044 31101103 1
4375 2996 31101113 1
4301 3005 31101123 1
4240 3052 31101133 1
4189 3167 31101143 1
4184 3341 31101153 1
4209 3554 31101163 1
4243 3691 31101173 1
4282 3783 31101183 1
4366 3844 31101193 1
4478 3907 31101203 1
6484 5220 31101384 0
6484 5220 31101394 1
6426 5278 31101404 1
6365 5249 31101414 1
6310 5160 31101424 1
6239 5030 31101434 1
6157 4822 31101444 1
6106 4612 31101454 1
6106 4423 31101464 1
6132 4249 31101474 1
6231 4177 31101484 1
6389 4169 31101494 1
6586 4205 31101504 1
6784 4281 31101514 1
6974 4372 31101524 1
7103 4473 31101534 1
7153 5101 31101604 0
7063 4920 31101614 1
6991 4849 31101624 1
6906 4658 31101634 1
6813 4375 31101644 1
6745 4032 31101654 1
6709 3724 31101664 1
6693 3545 31101674 1
6698 3452 31101684 1
6309 3654 31101755 0
6256 3531 31101765 1
6223 3557 31101775 1
6254 3670 31101785 1
6327 3684 31101795 1
6537 3704 31101805 1
6750 3728 31101815 1
6964 3734 31101825 1
7050 3696 31101835 1
7074 3629 31101845 1
7056 3511 31101855 1
6970 3351 31101865 1
6881 3162 31101875 1
6790 3060 31101885 1
6760 3001 31101895 1
6760 2972 31101905 1
6791 2947 31101915 1
6884 2952 31101925 1
7015 2977 31101935 1
7171 3056 31101945 1
7396 3166 31101955 1
