233
1806 5384 21555558 0
1832 5285 21555568 1
1800 5293 21555578 1
1787 5354 21555588 1
1787 5354 21555598 1
1787 5378 21555608 1
1813 5416 21555618 1
1861 5495 21555628 1
1926 5587 21555638 1
2037 5689 21555648 1
2199 5791 21555658 1
2394 5890 21555668 1
2638 5988 21555678 1
2882 6051 21555688 1
3121 6097 21555698 1
3357 6131 21555708 1
3569 6145 21555718 1
3738 6135 21555728 1
3877 6109 21555738 1
3952 6062 21555748 1
3988 6003 21555758 1
3176 5615 21555909 0
3162 5530 21555919 1
3042 5513 21555929 1
2966 5504 21555939 1
2901 5438 21555949 1
2843 5369 21555959 1
2786 5294 21555969 1
2745 5226 21555979 1
2715 5163 21555989 1
2699 5099 21555999 1
2686 5029 21556009 1
2679 4952 21556019 1
2679 4871 21556029 1
2679 4791 21556039 1
2696 4721 21556049 1
2717 4657 21556059 1
2740 4593 21556069 1
2761 4535 21556079 1
2772 4482 21556089 1
2778 4436 21556099 1
2785 4388 21556109 1
2817 4310 21556119 1
2865 4214 21556129 1
2954 4086 21556139 1
3028 3934 21556149 1
3091 3766 21556159 1
3108 3603 21556169 1
3090 3448 21556179 1
3048 3299 21556189 1
2971 3141 21556199 1
2874 3012 21556209 1
2763 2903 21556219 1
2650 2855 21556229 1
2566 2855 21556239 1
2500 2887 21556249 1
4301 4513 21556529 0
4250 4442 21556539 1
4156 4485 21556549 1
4029 4518 21556559 1
4090 4549 21556569 1
4276 4589 21556579 1
4546 4636 21556589 1
4835 4670 21556599 1
5087 4714 21556609 1
5313 4764 21556619 1
5541 4831 21556629 1
5122 5204 21556810 0
5102 5000 21556820 1
4968 4953 21556830 1
4857 4825 21556840 1
4762 4643 21556850 1
4639 4461 21556860 1
4510 4249 21556870 1
4378 4018 21556880 1
4285 3850 21556890 1
4255 3757 21556900 1
4599 4100 21557020 0
4674 4121 21557030 1
4633 4127 21557040 1
4633 4152 21557050 1
4650 4191 21557060 1
4724 4191 21557070 1
4799 4191 21557080 1
4846 4180 21557090 1
4875 4157 21557100 1
4887 4125 21557110 1
4887 4074 21557120 1
4867 4011 21557130 1
4845 3953 21557140 1
4823 3894 21557150 1
4803 3836 21557160 1
4785 3781 21557170 1
4767 3728 21557180 1
4767 3670 21557190 1
4773 3606 21557200 1
4801 3528 21557210 1
4830 3426 21557220 1
4863 3308 21557230 1
4881 3179 21557240 1
4888 3058 21557250 1
4883 2950 21557260 1
4875 2849 21557270 1
4865 2754 21557280 1
4847 2685 21557290 1
4826 2634 21557300 1
4803 2594 21557310 1
5336 3838 21557481 0
5419 3885 21557491 1
5350 3939 21557501 1
5362 3939 21557511 1
5429 3960 21557521 1
5495 3986 21557531 1
5554 3995 21557541 1
5595 3995 21557551 1
5625 3995 21557561 1
5656 3960 21557571 1
5688 3907 21557581 1
5706 3820 21557591 1
5713 3728 21557601 1
5690 3648 21557611 1
5645 3578 21557621 1
5584 3506 21557631 1
5521 3444 21557641 1
5463 3388 21557651 1
5431 3342 21557661 1
5415 3304 21557671 1
5438 3271 21557681 1
5488 3223 21557691 1
5556 3174 21557701 1
5607 3130 21557711 1
5639 3089 21557721 1
5657 3023 21557731 1
5649 2929 21557741 1
5618 2817 21557751 1
5571 2665 21557761 1
5498 2529 21557771 1
5409 2405 21557781 1
5310 2319 21557791 1
5231 2293 21557801 1
5187 2306 21557811 1
5166 2362 21557821 1
5191 2461 21557831 1
5263 2590 21557841 1
5365 2730 21557851 1
5481 2864 21557861 1
5602 2994 21557871 1
5729 3085 21557881 1
5854 3146 21557891 1
7219 4870 21558312 0
7166 4892 21558322 1
7130 4922 21558332 1
7102 4907 21558342 1
7079 4863 21558352 1
7039 4792 21558362 1
6999 4730 21558372 1
6960 4675 21558382 1
6931 4623 21558392 1
6905 4568 21558402 1
6883 4499 21558412 1
6863 4422 21558422 1
6863 4343 21558432 1
6869 4276 21558442 1
6902 4217 21558452 1
6941 4175 21558462 1
6997 4144 21558472 1
7061 4121 21558482 1
7135 4096 21558492 1
7212 4071 21558502 1
7313 4044 21558512 1
7429 4036 21558522 1
7574 4036 21558532 1
7745 4054 21558542 1
7934 4067 21558552 1
8085 4075 21558562 1
8212 4075 21558572 1
8322 4075 21558582 1
8398 4052 21558592 1
8450 4021 21558602 1
8487 3979 21558612 1
8502 3926 21558622 1
8510 3865 21558632 1
8510 3828 21558642 1
8515 3812 21558652 1
8515 3812 21558662 1
8515 3812 21558672 1
8037 4629 21558793 0
8073 4522 21558803 1
8001 4489 21558813 1
7934 4438 21558823 1
7874 4332 21558833 1
7830 4190 21558843 1
7795 4021 21558853 1
7754 3837 21558863 1
7713 3644 21558873 1
7673 3490 21558883 1
7631 3354 21558893 1
7588 3230 21558903 1
7533 3131 21558913 1
7480 3055 21558923 1
7429 2995 21558933 1
7404 2964 21558943 1
7098 3193 21559153 0
7132 3253 21559163 1
7104 3298 21559173 1
7111 3355 21559183 1
7123 3377 21559193 1
7161 3406 21559203 1
7214 3441 21559213 1
7326 3468 21559223 1
7455 3468 21559233 1
7596 3456 21559243 1
7710 3424 21559253 1
7790 3388 21559263 1
7848 3354 21559273 1
7861 3324 21559283 1
7841 3288 21559293 1
7799 3225 21559303 1
7716 3145 21559313 1
7617 3034 21559323 1
7507 2917 21559333 1
7407 2801 21559343 1
7339 2688 21559353 1
7292 2608 21559363 1
7302 2539 21559373 1
7370 2478 21559383 1
7477 2438 21559393 1
7585 2416 21559403 1
7687 2406 21559413 1
7761 2406 21559423 1
7818 2406 21559433 1
7867 2423 21559443 1
7898 2429 21559453 1
