190
2640 5003 44443466 0
2594 4943 44443476 1
2564 4936 44443486 1
2564 4927 44443496 1
2591 4918 44443506 1
2644 4928 44443516 1
2754 4951 44443526 1
2906 5017 44443536 1
3087 5098 44443546 1
3328 5188 44443556 1
3574 5407 44443566 1
3793 5551 44443576 1
3991 5646 44443586 1
4124 5685 44443596 1
4197 5685 44443606 1
3525 5258 44443696 0
3467 5176 44443706 1
3458 5171 44443716 1
3474 5182 44443726 1
3506 5144 44443736 1
3572 5057 44443746 1
3659 4937 44443756 1
3761 4720 44443766 1
3830 4500 44443776 1
3886 4255 44443786 1
3933 3993 44443796 1
3970 3798 44443806 1
3983 3651 44443816 1
3983 3535 44443826 1
3932 3418 44443836 1
3851 3303 44443846 1
3747 3205 44443856 1
3577 3118 44443866 1
3407 3056 44443876 1
3251 3030 44443886 1
3103 3030 44443896 1
2978 3052 44443906 1
2900 3086 44443916 1
2854 3126 44443926 1
2854 3170 44443936 1
4988 4926 44444197 0
4924 4799 44444207 1
4924 4868 44444217 1
4951 4875 44444227 1
5079 4919 44444237 1
5216 4988 44444247 1
5359 5090 44444257 1
5546 5194 44444267 1
5731 5299 44444277 1
5860 5380 44444287 1
5951 5427 44444297 1
5994 5452 44444307 1
6004 5459 44444317 1
5593 5793 44444427 0
5593 5793 44444437 1
5589 5756 44444447 1
5565 5689 44444457 1
5531 5548 44444467 1
5423 5357 44444477 1
5317 5134 44444487 1
5198 4887 44444497 1
5068 4639 44444507 1
4957 4423 44444517 1
4864 4229 44444527 1
4784 4095 44444537 1
4713 3979 44444547 1
4645 3874 44444557 1
4598 3768 44444567 1
4563 3705 44444577 1
5342 4562 44444908 0
5363 4494 44444918 1
5363 4482 44444928 1
5344 4364 44444938 1
5329 4176 44444948 1
5303 3978 44444958 1
5268 3775 44444968 1
5241 3570 44444978 1
5241 3430 44444988 1
5256 3335 44444998 1
5276 3271 44445008 1
5281 3214 44445018 1
5275 3184 44445028 1
5275 3173 44445038 1
5275 3173 44445048 1
5696 4616 44445308 0
5763 4626 44445318 1
5816 4691 44445328 1
5887 4747 44445338 1
5971 4798 44445348 1
6080 4855 44445358 1
6155 4867 44445368 1
6185 4850 44445378 1
6197 4794 44445388 1
6189 4703 44445398 1
6123 4588 44445408 1
6054 4468 44445418 1
5984 4377 44445428 1
5951 4305 44445438 1
5936 4262 44445448 1
5936 4230 44445458 1
5941 4206 44445469 1
5967 4176 44445479 1
6005 4144 44445489 1
6064 4095 44445499 1
6122 4037 44445509 1
6179 3943 44445519 1
6211 3802 44445529 1
6211 3630 44445539 1
6201 3488 44445549 1
6186 3360 44445559 1
6155 3241 44445569 1
6112 3160 44445579 1
6086 3119 44445589 1
6060 3106 44445599 1
6035 3127 44445609 1
6007 3205 44445619 1
5977 3321 44445629 1
5977 3482 44445639 1
6014 3655 44445649 1
6066 3835 44445659 1
6146 4005 44445669 1
6229 4128 44445679 1
6320 4220 44445689 1
6414 4270 44445699 1
7329 5236 44446801 0
7414 5239 44446811 1
7377 5257 44446821 1
7355 5237 44446831 1
7343 5155 44446841 1
7302 5032 44446851 1
7261 4845 44446861 1
7261 4683 44446871 1
7293 4538 44446881 1
7379 4453 44446891 1
7506 4418 44446901 1
7660 4418 44446911 1
7851 4439 44446921 1
8018 4478 44446931 1
8170 4527 44446941 1
8321 4583 44446951 1
8423 4637 44446961 1
8492 4674 44446971 1
8524 4701 44446981 1
8524 4728 44446991 1
8165 5437 44447121 0
8162 5327 44447131 1
8132 5293 44447141 1
8109 5173 44447151 1
8092 5015 44447161 1
8085 4831 44447171 1
8085 4638 44447181 1
8094 4442 44447191 1
8109 4242 44447201 1
8123 4040 44447211 1
8132 3878 44447221 1
8139 3742 44447231 1
8139 3623 44447241 1
8139 3522 44447251 1
8121 3419 44447261 1
8079 3314 44447271 1
8042 3216 44447281 1
8010 3148 44447291 1
7765 3577 44447431 0
7712 3599 44447441 1
7707 3651 44447451 1
7715 3703 44447461 1
7749 3757 44447471 1
7852 3842 44447481 1
8001 3946 44447491 1
8173 4027 44447501 1
8339 4061 44447511 1
8501 4061 44447521 1
8578 4003 44447531 1
8594 3900 44447541 1
8568 3770 44447551 1
8475 3605 44447561 1
8347 3411 44447571 1
8195 3197 44447581 1
8114 3068 44447591 1
8078 2992 44447601 1
8071 2951 44447611 1
8077 2925 44447621 1
8107 2925 44447631 1
8154 2945 44447641 1
8254 3005 44447651 1
8370 3084 44447661 1
8497 3175 44447671 1
8615 3267 44447681 1
8694 3308 44447691 1
8746 3315 44447701 1
