467
2965 5191 33765812 0
2965 5191 33765822 1
2965 5191 33765832 1
2965 5191 33765842 1
2965 5191 33765852 1
2965 5191 33765862 1
2965 5191 33765872 1
2965 5191 33765882 1
2965 5191 33765892 1
2995 5182 33765902 1
3015 5151 33765912 1
3040 5107 33765922 1
3065 5061 33765932 1
3086 5016 33765942 1
3108 4978 33765952 1
3129 4946 33765962 1
3153 4924 33765972 1
3179 4910 33765982 1
3211 4901 33765992 1
3246 4901 33766002 1
3282 4920 33766012 1
3327 4945 33766022 1
3377 4984 33766032 1
3436 5031 33766042 1
3500 5084 33766052 1
3584 5140 33766062 1
3680 5206 33766072 1
3791 5278 33766082 1
3894 5349 33766092 1
3992 5420 33766102 1
4096 5488 33766112 1
4204 5550 33766122 1
4307 5609 33766133 1
4405 5665 33766143 1
4503 5722 33766153 1
4604 5785 33766163 1
4711 5852 33766173 1
4809 5921 33766183 1
4899 5976 33766193 1
4976 6023 33766203 1
5035 6057 33766213 1
5083 6085 33766223 1
5106 6096 33766233 1
5112 6096 33766243 1
5106 6096 33766253 1
5106 6096 33766263 1
5099 6073 33766273 1
4301 5480 33766553 0
4332 5480 33766563 1
4332 5480 33766573 1
4332 5480 33766583 1
4337 5480 33766593 1
4337 5471 33766603 1
4345 5463 33766613 1
4351 5433 33766623 1
4356 5401 33766633 1
4356 5361 33766643 1
4362 5314 33766653 1
4362 5262 33766663 1
4367 5199 33766673 1
4367 5128 33766683 1
4376 5056 33766693 1
4381 4979 33766703 1
4388 4890 33766713 1
4394 4794 33766723 1
4401 4698 33766733 1
4408 4608 33766743 1
4413 4522 33766753 1
4418 4436 33766763 1
4418 4349 33766773 1
4427 4261 33766783 1
4434 4165 33766793 1
4442 4069 33766803 1
4454 3972 33766813 1
4468 3876 33766823 1
4483 3773 33766833 1
4496 3671 33766843 1
4507 3584 33766853 1
4512 3506 33766863 1
4512 3423 33766873 1
4512 3341 33766883 1
4512 3263 33766893 1
4512 3186 33766903 1
4504 3123 33766913 1
4498 3062 33766923 1
4490 3003 33766933 1
4483 2950 33766943 1
4470 2897 33766953 1
4454 2845 33766963 1
4438 2810 33766973 1
4423 2784 33766983 1
4399 2765 33766993 1
4369 2751 33767003 1
4314 2736 33767013 1
4242 2720 33767023 1
4159 2704 33767033 1
4082 2685 33767043 1
4019 2672 33767053 1
3964 2664 33767063 1
3924 2670 33767064 1
3878 2696 33767074 1
3828 2735 33767084 1
3774 2818 33767094 1
3708 2923 33767104 1
3634 3042 33767114 1
3571 3141 33767124 1
3532 3198 33767134 1
3510 3228 33767144 1
3502 3235 33767154 1
3497 3235 33767164 1
3497 3235 33767174 1
3497 3241 33767184 1
3502 3241 33767194 1
3512 3241 33767204 1
5898 5275 33767875 0
5898 5275 33767885 1
5898 5275 33767895 1
5898 5275 33767905 1
5898 5275 33767915 1
5898 5275 33767925 1
5866 5233 33767935 1
5859 5196 33767945 1
5859 5137 33767955 1
5859 5073 33767965 1
5870 5014 33767975 1
5886 4960 33767985 1
5906 4918 33767995 1
5928 4890 33768005 1
5951 4871 33768015 1
5972 4866 33768025 1
5992 4872 33768035 1
6025 4886 33768045 1
6062 4927 33768055 1
6107 4972 33768065 1
6158 5020 33768075 1
6213 5063 33768085 1
6276 5102 33768095 1
6338 5134 33768105 1
6398 5163 33768115 1
6461 5187 33768125 1
6525 5206 33768135 1
6591 5219 33768145 1
6657 5229 33768155 1
6726 5238 33768165 1
6801 5247 33768175 1
6880 5255 33768185 1
6957 5264 33768195 1
7032 5279 33768205 1
7116 5300 33768215 1
7209 5332 33768225 1
7308 5368 33768235 1
7408 5408 33768245 1
7485 5438 33768255 1
7547 5456 33768265 1
7579 5465 33768275 1
7601 5470 33768285 1
7616 5475 33768295 1
7622 5475 33768305 1
7622 5475 33768315 1
7622 5475 33768325 1
7622 5475 33768335 1
7595 5470 33768345 1
7027 6073 33768546 0
7027 6073 33768556 1
7027 6073 33768566 1
7027 6073 33768576 1
6994 6029 33768586 1
6980 6000 33768596 1
6961 5945 33768606 1
6926 5873 33768616 1
6881 5783 33768626 1
6822 5691 33768636 1
6765 5599 33768646 1
6713 5492 33768656 1
6669 5380 33768666 1
6627 5263 33768676 1
6588 5146 33768686 1
6553 5017 33768696 1
6499 4883 33768706 1
6431 4743 33768716 1
6380 4621 33768726 1
6331 4511 33768736 1
6285 4394 33768746 1
6238 4273 33768756 1
6189 4146 33768766 1
6131 4015 33768776 1
6075 3888 33768786 1
6020 3763 33768796 1
5970 3659 33768806 1
5927 3580 33768816 1
5893 3518 33768826 1
5865 3462 33768836 1
5845 3421 33768846 1
5831 3389 33768856 1
5822 3361 33768866 1
5822 3346 33768876 1
5816 3341 33768886 1
5816 3341 33768896 1
5821 3349 33768906 1
5828 3359 33768916 1
6252 4044 33769177 0
6252 4044 33769187 1
6252 4044 33769197 1
6252 4044 33769207 1
6224 4046 33769217 1
6218 4053 33769227 1
6213 4063 33769237 1
6213 4063 33769247 1
6213 4072 33769257 1
6213 4077 33769267 1
6219 4077 33769277 1
6232 4086 33769287 1
6254 4093 33769297 1
6281 4087 33769307 1
6315 4078 33769317 1
6352 4060 33769327 1
6389 4036 33769337 1
6426 4004 33769347 1
6464 3965 33769357 1
6504 3920 33769367 1
6543 3863 33769377 1
6584 3798 33769387 1
6621 3720 33769397 1
6656 3640 33769407 1
6682 3559 33769417 1
6692 3468 33769427 1
6692 3360 33769437 1
6678 3242 33769447 1
6655 3109 33769457 1
6625 2985 33769467 1
6606 2868 33769477 1
6591 2754 33769487 1
6584 2638 33769497 1
6584 2536 33769507 1
6584 2446 33769517 1
6589 2364 33769527 1
6589 2296 33769537 1
6589 2237 33769547 1
6595 2209 33769557 1
6595 2199 33769567 1
6595 2199 33769577 1
6595 2205 33769587 1
6588 2241 33769597 1
6588 2299 33769607 1
6547 3679 33770058 0
6547 3679 33770068 1
6547 3679 33770078 1
6547 3679 33770088 1
6547 3679 33770098 1
6547 3679 33770108 1
6557 3654 33770118 1
6565 3647 33770128 1
6572 3647 33770138 1
6586 3647 33770148 1
6606 3661 33770158 1
6632 3684 33770168 1
6658 3720 33770178 1
6685 3765 33770188 1
6713 3820 33770198 1
6747 3879 33770208 1
6790 3940 33770219 1
6839 3998 33770229 1
6888 4054 33770239 1
6938 4105 33770249 1
6985 4151 33770259 1
7029 4194 33770269 1
7081 4235 33770279 1
7136 4274 33770289 1
7198 4314 33770299 1
7267 4349 33770309 1
7341 4381 33770319 1
7418 4409 33770329 1
7482 4431 33770339 1
7539 4442 33770349 1
7579 4442 33770359 1
7601 4442 33770369 1
7610 4433 33770379 1
7617 4415 33770389 1
7617 4390 33770399 1
7617 4355 33770409 1
7617 4316 33770419 1
7617 4271 33770429 1
7609 4225 33770439 1
7590 4177 33770449 1
7566 4127 33770459 1
7538 4078 33770469 1
7511 4028 33770479 1
7489 3978 33770489 1
7473 3927 33770499 1
7459 3876 33770509 1
7446 3824 33770519 1
7433 3767 33770529 1
7422 3710 33770539 1
7410 3657 33770549 1
7399 3607 33770559 1
7392 3560 33770569 1
7392 3515 33770579 1
7392 3471 33770589 1
7392 3433 33770599 1
7407 3395 33770609 1
7423 3357 33770619 1
7449 3314 33770629 1
7483 3270 33770639 1
7526 3224 33770649 1
7573 3174 33770659 1
7623 3127 33770669 1
7665 3082 33770679 1
7702 3033 33770689 1
7738 2984 33770699 1
7764 2934 33770709 1
7784 2882 33770719 1
7799 2830 33770729 1
7808 2778 33770739 1
7813 2723 33770749 1
7813 2675 33770759 1
7808 2633 33770769 1
7799 2592 33770779 1
7785 2554 33770789 1
7763 2519 33770799 1
7737 2485 33770809 1
7709 2454 33770819 1
7675 2425 33770829 1
7637 2399 33770839 1
7597 2379 33770849 1
7551 2363 33770859 1
7499 2358 33770869 1
7444 2358 33770879 1
7404 2372 33770889 1
7369 2389 33770899 1
7348 2416 33770909 1
7334 2449 33770919 1
7334 2498 33770929 1
7360 2566 33770939 1
7398 2647 33770949 1
7461 2760 33770959 1
7550 2889 33770969 1
7655 3028 33770979 1
7773 3171 33770989 1
7879 3284 33770999 1
7976 3376 33771009 1
8051 3444 33771019 1
8118 3495 33771029 1
8179 3536 33771039 1
8219 3554 33771049 1
8236 3566 33771060 1
8236 3566 33771070 1
8236 3566 33771080 1
8236 3566 33771090 1
8236 3566 33771100 1
8703 5085 33772001 0
8727 5117 33772011 1
8733 5138 33772021 1
8733 5153 33772031 1
8733 5158 33772041 1
8733 5158 33772051 1
8733 5158 33772061 1
8723 5147 33772071 1
8709 5095 33772081 1
8674 5017 33772091 1
8639 4925 33772101 1
8603 4828 33772111 1
8576 4739 33772121 1
8566 4658 33772131 1
8566 4582 33772141 1
8577 4507 33772151 1
8605 4442 33772161 1
8645 4383 33772171 1
8709 4340 33772181 1
8796 4315 33772191 1
8898 4302 33772201 1
9019 4310 33772211 1
9137 4317 33772221 1
9254 4324 33772231 1
9376 4330 33772241 1
9496 4338 33772251 1
9599 4347 33772261 1
9691 4358 33772271 1
9772 4376 33772281 1
9851 4399 33772291 1
9928 4424 33772301 1
9989 4445 33772311 1
10020 4459 33772321 1
10032 4468 33772331 1
10032 4468 33772341 1
10021 4468 33772351 1
10006 4468 33772361 1
9975 4459 33772371 1
9943 4444 33772381 1
9415 5104 33772612 0
9446 5110 33772622 1
9446 5122 33772632 1
9438 5130 33772642 1
9438 5130 33772652 1
9438 5122 33772662 1
9428 5117 33772672 1
9416 5062 33772682 1
9398 4975 33772692 1
9377 4851 33772702 1
9355 4708 33772712 1
9335 4552 33772722 1
9310 4387 33772732 1
9282 4206 33772742 1
9257 4014 33772752 1
9231 3824 33772762 1
9208 3637 33772772 1
9193 3478 33772782 1
9184 3338 33772792 1
9184 3200 33772802 1
9184 3105 33772812 1
9184 3040 33772822 1
9184 3006 33772832 1
9189 2996 33772842 1
9189 3001 33772852 1
9189 3013 33772862 1
9189 3050 33772872 1
9200 3103 33772882 1
9207 3153 33772892 1
8974 3423 33773043 0
8927 3372 33773053 1
8877 3372 33773063 1
8853 3397 33773073 1
8834 3397 33773083 1
8834 3402 33773093 1
8834 3402 33773103 1
8834 3409 33773113 1
8853 3421 33773123 1
8882 3438 33773133 1
8944 3470 33773143 1
9008 3512 33773153 1
9093 3561 33773163 1
9191 3620 33773173 1
9314 3684 33773183 1
9437 3752 33773193 1
9555 3796 33773203 1
9639 3821 33773213 1
9705 3834 33773223 1
9754 3834 33773233 1
9791 3821 33773243 1
9819 3793 33773253 1
9834 3754 33773263 1
9834 3694 33773273 1
9822 3621 33773283 1
9792 3539 33773293 1
9747 3454 33773303 1
9692 3364 33773313 1
9631 3266 33773323 1
9566 3162 33773333 1
9498 3051 33773343 1
9426 2934 33773353 1
9353 2793 33773363 1
9279 2636 33773373 1
9226 2503 33773383 1
9177 2379 33773393 1
9159 2261 33773403 1
9159 2182 33773403 1
9203 2121 33773413 1
9276 2071 33773423 1
9367 2058 33773433 1
9510 2101 33773443 1
9681 2182 33773453 1
9871 2299 33773463 1
10081 2431 33773473 1
10272 2574 33773483 1
10420 2677 33773493 1
10544 2775 33773503 1
10601 2835 33773513 1
10614 2871 33773523 1
