416
2433 5640 33709411 0
2399 5611 33709421 1
2382 5639 33709431 1
2370 5639 33709441 1
2370 5631 33709451 1
2370 5631 33709461 1
2370 5631 33709471 1
2370 5631 33709481 1
2370 5631 33709491 1
2370 5631 33709501 1
2376 5625 33709511 1
2390 5625 33709521 1
2426 5620 33709531 1
2477 5628 33709541 1
2545 5642 33709551 1
2619 5666 33709561 1
2700 5694 33709571 1
2780 5725 33709581 1
2856 5749 33709591 1
2933 5770 33709601 1
3010 5787 33709611 1
3083 5798 33709621 1
3155 5807 33709631 1
3221 5814 33709641 1
3289 5820 33709651 1
3361 5833 33709661 1
3439 5849 33709671 1
3520 5870 33709681 1
3603 5894 33709691 1
3690 5920 33709701 1
3762 5940 33709711 1
3823 5959 33709721 1
3883 5974 33709731 1
3946 5990 33709741 1
4015 6015 33709751 1
4089 6047 33709761 1
4167 6079 33709771 1
4247 6110 33709781 1
4310 6136 33709791 1
4364 6159 33709801 1
4407 6176 33709811 1
4451 6192 33709821 1
4496 6207 33709831 1
4549 6226 33709841 1
4603 6242 33709851 1
4647 6256 33709861 1
4683 6264 33709871 1
4691 6264 33709881 1
4691 6264 33709891 1
4678 6256 33709901 1
4657 6237 33709911 1
4634 6207 33709921 1
3752 5767 33710132 0
3753 5741 33710142 1
3740 5741 33710152 1
3740 5753 33710162 1
3740 5736 33710172 1
3740 5717 33710182 1
3740 5680 33710192 1
3745 5632 33710202 1
3751 5565 33710212 1
3751 5476 33710222 1
3751 5372 33710232 1
3751 5257 33710242 1
3751 5151 33710252 1
3759 5052 33710262 1
3773 4944 33710272 1
3793 4833 33710282 1
3818 4726 33710292 1
3844 4623 33710302 1
3872 4529 33710312 1
3897 4435 33710322 1
3920 4337 33710332 1
3944 4238 33710342 1
3977 4140 33710352 1
3990 4052 33710362 1
3990 3968 33710372 1
4000 3884 33710382 1
4007 3799 33710392 1
4007 3713 33710402 1
4007 3638 33710412 1
3998 3580 33710422 1
3981 3533 33710432 1
3957 3493 33710442 1
3923 3452 33710452 1
3881 3419 33710462 1
3833 3393 33710472 1
3772 3377 33710482 1
3701 3377 33710492 1
3594 3393 33710502 1
3472 3433 33710512 1
3339 3491 33710522 1
3211 3560 33710532 1
3090 3642 33710542 1
3012 3727 33710552 1
2959 3814 33710562 1
2936 3886 33710572 1
2936 3959 33710582 1
2948 4032 33710592 1
5478 5640 33711144 0
5478 5640 33711154 1
5478 5640 33711164 1
5447 5628 33711174 1
5432 5596 33711184 1
5413 5548 33711194 1
5401 5490 33711204 1
5395 5439 33711214 1
5400 5403 33711224 1
5412 5378 33711234 1
5429 5365 33711244 1
5453 5352 33711254 1
5494 5352 33711264 1
5546 5352 33711274 1
5617 5373 33711284 1
5713 5413 33711294 1
5826 5468 33711304 1
5939 5529 33711314 1
6056 5591 33711324 1
6174 5653 33711334 1
6291 5686 33711344 1
6404 5715 33711354 1
6505 5735 33711364 1
6599 5751 33711374 1
6683 5764 33711384 1
6767 5776 33711394 1
6848 5788 33711404 1
6913 5797 33711414 1
6970 5806 33711424 1
7014 5814 33711434 1
7043 5822 33711444 1
7062 5829 33711454 1
7077 5834 33711464 1
7077 5834 33711474 1
7067 5834 33711484 1
6434 6430 33711674 0
6469 6463 33711684 1
6457 6486 33711694 1
6421 6486 33711704 1
6421 6486 33711714 1
6421 6486 33711724 1
6421 6475 33711734 1
6404 6427 33711744 1
6383 6353 33711754 1
6352 6264 33711764 1
6311 6172 33711774 1
6263 6073 33711784 1
6210 5968 33711794 1
6157 5852 33711804 1
6104 5730 33711814 1
6049 5604 33711824 1
5992 5476 33711834 1
5933 5332 33711844 1
5875 5179 33711845 1
5817 5053 33711855 1
5758 4926 33711865 1
5699 4800 33711875 1
5651 4692 33711885 1
5598 4596 33711895 1
5541 4488 33711905 1
5489 4382 33711915 1
5441 4294 33711925 1
5412 4219 33711935 1
5393 4172 33711945 1
5382 4146 33711955 1
5375 4133 33711965 1
5375 4133 33711975 1
5375 4133 33711985 1
5901 4865 33712155 0
5876 4847 33712165 1
5826 4840 33712175 1
5780 4840 33712185 1
5758 4840 33712195 1
5749 4827 33712205 1
5755 4827 33712215 1
5764 4812 33712225 1
5790 4785 33712235 1
5826 4758 33712245 1
5867 4730 33712255 1
5910 4698 33712265 1
5955 4660 33712275 1
6000 4602 33712285 1
6047 4531 33712295 1
6088 4430 33712305 1
6126 4306 33712315 1
6157 4167 33712325 1
6181 4021 33712335 1
6199 3858 33712345 1
6208 3685 33712355 1
6208 3541 33712365 1
6191 3396 33712375 1
6179 3275 33712385 1
6172 3170 33712395 1
6172 3092 33712405 1
6172 3038 33712415 1
6172 3001 33712425 1
6179 2990 33712435 1
6179 2990 33712445 1
6179 3001 33712455 1
6179 3047 33712465 1
6266 4157 33712856 0
6266 4157 33712866 1
6266 4157 33712876 1
6266 4157 33712886 1
6266 4157 33712896 1
6259 4194 33712906 1
6259 4216 33712916 1
6281 4250 33712926 1
6313 4293 33712936 1
6354 4339 33712946 1
6394 4384 33712956 1
6434 4429 33712966 1
6479 4475 33712976 1
6528 4528 33712986 1
6586 4585 33712996 1
6650 4641 33713006 1
6722 4696 33713016 1
6798 4745 33713026 1
6874 4788 33713036 1
6940 4822 33713046 1
6998 4847 33713056 1
7059 4863 33713066 1
7120 4874 33713076 1
7180 4879 33713086 1
7239 4879 33713096 1
7289 4879 33713106 1
7334 4858 33713116 1
7360 4833 33713126 1
7367 4793 33713136 1
7361 4748 33713146 1
7342 4697 33713156 1
7311 4644 33713166 1
7273 4587 33713176 1
7225 4528 33713186 1
7177 4469 33713196 1
7129 4403 33713206 1
7085 4337 33713216 1
7045 4269 33713226 1
7014 4201 33713236 1
6987 4133 33713246 1
6973 4070 33713256 1
6968 4010 33713266 1
6974 3946 33713276 1
6985 3880 33713286 1
7003 3812 33713297 1
7021 3744 33713307 1
7038 3684 33713317 1
7050 3629 33713327 1
7050 3570 33713337 1
7050 3512 33713347 1
7037 3462 33713357 1
7020 3418 33713367 1
6999 3382 33713377 1
6971 3357 33713387 1
6926 3339 33713397 1
6869 3331 33713407 1
6800 3340 33713417 1
6733 3360 33713427 1
6682 3390 33713437 1
6640 3438 33713447 1
6618 3498 33713457 1
6618 3584 33713467 1
6637 3695 33713477 1
6682 3822 33713487 1
6750 3934 33713497 1
6834 4031 33713507 1
6923 4117 33713517 1
7014 4200 33713527 1
7107 4285 33713537 1
7202 4367 33713547 1
7297 4443 33713557 1
7393 4500 33713567 1
7479 4546 33713577 1
7560 4584 33713587 1
7633 4621 33713597 1
7685 4655 33713607 1
7722 4682 33713617 1
7738 4703 33713627 1
7744 4718 33713637 1
7744 4727 33713647 1
7744 4727 33713657 1
7734 4727 33713667 1
8179 5874 33714358 0
8179 5846 33714368 1
8171 5846 33714378 1
8171 5865 33714388 1
8166 5865 33714398 1
8166 5853 33714408 1
8159 5843 33714418 1
8148 5795 33714428 1
8132 5726 33714438 1
8117 5643 33714448 1
8097 5575 33714458 1
8073 5465 33714468 1
8053 5327 33714478 1
8035 5189 33714488 1
8035 5070 33714498 1
8051 4963 33714508 1
8088 4882 33714518 1
8146 4823 33714528 1
8217 4778 33714538 1
8303 4778 33714548 1
8410 4808 33714558 1
8532 4862 33714568 1
8669 4944 33714578 1
8816 5023 33714588 1
8969 5101 33714598 1
9066 5151 33714609 1
9137 5196 33714619 1
9191 5228 33714629 1
9218 5251 33714639 1
9229 5263 33714649 1
9229 5269 33714659 1
9229 5269 33714669 1
9229 5269 33714679 1
8848 6039 33714959 0
8848 6039 33714969 1
8813 6052 33714979 1
8804 6052 33714989 1
8795 6039 33714999 1
8787 6034 33715009 1
8778 6012 33715019 1
8764 5979 33715029 1
8746 5916 33715039 1
8725 5840 33715049 1
8701 5755 33715059 1
8675 5688 33715069 1
8668 5625 33715079 1
8643 5566 33715089 1
8607 5509 33715099 1
8588 5449 33715109 1
8565 5369 33715119 1
8539 5276 33715129 1
8506 5162 33715139 1
8475 5043 33715149 1
8446 4906 33715159 1
8434 4759 33715169 1
8426 4632 33715179 1
8426 4499 33715189 1
8426 4356 33715199 1
8426 4206 33715209 1
8432 4053 33715219 1
8437 3933 33715229 1
8443 3838 33715239 1
8452 3761 33715249 1
8458 3702 33715259 1
8463 3670 33715269 1
8463 3655 33715279 1
8463 3655 33715289 1
8463 3655 33715299 1
8463 3666 33715309 1
8463 3699 33715319 1
8463 3758 33715329 1
8130 4267 33715500 0
8061 4287 33715510 1
8023 4313 33715520 1
7986 4313 33715530 1
7968 4326 33715540 1
7962 4342 33715550 1
7969 4362 33715560 1
8003 4399 33715570 1
8056 4448 33715580 1
8122 4491 33715590 1
8190 4532 33715600 1
8278 4569 33715610 1
8378 4603 33715620 1
8481 4630 33715630 1
8584 4651 33715640 1
8689 4667 33715650 1
8784 4674 33715660 1
8873 4674 33715670 1
8945 4674 33715680 1
8987 4660 33715690 1
9009 4641 33715700 1
9024 4620 33715710 1
9024 4580 33715720 1
9016 4527 33715730 1
9001 4466 33715740 1
8981 4404 33715750 1
8958 4341 33715760 1
8928 4273 33715770 1
8889 4208 33715780 1
8845 4146 33715790 1
8790 4069 33715800 1
8726 3988 33715810 1
8656 3892 33715820 1
8600 3789 33715830 1
8545 3685 33715840 1
8495 3594 33715850 1
8444 3512 33715860 1
8395 3421 33715870 1
8345 3331 33715880 1
8321 3251 33715890 1
8312 3177 33715900 1
8327 3127 33715910 1
8358 3092 33715920 1
8400 3066 33715930 1
8449 3059 33715940 1
8502 3076 33715950 1
8561 3109 33715960 1
8627 3158 33715970 1
8701 3210 33715980 1
8781 3263 33715990 1
8864 3313 33716000 1
8949 3362 33716010 1
9028 3411 33716020 1
9104 3470 33716030 1
9199 3536 33716040 1
9300 3613 33716050 1
9409 3687 33716060 1
9522 3760 33716070 1
9595 3810 33716080 1
9631 3835 33716090 1
9643 3843 33716100 1
9643 3848 33716110 1
9635 3848 33716120 1
9630 3848 33716130 1
