186
2466 5229 44481881 0
2529 5204 44481891 1
2542 5199 44481901 1
2552 5199 44481911 1
2677 5176 44481921 1
2853 5186 44481931 1
3063 5217 44481941 1
3347 5294 44481951 1
3629 5386 44481961 1
3909 5489 44481971 1
4111 5542 44481981 1
4248 5568 44481991 1
4342 5576 44482001 1
4375 5562 44482011 1
4355 5514 44482021 1
3759 5276 44482091 0
3754 5230 44482101 1
3766 5230 44482111 1
3775 5209 44482121 1
3790 5138 44482131 1
3813 5035 44482141 1
3836 4851 44482151 1
3855 4590 44482161 1
3874 4279 44482171 1
3889 3930 44482181 1
3902 3655 44482191 1
3909 3430 44482201 1
3894 3305 44482211 1
3863 3207 44482221 1
3807 3128 44482231 1
3715 3067 44482241 1
3598 3040 44482251 1
3467 3040 44482261 1
3332 3082 44482271 1
3195 3178 44482281 1
3050 3307 44482291 1
2944 3443 44482301 1
2863 3569 44482311 1
2831 3626 44482321 1
5140 4744 44482562 0
5112 4667 44482572 1
5075 4708 44482582 1
5035 4719 44482592 1
5042 4710 44482602 1
5120 4718 44482612 1
5244 4778 44482622 1
5453 4874 44482632 1
5677 4995 44482642 1
5910 5113 44482652 1
6083 5213 44482662 1
6225 5303 44482672 1
6345 5358 44482682 1
6388 5393 44482692 1
6395 5415 44482702 1
5936 5746 44482822 0
5933 5775 44482832 1
5910 5820 44482842 1
5893 5810 44482852 1
5854 5741 44482862 1
5800 5632 44482872 1
5711 5445 44482882 1
5618 5200 44482892 1
5522 4917 44482902 1
5463 4609 44482912 1
5382 4352 44482922 1
5285 4128 44482932 1
5223 3976 44482942 1
5155 3830 44482952 1
5072 3689 44482962 1
4981 3579 44482972 1
4897 3500 44482982 1
4825 3442 44482992 1
4760 3432 44483002 1
5448 4376 44483183 0
5553 4220 44483193 1
5498 4262 44483203 1
5498 4134 44483213 1
5487 3948 44483223 1
5473 3724 44483233 1
5455 3491 44483243 1
5441 3285 44483253 1
5441 3097 44483263 1
5451 2967 44483273 1
5463 2884 44483283 1
5473 2832 44483293 1
5478 2814 44483303 1
5478 2836 44483313 1
5490 2885 44483323 1
5983 4411 44483623 0
6102 4416 44483633 1
6092 4487 44483643 1
6144 4565 44483653 1
6236 4607 44483663 1
6336 4649 44483673 1
6403 4662 44483683 1
6449 4655 44483693 1
6483 4620 44483703 1
6477 4548 44483713 1
6444 4451 44483723 1
6399 4354 44483733 1
6359 4278 44483743 1
6342 4215 44483753 1
6342 4172 44483763 1
6359 4130 44483773 1
6402 4089 44483783 1
6460 4018 44483793 1
6535 3939 44483803 1
6611 3855 44483813 1
6669 3733 44483823 1
6714 3596 44483833 1
6714 3450 44483843 1
6675 3297 44483853 1
6620 3179 44483863 1
6567 3085 44483873 1
6516 3038 44483883 1
6472 3038 44483893 1
6429 3072 44483903 1
6384 3172 44483913 1
6373 3329 44483923 1
6400 3525 44483933 1
6451 3680 44483943 1
6532 3839 44483953 1
6630 4001 44483963 1
6740 4111 44483973 1
6840 4180 44483983 1
6919 4223 44483993 1
8188 4796 44484515 0
8218 4873 44484525 1
8184 4960 44484535 1
8166 5005 44484545 1
8138 5022 44484555 1
8103 4999 44484565 1
8045 4900 44484575 1
8008 4751 44484585 1
7984 4609 44484595 1
8010 4495 44484605 1
8076 4399 44484615 1
8169 4336 44484625 1
8349 4306 44484635 1
8505 4297 44484645 1
8646 4302 44484655 1
8771 4321 44484665 1
8867 4349 44484675 1
8943 4395 44484685 1
8688 5265 44484805 0
8669 5223 44484815 1
8651 5223 44484825 1
8637 5145 44484835 1
8619 5010 44484845 1
8598 4836 44484855 1
8574 4647 44484865 1
8552 4454 44484875 1
8537 4256 44484885 1
8526 4055 44484895 1
8526 3897 44484905 1
8526 3761 44484915 1
8520 3640 44484925 1
8514 3538 44484935 1
8505 3443 44484945 1
8493 3353 44484955 1
8482 3279 44484965 1
8233 3554 44485136 0
8287 3621 44485146 1
8320 3689 44485156 1
8404 3759 44485166 1
8512 3826 44485176 1
8636 3890 44485186 1
8743 3911 44485196 1
8807 3861 44485206 1
8841 3765 44485216 1
8811 3635 44485226 1
8730 3447 44485236 1
8615 3220 44485246 1
8508 3016 44485256 1
8447 2893 44485266 1
8417 2825 44485276 1
8417 2790 44485286 1
8441 2777 44485296 1
8479 2777 44485306 1
8565 2837 44485316 1
8679 2922 44485326 1
8811 3025 44485336 1
8956 3143 44485346 1
9086 3230 44485356 1
9166 3296 44485366 1
9217 3321 44485376 1
