241
1393 5245 21525485 0
1393 5245 21525495 1
1353 5330 21525505 1
1373 5352 21525515 1
1442 5411 21525525 1
1544 5496 21525535 1
1701 5610 21525545 1
1880 5736 21525555 1
2073 5869 21525565 1
2271 5977 21525575 1
2444 6050 21525585 1
2599 6101 21525595 1
2737 6130 21525605 1
2435 5774 21525725 0
2368 5706 21525735 1
2325 5729 21525745 1
2295 5724 21525755 1
2277 5701 21525765 1
2235 5641 21525775 1
2177 5554 21525785 1
2100 5449 21525795 1
2010 5306 21525805 1
1912 5163 21525815 1
1842 5055 21525825 1
1823 4970 21525835 1
1839 4922 21525845 1
1885 4872 21525855 1
1953 4830 21525865 1
2036 4793 21525875 1
2118 4761 21525885 1
2199 4726 21525895 1
2273 4689 21525905 1
2343 4624 21525915 1
2387 4521 21525925 1
2395 4394 21525935 1
2379 4223 21525945 1
2336 4072 21525955 1
2288 3934 21525965 1
2237 3829 21525975 1
2187 3752 21525985 1
2135 3694 21525995 1
2078 3671 21526005 1
2019 3685 21526015 1
1958 3723 21526025 1
1898 3812 21526035 1
3544 5661 21526416 0
3489 5603 21526426 1
3445 5603 21526436 1
3438 5632 21526446 1
3455 5615 21526456 1
3488 5594 21526466 1
3547 5577 21526476 1
3649 5565 21526486 1
3779 5578 21526496 1
3916 5603 21526506 1
4090 5636 21526516 1
4289 5675 21526526 1
4482 5714 21526536 1
4659 5751 21526546 1
4824 5790 21526556 1
4923 5824 21526566 1
4428 6112 21526707 0
4526 6089 21526717 1
4485 6110 21526727 1
4467 6139 21526737 1
4467 6113 21526747 1
4435 6057 21526757 1
4396 5981 21526767 1
4349 5872 21526777 1
4296 5753 21526787 1
4230 5628 21526797 1
4155 5484 21526807 1
4061 5329 21526817 1
3966 5168 21526827 1
3870 5032 21526837 1
3786 4908 21526847 1
3705 4793 21526857 1
3633 4706 21526867 1
3583 4652 21526877 1
4022 5160 21527037 0
4002 5076 21527047 1
3966 5076 21527057 1
3956 5117 21527067 1
3961 5117 21527077 1
3969 5112 21527087 1
3982 5106 21527097 1
4006 5101 21527107 1
4052 5095 21527117 1
4112 5086 21527127 1
4169 5073 21527137 1
4207 5057 21527147 1
4231 5036 21527157 1
4244 5017 21527167 1
4244 4996 21527177 1
4233 4971 21527187 1
4207 4924 21527197 1
4163 4863 21527207 1
4108 4773 21527217 1
4041 4698 21527227 1
3974 4632 21527237 1
3941 4588 21527247 1
3931 4564 21527257 1
3938 4553 21527267 1
3968 4519 21527277 1
4014 4482 21527287 1
4062 4439 21527297 1
4097 4378 21527307 1
4124 4305 21527317 1
4131 4209 21527327 1
4117 4102 21527337 1
4088 3988 21527347 1
4055 3872 21527357 1
4024 3772 21527367 1
3998 3682 21527377 1
3982 3640 21527387 1
3977 3631 21527397 1
3977 3643 21527407 1
3960 3675 21527417 1
3942 3702 21527427 1
4413 4707 21527568 0
4484 4774 21527578 1
4494 4801 21527588 1
4494 4809 21527598 1
4532 4830 21527608 1
4603 4861 21527618 1
4702 4921 21527628 1
4802 4961 21527638 1
4903 4988 21527648 1
4975 4980 21527658 1
5022 4946 21527668 1
5053 4895 21527678 1
5065 4834 21527688 1
5058 4774 21527698 1
5039 4712 21527708 1
4986 4645 21527718 1
4906 4566 21527728 1
4807 4480 21527738 1
4723 4406 21527748 1
4687 4340 21527758 1
4687 4292 21527768 1
4704 4241 21527778 1
4735 4183 21527788 1
4774 4120 21527798 1
4808 4040 21527808 1
4830 3948 21527818 1
4845 3833 21527828 1
4838 3710 21527838 1
4814 3581 21527848 1
4778 3482 21527858 1
4734 3411 21527868 1
4676 3360 21527878 1
4608 3337 21527888 1
4525 3324 21527898 1
4429 3318 21527908 1
4323 3318 21527918 1
4237 3339 21527928 1
4201 3373 21527938 1
4201 3448 21527948 1
4277 3566 21527958 1
4405 3712 21527968 1
4566 3888 21527978 1
4740 4008 21527988 1
4867 4090 21527998 1
4962 4129 21528008 1
5951 4982 21528419 0
6059 5004 21528429 1
6041 5058 21528439 1
6041 5058 21528449 1
6031 5058 21528459 1
6011 5021 21528469 1
5945 4960 21528479 1
5861 4874 21528489 1
5765 4797 21528499 1
5699 4725 21528509 1
5669 4680 21528519 1
5662 4635 21528529 1
5662 4591 21528539 1
5669 4538 21528549 1
5680 4487 21528559 1
5700 4439 21528569 1
5732 4390 21528579 1
5804 4349 21528589 1
5902 4313 21528599 1
6045 4305 21528609 1
6214 4305 21528619 1
6399 4311 21528629 1
6555 4334 21528639 1
6699 4366 21528649 1
6834 4404 21528659 1
6938 4442 21528669 1
7015 4462 21528679 1
7075 4470 21528689 1
7098 4463 21528699 1
7110 4456 21528709 1
7115 4449 21528719 1
7115 4449 21528729 1
7105 4441 21528739 1
7094 4441 21528749 1
7078 4441 21528759 1
7062 4441 21528769 1
6803 4841 21528900 0
6812 4764 21528910 1
6768 4758 21528920 1
6731 4701 21528930 1
6697 4602 21528940 1
6667 4474 21528950 1
6642 4369 21528960 1
6579 4220 21528970 1
6490 4043 21528980 1
6413 3874 21528990 1
6341 3751 21529000 1
6299 3659 21529010 1
6276 3620 21529020 1
5873 3957 21529170 0
5841 3924 21529180 1
5820 3929 21529190 1
5847 3936 21529200 1
5907 3936 21529210 1
6080 3936 21529220 1
6249 3936 21529230 1
6415 3928 21529240 1
6583 3920 21529250 1
6703 3905 21529260 1
6792 3881 21529270 1
6825 3849 21529280 1
6808 3792 21529290 1
6757 3720 21529300 1
6660 3639 21529310 1
6525 3534 21529320 1
6365 3412 21529330 1
6168 3180 21529340 1
5975 2993 21529350 1
5825 2835 21529360 1
5702 2703 21529370 1
5702 2659 21529380 1
5819 2674 21529390 1
6022 2768 21529400 1
6357 2874 21529410 1
6690 2989 21529420 1
7022 3053 21529430 1
7202 3087 21529440 1
