124
1736 4236 31106822 0
1894 4258 31106832 1
1957 4417 31106842 1
2151 4599 31106852 1
2458 4746 31106862 1
2839 4871 31106872 1
3186 4943 31106882 1
3396 5011 31106892 1
3014 4866 31106982 0
3023 4585 31106992 1
2979 4537 31107002 1
2973 4308 31107012 1
2993 3958 31107022 1
3024 3518 31107032 1
3057 3138 31107042 1
3067 2799 31107052 1
3059 2619 31107062 1
2995 2514 31107072 1
2850 2458 31107082 1
2650 2401 31107092 1
2397 2414 31107102 1
2146 2473 31107112 1
1902 2632 31107122 1
4879 4726 31107293 0
5136 4669 31107303 1
5196 4786 31107313 1
5303 4931 31107323 1
5491 5020 31107333 1
5734 5084 31107343 1
5924 5131 31107353 1
6035 5143 31107363 1
5976 5479 31107433 0
5866 5322 31107443 1
5770 5298 31107453 1
5653 5173 31107463 1
5523 4980 31107473 1
5378 4649 31107483 1
5224 4299 31107493 1
5065 3937 31107503 1
4939 3620 31107513 1
4835 3418 31107523 1
4745 3294 31107533 1
5122 4022 31107623 0
5348 3989 31107633 1
5379 3903 31107643 1
5379 3746 31107653 1
5402 3415 31107663 1
5402 3036 31107673 1
5393 2624 31107683 1
5373 2378 31107693 1
5355 2229 31107703 1
5338 2144 31107713 1
5343 2144 31107723 1
5329 3381 31107783 0
5591 3806 31107793 1
5760 3978 31107803 1
5915 4182 31107813 1
6028 4257 31107823 1
6113 4246 31107833 1
6180 4191 31107843 1
6219 4105 31107853 1
6238 3998 31107863 1
6247 3837 31107873 1
6264 3671 31107883 1
6345 3528 31107893 1
6465 3402 31107903 1
6595 3257 31107913 1
6681 3136 31107923 1
6738 3030 31107933 1
6724 2910 31107943 1
6651 2770 31107953 1
6538 2618 31107963 1
6442 2542 31107973 1
6369 2529 31107983 1
6310 2557 31107993 1
6239 2648 31108003 1
6202 2796 31108013 1
6188 2981 31108023 1
6208 3130 31108033 1
6280 3288 31108043 1
6387 3453 31108053 1
6540 3598 31108063 1
8233 4939 31108194 0
8265 4958 31108204 1
8180 5008 31108214 1
8126 4872 31108224 1
8126 4613 31108234 1
8154 4299 31108244 1
8326 4073 31108254 1
8503 3905 31108264 1
8731 3870 31108274 1
8991 3898 31108284 1
9164 3968 31108294 1
9283 4079 31108304 1
9366 4210 31108314 1
9246 4863 31108374 0
9101 4557 31108384 1
9006 4419 31108394 1
8912 4135 31108404 1
8808 3754 31108414 1
8736 3404 31108424 1
8684 3108 31108434 1
8662 2848 31108444 1
8643 2696 31108454 1
8632 2645 31108464 1
8297 3111 31108524 0
8339 3069 31108534 1
8396 3192 31108544 1
8511 3273 31108554 1
8681 3325 31108564 1
8888 3319 31108574 1
9047 3263 31108584 1
9105 3173 31108594 1
9095 3043 31108604 1
8990 2839 31108614 1
8842 2587 31108624 1
8666 2387 31108634 1
8570 2237 31108644 1
8552 2121 31108654 1
8585 2061 31108664 1
8712 2052 31108674 1
8926 2077 31108684 1
9198 2193 31108694 1
9520 2360 31108704 1
