120
1499 5252 31133020 0
1552 5175 31133030 1
1707 5279 31133040 1
1947 5461 31133050 1
2217 5640 31133060 1
2516 5818 31133070 1
2834 5893 31133080 1
2691 5744 31133160 0
2603 5607 31133170 1
2551 5540 31133180 1
2523 5433 31133190 1
2558 5113 31133200 1
2627 4668 31133210 1
2732 4140 31133220 1
2786 3683 31133230 1
2807 3403 31133240 1
2777 3241 31133250 1
2703 3133 31133260 1
2599 3057 31133270 1
2442 3002 31133280 1
2272 2989 31133290 1
3542 5015 31133420 0
4300 4935 31133430 1
4510 5104 31133440 1
4809 5222 31133450 1
5167 5306 31133460 1
5448 5369 31133470 1
5641 5430 31133480 1
5776 5489 31133490 1
5108 6089 31133701 0
5041 5502 31133711 1
4888 5491 31133721 1
4716 5280 31133731 1
4530 4936 31133741 1
4416 4485 31133751 1
4292 4143 31133761 1
4161 3875 31133771 1
4070 3740 31133781 1
4032 3735 31133791 1
4513 4706 31133851 0
4777 4585 31133861 1
4796 4546 31133871 1
4733 4565 31133881 1
4668 4270 31133891 1
4623 3873 31133901 1
4591 3409 31133911 1
4582 3057 31133921 1
4589 2846 31133931 1
4606 2729 31133941 1
4791 4059 31134011 0
5093 4367 31134021 1
5268 4513 31134031 1
5286 4661 31134041 1
5313 4670 31134051 1
5346 4586 31134061 1
5399 4460 31134071 1
5411 4312 31134081 1
5396 4150 31134091 1
5396 3993 31134101 1
5441 3842 31134111 1
5515 3694 31134121 1
5631 3581 31134131 1
5735 3479 31134141 1
5830 3385 31134151 1
5846 3289 31134161 1
5785 3193 31134171 1
5673 3100 31134181 1
5507 3011 31134191 1
5366 3011 31134201 1
5241 3084 31134211 1
5199 3205 31134221 1
5269 3389 31134231 1
5413 3581 31134241 1
5600 3778 31134251 1
5799 3958 31134261 1
6005 4083 31134271 1
7295 5659 31134572 0
7599 5297 31134582 1
7632 5278 31134592 1
7590 5167 31134602 1
7538 4994 31134612 1
7489 4638 31134622 1
7551 4313 31134662 0
7820 4655 31134672 1
7935 4770 31134682 1
8026 4870 31134692 1
8121 4911 31134702 1
8252 4945 31134712 1
8407 4974 31134722 1
8574 5035 31134732 1
8611 5558 31134802 0
8503 5422 31134812 1
8427 5306 31134822 1
8334 5041 31134832 1
8280 4673 31134842 1
8252 4237 31134852 1
8240 3884 31134862 1
8208 3672 31134872 1
8176 3554 31134882 1
8148 3514 31134892 1
7857 3610 31134932 0
7761 3552 31134942 1
7776 3565 31134952 1
7805 3607 31134962 1
7984 3666 31134972 1
8234 3750 31134982 1
8531 3850 31134992 1
8716 3832 31135002 1
8819 3725 31135012 1
8866 3558 31135022 1
8784 3311 31135032 1
8646 3061 31135042 1
8471 2808 31135052 1
8333 2642 31135062 1
8279 2546 31135072 1
8279 2498 31135082 1
8370 2469 31135093 1
8545 2506 31135103 1
8777 2588 31135113 1
9081 2768 31135123 1
