230
3585 2618 35895404 0
3589 2566 35895414 1
3548 2561 35895424 1
3524 2571 35895434 1
3524 2571 35895444 1
3524 2580 35895454 1
3566 2602 35895464 1
3648 2669 35895474 1
3760 2759 35895484 1
3859 2865 35895494 1
3952 2943 35895504 1
4041 2991 35895514 1
4098 3019 35895524 1
4121 3019 35895534 1
4121 2985 35895544 1
4116 2929 35895554 1
4104 2802 35895564 1
4087 2651 35895574 1
4087 2484 35895584 1
4093 2308 35895594 1
4112 2130 35895604 1
4139 1951 35895614 1
4162 1807 35895624 1
4177 1683 35895634 1
4187 1573 35895644 1
4195 1512 35895654 1
4203 1483 35895664 1
4216 1476 35895674 1
4235 1484 35895684 1
4267 1538 35895694 1
4308 1624 35895704 1
4355 1739 35895714 1
4407 1850 35895724 1
4716 2457 35895885 0
4716 2483 35895895 1
4705 2493 35895905 1
4694 2493 35895915 1
4694 2487 35895925 1
4694 2445 35895935 1
4709 2380 35895945 1
4725 2263 35895955 1
4742 2125 35895965 1
4747 1972 35895975 1
4747 1855 35895985 1
4742 1777 35895995 1
4742 1725 35896005 1
4742 1707 35896015 1
4753 1714 35896025 1
4762 1737 35896035 1
4796 1833 35896045 1
4830 1951 35896055 1
4856 2085 35896065 1
4876 2219 35896075 1
4902 2320 35896085 1
4925 2399 35896095 1
4945 2440 35896105 1
4965 2454 35896115 1
4987 2454 35896125 1
5011 2403 35896135 1
5044 2323 35896145 1
5061 2220 35896155 1
5066 2114 35896165 1
5066 2036 35896175 1
5066 1976 35896185 1
5066 1954 35896195 1
5066 1949 35896205 1
5075 1956 35896215 1
5084 1990 35896225 1
5099 2063 35896235 1
5114 2163 35896245 1
5129 2287 35896255 1
5159 2408 35896265 1
5199 2490 35896275 1
5246 2548 35896285 1
5283 2556 35896295 1
5318 2517 35896305 1
5355 2448 35896315 1
5384 2341 35896325 1
5408 2239 35896335 1
5428 2140 35896345 1
5442 2074 35896355 1
5454 2040 35896365 1
5465 2028 35896375 1
5465 2028 35896385 1
5474 2060 35896395 1
5481 2106 35896405 1
5493 2193 35896415 1
5510 2304 35896425 1
5537 2430 35896435 1
5594 2561 35896445 1
5669 2692 35896455 1
5771 2783 35896465 1
5863 2849 35896475 1
5947 2874 35896485 1
6009 2869 35896495 1
6051 2844 35896505 1
6080 2820 35896515 1
6093 2798 35896525 1
6099 2788 35896535 1
6099 2788 35896545 1
6094 2788 35896555 1
6074 2788 35896565 1
6045 2788 35896575 1
6006 2788 35896585 1
5970 2762 35896595 1
5936 2717 35896605 1
5905 2622 35896615 1
5871 2508 35896625 1
5841 2381 35896635 1
5813 2257 35896645 1
5793 2170 35896655 1
5793 2107 35896665 1
5793 2083 35896675 1
5808 2083 35896685 1
5823 2090 35896695 1
5858 2155 35896705 1
5906 2257 35896715 1
5955 2383 35896725 1
6000 2520 35896735 1
6041 2660 35896745 1
6085 2802 35896755 1
6114 2873 35896765 1
6132 2898 35896775 1
6132 2893 35896785 1
6132 2876 35896795 1
6132 2806 35896805 1
6125 2700 35896815 1
6115 2600 35896825 1
6115 2497 35896836 1
6115 2387 35896846 1
6123 2299 35896856 1
6134 2225 35896866 1
6148 2194 35896876 1
6158 2184 35896886 1
6166 2189 35896896 1
6188 2229 35896906 1
6213 2302 35896916 1
6242 2396 35896926 1
6279 2511 35896936 1
6328 2636 35896946 1
6393 2767 35896956 1
6468 2846 35896966 1
6539 2894 35896976 1
6600 2921 35896986 1
6653 2928 35896996 1
6693 2928 35897006 1
6721 2928 35897016 1
6741 2928 35897026 1
6752 2928 35897036 1
6768 2928 35897046 1
6786 2942 35897056 1
6813 2958 35897066 1
6837 2971 35897076 1
6848 2981 35897086 1
6848 2981 35897096 1
6848 2981 35897106 1
6848 2981 35897116 1
6843 2981 35897126 1
6836 2974 35897136 1
6823 2974 35897146 1
6804 2967 35897156 1
6780 2960 35897166 1
6742 2946 35897176 1
6704 2922 35897186 1
6663 2860 35897196 1
6621 2774 35897206 1
6578 2648 35897216 1
6538 2538 35897226 1
6518 2440 35897236 1
6511 2376 35897246 1
6520 2337 35897256 1
6532 2314 35897266 1
6549 2314 35897276 1
6572 2334 35897286 1
6609 2378 35897296 1
6654 2455 35897306 1
6706 2553 35897316 1
6760 2665 35897326 1
6818 2808 35897336 1
6879 2918 35897346 1
6922 3007 35897356 1
6953 3046 35897366 1
6961 3059 35897376 1
6961 3054 35897386 1
6955 3047 35897396 1
6942 3005 35897406 1
6926 2940 35897416 1
6907 2832 35897426 1
6898 2688 35897436 1
6898 2520 35897446 1
6914 2337 35897456 1
6933 2117 35897466 1
6952 1872 35897476 1
6970 1614 35897486 1
6979 1408 35897496 1
6979 1237 35897506 1
6979 1095 35897516 1
6971 993 35897526 1
6953 919 35897536 1
6931 879 35897546 1
6911 873 35897556 1
6874 889 35897566 1
6825 924 35897576 1
6773 988 35897586 1
6743 1072 35897596 1
6727 1219 35897606 1
6768 1435 35897616 1
6865 1698 35897626 1
6999 2001 35897636 1
7181 2305 35897646 1
7357 2609 35897656 1
7529 2790 35897666 1
7620 2910 35897676 1
7669 2989 35897686 1
7689 3053 35897696 1
7701 3112 35897706 1
7694 3152 35897716 1
7674 3181 35897726 1
7648 3181 35897736 1
7610 3117 35897746 1
7563 3014 35897756 1
7529 2865 35897766 1
7500 2695 35897776 1
7525 2511 35897786 1
7585 2430 35897796 1
7700 2417 35897806 1
7890 2449 35897816 1
8131 2566 35897826 1
8434 2726 35897836 1
8739 2915 35897846 1
