218
5594 3916 29295758 0
5444 3891 29295768 1
5347 3899 29295778 1
5324 3899 29295788 1
5318 3899 29295798 1
5324 3899 29295808 1
5341 3891 29295818 1
5406 3891 29295828 1
5503 3902 29295838 1
5609 3924 29295848 1
5713 3951 29295858 1
5800 3982 29295868 1
5876 4007 29295878 1
5935 4032 29295888 1
5972 4056 29295898 1
5993 4062 29295908 1
5993 4062 29295918 1
5993 4062 29295928 1
5984 4014 29295938 1
5960 3936 29295948 1
5907 3742 29295958 1
5834 3568 29295968 1
5733 3408 29295978 1
5632 3217 29295988 1
5546 3062 29295998 1
5469 2932 29296008 1
5415 2852 29296018 1
5391 2815 29296028 1
5391 2807 29296038 1
5391 2812 29296048 1
5391 2812 29296058 1
5391 2812 29296068 1
5409 2812 29296078 1
5462 2827 29296088 1
5541 2869 29296098 1
5654 2933 29296108 1
5793 3013 29296118 1
5948 3108 29296128 1
6091 3203 29296138 1
6224 3298 29296148 1
6349 3386 29296158 1
6444 3468 29296168 1
6493 3505 29296178 1
6511 3516 29296188 1
6511 3516 29296198 1
6511 3501 29296208 1
6486 3485 29296218 1
6451 3358 29296228 1
6420 3245 29296238 1
6385 3142 29296248 1
6348 3056 29296258 1
6337 2994 29296268 1
6328 2949 29296278 1
6328 2938 29296288 1
6335 2938 29296298 1
6346 2952 29296308 1
6403 3023 29296318 1
6490 3145 29296328 1
6566 3300 29296338 1
6643 3451 29296348 1
6687 3519 29296358 1
6708 3533 29296368 1
6708 3533 29296378 1
6708 3522 29296388 1
6708 3509 29296398 1
6708 3454 29296408 1
6700 3366 29296418 1
6684 3255 29296428 1
6691 3193 29296438 1
6691 3132 29296448 1
6684 3071 29296458 1
6684 3064 29296468 1
6689 3064 29296478 1
6689 3069 29296488 1
6689 3069 29296498 1
6697 3135 29296508 1
6739 3245 29296518 1
6804 3335 29296528 1
6867 3410 29296538 1
6893 3476 29296548 1
6893 3493 29296558 1
6893 3493 29296568 1
6893 3493 29296578 1
6903 3475 29296588 1
6914 3412 29296598 1
6922 3316 29296608 1
6922 3220 29296618 1
6913 3153 29296628 1
6921 3106 29296638 1
6928 3071 29296648 1
6935 3061 29296658 1
6959 3069 29296668 1
7013 3098 29296678 1
7086 3169 29296688 1
7184 3269 29296698 1
7287 3370 29296708 1
7394 3464 29296718 1
7471 3548 29296728 1
7512 3599 29296738 1
7529 3630 29296748 1
7529 3630 29296758 1
7509 3630 29296768 1
7481 3630 29296778 1
7441 3591 29296788 1
7391 3513 29296798 1
7334 3408 29296808 1
7299 3325 29296818 1
7287 3272 29296828 1
7287 3238 29296838 1
7297 3209 29296848 1
7312 3209 29296858 1
7361 3219 29296868 1
7431 3287 29296878 1
7528 3380 29296888 1
7626 3489 29296898 1
7689 3581 29296908 1
7729 3617 29296918 1
7729 3617 29296928 1
7729 3617 29296938 1
7708 3602 29296948 1
7679 3558 29296958 1
7649 3494 29296968 1
7642 3450 29296978 1
7650 3411 29296988 1
7657 3376 29296998 1
7683 3356 29297008 1
7721 3351 29297018 1
7775 3351 29297028 1
7834 3377 29297038 1
7909 3419 29297048 1
7992 3475 29297058 1
8068 3552 29297068 1
8145 3644 29297078 1
8219 3746 29297088 1
8253 3820 29297098 1
8261 3846 29297108 1
8261 3839 29297118 1
8252 3847 29297128 1
8245 3855 29297138 1
8237 3860 29297148 1
8229 3860 29297158 1
8221 3860 29297168 1
8194 3855 29297178 1
8155 3837 29297188 1
8106 3791 29297198 1
8059 3728 29297208 1
8014 3654 29297218 1
7993 3578 29297228 1
7993 3506 29297238 1
8013 3444 29297248 1
8052 3421 29297258 1
8096 3421 29297268 1
8142 3450 29297278 1
8233 3513 29297288 1
8293 3598 29297298 1
8333 3655 29297308 1
8338 3707 29297318 1
8324 3753 29297328 1
8296 3776 29297338 1
8283 3782 29297348 1
8276 3782 29297358 1
8276 3737 29297368 1
8233 3669 29297378 1
8197 3550 29297388 1
8162 3427 29297398 1
8144 3260 29297408 1
8126 3066 29297418 1
8111 2845 29297428 1
8096 2677 29297438 1
8088 2545 29297448 1
8080 2456 29297458 1
8070 2406 29297468 1
8059 2383 29297478 1
8038 2359 29297488 1
7995 2336 29297498 1
7937 2312 29297508 1
7872 2312 29297518 1
7827 2319 29297528 1
7796 2339 29297538 1
7760 2377 29297548 1
7737 2426 29297558 1
7722 2472 29297568 1
7722 2523 29297578 1
7733 2578 29297588 1
7782 2715 29297598 1
7857 2834 29297608 1
7999 2941 29297618 1
8149 3085 29297628 1
8304 3243 29297638 1
8472 3411 29297648 1
8593 3541 29297658 1
8682 3644 29297668 1
8735 3728 29297678 1
8750 3754 29297688 1
8740 3774 29297698 1
8724 3786 29297708 1
8703 3795 29297718 1
8678 3804 29297728 1
8651 3813 29297738 1
8629 3813 29297748 1
8605 3813 29297758 1
8577 3813 29297768 1
8564 3798 29297778 1
8556 3742 29297788 1
8556 3658 29297798 1
8601 3581 29297808 1
8692 3531 29297818 1
8810 3498 29297828 1
8982 3515 29297838 1
9151 3566 29297848 1
9318 3640 29297858 1
9425 3678 29297868 1
9465 3690 29297878 1
9459 3684 29297888 1
9459 3684 29297898 1
9451 3684 29297908 1
9430 3684 29297918 1
9397 3684 29297928 1
