262
2789 3789 64332475 0
2789 3789 64332485 1
2764 3830 64332495 1
2764 3865 64332505 1
2773 3900 64332515 1
2785 3939 64332525 1
2800 3973 64332535 1
2839 4006 64332545 1
2892 4045 64332555 1
2954 4087 64332565 1
3013 4119 64332575 1
3058 4146 64332585 1
3095 4162 64332595 1
3116 4172 64332605 1
3127 4172 64332615 1
3132 4172 64332625 1
3132 4172 64332635 1
3141 4143 64332645 1
3148 4103 64332655 1
3148 4034 64332665 1
3148 3938 64332675 1
3148 3823 64332685 1
3148 3685 64332695 1
3159 3544 64332705 1
3170 3401 64332715 1
3180 3217 64332725 1
3191 3053 64332735 1
3206 2902 64332745 1
3222 2789 64332755 1
3240 2710 64332765 1
3257 2654 64332775 1
3271 2633 64332785 1
3283 2633 64332795 1
3298 2633 64332805 1
3333 2683 64332815 1
3381 2772 64332825 1
3429 2889 64332835 1
3477 2990 64332845 1
3527 3087 64332855 1
3573 3177 64332865 1
3610 3261 64332875 1
3640 3317 64332885 1
3660 3354 64332895 1
3670 3366 64332905 1
3670 3373 64332915 1
3670 3373 64332925 1
3670 3373 64332935 1
3670 3373 64332945 1
3670 3367 64332955 1
3663 3360 64332965 1
3657 3360 64332975 1
3657 3360 64332985 1
3657 3360 64332995 1
3657 3372 64333005 1
3657 3386 64333015 1
3657 3397 64333025 1
3657 3404 64333035 1
3657 3404 64333045 1
3666 3398 64333055 1
3684 3387 64333065 1
3711 3350 64333075 1
3736 3297 64333085 1
3759 3223 64333095 1
3776 3151 64333105 1
3789 3080 64333115 1
3800 3025 64333125 1
3809 2992 64333135 1
3809 2975 64333145 1
3809 2975 64333155 1
3814 2988 64333165 1
3814 3011 64333175 1
3832 3078 64333185 1
3854 3155 64333195 1
3868 3240 64333205 1
3884 3320 64333215 1
3903 3379 64333225 1
3927 3424 64333235 1
3956 3449 64333245 1
3991 3458 64333255 1
4028 3458 64333256 1
4065 3435 64333266 1
4097 3395 64333276 1
4125 3343 64333286 1
4142 3284 64333296 1
4152 3229 64333306 1
4157 3189 64333316 1
4163 3157 64333326 1
4163 3139 64333336 1
4163 3134 64333346 1
4163 3139 64333356 1
4168 3151 64333366 1
4173 3196 64333376 1
4193 3264 64333386 1
4222 3337 64333396 1
4251 3405 64333406 1
4282 3453 64333416 1
4316 3490 64333426 1
4351 3512 64333436 1
4379 3529 64333446 1
4404 3529 64333456 1
4426 3523 64333466 1
4449 3498 64333476 1
4472 3458 64333486 1
4489 3408 64333496 1
4502 3352 64333506 1
4520 3295 64333516 1
4542 3251 64333526 1
4575 3217 64333536 1
4615 3201 64333546 1
4664 3201 64333556 1
4724 3222 64333566 1
4787 3269 64333576 1
4843 3334 64333586 1
4886 3412 64333596 1
4924 3496 64333606 1
4944 3577 64333616 1
4953 3652 64333626 1
4953 3708 64333636 1
4940 3753 64333646 1
4912 3780 64333656 1
4874 3780 64333666 1
4820 3757 64333676 1
4765 3715 64333686 1
4710 3670 64333696 1
4681 3620 64333706 1
4671 3566 64333716 1
4671 3508 64333726 1
4695 3460 64333736 1
4722 3417 64333746 1
4762 3390 64333756 1
4803 3380 64333766 1
4843 3380 64333776 1
4888 3407 64333786 1
4932 3451 64333796 1
4967 3508 64333806 1
4996 3561 64333816 1
5013 3611 64333826 1
5013 3652 64333836 1
5013 3672 64333846 1
5013 3681 64333856 1
5008 3681 64333866 1
5008 3681 64333876 1
5008 3659 64333886 1
5008 3625 64333896 1
5014 3590 64333906 1
5038 3554 64333916 1
5076 3515 64333926 1
5122 3492 64333936 1
5177 3478 64333946 1
5236 3478 64333956 1
5303 3503 64333966 1
5369 3536 64333976 1
5425 3582 64333986 1
5473 3634 64333996 1
5506 3690 64334006 1
5529 3753 64334016 1
5544 3817 64334026 1
5544 3883 64334036 1
5533 3935 64334046 1
5511 3965 64334056 1
5493 3981 64334066 1
5469 3981 64334076 1
5441 3971 64334086 1
5425 3951 64334096 1
5414 3916 64334106 1
5414 3870 64334116 1
5414 3821 64334126 1
5431 3770 64334136 1
5452 3718 64334146 1
5482 3686 64334156 1
5523 3667 64334166 1
5572 3667 64334176 1
5627 3687 64334186 1
5680 3721 64334196 1
5723 3787 64334206 1
5761 3853 64334216 1
5775 3919 64334226 1
5775 3973 64334236 1
5756 4022 64334246 1
5739 4048 64334256 1
5724 4061 64334266 1
5714 4061 64334276 1
5705 4051 64334286 1
5696 4017 64334296 1
5687 3968 64334306 1
5687 3892 64334316 1
5700 3789 64334326 1
5722 3668 64334336 1
5769 3543 64334346 1
5831 3388 64334356 1
5881 3212 64334366 1
5917 3048 64334376 1
5944 2898 64334386 1
5954 2758 64334396 1
5954 2652 64334406 1
5954 2582 64334416 1
5939 2537 64334426 1
5906 2510 64334436 1
5859 2497 64334446 1
5775 2497 64334456 1
5694 2522 64334466 1
5641 2587 64334476 1
5604 2677 64334486 1
5578 2817 64334496 1
5578 2952 64334506 1
5596 3084 64334516 1
5638 3214 64334526 1
5697 3340 64334536 1
5768 3463 64334546 1
5844 3558 64334556 1
5899 3627 64334566 1
5940 3678 64334576 1
5963 3701 64334586 1
5971 3707 64334596 1
5971 3702 64334606 1
5971 3684 64334616 1
5964 3662 64334626 1
5955 3634 64334636 1
5948 3606 64334646 1
5948 3578 64334656 1
5948 3552 64334666 1
5958 3528 64334676 1
5976 3502 64334686 1
6000 3479 64334696 1
6030 3471 64334706 1
6074 3471 64334716 1
6128 3494 64334726 1
6201 3546 64334736 1
6277 3617 64334746 1
6358 3701 64334756 1
6425 3805 64334766 1
6482 3922 64334776 1
6518 4029 64334786 1
6524 4107 64334796 1
6510 4166 64334806 1
6493 4191 64334816 1
6463 4191 64334826 1
6425 4172 64334836 1
6383 4131 64334846 1
6343 4068 64334856 1
6307 3990 64334866 1
6275 3895 64334876 1
6254 3788 64334886 1
6254 3673 64334896 1
6263 3594 64334906 1
6289 3531 64334916 1
6335 3478 64334926 1
6393 3450 64334936 1
6473 3457 64334946 1
6573 3487 64334956 1
6687 3551 64334966 1
6804 3623 64334976 1
6914 3700 64334986 1
6994 3774 64334996 1
7056 3843 64335006 1
7103 3889 64335016 1
7128 3923 64335026 1
7138 3931 64335036 1
7138 3937 64335046 1
7130 3937 64335056 1
7117 3929 64335066 1
7079 3909 64335076 1
