208
6630 2638 29258694 0
6592 2609 29258704 1
6561 2616 29258714 1
6554 2622 29258724 1
6554 2622 29258734 1
6549 2622 29258744 1
6549 2622 29258754 1
6549 2622 29258764 1
6549 2622 29258774 1
6549 2622 29258784 1
6549 2622 29258794 1
6554 2622 29258804 1
6554 2627 29258814 1
6554 2627 29258824 1
6554 2627 29258834 1
6560 2627 29258844 1
6601 2627 29258854 1
6664 2639 29258864 1
6735 2661 29258874 1
6798 2686 29258884 1
6855 2715 29258894 1
6908 2747 29258904 1
6964 2776 29258914 1
7012 2797 29258924 1
7053 2805 29258934 1
7087 2805 29258944 1
7112 2805 29258954 1
7132 2805 29258964 1
7144 2805 29258974 1
7144 2805 29258984 1
7144 2800 29258994 1
7144 2800 29259004 1
7144 2792 29259014 1
7093 2715 29259024 1
7017 2589 29259034 1
6912 2444 29259045 1
6806 2297 29259055 1
6700 2162 29259065 1
6614 2036 29259075 1
6561 1951 29259085 1
6530 1899 29259095 1
6523 1868 29259105 1
6523 1868 29259115 1
6523 1868 29259125 1
6557 1868 29259135 1
6604 1885 29259145 1
6722 1914 29259155 1
6843 1982 29259165 1
6968 2060 29259175 1
7094 2145 29259185 1
7220 2225 29259195 1
7354 2298 29259205 1
7455 2360 29259215 1
7534 2415 29259225 1
7580 2442 29259235 1
7593 2450 29259245 1
7584 2443 29259255 1
7574 2432 29259265 1
7539 2351 29259275 1
7487 2226 29259285 1
7444 2097 29259295 1
7405 1996 29259305 1
7368 1914 29259315 1
7360 1873 29259325 1
7360 1856 29259335 1
7360 1856 29259345 1
7360 1856 29259355 1
7376 1901 29259365 1
7437 1977 29259375 1
7528 2110 29259385 1
7600 2234 29259395 1
7650 2352 29259405 1
7686 2384 29259415 1
7697 2384 29259425 1
7710 2365 29259435 1
7727 2305 29259445 1
7727 2229 29259455 1
7727 2143 29259465 1
7716 2065 29259475 1
7709 2018 29259485 1
7709 1991 29259495 1
7704 1980 29259505 1
7704 1980 29259515 1
7704 1980 29259525 1
7704 1995 29259535 1
7724 2073 29259545 1
7760 2195 29259555 1
7826 2315 29259565 1
7870 2376 29259575 1
7898 2398 29259585 1
7911 2398 29259595 1
7918 2403 29259605 1
7918 2398 29259615 1
7932 2362 29259625 1
7932 2306 29259635 1
7932 2208 29259645 1
7927 2123 29259655 1
7927 2047 29259665 1
7934 2005 29259675 1
7950 1984 29259685 1
8004 1977 29259695 1
8082 2022 29259705 1
8188 2115 29259715 1
8306 2239 29259725 1
8433 2364 29259735 1
8513 2448 29259745 1
8554 2505 29259755 1
8569 2513 29259765 1
8569 2513 29259775 1
8550 2513 29259785 1
8528 2513 29259795 1
8504 2463 29259805 1
8447 2387 29259815 1
8368 2296 29259825 1
8309 2208 29259835 1
8290 2121 29259845 1
8297 2077 29259855 1
8315 2055 29259865 1
8336 2048 29259875 1
8401 2069 29259885 1
8493 2145 29259895 1
8582 2257 29259905 1
8656 2383 29259915 1
8719 2463 29259925 1
8732 2513 29259935 1
8732 2507 29259945 1
8720 2500 29259955 1
8697 2449 29259965 1
8677 2369 29259975 1
8658 2312 29259985 1
8671 2270 29259995 1
8689 2239 29260005 1
8731 2229 29260015 1
8786 2249 29260025 1
8848 2289 29260035 1
8910 2331 29260045 1
8961 2372 29260055 1
9005 2423 29260065 1
9039 2482 29260075 1
9085 2581 29260085 1
9140 2674 29260095 1
9183 2763 29260105 1
9199 2802 29260115 1
9199 2816 29260125 1
9199 2816 29260135 1
9199 2811 29260145 1
9176 2805 29260155 1
9143 2764 29260165 1
9078 2702 29260175 1
9034 2640 29260185 1
9005 2577 29260195 1
8994 2509 29260205 1
9001 2435 29260215 1
9021 2370 29260225 1
9069 2316 29260235 1
9132 2298 29260245 1
9206 2326 29260255 1
9285 2385 29260265 1
9363 2462 29260275 1
9401 2531 29260285 1
9412 2594 29260295 1
9388 2659 29260305 1
9349 2698 29260315 1
9300 2719 29260325 1
9253 2688 29260335 1
9200 2617 29260345 1
9144 2520 29260355 1
9101 2392 29260365 1
9069 2232 29260375 1
9045 2050 29260385 1
9025 1867 29260395 1
9007 1650 29260405 1
9002 1411 29260415 1
9002 1254 29260425 1
9002 1159 29260435 1
8987 1106 29260445 1
8969 1082 29260455 1
8913 1057 29260465 1
8839 1057 29260475 1
8754 1076 29260485 1
8686 1110 29260495 1
8642 1167 29260505 1
8613 1239 29260515 1
8613 1278 29260525 1
8632 1349 29260535 1
8674 1442 29260545 1
8784 1555 29260555 1
8938 1691 29260565 1
9120 1842 29260575 1
9336 2012 29260585 1
9555 2206 29260595 1
9777 2417 29260605 1
9924 2572 29260615 1
10002 2686 29260625 1
10035 2772 29260635 1
10029 2786 29260645 1
10023 2786 29260655 1
10016 2777 29260665 1
9982 2763 29260675 1
9931 2701 29260685 1
9877 2608 29260695 1
9853 2538 29260705 1
9853 2484 29260715 1
9881 2441 29260725 1
10006 2396 29260735 1
10193 2425 29260745 1
10520 2503 29260755 1
10902 2634 29260765 1
