245
2892 2818 35887032 0
2902 2858 35887042 1
2896 2866 35887052 1
2885 2873 35887062 1
2878 2873 35887072 1
2872 2873 35887082 1
2872 2873 35887092 1
2872 2873 35887102 1
2896 2873 35887112 1
2932 2890 35887122 1
3004 2920 35887132 1
3082 2978 35887142 1
3176 3047 35887152 1
3278 3124 35887162 1
3371 3192 35887172 1
3437 3234 35887182 1
3484 3260 35887192 1
3497 3260 35887202 1
3497 3265 35887212 1
3497 3265 35887222 1
3497 3234 35887232 1
3484 3187 35887242 1
3469 3087 35887252 1
3443 2941 35887262 1
3415 2764 35887272 1
3385 2543 35887282 1
3355 2341 35887292 1
3327 2151 35887302 1
3305 1968 35887312 1
3287 1805 35887322 1
3276 1655 35887332 1
3271 1541 35887342 1
3271 1461 35887352 1
3279 1405 35887362 1
3284 1376 35887372 1
3284 1371 35887382 1
3293 1383 35887392 1
3308 1420 35887402 1
3342 1512 35887412 1
3388 1640 35887422 1
3450 1770 35887432 1
3517 1883 35887442 1
3589 1969 35887452 1
3660 2042 35887462 1
3707 2094 35887472 1
3738 2129 35887482 1
3746 2153 35887492 1
3746 2180 35887502 1
3746 2214 35887512 1
3849 2378 35887643 0
3849 2378 35887653 1
3849 2378 35887663 1
3849 2378 35887673 1
3849 2378 35887683 1
3849 2378 35887693 1
3849 2331 35887703 1
3855 2238 35887713 1
3855 2110 35887723 1
3850 1985 35887733 1
3844 1862 35887743 1
3839 1746 35887753 1
3834 1661 35887763 1
3834 1596 35887773 1
3834 1596 35887783 1
3834 1596 35887793 1
3834 1596 35887803 1
3847 1653 35887813 1
3869 1768 35887823 1
3894 1914 35887833 1
3918 2071 35887843 1
3943 2232 35887853 1
3973 2397 35887863 1
4007 2474 35887873 1
4036 2502 35887883 1
4054 2502 35887893 1
4067 2482 35887903 1
4099 2414 35887913 1
4131 2312 35887923 1
4155 2199 35887933 1
4173 2095 35887943 1
4184 1998 35887953 1
4192 1940 35887963 1
4197 1912 35887973 1
4197 1905 35887983 1
4204 1910 35887993 1
4204 1943 35888003 1
4214 1994 35888013 1
4231 2092 35888023 1
4259 2234 35888033 1
4297 2405 35888043 1
4343 2560 35888053 1
4395 2644 35888063 1
4427 2680 35888073 1
4444 2685 35888083 1
4464 2649 35888093 1
4487 2586 35888103 1
4517 2473 35888113 1
4550 2340 35888123 1
4585 2195 35888133 1
4614 2061 35888143 1
4637 1979 35888153 1
4661 1932 35888163 1
4678 1907 35888173 1
4690 1907 35888183 1
4697 1913 35888193 1
4707 1959 35888203 1
4726 2035 35888213 1
4743 2132 35888223 1
4757 2264 35888233 1
4786 2399 35888243 1
4831 2537 35888253 1
4886 2622 35888263 1
4935 2679 35888273 1
4980 2717 35888283 1
5022 2740 35888293 1
5059 2761 35888303 1
5090 2775 35888313 1
5116 2785 35888323 1
5116 2785 35888333 1
5116 2791 35888343 1
5116 2801 35888353 1
5107 2816 35888363 1
5100 2830 35888373 1
5093 2830 35888383 1
5075 2821 35888393 1
5049 2783 35888403 1
5006 2703 35888413 1
4963 2595 35888423 1
4913 2466 35888433 1
4858 2329 35888443 1
4817 2187 35888453 1
4797 2081 35888463 1
4791 2006 35888473 1
4799 1952 35888483 1
4812 1925 35888493 1
4833 1920 35888503 1
4857 1930 35888513 1
4894 1991 35888523 1
4940 2089 35888533 1
4984 2212 35888543 1
5026 2353 35888553 1
5067 2489 35888563 1
5105 2623 35888573 1
5143 2693 35888583 1
5160 2722 35888593 1
5160 2722 35888603 1
5160 2717 35888613 1
5160 2684 35888623 1
5160 2634 35888633 1
5147 2552 35888643 1
5142 2452 35888653 1
5142 2340 35888663 1
5142 2216 35888673 1
5151 2117 35888683 1
5166 2034 35888693 1
5184 1995 35888703 1
5205 1982 35888713 1
5222 1982 35888723 1
5237 2024 35888733 1
5275 2105 35888743 1
5317 2216 35888753 1
5365 2347 35888763 1
5419 2499 35888773 1
5490 2664 35888783 1
5570 2803 35888793 1
5647 2883 35888803 1
5726 2924 35888813 1
5808 2951 35888823 1
5873 2964 35888833 1
5925 2964 35888843 1
5970 2964 35888853 1
6006 2964 35888863 1
6037 2956 35888873 1
6049 2956 35888883 1
6049 2956 35888893 1
6049 2956 35888903 1
6032 2964 35888913 1
5997 2972 35888923 1
5949 2977 35888933 1
5901 2977 35888943 1
5854 2943 35888953 1
5806 2897 35888963 1
5755 2804 35888973 1
5699 2658 35888983 1
5639 2478 35888993 1
5584 2301 35889003 1
5535 2138 35889013 1
5519 2053 35889023 1
5524 2016 35889033 1
5530 2003 35889043 1
5536 2014 35889053 1
5566 2040 35889063 1
5611 2136 35889073 1
5677 2257 35889083 1
5745 2396 35889093 1
5820 2552 35889103 1
5899 2717 35889113 1
5964 2887 35889123 1
6010 2980 35889133 1
6044 3023 35889143 1
6054 3034 35889153 1
6054 3028 35889163 1
6054 3018 35889173 1
6049 2955 35889183 1
6049 2859 35889193 1
6042 2699 35889203 1
6033 2505 35889213 1
6018 2289 35889223 1
5997 2016 35889233 1
5971 1737 35889243 1
5949 1477 35889253 1
5932 1233 35889263 1
5922 1039 35889273 1
5904 897 35889283 1
5880 789 35889293 1
5842 710 35889303 1
5794 671 35889313 1
5739 658 35889323 1
5687 691 35889333 1
5641 755 35889343 1
5626 840 35889353 1
5626 978 35889363 1
5668 1157 35889373 1
5752 1364 35889383 1
5864 1551 35889393 1
5997 1741 35889403 1
6162 1931 35889413 1
6347 2146 35889423 1
6537 2381 35889433 1
6717 2619 35889443 1
6889 2807 35889453 1
6991 2961 35889463 1
7024 3021 35889473 1
7012 3058 35889483 1
6970 3081 35889493 1
6905 3087 35889503 1
6825 3045 35889513 1
6728 2972 35889523 1
6632 2835 35889533 1
6541 2662 35889543 1
6498 2465 35889553 1
6486 2345 35889563 1
6532 2275 35889573 1
6609 2239 35889583 1
6706 2253 35889593 1
