177
6561 3424 29242040 0
6512 3247 29242050 1
6420 3247 29242060 1
6430 3302 29242070 1
6439 3302 29242080 1
6448 3289 29242090 1
6501 3272 29242100 1
6592 3257 29242110 1
6708 3273 29242120 1
6836 3309 29242130 1
6949 3359 29242140 1
7021 3405 29242150 1
7070 3405 29242160 1
7095 3382 29242170 1
7110 3317 29242180 1
7117 3193 29242190 1
7069 3029 29242200 1
6992 2851 29242210 1
6896 2671 29242220 1
6763 2494 29242230 1
6634 2344 29242240 1
6533 2209 29242250 1
6448 2095 29242260 1
6403 2045 29242270 1
6389 2038 29242280 1
6396 2038 29242290 1
6404 2038 29242300 1
6462 2038 29242310 1
6553 2086 29242320 1
6684 2160 29242330 1
6832 2289 29242340 1
6990 2413 29242350 1
7148 2524 29242360 1
7307 2630 29242370 1
7465 2737 29242380 1
7586 2845 29242390 1
7683 2903 29242400 1
7714 2931 29242410 1
7714 2925 29242420 1
7692 2845 29242430 1
7644 2716 29242440 1
7574 2560 29242450 1
7490 2411 29242460 1
7425 2267 29242470 1
7398 2216 29242480 1
7398 2204 29242490 1
7398 2217 29242500 1
7398 2217 29242510 1
7432 2288 29242520 1
7484 2396 29242530 1
7559 2531 29242540 1
7634 2633 29242550 1
7673 2713 29242560 1
7688 2707 29242570 1
7695 2697 29242580 1
7704 2682 29242590 1
7718 2646 29242600 1
7728 2595 29242610 1
7720 2519 29242620 1
7700 2460 29242630 1
7693 2412 29242640 1
7687 2391 29242650 1
7687 2385 29242660 1
7687 2390 29242670 1
7694 2408 29242680 1
7743 2487 29242690 1
7820 2608 29242700 1
7913 2726 29242710 1
7969 2784 29242720 1
8000 2801 29242730 1
8025 2793 29242740 1
8044 2764 29242750 1
8060 2721 29242760 1
8065 2650 29242770 1
8065 2576 29242780 1
8056 2532 29242790 1
8056 2509 29242800 1
8063 2496 29242810 1
8071 2496 29242820 1
8121 2510 29242830 1
8207 2564 29242840 1
8318 2650 29242850 1
8434 2758 29242860 1
8531 2881 29242870 1
8615 2974 29242880 1
8645 3048 29242890 1
8653 3065 29242900 1
8645 3065 29242910 1
8630 3047 29242920 1
8570 2973 29242930 1
8481 2858 29242940 1
8434 2715 29242950 1
8389 2629 29242960 1
8374 2586 29242970 1
8379 2571 29242980 1
8385 2571 29242990 1
8394 2571 29243000 1
8438 2605 29243010 1
8504 2663 29243020 1
8585 2801 29243030 1
8650 2938 29243040 1
8705 3000 29243050 1
8711 3011 29243060 1
8711 2996 29243070 1
8711 2954 29243080 1
8711 2894 29243090 1
8711 2806 29243100 1
8711 2743 29243110 1
8725 2702 29243120 1
8746 2669 29243130 1
8780 2661 29243140 1
8847 2700 29243150 1
8935 2771 29243160 1
9023 2880 29243170 1
9102 3008 29243180 1
9175 3148 29243190 1
9202 3249 29243200 1
9202 3301 29243210 1
9194 3320 29243220 1
9183 3309 29243230 1
9132 3213 29243240 1
9053 3060 29243250 1
9032 2956 29243260 1
9015 2883 29243270 1
9024 2832 29243280 1
9048 2808 29243290 1
9069 2815 29243300 1
9116 2842 29243310 1
9181 2916 29243320 1
9228 3004 29243330 1
9252 3102 29243340 1
9260 3193 29243350 1
9234 3240 29243360 1
9213 3259 29243370 1
9204 3239 29243380 1
9204 3169 29243390 1
9176 3066 29243400 1
9157 2939 29243410 1
9142 2741 29243420 1
9111 2495 29243430 1
9085 2249 29243440 1
9062 2004 29243450 1
9051 1761 29243460 1
9034 1618 29243470 1
9006 1538 29243480 1
8972 1474 29243490 1
8897 1417 29243500 1
8819 1366 29243510 1
8739 1344 29243520 1
8687 1344 29243530 1
8650 1350 29243540 1
8622 1385 29243550 1
8593 1483 29243560 1
8593 1623 29243570 1
8624 1732 29243580 1
8701 1855 29243590 1
8779 1988 29243600 1
8904 2151 29243610 1
9061 2312 29243620 1
9240 2483 29243630 1
9416 2661 29243640 1
9589 2878 29243650 1
9713 3090 29243660 1
9797 3299 29243670 1
9854 3425 29243680 1
9854 3469 29243690 1
9843 3459 29243700 1
9835 3446 29243710 1
9802 3362 29243720 1
9750 3231 29243730 1
9685 3061 29243740 1
9664 2966 29243750 1
9676 2921 29243760 1
9709 2898 29243770 1
9832 2941 29243780 1
10065 3027 29243790 1
10370 3212 29243800 1
