199
6935 2769 29271994 0
6748 2758 29272004 1
6652 2773 29272014 1
6555 2765 29272024 1
6495 2742 29272034 1
6478 2734 29272044 1
6489 2726 29272054 1
6513 2717 29272064 1
6596 2704 29272074 1
6719 2730 29272084 1
6880 2782 29272094 1
7018 2839 29272104 1
7141 2899 29272114 1
7240 2962 29272124 1
7304 2992 29272134 1
7344 3001 29272144 1
7344 2996 29272154 1
7332 2983 29272164 1
7316 2883 29272174 1
7269 2726 29272184 1
7212 2528 29272194 1
7149 2329 29272204 1
7080 2129 29272214 1
7030 1956 29272224 1
6992 1831 29272234 1
6964 1737 29272244 1
6929 1638 29272254 1
6888 1591 29272264 1
6878 1579 29272274 1
6854 1558 29272284 1
6820 1552 29272294 1
6820 1552 29272304 1
6820 1552 29272314 1
6820 1552 29272324 1
6820 1552 29272334 1
6820 1552 29272344 1
6887 1590 29272354 1
6989 1652 29272364 1
7115 1742 29272374 1
7267 1842 29272384 1
7437 1950 29272394 1
7562 2030 29272404 1
7651 2087 29272414 1
7717 2128 29272424 1
7740 2145 29272434 1
7745 2145 29272444 1
7737 2145 29272454 1
7737 2145 29272464 1
7710 2080 29272474 1
7671 1975 29272484 1
7639 1865 29272494 1
7603 1758 29272504 1
7587 1682 29272514 1
7587 1625 29272524 1
7587 1607 29272534 1
7593 1607 29272544 1
7602 1617 29272554 1
7662 1694 29272564 1
7757 1818 29272574 1
7849 1973 29272584 1
7914 2081 29272594 1
7960 2123 29272594 1
7960 2123 29272604 1
7960 2123 29272614 1
7981 2073 29272624 1
7990 2006 29272634 1
7990 1925 29272644 1
7979 1854 29272654 1
7979 1790 29272664 1
7979 1753 29272674 1
7979 1737 29272684 1
7979 1737 29272694 1
7979 1737 29272704 1
7979 1769 29272714 1
8001 1825 29272724 1
8039 1920 29272734 1
8080 2011 29272744 1
8124 2068 29272754 1
8151 2104 29272764 1
8167 2104 29272774 1
8187 2093 29272784 1
8204 2076 29272794 1
8217 2037 29272804 1
8228 1985 29272814 1
8234 1936 29272824 1
8244 1902 29272834 1
8261 1877 29272844 1
8306 1865 29272854 1
8368 1895 29272864 1
8488 1953 29272874 1
8595 2028 29272884 1
8692 2102 29272894 1
8772 2174 29272904 1
8798 2198 29272914 1
8788 2190 29272924 1
8788 2195 29272934 1
8762 2195 29272944 1
8725 2201 29272954 1
8687 2183 29272964 1
8637 2120 29272974 1
8578 2027 29272984 1
8564 1968 29272994 1
8554 1943 29273004 1
8562 1943 29273014 1
8579 1927 29273024 1
8607 1944 29273034 1
8677 1982 29273044 1
8774 2067 29273054 1
8855 2132 29273064 1
8897 2185 29273074 1
8914 2192 29273084 1
8914 2192 29273094 1
8914 2184 29273104 1
8906 2145 29273114 1
8898 2104 29273124 1
8927 2079 29273134 1
8960 2067 29273144 1
9021 2074 29273154 1
9098 2120 29273164 1
9187 2192 29273174 1
9260 2257 29273184 1
9322 2322 29273194 1
9350 2383 29273204 1
9350 2411 29273214 1
9322 2419 29273224 1
9299 2419 29273234 1
9262 2419 29273244 1
9215 2386 29273254 1
9167 2342 29273264 1
9134 2301 29273274 1
9112 2254 29273284 1
9102 2196 29273294 1
9113 2140 29273304 1
9137 2103 29273314 1
9167 2079 29273324 1
9199 2073 29273334 1
9233 2097 29273344 1
9302 2140 29273354 1
9365 2209 29273364 1
9424 2281 29273374 1
9446 2355 29273384 1
9446 2392 29273394 1
9421 2387 29273404 1
9391 2355 29273414 1
9350 2264 29273424 1
9301 2133 29273434 1
9269 1975 29273444 1
9245 1820 29273454 1
9225 1617 29273464 1
9202 1383 29273474 1
9181 1138 29273484 1
9167 1012 29273494 1
9167 966 29273504 1
9167 952 29273514 1
9160 952 29273524 1
9115 952 29273534 1
9037 958 29273544 1
8938 984 29273554 1
8850 1025 29273564 1
8800 1064 29273574 1
8776 1092 29273584 1
8776 1105 29273594 1
8776 1122 29273604 1
8842 1194 29273614 1
8951 1301 29273624 1
9092 1441 29273634 1
9272 1605 29273644 1
9479 1784 29273654 1
9659 1952 29273664 1
9797 2117 29273674 1
9906 2275 29273684 1
9962 2387 29273694 1
9970 2468 29273704 1
9946 2506 29273714 1
9925 2521 29273724 1
9897 2521 29273734 1
9863 2509 29273744 1
9799 2460 29273754 1
9753 2387 29273764 1
9718 2307 29273774 1
9713 2236 29273784 1
9728 2170 29273794 1
9756 2108 29273804 1
9815 2071 29273814 1
9913 2052 29273824 1
10037 2071 29273834 1
10184 2129 29273844 1
10326 2212 29273854 1
10408 2268 29273864 1
10451 2291 29273874 1
10451 2291 29273884 1
10446 2291 29273894 1
10446 2291 29273904 1
10441 2285 29273914 1
10441 2285 29273924 1
10436 2285 29273934 1
10436 2285 29273944 1
10436 2285 29273954 1
10442 2290 29273964 1
