264
3722 4080 22810202 0
3722 4080 22810212 1
3698 4107 22810222 1
3698 4125 22810232 1
3698 4125 22810242 1
3746 4167 22810252 1
3813 4243 22810262 1
3919 4340 22810272 1
4048 4446 22810282 1
4192 4540 22810292 1
4289 4595 22810302 1
4344 4628 22810312 1
4370 4639 22810322 1
4377 4624 22810332 1
4372 4592 22810342 1
4360 4514 22810352 1
4324 4400 22810362 1
4277 4261 22810372 1
4222 4129 22810382 1
4159 3999 22810392 1
4096 3871 22810402 1
4024 3730 22810412 1
3945 3594 22810422 1
3858 3464 22810432 1
3767 3324 22810442 1
3674 3187 22810452 1
3608 3109 22810462 1
3584 3069 22810472 1
3589 3069 22810482 1
3601 3085 22810492 1
3657 3111 22810502 1
3742 3173 22810512 1
3852 3256 22810522 1
3973 3352 22810532 1
4102 3435 22810542 1
4228 3499 22810552 1
4321 3550 22810562 1
4392 3577 22810572 1
4430 3592 22810582 1
4449 3598 22810592 1
4454 3598 22810602 1
4460 3598 22810612 1
4467 3598 22810622 1
4476 3598 22810632 1
4481 3598 22810642 1
4481 3598 22810652 1
4481 3586 22810662 1
4476 3571 22810672 1
4463 3547 22810682 1
4439 3510 22810692 1
4409 3464 22810702 1
4374 3418 22810712 1
4347 3372 22810722 1
4324 3326 22810732 1
4308 3286 22810742 1
4298 3250 22810752 1
4298 3231 22810762 1
4298 3224 22810772 1
4298 3224 22810782 1
4298 3224 22810792 1
4298 3231 22810802 1
4308 3239 22810812 1
4345 3279 22810822 1
4401 3354 22810832 1
4476 3453 22810842 1
4545 3533 22810852 1
4610 3592 22810862 1
4656 3636 22810872 1
4682 3646 22810882 1
4694 3651 22810892 1
4707 3645 22810902 1
4720 3603 22810912 1
4720 3538 22810922 1
4701 3426 22810932 1
4664 3300 22810942 1
4630 3165 22810952 1
4604 3079 22810962 1
4594 3035 22810972 1
4594 3020 22810973 1
4594 3020 22810983 1
4617 3068 22810993 1
4666 3131 22811003 1
4737 3222 22811013 1
4804 3312 22811023 1
4858 3386 22811033 1
4903 3449 22811043 1
4946 3493 22811053 1
4978 3522 22811063 1
5002 3541 22811073 1
5014 3541 22811083 1
5019 3541 22811093 1
5019 3507 22811103 1
5008 3457 22811113 1
4996 3381 22811123 1
4983 3296 22811133 1
4983 3206 22811143 1
4989 3137 22811153 1
5007 3088 22811163 1
5034 3053 22811173 1
5059 3032 22811183 1
5082 3021 22811193 1
5109 3021 22811203 1
5146 3021 22811213 1
5190 3030 22811223 1
5232 3045 22811233 1
5278 3074 22811243 1
5327 3117 22811253 1
5377 3169 22811263 1
5435 3223 22811273 1
5495 3277 22811283 1
5561 3330 22811293 1
5618 3370 22811303 1
5668 3408 22811313 1
5712 3440 22811323 1
5754 3465 22811333 1
5795 3489 22811343 1
5829 3513 22811353 1
5855 3534 22811363 1
5876 3549 22811373 1
5886 3556 22811383 1
5886 3556 22811393 1
5886 3556 22811403 1
5869 3556 22811413 1
5828 3524 22811423 1
5769 3480 22811433 1
5702 3415 22811443 1
5638 3345 22811453 1
5580 3267 22811463 1
5547 3193 22811473 1
5529 3145 22811483 1
5534 3110 22811493 1
5556 3087 22811503 1
5590 3082 22811513 1
5641 3089 22811523 1
5709 3136 22811533 1
5787 3214 22811543 1
5852 3312 22811553 1
5892 3395 22811563 1
5916 3442 22811573 1
5916 3465 22811583 1
5916 3465 22811593 1
5904 3465 22811603 1
5883 3454 22811613 1
5859 3423 22811623 1
5834 3379 22811633 1
5811 3325 22811643 1
5793 3266 22811653 1
5804 3209 22811663 1
5831 3155 22811673 1
5884 3125 22811683 1
5937 3111 22811693 1
5994 3111 22811703 1
6050 3124 22811713 1
6113 3164 22811723 1
6179 3220 22811733 1
6246 3281 22811743 1
6311 3341 22811753 1
6366 3388 22811763 1
6414 3426 22811773 1
6449 3446 22811783 1
6485 3461 22811793 1
6508 3470 22811803 1
6523 3476 22811813 1
6528 3482 22811823 1
6528 3491 22811833 1
6528 3502 22811843 1
6522 3514 22811853 1
6522 3526 22811863 1
6514 3537 22811873 1
6514 3552 22811883 1
6508 3572 22811893 1
6508 3595 22811903 1
6502 3619 22811913 1
6494 3640 22811923 1
6472 3656 22811933 1
6444 3669 22811943 1
6413 3676 22811953 1
6382 3676 22811963 1
6355 3676 22811973 1
6335 3669 22811983 1
6316 3659 22811993 1
6296 3641 22812003 1
6275 3617 22812013 1
6253 3588 22812023 1
6233 3558 22812033 1
6215 3535 22812043 1
6203 3518 22812053 1
6193 3493 22812063 1
6186 3468 22812073 1
6181 3439 22812083 1
6181 3407 22812093 1
6174 3371 22812103 1
6174 3335 22812113 1
6166 3298 22812123 1
6157 3254 22812133 1
6144 3205 22812143 1
6136 3158 22812153 1
6136 3128 22812163 1
6136 3109 22812173 1
6153 3099 22812183 1
6174 3099 22812193 1
6207 3099 22812203 1
6248 3099 22812213 1
6283 3109 22812223 1
6318 3116 22812233 1
6352 3128 22812243 1
6403 3143 22812253 1
6458 3173 22812263 1
6511 3217 22812273 1
6561 3271 22812283 1
6599 3325 22812293 1
6625 3373 22812303 1
6644 3398 22812313 1
6652 3411 22812323 1
6652 3411 22812333 1
6652 3411 22812343 1
6647 3377 22812353 1
6635 3329 22812363 1
6617 3252 22812373 1
6605 3160 22812383 1
6591 3057 22812393 1
6570 2954 22812403 1
6545 2827 22812413 1
6501 2685 22812423 1
6444 2537 22812433 1
6378 2396 22812443 1
6321 2259 22812453 1
6280 2160 22812463 1
6249 2108 22812473 1
6218 2087 22812483 1
6187 2087 22812493 1
6158 2113 22812503 1
6149 2160 22812513 1
6155 2282 22812523 1
6236 2433 22812533 1
6372 2603 22812543 1
6545 2817 22812553 1
6706 2987 22812563 1
6867 3129 22812573 1
6993 3241 22812583 1
7096 3333 22812593 1
7211 3412 22812603 1
7316 3470 22812613 1
7413 3507 22812623 1
7462 3529 22812633 1
7480 3534 22812643 1
7480 3534 22812653 1
7471 3540 22812663 1
7458 3554 22812673 1
7441 3575 22812683 1
7413 3593 22812693 1
7376 3605 22812703 1
7334 3594 22812713 1
7264 3570 22812723 1
7184 3516 22812733 1
7098 3440 22812743 1
7028 3349 22812753 1
6982 3224 22812763 1
6952 3114 22812773 1
7000 3014 22812783 1
7113 2980 22812793 1
7268 2980 22812803 1
7445 3003 22812813 1
7628 2995 22812823 1
