217
4660 3823 29288808 0
4533 3674 29288818 1
4468 3693 29288828 1
4468 3693 29288838 1
4468 3693 29288848 1
4478 3693 29288858 1
4545 3685 29288868 1
4649 3694 29288878 1
4765 3714 29288888 1
4857 3745 29288898 1
4933 3773 29288908 1
4991 3795 29288918 1
5028 3811 29288928 1
5052 3824 29288938 1
5052 3824 29288948 1
5052 3824 29288958 1
5046 3819 29288968 1
5035 3771 29288978 1
5017 3694 29288988 1
4963 3543 29288998 1
4912 3404 29289008 1
4843 3274 29289018 1
4761 3123 29289028 1
4669 2990 29289038 1
4579 2870 29289048 1
4524 2809 29289058 1
4491 2773 29289068 1
4471 2754 29289078 1
4471 2754 29289088 1
4471 2754 29289098 1
4476 2754 29289108 1
4476 2754 29289118 1
4512 2754 29289128 1
4570 2762 29289138 1
4688 2797 29289148 1
4826 2849 29289158 1
4977 2934 29289168 1
5140 3029 29289178 1
5288 3130 29289188 1
5427 3225 29289198 1
5527 3317 29289208 1
5583 3366 29289218 1
5610 3388 29289228 1
5610 3388 29289238 1
5605 3382 29289248 1
5599 3382 29289258 1
5571 3321 29289268 1
5528 3210 29289278 1
5476 3063 29289288 1
5444 2966 29289298 1
5415 2888 29289308 1
5390 2824 29289318 1
5390 2812 29289328 1
5406 2812 29289338 1
5427 2812 29289348 1
5479 2866 29289358 1
5551 2988 29289368 1
5640 3154 29289378 1
5731 3313 29289388 1
5791 3406 29289398 1
5828 3456 29289408 1
5828 3449 29289418 1
5828 3429 29289428 1
5828 3400 29289438 1
5816 3270 29289448 1
5790 3156 29289458 1
5755 3053 29289468 1
5738 2977 29289478 1
5724 2933 29289488 1
5724 2910 29289498 1
5724 2903 29289508 1
5731 2908 29289518 1
5737 2921 29289528 1
5782 2989 29289538 1
5852 3099 29289548 1
5908 3236 29289558 1
5959 3366 29289568 1
6006 3447 29289578 1
6042 3495 29289588 1
6053 3504 29289598 1
6048 3499 29289608 1
6055 3486 29289618 1
6064 3420 29289628 1
6064 3327 29289638 1
6058 3217 29289648 1
6043 3124 29289658 1
6028 3051 29289668 1
6028 2992 29289678 1
6035 2958 29289688 1
6051 2945 29289698 1
6099 2945 29289708 1
6168 2988 29289718 1
6290 3065 29289728 1
6401 3165 29289738 1
6504 3260 29289748 1
6594 3350 29289758 1
6648 3438 29289768 1
6679 3490 29289778 1
6679 3513 29289788 1
6672 3513 29289798 1
6659 3518 29289808 1
6645 3518 29289818 1
6622 3518 29289828 1
6594 3469 29289838 1
6543 3395 29289848 1
6493 3310 29289858 1
6444 3226 29289868 1
6425 3147 29289878 1
6425 3108 29289888 1
6437 3090 29289898 1
6467 3090 29289908 1
6510 3118 29289918 1
6576 3172 29289928 1
6654 3277 29289938 1
6741 3381 29289948 1
6791 3435 29289958 1
6804 3457 29289968 1
6792 3457 29289978 1
6792 3450 29289988 1
6771 3444 29289998 1
6746 3394 29290008 1
6741 3317 29290018 1
6741 3266 29290028 1
6753 3214 29290038 1
6775 3157 29290048 1
6787 3129 29290058 1
6804 3121 29290068 1
6831 3109 29290078 1
6878 3119 29290088 1
6939 3144 29290098 1
7015 3204 29290108 1
7096 3301 29290118 1
7186 3422 29290128 1
7260 3533 29290138 1
7324 3618 29290148 1
7337 3685 29290158 1
7332 3696 29290168 1
7316 3701 29290178 1
7291 3683 29290188 1
7246 3651 29290198 1
7187 3527 29290208 1
7156 3445 29290218 1
7144 3391 29290228 1
7144 3334 29290238 1
7166 3302 29290248 1
7189 3288 29290258 1
7240 3288 29290268 1
7309 3341 29290278 1
7386 3420 29290288 1
7442 3497 29290298 1
7485 3563 29290308 1
7485 3623 29290318 1
7485 3642 29290328 1
7468 3642 29290338 1
7468 3642 29290348 1
7439 3599 29290358 1
7396 3484 29290368 1
7347 3319 29290378 1
7316 3152 29290388 1
7298 2968 29290398 1
7281 2774 29290408 1
7268 2618 29290418 1
7258 2516 29290428 1
7248 2449 29290438 1
7229 2391 29290448 1
7204 2344 29290458 1
7174 2305 29290468 1
7145 2281 29290478 1
7117 2273 29290488 1
7089 2273 29290498 1
7059 2297 29290508 1
7028 2345 29290518 1
6996 2411 29290528 1
6975 2456 29290538 1
6950 2498 29290548 1
6921 2533 29290558 1
6907 2560 29290568 1
6896 2582 29290578 1
6891 2624 29290588 1
6913 2679 29290598 1
6952 2758 29290608 1
7019 2852 29290618 1
7122 2956 29290628 1
7250 3049 29290638 1
7402 3144 29290648 1
7540 3241 29290658 1
7668 3338 29290668 1
7795 3420 29290678 1
7900 3481 29290688 1
7989 3552 29290698 1
8062 3628 29290708 1
8086 3666 29290718 1
8078 3720 29290728 1
8064 3785 29290738 1
8050 3794 29290748 1
8024 3808 29290758 1
7990 3826 29290768 1
7949 3833 29290778 1
7909 3816 29290788 1
7874 3784 29290798 1
7848 3727 29290808 1
7839 3645 29290818 1
7839 3546 29290828 1
7861 3468 29290838 1
7920 3411 29290848 1
8003 3368 29290858 1
8112 3347 29290868 1
8253 3362 29290878 1
8414 3402 29290888 1
8548 3444 29290898 1
8645 3480 29290908 1
8718 3506 29290918 1
8725 3512 29290928 1
8725 3505 29290938 1
8720 3505 29290948 1
8720 3499 29290958 1
8712 3499 29290968 1
