218
4370 4331 43111100 0
4370 4331 43111110 1
4395 4331 43111120 1
4419 4346 43111130 1
4451 4362 43111140 1
4488 4386 43111150 1
4524 4407 43111160 1
4558 4427 43111170 1
4583 4437 43111180 1
4596 4442 43111190 1
4596 4442 43111200 1
4603 4428 43111210 1
4597 4393 43111220 1
4585 4343 43111230 1
4566 4265 43111240 1
4541 4181 43111250 1
4513 4080 43111260 1
4482 3969 43111270 1
4450 3843 43111280 1
4417 3712 43111290 1
4395 3612 43111300 1
4374 3535 43111310 1
4356 3459 43111320 1
4340 3390 43111330 1
4325 3325 43111340 1
4312 3276 43111350 1
4301 3250 43111360 1
4301 3240 43111370 1
4309 3240 43111380 1
4326 3246 43111390 1
4357 3265 43111400 1
4398 3301 43111410 1
4453 3347 43111420 1
4514 3400 43111430 1
4587 3456 43111440 1
4671 3519 43111450 1
4764 3586 43111460 1
4862 3664 43111470 1
4955 3752 43111480 1
5048 3847 43111490 1
5135 3934 43111500 1
5218 3998 43111510 1
5275 4047 43111520 1
5309 4073 43111530 1
5327 4082 43111540 1
5332 4082 43111550 1
5337 4061 43111560 1
5329 4017 43111570 1
5311 3955 43111580 1
5286 3870 43111590 1
5262 3770 43111600 1
5240 3660 43111610 1
5223 3583 43111620 1
5215 3522 43111630 1
5215 3471 43111640 1
5220 3444 43111650 1
5231 3436 43111660 1
5247 3436 43111670 1
5268 3468 43111680 1
5305 3533 43111690 1
5352 3623 43111700 1
5397 3707 43111710 1
5442 3791 43111720 1
5481 3846 43111730 1
5516 3883 43111740 1
5541 3891 43111750 1
5560 3879 43111760 1
5576 3853 43111770 1
5588 3816 43111780 1
5594 3778 43111790 1
5594 3737 43111800 1
5594 3711 43111810 1
5599 3695 43111820 1
5599 3695 43111830 1
5604 3695 43111840 1
5612 3708 43111850 1
5633 3759 43111860 1
5664 3823 43111870 1
5704 3897 43111880 1
5749 3956 43111890 1
5795 3996 43111900 1
5829 4024 43111910 1
5855 4034 43111920 1
5876 4026 43111930 1
5898 4006 43111940 1
5917 3965 43111950 1
5934 3908 43111960 1
5958 3840 43111970 1
5984 3771 43111980 1
6017 3715 43111990 1
6060 3669 43112000 1
6121 3642 43112010 1
6193 3632 43112020 1
6286 3632 43112030 1
6380 3672 43112040 1
6477 3747 43112050 1
6572 3846 43112060 1
6656 3949 43112070 1
6732 4052 43112080 1
6784 4156 43112090 1
6809 4252 43112100 1
6817 4328 43112110 1
6802 4392 43112120 1
6771 4423 43112130 1
6730 4423 43112140 1
6680 4407 43112150 1
6622 4355 43112160 1
6558 4272 43112170 1
6502 4168 43112180 1
6451 4078 43112190 1
6426 4002 43112200 1
6418 3936 43112210 1
6431 3899 43112220 1
6449 3883 43112230 1
6476 3883 43112240 1
6517 3908 43112250 1
6567 3960 43112260 1
6624 4030 43112270 1
6682 4100 43112280 1
6730 4166 43112290 1
6770 4201 43112300 1
6789 4217 43112310 1
6796 4208 43112320 1
6796 4175 43112330 1
6796 4125 43112340 1
6796 4068 43112350 1
6810 4016 43112360 1
6841 3973 43112362 1
6883 3934 43112372 1
6939 3919 43112382 1
7013 3931 43112392 1
7098 3960 43112402 1
7196 4019 43112412 1
7299 4099 43112422 1
7395 4193 43112432 1
7484 4296 43112442 1
7553 4410 43112452 1
7606 4532 43112462 1
7649 4634 43112472 1
7668 4707 43112482 1
7663 4760 43112492 1
7641 4794 43112502 1
7604 4787 43112512 1
7547 4754 43112522 1
7476 4684 43112532 1
7397 4602 43112542 1
7320 4513 43112552 1
7279 4441 43112562 1
7261 4390 43112572 1
7272 4353 43112582 1
7287 4337 43112592 1
7320 4337 43112602 1
7364 4356 43112612 1
7415 4397 43112622 1
7467 4450 43112632 1
7520 4512 43112642 1
7570 4566 43112652 1
7608 4602 43112662 1
7638 4626 43112672 1
7646 4626 43112682 1
7646 4608 43112692 1
7646 4576 43112702 1
7640 4514 43112712 1
7630 4436 43112722 1
7623 4347 43112732 1
7623 4243 43112742 1
7623 4136 43112752 1
7632 4022 43112762 1
7643 3880 43112772 1
7659 3720 43112782 1
7682 3593 43112792 1
7707 3464 43112802 1
7732 3326 43112812 1
7743 3183 43112822 1
7755 3060 43112832 1
7755 2973 43112842 1
7745 2910 43112852 1
7719 2873 43112862 1
7675 2862 43112872 1
7620 2868 43112882 1
7546 2894 43112892 1
7471 2932 43112902 1
7394 2978 43112912 1
7329 3030 43112922 1
7270 3079 43112932 1
7249 3123 43112942 1
7249 3169 43112952 1
7292 3228 43112962 1
7372 3296 43112972 1
7476 3392 43112982 1
7613 3504 43112992 1
7779 3628 43113002 1
7965 3785 43113012 1
8133 3961 43113022 1
8307 4149 43113032 1
8465 4345 43113042 1
8609 4536 43113052 1
8700 4660 43113062 1
8743 4742 43113072 1
8755 4797 43113082 1
8733 4826 43113092 1
8688 4838 43113102 1
8627 4832 43113112 1
8556 4801 43113122 1
8479 4753 43113132 1
8397 4696 43113142 1
8334 4634 43113152 1
8292 4564 43113162 1
8265 4476 43113172 1
8265 4376 43113182 1
8303 4269 43113192 1
8362 4166 43113202 1
8454 4090 43113212 1
8576 4032 43113222 1
8717 4020 43113232 1
8921 4056 43113242 1
9154 4123 43113252 1
9405 4231 43113262 1
