256
3007 3455 64337131 0
3007 3455 64337141 1
2965 3474 64337151 1
2953 3495 64337161 1
2953 3514 64337171 1
2953 3514 64337181 1
2953 3552 64337191 1
2953 3572 64337201 1
2982 3604 64337211 1
3022 3645 64337221 1
3085 3699 64337231 1
3149 3756 64337241 1
3212 3814 64337251 1
3253 3857 64337261 1
3282 3883 64337271 1
3299 3899 64337281 1
3304 3899 64337291 1
3304 3899 64337301 1
3304 3890 64337311 1
3304 3857 64337321 1
3310 3805 64337331 1
3316 3723 64337341 1
3328 3637 64337351 1
3345 3520 64337361 1
3365 3384 64337371 1
3390 3206 64337381 1
3418 3034 64337391 1
3448 2865 64337401 1
3479 2692 64337411 1
3508 2564 64337421 1
3533 2465 64337431 1
3556 2393 64337441 1
3577 2346 64337451 1
3592 2317 64337461 1
3608 2317 64337471 1
3624 2334 64337481 1
3657 2373 64337491 1
3696 2454 64337501 1
3740 2551 64337511 1
3772 2658 64337521 1
3802 2791 64337531 1
3831 2919 64337541 1
3863 3020 64337551 1
3897 3105 64337561 1
3935 3176 64337571 1
3965 3223 64337581 1
3989 3254 64337591 1
4001 3268 64337601 1
4001 3268 64337611 1
4001 3268 64337621 1
4001 3261 64337631 1
4001 3250 64337641 1
4001 3228 64337651 1
4001 3205 64337661 1
4001 3182 64337671 1
4001 3160 64337681 1
4011 3133 64337691 1
4018 3101 64337701 1
4025 3065 64337711 1
4033 3024 64337721 1
4042 2985 64337731 1
4051 2965 64337741 1
4051 2957 64337751 1
4056 2957 64337761 1
4056 2975 64337771 1
4084 3001 64337781 1
4120 3070 64337791 1
4162 3143 64337801 1
4204 3218 64337811 1
4245 3281 64337821 1
4281 3338 64337831 1
4314 3368 64337841 1
4342 3381 64337851 1
4371 3376 64337861 1
4404 3346 64337871 1
4439 3300 64337881 1
4469 3234 64337891 1
4496 3168 64337901 1
4515 3102 64337911 1
4529 3049 64337921 1
4539 3003 64337931 1
4539 2977 64337941 1
4547 2967 64337951 1
4547 2967 64337961 1
4547 2975 64337971 1
4547 3015 64337981 1
4567 3079 64337991 1
4590 3162 64338001 1
4613 3241 64338011 1
4635 3318 64338021 1
4658 3373 64338031 1
4683 3408 64338041 1
4709 3429 64338051 1
4737 3436 64338061 1
4768 3428 64338071 1
4802 3409 64338081 1
4834 3375 64338091 1
4864 3329 64338101 1
4894 3276 64338111 1
4925 3238 64338121 1
4957 3211 64338131 1
4994 3192 64338141 1
5038 3192 64338151 1
5092 3216 64338161 1
5160 3262 64338171 1
5235 3329 64338181 1
5297 3405 64338191 1
5346 3488 64338201 1
5385 3570 64338211 1
5406 3645 64338221 1
5406 3707 64338231 1
5391 3763 64338241 1
5361 3793 64338251 1
5319 3806 64338261 1
5270 3791 64338271 1
5207 3755 64338281 1
5144 3705 64338291 1
5102 3652 64338301 1
5075 3595 64338311 1
5066 3530 64338321 1
5066 3463 64338331 1
5080 3407 64338341 1
5107 3358 64338351 1
5147 3330 64338361 1
5192 3330 64338371 1
5244 3337 64338381 1
5298 3373 64338391 1
5347 3425 64338401 1
5392 3487 64338411 1
5421 3537 64338421 1
5437 3585 64338431 1
5443 3615 64338441 1
5443 3635 64338451 1
5443 3640 64338461 1
5443 3640 64338471 1
5443 3631 64338481 1
5443 3620 64338491 1
5443 3587 64338501 1
5462 3552 64338511 1
5488 3512 64338521 1
5526 3482 64338531 1
5569 3459 64338541 1
5621 3459 64338551 1
5680 3465 64338561 1
5743 3485 64338571 1
5810 3529 64338581 1
5878 3582 64338591 1
5925 3640 64338601 1
5962 3703 64338611 1
5991 3775 64338621 1
6002 3853 64338631 1
6002 3915 64338641 1
5989 3957 64338651 1
5974 3986 64338661 1
5955 4004 64338671 1
5933 4017 64338681 1
5920 4017 64338691 1
5907 4017 64338701 1
5896 4001 64338711 1
5884 3973 64338721 1
5875 3935 64338731 1
5875 3887 64338741 1
5875 3838 64338751 1
5896 3797 64338761 1
5924 3761 64338771 1
5959 3749 64338781 1
5999 3762 64338791 1
6044 3792 64338801 1
6079 3834 64338811 1
6108 3885 64338821 1
6131 3941 64338831 1
6146 3992 64338841 1
6156 4038 64338851 1
6156 4071 64338861 1
6156 4089 64338871 1
6156 4097 64338881 1
6150 4097 64338891 1
6150 4097 64338901 1
6142 4088 64338911 1
6142 4052 64338921 1
6142 3999 64338931 1
6152 3917 64338941 1
6167 3809 64338951 1
6189 3685 64338961 1
6220 3560 64338971 1
6259 3398 64338981 1
6301 3211 64338991 1
6332 3017 64339001 1
6355 2837 64339011 1
6355 2667 64339021 1
6340 2558 64339031 1
6325 2484 64339041 1
6312 2434 64339051 1
6284 2405 64339061 1
6247 2396 64339071 1
6174 2401 64339081 1
6110 2434 64339091 1
6053 2509 64339101 1
6016 2613 64339111 1
6002 2761 64339121 1
6002 2908 64339131 1
6034 3055 64339141 1
6085 3177 64339151 1
6149 3306 64339161 1
6235 3440 64339171 1
6321 3546 64339181 1
6392 3625 64339191 1
6453 3686 64339201 1
6496 3724 64339211 1
6517 3742 64339221 1
6524 3742 64339231 1
6524 3742 64339241 1
6518 3719 64339251 1
6510 3687 64339261 1
6497 3649 64339271 1
6486 3611 64339281 1
6480 3578 64339291 1
6488 3549 64339301 1
6504 3525 64339311 1
6524 3510 64339321 1
6549 3502 64339331 1
6582 3502 64339341 1
6633 3537 64339351 1
6696 3586 64339361 1
6769 3659 64339371 1
6843 3754 64339381 1
6914 3865 64339391 1
6966 3968 64339401 1
7007 4071 64339411 1
7022 4152 64339421 1
7022 4218 64339431 1
7004 4244 64339441 1
6981 4244 64339451 1
6931 4230 64339461 1
6863 4174 64339471 1
6801 4113 64339481 1
6757 4043 64339491 1
6726 3956 64339501 1
6715 3859 64339511 1
6723 3759 64339521 1
6743 3685 64339515 1
6779 3629 64339525 1
6832 3593 64339535 1
6897 3582 64339545 1
6963 3589 64339555 1
7044 3631 64339565 1
7134 3695 64339575 1
7222 3773 64339585 1
7309 3853 64339595 1
7382 3926 64339605 1
7446 3974 64339615 1
7482 4007 64339625 1
7493 4012 64339635 1
7486 4012 64339645 1
7479 4006 64339655 1
7459 3990 64339665 1
