131
2586 6075 74108111 0
2555 6061 74108121 1
2548 6068 74108131 1
2548 6073 74108141 1
2578 6092 74108151 1
2653 6120 74108161 1
2756 6156 74108171 1
2873 6202 74108181 1
3037 6255 74108191 1
3232 6308 74108201 1
3400 6359 74108211 1
3555 6403 74108221 1
3701 6442 74108231 1
3823 6475 74108241 1
3902 6506 74108251 1
3951 6506 74108261 1
3964 6506 74108271 1
2518 5336 74108392 0
2362 4982 74108402 1
2258 4907 74108412 1
2232 4891 74108422 1
2258 4871 74108432 1
2318 4877 74108442 1
2416 4900 74108452 1
2539 4956 74108462 1
2736 5029 74108472 1
2917 5114 74108482 1
3086 5192 74108492 1
3258 5263 74108502 1
3403 5321 74108512 1
3530 5374 74108522 1
3629 5408 74108532 1
3693 5432 74108542 1
3733 5432 74108552 1
3733 5432 74108562 1
3407 5767 74108662 0
3407 5767 74108672 1
3407 5767 74108682 1
3407 5767 74108692 1
3408 5739 74108702 1
3388 5691 74108712 1
3358 5598 74108722 1
3315 5502 74108732 1
3262 5404 74108742 1
3201 5259 74108752 1
3135 5111 74108762 1
3066 4955 74108772 1
2994 4793 74108782 1
2938 4628 74108792 1
2915 4508 74108802 1
2915 4414 74108812 1
2942 4338 74108822 1
3012 4300 74108832 1
3111 4290 74108842 1
3236 4298 74108852 1
3366 4352 74108862 1
3503 4418 74108872 1
3639 4491 74108882 1
3773 4554 74108892 1
5014 5985 74109303 0
4952 5948 74109313 1
4916 5948 74109323 1
4884 5953 74109333 1
4868 5953 74109343 1
4862 5953 74109353 1
4862 5953 74109363 1
4867 5953 74109373 1
4881 5961 74109383 1
4925 5984 74109393 1
4989 6016 74109403 1
5070 6053 74109413 1
5156 6093 74109423 1
5253 6133 74109433 1
5355 6174 74109443 1
5440 6205 74109453 1
5506 6222 74109463 1
5558 6229 74109473 1
5591 6224 74109483 1
5613 6215 74109493 1
5628 6198 74109503 1
5638 6175 74109513 1
5631 6130 74109523 1
5612 6072 74109533 1
5571 5988 74109543 1
5519 5878 74109553 1
5460 5751 74109563 1
5400 5642 74109573 1
5340 5513 74109583 1
5281 5372 74109593 1
5223 5223 74109603 1
5167 5085 74109613 1
5137 4954 74109623 1
5130 4833 74109633 1
5139 4734 74109643 1
5178 4651 74109653 1
5242 4574 74109663 1
5322 4514 74109673 1
5438 4465 74109683 1
5559 4440 74109693 1
5704 4440 74109703 1
5864 4452 74109713 1
5998 4502 74109723 1
6125 4559 74109733 1
6248 4620 74109743 1
6333 4667 74109753 1
6369 4701 74109763 1
6369 4727 74109773 1
6350 4765 74109783 1
6163 5596 74109894 0
6220 5669 74109904 1
6220 5690 74109914 1
6207 5696 74109924 1
6188 5696 74109934 1
6146 5690 74109944 1
6089 5677 74109954 1
6022 5662 74109964 1
5951 5642 74109974 1
5865 5605 74109984 1
5768 5558 74109994 1
5670 5503 74110004 1
5599 5452 74110014 1
5546 5404 74110024 1
5511 5361 74110034 1
5504 5324 74110044 1
5515 5290 74110054 1
5552 5252 74110064 1
5639 5218 74110074 1
5759 5204 74110084 1
5892 5204 74110094 1
6018 5204 74110104 1
6140 5210 74110114 1
