106
3359 5901 23938665 0
3448 5923 23938675 1
3511 5978 23938685 1
3584 6037 23938695 1
3767 6098 23938705 1
3960 6162 23938715 1
4160 6241 23938725 1
4380 6329 23938735 1
4570 6409 23938745 1
4740 6463 23938755 1
4838 6500 23938765 1
4881 6505 23938775 1
4886 6484 23938785 1
2974 4638 23938935 0
3000 4618 23938945 1
2973 4636 23938955 1
3026 4636 23938965 1
3135 4671 23938975 1
3281 4737 23938985 1
3439 4826 23938995 1
3635 4921 23939005 1
3855 5014 23939015 1
4075 5117 23939025 1
4308 5210 23939035 1
4521 5288 23939045 1
4715 5349 23939055 1
4852 5387 23939065 1
4916 5411 23939075 1
4188 5698 23939185 0
4188 5743 23939195 1
4188 5760 23939205 1
4166 5765 23939215 1
4181 5723 23939225 1
4196 5650 23939235 1
4210 5539 23939245 1
4197 5377 23939255 1
4167 5180 23939265 1
4117 4963 23939275 1
4061 4753 23939285 1
4001 4547 23939295 1
3946 4375 23939305 1
3896 4246 23939315 1
3874 4145 23939325 1
3868 4097 23939335 1
3887 4071 23939345 1
3934 4059 23939355 1
4000 4076 23939365 1
4113 4126 23939375 1
4272 4199 23939385 1
4462 4293 23939395 1
4690 4395 23939405 1
4894 4502 23939415 1
5082 4569 23939425 1
5224 4613 23939435 1
5319 4641 23939445 1
5382 4661 23939455 1
6138 6035 23939987 0
6140 5990 23939997 1
6085 6033 23940007 1
6090 6101 23940017 1
6154 6135 23940027 1
6257 6193 23940037 1
6401 6267 23940047 1
6547 6347 23940057 1
6701 6426 23940067 1
6863 6479 23940077 1
6978 6516 23940087 1
7060 6516 23940097 1
7110 6479 23940107 1
7125 6421 23940117 1
7117 6313 23940127 1
7055 6137 23940137 1
6968 5916 23940147 1
6865 5664 23940157 1
6764 5423 23940167 1
6695 5190 23940177 1
6648 4993 23940187 1
6642 4828 23940197 1
6662 4684 23940207 1
6698 4577 23940217 1
6765 4488 23940227 1
6866 4410 23940237 1
6990 4374 23940247 1
7125 4367 23940257 1
7283 4380 23940267 1
7456 4431 23940277 1
7613 4491 23940287 1
7731 4556 23940297 1
7822 4598 23940307 1
7861 4623 23940317 1
7704 5973 23940437 0
7804 5931 23940447 1
7752 5947 23940457 1
7686 5989 23940467 1
7610 5902 23940477 1
7489 5806 23940487 1
7377 5703 23940497 1
7272 5601 23940507 1
7184 5529 23940517 1
7145 5478 23940527 1
7138 5433 23940537 1
7178 5386 23940547 1
7266 5337 23940557 1
7385 5308 23940567 1
7528 5292 23940577 1
7674 5279 23940587 1
