92
3534 5861 24091555 0
3448 5818 24091565 1
3463 5845 24091575 1
3493 5886 24091585 1
3591 5899 24091595 1
3735 5894 24091605 1
3902 5884 24091615 1
4114 5889 24091625 1
4355 5905 24091635 1
4596 5927 24091645 1
4780 5943 24091655 1
4926 5943 24091665 1
5001 5925 24091675 1
3616 5100 24091775 0
3301 4873 24091785 1
3228 4867 24091795 1
3238 4867 24091805 1
3302 4867 24091815 1
3471 4867 24091825 1
3703 4867 24091835 1
3978 4886 24091845 1
4286 4917 24091855 1
4591 4965 24091865 1
4893 5013 24091875 1
5123 5062 24091885 1
5295 5084 24091895 1
4523 5533 24092005 0
4362 5548 24092015 1
4292 5548 24092025 1
4239 5548 24092035 1
4188 5409 24092045 1
4141 5185 24092055 1
4095 4906 24092065 1
4049 4603 24092075 1
4022 4340 24092085 1
4043 4103 24092095 1
4095 3942 24092105 1
4203 3831 24092115 1
4352 3754 24092125 1
4529 3701 24092135 1
4731 3663 24092145 1
4933 3636 24092155 1
5138 3636 24092165 1
5340 3664 24092175 1
5532 3704 24092185 1
5689 3740 24092195 1
5829 3769 24092205 1
6527 5741 24092356 0
6519 5825 24092366 1
6519 5951 24092376 1
6492 6015 24092386 1
6578 6075 24092396 1
6738 6112 24092406 1
6946 6135 24092416 1
7120 6146 24092426 1
7254 6124 24092436 1
7362 6079 24092446 1
7411 5977 24092456 1
7417 5815 24092466 1
7395 5613 24092476 1
7330 5359 24092486 1
7257 5079 24092496 1
7178 4783 24092506 1
7132 4562 24092516 1
7104 4340 24092526 1
7089 4115 24092536 1
7100 3925 24092546 1
7152 3758 24092556 1
7232 3646 24092566 1
7349 3561 24092576 1
7469 3495 24092586 1
7595 3456 24092596 1
7727 3446 24092606 1
7862 3456 24092616 1
7979 3491 24092626 1
8083 3550 24092636 1
8190 5238 24092736 0
8021 5160 24092746 1
7863 5183 24092756 1
7692 5093 24092766 1
7511 4970 24092776 1
7395 4825 24092786 1
7360 4723 24092796 1
7379 4642 24092806 1
7449 4574 24092816 1
7542 4486 24092826 1
7649 4397 24092836 1
7771 4322 24092846 1
7894 4256 24092856 1
8017 4212 24092866 1
8112 4188 24092876 1
8173 4178 24092886 1
