130
3357 5463 43183925 0
3314 5396 43183935 1
3299 5436 43183945 1
3311 5436 43183955 1
3367 5467 43183965 1
3468 5511 43183975 1
3598 5576 43183985 1
3769 5649 43183995 1
3927 5728 43184005 1
4076 5803 43184015 1
4228 5877 43184025 1
4343 5924 43184035 1
4433 5954 43184045 1
3514 4689 43184155 0
3490 4383 43184165 1
3424 4410 43184175 1
3424 4400 43184185 1
3475 4365 43184195 1
3553 4365 43184205 1
3667 4409 43184215 1
3804 4476 43184225 1
3943 4556 43184235 1
4101 4648 43184245 1
4271 4749 43184255 1
4424 4864 43184265 1
4561 4962 43184275 1
4687 5048 43184285 1
4356 5510 43184395 0
4338 5461 43184405 1
4291 5471 43184415 1
4252 5437 43184425 1
4236 5375 43184435 1
4236 5256 43184445 1
4230 5118 43184455 1
4217 4968 43184465 1
4198 4798 43184475 1
4167 4626 43184485 1
4129 4453 43184495 1
4086 4232 43184505 1
4035 4032 43184515 1
3985 3846 43184525 1
3939 3669 43184535 1
3898 3526 43184545 1
3872 3407 43184555 1
3853 3299 43184565 1
3853 3228 43184575 1
3866 3183 43184585 1
3888 3159 43184595 1
3936 3159 43184605 1
4000 3165 43184615 1
4103 3211 43184625 1
4244 3291 43184635 1
4410 3393 43184645 1
4592 3506 43184655 1
4792 3618 43184665 1
5003 3746 43184675 1
5203 3886 43184685 1
5405 4014 43184695 1
5581 4120 43184705 1
5739 4211 43184715 1
5878 4282 43184725 1
5981 4347 43184735 1
6599 5805 43184966 0
6562 5717 43184976 1
6505 5732 43184986 1
6494 5732 43184996 1
6514 5732 43185006 1
6544 5737 43185016 1
6597 5761 43185026 1
6665 5799 43185036 1
6776 5871 43185046 1
6906 5955 43185056 1
7049 6047 43185066 1
7202 6125 43185076 1
7357 6183 43185086 1
7473 6228 43185096 1
7562 6244 43185106 1
7605 6244 43185116 1
7621 6229 43185126 1
7621 6196 43185136 1
7594 6125 43185146 1
7541 6030 43185156 1
7470 5870 43185166 1
7388 5691 43185176 1
7306 5500 43185186 1
7224 5260 43185196 1
7157 5026 43185206 1
7093 4797 43185216 1
7048 4605 43185226 1
7014 4413 43185236 1
7008 4220 43185246 1
7002 4061 43185256 1
7038 3926 43185266 1
7100 3821 43185276 1
7192 3752 43185286 1
7341 3707 43185296 1
7527 3702 43185306 1
7717 3739 43185316 1
7929 3803 43185326 1
8155 3873 43185336 1
8376 3955 43185346 1
8558 4045 43185356 1
8713 4127 43185366 1
8843 4207 43185376 1
8936 4282 43185386 1
8529 5471 43185507 0
8480 5590 43185517 1
8354 5683 43185527 1
8270 5722 43185537 1
8213 5722 43185547 1
8153 5687 43185557 1
8066 5621 43185567 1
7961 5537 43185577 1
7823 5446 43185587 1
7690 5354 43185597 1
7559 5263 43185607 1
7450 5180 43185617 1
7376 5100 43185627 1
7324 5035 43185637 1
7340 4980 43185647 1
7427 4931 43185657 1
7560 4897 43185667 1
7775 4892 43185677 1
8046 4907 43185687 1
8355 4919 43185697 1
8681 4932 43185707 1
9004 4946 43185717 1
9325 4956 43185727 1
9654 4963 43185737 1
9958 4963 43185747 1
