95
3188 5976 24094419 0
3188 5976 24094429 1
3188 5976 24094439 1
3238 6023 24094449 1
3321 6029 24094459 1
3525 6006 24094469 1
3755 5991 24094479 1
4003 5991 24094489 1
4255 6005 24094499 1
4474 6027 24094509 1
4671 6043 24094519 1
4796 6048 24094529 1
4852 6035 24094539 1
3076 4991 24094649 0
2902 4816 24094659 1
2865 4835 24094669 1
2928 4861 24094679 1
3085 4893 24094689 1
3304 4917 24094699 1
3541 4940 24094709 1
3803 4975 24094719 1
4081 5019 24094729 1
4353 5062 24094739 1
4608 5101 24094749 1
4785 5115 24094759 1
4915 5115 24094769 1
4171 5648 24094869 0
4029 5647 24094879 1
3983 5647 24094889 1
3932 5667 24094899 1
3878 5569 24094909 1
3824 5358 24094919 1
3770 5073 24094929 1
3722 4718 24094939 1
3709 4376 24094949 1
3720 4044 24094959 1
3784 3774 24094969 1
3889 3615 24094979 1
4021 3530 24094989 1
4198 3491 24094999 1
4407 3476 24095009 1
4637 3476 24095019 1
4901 3497 24095029 1
5153 3537 24095039 1
5396 3591 24095049 1
5618 3644 24095059 1
5793 3696 24095069 1
5928 5724 24095190 0
5886 5804 24095200 1
5886 5944 24095210 1
5937 6046 24095220 1
6085 6120 24095230 1
6298 6176 24095240 1
6484 6198 24095250 1
6675 6193 24095260 1
6868 6171 24095270 1
6961 6096 24095280 1
7005 5954 24095290 1
7015 5768 24095300 1
6983 5555 24095310 1
6923 5279 24095320 1
6844 4962 24095330 1
6796 4676 24095340 1
6785 4452 24095350 1
6798 4269 24095360 1
6841 4101 24095370 1
6903 3953 24095380 1
6978 3818 24095390 1
7074 3701 24095400 1
7202 3632 24095410 1
7352 3595 24095420 1
7510 3595 24095430 1
7653 3624 24095440 1
7787 3670 24095450 1
7910 3741 24095460 1
8023 5558 24095560 0
7983 5436 24095570 1
7920 5528 24095580 1
7812 5517 24095590 1
7675 5438 24095600 1
7551 5271 24095610 1
7421 5144 24095620 1
7287 5044 24095630 1
7231 4977 24095640 1
7216 4910 24095650 1
7229 4842 24095660 1
7300 4744 24095670 1
7413 4650 24095680 1
7554 4559 24095690 1
7708 4488 24095700 1
7870 4443 24095710 1
8037 4416 24095720 1
8167 4407 24095730 1
8253 4407 24095740 1
8310 4407 24095750 1
