91
3452 6098 24089021 0
3513 6088 24089031 1
3586 6199 24089041 1
3719 6245 24089051 1
3891 6245 24089061 1
4143 6245 24089071 1
4364 6245 24089081 1
4565 6252 24089091 1
4769 6262 24089101 1
4896 6262 24089111 1
4971 6248 24089121 1
3530 5296 24089221 0
3227 4990 24089231 1
3141 4963 24089241 1
3141 4995 24089251 1
3233 4995 24089261 1
3391 4984 24089271 1
3628 4974 24089281 1
3895 4967 24089291 1
4183 4993 24089301 1
4489 5040 24089311 1
4758 5093 24089321 1
5003 5142 24089331 1
5159 5171 24089341 1
4473 5792 24089442 0
4362 5754 24089452 1
4288 5776 24089462 1
4180 5713 24089472 1
4110 5527 24089482 1
4043 5258 24089492 1
3982 4940 24089502 1
3951 4619 24089512 1
3938 4342 24089522 1
3973 4096 24089532 1
4068 3917 24089542 1
4202 3811 24089552 1
4378 3754 24089562 1
4591 3744 24089572 1
4828 3754 24089582 1
5047 3777 24089592 1
5287 3814 24089602 1
5542 3870 24089612 1
5783 3938 24089622 1
5977 3997 24089632 1
6137 5818 24089762 0
6140 5860 24089772 1
6145 6002 24089782 1
6207 6141 24089792 1
6307 6227 24089802 1
6502 6281 24089812 1
6718 6294 24089822 1
6948 6280 24089832 1
7103 6249 24089842 1
7202 6176 24089852 1
7264 6032 24089862 1
7273 5840 24089872 1
7239 5614 24089882 1
7177 5345 24089892 1
7110 5047 24089902 1
7048 4750 24089912 1
7015 4522 24089922 1
7000 4340 24089932 1
7000 4147 24089942 1
7030 3979 24089952 1
7080 3827 24089962 1
7172 3697 24089972 1
7296 3611 24089982 1
7440 3554 24089992 1
7584 3545 24090002 1
7721 3563 24090012 1
7852 3600 24090022 1
7962 3640 24090032 1
8040 3698 24090042 1
8010 5423 24090153 0
7881 5297 24090163 1
7756 5289 24090173 1
7598 5224 24090183 1
7426 5094 24090193 1
7271 4921 24090203 1
7127 4805 24090213 1
7077 4729 24090223 1
7077 4681 24090233 1
7120 4617 24090243 1
7210 4531 24090253 1
7329 4430 24090263 1
7468 4341 24090273 1
7607 4281 24090283 1
7747 4241 24090293 1
7891 4219 24090303 1
7994 4204 24090313 1
8071 4193 24090323 1
