95
3550 5775 27478341 0
3585 5764 27478351 1
3571 5791 27478361 1
3628 5839 27478371 1
3731 5900 27478381 1
3860 5994 27478391 1
4012 6082 27478401 1
4178 6183 27478411 1
4350 6296 27478421 1
4518 6378 27478431 1
4683 6438 27478441 1
4800 6484 27478451 1
4884 6504 27478461 1
4941 6519 27478471 1
4973 6525 27478481 1
3564 4891 27478621 0
3642 4898 27478631 1
3722 4967 27478641 1
3793 5097 27478651 1
3929 5179 27478661 1
4108 5230 27478671 1
4330 5366 27478681 1
4552 5478 27478691 1
4747 5575 27478701 1
4924 5641 27478711 1
4430 5985 27478822 0
4461 5867 27478832 1
4395 5843 27478842 1
4373 5827 27478852 1
4381 5625 27478862 1
4370 5399 27478872 1
4360 5156 27478882 1
4348 4988 27478892 1
4311 4856 27478902 1
3913 4344 27478962 0
3751 4118 27478972 1
3721 4092 27478982 1
3721 4128 27478992 1
3787 4158 27479002 1
3896 4264 27479012 1
4068 4422 27479022 1
4298 4603 27479032 1
4567 4785 27479042 1
4863 4967 27479052 1
5104 5110 27479062 1
5309 5214 27479072 1
5458 5292 27479082 1
5575 5362 27479092 1
5671 5426 27479102 1
6788 6400 27479783 0
6592 6329 27479793 1
6503 6463 27479803 1
6417 6564 27479813 1
6481 6647 27479823 1
6641 6717 27479833 1
6866 6836 27479843 1
7063 6950 27479853 1
7265 7061 27479863 1
7422 7082 27479873 1
7546 7050 27479883 1
7611 6984 27479893 1
7635 6859 27479903 1
7635 6668 27479913 1
7580 6432 27479923 1
7514 6120 27479933 1
7437 5815 27479943 1
7378 5515 27479953 1
7344 5257 27479963 1
7326 5048 27479973 1
7351 4873 27479983 1
7420 4766 27479993 1
7518 4716 27480003 1
7648 4705 27480013 1
7795 4729 27480023 1
7954 4798 27480033 1
8084 4896 27480043 1
8195 5003 27480053 1
8536 6606 27480154 0
8584 6602 27480164 1
8444 6692 27480174 1
8310 6664 27480184 1
8180 6558 27480194 1
8042 6419 27480204 1
7902 6299 27480214 1
7764 6193 27480224 1
7627 6122 27480234 1
7570 6060 27480244 1
7575 6004 27480254 1
7620 5941 27480264 1
7749 5874 27480274 1
7917 5804 27480284 1
8110 5767 27480294 1
8302 5750 27480304 1
8495 5750 27480314 1
8645 5745 27480324 1
