103
3460 5824 23983259 0
3411 5791 23983269 1
3393 5852 23983279 1
3427 5891 23983289 1
3496 5929 23983299 1
3635 5967 23983309 1
3802 6007 23983319 1
3988 6045 23983329 1
4187 6107 23983339 1
4371 6187 23983349 1
4545 6230 23983359 1
4676 6253 23983369 1
4772 6262 23983379 1
4845 6257 23983389 1
3153 4512 23983509 0
3015 4314 23983519 1
2993 4348 23983529 1
3005 4457 23983539 1
3121 4526 23983549 1
3302 4610 23983559 1
3527 4705 23983569 1
3796 4841 23983579 1
4059 4979 23983589 1
4318 5118 23983599 1
4560 5232 23983609 1
4745 5317 23983619 1
4892 5383 23983629 1
4975 5425 23983639 1
4557 5640 23983710 0
4306 5639 23983720 1
4192 5652 23983730 1
4115 5633 23983740 1
4062 5593 23983750 1
4028 5472 23983760 1
3997 5270 23983770 1
3970 5014 23983780 1
3941 4686 23983790 1
3912 4369 23983800 1
3901 4060 23983810 1
3920 3834 23983820 1
3959 3716 23983830 1
4028 3670 23983840 1
4138 3663 23983850 1
4274 3699 23983860 1
4443 3763 23983870 1
4649 3876 23983880 1
4879 4006 23983890 1
5097 4147 23983900 1
5320 4283 23983910 1
5500 4389 23983920 1
5650 4474 23983930 1
5789 4548 23983940 1
6779 5975 23984250 0
6762 5892 23984260 1
6731 5970 23984270 1
6780 6123 23984280 1
6882 6178 23984290 1
7065 6269 23984300 1
7250 6384 23984310 1
7440 6430 23984320 1
7632 6430 23984330 1
7740 6405 23984340 1
7802 6334 23984350 1
7832 6203 23984360 1
7816 6031 23984370 1
7753 5752 23984380 1
7658 5440 23984390 1
7564 5107 23984400 1
7480 4790 23984410 1
7428 4550 23984420 1
7395 4362 23984430 1
7395 4172 23984440 1
7442 4027 23984450 1
7523 3912 23984460 1
7645 3862 23984470 1
7797 3851 23984480 1
7969 3865 23984490 1
8126 3923 23984500 1
8283 4001 23984510 1
8443 4092 23984520 1
8567 4176 23984530 1
8668 4256 23984540 1
8743 4330 23984550 1
8535 5483 23984651 0
8535 5483 23984661 1
8535 5483 23984671 1
8438 5493 23984681 1
8327 5396 23984691 1
8205 5240 23984701 1
8112 5122 23984711 1
8055 5052 23984721 1
8022 5014 23984731 1
8015 4978 23984741 1
8041 4924 23984751 1
8089 4857 23984761 1
8181 4783 23984771 1
8307 4732 23984781 1
8455 4696 23984791 1
8603 4684 23984801 1
8731 4684 23984811 1
8846 4700 23984821 1
8907 4705 23984831 1
8945 4711 23984841 1
