100
3679 5875 24082932 0
3487 5754 24082942 1
3409 5793 24082952 1
3370 5899 24082962 1
3356 5909 24082972 1
3400 5909 24082982 1
3509 5898 24082992 1
3661 5911 24083002 1
3880 5947 24083012 1
4120 5998 24083022 1
4375 6056 24083032 1
4630 6109 24083042 1
4815 6134 24083052 1
4952 6143 24083062 1
5028 6126 24083072 1
3438 4643 24083183 0
3318 4487 24083193 1
3325 4521 24083203 1
3371 4547 24083213 1
3530 4587 24083223 1
3754 4636 24083233 1
4020 4691 24083243 1
4321 4761 24083253 1
4609 4842 24083263 1
4888 4912 24083273 1
5092 4959 24083283 1
5247 4990 24083293 1
5368 5004 24083303 1
4548 5711 24083403 0
4521 5700 24083413 1
4500 5774 24083423 1
4457 5764 24083433 1
4452 5699 24083443 1
4439 5502 24083453 1
4399 5204 24083463 1
4344 4839 24083473 1
4294 4480 24083483 1
4273 4173 24083493 1
4273 3902 24083503 1
4301 3728 24083513 1
4370 3641 24083523 1
4465 3611 24083533 1
4599 3584 24083543 1
4770 3570 24083553 1
4965 3570 24083563 1
5181 3602 24083573 1
5419 3668 24083583 1
5672 3755 24083593 1
5914 3855 24083603 1
6106 3951 24083613 1
6265 4030 24083623 1
6397 4099 24083633 1
6217 5420 24083723 0
6202 5620 24083733 1
6217 5794 24083743 1
6264 5920 24083753 1
6383 6015 24083763 1
6550 6087 24083773 1
6774 6134 24083783 1
6976 6164 24083793 1
7162 6143 24083803 1
7273 6057 24083813 1
7330 5929 24083823 1
7351 5722 24083833 1
7312 5461 24083843 1
7231 5163 24083853 1
7122 4841 24083863 1
7046 4590 24083873 1
7007 4387 24083883 1
6993 4214 24083893 1
7013 4068 24083903 1
7069 3940 24083913 1
7150 3818 24083923 1
7263 3727 24083933 1
7393 3658 24083943 1
7533 3633 24083953 1
7664 3645 24083963 1
7796 3683 24083973 1
7914 3753 24083983 1
8023 3859 24083993 1
8115 3989 24084003 1
8343 5309 24084074 0
8329 5486 24084084 1
8272 5481 24084094 1
8181 5494 24084104 1
8057 5436 24084114 1
7911 5332 24084124 1
7728 5200 24084134 1
7596 5078 24084144 1
7497 4964 24084154 1
7465 4851 24084164 1
7499 4748 24084174 1
7576 4653 24084184 1
7679 4563 24084194 1
7802 4491 24084204 1
7938 4432 24084214 1
8058 4391 24084224 1
8163 4365 24084234 1
8257 4350 24084244 1
8323 4341 24084254 1
