115
2815 6180 27513461 0
2672 6170 27513471 1
2607 6206 27513481 1
2607 6255 27513491 1
2644 6261 27513501 1
2750 6276 27513511 1
2893 6297 27513521 1
3061 6333 27513531 1
3269 6382 27513541 1
3479 6441 27513551 1
3707 6491 27513561 1
3947 6524 27513571 1
4144 6545 27513581 1
4271 6545 27513591 1
4351 6538 27513601 1
3950 6395 27513682 0
3835 6139 27513692 1
3756 6012 27513702 1
3710 5888 27513712 1
3687 5597 27513722 1
3687 5234 27513732 1
3717 4823 27513742 1
3769 4483 27513752 1
3824 4225 27513762 1
3879 4022 27513772 1
3935 3950 27513782 1
3999 3941 27513792 1
4852 5143 27513902 0
4936 4936 27513912 1
4921 4886 27513922 1
4886 4701 27513932 1
4901 4516 27513942 1
4941 4406 27513952 1
4998 4347 27513962 1
5029 4338 27513972 1
5080 4363 27513982 1
5144 4412 27513992 1
5211 4491 27514002 1
5272 4573 27514012 1
5284 4658 27514022 1
5265 4740 27514032 1
5196 4822 27514042 1
5108 4903 27514052 1
5006 4976 27514062 1
4930 5045 27514072 1
4901 5083 27514082 1
4901 5102 27514092 1
4969 5136 27514102 1
5064 5187 27514112 1
5179 5249 27514122 1
5298 5258 27514132 1
5414 5243 27514142 1
5526 5212 27514152 1
5635 5167 27514162 1
5740 5099 27514172 1
5834 5017 27514182 1
5880 4890 27514192 1
5894 4752 27514202 1
5894 4606 27514212 1
5894 4508 27514222 1
5884 4437 27514232 1
5870 4383 27514242 1
5864 4361 27514252 1
5864 4354 27514262 1
5864 4354 27514272 1
5864 4384 27514282 1
5895 4490 27514292 1
5940 4650 27514302 1
6003 4858 27514312 1
6086 5011 27514322 1
6182 5127 27514332 1
6264 5175 27514342 1
6337 5180 27514352 1
6403 5156 27514362 1
6455 5085 27514372 1
6496 4961 27514382 1
6530 4801 27514392 1
6560 4631 27514402 1
6591 4510 27514412 1
6623 4422 27514422 1
6648 4376 27514432 1
6674 4353 27514442 1
6700 4346 27514452 1
6733 4364 27514462 1
7131 5228 27514553 0
7257 5120 27514563 1
7217 5063 27514573 1
7217 5035 27514583 1
7239 4852 27514593 1
7283 4703 27514603 1
7342 4578 27514613 1
7410 4521 27514623 1
7478 4497 27514633 1
7534 4497 27514643 1
7582 4521 27514653 1
7640 4592 27514663 1
7701 4692 27514673 1
7767 4814 27514683 1
7826 4961 27514693 1
7881 5125 27514703 1
7922 5223 27514713 1
7929 5253 27514723 1
7913 5238 27514733 1
7908 5197 27514743 1
7868 5026 27514753 1
7804 4768 27514763 1
7720 4427 27514773 1
7621 4036 27514783 1
7512 3613 27514793 1
7395 3265 27514803 1
7278 2947 27514813 1
7163 2648 27514823 1
7049 2477 27514833 1
6958 2391 27514843 1
6902 2362 27514853 1
