152
2321 6132 65964582 0
2189 6124 65964592 1
2148 6139 65964602 1
2148 6139 65964612 1
2171 6139 65964622 1
2245 6139 65964632 1
2398 6167 65964642 1
2603 6211 65964652 1
2870 6259 65964662 1
3138 6304 65964672 1
3406 6345 65964682 1
3641 6384 65964692 1
3855 6422 65964702 1
4014 6465 65964712 1
4174 6511 65964722 1
4301 6553 65964732 1
4404 6580 65964742 1
4456 6598 65964752 1
3829 6489 65964842 0
3682 6352 65964852 1
3596 6254 65964862 1
3540 6134 65964872 1
3487 5958 65964882 1
3439 5733 65964892 1
3383 5475 65964902 1
3322 5174 65964912 1
3271 4869 65964922 1
3226 4611 65964932 1
3201 4387 65964942 1
3188 4186 65964952 1
3198 4059 65964962 1
3220 3981 65964972 1
3250 3955 65964982 1
3288 3981 65964992 1
3329 4042 65965002 1
4715 5188 65965132 0
4810 5234 65965142 1
4810 5239 65965152 1
4810 5239 65965162 1
4767 5203 65965172 1
4731 5160 65965182 1
4687 5102 65965192 1
4648 5018 65965202 1
4611 4912 65965212 1
4589 4792 65965222 1
4575 4686 65965232 1
4575 4599 65965242 1
4588 4526 65965252 1
4623 4490 65965262 1
4673 4485 65965272 1
4739 4500 65965282 1
4807 4555 65965292 1
4862 4629 65965302 1
4907 4716 65965312 1
4934 4805 65965322 1
4940 4895 65965332 1
4931 4985 65965342 1
4908 5066 65965352 1
4879 5122 65965362 1
4845 5161 65965372 1
4805 5172 65965382 1
4767 5166 65965392 1
4729 5150 65965402 1
4724 5135 65965413 1
4749 5115 65965423 1
4794 5086 65965433 1
4865 5073 65965443 1
4970 5073 65965453 1
5097 5087 65965463 1
5247 5116 65965473 1
5381 5155 65965483 1
5503 5200 65965493 1
5600 5245 65965503 1
5668 5286 65965513 1
5717 5320 65965523 1
5734 5344 65965533 1
5734 5362 65965543 1
5719 5378 65965553 1
5701 5378 65965563 1
5674 5346 65965573 1
5640 5296 65965573 1
5619 5233 65965583 1
5602 5153 65965593 1
5591 5063 65965603 1
5581 4969 65965613 1
5574 4877 65965623 1
5574 4801 65965633 1
5574 4734 65965643 1
5581 4710 65965653 1
5590 4701 65965663 1
5600 4701 65965673 1
5627 4731 65965683 1
5658 4797 65965693 1
5697 4887 65965703 1
5743 4989 65965713 1
5809 5086 65965723 1
5887 5153 65965733 1
5959 5202 65965743 1
6026 5221 65965753 1
6089 5211 65965763 1
6147 5183 65965773 1
6205 5130 65965783 1
6263 5070 65965793 1
6304 4997 65965803 1
6333 4915 65965813 1
6362 4829 65965823 1
6395 4746 65965833 1
6437 4704 65965843 1
6490 4687 65965853 1
6551 4708 65965863 1
7012 5266 65965964 0
7044 5325 65965974 1
7038 5342 65965984 1
7038 5347 65965994 1
7038 5347 65966004 1
7038 5340 65966014 1
7038 5305 65966024 1
7038 5250 65966034 1
7038 5167 65966044 1
7038 5073 65966054 1
7038 4972 65966064 1
7046 4870 65966074 1
7056 4772 65966084 1
7074 4712 65966094 1
7104 4675 65966104 1
7142 4666 65966114 1
7188 4695 65966124 1
7254 4749 65966134 1
7332 4844 65966144 1
7411 4965 65966154 1
7491 5104 65966164 1
7574 5258 65966174 1
7661 5413 65966184 1
7736 5569 65966194 1
7802 5637 65966204 1
7827 5666 65966214 1
7827 5666 65966224 1
7821 5666 65966234 1
7793 5619 65966244 1
7742 5547 65966254 1
7676 5417 65966264 1
7593 5219 65966274 1
7489 4977 65966284 1
7371 4671 65966294 1
7228 4364 65966304 1
7102 4056 65966314 1
6988 3788 65966324 1
6878 3570 65966334 1
6760 3385 65966344 1
6636 3208 65966354 1
6520 3083 65966364 1
6418 2992 65966374 1
