127
2262 4635 22976071 0
2262 4635 22976081 1
2262 4635 22976091 1
2262 4635 22976101 1
2292 4675 22976111 1
2382 4723 22976121 1
2511 4825 22976131 1
2727 4971 22976141 1
2996 5146 22976151 1
3299 5304 22976161 1
3623 5446 22976171 1
3902 5578 22976181 1
4151 5665 22976191 1
4378 5750 22976201 1
4563 5810 22976211 1
4721 5853 22976221 1
3783 5417 22976361 0
3655 5268 22976371 1
3548 5361 22976381 1
3476 5335 22976391 1
3426 5229 22976401 1
3389 5097 22976411 1
3349 4906 22976421 1
3307 4675 22976431 1
3257 4418 22976441 1
3205 4096 22976451 1
3151 3732 22976461 1
3098 3480 22976471 1
3093 3287 22976481 1
3120 3134 22976491 1
5086 4146 22977152 0
5018 4069 22977162 1
4933 4069 22977172 1
4874 3990 22977182 1
4831 3855 22977192 1
4815 3682 22977202 1
4825 3531 22977212 1
4852 3419 22977222 1
4905 3333 22977232 1
4986 3278 22977242 1
5085 3278 22977252 1
5205 3316 22977262 1
5326 3428 22977272 1
5420 3578 22977282 1
5496 3754 22977292 1
5521 3933 22977302 1
5486 4062 22977312 1
5412 4157 22977322 1
5280 4212 22977332 1
5131 4207 22977342 1
4970 4163 22977352 1
4862 4068 22977362 1
4790 3955 22977372 1
4743 3831 22977382 1
6256 3998 22977603 0
6213 4015 22977613 1
6166 4034 22977623 1
6103 4082 22977633 1
6095 4072 22977643 1
6090 4022 22977653 1
6090 3945 22977663 1
6095 3838 22977673 1
6095 3737 22977683 1
6095 3640 22977693 1
6095 3604 22977703 1
6095 3604 22977713 1
6095 3604 22977723 1
6149 3660 22977733 1
6193 3750 22977743 1
6254 3864 22977753 1
6311 3951 22977763 1
6365 4009 22977773 1
6416 4049 22977783 1
6457 4058 22977793 1
6492 4035 22977803 1
6516 3990 22977813 1
6523 3900 22977823 1
6523 3770 22977833 1
6510 3614 22977843 1
6488 3457 22977853 1
6457 3297 22977863 1
6444 3197 22977873 1
6452 3138 22977883 1
7361 3895 22978184 0
7421 3963 22978194 1
7354 4003 22978204 1
7325 4016 22978214 1
7317 4030 22978224 1
7324 4044 22978234 1
7338 4023 22978244 1
7357 3965 22978254 1
7392 3883 22978264 1
7436 3784 22978274 1
7483 3689 22978284 1
7527 3598 22978294 1
7561 3519 22978304 1
7589 3472 22978314 1
7610 3446 22978324 1
7617 3446 22978334 1
7617 3446 22978344 1
7617 3446 22978354 1
7647 3464 22978364 1
7699 3512 22978374 1
7787 3579 22978384 1
7875 3657 22978394 1
7962 3735 22978404 1
8017 3813 22978414 1
8049 3892 22978424 1
8065 3922 22978434 1
8065 3930 22978444 1
8065 3923 22978454 1
8044 3907 22978464 1
8012 3851 22978474 1
7960 3768 22978484 1
7884 3654 22978494 1
7792 3500 22978504 1
7690 3320 22978514 1
7570 3047 22978524 1
7439 2762 22978534 1
7307 2470 22978544 1
7180 2196 22978554 1
7100 1976 22978564 1
7048 1791 22978574 1
7031 1707 22978584 1
7019 1678 22978594 1
7019 1687 22978604 1
7019 1679 22978614 1
