127
2020 5359 64838239 0
1988 5194 64838249 1
1931 5277 64838259 1
1909 5337 64838269 1
1915 5382 64838279 1
1939 5445 64838289 1
2002 5530 64838299 1
2128 5629 64838309 1
2296 5744 64838319 1
2537 5855 64838329 1
2841 5964 64838339 1
3187 6020 64838349 1
3547 6039 64838359 1
3897 6033 64838369 1
4241 6033 64838379 1
4575 6055 64838389 1
4834 6086 64838399 1
5044 6102 64838409 1
5159 6114 64838419 1
5212 6114 64838429 1
5224 6114 64838439 1
4162 5839 64838579 0
4133 5772 64838589 1
4081 5758 64838599 1
4056 5758 64838609 1
4050 5629 64838619 1
4050 5385 64838629 1
4050 5063 64838639 1
4081 4610 64838649 1
4128 4148 64838659 1
4197 3681 64838669 1
4268 3404 64838679 1
4319 3218 64838689 1
4356 3093 64838699 1
4382 3016 64838709 1
4395 2976 64838719 1
4395 2961 64838729 1
6086 4492 64838970 0
6100 4435 64838980 1
6056 4417 64838990 1
6056 4283 64839000 1
6081 4071 64839010 1
6117 3875 64839020 1
6160 3747 64839030 1
6204 3664 64839040 1
6251 3635 64839050 1
6304 3630 64839060 1
6362 3641 64839070 1
6443 3699 64839080 1
6538 3822 64839090 1
6616 3988 64839100 1
6660 4177 64839110 1
6681 4348 64839120 1
6668 4506 64839130 1
6618 4576 64839140 1
6543 4597 64839150 1
6428 4586 64839160 1
6289 4528 64839170 1
6135 4443 64839180 1
6021 4341 64839190 1
5941 4244 64839200 1
5884 4164 64839210 1
5867 4095 64839220 1
7486 4684 64839400 0
7553 4593 64839410 1
7536 4609 64839420 1
7544 4545 64839430 1
7549 4427 64839440 1
7549 4250 64839450 1
7549 4088 64839460 1
7544 3937 64839470 1
7534 3815 64839480 1
7528 3745 64839490 1
7528 3709 64839500 1
7528 3709 64839510 1
7528 3725 64839520 1
7523 3755 64839530 1
7545 3871 64839540 1
7585 4046 64839550 1
7658 4260 64839560 1
7760 4470 64839570 1
7880 4597 64839580 1
7974 4668 64839590 1
8044 4668 64839600 1
8098 4616 64839610 1
8153 4521 64839620 1
8207 4376 64839630 1
8261 4225 64839640 1
8320 4071 64839650 1
8363 3953 64839660 1
8396 3872 64839670 1
8421 3817 64839680 1
8436 3782 64839690 1
9026 4793 64839951 0
9026 4793 64839961 1
9046 4762 64839971 1
9073 4747 64839981 1
9109 4653 64839991 1
9141 4500 64840001 1
9178 4307 64840011 1
9207 4142 64840021 1
9228 4020 64840031 1
9264 3926 64840041 1
9306 3858 64840051 1
9351 3822 64840061 1
9396 3808 64840071 1
9451 3814 64840081 1
9508 3848 64840091 1
10051 4975 64840392 0
10051 4975 64840402 1
10042 4946 64840412 1
10037 4936 64840422 1
10022 4878 64840432 1
10001 4766 64840442 1
9951 4617 64840452 1
9881 4386 64840462 1
9797 4076 64840472 1
9719 3713 64840482 1
9614 3402 64840492 1
9491 3047 64840502 1
9339 2662 64840512 1
9190 2376 64840522 1
9043 2081 64840532 1
8850 1780 64840542 1
8660 1526 64840552 1
8477 1354 64840562 1
8364 1237 64840572 1
