147
2347 4992 64802718 0
2318 4998 64802728 1
2282 5024 64802738 1
2251 5037 64802748 1
2227 5037 64802758 1
2206 5050 64802768 1
2188 5080 64802778 1
2176 5124 64802788 1
2190 5191 64802798 1
2220 5289 64802808 1
2297 5409 64802818 1
2436 5572 64802828 1
2617 5737 64802838 1
2847 5903 64802848 1
3086 6011 64802858 1
3330 6059 64802868 1
3585 6067 64802878 1
3841 6053 64802888 1
4079 6046 64802898 1
4305 6046 64802908 1
4504 6065 64802918 1
4676 6101 64802928 1
4831 6146 64802938 1
4914 6182 64802948 1
4943 6195 64802958 1
4935 6195 64802968 1
3974 5863 64803108 0
3914 5735 64803118 1
3884 5706 64803128 1
3851 5706 64803138 1
3815 5567 64803148 1
3776 5315 64803158 1
3722 4986 64803168 1
3655 4568 64803178 1
3580 4127 64803188 1
3537 3672 64803198 1
3492 3337 64803208 1
3446 3082 64803218 1
3428 2880 64803228 1
3413 2749 64803238 1
3405 2681 64803248 1
3405 2655 64803258 1
3405 2655 64803268 1
5107 4262 64803709 0
5080 4250 64803719 1
5046 4220 64803729 1
5046 4118 64803739 1
5066 4002 64803749 1
5104 3877 64803759 1
5155 3800 64803769 1
5223 3773 64803779 1
5302 3779 64803789 1
5381 3814 64803799 1
5459 3882 64803809 1
5527 3973 64803819 1
5589 4082 64803829 1
5620 4202 64803839 1
5614 4329 64803849 1
5582 4428 64803859 1
5515 4479 64803869 1
5416 4497 64803879 1
5295 4471 64803889 1
5162 4403 64803899 1
5055 4307 64803909 1
4966 4217 64803919 1
4910 4143 64803929 1
4880 4081 64803939 1
4868 4053 64803949 1
4887 4045 64803959 1
6394 4712 64804170 0
6439 4668 64804180 1
6404 4645 64804190 1
6396 4629 64804200 1
6391 4510 64804210 1
6391 4353 64804220 1
6400 4171 64804230 1
6408 4004 64804240 1
6408 3878 64804250 1
6408 3780 64804260 1
6402 3722 64804270 1
6396 3698 64804280 1
6396 3698 64804290 1
6396 3698 64804300 1
6396 3773 64804310 1
6406 3888 64804320 1
6430 4062 64804330 1
6478 4244 64804340 1
6543 4432 64804350 1
6620 4548 64804360 1
6694 4619 64804370 1
6760 4660 64804380 1
6820 4671 64804390 1
6868 4653 64804400 1
6911 4616 64804410 1
6951 4519 64804420 1
6989 4366 64804430 1
7026 4177 64804440 1
7063 3998 64804450 1
7101 3855 64804460 1
7136 3735 64804470 1
7168 3688 64804480 1
7197 3671 64804490 1
7228 3671 64804500 1
7263 3705 64804510 1
7850 4781 64804881 0
7850 4781 64804891 1
7857 4806 64804901 1
7870 4818 64804911 1
7888 4832 64804921 1
7910 4848 64804931 1
7930 4855 64804941 1
7944 4855 64804951 1
7955 4855 64804961 1
7976 4815 64804971 1
7994 4754 64804981 1
8011 4614 64804991 1
8030 4471 64805001 1
8049 4295 64805011 1
8072 4099 64805021 1
8098 3960 64805031 1
8133 3868 64805041 1
8173 3807 64805051 1
8213 3763 64805061 1
8254 3742 64805071 1
8293 3737 64805081 1
8330 3753 64805091 1
8364 3796 64805101 1
8888 4872 64805421 0
8888 4872 64805431 1
8853 4879 64805441 1
8838 4879 64805451 1
8821 4865 64805461 1
8800 4824 64805471 1
8775 4765 64805481 1
8746 4670 64805491 1
8698 4513 64805501 1
8626 4315 64805511 1
8539 4038 64805521 1
8411 3734 64805531 1
8262 3411 64805541 1
8099 3067 64805551 1
7921 2695 64805561 1
7739 2305 64805571 1
7554 1962 64805581 1
7415 1701 64805591 1
7320 1495 64805601 1
7253 1394 64805611 1
