144
2357 6945 65948579 0
2247 6905 65948589 1
2214 6905 65948599 1
2184 6890 65948609 1
2177 6890 65948619 1
2184 6890 65948629 1
2205 6890 65948639 1
2268 6890 65948649 1
2358 6914 65948659 1
2524 6954 65948669 1
2729 6994 65948679 1
2959 7049 65948689 1
3178 7114 65948699 1
3372 7151 65948709 1
3550 7183 65948719 1
3721 7209 65948729 1
3852 7232 65948739 1
3956 7253 65948749 1
4038 7271 65948759 1
4089 7284 65948769 1
4120 7289 65948779 1
3587 7237 65948859 0
3450 7050 65948869 1
3379 6935 65948879 1
3316 6774 65948889 1
3260 6594 65948899 1
3207 6402 65948909 1
3149 6131 65948919 1
3089 5855 65948929 1
3036 5576 65948939 1
2987 5312 65948949 1
2948 5069 65948959 1
2921 4840 65948969 1
2921 4694 65948979 1
2941 4616 65948989 1
2966 4583 65948999 1
2995 4588 65949009 1
3031 4635 65949019 1
4474 5919 65949159 0
4516 5966 65949169 1
4498 5982 65949179 1
4463 5982 65949189 1
4428 5982 65949199 1
4384 5960 65949209 1
4333 5919 65949219 1
4283 5865 65949229 1
4238 5792 65949239 1
4201 5719 65949249 1
4172 5632 65949259 1
4163 5537 65949269 1
4163 5437 65949279 1
4200 5335 65949289 1
4238 5274 65949299 1
4300 5241 65949309 1
4375 5258 65949319 1
4458 5320 65949329 1
4538 5412 65949339 1
4595 5514 65949349 1
4636 5616 65949359 1
4646 5721 65949369 1
4637 5829 65949379 1
4614 5937 65949389 1
4579 5995 65949399 1
4525 6021 65949409 1
4458 6021 65949419 1
4387 5995 65949429 1
4320 5958 65949439 1
4288 5923 65949449 1
5132 6047 65949560 0
5227 6015 65949570 1
5227 6022 65949580 1
5215 5977 65949590 1
5197 5898 65949600 1
5176 5801 65949610 1
5155 5710 65949620 1
5138 5622 65949630 1
5127 5535 65949640 1
5121 5462 65949650 1
5121 5399 65949660 1
5130 5352 65949670 1
5137 5332 65949680 1
5142 5332 65949690 1
5157 5338 65949700 1
5188 5392 65949710 1
5230 5478 65949720 1
5278 5591 65949730 1
5330 5708 65949740 1
5390 5827 65949750 1
5457 5904 65949760 1
5531 5959 65949770 1
5608 6000 65949780 1
5689 6016 65949790 1
5769 6006 65949800 1
5850 5980 65949810 1
5918 5925 65949820 1
5978 5846 65949830 1
6033 5751 65949840 1
6077 5666 65949850 1
6113 5589 65949860 1
6151 5524 65949870 1
6192 5465 65949880 1
6238 5427 65949890 1
6287 5421 65949900 1
6341 5437 65949910 1
6400 5489 65949920 1
6464 5562 65949930 1
6672 5814 65949971 0
6805 5952 65949981 1
6854 5993 65949991 1
6874 6008 65950001 1
6884 6008 65950011 1
6884 5992 65950021 1
6889 5950 65950031 1
6889 5869 65950041 1
6889 5763 65950051 1
6889 5660 65950061 1
6889 5556 65950071 1
6897 5449 65950081 1
6911 5369 65950091 1
6926 5307 65950101 1
6957 5284 65950111 1
6994 5304 65950121 1
7039 5353 65950131 1
7089 5435 65950141 1
7140 5537 65950151 1
7193 5653 65950161 1
7252 5781 65950171 1
7316 5911 65950181 1
7374 6043 65950191 1
7405 6080 65950201 1
7419 6093 65950211 1
7419 6093 65950221 1
7400 6051 65950231 1
7376 5950 65950241 1
7317 5807 65950251 1
7227 5616 65950261 1
7117 5336 65950271 1
6963 4997 65950281 1
6770 4589 65950291 1
6551 4203 65950301 1
6357 3833 65950311 1
6165 3514 65950321 1
6028 3263 65950331 1
5927 3057 65950341 1
