132
2804 5760 43271751 0
2791 5768 43271761 1
2798 5763 43271771 1
2827 5757 43271781 1
2871 5750 43271791 1
2945 5750 43271801 1
3071 5760 43271811 1
3231 5785 43271821 1
3417 5820 43271831 1
3621 5863 43271841 1
3838 5898 43271851 1
4020 5931 43271861 1
4204 5956 43271871 1
4341 5973 43271881 1
4445 5981 43271891 1
4496 5981 43271901 1
4508 5981 43271911 1
4495 5981 43271921 1
4434 5981 43271931 1
4341 5969 43271941 1
4226 5926 43271951 1
4099 5864 43271961 1
3977 5762 43271971 1
3866 5620 43271981 1
3761 5452 43271991 1
3658 5216 43272001 1
3556 4958 43272011 1
3489 4685 43272021 1
3444 4454 43272031 1
3414 4221 43272041 1
3404 4047 43272051 1
3418 3914 43272061 1
3448 3835 43272071 1
3510 3799 43272081 1
4960 4408 43272212 0
5054 4459 43272212 1
5043 4501 43272222 1
5015 4510 43272232 1
4964 4501 43272242 1
4912 4479 43272252 1
4859 4455 43272262 1
4811 4415 43272272 1
4761 4364 43272282 1
4712 4290 43272292 1
4672 4214 43272302 1
4652 4133 43272312 1
4644 4053 43272322 1
4653 3975 43272332 1
4689 3915 43272342 1
4744 3867 43272352 1
4823 3858 43272362 1
4923 3897 43272372 1
5036 3969 43272382 1
5149 4073 43272392 1
5229 4180 43272402 1
5286 4288 43272412 1
5286 4382 43272422 1
5240 4459 43272432 1
5167 4524 43272442 1
5084 4568 43272452 1
5003 4589 43272462 1
4928 4594 43272472 1
4882 4582 43272482 1
4853 4564 43272492 1
4859 4534 43272502 1
4898 4495 43272512 1
4958 4462 43272522 1
6049 4657 43272622 0
6121 4687 43272632 1
6127 4675 43272642 1
6127 4639 43272652 1
6127 4573 43272662 1
6116 4487 43272672 1
6107 4394 43272682 1
6101 4301 43272692 1
6101 4225 43272702 1
6101 4160 43272712 1
6101 4120 43272722 1
6101 4102 43272732 1
6101 4102 43272742 1
6108 4112 43272752 1
6137 4168 43272762 1
6181 4254 43272772 1
6251 4373 43272782 1
6325 4488 43272792 1
6393 4565 43272802 1
6456 4620 43272812 1
6492 4637 43272822 1
6523 4623 43272832 1
6550 4589 43272842 1
6572 4530 43272852 1
6588 4457 43272862 1
6599 4374 43272872 1
6617 4297 43272882 1
6637 4232 43272892 1
6662 4175 43272902 1
7194 4704 43273013 0
7307 4831 43273023 1
7307 4859 43273033 1
7302 4815 43273043 1
7287 4736 43273053 1
7265 4634 43273063 1
7235 4506 43273073 1
7210 4378 43273083 1
7194 4250 43273093 1
7194 4151 43273103 1
7211 4072 43273113 1
7240 4024 43273123 1
7290 4015 43273133 1
7355 4031 43273143 1
7443 4096 43273153 1
7547 4206 43273163 1
7661 4346 43273173 1
7777 4499 43273183 1
7894 4647 43273193 1
7980 4786 43273203 1
8044 4889 43273213 1
8080 4968 43273223 1
8089 4983 43273233 1
8081 4965 43273243 1
8061 4926 43273253 1
8007 4788 43273263 1
7929 4603 43273273 1
7812 4388 43273283 1
7691 4101 43273293 1
7567 3770 43273303 1
7468 3409 43273313 1
7356 3059 43273323 1
7235 2712 43273333 1
7112 2367 43273343 1
6977 2032 43273353 1
6834 1720 43273363 1
