360
1677 6279 40949782 0
1719 6177 40949792 1
1759 6281 40949802 1
1809 6349 40949812 1
1966 6393 40949822 1
2195 6508 40949832 1
2473 6644 40949842 1
2820 6794 40949852 1
3169 6948 40949862 1
3528 7063 40949872 1
3893 7151 40949882 1
4145 7207 40949892 1
4324 7257 40949902 1
4454 7278 40949912 1
4482 7278 40949922 1
4467 7278 40949932 1
4424 7241 40949942 1
3161 6919 40950023 0
2979 6891 40950033 1
2947 6924 40950043 1
2940 6924 40950053 1
2949 6924 40950063 1
2971 6879 40950073 1
2994 6812 40950083 1
3015 6670 40950093 1
2998 6399 40950103 1
2959 6041 40950113 1
2937 5616 40950123 1
2920 5190 40950133 1
2920 4761 40950143 1
2926 4421 40950153 1
2935 4140 40950163 1
2946 3898 40950173 1
2960 3693 40950183 1
2977 3513 40950193 1
2998 3371 40950203 1
3020 3262 40950213 1
3035 3174 40950223 1
3046 3136 40950233 1
3046 3136 40950243 1
3057 3150 40950253 1
3074 3268 40950263 1
3376 6025 40950353 0
3713 6274 40950363 1
3786 6332 40950373 1
3806 6284 40950383 1
3858 6173 40950393 1
3868 6021 40950403 1
3851 5896 40950413 1
3838 5805 40950423 1
3830 5738 40950433 1
3824 5725 40950443 1
3832 5725 40950453 1
3868 5741 40950463 1
3922 5813 40950473 1
4005 5943 40950483 1
4103 6111 40950493 1
4211 6248 40950503 1
4266 6310 40950513 1
4292 6323 40950523 1
4298 6296 40950533 1
4313 6236 40950543 1
4306 6153 40950553 1
4283 6030 40950563 1
4225 5903 40950573 1
4154 5788 40950583 1
4075 5684 40950593 1
3990 5583 40950603 1
3123 4821 40950714 0
3261 4708 40950724 1
3276 4678 40950734 1
3228 4589 40950744 1
3256 4460 40950754 1
3301 4328 40950764 1
3357 4192 40950774 1
3417 4078 40950784 1
3478 3982 40950794 1
3541 3922 40950804 1
3595 3891 40950814 1
3643 3880 40950824 1
3675 3880 40950834 1
3689 3903 40950844 1
3689 3931 40950854 1
3684 3999 40950864 1
3679 4101 40950874 1
3679 4227 40950884 1
3694 4388 40950894 1
3734 4512 40950904 1
3788 4612 40950914 1
3844 4665 40950924 1
3900 4688 40950934 1
3955 4688 40950944 1
4008 4645 40950954 1
4058 4556 40950964 1
4083 4437 40950974 1
4090 4290 40950984 1
4062 4161 40950994 1
4025 4044 40951004 1
3983 3959 40951014 1
3970 3929 40951024 1
3970 3936 40951034 1
3970 3943 40951044 1
3970 3949 40951054 1
3970 3956 40951064 1
4951 5049 40951204 0
5010 4983 40951214 1
4967 4935 40951224 1
4873 4830 40951234 1
4822 4702 40951244 1
4773 4560 40951254 1
4743 4398 40951264 1
4724 4306 40951274 1
4731 4260 40951284 1
4757 4231 40951294 1
4796 4225 40951304 1
4839 4235 40951314 1
4881 4294 40951324 1
4921 4387 40951334 1
4954 4502 40951344 1
4982 4610 40951354 1
5021 4715 40951364 1
5062 4817 40951374 1
5109 4861 40951384 1
5161 4872 40951394 1
5211 4861 40951404 1
5239 4820 40951414 1
5254 4750 40951424 1
5221 4662 40951434 1
5132 4539 40951444 1
5006 4396 40951454 1
4875 4240 40951464 1
4738 4110 40951474 1
4596 4011 40951484 1
4493 3932 40951494 1
3022 3142 40951605 0
3063 3094 40951615 1
3048 3109 40951625 1
3041 3114 40951635 1
3129 3114 40951645 1
3268 3132 40951655 1
3442 3155 40951665 1
3685 3208 40951675 1
3973 3275 40951685 1
4291 3351 40951695 1
4680 3411 40951705 1
4999 3466 40951715 1
5271 3492 40951725 1
5521 3501 40951735 1
5717 3518 40951745 1
5876 3518 40951755 1
5994 3497 40951765 1
6102 3490 40951775 1
6202 3490 40951785 1
6301 3499 40951795 1
6031 6104 40951955 0
5971 6027 40951965 1
5913 6076 40951975 1
5942 6098 40951985 1
6030 6098 40951995 1
6280 6160 40952005 1
6612 6235 40952015 1
6999 6322 40952025 1
7339 6387 40952035 1
7626 6447 40952045 1
7877 6486 40952055 1
8012 6513 40952065 1
8093 6532 40952075 1
8137 6560 40952085 1
6967 7084 40952156 0
6803 6937 40952166 1
6769 6918 40952176 1
6780 6788 40952186 1
6822 6592 40952196 1
6884 6351 40952206 1
6916 6070 40952216 1
6929 5793 40952226 1
6894 5520 40952236 1
6846 5268 40952246 1
6788 5084 40952256 1
6748 4945 40952266 1
6714 4846 40952276 1
6684 4800 40952286 1
6675 4789 40952296 1
6675 4789 40952306 1
6688 4860 40952316 1
6789 4969 40952326 1
6944 5140 40952336 1
7136 5292 40952346 1
7349 5431 40952356 1
7480 5481 40952366 1
7556 5493 40952376 1
7579 5480 40952386 1
7561 5445 40952396 1
7515 5372 40952406 1
7432 5274 40952416 1
7329 5184 40952426 1
7213 5109 40952436 1
7099 5043 40952446 1
6326 4589 40952506 0
6316 4433 40952516 1
6327 4386 40952526 1
6320 4348 40952536 1
6320 4184 40952546 1
6326 3984 40952556 1
6316 3760 40952566 1
6298 3533 40952576 1
6277 3353 40952586 1
6266 3205 40952596 1
6288 3144 40952606 1
6328 3128 40952616 1
6376 3142 40952626 1
6435 3232 40952636 1
6501 3347 40952646 1
6553 3713 40952686 0
6580 3831 40952696 1
6600 3811 40952706 1
6637 3765 40952716 1
6687 3674 40952726 1
6750 3570 40952736 1
6819 3458 40952746 1
6899 3358 40952756 1
6981 3279 40952766 1
7091 3215 40952776 1
7220 3187 40952786 1
7364 3178 40952796 1
7493 3178 40952806 1
7613 3232 40952816 1
7701 3296 40952826 1
7753 3370 40952836 1
7782 3463 40952846 1
7782 3602 40952857 1
7782 3771 40952867 1
7768 3978 40952877 1
7781 4104 40952887 1
7819 4175 40952897 1
7874 4212 40952907 1
7946 4223 40952917 1
8020 4218 40952927 1
8108 4183 40952937 1
8204 4117 40952947 1
8307 4031 40952957 1
8406 3926 40952967 1
8503 3791 40952977 1
8541 3637 40952987 1
8532 3488 40952997 1
8491 3333 40953007 1
8390 3169 40953017 1
8277 3002 40953027 1
8157 2886 40953037 1
8065 2821 40953047 1
7996 2789 40953057 1
7942 2802 40953067 1
9213 6655 40953267 0
9262 7013 40953277 1
9244 7132 40953287 1
9244 7238 40953297 1
9265 7217 40953307 1
9327 7130 40953317 1
9392 6999 40953327 1
9430 6794 40953337 1
9449 6602 40953347 1
9449 6420 40953357 1
9459 6269 40953367 1
9441 6162 40953377 1
9407 6085 40953387 1
8803 5933 40953447 0
8630 6003 40953457 1
8588 6003 40953467 1
8564 5998 40953477 1
8564 5986 40953487 1
8606 5939 40953497 1
8668 5892 40953507 1
8778 5869 40953517 1
8936 5861 40953527 1
9127 5908 40953537 1
9353 5984 40953547 1
9596 6080 40953557 1
9849 6178 40953567 1
10046 6271 40953577 1
10156 6356 40953587 1
10207 6398 40953597 1
10215 6412 40953607 1
10192 6381 40953617 1
10149 6243 40953627 1
10022 6034 40953637 1
9834 5757 40953647 1
9605 5496 40953657 1
9360 5247 40953667 1
9113 4982 40953677 1
8864 4714 40953687 1
8655 4524 40953697 1
8532 4388 40953707 1
8467 4284 40953717 1
8443 4223 40953727 1
8460 4190 40953737 1
8503 4181 40953747 1
8610 4242 40953757 1
8781 4350 40953767 1
8994 4524 40953777 1
9220 4712 40953787 1
9430 4909 40953797 1
9630 5029 40953807 1
9761 5098 40953817 1
9840 5132 40953827 1
9883 5141 40953837 1
9877 5122 40953847 1
9809 5085 40953857 1
9699 5005 40953867 1
9555 4872 40953877 1
9385 4704 40953887 1
9197 4493 40953897 1
9034 4218 40953907 1
8873 3901 40953917 1
8743 3570 40953927 1
8634 3311 40953937 1
8573 3101 40953947 1
8539 2967 40953957 1
8524 2879 40953967 1
8515 2823 40953977 1
8521 2818 40953987 1
8923 3641 40954058 0
9102 3795 40954068 1
9136 3843 40954078 1
9143 3843 40954088 1
9164 3801 40954098 1
9179 3724 40954108 1
9190 3618 40954118 1
9190 3493 40954128 1
9211 3372 40954138 1
9248 3251 40954148 1
9330 3130 40954158 1
9478 3042 40954168 1
9670 2974 40954178 1
9910 2937 40954188 1
10129 2897 40954198 1
10335 2853 40954208 1
10538 2838 40954218 1
10722 2845 40954228 1
10878 2862 40954238 1
11022 2904 40954248 1
11113 2963 40954258 1
11195 3058 40954268 1
11271 3232 40954278 1
11352 3458 40954288 1
11431 3749 40954298 1
11506 4124 40954308 1
11578 4554 40954318 1
11651 5008 40954328 1
11732 5462 40954338 1
11765 5916 40954348 1
11765 6248 40954358 1
11733 6518 40954368 1
11696 6746 40954378 1
11654 6922 40954388 1
11614 7087 40954398 1
11548 7245 40954408 1
11465 7445 40954418 1
11353 7655 40954428 1
11176 7871 40954438 1
10955 8082 40954448 1
