298
1993 6689 36582996 0
1910 6584 36583006 1
1841 6605 36583016 1
1841 6615 36583026 1
1869 6620 36583036 1
1919 6620 36583046 1
2098 6652 36583056 1
2406 6714 36583066 1
2799 6802 36583076 1
3223 6897 36583086 1
3656 6997 36583096 1
4096 7065 36583106 1
4426 7116 36583116 1
4659 7156 36583126 1
4828 7181 36583136 1
4923 7203 36583146 1
4978 7220 36583156 1
5005 7234 36583166 1
5005 7242 36583176 1
2839 6732 36583277 0
2697 6615 36583287 1
2661 6631 36583297 1
2636 6692 36583307 1
2629 6673 36583317 1
2629 6575 36583327 1
2647 6424 36583337 1
2673 6180 36583347 1
2703 5857 36583357 1
2731 5481 36583367 1
2757 5035 36583377 1
2781 4565 36583387 1
2818 4079 36583397 1
2864 3634 36583407 1
2918 3277 36583417 1
2960 2979 36583427 1
2993 2680 36583437 1
3010 2477 36583447 1
3027 2338 36583457 1
3036 2216 36583467 1
3036 2157 36583477 1
3036 2140 36583487 1
3022 2150 36583497 1
2999 2267 36583507 1
3523 6015 36583637 0
3789 6038 36583647 1
3797 6014 36583657 1
3824 5814 36583667 1
3863 5497 36583677 1
3895 5182 36583687 1
3960 4977 36583697 1
4046 4846 36583707 1
4051 4811 36583717 1
4057 4822 36583727 1
4048 4865 36583737 1
4028 5006 36583747 1
4028 5218 36583757 1
4039 5478 36583767 1
4053 5715 36583777 1
4100 5861 36583787 1
4169 5947 36583797 1
4273 5969 36583807 1
4404 5960 36583817 1
4553 5931 36583827 1
4692 5878 36583837 1
4771 5802 36583847 1
4810 5710 36583857 1
4749 5572 36583867 1
4603 5389 36583877 1
4401 5175 36583887 1
4204 5006 36583897 1
4029 4918 36583907 1
3933 4884 36583917 1
3220 4690 36584008 0
3381 4495 36584018 1
3331 4529 36584028 1
3321 4391 36584038 1
3338 4138 36584048 1
3384 3897 36584058 1
3444 3733 36584068 1
3514 3621 36584078 1
3568 3580 36584088 1
3605 3580 36584098 1
3630 3603 36584108 1
3657 3701 36584118 1
3720 4285 36584158 0
3884 4427 36584168 1
3953 4413 36584178 1
4040 4303 36584188 1
4140 4129 36584198 1
4223 3961 36584208 1
4278 3843 36584218 1
4313 3759 36584228 1
4334 3745 36584238 1
4356 3797 36584248 1
4399 3894 36584258 1
4455 4063 36584268 1
4529 4277 36584278 1
4618 4521 36584288 1
4716 4690 36584298 1
4788 4739 36584308 1
4851 4708 36584318 1
4908 4634 36584328 1
4972 4507 36584338 1
5017 4344 36584348 1
5049 4164 36584358 1
5055 4025 36584368 1
5016 3914 36584378 1
4948 3797 36584388 1
3755 3307 36584468 0
3423 3023 36584478 1
3262 2923 36584488 1
3125 2816 36584498 1
3005 2705 36584508 1
2937 2671 36584518 1
2937 2671 36584528 1
2976 2698 36584538 1
3160 2834 36584548 1
3416 2968 36584558 1
3720 3048 36584568 1
4093 3093 36584578 1
4518 3102 36584588 1
4978 3102 36584598 1
5433 3102 36584608 1
5808 3102 36584618 1
6129 3176 36584628 1
6363 3292 36584638 1
6544 3386 36584648 1
6689 3453 36584658 1
6760 3503 36584668 1
5728 5274 36584819 0
5845 5232 36584829 1
5884 5272 36584839 1
5911 5343 36584849 1
6067 5386 36584859 1
6280 5462 36584869 1
6532 5560 36584879 1
6671 5633 36584889 1
6758 5713 36584899 1
6811 5797 36584909 1
6832 5913 36584919 1
6792 6029 36584929 1
6712 6146 36584939 1
6594 6300 36584949 1
6468 6370 36584959 1
6336 6384 36584969 1
6219 6321 36584979 1
6143 6192 36584989 1
6094 6020 36584999 1
6074 5755 36585009 1
6081 5499 36585019 1
6106 5248 36585029 1
6130 5045 36585039 1
6159 4924 36585049 1
6196 4857 36585059 1
6241 4839 36585069 1
6322 4879 36585079 1
6427 4957 36585089 1
6570 5092 36585099 1
6716 5224 36585109 1
6864 5355 36585119 1
6922 5401 36585129 1
6909 5386 36585139 1
5748 4759 36585220 0
5580 4652 36585230 1
5543 4584 36585240 1
5467 4488 36585250 1
5423 4294 36585260 1
5400 4036 36585270 1
5375 3737 36585280 1
5358 3438 36585290 1
5358 3145 36585300 1
5377 2971 36585310 1
5409 2874 36585320 1
5450 2822 36585330 1
5493 2804 36585340 1
5544 2809 36585350 1
5602 2844 36585360 1
5683 2938 36585370 1
5976 3462 36585410 0
6099 3795 36585420 1
6132 3795 36585430 1
6150 3717 36585440 1
6170 3557 36585450 1
6223 3354 36585460 1
6299 3122 36585470 1
6425 2939 36585480 1
6541 2796 36585490 1
6650 2680 36585500 1
6754 2702 36585510 1
6834 2764 36585520 1
6899 2852 36585530 1
6931 2974 36585540 1
6950 3166 36585550 1
6959 3405 36585560 1
6999 3714 36585570 1
7044 3922 36585580 1
7117 4062 36585590 1
7208 4077 36585600 1
7338 4059 36585600 1
7509 4018 36585610 1
7707 3951 36585620 1
7953 3880 36585630 1
8165 3769 36585640 1
8353 3634 36585650 1
8498 3487 36585660 1
8549 3287 36585670 1
8538 3053 36585680 1
8453 2846 36585690 1
8341 2653 36585700 1
8210 2470 36585710 1
8127 2386 36585720 1
8073 2359 36585730 1
8039 2369 36585740 1
8019 2440 36585750 1
9716 6304 36585921 0
9776 6227 36585931 1
9718 6106 36585941 1
9623 5946 36585951 1
9568 5566 36585961 1
9554 5297 36585971 1
9567 5103 36585981 1
9597 5016 36585991 1
9567 4978 36586001 1
9049 5147 36586051 0
8779 5313 36586061 1
8712 5388 36586071 1
8712 5388 36586081 1
8754 5350 36586091 1
8830 5294 36586101 1
8982 5233 36586111 1
9149 5194 36586121 1
9326 5170 36586131 1
9529 5184 36586141 1
9710 5224 36586151 1
9876 5281 36586161 1
10025 5355 36586171 1
10120 5421 36586181 1
10180 5481 36586191 1
10192 5481 36586201 1
10141 5376 36586211 1
10048 5210 36586221 1
9848 4962 36586231 1
9612 4716 36586241 1
9353 4472 36586251 1
9112 4285 36586261 1
8910 4164 36586271 1
8734 4086 36586281 1
8650 4066 36586291 1
8637 4078 36586301 1
8670 4112 36586311 1
8818 4223 36586321 1
9067 4374 36586331 1
9384 4552 36586341 1
9727 4723 36586351 1
9983 4826 36586361 1
9454 4481 36586451 0
9270 4312 36586461 1
9163 4193 36586471 1
9048 4054 36586481 1
8928 3822 36586491 1
8806 3560 36586501 1
8690 3278 36586511 1
8593 3030 36586521 1
8507 2868 36586531 1
8428 2764 36586541 1
8370 2708 36586551 1
8327 2698 36586561 1
8322 2718 36586571 1
8365 2812 36586581 1
8439 2962 36586591 1
9430 3886 36586672 0
9483 3712 36586682 1
9449 3602 36586692 1
9429 3482 36586702 1
9418 3343 36586712 1
9449 3236 36586722 1
9522 3150 36586732 1
9624 3074 36586742 1
9791 3037 36586752 1
10027 3026 36586762 1
10308 3038 36586772 1
10633 3029 36586782 1
10918 3007 36586792 1
11176 3000 36586802 1
11326 3006 36586812 1
11431 3020 36586822 1
11507 3068 36586832 1
11584 3171 36586842 1
11665 3310 36586852 1
11756 3553 36586862 1
11849 3902 36586872 1
11936 4322 36586882 1
11936 4737 36586892 1
11872 5017 36586902 1
11732 5206 36586912 1
11558 5320 36586922 1
11361 5390 36586932 1
11234 5430 36586942 1
