379
1709 6853 40931826 0
1593 6764 40931836 1
1547 6783 40931846 1
1547 6783 40931856 1
1584 6840 40931866 1
1690 6906 40931876 1
1897 7031 40931886 1
2152 7151 40931896 1
2438 7259 40931906 1
2737 7362 40931916 1
3013 7454 40931926 1
3295 7540 40931936 1
3590 7611 40931946 1
3790 7658 40931956 1
3881 7689 40931966 1
3898 7701 40931976 1
3886 7692 40931986 1
2635 7459 40932077 0
2429 7403 40932087 1
2382 7409 40932097 1
2358 7386 40932107 1
2348 7331 40932117 1
2340 7255 40932127 1
2332 7135 40932137 1
2326 6958 40932147 1
2326 6743 40932157 1
2326 6493 40932167 1
2332 6141 40932177 1
2341 5722 40932187 1
2347 5330 40932197 1
2357 4912 40932207 1
2369 4477 40932217 1
2378 4079 40932227 1
2378 3724 40932237 1
2378 3398 40932247 1
2366 3096 40932257 1
2351 2847 40932267 1
2335 2634 40932277 1
2323 2506 40932287 1
2313 2430 40932297 1
2307 2388 40932307 1
2307 2388 40932317 1
2307 2424 40932327 1
2307 2492 40932337 1
2316 2651 40932347 1
2475 5946 40932437 0
2729 6326 40932447 1
2791 6503 40932457 1
2819 6552 40932467 1
2830 6515 40932477 1
2862 6436 40932487 1
2909 6267 40932497 1
2922 6038 40932507 1
2932 5775 40932517 1
2939 5612 40932527 1
2957 5515 40932537 1
2973 5476 40932547 1
2980 5464 40932557 1
2980 5470 40932567 1
2980 5510 40932577 1
2973 5595 40932587 1
2964 5710 40932597 1
2957 5847 40932607 1
2970 5997 40932617 1
2997 6157 40932628 1
3066 6295 40932638 1
3166 6403 40932648 1
3287 6491 40932658 1
3401 6532 40932668 1
3496 6532 40932678 1
3577 6507 40932688 1
3619 6436 40932698 1
3619 6324 40932708 1
3582 6184 40932718 1
3499 6027 40932728 1
3405 5869 40932738 1
3304 5713 40932748 1
3216 5586 40932758 1
2344 4848 40932898 0
2410 4724 40932908 1
2389 4724 40932918 1
2338 4636 40932928 1
2350 4486 40932938 1
2393 4323 40932948 1
2456 4147 40932958 1
2523 3963 40932968 1
2590 3829 40932978 1
2647 3743 40932988 1
2697 3689 40932998 1
2718 3669 40933008 1
2718 3669 40933018 1
2710 3678 40933028 1
2682 3709 40933038 1
2650 3773 40933048 1
2614 3860 40933058 1
2600 3976 40933068 1
2615 4104 40933078 1
2648 4240 40933088 1
2704 4334 40933098 1
2761 4383 40933108 1
2820 4401 40933118 1
2875 4377 40933128 1
2926 4297 40933138 1
2957 4180 40933148 1
2963 4051 40933158 1
2951 3929 40933168 1
2928 3811 40933178 1
2905 3720 40933188 1
2896 3684 40933198 1
2896 3684 40933208 1
2896 3689 40933218 1
2932 3757 40933228 1
2982 3868 40933238 1
3054 4029 40933248 1
3137 4203 40933258 1
3798 5025 40933369 0
3829 4933 40933379 1
3783 4933 40933389 1
3761 4889 40933399 1
3756 4812 40933409 1
3773 4689 40933419 1
3790 4530 40933429 1
3807 4348 40933439 1
3820 4170 40933449 1
3832 4068 40933459 1
3863 4018 40933469 1
3887 3991 40933479 1
3905 3984 40933489 1
3905 3990 40933499 1
3913 4019 40933509 1
3913 4079 40933519 1
3904 4160 40933529 1
3904 4275 40933539 1
3932 4416 40933549 1
3977 4575 40933559 1
4067 4713 40933569 1
4186 4846 40933579 1
4325 4934 40933589 1
4448 4995 40933599 1
4542 5012 40933609 1
4617 4978 40933619 1
4648 4910 40933629 1
4634 4773 40933639 1
4590 4633 40933649 1
4494 4473 40933659 1
4385 4300 40933669 1
4268 4161 40933679 1
4172 4062 40933689 1
2052 3071 40933849 0
2052 3071 40933859 1
2052 3071 40933869 1
2199 3184 40933879 1
2392 3328 40933889 1
2642 3477 40933899 1
2928 3622 40933909 1
3237 3748 40933919 1
3577 3862 40933929 1
3926 3937 40933939 1
4281 3974 40933949 1
4614 3986 40933959 1
4869 3963 40933969 1
5071 3932 40933979 1
5216 3895 40933989 1
5295 3887 40933999 1
5331 3887 40934009 1
5339 3887 40934019 1
5339 3904 40934029 1
5339 3952 40934039 1
5344 4022 40934049 1
5350 5805 40934330 0
5325 5776 40934340 1
5307 5776 40934350 1
5283 5776 40934360 1
5283 5776 40934370 1
5355 5796 40934380 1
5465 5828 40934390 1
5698 5939 40934400 1
5978 6071 40934410 1
6288 6217 40934420 1
6587 6340 40934430 1
6790 6437 40934440 1
6930 6516 40934450 1
6970 6560 40934460 1
6965 6604 40934470 1
6240 7246 40934540 0
6094 7184 40934550 1
6068 7189 40934560 1
6083 7090 40934570 1
6122 6922 40934580 1
6157 6675 40934590 1
6170 6393 40934600 1
6170 6089 40934610 1
6108 5764 40934620 1
6036 5506 40934630 1
5956 5293 40934640 1
5899 5130 40934650 1
5869 5028 40934660 1
5857 4968 40934670 1
5857 4955 40934680 1
5881 4967 40934690 1
5921 4995 40934700 1
6018 5103 40934710 1
6151 5252 40934720 1
6308 5428 40934730 1
6445 5562 40934740 1
6519 5625 40934750 1
6551 5640 40934760 1
6551 5626 40934770 1
6536 5611 40934780 1
6505 5550 40934790 1
6428 5459 40934800 1
6326 5347 40934810 1
5119 4537 40934901 0
5276 4394 40934911 1
5270 4447 40934921 1
5186 4336 40934931 1
5186 4115 40934941 1
5191 3916 40934951 1
5211 3730 40934961 1
5228 3552 40934971 1
5246 3443 40934981 1
5278 3379 40934991 1
5314 3344 40935001 1
5357 3344 40935011 1
5403 3381 40935021 1
5446 3449 40935031 1
5450 3597 40935061 0
5413 3744 40935071 1
5413 3788 40935081 1
5436 3812 40935091 1
5492 3802 40935101 1
5568 3760 40935111 1
5673 3697 40935121 1
5787 3612 40935131 1
5907 3523 40935141 1
6051 3432 40935151 1
6180 3388 40935161 1
6298 3361 40935171 1
6427 3345 40935181 1
6557 3350 40935191 1
6684 3381 40935201 1
6809 3430 40935211 1
6917 3487 40935221 1
6980 3558 40935231 1
7013 3639 40935241 1
7013 3762 40935251 1
6961 3919 40935261 1
6884 4098 40935271 1
6769 4273 40935281 1
6658 4437 40935291 1
6556 4526 40935301 1
6496 4569 40935311 1
6462 4598 40935321 1
6470 4623 40935331 1
6528 4682 40935341 1
6620 4765 40935351 1
6767 4852 40935361 1
6934 4928 40935371 1
7115 4937 40935381 1
7258 4906 40935391 1
7354 4762 40935401 1
7419 4577 40935411 1
7443 4364 40935421 1
7454 4204 40935431 1
7454 4072 40935441 1
8150 4781 40935602 0
8246 4563 40935612 1
8246 4428 40935622 1
8230 4297 40935632 1
8241 4093 40935642 1
8241 3908 40935652 1
8241 3737 40935662 1
8206 3579 40935672 1
8145 3409 40935682 1
8068 3232 40935692 1
8022 3117 40935702 1
8003 3063 40935712 1
9316 6847 40935982 0
9377 7235 40935992 1
9377 7398 40936002 1
9394 7472 40936012 1
9406 7449 40936022 1
9412 7362 40936032 1
9412 7205 40936042 1
9376 6976 40936052 1
9315 6699 40936062 1
9280 6502 40936072 1
9256 6357 40936082 1
9238 6248 40936092 1
9203 6169 40936102 1
8630 6191 40936173 0
8571 6186 40936183 1
8548 6196 40936193 1
8543 6153 40936203 1
8576 6075 40936213 1
8627 5968 40936223 1
8698 5861 40936233 1
8798 5753 40936243 1
8918 5694 40936253 1
9058 5682 40936263 1
9219 5702 40936273 1
9393 5765 40936283 1
9580 5861 40936293 1
9756 5980 40936303 1
9876 6077 40936313 1
9961 6137 40936323 1
9994 6172 40936333 1
10003 6172 40936343 1
9995 6172 40936353 1
9995 6138 40936363 1
9913 6087 40936373 1
9782 5952 40936383 1
9610 5776 40936393 1
9397 5572 40936403 1
9156 5331 40936413 1
8953 5090 40936423 1
8807 4908 40936433 1
8698 4765 40936443 1
8667 4705 40936453 1
8677 4682 40936463 1
8715 4682 40936473 1
8809 4720 40936483 1
8958 4815 40936493 1
9144 4950 40936503 1
9347 5076 40936513 1
9504 5157 40936523 1
9629 5209 40936533 1
9672 5215 40936543 1
9672 5215 40936553 1
9650 5181 40936563 1
9573 5125 40936573 1
9430 5001 40936583 1
9243 4827 40936593 1
9049 4619 40936603 1
8831 4385 40936613 1
8598 4125 40936623 1
8398 3849 40936633 1
8268 3658 40936643 1
8184 3563 40936653 1
8184 3532 40936663 1
8243 3532 40936673 1
8837 4421 40936753 0
9047 4513 40936763 1
9080 4513 40936773 1
9072 4502 40936783 1
9066 4441 40936793 1
9061 4380 40936803 1
9027 4280 40936804 1
8975 4154 40936814 1
8911 4011 40936824 1
8855 3849 40936834 1
8804 3674 40936844 1
8804 3560 40936854 1
8846 3470 40936864 1
8919 3395 40936874 1
9038 3344 40936884 1
9201 3314 40936894 1
9392 3297 40936904 1
9642 3246 40936914 1
9860 3194 40936924 1
10057 3143 40936934 1
10217 3111 40936944 1
10382 3088 40936954 1
10549 3113 40936964 1
10708 3176 40936974 1
10862 3264 40936984 1
11012 3409 40936994 1
11139 3603 40937004 1
11232 3831 40937014 1
11302 4106 40937024 1
11343 4409 40937034 1
11375 4731 40937044 1
11401 5055 40937054 1
11444 5396 40937064 1
11487 5749 40937074 1
11507 6120 40937084 1
11512 6490 40937094 1
11487 6840 40937104 1
11424 7178 40937114 1
