312
1693 6342 40943904 0
1665 6331 40943914 1
1658 6396 40943924 1
1658 6391 40943934 1
1736 6411 40943944 1
1902 6449 40943954 1
2126 6539 40943964 1
2451 6636 40943974 1
2818 6738 40943984 1
3214 6830 40943994 1
3571 6924 40944004 1
3825 7020 40944014 1
4011 7078 40944024 1
4086 7115 40944034 1
4103 7123 40944044 1
4081 7130 40944054 1
4014 7117 40944064 1
3897 7091 40944074 1
2649 6757 40944144 0
2373 6660 40944154 1
2336 6615 40944164 1
2331 6566 40944164 1
2347 6460 40944174 1
2360 6298 40944184 1
2370 6099 40944194 1
2360 5796 40944204 1
2338 5445 40944214 1
2314 5063 40944224 1
2314 4627 40944234 1
2336 4226 40944244 1
2378 3849 40944254 1
2425 3500 40944264 1
2466 3175 40944274 1
2501 2865 40944284 1
2501 2580 40944294 1
2486 2345 40944304 1
2455 2143 40944314 1
2423 1984 40944324 1
2394 1911 40944334 1
2383 1896 40944344 1
2383 1896 40944354 1
2376 1976 40944364 1
2376 2109 40944374 1
2385 2337 40944384 1
2704 5665 40944495 0
2915 6025 40944505 1
2976 6075 40944515 1
3037 5992 40944525 1
3088 5835 40944535 1
3133 5628 40944545 1
3170 5445 40944555 1
3207 5307 40944565 1
3245 5200 40944575 1
3281 5153 40944585 1
3302 5134 40944595 1
3313 5134 40944605 1
3313 5147 40944615 1
3313 5199 40944625 1
3313 5278 40944635 1
3304 5384 40944645 1
3304 5519 40944655 1
3335 5673 40944665 1
3390 5799 40944675 1
3457 5870 40944685 1
3524 5904 40944695 1
3590 5887 40944705 1
3656 5825 40944715 1
3703 5734 40944725 1
3738 5610 40944735 1
3722 5480 40944745 1
3665 5336 40944755 1
3580 5186 40944765 1
3490 5064 40944775 1
3394 4943 40944785 1
3295 4822 40944795 1
2371 4140 40944915 0
2457 3985 40944925 1
2449 3955 40944935 1
2412 3950 40944945 1
2439 3780 40944955 1
2488 3618 40944965 1
2552 3462 40944975 1
2617 3313 40944985 1
2688 3199 40944995 1
2763 3108 40945005 1
2822 3076 40945015 1
2868 3076 40945025 1
2906 3090 40945035 1
2941 3149 40945045 1
2963 3243 40945055 1
2975 3360 40945065 1
2975 3473 40945075 1
2981 3580 40945085 1
2981 3639 40945095 1
2992 3668 40945105 1
3004 3641 40945115 1
3033 3569 40945125 1
3073 3467 40945135 1
3114 3356 40945145 1
3154 3275 40945155 1
3191 3214 40945165 1
3231 3200 40945175 1
3272 3229 40945185 1
3327 3287 40945195 1
3391 3385 40945205 1
3449 3483 40945215 1
3500 3580 40945225 1
3547 3702 40945235 1
3614 3839 40945245 1
3706 3961 40945255 1
3814 4047 40945265 1
3935 4110 40945275 1
4056 4136 40945285 1
4176 4121 40945295 1
4265 4078 40945306 1
4301 3994 40945316 1
4301 3886 40945326 1
4265 3761 40945336 1
4185 3637 40945346 1
4075 3534 40945356 1
3989 3444 40945366 1
3930 3398 40945376 1
3890 3365 40945386 1
2495 2537 40945526 0
2448 2492 40945536 1
2422 2528 40945546 1
2451 2528 40945556 1
2517 2567 40945566 1
2667 2632 40945576 1
2868 2722 40945586 1
3103 2806 40945596 1
3389 2886 40945606 1
3677 2943 40945616 1
3967 2980 40945626 1
4242 3004 40945636 1
4450 3016 40945646 1
4613 3050 40945656 1
4748 3078 40945666 1
4848 3096 40945676 1
4924 3110 40945686 1
4976 3120 40945696 1
5008 3125 40945706 1
5433 5515 40945937 0
5373 5448 40945947 1
5422 5522 40945957 1
5535 5569 40945967 1
5800 5599 40945977 1
6119 5653 40945987 1
6475 5704 40945997 1
6871 5746 40946007 1
7152 5781 40946017 1
7355 5813 40946027 1
7478 5842 40946037 1
7529 5864 40946047 1
7529 5873 40946057 1
6552 6565 40946127 0
6400 6538 40946137 1
6322 6497 40946147 1
6287 6369 40946157 1
6281 6167 40946167 1
6266 5915 40946177 1
6252 5609 40946187 1
6218 5297 40946197 1
6171 4982 40946207 1
6130 4719 40946217 1
6124 4577 40946227 1
6141 4517 40946237 1
6171 4482 40946247 1
6206 4482 40946257 1
6285 4513 40946267 1
6391 4605 40946277 1
6528 4719 40946287 1
6667 4849 40946297 1
6804 4963 40946307 1
6874 5020 40946317 1
6902 5039 40946327 1
6902 5039 40946337 1
6854 5022 40946347 1
5593 4419 40946437 0
5562 4252 40946447 1
5550 4217 40946457 1
5550 4100 40946467 1
5550 3917 40946477 1
5544 3690 40946487 1
5544 3484 40946497 1
5518 3278 40946507 1
5483 3144 40946517 1
5490 3060 40946527 1
5502 3020 40946537 1
5526 3041 40946547 1
5580 3103 40946557 1
5669 3708 40946628 0
5823 3646 40946638 1
5862 3586 40946648 1
5862 3440 40946658 1
5935 3300 40946668 1
6029 3164 40946678 1
6139 3062 40946688 1
6268 2975 40946698 1
6398 2939 40946708 1
6532 2931 40946718 1
6670 2969 40946728 1
6818 3037 40946738 1
6922 3124 40946748 1
6996 3237 40946758 1
7043 3369 40946768 1
7075 3513 40946778 1
7096 3667 40946788 1
7126 3758 40946798 1
7160 3807 40946808 1
7201 3816 40946818 1
7267 3810 40946828 1
7350 3794 40946838 1
7455 3744 40946848 1
7581 3657 40946858 1
7721 3546 40946868 1
7816 3470 40946878 1
7866 3352 40946888 1
7885 3207 40946898 1
7836 3041 40946908 1
7770 2893 40946918 1
7693 2757 40946928 1
7638 2684 40946938 1
7610 2661 40946948 1
7600 2671 40946958 1
7600 2702 40946968 1
9115 6075 40947118 0
9252 5921 40947128 1
9201 5921 40947138 1
9136 5787 40947148 1
9077 5572 40947158 1
9022 5423 40947168 1
9011 5313 40947178 1
8996 5229 40947188 1
8979 5158 40947198 1
8950 5097 40947208 1
8469 5021 40947269 0
8476 4921 40947279 1
8467 4872 40947289 1
8426 4854 40947299 1
8444 4721 40947309 1
8486 4619 40947319 1
8545 4539 40947329 1
8603 4464 40947339 1
8663 4413 40947349 1
8754 4378 40947359 1
8863 4378 40947369 1
8996 4416 40947379 1
9114 4476 40947389 1
9221 4547 40947399 1
9281 4623 40947409 1
9317 4703 40947419 1
9337 4785 40947429 1
9337 4823 40947439 1
9337 4823 40947449 1
9304 4786 40947459 1
9252 4710 40947469 1
9190 4613 40947479 1
9122 4505 40947489 1
9021 4359 40947499 1
8863 4187 40947509 1
8667 4007 40947519 1
8475 3830 40947529 1
8332 3656 40947539 1
8221 3543 40947549 1
8187 3486 40947559 1
8197 3467 40947569 1
8237 3467 40947579 1
8332 3511 40947589 1
8450 3578 40947599 1
8583 3665 40947609 1
8721 3756 40947619 1
8826 3849 40947629 1
8910 3898 40947639 1
8883 3905 40947689 0
8762 3732 40947699 1
8678 3637 40947709 1
8596 3555 40947719 1
8516 3405 40947729 1
8457 3255 40947739 1
8411 3104 40947749 1
8363 2957 40947759 1
8305 2788 40947769 1
8240 2605 40947779 1
8219 2518 40947789 1
8591 3145 40947889 0
8628 3039 40947899 1
8616 2998 40947909 1
8628 2912 40947919 1
8688 2796 40947929 1
8779 2731 40947939 1
8910 2689 40947949 1
9057 2662 40947959 1
9215 2662 40947969 1
9404 2677 40947979 1
9592 2698 40947989 1
9778 2698 40947999 1
9968 2704 40948009 1
10136 2720 40948019 1
10288 2766 40948029 1
10430 2832 40948039 1
10557 2912 40948049 1
10675 3039 40948059 1
10773 3227 40948069 1
10855 3456 40948079 1
10926 3740 40948089 1
10969 4060 40948099 1
10955 4404 40948109 1
10904 4730 40948119 1
10810 5056 40948129 1
10694 5365 40948139 1
10563 5664 40948149 1
