276
1938 6387 36631907 0
1890 6412 36631917 1
1863 6466 36631927 1
1863 6473 36631937 1
1915 6480 36631947 1
2003 6532 36631957 1
2259 6615 36631967 1
2593 6716 36631977 1
2980 6815 36631987 1
3386 6891 36631997 1
3781 6953 36632007 1
4074 6998 36632017 1
4302 7043 36632027 1
4414 7071 36632037 1
4446 7087 36632047 1
4424 7096 36632057 1
4358 7107 36632067 1
2619 6576 36632157 0
2511 6345 36632167 1
2473 6238 36632177 1
2421 6077 36632187 1
2398 5748 36632197 1
2398 5306 36632207 1
2427 4815 36632217 1
2482 4358 36632227 1
2553 3925 36632237 1
2608 3524 36632247 1
2639 3163 36632257 1
2654 2828 36632267 1
2648 2507 36632277 1
2648 2203 36632287 1
2642 1910 36632297 1
2637 1756 36632307 1
2637 1691 36632317 1
2630 1686 36632327 1
2623 1753 36632337 1
2617 1950 36632347 1
2956 5427 36632437 0
3368 5832 36632447 1
3470 5936 36632457 1
3573 5891 36632467 1
3680 5747 36632477 1
3790 5554 36632487 1
3868 5347 36632497 1
3925 5132 36632507 1
3946 5034 36632517 1
3946 5006 36632527 1
3935 5025 36632537 1
3901 5092 36632538 1
3869 5235 36632548 1
3869 5430 36632558 1
3894 5637 36632568 1
3931 5752 36632578 1
3970 5805 36632588 1
4011 5788 36632598 1
4078 5723 36632608 1
4147 5627 36632618 1
4192 5486 36632628 1
4220 5328 36632638 1
4195 5160 36632648 1
4124 5008 36632658 1
4021 4874 36632668 1
3908 4752 36632678 1
3023 4379 36632798 0
3119 4332 36632808 1
3105 4345 36632818 1
3105 4127 36632828 1
3105 3900 36632838 1
3164 3666 36632848 1
3212 3506 36632858 1
3253 3425 36632868 1
3279 3398 36632878 1
3299 3404 36632888 1
3315 3461 36632898 1
3343 3551 36632908 1
3373 3653 36632918 1
3408 3782 36632928 1
3464 3930 36632938 1
3534 4026 36632948 1
3614 4059 36632958 1
3699 4049 36632968 1
3774 3988 36632978 1
3840 3897 36632988 1
3876 3787 36632998 1
3884 3688 36633008 1
3872 3637 36633018 1
3867 3618 36633028 1
3888 3645 36633038 1
3927 3763 36633048 1
4017 3941 36633058 1
4111 4068 36633068 1
4197 4141 36633078 1
4276 4177 36633088 1
4321 4127 36633098 1
4321 4016 36633108 1
4296 3864 36633118 1
4250 3721 36633128 1
4203 3608 36633138 1
4154 3516 36633148 1
2482 2441 36633359 0
2412 2371 36633369 1
2367 2366 36633379 1
2411 2366 36633389 1
2602 2411 36633399 1
2890 2494 36633409 1
3280 2598 36633419 1
3753 2703 36633429 1
4281 2808 36633439 1
4736 2898 36633449 1
5049 2962 36633459 1
5268 3010 36633469 1
5431 3054 36633479 1
5530 3083 36633489 1
5585 3101 36633499 1
5614 3114 36633509 1
5638 3127 36633519 1
5659 3166 36633529 1
5351 4901 36633669 0
5655 4899 36633679 1
5740 4950 36633689 1
5986 5003 36633699 1
6234 5073 36633709 1
6482 5171 36633719 1
6671 5287 36633729 1
6778 5354 36633739 1
6831 5419 36633749 1
6831 5482 36633759 1
6786 5545 36633769 1
6709 5607 36633779 1
6321 5934 36633819 0
6202 6071 36633829 1
6220 6033 36633839 1
6245 5921 36633849 1
6276 5725 36633859 1
6276 5473 36633869 1
6250 5179 36633879 1
6187 4917 36633889 1
6109 4676 36633899 1
6020 4507 36633909 1
5970 4406 36633919 1
5960 4350 36633929 1
5977 4345 36633939 1
6044 4368 36633949 1
6159 4411 36633959 1
6306 4503 36633969 1
6453 4607 36633979 1
6575 4720 36633989 1
6679 4816 36633999 1
6706 4842 36634009 1
6685 4822 36634019 1
6633 4715 36634029 1
6549 4561 36634040 1
6463 4375 36634050 1
6375 4199 36634060 1
6299 4061 36634070 1
6227 3948 36634080 1
5416 3951 36634190 0
5533 3931 36634200 1
5512 3922 36634210 1
5442 3756 36634220 1
5421 3483 36634230 1
5421 3220 36634240 1
5437 2937 36634250 1
5462 2642 36634260 1
5488 2395 36634270 1
5517 2297 36634280 1
5566 2297 36634290 1
5627 2327 36634300 1
5718 2412 36634310 1
5837 2536 36634320 1
5974 2695 36634330 1
6099 2854 36634340 1
6216 3012 36634350 1
6328 3073 36634360 1
6438 3065 36634370 1
6549 3010 36634380 1
6665 2898 36634390 1
6787 2785 36634400 1
6912 2700 36634410 1
6987 2634 36634420 1
7028 2627 36634430 1
7070 2676 36634440 1
7106 2762 36634450 1
7139 2875 36634460 1
7157 3028 36634470 1
7170 3207 36634480 1
7179 3451 36634490 1
7217 3618 36634500 1
7261 3733 36634510 1
7331 3733 36634520 1
7417 3678 36634530 1
7519 3593 36634540 1
7613 3421 36634550 1
7701 3237 36634560 1
7744 3046 36634570 1
7732 2893 36634580 1
7683 2800 36634590 1
7643 2746 36634600 1
7608 2761 36634610 1
9440 6435 36634761 0
9530 6347 36634771 1
9475 6309 36634781 1
9320 6114 36634791 1
9225 5815 36634801 1
9169 5619 36634811 1
9151 5478 36634821 1
9113 5373 36634831 1
9061 5279 36634841 1
8974 5260 36634851 1
8840 5290 36634861 1
8674 5290 36634871 1
8522 5280 36634881 1
8366 5263 36634891 1
8282 5263 36634901 1
8246 5281 36634911 1
8277 5302 36634921 1
8402 5365 36634931 1
8589 5430 36634941 1
8794 5497 36634951 1
8993 5533 36634961 1
9188 5550 36634971 1
9355 5555 36634981 1
9491 5544 36634991 1
10036 5645 36635081 0
9754 5345 36635091 1
9537 5144 36635101 1
9234 4858 36635111 1
8966 4530 36635121 1
8722 4174 36635131 1
8587 3973 36635141 1
8514 3836 36635151 1
8481 3741 36635161 1
8502 3733 36635171 1
8571 3765 36635181 1
8672 3823 36635191 1
8825 3939 36635201 1
9000 4086 36635211 1
9236 4415 36635282 0
9083 4116 36635292 1
8974 3891 36635302 1
8842 3636 36635312 1
8705 3383 36635322 1
8558 3107 36635332 1
8404 2816 36635342 1
8236 2554 36635352 1
8072 2356 36635362 1
7950 2202 36635372 1
7854 2158 36635382 1
7854 2216 36635392 1
7936 2342 36635402 1
8073 2526 36635412 1
8247 2771 36635422 1
8423 3056 36635432 1
8566 3328 36635442 1
8686 3460 36635452 1
8737 3498 36635462 1
8751 3491 36635472 1
8739 3433 36635482 1
8733 3340 36635492 1
8733 3177 36635502 1
8780 2988 36635512 1
8849 2782 36635522 1
8961 2620 36635532 1
9107 2512 36635542 1
9276 2440 36635552 1
9500 2423 36635562 1
9752 2459 36635572 1
10022 2530 36635582 1
10258 2634 36635592 1
10484 2771 36635602 1
10703 2931 36635612 1
10893 3147 36635622 1
11060 3479 36635632 1
11211 3888 36635642 1
11309 4436 36635652 1
11360 5038 36635662 1
