288
1746 6631 36650774 0
1769 6589 36650784 1
1769 6643 36650794 1
1769 6653 36650804 1
1800 6633 36650814 1
1851 6641 36650824 1
1956 6679 36650834 1
2153 6736 36650844 1
2410 6835 36650854 1
2752 6927 36650864 1
3097 7014 36650874 1
3467 7049 36650884 1
3853 7082 36650894 1
4129 7114 36650904 1
4294 7128 36650914 1
4384 7128 36650924 1
4398 7137 36650934 1
4367 7143 36650944 1
2674 6879 36651034 0
2566 6762 36651044 1
2539 6732 36651054 1
2516 6690 36651064 1
2495 6492 36651074 1
2495 6231 36651084 1
2504 5929 36651094 1
2525 5522 36651104 1
2578 5059 36651114 1
2624 4558 36651124 1
2664 4067 36651134 1
2713 3628 36651144 1
2738 3223 36651154 1
2746 2844 36651164 1
2751 2542 36651174 1
2751 2291 36651184 1
2740 2090 36651194 1
2732 1986 36651204 1
2726 1946 36651214 1
2726 1958 36651224 1
2735 2085 36651234 1
3414 5826 36651345 0
3686 5771 36651355 1
3723 5702 36651365 1
3749 5424 36651375 1
3778 5204 36651385 1
3822 5024 36651395 1
3850 4977 36651405 1
3863 4977 36651415 1
3863 5003 36651425 1
3853 5100 36651435 1
3845 5244 36651445 1
3845 5419 36651455 1
3869 5608 36651465 1
3907 5715 36651475 1
3961 5767 36651485 1
4052 5756 36651495 1
4167 5690 36651505 1
4285 5588 36651515 1
4355 5437 36651525 1
4392 5280 36651535 1
4344 5118 36651545 1
4234 4974 36651555 1
4083 4860 36651565 1
3952 4767 36651575 1
3855 4753 36651585 1
3191 4522 36651705 0
3325 4414 36651715 1
3282 4364 36651725 1
3237 4328 36651735 1
3191 4013 36651745 1
3228 3759 36651755 1
3297 3547 36651765 1
3386 3436 36651775 1
3458 3387 36651785 1
3505 3379 36651795 1
3536 3405 36651805 1
3546 3466 36651815 1
3546 3550 36651825 1
3546 3636 36651835 1
3563 3770 36651845 1
3614 3935 36651855 1
3689 4054 36651865 1
3766 4090 36651875 1
3831 4070 36651885 1
3888 4022 36651895 1
3934 3959 36651905 1
3963 3885 36651915 1
3981 3840 36651925 1
3996 3840 36651935 1
4055 3876 36651945 1
4144 4002 36651955 1
4283 4159 36651965 1
4423 4338 36651975 1
4551 4480 36651985 1
4669 4536 36651995 1
4762 4536 36652005 1
4806 4470 36652015 1
4817 4347 36652025 1
4795 4185 36652035 1
4752 4039 36652045 1
4695 3920 36652055 1
4637 3819 36652065 1
2736 2976 36652186 0
2605 2736 36652196 1
2565 2667 36652206 1
2526 2631 36652216 1
2667 2591 36652226 1
2931 2668 36652236 1
3276 2822 36652246 1
3719 2949 36652256 1
4154 3020 36652266 1
4584 3054 36652276 1
4936 3088 36652286 1
5197 3088 36652296 1
5397 3069 36652306 1
5602 3062 36652316 1
5756 3093 36652326 1
5877 3150 36652336 1
5939 3185 36652346 1
5958 3215 36652356 1
5949 3251 36652366 1
5496 5664 36652536 0
5604 5624 36652546 1
5646 5618 36652556 1
5652 5645 36652566 1
5783 5652 36652576 1
5996 5711 36652586 1
6240 5805 36652596 1
6459 5907 36652606 1
6662 5981 36652616 1
6786 6037 36652626 1
6839 6107 36652636 1
6845 6193 36652646 1
6801 6289 36652656 1
6738 6450 36652666 1
6663 6593 36652676 1
6593 6724 36652686 1
6526 6724 36652696 1
6425 6580 36652706 1
6301 6344 36652716 1
6237 6096 36652726 1
6203 5781 36652736 1
6189 5421 36652746 1
6157 5105 36652756 1
6113 4857 36652767 1
6060 4655 36652777 1
6010 4558 36652787 1
5994 4525 36652797 1
6001 4536 36652807 1
6025 4575 36652817 1
6133 4707 36652827 1
6296 4901 36652837 1
6466 5067 36652847 1
6594 5156 36652857 1
6693 5195 36652867 1
6724 5162 36652877 1
6692 5098 36652887 1
6619 5013 36652897 1
5259 4133 36653017 0
5348 3959 36653027 1
5295 3779 36653037 1
5203 3534 36653047 1
5181 3211 36653057 1
5201 2909 36653067 1
5248 2620 36653077 1
5302 2430 36653087 1
5360 2353 36653097 1
5422 2353 36653107 1
5480 2394 36653117 1
5536 2491 36653127 1
5578 2623 36653137 1
5611 2775 36653147 1
5611 2775 36653167 0
5714 3323 36653177 1
5765 3318 36653187 1
5823 3235 36653197 1
5882 3081 36653207 1
5961 2879 36653217 1
6053 2646 36653227 1
6146 2488 36653237 1
6239 2378 36653247 1
6336 2301 36653257 1
6436 2330 36653267 1
6554 2424 36653277 1
6642 2562 36653287 1
6711 2703 36653297 1
6754 2897 36653307 1
6785 3126 36653317 1
6808 3380 36653327 1
6855 3588 36653337 1
6933 3679 36653347 1
7031 3708 36653357 1
7170 3687 36653367 1
7331 3616 36653377 1
7506 3511 36653387 1
7636 3335 36653397 1
7707 3138 36653408 1
7739 2926 36653418 1
7682 2702 36653428 1
7580 2481 36653438 1
7447 2262 36653448 1
7317 2108 36653458 1
7231 2071 36653468 1
7175 2111 36653478 1
7175 2269 36653488 1
8797 6636 36653678 0
9071 6695 36653688 1
9083 6734 36653698 1
9100 6650 36653708 1
9121 6485 36653718 1
9112 6203 36653728 1
9103 5899 36653738 1
9091 5581 36653748 1
9067 5404 36653758 1
9037 5302 36653768 1
8982 5249 36653778 1
8878 5222 36653788 1
8243 5352 36653838 0
8025 5546 36653848 1
7982 5584 36653858 1
7982 5584 36653868 1
8042 5544 36653878 1
8137 5469 36653888 1
8299 5370 36653898 1
8495 5275 36653908 1
8714 5212 36653918 1
8905 5170 36653928 1
9071 5156 36653938 1
9221 5191 36653948 1
9380 5258 36653958 1
9515 5355 36653968 1
9708 5565 36653998 0
9776 5753 36654008 1
9770 5777 36654018 1
9716 5723 36654028 1
9631 5576 36654038 1
9501 5367 36654048 1
9335 5103 36654058 1
9144 4790 36654068 1
8922 4445 36654078 1
8700 4105 36654088 1
8560 3876 36654098 1
8475 3720 36654108 1
8457 3685 36654118 1
8492 3695 36654128 1
8561 3734 36654138 1
8686 3818 36654148 1
9141 4323 36654279 0
9096 4189 36654289 1
8975 4047 36654299 1
8855 3870 36654309 1
8781 3615 36654319 1
8736 3420 36654329 1
8698 3266 36654339 1
8652 3080 36654349 1
8601 2927 36654359 1
8504 2795 36654369 1
8435 2686 36654379 1
8385 2645 36654389 1
8385 2650 36654399 1
8439 2732 36654409 1
8521 2871 36654419 1
8656 3048 36654429 1
8907 3378 36654459 0
9058 3461 36654469 1
9077 3399 36654479 1
9077 3306 36654489 1
9077 3161 36654499 1
9110 3015 36654509 1
9161 2867 36654519 1
9250 2736 36654529 1
9377 2616 36654539 1
9528 2547 36654549 1
9686 2513 36654559 1
9842 2503 36654569 1
9999 2517 36654579 1
10148 2541 36654589 1
10289 2571 36654599 1
10463 2636 36654609 1
10676 2744 36654619 1
10916 2882 36654629 1
11141 3009 36654639 1
11293 3178 36654649 1
11395 3376 36654659 1
11421 3638 36654669 1
11405 4040 36654679 1
11362 4535 36654689 1
11350 5144 36654699 1
11359 5795 36654709 1
