465
911 6094 71487914 0
911 6094 71487924 1
911 6094 71487934 1
944 6083 71487944 1
989 6074 71487954 1
1068 6055 71487964 1
1178 6050 71487974 1
1308 6068 71487984 1
1483 6102 71487994 1
1692 6165 71488004 1
1924 6243 71488014 1
2185 6332 71488024 1
2447 6427 71488034 1
2697 6519 71488044 1
2937 6590 71488054 1
3158 6649 71488064 1
3336 6687 71488074 1
3484 6706 71488084 1
3575 6713 71488094 1
3603 6700 71488104 1
2235 6256 71488244 0
2112 6170 71488254 1
2074 6123 71488264 1
2054 6069 71488274 1
2054 5956 71488284 1
2054 5814 71488294 1
2054 5653 71488304 1
2049 5441 71488314 1
2049 5172 71488324 1
2043 4864 71488334 1
2043 4558 71488344 1
2057 4250 71488354 1
2073 3915 71488364 1
2087 3563 71488374 1
2099 3324 71488384 1
2109 3110 71488394 1
2122 2913 71488404 1
2135 2743 71488414 1
2147 2636 71488424 1
2155 2571 71488434 1
2163 2523 71488444 1
2169 2505 71488454 1
2449 5540 71488635 0
2407 5608 71488645 1
2407 5636 71488655 1
2407 5636 71488665 1
2419 5616 71488675 1
2439 5591 71488685 1
2465 5541 71488695 1
2495 5475 71488705 1
2525 5378 71488715 1
2558 5277 71488725 1
2595 5171 71488735 1
2631 5066 71488745 1
2666 4969 71488755 1
2693 4877 71488765 1
2715 4820 71488775 1
2734 4797 71488785 1
2745 4797 71488795 1
2745 4830 71488805 1
2745 4895 71488815 1
2728 4981 71488825 1
2711 5072 71488835 1
2692 5176 71488845 1
2692 5289 71488855 1
2720 5416 71488865 1
2764 5524 71488875 1
2826 5620 71488885 1
2890 5691 71488895 1
2957 5744 71488905 1
3024 5785 71488915 1
3077 5799 71488925 1
3120 5780 71488935 1
3142 5738 71488945 1
3142 5661 71488955 1
3116 5539 71488965 1
3064 5388 71488975 1
3000 5218 71488985 1
2929 5077 71488995 1
2873 4956 71489005 1
2835 4874 71489015 1
2808 4829 71489025 1
2802 4810 71489035 1
2823 4824 71489045 1
2862 4883 71489055 1
2939 4973 71489065 1
3034 5066 71489075 1
3140 5155 71489085 1
3228 5218 71489095 1
3283 5264 71489105 1
2387 4543 71489215 0
2278 4359 71489225 1
2229 4335 71489235 1
2221 4308 71489245 1
2241 4279 71489255 1
2270 4191 71489265 1
2290 4070 71489275 1
2303 3926 71489285 1
2310 3771 71489295 1
2318 3627 71489305 1
2326 3517 71489315 1
2335 3427 71489325 1
2347 3352 71489335 1
2360 3306 71489345 1
2374 3280 71489355 1
2389 3291 71489365 1
2406 3347 71489375 1
2426 3433 71489385 1
2446 3551 71489395 1
2468 3691 71489405 1
2489 3845 71489415 1
2522 3987 71489425 1
2562 4081 71489435 1
2602 4142 71489445 1
2642 4179 71489455 1
2684 4179 71489465 1
2711 4157 71489475 1
2730 4108 71489485 1
2730 4032 71489495 1
2719 3939 71489505 1
2696 3841 71489515 1
2667 3739 71489525 1
2633 3635 71489535 1
2596 3558 71489545 1
2574 3511 71489555 1
2566 3484 71489565 1
2566 3484 71489575 1
2583 3502 71489585 1
2603 3539 71489595 1
2792 4177 71489656 0
2889 4384 71489666 1
2927 4418 71489676 1
2958 4418 71489686 1
2982 4398 71489696 1
3006 4357 71489706 1
3025 4302 71489716 1
3040 4236 71489726 1
3065 4165 71489736 1
3091 4083 71489746 1
3120 3997 71489756 1
3149 3913 71489766 1
3172 3837 71489776 1
3191 3767 71489786 1
3202 3721 71489796 1
3207 3703 71489806 1
3207 3703 71489816 1
3196 3721 71489826 1
3181 3785 71489836 1
3164 3879 71489846 1
3156 3994 71489856 1
3151 4126 71489866 1
3168 4270 71489876 1
3198 4418 71489886 1
3249 4556 71489896 1
3300 4652 71489906 1
3351 4723 71489916 1
3395 4767 71489926 1
3435 4783 71489936 1
3467 4783 71489946 1
3499 4755 71489956 1
3527 4709 71489966 1
3551 4650 71489976 1
3557 4566 71489986 1
3547 4456 71489996 1
3525 4330 71490006 1
3489 4197 71490016 1
3446 4076 71490026 1
3398 3964 71490036 1
3360 3868 71490046 1
3329 3794 71490056 1
3310 3736 71490066 1
3304 3716 71490076 1
3304 3716 71490086 1
3304 3721 71490096 1
3309 3734 71490106 1
3309 3762 71490116 1
3319 3799 71490126 1
3332 3825 71490136 1
3361 3855 71490146 1
3399 3889 71490156 1
3446 3926 71490166 1
3498 3968 71490176 1
3566 4008 71490186 1
3642 4043 71490196 1
3722 4073 71490206 1
3796 4103 71490216 1
3856 4131 71490226 1
3909 4154 71490236 1
3948 4169 71490246 1
1559 2263 71490497 0
1480 2159 71490507 1
1451 2133 71490517 1
1433 2125 71490527 1
1433 2125 71490537 1
1443 2131 71490547 1
1486 2152 71490557 1
1549 2195 71490567 1
1653 2252 71490577 1
1774 2327 71490587 1
1907 2411 71490597 1
2079 2500 71490607 1
2275 2594 71490617 1
2488 2701 71490627 1
2743 2817 71490637 1
3003 2938 71490647 1
3266 3066 71490657 1
3529 3199 71490667 1
3794 3333 71490677 1
4017 3460 71490687 1
4211 3556 71490697 1
4384 3635 71490707 1
4521 3693 71490717 1
4635 3726 71490727 1
4725 5463 71491138 0
4701 5384 71491148 1
4713 5432 71491158 1
4736 5508 71491168 1
4828 5552 71491178 1
4944 5615 71491188 1
5077 5692 71491198 1
5226 5773 71491208 1
5365 5863 71491218 1
5498 5960 71491228 1
5623 6049 71491238 1
5749 6139 71491248 1
5855 6230 71491258 1
5948 6315 71491268 1
6006 6386 71491278 1
6033 6447 71491288 1
6039 6486 71491298 1
6016 6521 71491308 1
5978 6551 71491318 1
5930 6579 71491328 1
5880 6605 71491338 1
5833 6629 71491348 1
5793 6653 71491358 1
5758 6668 71491368 1
5731 6668 71491378 1
5715 6668 71491388 1
5705 6639 71491398 1
5695 6589 71491408 1
5677 6488 71491418 1
5654 6345 71491428 1
5621 6173 71491438 1
5588 5985 71491448 1
5554 5791 71491458 1
5530 5594 71491468 1
5509 5420 71491478 1
5498 5272 71491488 1
5498 5142 71491498 1
5516 5053 71491508 1
5536 4997 71491518 1
5557 4962 71491528 1
5585 4957 71491538 1
5622 4985 71491549 1
5694 5034 71491559 1
5787 5102 71491569 1
5877 5166 71491579 1
5960 5223 71491589 1
6039 5279 71491599 1
6116 5334 71491609 1
6177 5379 71491619 1
6226 5412 71491629 1
6261 5440 71491639 1
4955 4349 71491809 0
4899 4211 71491819 1
4873 4272 71491829 1
4862 4272 71491839 1
4857 4227 71491849 1
4857 4157 71491859 1
4857 4040 71491869 1
4844 3891 71491879 1
4823 3700 71491889 1
4774 3535 71491899 1
4718 3388 71491909 1
4657 3232 71491919 1
4605 3108 71491929 1
4558 3006 71491939 1
4520 2928 71491949 1
4498 2889 71491959 1
4907 3733 71492040 0
5141 4011 71492050 1
5231 4112 71492060 1
5307 4178 71492070 1
5368 4224 71492080 1
5419 4257 71492090 1
5454 4264 71492100 1
5478 4248 71492110 1
5494 4218 71492120 1
5503 4150 71492130 1
5503 4058 71492140 1
5503 3951 71492150 1
5503 3813 71492160 1
5510 3673 71492170 1
5527 3533 71492180 1
5562 3405 71492190 1
5610 3299 71492200 1
5679 3208 71492210 1
5780 3166 71492220 1
5901 3161 71492230 1
6032 3182 71492240 1
6166 3244 71492250 1
6308 3327 71492260 1
6432 3425 71492270 1
6543 3533 71492280 1
6625 3648 71492280 1
6673 3769 71492290 1
6697 3892 71492300 1
6677 4010 71492310 1
6625 4121 71492320 1
6551 4234 71492330 1
6466 4348 71492340 1
6384 4423 71492350 1
6307 4472 71492360 1
6238 4499 71492370 1
6199 4516 71492380 1
6178 4527 71492390 1
6178 4540 71492400 1
6212 4567 71492410 1
6267 4604 71492420 1
6359 4647 71492430 1
6469 4689 71492440 1
6591 4727 71492450 1
6727 4760 71492460 1
6867 4771 71492470 1
7009 4771 71492480 1
7149 4743 71492490 1
7285 4710 71492500 1
7419 4667 71492510 1
7528 4625 71492520 1
7616 4583 71492530 1
7690 4540 71492540 1
7740 4499 71492550 1
7772 4456 71492560 1
7791 4408 71492570 1
7791 4356 71492580 1
8684 6936 71493181 0
8684 6936 71493191 1
8714 6988 71493201 1
8736 7004 71493211 1
8762 7020 71493221 1
8788 7030 71493231 1
8814 7036 71493241 1
8841 7009 71493251 1
8869 6940 71493261 1
8886 6844 71493271 1
8895 6721 71493281 1
8895 6560 71493291 1
8882 6375 71493301 1
8857 6181 71493311 1
8840 6002 71493321 1
8824 5833 71493331 1
8813 5698 71493341 1
8807 5592 71493351 1
8807 5505 71493361 1
8824 5440 71493371 1
8844 5397 71493381 1
8859 5368 71493391 1
8871 5356 71493401 1
8871 5362 71493411 1
8246 5920 71493512 0
8177 5921 71493522 1
8169 5921 71493532 1
8164 5921 71493542 1
8184 5909 71493552 1
8219 5866 71493562 1
8259 5816 71493572 1
8305 5761 71493582 1
8361 5726 71493592 1
8424 5701 71493602 1
8507 5683 71493612 1
8604 5683 71493622 1
8715 5706 71493632 1
8844 5754 71493642 1
8984 5838 71493652 1
9105 5939 71493662 1
9219 6052 71493672 1
9329 6133 71493682 1
9415 6189 71493692 1
9456 6229 71493702 1
9466 6229 71493712 1
9444 6211 71493722 1
9394 6180 71493732 1
9326 6115 71493742 1
9234 6023 71493752 1
9130 5914 71493762 1
9018 5773 71493772 1
8885 5641 71493782 1
8221 4986 71493842 0
8040 4804 71493852 1
7989 4754 71493862 1
7956 4722 71493872 1
7937 4708 71493882 1
7937 4708 71493892 1
7944 4708 71493902 1
7960 4719 71493912 1
8006 4734 71493922 1
8073 4774 71493932 1
8174 4845 71493942 1
8313 4936 71493952 1
8476 5034 71493962 1
8653 5138 71493972 1
8842 5247 71493982 1
9039 5343 71493992 1
9194 5435 71494002 1
9332 5502 71494012 1
9458 5554 71494022 1
9540 5580 71494032 1
9588 5600 71494042 1
9025 5369 71494133 0
8924 5218 71494143 1
8888 5197 71494153 1
8873 5146 71494163 1
8860 5076 71494173 1
8846 4991 71494183 1
8813 4855 71494193 1
8767 4685 71494203 1
8703 4506 71494213 1
8623 4307 71494223 1
8531 4096 71494233 1
8432 3912 71494243 1
8333 3728 71494253 1
8255 3602 71494263 1
8190 3515 71494273 1
8148 3459 71494283 1
8126 3446 71494293 1
9191 5177 71494443 0
9251 5275 71494453 1
9251 5293 71494463 1
9243 5293 71494473 1
9231 5281 71494483 1
9222 5265 71494493 1
9204 5217 71494503 1
9181 5148 71494513 1
9167 5074 71494523 1
9151 4978 71494533 1
9133 4868 71494543 1
9124 4737 71494553 1
9115 4598 71494563 1
9109 4455 71494573 1
9109 4283 71494583 1
9109 4135 71494593 1
9118 4004 71494603 1
9152 3910 71494613 1
9200 3844 71494623 1
9273 3797 71494633 1
9382 3782 71494643 1
9515 3796 71494653 1
9658 3829 71494663 1
9805 3881 71494673 1
9963 3955 71494683 1
10126 4045 71494693 1
10282 4155 71494703 1
10450 4283 71494713 1
10625 4422 71494723 1
10782 4561 71494733 1
10925 4717 71494743 1
11058 4884 71494753 1
11135 5045 71494763 1
11176 5205 71494773 1
11193 5366 71494783 1
11182 5532 71494793 1
11153 5694 71494803 1
11113 5854 71494813 1
11062 6013 71494823 1
