531
1224 7072 74356218 0
1100 7023 74356228 1
1035 7033 74356238 1
1003 7060 74356248 1
992 7060 74356258 1
992 7066 74356268 1
1029 7075 74356278 1
1085 7091 74356288 1
1208 7147 74356298 1
1432 7230 74356308 1
1722 7333 74356318 1
1993 7435 74356328 1
2279 7513 74356338 1
2574 7577 74356348 1
2832 7630 74356358 1
3041 7678 74356368 1
3216 7723 74356378 1
3369 7767 74356388 1
3484 7795 74356398 1
3574 7821 74356408 1
3617 7840 74356418 1
3606 7850 74356428 1
3559 7850 74356438 1
1927 7085 74356579 0
1843 7019 74356589 1
1816 6969 74356599 1
1790 6891 74356609 1
1767 6807 74356619 1
1747 6721 74356629 1
1731 6598 74356639 1
1716 6451 74356649 1
1705 6258 74356659 1
1693 6023 74356669 1
1679 5759 74356679 1
1679 5508 74356689 1
1679 5209 74356699 1
1679 4878 74356709 1
1692 4571 74356719 1
1707 4271 74356729 1
1728 3975 74356739 1
1751 3676 74356749 1
1775 3440 74356759 1
1802 3247 74356769 1
1838 3025 74356779 1
1880 2798 74356789 1
1908 2660 74356799 1
1922 2582 74356809 1
1927 2541 74356819 1
1933 2532 74356829 1
1938 2545 74356839 1
1938 2606 74356849 1
1958 2773 74356859 1
1988 3012 74356869 1
2668 6227 74356999 0
2704 6417 74357009 1
2692 6424 74357019 1
2684 6424 74357029 1
2684 6424 74357039 1
2684 6424 74357049 1
2678 6424 74357059 1
2678 6424 74357069 1
2691 6394 74357079 1
2707 6356 74357089 1
2727 6300 74357099 1
2750 6216 74357109 1
2766 6114 74357119 1
2776 5988 74357129 1
2784 5857 74357139 1
2789 5723 74357149 1
2789 5625 74357159 1
2797 5543 74357169 1
2802 5473 74357179 1
2808 5442 74357189 1
2808 5442 74357199 1
2808 5461 74357209 1
2808 5520 74357219 1
2801 5613 74357229 1
2801 5729 74357239 1
2801 5884 74357249 1
2811 6038 74357259 1
2829 6152 74357269 1
2857 6241 74357279 1
2895 6302 74357289 1
2938 6349 74357299 1
2998 6387 74357309 1
3069 6426 74357319 1
3157 6463 74357329 1
3232 6482 74357339 1
3298 6489 74357349 1
3332 6489 74357359 1
3332 6446 74357369 1
3316 6385 74357379 1
3247 6280 74357389 1
3148 6174 74357399 1
3028 6064 74357409 1
2925 5956 74357419 1
2844 5850 74357429 1
2777 5779 74357439 1
2737 5729 74357449 1
2724 5716 74357459 1
2730 5710 74357469 1
2749 5710 74357479 1
2772 5710 74357489 1
2804 5723 74357499 1
2839 5742 74357509 1
2872 5760 74357519 1
2883 5766 74357529 1
2883 5766 74357539 1
2855 5739 74357549 1
2754 5644 74357580 0
2647 5540 74357590 1
2598 5481 74357600 1
2565 5414 74357610 1
2543 5340 74357620 1
2530 5245 74357630 1
2518 5137 74357640 1
2509 5007 74357650 1
2502 4863 74357660 1
2502 4711 74357670 1
2515 4592 74357680 1
2536 4494 74357690 1
2557 4410 74357700 1
2576 4352 74357710 1
2585 4323 74357720 1
2585 4313 74357730 1
2585 4313 74357740 1
2576 4333 74357750 1
2557 4363 74357760 1
2542 4413 74357770 1
2528 4476 74357780 1
2528 4549 74357790 1
2543 4620 74357800 1
2570 4679 74357810 1
2609 4731 74357820 1
2657 4783 74357830 1
2715 4838 74357840 1
2775 4894 74357850 1
2837 4940 74357860 1
2896 4960 74357870 1
2934 4960 74357880 1
2961 4943 74357890 1
2968 4886 74357900 1
2948 4805 74357910 1
2909 4706 74357920 1
2879 4634 74357930 1
2854 4581 74357940 1
2846 4544 74357950 1
2846 4521 74357960 1
2856 4507 74357970 1
2867 4507 74357980 1
2886 4515 74357990 1
2924 4538 74358000 1
2975 4599 74358010 1
3045 4684 74358020 1
3118 4785 74358030 1
3195 4913 74358040 1
3263 5014 74358050 1
3324 5096 74358060 1
3369 5134 74358070 1
3400 5152 74358080 1
3421 5152 74358090 1
3438 5137 74358100 1
3455 5097 74358110 1
3473 5042 74358120 1
3492 4972 74358130 1
3510 4881 74358140 1
3520 4777 74358150 1
3526 4690 74358160 1
3526 4616 74358170 1
3535 4550 74358180 1
3540 4508 74358190 1
3545 4493 74358200 1
3545 4493 74358210 1
3545 4508 74358220 1
3553 4548 74358230 1
3562 4606 74358240 1
3578 4696 74358250 1
3611 4799 74358260 1
3654 4912 74358270 1
3712 4968 74358280 1
3783 5005 74358290 1
3863 5030 74358300 1
3935 5030 74358310 1
4001 5010 74358320 1
4064 4977 74358330 1
4110 4923 74358340 1
4138 4864 74358350 1
4154 4787 74358360 1
4127 4701 74358370 1
4068 4602 74358380 1
3988 4501 74358390 1
3903 4396 74358400 1
3813 4287 74358410 1
3720 4204 74358420 1
3636 4138 74358430 1
3573 4100 74358440 1
3524 4066 74358450 1
3476 4035 74358460 1
3416 3962 74358470 1
3347 3871 74358480 1
3269 3767 74358490 1
3195 3679 74358500 1
3129 3617 74358510 1
3070 3573 74358520 1
3017 3540 74358530 1
2971 3520 74358540 1
2924 3510 74358550 1
2875 3491 74358560 1
2815 3470 74358570 1
2753 3446 74358580 1
2689 3423 74358590 1
2639 3411 74358600 1
2617 3406 74358610 1
2617 3406 74358620 1
2623 3406 74358630 1
2663 3420 74358640 1
2724 3446 74358650 1
2820 3487 74358660 1
2952 3538 74358670 1
3107 3591 74358680 1
3292 3648 74358690 1
3480 3708 74358700 1
3669 3758 74358710 1
3855 3802 74358720 1
4019 3837 74358730 1
4167 3869 74358740 1
4312 3900 74358750 1
4428 3929 74358760 1
4524 3958 74358770 1
4589 3986 74358780 1
4627 4013 74358790 1
4648 4042 74358800 1
4788 6022 74359182 0
4743 5980 74359192 1
4726 5974 74359202 1
4714 5979 74359212 1
4714 5979 74359222 1
4744 5994 74359232 1
4787 6018 74359242 1
4885 6043 74359252 1
5033 6129 74359262 1
5213 6256 74359272 1
5442 6376 74359282 1
5659 6495 74359292 1
5868 6584 74359302 1
5986 6652 74359312 1
6062 6683 74359322 1
6110 6709 74359332 1
6110 6709 74359342 1
6139 6732 74359352 1
6130 6743 74359362 1
6102 6755 74359372 1
6045 6755 74359382 1
5968 6755 74359392 1
5891 6749 74359402 1
5814 6749 74359412 1
5740 6763 74359422 1
5689 6797 74359432 1
5654 6843 74359442 1
5636 6907 74359452 1
5627 6948 74359462 1
5627 6973 74359472 1
5627 6973 74359482 1
5627 6973 74359492 1
5627 6946 74359502 1
5627 6904 74359512 1
5618 6805 74359522 1
5603 6685 74359532 1
5585 6552 74359542 1
5564 6384 74359552 1
5540 6199 74359563 1
5511 6002 74359573 1
5484 5788 74359583 1
5459 5603 74359593 1
5431 5438 74359603 1
5401 5264 74359613 1
5385 5142 74359623 1
5391 5054 74359633 1
5411 5012 74359643 1
5457 5012 74359653 1
5547 5048 74359663 1
5667 5153 74359673 1
5822 5280 74359683 1
5954 5421 74359693 1
6070 5559 74359703 1
6178 5647 74359713 1
6259 5701 74359723 1
6321 5740 74359733 1
6337 5750 74359743 1
6320 5740 74359753 1
6280 5703 74359763 1
5146 4763 74359873 0
5050 4616 74359883 1
5023 4610 74359893 1
5014 4580 74359903 1
5014 4534 74359913 1
5014 4466 74359923 1
5014 4364 74359933 1
5001 4240 74359943 1
5010 4127 74359953 1
5020 4011 74359963 1
5032 3894 74359973 1
5046 3759 74359983 1
5064 3658 74359993 1
5088 3580 74360003 1
5113 3515 74360013 1
5135 3480 74360023 1
5159 3465 74360033 1
5199 3485 74360043 1
5250 3554 74360053 1
5301 3656 74360063 1
5424 4102 74360094 0
5502 4269 74360104 1
5530 4351 74360114 1
5551 4389 74360124 1
5562 4402 74360134 1
5571 4402 74360144 1
5579 4383 74360154 1
5594 4331 74360164 1
5612 4254 74360174 1
5637 4174 74360184 1
5673 4089 74360194 1
5719 3998 74360204 1
5781 3910 74360214 1
5852 3823 74360224 1
5927 3733 74360234 1
6008 3688 74360244 1
6099 3650 74360254 1
6197 3616 74360264 1
6305 3616 74360274 1
6420 3651 74360284 1
6514 3699 74360294 1
6608 3762 74360304 1
6696 3832 74360314 1
6780 3908 74360324 1
6845 3986 74360334 1
6873 4078 74360344 1
6873 4180 74360354 1
6842 4284 74360364 1
6768 4385 74360374 1
6667 4439 74360384 1
6545 4464 74360394 1
6426 4480 74360404 1
6310 4499 74360414 1
6255 4518 74360424 1
6255 4536 74360434 1
6286 4571 74360444 1
6355 4618 74360454 1
6467 4663 74360464 1
6607 4709 74360474 1
6797 4756 74360484 1
6987 4777 74360494 1
7174 4777 74360504 1
7359 4752 74360514 1
7531 4704 74360524 1
7679 4639 74360534 1
7810 4563 74360544 1
7916 4486 74360554 1
7984 4408 74360564 1
8026 4330 74360574 1
8044 4252 74360584 1
8044 4198 74360594 1
8028 4158 74360604 1
8005 4158 74360614 1
9050 7061 74361165 0
9046 7133 74361175 1
9040 7147 74361185 1
9040 7157 74361195 1
9040 7162 74361205 1
9040 7162 74361215 1
9040 7162 74361225 1
9040 7131 74361235 1
9033 7087 74361245 1
9027 7026 74361255 1
9020 6933 74361265 1
9012 6818 74361275 1
9006 6703 74361285 1
9006 6564 74361295 1
9006 6409 74361305 1
9006 6252 74361315 1
9006 6094 74361325 1
8996 5959 74361335 1
8991 5839 74361345 1
8985 5785 74361355 1
8980 5762 74361365 1
8965 5762 74361375 1
8945 5771 74361385 1
8901 5810 74361395 1
8858 5869 74361405 1
8493 6365 74361516 0
8493 6365 74361526 1
8493 6365 74361536 1
8493 6365 74361546 1
8493 6365 74361556 1
8514 6295 74361566 1
8520 6218 74361576 1
8525 6123 74361586 1
8535 6028 74361596 1
8547 5947 74361606 1
8566 5875 74361616 1
8590 5829 74361626 1
8613 5805 74361636 1
8638 5795 74361646 1
8664 5805 74361656 1
9353 6552 74361746 0
9523 6626 74361756 1
9572 6653 74361766 1
9605 6676 74361776 1
9640 6689 74361786 1
9665 6698 74361796 1
9684 6698 74361806 1
9689 6698 74361816 1
9689 6681 74361826 1
9677 6659 74361836 1
9652 6626 74361846 1
9604 6572 74361856 1
9540 6504 74361866 1
9447 6402 74361876 1
9327 6280 74361886 1
9189 6144 74361896 1
9051 6004 74361906 1
8904 5871 74361916 1
8750 5743 74361926 1
8620 5654 74361936 1
8507 5577 74361946 1
8405 5509 74361956 1
8284 5429 74361966 1
8167 5348 74361976 1
8071 5280 74361986 1
7988 5221 74361996 1
7937 5185 74362006 1
7918 5170 74362016 1
7918 5170 74362026 1
7936 5170 74362036 1
7997 5203 74362046 1
8089 5252 74362056 1
8235 5338 74362066 1
8410 5436 74362076 1
8603 5543 74362086 1
8793 5634 74362096 1
8987 5719 74362106 1
9145 5791 74362116 1
9276 5856 74362126 1
9393 5906 74362136 1
9477 5945 74362146 1
9538 5974 74362156 1
9565 5987 74362166 1
9571 5987 74362176 1
9563 5987 74362186 1
9532 5987 74362196 1
9478 5960 74362206 1
9408 5921 74362216 1
9322 5864 74362226 1
9236 5808 74362236 1
9149 5752 74362246 1
9071 5698 74362256 1
8994 5636 74362266 1
8905 5541 74362276 1
8806 5425 74362286 1
8709 5274 74362296 1
8606 5090 74362306 1
8500 4884 74362316 1
8397 4641 74362326 1
8296 4408 74362336 1
8211 4183 74362346 1
8136 3967 74362356 1
8074 3783 74362366 1
8015 3621 74362376 1
7965 3526 74362386 1
7920 3451 74362396 1
7879 3390 74362406 1
7847 3367 74362416 1
7838 3372 74362426 1
7843 3397 74362436 1
7874 3462 74362446 1
7937 3569 74362456 1
8020 3704 74362466 1
8851 5138 74362587 0
8907 5235 74362597 1
8916 5250 74362607 1
8921 5250 74362617 1
8921 5250 74362627 1
8908 5233 74362637 1
8887 5188 74362647 1
8862 5123 74362657 1
8833 5050 74362667 1
8809 4973 74362677 1
8786 4876 74362687 1
8764 4767 74362697 1
8742 4666 74362707 1
8719 4566 74362717 1
8696 4468 74362727 1
8675 4363 74362737 1
8657 4258 74362747 1
8641 4155 74362757 1
8632 4068 74362767 1
8632 3988 74362777 1
8641 3912 74362787 1
8656 3835 74362797 1
8679 3756 74362807 1
8711 3688 74362817 1
8760 3627 74362827 1
8820 3577 74362837 1
8888 3537 74362847 1
8962 3503 74362857 1
9040 3474 74362867 1
9124 3447 74362877 1
9210 3422 74362887 1
9312 3403 74362897 1
9424 3379 74362907 1
9539 3372 74362917 1
9658 3379 74362927 1
9786 3389 74362937 1
9927 3403 74362947 1
10075 3421 74362957 1
10204 3437 74362967 1
10338 3462 74362977 1
10478 3493 74362987 1
10618 3540 74362997 1
10756 3603 74363007 1
10895 3677 74363017 1
11035 3772 74363027 1
11150 3882 74363037 1
11247 4001 74363047 1
11338 4140 74363057 1
11420 4316 74363067 1
11496 4517 74363077 1
11554 4733 74363087 1
11585 4970 74363097 1
11598 5220 74363107 1
11575 5464 74363117 1
