451
1316 6469 71474975 0
1327 6508 71474985 1
1327 6492 71474995 1
1353 6485 71475005 1
1404 6476 71475015 1
1506 6476 71475025 1
1643 6487 71475035 1
1782 6508 71475045 1
1962 6548 71475055 1
2169 6601 71475065 1
2394 6657 71475075 1
2629 6718 71475075 1
2871 6783 71475085 1
3088 6846 71475095 1
3307 6915 71475105 1
3527 6988 71475115 1
3689 7025 71475125 1
3779 7033 71475135 1
1984 6264 71475305 0
1926 6353 71475315 1
1876 6358 71475325 1
1861 6340 71475335 1
1846 6258 71475345 1
1829 6133 71475355 1
1810 5948 71475365 1
1791 5718 71475375 1
1772 5459 71475385 1
1755 5106 71475395 1
1741 4706 71475405 1
1727 4274 71475415 1
1714 3801 71475425 1
1687 3416 71475435 1
1660 3090 71475445 1
1626 2786 71475455 1
1586 2566 71475465 1
1553 2401 71475475 1
1523 2284 71475485 1
1512 2236 71475495 1
2723 5995 71475716 0
2682 6027 71475726 1
2652 6089 71475736 1
2630 6124 71475746 1
2620 6141 71475756 1
2620 6141 71475766 1
2620 6141 71475776 1
2637 6078 71475786 1
2660 5986 71475796 1
2685 5846 71475806 1
2709 5716 71475816 1
2730 5593 71475826 1
2754 5474 71475836 1
2780 5355 71475846 1
2806 5256 71475856 1
2890 5534 71475936 0
2879 5649 71475946 1
2866 5690 71475956 1
2852 5741 71475966 1
2880 5807 71475976 1
2948 5882 71475986 1
3042 5967 71475996 1
3154 6047 71476006 1
3256 6098 71476016 1
3352 6131 71476026 1
3432 6124 71476036 1
3471 6066 71476046 1
3482 5975 71476056 1
3450 5831 71476066 1
3397 5687 71476076 1
3329 5544 71476086 1
3254 5390 71476096 1
3181 5265 71476106 1
3109 5160 71476116 1
3066 5109 71476126 1
3059 5094 71476136 1
3075 5103 71476146 1
3123 5127 71476156 1
3213 5184 71476166 1
3330 5264 71476176 1
3443 5353 71476186 1
3555 5439 71476196 1
3661 5524 71476206 1
3764 5580 71476216 1
2012 4364 71476387 0
1966 4347 71476397 1
1921 4390 71476407 1
1921 4446 71476417 1
1955 4401 71476427 1
2007 4307 71476437 1
2066 4180 71476447 1
2122 4031 71476457 1
2158 3876 71476467 1
2181 3711 71476477 1
2203 3589 71476487 1
2226 3495 71476497 1
2253 3406 71476507 1
2279 3344 71476517 1
2301 3300 71476527 1
2319 3300 71476537 1
2335 3348 71476547 1
2335 3431 71476557 1
2326 3542 71476567 1
2296 3651 71476577 1
2263 3756 71476587 1
2228 3859 71476597 1
2216 3932 71476607 1
2225 3985 71476617 1
2249 4041 71476627 1
2305 4102 71476637 1
2384 4168 71476647 1
2479 4235 71476657 1
2581 4298 71476667 1
2684 4332 71476677 1
2748 4348 71476687 1
2785 4317 71476697 1
2797 4238 71476707 1
2777 4126 71476717 1
2735 3986 71476727 1
2678 3832 71476737 1
2612 3668 71476748 1
2541 3546 71476758 1
2500 3480 71476768 1
2490 3451 71476778 1
2501 3451 71476788 1
2531 3500 71476798 1
2601 3573 71476808 1
2697 3688 71476818 1
2785 3830 71476828 1
2876 3990 71476838 1
2974 4145 71476848 1
3329 4668 71476948 0
3356 4650 71476958 1
3351 4650 71476968 1
3351 4607 71476978 1
3351 4540 71476988 1
3351 4422 71476998 1
3340 4281 71477008 1
3323 4125 71477018 1
3311 3991 71477028 1
3303 3875 71477038 1
3303 3770 71477048 1
3318 3699 71477058 1
3336 3673 71477068 1
3372 4091 71477118 0
3392 4267 71477128 1
3399 4335 71477138 1
3409 4388 71477148 1
3436 4431 71477158 1
3474 4482 71477168 1
3529 4530 71477178 1
3587 4571 71477188 1
3648 4589 71477198 1
3708 4589 71477208 1
3753 4569 71477218 1
3789 4515 71477228 1
3799 4442 71477238 1
3787 4338 71477248 1
3761 4230 71477258 1
3720 4123 71477268 1
3673 4019 71477278 1
3622 3930 71477288 1
3597 3866 71477298 1
3597 3818 71477308 1
3608 3792 71477318 1
3639 3781 71477328 1
3696 3781 71477338 1
3770 3815 71477348 1
3849 3874 71477358 1
3940 3950 71477368 1
4040 4021 71477378 1
4123 4074 71477388 1
4172 4114 71477398 1
1401 2242 71477659 0
1316 2155 71477669 1
1292 2137 71477679 1
1285 2137 71477689 1
1285 2137 71477699 1
1309 2161 71477709 1
1368 2196 71477719 1
1452 2249 71477729 1
1577 2315 71477739 1
1729 2391 71477749 1
1900 2464 71477759 1
2110 2543 71477769 1
2357 2626 71477779 1
2629 2721 71477789 1
2926 2825 71477799 1
3227 2935 71477809 1
3524 3046 71477819 1
3816 3151 71477829 1
4038 3243 71477839 1
4232 3330 71477849 1
4406 3390 71477859 1
4531 3434 71477869 1
4611 3460 71477879 1
4710 5432 71478320 0
4777 5466 71478330 1
4787 5497 71478340 1
4825 5497 71478350 1
4882 5521 71478360 1
4943 5559 71478370 1
5016 5610 71478380 1
5122 5686 71478390 1
5244 5787 71478400 1
5387 5905 71478410 1
5528 6026 71478420 1
5667 6126 71478430 1
5796 6212 71478440 1
5881 6276 71478450 1
5936 6314 71478460 1
5954 6334 71478470 1
5949 6334 71478480 1
5928 6334 71478490 1
5885 6334 71478500 1
5829 6334 71478510 1
5765 6334 71478520 1
5703 6350 71478530 1
5644 6369 71478540 1
5593 6391 71478550 1
5549 6419 71478560 1
5523 6446 71478570 1
5509 6459 71478580 1
5509 6459 71478590 1
5509 6459 71478600 1
5519 6430 71478610 1
5529 6387 71478620 1
5539 6316 71478630 1
5539 6218 71478640 1
5544 6101 71478650 1
5538 5953 71478660 1
5528 5799 71478670 1
5515 5666 71478680 1
5501 5549 71478690 1
5489 5417 71478700 1
5480 5303 71478710 1
5480 5201 71478720 1
5480 5132 71478730 1
5495 5097 71478740 1
5518 5085 71478750 1
5563 5085 71478760 1
5623 5117 71478770 1
5718 5166 71478780 1
5805 5212 71478790 1
5886 5261 71478800 1
5956 5318 71478810 1
6020 5380 71478820 1
6081 5438 71478830 1
6126 5491 71478840 1
6149 5535 71478850 1
6158 5562 71478860 1
5032 4697 71478991 0
4987 4643 71479001 1
4946 4651 71479011 1
4928 4651 71479021 1
4928 4626 71479031 1
4914 4583 71479041 1
4892 4485 71479051 1
4863 4337 71479061 1
4820 4157 71479071 1
4760 3980 71479081 1
4689 3803 71479091 1
4621 3653 71479101 1
4556 3522 71479111 1
4510 3422 71479121 1
4474 3347 71479131 1
4453 3289 71479141 1
4453 3276 71479151 1
5201 4416 71479271 0
5227 4419 71479281 1
5227 4395 71479291 1
5227 4328 71479301 1
5217 4229 71479311 1
5212 4110 71479321 1
5212 3977 71479331 1
5212 3840 71479341 1
5228 3694 71479351 1
5256 3573 71479361 1
5300 3470 71479371 1
5370 3374 71479381 1
5458 3296 71479391 1
5576 3231 71479401 1
5722 3203 71479411 1
5887 3203 71479421 1
6028 3210 71479431 1
6163 3245 71479441 1
6293 3293 71479451 1
6389 3349 71479461 1
6447 3426 71479471 1
6479 3529 71479481 1
6470 3650 71479491 1
6422 3805 71479501 1
6347 3959 71479511 1
6249 4088 71479521 1
6150 4201 71479531 1
6049 4287 71479541 1
5976 4343 71479551 1
5930 4379 71479561 1
5901 4403 71479571 1
5891 4427 71479581 1
5905 4454 71479591 1
5935 4499 71479601 1
6000 4552 71479611 1
6096 4605 71479621 1
6212 4655 71479631 1
6348 4697 71479641 1
6486 4728 71479651 1
6640 4738 71479661 1
6804 4738 71479671 1
6965 4714 71479681 1
7100 4675 71479691 1
7218 4624 71479701 1
7330 4561 71479711 1
7417 4496 71479721 1
7486 4431 71479731 1
7535 4373 71479741 1
7568 4319 71479751 1
7591 4274 71479761 1
7605 4228 71479771 1
7610 4190 71479781 1
7809 6863 71480473 0
7868 6896 71480483 1
7895 6947 71480493 1
7949 6999 71480503 1
8020 7036 71480513 1
8068 7063 71480523 1
8115 7063 71480533 1
8163 7023 71480543 1
8209 6953 71480553 1
8253 6823 71480563 1
8288 6693 71480573 1
8317 6536 71480583 1
8325 6361 71480593 1
8325 6192 71480603 1
8311 6042 71480613 1
8299 5904 71480623 1
8290 5783 71480633 1
8284 5697 71480643 1
8284 5635 71480653 1
8277 5575 71480663 1
8277 5527 71480673 1
8277 5486 71480683 1
7755 5915 71480783 0
7647 5933 71480793 1
7623 5955 71480803 1
7617 5955 71480813 1
7632 5925 71480823 1
7665 5883 71480833 1
7710 5817 71480843 1
7765 5756 71480853 1
7827 5698 71480863 1
7896 5636 71480873 1
7965 5576 71480883 1
8030 5529 71480893 1
8118 5491 71480903 1
8220 5496 71480913 1
8353 5549 71480923 1
8491 5635 71480933 1
8635 5756 71480943 1
8777 5899 71480953 1
8895 6057 71480963 1
8997 6175 71480973 1
9046 6244 71480984 1
9059 6281 71480994 1
9048 6269 71481004 1
9009 6229 71481014 1
8944 6171 71481024 1
8862 6085 71481034 1
8759 5968 71481044 1
8637 5830 71481054 1
8501 5682 71481064 1
8341 5511 71481074 1
7708 4763 71481124 0
7463 4559 71481134 1
7399 4507 71481144 1
7362 4487 71481154 1
7362 4487 71481164 1
7405 4509 71481174 1
7466 4550 71481184 1
7572 4610 71481194 1
7711 4683 71481204 1
7872 4782 71481214 1
8048 4903 71481224 1
8257 5038 71481234 1
8487 5165 71481244 1
8722 5292 71481254 1
8962 5421 71481264 1
9156 5528 71481274 1
9317 5621 71481284 1
9465 5688 71481294 1
9558 5731 71481304 1
9615 5758 71481314 1
8612 5217 71481434 0
8571 5179 71481444 1
8538 5192 71481454 1
8523 5184 71481464 1
8523 5136 71481474 1
8508 5062 71481484 1
8471 4924 71481494 1
8417 4742 71481504 1
8335 4532 71481514 1
8236 4303 71481524 1
8126 4073 71481534 1
8026 3867 71481544 1
7930 3678 71481554 1
7841 3548 71481564 1
7772 3444 71481574 1
7717 3357 71481584 1
7695 3310 71481594 1
7695 3302 71481604 1
9055 5239 71481775 0
9090 5312 71481785 1
9065 5312 71481795 1
9065 5312 71481805 1
9065 5312 71481815 1
9065 5312 71481825 1
9057 5312 71481835 1
9048 5301 71481845 1
9036 5267 71481855 1
9018 5218 71481865 1
8997 5130 71481875 1
8971 4998 71481885 1
8939 4837 71481895 1
8902 4648 71481905 1
8859 4460 71481915 1
8821 4274 71481925 1
8789 4103 71481935 1
8779 3970 71481945 1
8784 3862 71481955 1
8817 3779 71481965 1
8892 3714 71481975 1
8994 3660 71481985 1
9117 3630 71481995 1
9266 3622 71482005 1
9432 3630 71482015 1
9603 3673 71482025 1
9779 3758 71482035 1
9965 3872 71482045 1
10155 4001 71482055 1
10347 4136 71482065 1
10542 4276 71482075 1
10739 4415 71482085 1
10899 4533 71482095 1
11020 4638 71482105 1
11114 4740 71482115 1
11159 4857 71482125 1
11174 4984 71482135 1
11168 5126 71482145 1
11138 5308 71482155 1
11085 5516 71482165 1
11017 5726 71482175 1
10930 5947 71482185 1
10838 6176 71482195 1
