270
1752 6433 36637705 0
1713 6322 36637715 1
1696 6406 36637725 1
1696 6423 36637745 1
1707 6395 36637755 1
1820 6415 36637765 1
2035 6479 36637775 1
2318 6572 36637785 1
2724 6653 36637795 1
3126 6715 36637805 1
3525 6764 36637815 1
3884 6827 36637825 1
4137 6887 36637835 1
4319 6946 36637845 1
4417 6979 36637855 1
4458 6995 36637865 1
4458 7000 36637875 1
4447 7013 36637885 1
2630 6582 36637995 0
2568 6318 36638005 1
2536 6275 36638015 1
2504 6001 36638025 1
2515 5574 36638035 1
2554 5143 36638045 1
2610 4707 36638055 1
2671 4312 36638065 1
2736 3947 36638075 1
2757 3560 36638085 1
2744 3258 36638095 1
2707 3012 36638105 1
2680 2727 36638115 1
2654 2556 36638125 1
2628 2461 36638135 1
2621 2422 36638145 1
2621 2422 36638155 1
2630 2459 36638165 1
2642 2624 36638175 1
3051 5884 36638276 0
3526 6028 36638286 1
3580 6062 36638296 1
3644 5941 36638306 1
3715 5718 36638316 1
3769 5461 36638326 1
3829 5302 36638336 1
3879 5208 36638346 1
3919 5193 36638356 1
3926 5220 36638366 1
3918 5274 36638376 1
3901 5407 36638386 1
3889 5562 36638396 1
3889 5731 36638406 1
3912 5873 36638416 1
3956 5943 36638426 1
4035 5966 36638436 1
4141 5953 36638446 1
4266 5895 36638456 1
4361 5807 36638466 1
4401 5694 36638476 1
4401 5579 36638486 1
4330 5459 36638496 1
4215 5337 36638506 1
4073 5214 36638516 1
3970 5153 36638526 1
3890 5116 36638536 1
2866 4666 36638656 0
2967 4619 36638666 1
2920 4600 36638676 1
2883 4534 36638686 1
2852 4316 36638696 1
2890 3996 36638706 1
2968 3785 36638716 1
3073 3650 36638726 1
3159 3565 36638736 1
3212 3553 36638746 1
3244 3576 36638756 1
3258 3623 36638766 1
3273 3697 36638776 1
3289 3799 36638786 1
3340 3920 36638796 1
3436 4056 36638806 1
3563 4160 36638816 1
3699 4244 36638826 1
3806 4234 36638836 1
3893 4157 36638846 1
3940 4035 36638856 1
3947 3915 36638866 1
3927 3813 36638876 1
3891 3722 36638886 1
3878 3704 36638896 1
3878 3753 36638906 1
3914 3848 36638916 1
3989 3993 36638926 1
4093 4135 36638936 1
4211 4272 36638946 1
4305 4342 36638956 1
4383 4367 36638966 1
4421 4305 36638976 1
4430 4193 36638986 1
4419 4049 36638996 1
2526 2644 36639257 0
2533 2616 36639267 1
2543 2635 36639277 1
2670 2653 36639287 1
2873 2705 36639297 1
3198 2780 36639307 1
3562 2837 36639317 1
3951 2881 36639327 1
4310 2917 36639337 1
4626 2963 36639347 1
4913 3009 36639357 1
5096 3042 36639367 1
5248 3066 36639377 1
5379 3081 36639387 1
5481 3094 36639397 1
5540 3104 36639407 1
5571 3112 36639417 1
5368 5471 36639568 0
5455 5175 36639578 1
5473 5175 36639588 1
5464 5175 36639598 1
5529 5183 36639608 1
5713 5205 36639618 1
5975 5330 36639628 1
6178 5453 36639638 1
6325 5554 36639648 1
6435 5641 36639658 1
6500 5730 36639668 1
6527 5837 36639678 1
6410 6576 36639728 0
6293 6692 36639738 1
6236 6600 36639748 1
6162 6444 36639758 1
6117 6156 36639768 1
6072 5781 36639778 1
6029 5455 36639788 1
5972 5162 36639798 1
5906 4891 36639808 1
5822 4679 36639818 1
5773 4582 36639828 1
5747 4561 36639838 1
5753 4571 36639848 1
5800 4604 36639858 1
5873 4653 36639868 1
6004 4742 36639878 1
6171 4859 36639888 1
6363 4996 36639898 1
6516 5069 36639908 1
6589 5096 36639918 1
6608 5096 36639928 1
6580 5044 36639938 1
6513 4961 36639948 1
6421 4856 36639958 1
5009 4253 36640088 0
5108 4176 36640098 1
5050 4156 36640108 1
5015 3950 36640118 1
4994 3739 36640128 1
4994 3524 36640138 1
5002 3314 36640149 1
5015 3125 36640159 1
5032 2950 36640169 1
5059 2848 36640179 1
5088 2795 36640189 1
5122 2774 36640199 1
5177 2808 36640209 1
5245 2890 36640219 1
5535 3535 36640269 0
5647 3543 36640279 1
5688 3480 36640289 1
5736 3337 36640299 1
5804 3167 36640309 1
5885 2980 36640319 1
5991 2857 36640329 1
6103 2760 36640339 1
6221 2680 36640349 1
6341 2713 36640359 1
6448 2784 36640369 1
6531 2881 36640379 1
6599 2967 36640389 1
6655 3096 36640399 1
6714 3254 36640409 1
6811 3477 36640419 1
6931 3686 36640429 1
7044 3887 36640439 1
7159 3931 36640449 1
7275 3922 36640459 1
7408 3877 36640469 1
7528 3755 36640479 1
7638 3578 36640489 1
7727 3364 36640499 1
7777 3175 36640509 1
7801 2989 36640519 1
7751 2806 36640529 1
7655 2613 36640539 1
7527 2498 36640549 1
7411 2435 36640559 1
7328 2477 36640569 1
7266 2607 36640579 1
9071 6705 36640759 0
9171 6680 36640769 1
9187 6620 36640779 1
9180 6532 36640789 1
9164 6200 36640799 1
9151 5919 36640809 1
9143 5673 36640819 1
9143 5547 36640829 1
9080 5469 36640839 1
8972 5424 36640849 1
8823 5410 36640859 1
8110 5681 36640940 0
8209 5598 36640950 1
8240 5578 36640960 1
8321 5494 36640970 1
8429 5413 36640980 1
8556 5334 36640990 1
8697 5307 36641000 1
9125 5399 36641040 0
9370 5553 36641050 1
9478 5643 36641060 1
9578 5705 36641070 1
9639 5749 36641080 1
9660 5707 36641090 1
9654 5586 36641100 1
9599 5412 36641110 1
9485 5192 36641120 1
9331 4963 36641130 1
9146 4727 36641140 1
8925 4487 36641150 1
8679 4297 36641160 1
8485 4141 36641170 1
8376 4071 36641180 1
8323 4047 36641190 1
8354 4055 36641200 1
8487 4096 36641210 1
8688 4183 36641220 1
8970 4300 36641230 1
9232 4437 36641240 1
9098 4259 36641350 0
8974 3938 36641360 1
8815 3717 36641370 1
8593 3472 36641380 1
8430 3057 36641390 1
8288 2768 36641400 1
8160 2562 36641410 1
8108 2491 36641420 1
8088 2491 36641430 1
8088 2538 36641440 1
8661 3565 36641541 0
8743 3475 36641551 1
8709 3345 36641561 1
8689 3160 36641571 1
8698 3004 36641581 1
8727 2847 36641591 1
8788 2690 36641601 1
8885 2534 36641611 1
9007 2435 36641621 1
9150 2356 36641631 1
9334 2291 36641641 1
9546 2248 36641651 1
9750 2214 36641661 1
9972 2187 36641671 1
10206 2228 36641681 1
10393 2304 36641691 1
10551 2404 36641701 1
10689 2517 36641711 1
10782 2672 36641721 1
10838 2856 36641731 1
10870 3110 36641741 1
10875 3486 36641751 1
10892 3944 36641761 1
