385
2101 6123 43454223 0
2159 6121 43454233 1
2198 6145 43454243 1
2286 6165 43454253 1
2400 6200 43454253 1
2560 6246 43454263 1
2744 6316 43454273 1
2944 6399 43454283 1
3163 6490 43454293 1
3370 6567 43454303 1
3569 6630 43454313 1
3763 6684 43454323 1
3905 6727 43454333 1
4011 6755 43454343 1
4089 6774 43454353 1
4124 6774 43454363 1
2819 6228 43454494 0
2734 6130 43454504 1
2680 6112 43454514 1
2644 6034 43454524 1
2620 5897 43454534 1
2598 5720 43454544 1
2578 5518 43454554 1
2563 5230 43454564 1
2545 4886 43454574 1
2521 4539 43454584 1
2495 4192 43454594 1
2468 3843 43454604 1
2442 3561 43454614 1
2431 3322 43454624 1
2431 3095 43454634 1
2431 2944 43454644 1
2438 2843 43454654 1
3082 5654 43454784 0
3267 5967 43454794 1
3276 6069 43454804 1
3286 6106 43454814 1
3295 6101 43454824 1
3304 6067 43454834 1
3313 6008 43454844 1
3318 5914 43454854 1
3318 5798 43454864 1
3331 5675 43454874 1
3340 5544 43454884 1
3346 5400 43454894 1
3346 5283 43454904 1
3356 5184 43454914 1
3365 5122 43454924 1
3377 5102 43454934 1
3385 5111 43454944 1
3391 5153 43454954 1
3408 5245 43454964 1
3428 5371 43454974 1
3459 5530 43454984 1
3502 5684 43454994 1
3557 5831 43455004 1
3623 5936 43455014 1
3696 6015 43455024 1
3768 6046 43455034 1
3828 6046 43455044 1
3882 6031 43455054 1
3920 5986 43455064 1
3932 5909 43455074 1
3926 5810 43455084 1
3901 5701 43455094 1
3856 5562 43455104 1
3798 5404 43455115 1
3727 5235 43455125 1
3658 5124 43455135 1
3625 5051 43455145 1
3616 5034 43455155 1
3624 5034 43455165 1
3661 5050 43455175 1
3717 5085 43455185 1
3780 5146 43455195 1
3843 5225 43455205 1
3906 5305 43455215 1
3937 5379 43455225 1
3947 5417 43455235 1
3439 5166 43455295 0
3152 4954 43455305 1
3019 4837 43455315 1
2929 4710 43455325 1
2865 4577 43455335 1
2819 4426 43455345 1
2792 4269 43455355 1
2778 4107 43455365 1
2783 3964 43455375 1
2793 3833 43455385 1
2810 3709 43455395 1
2831 3634 43455405 1
2853 3588 43455415 1
2875 3561 43455425 1
2890 3561 43455435 1
2903 3581 43455445 1
2921 3621 43455455 1
2941 3718 43455465 1
2967 3881 43455475 1
3021 4087 43455485 1
3092 4287 43455495 1
3188 4445 43455505 1
3285 4574 43455515 1
3369 4644 43455525 1
3444 4678 43455535 1
3499 4687 43455545 1
3535 4663 43455555 1
3558 4604 43455565 1
3567 4522 43455575 1
3559 4410 43455585 1
3539 4290 43455595 1
3508 4166 43455605 1
3476 4063 43455615 1
3442 3990 43455625 1
3417 3937 43455635 1
3408 3923 43455645 1
3408 3928 43455655 1
3420 3947 43455665 1
3451 4027 43455675 1
3496 4168 43455685 1
3571 4351 43455695 1
3669 4545 43455705 1
3783 4685 43455715 1
3865 4788 43455725 1
3937 4842 43455735 1
4001 4850 43455745 1
4050 4828 43455755 1
4084 4768 43455765 1
4107 4705 43455775 1
4117 4637 43455785 1
4117 4564 43455795 1
4102 4492 43455805 1
4090 4433 43455815 1
4079 4382 43455825 1
4074 4360 43455835 1
4074 4360 43455845 1
4079 4360 43455855 1
4099 4397 43455865 1
4130 4480 43455875 1
4188 4596 43455885 1
4259 4742 43455895 1
4339 4892 43455905 1
4411 5044 43455915 1
4464 5114 43455925 1
4503 5146 43455935 1
4524 5152 43455945 1
4536 5137 43455955 1
4543 5089 43455965 1
4543 5019 43455975 1
4519 4905 43455985 1
4485 4763 43455995 1
4448 4603 43456005 1
4413 4457 43456006 1
4398 4338 43456016 1
4398 4236 43456026 1
4423 4185 43456036 1
4481 4165 43456046 1
4560 4165 43456056 1
4668 4197 43456066 1
4780 4233 43456076 1
4860 4273 43456086 1
4917 4287 43456096 1
4937 4287 43456106 1
4915 4270 43456116 1
1559 2837 43456316 0
1519 2787 43456326 1
1507 2815 43456336 1
1502 2840 43456346 1
1569 2857 43456356 1
1680 2900 43456366 1
1819 2961 43456376 1
1993 3030 43456386 1
2217 3112 43456396 1
2475 3203 43456406 1
2768 3316 43456416 1
3076 3434 43456426 1
3393 3555 43456436 1
3743 3675 43456446 1
4071 3798 43456456 1
4402 3923 43456466 1
4742 4003 43456476 1
5002 4056 43456486 1
5235 4092 43456496 1
5449 4115 43456506 1
5603 4132 43456516 1
5711 4139 43456526 1
5623 5792 43456807 0
5548 5719 43456817 1
5548 5743 43456827 1
5588 5751 43456837 1
5649 5769 43456847 1
5766 5809 43456857 1
5907 5862 43456867 1
6064 5923 43456877 1
6252 5987 43456887 1
6443 6054 43456897 1
6613 6114 43456907 1
6767 6174 43456917 1
6902 6232 43456927 1
6999 6289 43456937 1
6668 6695 43457037 0
6565 6652 43457047 1
6513 6647 43457057 1
6480 6607 43457067 1
6457 6526 43457077 1
6435 6417 43457087 1
6412 6279 43457097 1
6388 6135 43457107 1
6363 5970 43457117 1
6349 5793 43457127 1
6340 5649 43457137 1
6340 5506 43457147 1
6340 5365 43457157 1
6340 5234 43457167 1
6321 5115 43457177 1
6293 5004 43457187 1
6240 4906 43457197 1
6177 4824 43457207 1
6107 4753 43457217 1
6053 4720 43457227 1
6022 4703 43457237 1
6006 4696 43457247 1
6011 4696 43457257 1
6055 4730 43457267 1
6126 4777 43457277 1
6241 4864 43457287 1
6365 4952 43457297 1
6496 5040 43457307 1
6618 5111 43457317 1
6733 5176 43457327 1
6842 5230 43457337 1
6920 5278 43457347 1
6965 5318 43457357 1
5795 4799 43457468 0
5569 4601 43457478 1
5473 4541 43457488 1
5370 4507 43457498 1
5294 4412 43457508 1
5236 4290 43457518 1
5177 4149 43457528 1
5124 3989 43457538 1
5082 3806 43457548 1
5046 3609 43457558 1
5013 3439 43457568 1
4989 3264 43457578 1
4973 3126 43457588 1
4968 3015 43457598 1
6010 4445 43457738 0
6068 4411 43457748 1
6081 4349 43457758 1
6081 4255 43457768 1
6081 4140 43457778 1
6071 4005 43457788 1
6077 3849 43457798 1
6103 3679 43457808 1
6143 3534 43457818 1
6210 3400 43457828 1
6298 3274 43457838 1
6399 3178 43457848 1
6513 3124 43457858 1
6633 3099 43457868 1
6766 3121 43457878 1
6906 3181 43457888 1
7011 3266 43457898 1
7098 3372 43457908 1
7174 3490 43457918 1
7219 3615 43457928 1
7232 3771 43457938 1
7223 3939 43457948 1
7191 4116 43457958 1
7159 4287 43457968 1
7128 4454 43457978 1
7122 4568 43457988 1
7147 4648 43457998 1
7192 4703 43458008 1
7269 4754 43458018 1
7359 4786 43458028 1
7457 4807 43458038 1
7562 4815 43458048 1
7673 4815 43458058 1
7811 4798 43458068 1
7965 4765 43458078 1
8097 4730 43458088 1
8225 4695 43458098 1
8350 4662 43458108 1
8447 4634 43458118 1
8513 4607 43458128 1
9258 6600 43458520 0
9277 6677 43458530 1
9284 6677 43458540 1
9298 6617 43458550 1
9319 6509 43458560 1
9333 6331 43458570 1
9340 6137 43458580 1
9340 5933 43458590 1
9340 5732 43458600 1
9333 5586 43458610 1
9333 5477 43458620 1
9333 5384 43458630 1
9333 5323 43458640 1
9333 5284 43458650 1
8603 5825 43458760 0
8510 5795 43458770 1
8464 5825 43458780 1
8464 5825 43458790 1
8484 5797 43458800 1
8523 5758 43458810 1
8589 5714 43458820 1
8681 5684 43458830 1
8791 5666 43458840 1
8936 5649 43458850 1
9074 5649 43458860 1
9208 5663 43458870 1
9369 5712 43458880 1
9532 5791 43458890 1
9683 5889 43458900 1
9825 5994 43458910 1
9956 6075 43458920 1
10037 6139 43458930 1
10084 6159 43458940 1
10084 6151 43458950 1
10058 6125 43458960 1
10004 6071 43458970 1
8462 4857 43459070 0
8225 4677 43459080 1
8177 4642 43459090 1
8186 4642 43459100 1
8248 4654 43459110 1
8345 4675 43459120 1
8489 4725 43459130 1
8668 4800 43459140 1
8871 4891 43459150 1
9085 4988 43459160 1
9295 5082 43459170 1
9501 5170 43459180 1
9697 5252 43459190 1
9880 5327 43459200 1
10054 5378 43459210 1
10167 5414 43459220 1
10247 5423 43459230 1
9568 5135 43459341 0
9409 5000 43459351 1
9299 4961 43459361 1
9227 4855 43459371 1
9155 4704 43459381 1
9081 4563 43459391 1
8991 4385 43459401 1
8892 4183 43459411 1
8785 3986 43459421 1
8681 3788 43459431 1
8584 3617 43459441 1
8493 3465 43459451 1
8409 3335 43459461 1
8335 3227 43459471 1
8292 3135 43459481 1
9179 4545 43459571 0
9507 4832 43459581 1
9599 4897 43459591 1
9663 4918 43459601 1
9697 4889 43459611 1
9704 4824 43459621 1
9693 4735 43459631 1
9669 4623 43459641 1
9639 4473 43459651 1
9604 4298 43459661 1
9576 4105 43459671 1
9570 3911 43459681 1
9578 3716 43459691 1
9615 3570 43459701 1
9684 3457 43459711 1
9774 3359 43459721 1
9940 3299 43459731 1
10107 3265 43459741 1
10275 3272 43459751 1
10484 3308 43459761 1
10685 3364 43459771 1
10880 3459 43459781 1
11073 3587 43459791 1
11226 3738 43459801 1
11352 3927 43459811 1
11468 4139 43459821 1
11553 4367 43459831 1
11618 4611 43459841 1
11673 4852 43459851 1
11713 5090 43459861 1
11744 5257 43459871 1
