267
1676 6404 36626659 0
1653 6313 36626669 1
1653 6375 36626679 1
1690 6487 36626689 1
1816 6540 36626699 1
2005 6613 36626709 1
2352 6705 36626719 1
2806 6802 36626729 1
3331 6886 36626739 1
3871 6970 36626749 1
4284 7024 36626759 1
4613 7058 36626769 1
4803 7088 36626779 1
4886 7116 36626789 1
4898 7133 36626799 1
4890 7144 36626809 1
4819 7165 36626819 1
3244 6829 36626899 0
3009 6586 36626909 1
2925 6545 36626919 1
2842 6556 36626929 1
2786 6374 36626939 1
2763 6091 36626949 1
2763 5740 36626959 1
2794 5365 36626969 1
2851 4896 36626979 1
2926 4364 36626990 1
2977 3874 36627000 1
3034 3486 36627010 1
3055 3167 36627020 1
3049 2871 36627030 1
3015 2630 36627040 1
2981 2427 36627050 1
2944 2293 36627060 1
2923 2229 36627070 1
2916 2212 36627080 1
2916 2249 36627090 1
2929 2435 36627100 1
3183 4998 36627170 0
3483 5478 36627180 1
3601 5562 36627190 1
3720 5595 36627200 1
3840 5512 36627210 1
3946 5345 36627220 1
4044 5122 36627230 1
4112 4914 36627240 1
4150 4793 36627250 1
4167 4731 36627260 1
4167 4738 36627270 1
4172 4815 36627280 1
4181 4938 36627290 1
4216 5132 36627300 1
4266 5345 36627310 1
4327 5572 36627320 1
4357 5644 36627330 1
4379 5650 36627340 1
4396 5611 36627350 1
4423 5535 36627360 1
4451 5432 36627370 1
4481 5310 36627380 1
4491 5210 36627380 1
4491 5121 36627390 1
4440 5040 36627400 1
4353 4959 36627410 1
4240 4885 36627420 1
3360 4544 36627520 0
3403 4430 36627530 1
3403 4405 36627540 1
3376 4227 36627550 1
3416 4022 36627560 1
3461 3800 36627570 1
3498 3609 36627580 1
3527 3508 36627590 1
3550 3468 36627600 1
3563 3468 36627610 1
3570 3513 36627620 1
3611 3591 36627630 1
3658 3711 36627640 1
3658 3711 36627661 0
3856 4146 36627671 1
3935 4197 36627681 1
4005 4197 36627691 1
4070 4138 36627701 1
4117 4028 36627711 1
4139 3883 36627721 1
4139 3732 36627731 1
4120 3644 36627741 1
4120 3598 36627751 1
4127 3611 36627761 1
4185 3705 36627771 1
4282 3854 36627781 1
4406 4015 36627791 1
4515 4170 36627801 1
4597 4322 36627811 1
4661 4368 36627821 1
4682 4321 36627831 1
4669 4213 36627841 1
4634 4042 36627851 1
4602 3861 36627861 1
4575 3674 36627871 1
4545 3541 36627881 1
4511 3447 36627891 1
2928 2433 36628051 0
2959 2366 36628061 1
2944 2359 36628071 1
2985 2353 36628081 1
3072 2353 36628091 1
3190 2386 36628101 1
3356 2434 36628111 1
3585 2494 36628121 1
3856 2584 36628131 1
4190 2694 36628141 1
4595 2791 36628151 1
5048 2855 36628161 1
5403 2898 36628171 1
5661 2970 36628181 1
5854 3018 36628191 1
5928 3051 36628201 1
5951 3059 36628211 1
5941 3053 36628221 1
5902 3037 36628231 1
5489 4639 36628342 0
5710 4623 36628352 1
5759 4668 36628362 1
5766 4682 36628372 1
5835 4675 36628382 1
5945 4742 36628392 1
6119 4852 36628402 1
6284 4991 36628412 1
6442 5092 36628422 1
6322 5668 36628472 0
6160 5948 36628482 1
6108 5957 36628492 1
6098 5943 36628502 1
6116 5777 36628512 1
6127 5510 36628522 1
6108 5147 36628532 1
6069 4805 36628542 1
6007 4476 36628552 1
5946 4255 36628562 1
5921 4153 36628572 1
5921 4131 36628582 1
5934 4131 36628592 1
6003 4183 36628602 1
6110 4270 36628612 1
6240 4387 36628622 1
6374 4507 36628632 1
6464 4629 36628642 1
6522 4708 36628652 1
5726 3959 36628722 0
5548 3660 36628732 1
5477 3540 36628742 1
5402 3369 36628752 1
5356 3164 36628762 1
5339 3015 36628772 1
5339 2910 36628782 1
5377 2835 36628792 1
5449 2835 36628802 1
5545 2920 36628812 1
5552 3461 36628882 0
5567 3060 36628892 1
5574 2835 36628902 1
5574 2613 36628912 1
5598 2474 36628922 1
5651 2408 36628932 1
5724 2392 36628942 1
5848 2460 36628952 1
5973 2603 36628962 1
6090 2797 36628972 1
6384 3484 36629012 0
6606 3561 36629022 1
6735 3508 36629032 1
6873 3400 36629042 1
7017 3280 36629052 1
7140 3151 36629062 1
7212 3050 36629072 1
7251 2944 36629082 1
7206 2829 36629092 1
7108 2672 36629102 1
6974 2487 36629112 1
6828 2319 36629122 1
6687 2210 36629132 1
6623 2140 36629142 1
6607 2186 36629152 1
6642 2338 36629162 1
8535 6147 36629313 0
8816 6261 36629323 1
8895 6384 36629333 1
8919 6347 36629343 1
8928 6203 36629353 1
8928 5952 36629363 1
8942 5658 36629373 1
8942 5336 36629383 1
8889 5069 36629393 1
8804 4917 36629403 1
8725 4842 36629413 1
8583 4785 36629423 1
8400 4757 36629433 1
8175 4748 36629443 1
8025 4756 36629453 1
7924 4794 36629463 1
7870 4852 36629473 1
7884 4939 36629483 1
7944 5027 36629493 1
8063 5115 36629503 1
8204 5121 36629513 1
8360 5092 36629523 1
8526 5039 36629533 1
8684 4989 36629543 1
8829 4957 36629553 1
8968 4937 36629563 1
9072 4964 36629573 1
9161 5024 36629583 1
9240 5106 36629593 1
9240 5106 36629613 0
9312 5421 36629623 1
9264 5427 36629633 1
9154 5316 36629643 1
9003 5128 36629653 1
8795 4826 36629663 1
8590 4511 36629673 1
8393 4188 36629683 1
8200 3890 36629693 1
8058 3691 36629703 1
7949 3557 36629713 1
7874 3535 36629723 1
7839 3555 36629733 1
7830 3604 36629743 1
7873 3675 36629753 1
7997 3810 36629763 1
8176 3988 36629773 1
8435 4186 36629783 1
8694 4343 36629793 1
8863 4472 36629803 1
8971 4461 36629813 1
8964 4346 36629823 1
8866 4161 36629833 1
8706 3895 36629843 1
8525 3621 36629853 1
8343 3342 36629863 1
8160 3037 36629873 1
8011 2732 36629883 1
7910 2549 36629893 1
7842 2447 36629903 1
7830 2432 36629914 1
7891 2523 36629924 1
8001 2686 36629934 1
8825 3477 36630024 0
8791 3186 36630034 1
8753 3036 36630044 1
8707 2878 36630054 1
8760 2772 36630064 1
8884 2691 36630074 1
9055 2626 36630084 1
9248 2593 36630094 1
9489 2604 36630104 1
9762 2644 36630114 1
10075 2677 36630124 1
10371 2762 36630134 1
10655 2882 36630144 1
10896 3010 36630154 1
11098 3207 36630164 1
11274 3451 36630174 1
11404 3836 36630184 1
11507 4354 36630194 1
11593 4960 36630204 1
11641 5552 36630214 1
