121
1775 5000 40995848 0
1584 4935 40995858 1
1493 4907 40995868 1
1427 4900 40995878 1
1378 4879 40995888 1
1355 4850 40995898 1
1362 4827 40995908 1
1389 4827 40995918 1
1475 4851 40995928 1
1655 4921 40995938 1
1897 5063 40995948 1
2273 5252 40995958 1
2735 5486 40995968 1
3255 5690 40995978 1
3866 5875 40995988 1
4472 6025 40995998 1
5074 6115 40996008 1
5601 6164 40996018 1
5978 6177 40996028 1
6254 6177 40996038 1
6436 6158 40996048 1
6500 6149 40996058 1
6486 6138 40996068 1
6427 6122 40996078 1
6288 6082 40996088 1
6096 6028 40996098 1
5909 5980 40996108 1
5697 5948 40996118 1
5469 5928 40996128 1
5240 5910 40996138 1
5066 5895 40996148 1
4928 5881 40996158 1
4848 5855 40996168 1
4803 5803 40996178 1
4780 5733 40996188 1
4739 5590 40996198 1
4701 5344 40996208 1
4671 5029 40996218 1
4647 4628 40996228 1
4627 4222 40996238 1
4620 3851 40996248 1
4638 3506 40996258 1
4673 3212 40996268 1
4735 2985 40996278 1
4797 2802 40996288 1
4854 2669 40996298 1
4906 2593 40996308 1
4951 2556 40996318 1
4992 2547 40996328 1
5029 2571 40996338 1
5087 2616 40996348 1
5816 4465 40996429 0
6044 4595 40996439 1
6105 4666 40996449 1
6182 4638 40996459 1
6263 4543 40996469 1
6348 4431 40996479 1
6425 4350 40996489 1
6457 4289 40996499 1
6464 4250 40996509 1
6426 4206 40996519 1
6337 4132 40996529 1
6213 4040 40996539 1
6092 3914 40996549 1
5987 3750 40996559 1
5893 3560 40996569 1
5828 3370 40996579 1
5793 3213 40996589 1
5777 3079 40996599 1
5805 3022 40996609 1
5837 3004 40996619 1
5874 3012 40996629 1
5912 3046 40996639 1
5962 3107 40996649 1
6017 3185 40996659 1
6076 3278 40996669 1
6142 3317 40996679 1
6217 3317 40996689 1
6253 3266 40996699 1
6259 3175 40996709 1
6283 3060 40996719 1
6310 2948 40996729 1
6343 2863 40996739 1
6382 2795 40996749 1
6424 2782 40996759 1
6474 2806 40996769 1
6559 2856 40996779 1
6665 2953 40996789 1
6786 3061 40996799 1
6891 3176 40996809 1
6985 3305 40996819 1
7056 3433 40996829 1
7090 3461 40996839 1
7098 3422 40996849 1
7088 3317 40996859 1
7080 3186 40996869 1
7072 3038 40996879 1
7095 2939 40996889 1
7139 2883 40996899 1
7196 2856 40996909 1
7294 2867 40996919 1
7437 2943 40996929 1
7609 3062 40996939 1
7778 3206 40996949 1
7916 3349 40996959 1
8033 3492 40996969 1
8145 3618 40996979 1
8260 3710 40996989 1
8382 3779 40996999 1
8472 3742 40997009 1
8542 3655 40997019 1
8597 3536 40997029 1
8639 3382 40997039 1
8672 3219 40997049 1
8749 3051 40997059 1
8825 2950 40997069 1
8900 2870 40997079 1
9000 2804 40997089 1
9092 2760 40997099 1
9179 2736 40997109 1
9249 2726 40997119 1
