138
1256 5210 71571604 0
1188 5170 71571614 1
1193 5146 71571624 1
1234 5181 71571634 1
1298 5256 71571644 1
1405 5293 71571654 1
1563 5358 71571664 1
1754 5441 71571674 1
1977 5540 71571684 1
2271 5637 71571694 1
2613 5726 71571704 1
2947 5806 71571714 1
3291 5880 71571724 1
3647 5933 71571734 1
4006 5971 71571744 1
4336 5978 71571754 1
4630 5978 71571764 1
4900 5970 71571774 1
5077 5953 71571784 1
5219 5931 71571794 1
5338 5910 71571804 1
5389 5895 71571814 1
5389 5883 71571824 1
5356 5874 71571834 1
5253 5865 71571844 1
5124 5852 71571844 1
4977 5838 71571854 1
4826 5817 71571864 1
4663 5788 71571874 1
4492 5752 71571884 1
4354 5696 71571894 1
4220 5628 71571904 1
4092 5520 71571914 1
3981 5366 71571924 1
3881 5182 71571934 1
3792 4973 71571944 1
3706 4734 71571954 1
3645 4475 71571964 1
3599 4192 71571974 1
3594 3924 71571984 1
3621 3667 71571994 1
3668 3464 71572004 1
3725 3271 71572014 1
3783 3085 71572024 1
3844 2948 71572034 1
3903 2841 71572044 1
3959 2753 71572054 1
4013 2699 71572064 1
4067 2669 71572074 1
5212 3653 71572215 0
5200 3681 71572225 1
5177 3715 71572235 1
5156 3760 71572245 1
5139 3822 71572255 1
5145 3903 71572265 1
5164 3997 71572275 1
5206 4096 71572285 1
5263 4193 71572295 1
5331 4286 71572305 1
5402 4372 71572315 1
5478 4440 71572325 1
5561 4498 71572335 1
5645 4542 71572345 1
5728 4571 71572355 1
5800 4589 71572365 1
5865 4589 71572375 1
5904 4555 71572385 1
5931 4506 71572395 1
5949 4418 71572405 1
5949 4285 71572415 1
5932 4121 71572425 1
5903 3939 71572435 1
5870 3749 71572445 1
5835 3554 71572455 1
5798 3380 71572465 1
5775 3231 71572475 1
5775 3099 71572485 1
5789 3023 71572495 1
5817 2981 71572505 1
5847 2962 71572515 1
5884 2967 71572525 1
5928 2987 71572535 1
5979 3016 71572545 1
6034 3064 71572555 1
6095 3124 71572565 1
6161 3191 71572575 1
6246 3282 71572585 1
6341 3390 71572595 1
6445 3509 71572605 1
6553 3625 71572615 1
6668 3745 71572625 1
6782 3867 71572635 1
6871 3927 71572645 1
6945 3927 71572655 1
6987 3895 71572665 1
7007 3808 71572675 1
7012 3698 71572685 1
7021 3573 71572695 1
7033 3465 71572705 1
7053 3365 71572715 1
7083 3270 71572725 1
7123 3216 71572735 1
7169 3195 71572745 1
7237 3195 71572755 1
7318 3230 71572765 1
7416 3300 71572775 1
7516 3395 71572785 1
7620 3492 71572795 1
7710 3554 71572805 1
7790 3593 71572815 1
7836 3584 71572825 1
7865 3547 71572835 1
7882 3491 71572845 1
7891 3422 71572855 1
7903 3361 71572865 1
7919 3305 71572875 1
7950 3270 71572885 1
7990 3263 71572895 1
8053 3276 71572905 1
8157 3346 71572915 1
8287 3451 71572925 1
8456 3579 71572935 1
8627 3721 71572945 1
8799 3827 71572955 1
8921 3908 71572965 1
9011 3913 71572975 1
9051 3858 71572985 1
9063 3764 71572995 1
9057 3638 71573005 1
9043 3506 71573015 1
9023 3348 71573025 1
8999 3175 71573035 1
8959 2990 71573045 1
8903 2765 71573055 1
8835 2513 71573065 1
8759 2266 71573075 1
8683 2016 71573085 1
8608 1760 71573095 1
