137
1333 3983 35960338 0
1408 3945 35960348 1
1402 3927 35960358 1
1357 3952 35960368 1
1357 3963 35960378 1
1357 3963 35960388 1
1357 3979 35960398 1
1390 4009 35960408 1
1478 4048 35960418 1
1600 4089 35960428 1
1763 4134 35960438 1
1930 4182 35960448 1
2145 4238 35960458 1
2389 4313 35960468 1
2682 4402 35960478 1
2974 4494 35960488 1
3266 4582 35960498 1
3559 4661 35960508 1
3818 4734 35960518 1
4054 4809 35960528 1
4262 4881 35960538 1
4434 4952 35960548 1
4583 5023 35960558 1
4717 5102 35960568 1
4822 5186 35960578 1
4908 5274 35960588 1
4958 5361 35960598 1
4980 5449 35960608 1
4980 5533 35960618 1
4964 5606 35960628 1
4925 5670 35960638 1
4871 5725 35960648 1
4796 5758 35960658 1
4699 5778 35960668 1
4587 5770 35960678 1
4480 5738 35960688 1
4388 5690 35960698 1
4306 5620 35960708 1
4235 5503 35960718 1
4155 5355 35960728 1
4070 5132 35960738 1
3975 4832 35960748 1
3880 4481 35960758 1
3786 4094 35960768 1
3705 3699 35960778 1
3630 3299 35960788 1
3588 2919 35960798 1
3567 2619 35960808 1
3567 2373 35960818 1
3567 2184 35960828 1
3585 2044 35960838 1
3610 1936 35960848 1
3636 1869 35960858 1
4223 3156 35961179 0
4170 3159 35961189 1
4144 3212 35961199 1
4136 3233 35961209 1
4136 3251 35961219 1
4158 3299 35961229 1
4217 3369 35961239 1
4303 3464 35961249 1
4425 3564 35961259 1
4570 3668 35961269 1
4731 3766 35961279 1
4884 3838 35961289 1
5006 3893 35961299 1
5108 3919 35961309 1
5186 3919 35961319 1
5233 3903 35961329 1
5259 3842 35961339 1
5259 3725 35961349 1
5236 3572 35961359 1
5198 3383 35961369 1
5137 3185 35961379 1
5076 2982 35961389 1
5037 2843 35961399 1
5013 2739 35961409 1
5006 2659 35961419 1
5014 2620 35961429 1
5031 2603 35961439 1
5054 2603 35961449 1
5098 2634 35961459 1
5157 2730 35961469 1
5238 2869 35961479 1
5336 3034 35961489 1
5446 3217 35961499 1
5563 3411 35961509 1
5673 3544 35961519 1
5751 3619 35961529 1
5809 3655 35961539 1
5828 3655 35961549 1
5847 3636 35961559 1
5865 3598 35961569 1
5883 3508 35961579 1
5877 3380 35961589 1
5854 3226 35961599 1
5805 3080 35961609 1
5758 2965 35961619 1
5712 2872 35961629 1
5697 2817 35961639 1
5697 2792 35961649 1
5709 2792 35961659 1
5735 2812 35961669 1
5792 2892 35961679 1
5870 3009 35961689 1
5955 3160 35961699 1
6050 3315 35961709 1
6151 3474 35961719 1
6238 3560 35961729 1
6300 3596 35961739 1
6344 3596 35961749 1
6375 3563 35961759 1
6393 3487 35961769 1
6401 3383 35961779 1
6401 3249 35961789 1
6407 3150 35961799 1
6417 3096 35961809 1
6428 3059 35961819 1
6444 3043 35961829 1
6464 3048 35961839 1
6509 3089 35961849 1
6570 3155 35961859 1
6665 3263 35961869 1
6785 3391 35961879 1
6922 3533 35961889 1
7017 3608 35961899 1
7078 3619 35961909 1
7115 3588 35961919 1
7141 3510 35961929 1
7166 3392 35961939 1
7189 3247 35961949 1
7220 3119 35961959 1
7268 3044 35961969 1
7328 3004 35961979 1
7420 3018 35961989 1
7563 3088 35961999 1
7740 3195 35962009 1
