166
1258 6073 74450514 0
1111 5975 74450524 1
1062 5975 74450534 1
1062 5975 74450544 1
1062 5975 74450554 1
1088 6002 74450564 1
1143 6016 74450574 1
1226 6059 74450584 1
1358 6122 74450594 1
1523 6190 74450604 1
1747 6272 74450614 1
2004 6364 74450624 1
2282 6446 74450634 1
2592 6508 74450644 1
2887 6558 74450654 1
3172 6600 74450664 1
3451 6642 74450674 1
3703 6681 74450684 1
3938 6717 74450694 1
4143 6749 74450704 1
4328 6779 74450714 1
4499 6808 74450724 1
4634 6835 74450734 1
4733 6862 74450744 1
4807 6887 74450754 1
4826 6899 74450764 1
4804 6899 74450774 1
4755 6899 74450784 1
4664 6874 74450794 1
4562 6835 74450804 1
4453 6799 74450814 1
4347 6758 74450824 1
4231 6710 74450834 1
4109 6660 74450844 1
3988 6609 74450854 1
3870 6555 74450864 1
3755 6500 74450874 1
3643 6441 74450884 1
3536 6374 74450894 1
3446 6302 74450904 1
3364 6226 74450914 1
3282 6149 74450924 1
3198 6066 74450934 1
3114 5972 74450944 1
3030 5862 74450954 1
2966 5743 74450964 1
2918 5632 74450974 1
2881 5512 74450984 1
2852 5350 74450994 1
2824 5162 74451004 1
2801 4954 74451014 1
2788 4732 74451024 1
2782 4502 74451034 1
2782 4285 74451044 1
2782 4093 74451054 1
2793 3917 74451064 1
2806 3768 74451074 1
2819 3636 74451084 1
2832 3516 74451094 1
2832 3400 74451104 1
2827 3304 74451114 1
2821 3222 74451124 1
2821 3183 74451134 1
2821 3191 74451144 1
2829 3230 74451154 1
4022 4437 74451405 0
3961 4437 74451415 1
3951 4484 74451425 1
3951 4519 74451435 1
3969 4543 74451445 1
3993 4579 74451455 1
4037 4618 74451465 1
4093 4659 74451475 1
4170 4704 74451485 1
4252 4747 74451495 1
4326 4784 74451505 1
4393 4812 74451515 1
4438 4819 74451525 1
4468 4814 74451535 1
4487 4793 74451545 1
4499 4755 74451555 1
4499 4706 74451565 1
4493 4641 74451575 1
4481 4553 74451585 1
4462 4450 74451595 1
4439 4333 74451605 1
4427 4216 74451615 1
4417 4107 74451625 1
4410 4004 74451635 1
4410 3908 74451645 1
4410 3827 74451655 1
4416 3756 74451665 1
4426 3714 74451675 1
4438 3693 74451685 1
4451 3687 74451695 1
4464 3694 74451705 1
4483 3737 74451715 1
4510 3805 74451725 1
4547 3904 74451735 1
4603 4011 74451745 1
4672 4123 74451755 1
4755 4220 74451765 1
4838 4312 74451775 1
4920 4395 74451785 1
5006 4473 74451795 1
5085 4527 74451805 1
5160 4565 74451815 1
5227 4589 74451825 1
5288 4608 74451835 1
5345 4608 74451845 1
5398 4599 74451855 1
5445 4573 74451865 1
5488 4531 74451866 1
5521 4479 74451876 1
5548 4406 74451886 1
5572 4331 74451896 1
5596 4255 74451906 1
5617 4182 74451916 1
5636 4125 74451926 1
5660 4078 74451936 1
5684 4048 74451946 1
5708 4033 74451956 1
5735 4033 74451966 1
5764 4033 74451976 1
5798 4060 74451986 1
5840 4099 74451996 1
5886 4158 74452006 1
5940 4230 74452016 1
6003 4312 74452026 1
6072 4383 74452036 1
6142 4436 74452046 1
6213 4478 74452056 1
6284 4505 74452066 1
6343 4528 74452076 1
6395 4533 74452086 1
6437 4527 74452096 1
6473 4503 74452106 1
6505 4474 74452116 1
6534 4433 74452126 1
6556 4383 74452136 1
6574 4322 74452146 1
6587 4254 74452156 1
6602 4204 74452166 1
6620 4163 74452176 1
6635 4128 74452186 1
6655 4117 74452196 1
6677 4126 74452206 1
6706 4148 74452216 1
6743 4194 74452226 1
6789 4258 74452236 1
6845 4335 74452246 1
6907 4391 74452256 1
6964 4442 74452266 1
7021 4482 74452276 1
7072 4512 74452286 1
7117 4524 74452296 1
7155 4524 74452306 1
7193 4519 74452316 1
7226 4494 74452326 1
7256 4458 74452336 1
7286 4403 74452346 1
7309 4328 74452356 1
7326 4239 74452366 1
7336 4165 74452376 1
7336 4106 74452386 1
7341 4058 74452396 1
