109
1838 4575 40983901 0
1716 4408 40983911 1
1582 4415 40983921 1
1536 4394 40983931 1
1536 4380 40983941 1
1568 4412 40983951 1
1704 4472 40983961 1
1999 4655 40983971 1
2399 4905 40983981 1
2907 5199 40983991 1
3482 5415 40984001 1
4101 5523 40984011 1
4666 5558 40984021 1
5114 5578 40984031 1
5485 5578 40984041 1
5756 5578 40984051 1
5913 5578 40984061 1
5994 5578 40984071 1
6004 5578 40984081 1
5981 5578 40984091 1
5937 5578 40984101 1
5823 5590 40984111 1
5661 5607 40984121 1
5467 5630 40984131 1
5257 5656 40984141 1
5049 5676 40984151 1
4843 5686 40984161 1
4687 5665 40984172 1
4570 5624 40984182 1
4479 5513 40984192 1
4410 5292 40984202 1
4353 4997 40984212 1
4304 4588 40984222 1
4279 4150 40984232 1
4286 3694 40984242 1
4314 3369 40984252 1
4365 3039 40984262 1
4408 2811 40984272 1
4445 2652 40984282 1
4488 2563 40984292 1
4527 2517 40984302 1
4562 2500 40984312 1
4582 2500 40984322 1
4599 2517 40984332 1
4613 2543 40984342 1
4755 3860 40984412 0
5086 4084 40984422 1
5180 4176 40984432 1
5200 4209 40984442 1
5314 4209 40984452 1
5448 4178 40984462 1
5595 4178 40984472 1
5754 4178 40984482 1
5873 4173 40984492 1
5964 4148 40984502 1
5995 4099 40984512 1
5965 4035 40984522 1
5893 3881 40984532 1
5766 3699 40984542 1
5654 3498 40984552 1
5551 3361 40984562 1
5506 3267 40984572 1
5499 3202 40984582 1
5518 3171 40984592 1
5542 3150 40984602 1
5570 3137 40984612 1
5605 3145 40984622 1
5658 3181 40984632 1
5724 3236 40984642 1
5839 3341 40984652 1
5979 3455 40984662 1
6135 3576 40984672 1
6275 3619 40984682 1
6356 3582 40984692 1
6397 3491 40984702 1
6397 3299 40984712 1
6379 3115 40984722 1
6350 2936 40984732 1
6357 2873 40984742 1
6387 2851 40984752 1
6433 2856 40984752 1
6525 2908 40984762 1
6638 3012 40984772 1
6764 3150 40984782 1
6871 3268 40984792 1
6963 3387 40984802 1
7046 3507 40984812 1
7140 3612 40984822 1
7229 3647 40984832 1
7292 3636 40984842 1
7338 3567 40984852 1
7361 3438 40984862 1
7378 3268 40984872 1
7391 3099 40984882 1
7414 2981 40984892 1
7470 2896 40984902 1
7549 2872 40984912 1
7707 2936 40984922 1
7899 3058 40984933 1
8114 3205 40984943 1
8251 3348 40984953 1
8325 3430 40984963 1
8358 3473 40984973 1
8358 3460 40984983 1
8338 3359 40984993 1
8310 3199 40985003 1
8310 3028 40985013 1
8353 2874 40985023 1
8430 2731 40985033 1
