129
1889 4839 35970663 0
1889 4812 35970673 1
1889 4820 35970683 1
1889 4813 35970693 1
1889 4803 35970703 1
1889 4784 35970713 1
1889 4758 35970723 1
1915 4725 35970733 1
1950 4689 35970743 1
2025 4650 35970753 1
2142 4638 35970763 1
2287 4644 35970773 1
2450 4657 35970783 1
2646 4688 35970793 1
2865 4732 35970803 1
3091 4801 35970813 1
3355 4884 35970823 1
3644 4977 35970833 1
3938 5072 35970843 1
4224 5167 35970853 1
4502 5265 35970863 1
4742 5365 35970873 1
4955 5466 35970883 1
5111 5562 35970893 1
5251 5649 35970903 1
5380 5736 35970913 1
5485 5819 35970923 1
5568 5900 35970933 1
5637 5964 35970943 1
5691 6019 35970953 1
5725 6059 35970963 1
5745 6094 35970973 1
5745 6121 35970983 1
5707 6145 35970993 1
5645 6166 35971003 1
5532 6166 35971013 1
5380 6154 35971023 1
5203 6118 35971033 1
5050 6062 35971043 1
4930 5993 35971053 1
4833 5890 35971063 1
4755 5741 35971073 1
4677 5562 35971083 1
4590 5285 35971093 1
4496 4934 35971103 1
4384 4534 35971113 1
4257 4088 35971123 1
4121 3660 35971133 1
4010 3245 35971143 1
3940 2860 35971153 1
3897 2571 35971163 1
3886 2347 35971173 1
3892 2137 35971183 1
5025 3314 35971834 0
5020 3282 35971844 1
4990 3364 35971854 1
4959 3396 35971864 1
4965 3396 35971874 1
5020 3431 35971884 1
5108 3482 35971894 1
5261 3543 35971904 1
5442 3605 35971914 1
5641 3663 35971924 1
5833 3712 35971934 1
5941 3717 35971944 1
5993 3694 35971954 1
6000 3622 35971964 1
5961 3479 35971974 1
5890 3289 35971984 1
5785 3049 35971994 1
5669 2798 35972004 1
5546 2539 35972014 1
5473 2389 35972024 1
5438 2279 35972034 1
5428 2196 35972044 1
5436 2156 35972054 1
5466 2149 35972064 1
5510 2163 35972074 1
5600 2248 35972084 1
5735 2385 35972094 1
5899 2557 35972104 1
6054 2761 35972114 1
6210 2953 35972124 1
6369 3137 35972134 1
6491 3245 35972144 1
6587 3290 35972154 1
6633 3290 35972164 1
6651 3267 35972174 1
6651 3193 35972184 1
6631 3088 35972194 1
6599 2947 35972204 1
6557 2795 35972214 1
6506 2635 35972224 1
6475 2541 35972234 1
6457 2492 35972244 1
6457 2473 35972254 1
6469 2473 35972264 1
6513 2525 35972274 1
6579 2602 35972284 1
6692 2752 35972294 1
6846 2920 35972304 1
7026 3101 35972314 1
7156 3199 35972324 1
7234 3221 35972334 1
7276 3193 35972344 1
7291 3103 35972354 1
7300 2976 35972364 1
7306 2824 35972374 1
7306 2674 35972384 1
7306 2588 35972394 1
7313 2545 35972404 1
7324 2538 35972414 1
7365 2568 35972424 1
7426 2623 35972434 1
7533 2735 35972444 1
7670 2876 35972454 1
7826 3037 35972464 1
7965 3140 35972474 1
8049 3165 35972484 1
8095 3139 35972494 1
8139 3075 35972504 1
8192 2975 35972514 1
8278 2852 35972524 1
8382 2746 35972534 1
8542 2706 35972544 1
8744 2706 35972554 1
8975 2781 35972564 1
9201 2874 35972574 1
9403 2981 35972584 1
