114
3024 6674 36686615 0
2914 6628 36686625 1
2849 6628 36686635 1
2827 6642 36686645 1
2833 6608 36686655 1
2899 6595 36686665 1
3097 6595 36686675 1
3382 6687 36686685 1
3798 6781 36686695 1
4331 6877 36686705 1
4942 6918 36686715 1
5480 6918 36686725 1
5872 6882 36686735 1
6166 6864 36686745 1
6344 6845 36686755 1
6432 6836 36686765 1
6461 6836 36686775 1
6449 6836 36686785 1
6341 6836 36686795 1
5966 6823 36686836 0
5446 6810 36686846 1
5202 6765 36686856 1
5025 6707 36686866 1
4893 6598 36686876 1
4793 6397 36686886 1
4725 6135 36686896 1
4679 5792 36686906 1
4649 5447 36686916 1
4623 5008 36686926 1
4603 4508 36686936 1
4592 4045 36686946 1
4592 3617 36686956 1
4604 3213 36686966 1
4628 2960 36686976 1
4670 2773 36686986 1
4717 2629 36686996 1
4766 2582 36687006 1
4828 2606 36687016 1
4891 2677 36687026 1
5203 4670 36687096 0
5585 4920 36687106 1
5732 5107 36687116 1
5833 5198 36687126 1
5923 5226 36687136 1
6091 5213 36687146 1
6310 5191 36687156 1
6510 5163 36687166 1
6720 5151 36687176 1
6937 5137 36687186 1
7023 5118 36687196 1
7023 5094 36687206 1
6973 5043 36687216 1
6801 4975 36687226 1
6603 4882 36687236 1
6387 4804 36687246 1
6207 4735 36687256 1
6074 4659 36687266 1
5972 4545 36687276 1
5916 4406 36687286 1
5895 4207 36687296 1
5895 3973 36687306 1
5914 3717 36687316 1
5931 3489 36687326 1
5945 3295 36687336 1
5957 3125 36687346 1
5977 3068 36687356 1
6015 3068 36687366 1
6065 3104 36687376 1
6150 3225 36687386 1
6261 3387 36687396 1
6388 3577 36687406 1
6497 3795 36687416 1
6582 4008 36687426 1
6652 4077 36687436 1
6674 4052 36687446 1
6685 3938 36687456 1
6685 3749 36687466 1
6696 3510 36687476 1
6709 3289 36687486 1
6721 3125 36687496 1
6730 2999 36687506 1
6745 2968 36687516 1
6796 3001 36687526 1
6871 3076 36687536 1
6979 3230 36687546 1
7081 3390 36687556 1
7179 3553 36687566 1
7269 3755 36687576 1
7331 3872 36687586 1
7374 3932 36687596 1
7374 3843 36687606 1
7353 3687 36687616 1
7326 3487 36687626 1
7320 3298 36687636 1
7337 3106 36687646 1
7368 2994 36687657 1
7420 2935 36687667 1
7518 2899 36687677 1
7647 2988 36687687 1
7819 3160 36687697 1
7976 3356 36687707 1
8124 3593 36687717 1
8281 3858 36687727 1
8426 4036 36687737 1
8508 4052 36687747 1
8552 3961 36687757 1
8577 3777 36687767 1
8589 3556 36687777 1
8589 3310 36687787 1
8598 3034 36687797 1
8589 2768 36687807 1
8571 2509 36687817 1
8534 2405 36687827 1
8503 2349 36687837 1
