100
1878 5593 36679375 0
2020 5536 36679385 1
2082 5634 36679395 1
2154 5789 36679405 1
2310 5849 36679415 1
2522 5918 36679425 1
2946 5994 36679435 1
3492 6051 36679445 1
4118 6123 36679455 1
4782 6206 36679465 1
5313 6261 36679475 1
5754 6299 36679485 1
5967 6325 36679495 1
6042 6335 36679505 1
6024 6343 36679515 1
5971 6349 36679525 1
5866 6377 36679535 1
5727 6419 36679545 1
5533 6434 36679555 1
5315 6410 36679565 1
5080 6359 36679575 1
4851 6248 36679585 1
4622 6087 36679595 1
4455 5893 36679605 1
4328 5636 36679615 1
4242 5317 36679625 1
4200 4956 36679635 1
4188 4522 36679645 1
4207 4064 36679655 1
4233 3590 36679665 1
4271 3217 36679675 1
4291 2965 36679685 1
4297 2794 36679695 1
4307 2732 36679705 1
4320 2716 36679715 1
4361 2731 36679725 1
4419 2826 36679735 1
5324 4968 36679826 0
5696 4996 36679836 1
5806 4996 36679846 1
5914 4996 36679856 1
6048 4965 36679866 1
6226 4971 36679876 1
6433 5001 36679886 1
6531 5013 36679896 1
6503 5004 36679906 1
6392 4982 36679916 1
6194 4890 36679926 1
5955 4748 36679936 1
5688 4573 36679946 1
5526 4382 36679956 1
5438 4149 36679966 1
5400 3888 36679976 1
5393 3615 36679986 1
5400 3362 36679996 1
5415 3133 36680006 1
5415 2983 36680016 1
5427 2889 36680026 1
5443 2883 36680036 1
5495 2945 36680046 1
5571 3053 36680056 1
5708 3251 36680066 1
5878 3507 36680076 1
6070 3801 36680086 1
6242 4026 36680096 1
6349 4081 36680106 1
6413 4023 36680116 1
6428 3901 36680126 1
6428 3728 36680136 1
6428 3521 36680146 1
6441 3317 36680156 1
6455 3168 36680166 1
6468 3057 36680176 1
6488 2981 36680186 1
6541 2998 36680196 1
6616 3076 36680206 1
6728 3223 36680216 1
6855 3389 36680226 1
6993 3568 36680236 1
7132 3758 36680246 1
7230 3817 36680256 1
7301 3790 36680266 1
7321 3640 36680276 1
7307 3446 36680286 1
7270 3222 36680296 1
7270 3018 36680306 1
7297 2906 36680316 1
7337 2855 36680326 1
7433 2878 36680336 1
7583 2986 36680346 1
7770 3150 36680356 1
7940 3334 36680366 1
8164 3686 36680396 0
8277 3747 36680406 1
8289 3631 36680416 1
8275 3428 36680426 1
8251 3167 36680436 1
8221 2873 36680446 1
8149 2618 36680456 1
8046 2390 36680466 1
