162
1835 6178 74446137 0
1558 6215 74446147 1
1427 6225 74446157 1
1302 6225 74446167 1
1218 6225 74446177 1
1160 6218 74446187 1
1118 6218 74446197 1
1098 6218 74446207 1
1098 6218 74446217 1
1118 6225 74446227 1
1185 6234 74446237 1
1306 6271 74446247 1
1462 6339 74446257 1
1697 6427 74446267 1
1935 6522 74446277 1
2211 6605 74446287 1
2512 6671 74446297 1
2820 6730 74446307 1
3109 6771 74446317 1
3385 6811 74446327 1
3683 6851 74446337 1
3921 6894 74446347 1
4119 6920 74446357 1
4290 6936 74446367 1
4405 6951 74446377 1
4482 6964 74446387 1
4510 6972 74446397 1
4504 6978 74446407 1
4475 6985 74446417 1
4424 6995 74446427 1
4340 6985 74446437 1
4235 6965 74446447 1
4107 6930 74446457 1
3983 6884 74446467 1
3880 6831 74446477 1
3789 6774 74446487 1
3685 6715 74446497 1
3581 6642 74446507 1
3477 6560 74446517 1
3389 6455 74446527 1
3297 6327 74446537 1
3201 6185 74446547 1
3110 6043 74446557 1
3026 5876 74446567 1
2963 5693 74446577 1
2911 5503 74446587 1
2871 5260 74446597 1
2833 4983 74446607 1
2801 4680 74446617 1
2775 4432 74446627 1
2754 4221 74446637 1
2741 3984 74446647 1
2734 3778 74446657 1
2741 3594 74446667 1
2756 3468 74446677 1
2771 3390 74446687 1
2783 3343 74446697 1
2792 3324 74446707 1
2803 3347 74446717 1
4252 4467 74446958 0
4140 4440 74446968 1
4135 4464 74446978 1
4135 4505 74446988 1
4159 4549 74446998 1
4189 4605 74447008 1
4232 4668 74447018 1
4303 4739 74447028 1
4393 4819 74447038 1
4485 4906 74447048 1
4573 4950 74447058 1
4644 4969 74447068 1
4703 4969 74447078 1
4760 4952 74447088 1
4804 4912 74447098 1
4838 4857 74447108 1
4859 4760 74447118 1
4868 4661 74447128 1
4868 4555 74447138 1
4854 4439 74447148 1
4830 4312 74447158 1
4800 4178 74447168 1
4758 4055 74447178 1
4716 3951 74447188 1
4692 3860 74447198 1
4679 3794 74447208 1
4679 3757 74447218 1
4679 3740 74447228 1
4699 3740 74447238 1
4729 3786 74447248 1
4791 3853 74447258 1
4858 3943 74447268 1
4945 4049 74447278 1
5043 4167 74447288 1
5168 4296 74447298 1
5295 4399 74447308 1
5403 4485 74447318 1
5498 4537 74447328 1
5586 4573 74447338 1
5666 4599 74447348 1
5741 4614 74447358 1
5817 4624 74447368 1
5871 4624 74447378 1
5910 4614 74447388 1
5947 4587 74447398 1
5971 4548 74447408 1
5985 4492 74447418 1
5991 4409 74447428 1
5991 4309 74447438 1
5991 4221 74447448 1
5996 4142 74447459 1
5996 4069 74447469 1
6007 4013 74447479 1
6018 3978 74447489 1
6028 3956 74447499 1
6038 3951 74447509 1
6051 3971 74447519 1
6069 4007 74447529 1
6105 4082 74447539 1
6152 4175 74447549 1
6217 4281 74447559 1
6282 4370 74447569 1
6347 4431 74447579 1
6402 4474 74447589 1
6451 4496 74447599 1
6495 4512 74447609 1
6531 4517 74447619 1
6562 4517 74447629 1
6588 4504 74447639 1
6610 4478 74447649 1
6628 4443 74447659 1
6648 4399 74447669 1
6666 4354 74447679 1
6681 4308 74447689 1
6693 4272 74447699 1
6706 4242 74447709 1
6720 4225 74447719 1
6739 4219 74447729 1
6763 4219 74447739 1
6790 4236 74447749 1
6825 4269 74447759 1
6867 4313 74447769 1
6913 4381 74447779 1
6970 4449 74447789 1
7034 4516 74447799 1
7094 4556 74447809 1
7152 4592 74447819 1
7209 4610 74447829 1
7253 4617 74447839 1
7297 4617 74447849 1
7345 4617 74447859 1
7388 4601 74447869 1
7428 4581 74447879 1
7473 4557 74447889 1
7512 4516 74447899 1
7547 4465 74447909 1
7578 4383 74447919 1
7603 4301 74447929 1
7623 4220 74447939 1
7638 4156 74447949 1
7653 4102 74447959 1
7668 4069 74447969 1
7685 4062 74447979 1
