109
2025 6469 36674468 0
1903 6362 36674478 1
1863 6395 36674488 1
1821 6503 36674498 1
1854 6494 36674508 1
2062 6481 36674518 1
2387 6513 36674528 1
2885 6576 36674538 1
3493 6576 36674548 1
4174 6553 36674558 1
4794 6516 36674568 1
5234 6543 36674578 1
5555 6591 36674588 1
5725 6654 36674598 1
5794 6703 36674608 1
5794 6756 36674618 1
5735 6832 36674628 1
5607 6924 36674638 1
5434 6989 36674648 1
5219 6956 36674658 1
5004 6857 36674668 1
4789 6655 36674678 1
4597 6341 36674688 1
4461 5953 36674698 1
4363 5488 36674708 1
4307 4960 36674718 1
4251 4391 36674728 1
4235 3825 36674738 1
4246 3315 36674748 1
4266 2865 36674758 1
4287 2436 36674768 1
4324 2244 36674778 1
4371 2124 36674788 1
4423 2052 36674798 1
4486 2067 36674808 1
4556 2162 36674818 1
4644 2311 36674828 1
4968 4482 36674888 0
5408 4858 36674898 1
5546 4973 36674908 1
5660 5061 36674918 1
5759 5075 36674928 1
5884 5040 36674938 1
5999 4990 36674948 1
6107 4884 36674958 1
6200 4740 36674968 1
6250 4603 36674978 1
6270 4474 36674988 1
6234 4350 36674998 1
6170 4237 36675008 1
6087 4141 36675018 1
5999 4056 36675028 1
5916 4034 36675038 1
5843 4028 36675048 1
5755 4034 36675058 1
5658 3962 36675068 1
5579 3786 36675078 1
5506 3541 36675088 1
5467 3252 36675098 1
5448 2938 36675109 1
5455 2608 36675119 1
5466 2342 36675129 1
5487 2179 36675139 1
5531 2086 36675149 1
5590 2098 36675159 1
5665 2207 36675169 1
5776 2382 36675179 1
5911 2576 36675189 1
6046 2829 36675199 1
6195 3121 36675209 1
6352 3287 36675219 1
6451 3321 36675229 1
6512 3266 36675239 1
6547 3172 36675249 1
6566 3028 36675259 1
6579 2851 36675269 1
6588 2659 36675279 1
6588 2485 36675289 1
6588 2352 36675299 1
6588 2240 36675309 1
6599 2206 36675319 1
6644 2242 36675329 1
6710 2324 36675339 1
6871 2499 36675349 1
7064 2754 36675359 1
7277 3062 36675369 1
7510 3345 36675379 1
7510 3345 36675399 0
7717 3208 36675409 1
7657 2991 36675419 1
7565 2737 36675429 1
7498 2523 36675439 1
7484 2397 36675449 1
7504 2329 36675459 1
7578 2348 36675469 1
7708 2443 36675479 1
7876 2590 36675489 1
8009 2748 36675499 1
8105 2915 36675509 1
8175 3089 36675519 1
8233 3189 36675529 1
8282 3172 36675539 1
8326 3076 36675549 1
8368 2886 36675559 1
8391 2608 36675569 1
8402 2271 36675579 1
8364 1925 36675589 1
8283 1664 36675599 1
8173 1461 36675609 1
