220
4469 6233 1090848 0
4506 6451 1090858 1
4493 6490 1090868 1
4493 6497 1090878 1
4493 6482 1090888 1
4493 6442 1090898 1
4500 6325 1090908 1
4500 6156 1090918 1
4492 5903 1090928 1
4470 5614 1090938 1
4444 5301 1090948 1
4414 5022 1090958 1
4414 4848 1090968 1
4468 4745 1090978 1
4550 4735 1090988 1
4693 4814 1090998 1
4854 4952 1091008 1
5027 5137 1091018 1
5201 5343 1091028 1
5348 5562 1091038 1
5477 5766 1091048 1
5582 5974 1091058 1
5659 6186 1091068 1
5717 6293 1091078 1
5727 6326 1091088 1
5712 6309 1091098 1
5679 6292 1091108 1
5656 6279 1091118 1
5635 6268 1091128 1
5630 6268 1091138 1
5635 6268 1091148 1
5635 6268 1091158 1
5635 6268 1091168 1
5635 6268 1091178 1
5635 6268 1091188 1
5635 6284 1091198 1
5635 6306 1091208 1
5635 6344 1091218 1
5630 6380 1091228 1
5617 6412 1091238 1
5609 6424 1091248 1
5594 6424 1091258 1
5574 6406 1091268 1
5561 6383 1091278 1
5551 6350 1091288 1
5546 6332 1091298 1
5546 6325 1091308 1
5546 6325 1091318 1
5546 6325 1091328 1
5546 6325 1091338 1
5546 6325 1091348 1
5546 6325 1091358 1
5546 6325 1091368 1
5546 6344 1091378 1
5546 6368 1091388 1
5546 6375 1091398 1
5546 6375 1091408 1
5546 6375 1091418 1
5546 6375 1091428 1
5546 6375 1091438 1
5539 6351 1091448 1
5532 6319 1091458 1
5524 6276 1091468 1
5504 6194 1091478 1
5476 6087 1091488 1
5420 5871 1091498 1
5345 5571 1091508 1
5256 5216 1091518 1
5181 4811 1091528 1
5128 4421 1091538 1
5090 4042 1091548 1
5080 3773 1091558 1
5080 3593 1091568 1
5090 3473 1091578 1
5101 3424 1091588 1
5101 3418 1091598 1
5101 3442 1091608 1
5086 3514 1091618 1
5072 3628 1091628 1
5609 5222 1092060 0
5534 5112 1092070 1
5473 5112 1092080 1
5540 5150 1092090 1
5673 5212 1092100 1
5850 5363 1092110 1
6001 5528 1092120 1
6161 5702 1092130 1
6327 5841 1092140 1
6444 5937 1092150 1
6519 6004 1092160 1
6565 6022 1092170 1
6574 6022 1092180 1
6568 6000 1092190 1
6553 5951 1092200 1
6521 5880 1092210 1
6470 5795 1092220 1
6405 5673 1092230 1
6308 5469 1092240 1
6196 5211 1092250 1
6075 4915 1092260 1
5985 4632 1092270 1
5937 4359 1092280 1
5916 4182 1092290 1
5940 4113 1092300 1
5996 4113 1092310 1
6072 4151 1092320 1
6175 4217 1092330 1
6295 4304 1092340 1
6425 4367 1092350 1
6541 4412 1092360 1
6635 4445 1092370 1
6714 4458 1092380 1
6767 4471 1092390 1
6802 4499 1092400 1
6347 5053 1092571 0
6231 4967 1092581 1
6123 4944 1092591 1
6133 4944 1092601 1
6167 4944 1092611 1
6217 4960 1092621 1
6284 4983 1092631 1
6356 5030 1092641 1
6440 5098 1092651 1
6532 5180 1092661 1
6630 5292 1092671 1
6728 5407 1092681 1
6726 5473 1092831 0
6726 5473 1092841 1
6604 5450 1092851 1
6599 5432 1092861 1
6632 5449 1092871 1
6689 5524 1092881 1
6795 5637 1092891 1
6905 5756 1092901 1
6991 5869 1092911 1
7060 5923 1092921 1
7087 5939 1092931 1
7087 5912 1092941 1
7075 5801 1092951 1
7025 5634 1092961 1
6963 5439 1092971 1
6892 5244 1092981 1
6817 5050 1092991 1
6785 4926 1093001 1
6785 4869 1093011 1
6831 4856 1093021 1
6904 4914 1093031 1
6994 5025 1093041 1
7083 5171 1093051 1
7156 5320 1093061 1
7217 5464 1093071 1
7248 5606 1093081 1
7262 5693 1093091 1
7262 5724 1093101 1
7262 5718 1093111 1
7256 5711 1093121 1
7244 5658 1093131 1
7218 5574 1093141 1
7194 5479 1093151 1
7170 5392 1093161 1
7170 5334 1093171 1
7192 5292 1093181 1
7232 5283 1093191 1
7296 5327 1093201 1
7371 5406 1093211 1
7452 5508 1093221 1
7515 5608 1093231 1
7563 5702 1093241 1
7600 5761 1093251 1
7616 5798 1093261 1
7621 5798 1093271 1
7621 5798 1093281 1
7621 5787 1093291 1
7629 5762 1093301 1
7629 5726 1093311 1
7618 5681 1093321 1
7608 5644 1093331 1
7623 5637 1093341 1
7654 5647 1093351 1
7724 5698 1093361 1
7816 5747 1093371 1
7923 5796 1093381 1
7988 5815 1093391 1
8038 5815 1093401 1
8078 5815 1093411 1
8122 5828 1093421 1
8169 5877 1093431 1
8244 5949 1093441 1
8337 6046 1093451 1
8417 6151 1093461 1
8495 6262 1093471 1
8572 6391 1093481 1
8644 6496 1093491 1
8695 6586 1093501 1
8731 6638 1093511 1
8743 6666 1093521 1
8738 6677 1093531 1
8722 6682 1093541 1
8703 6682 1093551 1
8680 6682 1093561 1
8654 6664 1093571 1
8631 6623 1093581 1
8610 6564 1093591 1
8590 6450 1093601 1
8555 6266 1093611 1
8510 6036 1093621 1
8451 5678 1093631 1
8392 5206 1093641 1
8349 4658 1093651 1
8316 4148 1093661 1
8298 3784 1093671 1
8313 3518 1093681 1
8350 3387 1093691 1
8372 3351 1093701 1
8390 3379 1093711 1
8406 3458 1093721 1
8425 3577 1093731 1
8443 3723 1093741 1
8443 3857 1093751 1
8433 3949 1093761 1
