194
3561 5753 709890 2
2724 6192 710171 0
2731 6300 710181 1
2709 6357 710191 1
2669 6422 710201 1
2669 6417 710211 1
2698 6349 710221 1
2745 6238 710231 1
2787 6035 710241 1
2834 5831 710251 1
2893 5627 710261 1
2958 5533 710271 1
3050 5514 710281 1
3168 5546 710291 1
3304 5656 710301 1
3434 5819 710311 1
3547 6018 710321 1
3648 6179 710331 1
3713 6313 710341 1
3741 6430 710351 1
3741 6504 710361 1
3729 6524 710371 1
3687 6509 710381 1
3628 6421 710391 1
3551 6308 710401 1
3493 6179 710411 1
3448 6063 710421 1
3425 5918 710431 1
3433 5755 710441 1
3462 5561 710451 1
3510 5318 710461 1
3579 5042 710471 1
3662 4803 710481 1
3755 4643 710491 1
3755 4643 710501 3
3882 4486 710511 3
3882 4486 710521 2
3917 4544 710531 2
3887 4650 710541 2
3833 4783 710551 2
3782 4935 710561 2
3730 5536 710601 0
3845 5718 710611 1
3854 5782 710621 1
3854 5797 710631 1
3929 5854 710641 1
4053 5940 710651 1
4131 6021 710661 1
4266 6106 710671 1
4439 6193 710681 1
4615 6283 710691 1
4796 6367 710701 1
4722 6216 710772 0
4624 6046 710782 1
4528 6010 710792 1
4488 5969 710802 1
4488 5925 710812 1
4488 5925 710822 3
4425 5720 710832 3
4383 5532 710842 3
4355 5305 710852 3
4364 5107 710862 3
4398 4929 710872 3
4472 4840 710882 3
4590 4814 710892 3
4736 4830 710902 3
4875 4921 710912 3
5015 5057 710922 3
5157 5222 710932 3
5240 5375 710942 3
5283 5494 710952 3
5257 5591 710962 3
5166 5665 710972 3
5032 5687 710982 3
4887 5675 710992 3
4729 5601 711002 3
4561 5527 711012 3
4455 5457 711022 3
4409 5423 711032 3
4403 5411 711042 3
4444 5411 711052 3
4544 5450 711062 3
4684 5514 711072 3
4874 5605 711082 3
5066 5712 711092 3
5260 5831 711102 3
5426 5945 711112 3
5537 6027 711122 3
5610 6088 711132 3
5644 6137 711142 3
5644 6155 711152 3
5620 6155 711162 3
5580 6116 711172 3
5541 5989 711182 3
5503 5801 711192 3
5508 5564 711202 3
5551 5349 711212 3
5619 5148 711222 3
5708 5020 711232 3
5815 4964 711242 3
5934 4955 711252 3
6068 5042 711262 3
6209 5189 711272 3
6354 5376 711282 3
6431 5531 711292 3
6453 5684 711302 3
6438 5829 711312 3
6405 5875 711322 3
6383 5856 711332 3
6369 5820 711342 3
6359 5729 711352 3
6377 5601 711362 3
6414 5497 711372 3
6468 5405 711382 3
6538 5322 711392 3
6618 5289 711402 3
6710 5296 711412 3
6806 5331 711422 3
6897 5393 711432 3
6982 5470 711442 3
7043 5557 711452 3
7073 5651 711462 3
7081 5751 711472 3
7057 5854 711482 3
7022 5872 711492 3
6980 5842 711502 3
6937 5780 711512 3
6922 5686 711522 3
6922 5589 711532 3
6955 5528 711542 3
7016 5493 711552 3
7099 5501 711562 3
7201 5563 711572 3
7316 5661 711582 3
7440 5790 711592 3
7536 5918 711602 3
7581 6045 711612 3
7593 6144 711622 3
7573 6201 711632 3
7543 6229 711642 3
7507 6191 711652 3
7472 6127 711662 3
7486 6047 711672 3
7532 5982 711682 3
7626 5945 711692 3
7760 5926 711702 3
7921 5960 711712 3
8076 6024 711722 3
8234 6108 711732 3
8341 6183 711742 3
8412 6235 711752 3
8402 6273 711762 3
8316 6294 711772 3
8179 6267 711782 3
8004 6207 711792 3
7817 6106 711802 3
7622 6005 711812 3
7512 5939 711822 3
7475 5898 711832 3
7486 5903 711842 3
7566 5908 711852 3
7685 5952 711862 3
7831 6023 711872 3
7986 6082 711882 3
8122 6114 711892 3
8246 6127 711902 3
8355 6095 711912 3
8437 6007 711922 3
8500 5882 711932 3
8519 5679 711942 3
8499 5407 711952 3
8453 5090 711962 3
8384 4737 711972 3
8321 4439 711982 3
8263 4178 711992 3
8252 3997 712002 3
8289 3875 712012 3
8359 3792 712022 3
8425 3756 712032 3
8488 3746 712042 3
8548 3754 712052 3
8560 3760 712062 3
8560 3760 712072 3
8547 3765 712082 3
8525 3779 712092 3
8496 3801 712102 3
8463 3850 712112 3
8463 3850 712122 2
8514 3996 712132 2
8568 4096 712142 2
8576 4180 712152 2
8628 4300 712162 2
8710 4450 712172 2
8710 4450 712182 2
