186
3423 6616 275776 0
3423 6616 275786 1
3348 6670 275796 1
3348 6636 275806 1
3378 6563 275816 1
3404 6417 275826 1
3433 6203 275836 1
3470 5944 275846 1
3520 5694 275856 1
3581 5532 275866 1
3673 5429 275876 1
3785 5407 275886 1
3908 5476 275896 1
4076 5606 275906 1
4273 5865 275916 1
4467 6138 275926 1
4625 6421 275936 1
4760 6601 275946 1
4804 6705 275956 1
4297 6265 276026 0
4191 6033 276036 1
4135 5987 276046 1
4127 5884 276056 1
4152 5779 276066 1
4180 5643 276076 1
4213 5488 276086 1
4256 5273 276096 1
4303 5058 276106 1
4340 4847 276116 1
4370 4700 276126 1
4385 4594 276136 1
4450 5590 276227 0
4654 5819 276237 1
4700 5881 276247 1
4769 5928 276257 1
4842 5986 276267 1
4918 6038 276277 1
4968 6085 276287 1
5053 6142 276297 1
5162 6207 276307 1
5275 6277 276317 1
5217 6243 276397 0
5182 6116 276407 1
5154 6085 276417 1
5129 6037 276427 1
5111 5984 276437 1
5087 5877 276447 1
5059 5737 276457 1
5042 5571 276467 1
5030 5367 276477 1
5030 5138 276487 1
5050 4957 276497 1
5089 4857 276507 1
5181 4812 276517 1
5302 4854 276527 1
5443 4962 276537 1
5562 5113 276547 1
5651 5263 276557 1
5304 5585 276627 0
5099 5440 276637 1
5002 5413 276647 1
4979 5394 276657 1
5005 5380 276667 1
5039 5388 276677 1
5128 5428 276687 1
5253 5490 276697 1
5414 5598 276707 1
5580 5722 276717 1
5751 5858 276727 1
6286 6266 276798 0
6298 6191 276808 1
6257 6131 276818 1
6218 6025 276828 1
6194 5892 276838 1
6179 5740 276848 1
6179 5556 276858 1
6179 5373 276868 1
6209 5195 276878 1
6253 5093 276888 1
6313 5038 276898 1
6376 5032 276908 1
6443 5089 276918 1
6510 5189 276928 1
6578 5339 276938 1
6647 5483 276948 1
6701 5623 276958 1
6744 5707 276968 1
6761 5738 276978 1
6769 5738 276988 1
6769 5699 276998 1
6769 5619 277008 1
6782 5509 277018 1
6800 5387 277028 1
6826 5264 277038 1
6856 5174 277048 1
6886 5106 277058 1
6920 5074 277068 1
6949 5074 277078 1
6975 5099 277088 1
7004 5158 277098 1
7033 5242 277108 1
7064 5344 277118 1
7097 5468 277128 1
7129 5601 277138 1
7145 5739 277148 1
7150 5860 277158 1
7150 5903 277168 1
7150 5895 277178 1
7155 5872 277188 1
7169 5807 277198 1
7193 5714 277208 1
7222 5633 277218 1
7254 5553 277228 1
7287 5477 277238 1
7309 5404 277248 1
7323 5349 277258 1
7323 5322 277268 1
7329 5315 277278 1
7329 5323 277288 1
7324 5380 277298 1
7324 5470 277308 1
7324 5600 277318 1
7324 5754 277328 1
7335 5925 277338 1
7348 5986 277348 1
7361 5986 277358 1
7387 5937 277368 1
7424 5809 277378 1
7483 5677 277388 1
7548 5552 277398 1
7652 5435 277408 1
7779 5387 277418 1
7900 5382 277428 1
8021 5407 277438 1
8123 5495 277448 1
8211 5610 277458 1
8285 5742 277468 1
8330 5874 277478 1
8355 6000 277488 1
8355 6080 277498 1
8342 6131 277508 1
8315 6116 277518 1
8290 6056 277528 1
8268 5967 277538 1
8274 5873 277548 1
8299 5821 277558 1
8361 5796 277568 1
8447 5788 277578 1
8548 5829 277588 1
8651 5902 277598 1
8753 5984 277608 1
8815 6064 277618 1
8852 6108 277628 1
8838 6130 277638 1
8773 6130 277648 1
8673 6076 277658 1
8546 5991 277668 1
8404 5872 277678 1
8253 5750 277688 1
8136 5654 277698 1
8077 5577 277708 1
8056 5554 277718 1
8100 5559 277728 1
8212 5583 277738 1
8369 5655 277748 1
8538 5707 277758 1
8706 5746 277768 1
8850 5732 277778 1
8979 5651 277788 1
9071 5525 277798 1
9142 5339 277808 1
9200 5127 277818 1
9235 4898 277828 1
9254 4636 277838 1
9261 4405 277848 1
9261 4195 277858 1
9251 4015 277868 1
9233 3874 277878 1
9222 3759 277888 1
9217 3652 277898 1
9217 3614 277908 1
9210 3623 277918 1
9210 3630 277928 1
9204 3663 277938 1
9195 3714 277948 1
9185 3789 277958 1
