250
3994 5893 438089 0
3994 5893 438099 1
3994 5893 438109 1
3994 5893 438119 1
3994 5893 438129 1
3994 5893 438139 1
3994 5893 438149 1
3994 5893 438159 1
3994 5893 438169 1
3994 5893 438179 1
3994 5893 438189 1
3952 5826 438199 1
3952 5698 438209 1
3952 5549 438219 1
3961 5386 438229 1
3967 5226 438239 1
3972 5099 438249 1
3972 4994 438259 1
3993 4890 438269 1
4014 4815 438279 1
4042 4759 438289 1
4078 4718 438299 1
4119 4681 438309 1
4168 4651 438319 1
4225 4625 438329 1
4287 4601 438339 1
4350 4608 438349 1
4429 4636 438359 1
4518 4712 438369 1
4611 4824 438379 1
4704 4960 438389 1
4798 5096 438399 1
4866 5237 438409 1
4916 5385 438419 1
4968 5537 438429 1
5008 5683 438439 1
5039 5829 438449 1
5057 5974 438459 1
5057 6090 438469 1
5045 6187 438479 1
5016 6241 438489 1
4981 6272 438499 1
4943 6287 438509 1
4898 6287 438519 1
4850 6261 438529 1
4800 6221 438539 1
4739 6153 438549 1
4679 6046 438559 1
4621 5912 438569 1
4569 5767 438579 1
4524 5630 438589 1
4501 5521 438599 1
4491 5427 438609 1
4491 5342 438619 1
4513 5259 438629 1
4542 5177 438639 1
4590 5076 438649 1
4640 4963 438659 1
4696 4842 438669 1
4759 4713 438679 1
4819 4596 438689 1
4866 4486 438699 1
4905 4372 438709 1
4939 4254 438719 1
4969 4134 438729 1
4997 4045 438739 1
5016 3977 438749 1
5032 3924 438759 1
5047 3889 438769 1
5061 3860 438779 1
5071 3842 438789 1
5078 3842 438799 1
5087 3847 438809 1
5087 3869 438819 1
5087 3896 438829 1
5066 3934 438839 1
5040 3977 438849 1
5009 4027 438859 1
4983 4089 438869 1
4962 4159 438879 1
5039 4840 438971 0
5125 4970 438981 1
5165 5029 438991 1
5229 5114 439001 1
5306 5217 439011 1
5393 5345 439021 1
5481 5474 439031 1
5567 5579 439041 1
5641 5667 439051 1
5709 5754 439061 1
5773 5826 439071 1
5813 5889 439081 1
5838 5913 439091 1
5838 5918 439101 1
5838 5911 439111 1
5838 5900 439121 1
5830 5868 439131 1
5815 5822 439141 1
5795 5765 439151 1
5775 5706 439161 1
5754 5624 439171 1
5735 5529 439181 1
5712 5390 439191 1
5700 5211 439201 1
5688 5006 439211 1
5678 4847 439221 1
5667 4712 439231 1
5657 4592 439241 1
5648 4541 439251 1
5664 4521 439261 1
5683 4521 439271 1
5711 4536 439281 1
5747 4582 439291 1
5797 4648 439301 1
5856 4729 439311 1
5912 4811 439321 1
5968 4891 439331 1
6026 4965 439341 1
6087 5036 439351 1
6152 5108 439361 1
6218 5180 439371 1
5812 5142 439471 0
5812 5142 439481 1
5739 5115 439491 1
5751 5142 439501 1
5787 5204 439511 1
5837 5291 439521 1
5891 5388 439531 1
5952 5488 439541 1
6027 5590 439551 1
6110 5697 439561 1
6191 5803 439571 1
6260 5888 439581 1
6320 5958 439591 1
6364 6006 439601 1
6395 6026 439611 1
6418 6026 439621 1
6439 6011 439631 1
6456 5945 439641 1
6469 5846 439651 1
6484 5664 439661 1
6492 5500 439671 1
6492 5347 439681 1
6506 5210 439691 1
6519 5118 439701 1
6556 5055 439711 1
6609 5033 439721 1
6649 5025 439731 1
6681 5025 439741 1
6707 5057 439751 1
6720 5121 439761 1
6727 5209 439771 1
6727 5341 439781 1
6740 5480 439791 1
6764 5625 439801 1
6796 5778 439811 1
6833 5927 439821 1
6870 6012 439831 1
6896 6057 439841 1
6914 6068 439851 1
6923 6050 439861 1
6932 6012 439871 1
6940 5896 439881 1
6955 5780 439891 1
6992 5665 439901 1
7043 5588 439911 1
7093 5536 439921 1
7142 5502 439931 1
7179 5477 439941 1
7208 5470 439951 1
7226 5476 439961 1
7243 5491 439971 1
7260 5531 439981 1
7278 5588 439991 1
7297 5672 440001 1
7317 5777 440011 1
7333 5895 440021 1
7351 6001 440031 1
7364 6065 440041 1
7372 6100 440051 1
7389 6100 440061 1
7410 6100 440071 1
7437 6078 440081 1
7468 6019 440091 1
7500 5933 440101 1
7531 5862 440111 1
7555 5804 440121 1
7573 5755 440131 1
7582 5723 440141 1
7582 5700 440151 1
7582 5683 440161 1
7582 5683 440171 1
7582 5683 440181 1
7587 5702 440191 1
7594 5778 440201 1
7624 5885 440211 1
7668 6014 440221 1
7714 6123 440231 1
7757 6174 440241 1
7796 6186 440251 1
7836 6174 440261 1
7877 6158 440271 1
7924 6128 440281 1
7973 6091 440291 1
8019 6058 440301 1
8067 6036 440311 1
8117 6022 440321 1
8170 6017 440331 1
8231 6031 440341 1
8305 6057 440351 1
8388 6108 440361 1
8465 6173 440371 1
8529 6247 440381 1
8584 6345 440391 1
8628 6472 440401 1
8668 6618 440411 1
8704 6766 440421 1
8725 6873 440431 1
8725 6954 440441 1
8720 6960 440451 1
8695 6960 440461 1
8647 6935 440471 1
8584 6889 440481 1
8510 6798 440491 1
8435 6701 440501 1
8358 6600 440511 1
8322 6535 440521 1
8322 6497 440531 1
8346 6476 440541 1
8370 6469 440551 1
8394 6469 440561 1
8420 6483 440571 1
8445 6500 440581 1
8474 6517 440591 1
8501 6531 440601 1
8520 6542 440611 1
8535 6542 440621 1
8552 6501 440631 1
8552 6438 440641 1
8552 6241 440651 1
8547 5963 440661 1
8547 5631 440671 1
8557 5241 440681 1
8591 4974 440691 1
8631 4790 440701 1
8661 4645 440711 1
8683 4552 440721 1
8735 4494 440731 1
8758 4461 440741 1
8758 4451 440751 1
