200
2725 6438 1202919 0
2753 6511 1202929 1
2753 6541 1202939 1
2742 6547 1202949 1
2742 6537 1202959 1
2734 6498 1202969 1
2724 6386 1202979 1
2710 6226 1202989 1
2703 6061 1202999 1
2724 5893 1203009 1
2760 5764 1203019 1
2842 5662 1203029 1
2998 5628 1203039 1
3203 5664 1203049 1
3438 5746 1203059 1
3677 5905 1203069 1
3884 6091 1203079 1
4067 6294 1203089 1
4178 6463 1203099 1
4216 6573 1203109 1
4204 6643 1203119 1
4146 6673 1203129 1
4074 6652 1203139 1
3992 6597 1203149 1
3903 6451 1203159 1
3794 6227 1203169 1
3671 5952 1203179 1
3514 5651 1203189 1
3380 5357 1203199 1
3261 5067 1203209 1
3191 4818 1203219 1
3168 4638 1203229 1
3176 4504 1203239 1
3201 4437 1203249 1
3231 4437 1203259 1
3290 4478 1203269 1
3367 4574 1203279 1
3462 4711 1203289 1
4121 6084 1203390 0
4070 5908 1203400 1
4009 5893 1203410 1
3915 5877 1203420 1
3915 5859 1203430 1
3946 5870 1203440 1
4006 5901 1203450 1
4151 5978 1203460 1
4334 6064 1203470 1
4543 6156 1203480 1
4727 6224 1203490 1
4878 6287 1203500 1
5006 6309 1203510 1
5069 6309 1203520 1
5063 6263 1203530 1
5012 6142 1203540 1
4901 5969 1203550 1
4755 5703 1203560 1
4586 5443 1203570 1
4463 5187 1203580 1
4421 5023 1203590 1
4432 4934 1203600 1
4493 4895 1203610 1
4605 4895 1203620 1
4752 4967 1203630 1
4887 5082 1203640 1
5009 5213 1203650 1
5123 5335 1203660 1
4787 5697 1203750 0
4618 5610 1203760 1
4575 5602 1203770 1
4565 5618 1203780 1
4576 5618 1203790 1
4612 5631 1203800 1
4683 5661 1203810 1
4776 5710 1203820 1
4896 5768 1203830 1
5036 5832 1203840 1
5189 5895 1203850 1
5381 5973 1203860 1
5542 6060 1203870 1
5681 6120 1203880 1
5766 6176 1203890 1
5808 6212 1203900 1
5822 6236 1203910 1
5817 6247 1203920 1
5805 6254 1203930 1
5787 6232 1203940 1
5756 6194 1203950 1
5712 6062 1203960 1
5659 5877 1203970 1
5599 5656 1203980 1
5541 5455 1203990 1
5483 5304 1204000 1
5469 5186 1204010 1
5481 5161 1204020 1
5509 5168 1204030 1
5585 5196 1204040 1
5704 5278 1204050 1
5851 5390 1204060 1
5988 5521 1204070 1
6125 5639 1204080 1
6271 5759 1204090 1
6422 5886 1204100 1
6546 6018 1204110 1
6660 6119 1204120 1
6767 6187 1204130 1
6837 6233 1204140 1
6878 6248 1204150 1
6900 6248 1204160 1
6900 6229 1204170 1
6892 6183 1204180 1
6870 6094 1204190 1
6828 5977 1204200 1
6785 5836 1204210 1
6742 5716 1204220 1
6729 5609 1204230 1
6750 5556 1204240 1
6794 5546 1204250 1
6854 5566 1204260 1
6918 5638 1204270 1
6991 5738 1204280 1
7074 5856 1204290 1
7178 5978 1204300 1
7296 6094 1204310 1
7432 6200 1204320 1
7540 6279 1204330 1
7628 6341 1204340 1
7687 6366 1204350 1
7718 6357 1204360 1
7731 6325 1204370 1
7721 6258 1204380 1
7690 6175 1204390 1
7646 6082 1204400 1
7600 5997 1204410 1
7554 5927 1204420 1
7529 5866 1204430 1
7518 5850 1204440 1
7551 5855 1204450 1
7626 5875 1204460 1
7729 5906 1204470 1
7867 5931 1204480 1
8013 5906 1204490 1
8165 5849 1204500 1
8318 5791 1204510 1
8440 5770 1204520 1
8542 5770 1204530 1
8605 5822 1204540 1
8671 5909 1204550 1
8738 6022 1204560 1
8844 6136 1204570 1
8985 6268 1204580 1
9149 6412 1204590 1
9339 6560 1204600 1
9540 6690 1204610 1
9747 6807 1204620 1
9946 6930 1204630 1
10124 7048 1204640 1
10288 7156 1204650 1
10417 7257 1204660 1
10482 7354 1204670 1
10505 7448 1204680 1
10446 7535 1204690 1
10308 7576 1204700 1
10117 7589 1204710 1
9874 7535 1204720 1
9605 7426 1204730 1
9319 7281 1204740 1
9090 7123 1204750 1
8898 6950 1204760 1
8731 6766 1204770 1
8614 6606 1204780 1
8556 6492 1204790 1
8536 6410 1204800 1
8603 6393 1204810 1
8790 6439 1204820 1
9058 6528 1204830 1
9419 6643 1204840 1
9785 6758 1204850 1
10153 6843 1204860 1
10413 6909 1204870 1
10559 6909 1204880 1
10628 6870 1204890 1
10586 6795 1204900 1
10463 6653 1204910 1
10285 6479 1204920 1
10116 6284 1204930 1
9947 6076 1204940 1
9777 5844 1204950 1
9667 5595 1204960 1
9599 5335 1204970 1
9558 5072 1204980 1
9572 4802 1204990 1
9591 4501 1205000 1
9612 4182 1205010 1
9580 3846 1205020 1
9494 3467 1205030 1
9372 3060 1205040 1
9232 2655 1205050 1
9114 2334 1205060 1
9070 2069 1205070 1
9070 1924 1205080 1
