189
3016 6358 700867 0
3001 6503 700877 1
2963 6562 700887 1
2957 6571 700897 1
2969 6548 700907 1
3021 6432 700917 1
3085 6221 700927 1
3156 5946 700937 1
3245 5743 700947 1
3361 5668 700957 1
3494 5679 700967 1
3666 5769 700977 1
3843 5955 700987 1
4028 6204 700997 1
4167 6448 701007 1
4274 6590 701017 1
4269 6663 701027 1
4200 6709 701037 1
3974 6625 701068 0
3786 6331 701078 1
3734 6204 701088 1
3716 6093 701098 1
3728 5979 701108 1
3760 5860 701118 1
3809 5701 701128 1
3861 5518 701138 1
3927 5253 701148 1
4002 4982 701158 1
4080 4708 701168 1
4153 4549 701178 1
4202 4473 701188 1
3848 5496 701278 0
3953 5715 701288 1
3983 5796 701298 1
4055 5863 701308 1
4156 5922 701318 1
4280 6007 701328 1
4430 6098 701338 1
4598 6193 701348 1
4785 6292 701358 1
4908 6357 701368 1
4989 6400 701378 1
5034 6413 701388 1
4948 6274 701428 0
4830 6099 701438 1
4780 6056 701448 1
4738 6020 701458 1
4709 5990 701468 1
4698 5934 701478 1
4698 5820 701488 1
4691 5668 701498 1
4698 5481 701508 1
4744 5294 701518 1
4812 5107 701528 1
4905 5011 701538 1
5020 4981 701548 1
5150 4995 701558 1
5281 5072 701568 1
5388 5188 701578 1
5479 5330 701588 1
5497 5435 701598 1
5454 5522 701608 1
5371 5597 701618 1
5233 5647 701628 1
5080 5661 701638 1
4916 5650 701648 1
4774 5606 701658 1
4690 5575 701668 1
4644 5553 701678 1
4657 5553 701688 1
4717 5561 701698 1
4808 5579 701708 1
4929 5629 701718 1
5080 5701 701728 1
5251 5787 701738 1
5417 5895 701748 1
5578 6010 701758 1
5736 6131 701768 1
5840 6221 701778 1
5882 6272 701788 1
5882 6296 701798 1
5861 6296 701808 1
5822 6243 701818 1
5771 6162 701828 1
5737 6012 701838 1
5753 5840 701848 1
5802 5653 701858 1
5873 5497 701868 1
5962 5382 701878 1
6063 5295 701888 1
6175 5280 701898 1
6310 5361 701908 1
6310 5361 701918 3
6597 5672 701928 3
6674 5834 701938 3
6712 5986 701948 3
6692 6099 701958 3
6659 6186 701968 3
6616 6172 701978 3
6584 6140 701988 3
6584 6095 701998 3
6597 6011 702008 3
6639 5909 702018 3
6687 5795 702028 3
6742 5695 702038 3
6796 5621 702048 3
6840 5564 702058 3
6878 5540 702068 3
6892 5540 702078 3
6897 5564 702088 3
6897 5622 702098 3
6871 5705 702108 3
6823 5805 702118 3
6760 5945 702128 3
6705 6090 702138 3
6705 6090 702148 1
6642 6334 702158 1
6654 6343 702168 1
6654 6343 702178 3
6758 6199 702188 3
6867 6092 702198 3
6977 5978 702208 3
7117 5918 702218 3
7276 5908 702228 3
7457 5932 702238 3
7632 6026 702248 3
7802 6143 702258 3
7930 6275 702268 3
7985 6397 702278 3
7992 6482 702288 3
7962 6543 702298 3
7909 6589 702308 3
7840 6634 702318 3
7793 6678 702328 3
7772 6726 702338 3
7772 6771 702348 3
7763 6771 702358 3
7763 6753 702368 3
7728 6633 702378 3
7672 6490 702388 3
7654 6332 702398 3
7668 6213 702408 3
7702 6132 702418 3
7763 6077 702428 3
7813 6033 702438 3
7856 5987 702448 3
7821 5874 702458 3
7738 5716 702468 3
7623 5604 702478 3
7521 5545 702488 3
7464 5522 702498 3
7436 5557 702508 3
7436 5650 702518 3
7463 5783 702528 3
7502 5927 702538 3
7563 6068 702548 3
7640 6204 702558 3
7728 6295 702568 3
7841 6356 702578 3
7962 6385 702588 3
8088 6391 702598 3
8183 6381 702608 3
8232 6321 702618 3
8251 6182 702628 3
8212 5990 702638 3
8131 5705 702648 3
8023 5356 702658 3
7963 4965 702668 3
7963 4965 702678 1
7836 4338 702688 1
7836 4109 702698 1
7836 4109 702708 3
7898 3910 702718 3
7947 3871 702728 3
7997 3864 702738 3
8033 3869 702748 3
8059 3881 702758 3
8059 3881 702768 3
8059 3890 702778 3
8054 3910 702788 3
8045 3940 702798 3
8040 3993 702808 3
8040 3993 702818 2
8060 4160 702828 2
8028 4252 702838 2
7960 4371 702848 2
7948 4507 702858 2
8061 4699 702868 2
8061 4699 702878 2
