187
3455 6661 279421 0
3505 6771 279431 1
3499 6830 279441 1
3509 6825 279451 1
3536 6780 279461 1
3570 6708 279471 1
3624 6524 279481 1
3691 6273 279491 1
3758 5977 279501 1
3827 5708 279511 1
3905 5575 279521 1
4010 5532 279531 1
4131 5571 279541 1
4293 5719 279551 1
4474 5941 279561 1
4668 6243 279571 1
4840 6485 279581 1
4945 6686 279591 1
5004 6806 279601 1
4538 6215 279682 0
4505 5984 279692 1
4454 5913 279702 1
4448 5781 279712 1
4473 5659 279722 1
4490 5544 279732 1
4527 5334 279742 1
4577 5098 279752 1
4639 4844 279762 1
4702 4606 279772 1
4756 4463 279782 1
4804 4384 279792 1
4838 4356 279802 1
4888 5767 279902 0
4995 5939 279912 1
5001 5939 279922 1
5038 5977 279932 1
5095 6034 279942 1
5171 6092 279952 1
5273 6163 279962 1
5391 6242 279972 1
5516 6322 279982 1
5632 6392 279992 1
5713 6424 280002 1
5521 6214 280092 0
5574 6114 280102 1
5489 6109 280112 1
5460 6069 280122 1
5468 6006 280132 1
5453 5920 280142 1
5440 5777 280152 1
5434 5596 280162 1
5449 5387 280172 1
5478 5183 280182 1
5525 4983 280192 1
5594 4871 280202 1
5677 4829 280212 1
5802 4829 280222 1
5913 4910 280232 1
6014 5033 280242 1
6101 5187 280252 1
6152 5322 280262 1
6180 5421 280272 1
5550 5480 280343 0
5422 5351 280353 1
5379 5328 280363 1
5392 5314 280373 1
5442 5314 280383 1
5513 5348 280393 1
5630 5408 280403 1
5778 5506 280413 1
5926 5619 280423 1
6061 5741 280433 1
6188 5841 280443 1
6473 6187 280523 0
6497 6082 280533 1
6449 6013 280543 1
6441 5911 280553 1
6449 5777 280563 1
6467 5621 280573 1
6502 5439 280583 1
6543 5285 280593 1
6607 5150 280603 1
6684 5086 280613 1
6775 5086 280623 1
6867 5128 280633 1
6956 5250 280643 1
7041 5400 280653 1
7131 5570 280663 1
7210 5712 280673 1
7282 5818 280683 1
7327 5899 280693 1
7345 5915 280703 1
7345 5889 280713 1
7345 5835 280723 1
7339 5737 280733 1
7333 5614 280743 1
7326 5475 280753 1
7326 5329 280763 1
7326 5194 280773 1
7338 5124 280783 1
7353 5094 280793 1
7369 5103 280803 1
7387 5175 280813 1
7408 5289 280823 1
7433 5432 280833 1
7452 5575 280843 1
7468 5718 280853 1
7479 5850 280863 1
7485 5920 280873 1
7485 5948 280883 1
7496 5948 280893 1
7529 5907 280903 1
7579 5843 280913 1
7650 5757 280923 1
7732 5671 280933 1
7822 5585 280943 1
7903 5513 280953 1
7968 5450 280963 1
8021 5406 280973 1
8060 5390 280983 1
8096 5390 280993 1
8131 5428 281003 1
8169 5508 281013 1
8207 5618 281023 1
8238 5757 281033 1
8264 5906 281043 1
8264 6062 281053 1
8254 6138 281063 1
8231 6151 281073 1
8221 6123 281083 1
8232 6043 281093 1
8257 5940 281103 1
8307 5823 281113 1
8383 5726 281123 1
8475 5659 281133 1
8583 5611 281143 1
8714 5587 281153 1
8861 5626 281163 1
9007 5707 281173 1
9140 5825 281183 1
9265 5938 281193 1
9366 6049 281203 1
9421 6129 281213 1
9446 6197 281223 1
9429 6256 281233 1
9378 6321 281243 1
9303 6386 281253 1
9204 6409 281263 1
9090 6409 281273 1
8965 6343 281283 1
8824 6246 281293 1
8712 6125 281303 1
8620 5997 281313 1
8565 5871 281323 1
8565 5771 281333 1
8602 5689 281343 1
8687 5641 281353 1
8815 5629 281363 1
8972 5642 281373 1
9124 5682 281383 1
9281 5770 281393 1
9445 5889 281403 1
9579 6007 281413 1
9693 6117 281423 1
9764 6183 281433 1
9792 6222 281443 1
9792 6215 281453 1
9756 6147 281463 1
9697 6039 281473 1
9623 5856 281483 1
9548 5643 281493 1
9477 5409 281503 1
9413 5173 281513 1
9397 4947 281523 1
9412 4750 281533 1
9435 4570 281543 1
9488 4414 281553 1
9562 4307 281563 1
9625 4234 281573 1
9684 4186 281583 1
9740 4163 281593 1
9778 4156 281603 1
9801 4172 281613 1
9815 4199 281623 1
9815 4233 281633 1
9815 4274 281643 1
9801 4320 281653 1
