326
3637 5937 423719 0
3637 5937 423729 1
3637 5937 423739 1
3637 5937 423749 1
3663 5867 423759 1
3663 5827 423769 1
3663 5774 423779 1
3669 5695 423789 1
3686 5599 423799 1
3711 5493 423809 1
3743 5390 423819 1
3775 5285 423829 1
3804 5176 423839 1
3836 5082 423849 1
3871 4998 423859 1
3907 4920 423869 1
3944 4848 423879 1
3980 4789 423889 1
4018 4738 423899 1
4058 4701 423909 1
4105 4673 423919 1
4161 4662 423929 1
4228 4662 423939 1
4302 4676 423949 1
4383 4709 423959 1
4465 4749 423969 1
4546 4803 423979 1
4627 4868 423989 1
4706 4941 423999 1
4784 5033 424009 1
4846 5136 424019 1
4908 5247 424029 1
4962 5359 424039 1
5011 5470 424049 1
5052 5576 424059 1
5086 5680 424069 1
5114 5786 424079 1
5138 5884 424089 1
5138 5976 424099 1
5132 6045 424109 1
5109 6097 424119 1
5077 6137 424129 1
5040 6169 424139 1
5001 6197 424149 1
4961 6211 424159 1
4919 6218 424169 1
4882 6211 424179 1
4845 6201 424189 1
4807 6184 424199 1
4767 6161 424209 1
4725 6129 424219 1
4689 6090 424229 1
4658 6037 424239 1
4627 5975 424249 1
4608 5918 424259 1
4592 5857 424269 1
4581 5793 424279 1
4571 5725 424289 1
4562 5652 424299 1
4556 5578 424309 1
4556 5504 424319 1
4550 5423 424329 1
4550 5344 424339 1
4550 5271 424349 1
4565 5201 424359 1
4585 5133 424369 1
4612 5068 424379 1
4642 5004 424389 1
4676 4931 424399 1
4712 4858 424409 1
4748 4783 424419 1
4788 4700 424429 1
4824 4614 424439 1
4858 4541 424449 1
4892 4470 424459 1
4920 4403 424469 1
4945 4339 424479 1
4967 4278 424489 1
4985 4219 424499 1
4997 4167 424509 1
5005 4122 424519 1
5012 4095 424529 1
5012 4080 424539 1
5017 4070 424549 1
5017 4064 424559 1
5017 4064 424569 1
5017 4064 424579 1
5017 4064 424589 1
4838 4877 427674 0
4838 4877 427684 1
4838 4877 427694 1
4838 4877 427704 1
4838 4877 427714 1
4838 4877 427724 1
4768 4829 427734 1
4763 4823 427744 1
4763 4823 427754 1
4763 4823 427764 1
4763 4823 427774 1
4763 4823 427784 1
4763 4823 427794 1
4769 4823 427804 1
4786 4854 427814 1
4813 4896 427824 1
4856 4964 427834 1
4908 5048 427844 1
4972 5142 427854 1
5037 5242 427864 1
5103 5342 427874 1
5169 5426 427884 1
5234 5499 427894 1
5291 5564 427904 1
5342 5618 427914 1
5389 5664 427924 1
5421 5700 427934 1
5441 5721 427944 1
5452 5731 427954 1
5452 5731 427964 1
5452 5731 427974 1
5452 5731 427984 1
5442 5731 427994 1
5432 5723 428004 1
5426 5716 428014 1
5421 5707 428024 1
5413 5694 428034 1
5403 5673 428044 1
5390 5643 428054 1
5378 5617 428064 1
5365 5595 428074 1
5352 5569 428084 1
5340 5543 428094 1
5327 5497 428104 1
5314 5439 428114 1
5301 5341 428124 1
5284 5247 428134 1
5270 5155 428144 1
5262 5077 428154 1
5257 5004 428164 1
5251 4931 428174 1
5251 4855 428184 1
5251 4767 428194 1
5251 4680 428204 1
5257 4613 428214 1
5267 4560 428224 1
5280 4511 428234 1
5296 4475 428244 1
5318 4449 428254 1
5350 4419 428264 1
5392 4393 428274 1
5441 4386 428284 1
5495 4386 428294 1
5555 4405 428304 1
5614 4442 428314 1
5660 4493 428324 1
5697 4559 428334 1
5725 4625 428344 1
5743 4689 428354 1
5755 4742 428364 1
5755 4791 428374 1
5392 4841 428526 0
5392 4841 428536 1
5392 4841 428546 1
5413 4907 428556 1
5436 4958 428566 1
5464 5017 428576 1
5499 5088 428586 1
5539 5166 428596 1
5580 5248 428606 1
5622 5330 428616 1
5659 5401 428626 1
5692 5466 428636 1
5718 5514 428646 1
5746 5555 428656 1
5777 5591 428666 1
5811 5621 428676 1
5846 5648 428686 1
5872 5667 428696 1
5892 5679 428706 1
5897 5679 428716 1
5897 5679 428726 1
5897 5679 428736 1
5897 5679 428746 1
5897 5673 428756 1
5892 5639 428766 1
5892 5589 428776 1
5892 5516 428786 1
5901 5439 428796 1
5914 5335 428806 1
5932 5214 428816 1
5953 5118 428826 1
5979 5042 428836 1
6007 4979 428846 1
6038 4941 428856 1
6073 4920 428866 1
6108 4910 428876 1
6137 4918 428886 1
6163 4951 428896 1
6188 5001 428906 1
6213 5069 428916 1
6238 5140 428926 1
6265 5215 428936 1
6289 5303 428946 1
6310 5399 428956 1
6334 5493 428966 1
6359 5576 428976 1
6384 5652 428986 1
6405 5718 428996 1
6422 5761 429006 1
6422 5789 429016 1
6422 5784 429026 1
6422 5777 429036 1
6422 5737 429046 1
6416 5676 429056 1
6416 5590 429066 1
6424 5504 429076 1
6441 5430 429086 1
6466 5363 429096 1
6493 5319 429106 1
6522 5297 429116 1
6554 5291 429126 1
6587 5305 429136 1
6621 5346 429146 1
6659 5405 429156 1
6693 5469 429166 1
6722 5533 429176 1
6734 5598 429186 1
6743 5664 429196 1
6751 5723 429206 1
6757 5761 429216 1
6765 5787 429226 1
6775 5802 429236 1
6784 5812 429246 1
6795 5803 429256 1
6808 5783 429266 1
6808 5746 429276 1
6815 5709 429286 1
6832 5675 429296 1
6840 5643 429306 1
6849 5605 429316 1
6854 5562 429326 1
6854 5524 429336 1
6866 5491 429346 1
6872 5481 429356 1
6872 5481 429366 1
6881 5490 429376 1
6881 5533 429386 1
6871 5597 429396 1
6857 5674 429406 1
6844 5745 429416 1
6833 5824 429426 1
6833 5908 429436 1
6848 5985 429446 1
6874 6045 429456 1
6905 6095 429466 1
6947 6141 429476 1
6994 6169 429486 1
7038 6185 429496 1
7080 6174 429506 1
7132 6140 429516 1
7186 6092 429526 1
7247 6039 429536 1
7310 5990 429546 1
7365 5943 429556 1
7415 5898 429566 1
7456 5848 429576 1
7499 5810 429586 1
7547 5779 429596 1
7593 5766 429606 1
7634 5774 429616 1
7671 5796 429626 1
7703 5845 429636 1
7737 5921 429646 1
7779 6015 429656 1
7832 6125 429666 1
7889 6258 429676 1
7947 6406 429686 1
7991 6536 429696 1
8028 6626 429706 1
8041 6689 429716 1
8048 6754 429726 1
8048 6815 429736 1
8034 6844 429746 1
8002 6853 429756 1
7959 6827 429766 1
7890 6763 429776 1
7799 6674 429786 1
7693 6558 429796 1
7605 6437 429806 1
7556 6313 429816 1
7532 6246 429826 1
7540 6199 429836 1
7563 6165 429846 1
7597 6136 429856 1
7637 6111 429866 1
7679 6090 429876 1
7728 6081 429886 1
7797 6097 429896 1
7878 6129 429906 1
7965 6192 429916 1
8054 6268 429926 1
8146 6352 429936 1
8243 6451 429946 1
8340 6535 429956 1
8413 6609 429966 1
8469 6670 429976 1
8504 6711 429986 1
8520 6740 429996 1
8520 6762 430006 1
8520 6782 430016 1
8512 6794 430026 1
8496 6800 430036 1
8474 6800 430046 1
8452 6785 430056 1
8432 6758 430066 1
8409 6715 430076 1
8385 6624 430086 1
8357 6502 430096 1
8326 6283 430106 1
8305 5992 430116 1
8305 5653 430126 1
8320 5296 430136 1
8368 4978 430146 1
8416 4687 430156 1
8442 4532 430166 1
8454 4374 430176 1
8505 4242 430186 1
