246
3608 5830 432832 0
3608 5830 432842 1
3608 5830 432852 1
3608 5830 432862 1
3608 5830 432872 1
3608 5830 432882 1
3608 5830 432892 1
3623 5721 432902 1
3632 5651 432912 1
3643 5564 432922 1
3655 5467 432932 1
3665 5337 432942 1
3681 5201 432952 1
3700 5060 432962 1
3721 4951 432972 1
3740 4864 432982 1
3763 4793 432992 1
3791 4735 433002 1
3823 4694 433012 1
3860 4664 433022 1
3898 4639 433032 1
3940 4620 433042 1
3998 4611 433052 1
4067 4611 433062 1
4147 4639 433072 1
4228 4691 433082 1
4306 4774 433092 1
4381 4862 433102 1
4457 4956 433112 1
4529 5050 433122 1
4598 5146 433132 1
4656 5249 433142 1
4711 5361 433152 1
4763 5479 433162 1
4801 5598 433172 1
4825 5719 433182 1
4839 5842 433192 1
4839 5955 433202 1
4818 6029 433212 1
4791 6076 433222 1
4757 6091 433232 1
4720 6102 433242 1
4681 6097 433252 1
4626 6084 433262 1
4571 6050 433272 1
4519 6012 433282 1
4472 5965 433292 1
4432 5898 433302 1
4398 5819 433312 1
4366 5726 433322 1
4335 5642 433332 1
4309 5564 433342 1
4288 5498 433352 1
4282 5444 433362 1
4282 5399 433372 1
4301 5342 433382 1
4322 5259 433392 1
4355 5160 433402 1
4396 5037 433412 1
4442 4910 433422 1
4492 4779 433432 1
4542 4648 433442 1
4587 4534 433452 1
4629 4430 433462 1
4670 4324 433472 1
4719 4202 433482 1
4774 4069 433492 1
4815 3947 433502 1
4841 3855 433512 1
4857 3783 433522 1
4870 3723 433532 1
4884 3670 433542 1
4900 3629 433552 1
4915 3596 433562 1
4931 3578 433572 1
4941 3569 433582 1
4946 3569 433592 1
4946 3580 433602 1
4946 3621 433612 1
4939 3682 433622 1
5030 4885 433743 0
5172 5079 433753 1
5243 5147 433763 1
5313 5221 433773 1
5382 5299 433783 1
5456 5402 433793 1
5529 5494 433803 1
5591 5579 433813 1
5645 5658 433823 1
5676 5716 433833 1
5689 5760 433843 1
5689 5765 433853 1
5689 5765 433863 1
5689 5765 433873 1
5689 5765 433883 1
5689 5765 433893 1
5684 5765 433903 1
5676 5756 433913 1
5659 5725 433923 1
5641 5680 433933 1
5622 5582 433943 1
5605 5449 433953 1
5588 5294 433963 1
5573 5137 433973 1
5563 4999 433983 1
5557 4875 433993 1
5551 4767 434003 1
5546 4684 434013 1
5546 4619 434023 1
5546 4570 434033 1
5553 4545 434043 1
5575 4537 434053 1
5609 4537 434063 1
5666 4572 434073 1
5727 4621 434083 1
5795 4690 434093 1
5850 4763 434103 1
5897 4842 434113 1
5933 4912 434123 1
5956 4977 434133 1
5619 5102 434234 0
5619 5102 434244 1
5569 5034 434254 1
5578 5047 434264 1
5604 5073 434274 1
5631 5123 434284 1
5662 5200 434294 1
5715 5294 434304 1
5782 5401 434314 1
5853 5509 434324 1
5918 5617 434334 1
5979 5689 434344 1
6026 5735 434354 1
6058 5764 434364 1
6079 5769 434374 1
6084 5755 434384 1
6084 5728 434394 1
6071 5629 434404 1
6071 5486 434414 1
6087 5313 434424 1
6103 5177 434434 1
6142 5061 434444 1
6185 4959 434454 1
6230 4905 434464 1
6268 4858 434474 1
6294 4817 434484 1
6312 4795 434494 1
6323 4795 434504 1
6335 4804 434514 1
6341 4867 434524 1
6341 4959 434534 1
6348 5071 434544 1
6355 5191 434554 1
6363 5311 434564 1
6372 5430 434574 1
6384 5516 434584 1
6401 5583 434594 1
6426 5629 434604 1
6453 5654 434614 1
6470 5666 434624 1
6480 5666 434634 1
6486 5619 434644 1
6493 5549 434654 1
6503 5428 434664 1
6519 5328 434674 1
6544 5243 434684 1
6575 5192 434694 1
6613 5162 434704 1
6659 5146 434714 1
6713 5155 434724 1
6767 5170 434734 1
6814 5190 434744 1
6857 5233 434754 1
6895 5287 434764 1
6934 5348 434774 1
6967 5425 434784 1
6995 5520 434794 1
7013 5626 434804 1
7031 5743 434814 1
7045 5858 434824 1
7057 5913 434834 1
7073 5929 434844 1
7089 5913 434854 1
7106 5895 434864 1
7130 5841 434874 1
7154 5763 434884 1
7178 5707 434894 1
7202 5665 434904 1
7228 5633 434914 1
7256 5615 434924 1
7273 5604 434934 1
7280 5598 434944 1
7280 5598 434954 1
7280 5598 434964 1
7267 5611 434974 1
7253 5670 434984 1
7253 5750 434994 1
7259 5844 435004 1
7275 5931 435014 1
7290 5970 435024 1
7310 5976 435034 1
7333 5954 435044 1
7357 5926 435054 1
7395 5880 435064 1
7436 5825 435074 1
7481 5784 435084 1
7532 5754 435094 1
7588 5731 435104 1
7649 5716 435114 1
7716 5701 435124 1
7784 5707 435134 1
7844 5726 435144 1
7900 5777 435154 1
7943 5855 435164 1
7982 5952 435174 1
8019 6071 435184 1
8054 6208 435194 1
8077 6357 435204 1
8093 6486 435214 1
8093 6564 435224 1
8074 6607 435234 1
8049 6628 435244 1
8008 6620 435254 1
7955 6592 435264 1
7895 6532 435274 1
7842 6446 435284 1
7791 6344 435294 1
7765 6256 435304 1
7754 6194 435314 1
7754 6150 435324 1
7778 6126 435334 1
7809 6107 435344 1
7852 6092 435354 1
7889 6061 435364 1
7922 5962 435374 1
7958 5818 435384 1
7995 5650 435394 1
8036 5475 435404 1
8080 5296 435414 1
8125 5045 435424 1
8165 4789 435434 1
8206 4529 435444 1
8251 4261 435454 1
8299 4042 435464 1
8342 3855 435474 1
8387 3757 435484 1
