141
3917 4263 264480 0
3936 4296 264490 1
3943 4310 264500 1
3943 4320 264510 1
3949 4326 264520 1
3949 4333 264530 1
3955 4341 264540 1
3955 4346 264550 1
3955 4346 264560 1
3955 4346 264570 1
3955 4346 264580 1
3955 4351 264590 1
3962 4351 264600 1
3973 4377 264610 1
4035 4421 264620 1
4130 4479 264630 1
4164 4568 264640 1
4271 4675 264650 1
4426 4795 264660 1
4593 4960 264670 1
4759 5117 264680 1
4923 5269 264690 1
5064 5441 264700 1
5206 5609 264710 1
5316 5767 264720 1
5403 5942 264730 1
5444 6129 264740 1
5450 6296 264750 1
5433 6432 264760 1
5399 6547 264770 1
5361 6592 264780 1
5319 6592 264790 1
5263 6572 264800 1
5196 6511 264810 1
5122 6403 264820 1
5061 6263 264830 1
5013 6085 264840 1
4974 5871 264850 1
4951 5633 264860 1
4929 5382 264870 1
4910 5127 264880 1
4878 4868 264890 1
4838 4610 264900 1
4766 4360 264910 1
4657 4096 264920 1
4523 3823 264930 1
4386 3592 264940 1
4242 3403 264950 1
4094 3241 264960 1
3958 3139 264970 1
3836 3104 264980 1
3724 3115 264990 1
3619 3167 265000 1
3574 3214 265010 1
3569 3259 265020 1
3616 3307 265030 1
3730 3369 265040 1
3888 3441 265050 1
4114 3493 265060 1
4405 3532 265070 1
4738 3562 265080 1
5044 3596 265090 1
5344 3631 265100 1
5639 3666 265110 1
5874 3698 265120 1
6055 3736 265130 1
6200 3778 265140 1
6333 3848 265150 1
7103 4422 265291 0
7245 4341 265301 1
7240 4332 265311 1
7233 4332 265321 1
7227 4348 265331 1
7209 4366 265341 1
7183 4416 265351 1
7144 4479 265361 1
7089 4551 265371 1
7024 4612 265381 1
6943 4634 265391 1
6837 4629 265401 1
6715 4561 265411 1
6603 4442 265421 1
6520 4288 265431 1
6455 4124 265441 1
6431 3959 265451 1
6446 3797 265461 1
6488 3681 265471 1
6561 3595 265481 1
6668 3566 265491 1
6797 3583 265501 1
6940 3631 265511 1
7084 3727 265521 1
7232 3861 265531 1
7353 4020 265541 1
7456 4148 265551 1
7512 4234 265561 1
7527 4293 265571 1
7515 4287 265581 1
7491 4235 265591 1
7433 4152 265601 1
7353 3992 265611 1
7279 3800 265621 1
7212 3587 265631 1
7205 3433 265641 1
7235 3328 265651 1
7307 3256 265661 1
7411 3236 265671 1
7537 3291 265681 1
7688 3396 265691 1
7860 3561 265701 1
8045 3756 265711 1
8216 3971 265721 1
8652 4399 265862 0
8635 4212 265872 1
8542 4106 265882 1
8471 4003 265892 1
8414 3848 265902 1
8394 3724 265912 1
8414 3622 265922 1
8460 3568 265932 1
8529 3548 265942 1
8634 3548 265952 1
8762 3605 265962 1
8926 3704 265972 1
9072 3833 265982 1
9207 3968 265992 1
9336 4095 266002 1
9397 4161 266012 1
9412 4191 266022 1
9382 4180 266032 1
9311 4110 266042 1
9212 4001 266052 1
9126 3839 266062 1
9081 3676 266072 1
9062 3561 266082 1
9111 3480 266092 1
9244 3465 266102 1
9432 3526 266112 1
9685 3637 266122 1
9958 3799 266132 1
10243 3949 266142 1
