162
2632 5149 507099 0
2610 5075 507109 1
2553 5089 507119 1
2522 5152 507129 1
2508 5152 507139 1
2508 5160 507149 1
2508 5160 507159 1
2558 5211 507169 1
2647 5286 507179 1
2787 5408 507189 1
2962 5539 507199 1
3159 5676 507209 1
3361 5812 507219 1
3555 5958 507229 1
3743 6112 507239 1
3853 6213 507249 1
3926 6290 507259 1
3974 6351 507269 1
3974 6390 507279 1
3954 6427 507289 1
3914 6463 507299 1
3859 6475 507309 1
3801 6453 507319 1
3742 6408 507329 1
3656 6327 507339 1
3575 6221 507349 1
3506 6098 507359 1
3456 5952 507369 1
3419 5806 507379 1
3400 5661 507389 1
3382 5514 507399 1
3357 5351 507409 1
3327 5178 507419 1
3296 5007 507429 1
3248 4839 507439 1
3189 4701 507449 1
3131 4583 507459 1
3072 4490 507469 1
3012 4416 507479 1
2952 4355 507489 1
2893 4337 507499 1
2839 4367 507509 1
2792 4429 507519 1
2752 4530 507529 1
2742 4628 507539 1
2751 4725 507549 1
2787 4793 507559 1
2845 4858 507569 1
2917 4897 507579 1
3009 4920 507589 1
3111 4910 507599 1
3219 4876 507609 1
3306 4825 507619 1
3394 4767 507629 1
3486 4716 507639 1
3579 4673 507649 1
3686 4648 507659 1
3807 4638 507669 1
4666 4957 507740 0
4897 5042 507750 1
4970 5075 507760 1
5024 5093 507770 1
5054 5108 507780 1
5065 5117 507790 1
5065 5117 507800 1
5047 5137 507810 1
5023 5163 507820 1
4993 5191 507830 1
4958 5218 507840 1
4923 5231 507850 1
4889 5231 507860 1
4841 5214 507870 1
4785 5162 507880 1
4708 5090 507890 1
4632 5000 507900 1
4557 4910 507910 1
4525 4832 507920 1
4520 4764 507930 1
4534 4723 507940 1
4584 4707 507950 1
4678 4707 507960 1
4801 4752 507970 1
4910 4820 507980 1
5004 4906 507990 1
5089 4978 508000 1
5155 5045 508010 1
5191 5109 508020 1
5207 5144 508030 1
5201 5163 508040 1
5192 5171 508050 1
5182 5171 508060 1
5172 5171 508070 1
5160 5140 508080 1
5144 5096 508090 1
5127 5033 508100 1
5119 4975 508110 1
5119 4920 508120 1
5131 4874 508130 1
5156 4832 508140 1
5193 4792 508150 1
5248 4770 508160 1
5314 4775 508170 1
5394 4798 508180 1
5477 4840 508190 1
5563 4889 508200 1
5648 4943 508210 1
5727 4985 508220 1
5804 5026 508230 1
5865 5061 508240 1
5915 5094 508250 1
5957 5121 508260 1
5986 5139 508270 1
5999 5147 508280 1
5999 5147 508290 1
5999 5147 508300 1
5999 5147 508310 1
5999 5147 508320 1
5999 5147 508330 1
5999 5147 508340 1
5999 5147 508350 1
5999 5147 508360 1
5999 5147 508370 1
5990 5142 508380 1
5984 5142 508390 1
5977 5134 508400 1
5969 5124 508410 1
5959 5109 508420 1
5949 5081 508430 1
5930 5044 508440 1
5911 4997 508450 1
5891 4949 508460 1
5878 4899 508470 1
5869 4846 508480 1
5869 4790 508490 1
5875 4735 508500 1
5891 4685 508510 1
5914 4641 508520 1
5945 4602 508530 1
5997 4576 508540 1
6062 4567 508550 1
6146 4567 508560 1
6253 4595 508570 1
6376 4637 508580 1
6481 4691 508590 1
6578 4750 508600 1
6670 4815 508610 1
6749 4883 508620 1
6814 4931 508630 1
6869 4964 508640 1
6896 4987 508650 1
6903 4987 508660 1
6896 4987 508670 1
6896 4980 508680 1
6888 4928 508690 1
6878 4846 508700 1
6878 4756 508710 1
6912 4695 508720 1
6964 4653 508730 1
7064 4653 508740 1
7248 4717 508750 1
7489 4833 508760 1
7774 5017 508770 1
