170
2534 5347 511625 0
2534 5347 511635 1
2534 5347 511645 1
2449 5404 511655 1
2435 5404 511665 1
2427 5404 511675 1
2427 5413 511685 1
2488 5434 511695 1
2584 5512 511705 1
2764 5624 511715 1
2964 5759 511725 1
3177 5907 511735 1
3386 6061 511745 1
3573 6220 511755 1
3746 6356 511765 1
3846 6465 511775 1
3893 6556 511785 1
3905 6598 511795 1
3876 6635 511805 1
3829 6662 511815 1
3769 6662 511825 1
3693 6648 511835 1
3610 6597 511845 1
3522 6502 511855 1
3448 6379 511865 1
3394 6234 511875 1
3354 6086 511885 1
3334 5926 511895 1
3317 5759 511905 1
3306 5620 511915 1
3295 5458 511925 1
3280 5281 511935 1
3241 5121 511945 1
3184 4959 511955 1
3118 4793 511965 1
3052 4660 511975 1
2986 4549 511985 1
2916 4455 511995 1
2847 4391 512005 1
2781 4346 512015 1
2718 4356 512025 1
2658 4411 512035 1
2606 4497 512045 1
2597 4601 512055 1
2614 4707 512065 1
2669 4815 512075 1
2745 4925 512085 1
2834 4992 512095 1
2935 5030 512105 1
3041 5030 512115 1
3154 5004 512125 1
3254 4966 512135 1
3345 4929 512145 1
3442 4893 512155 1
3538 4873 512165 1
3635 4863 512175 1
5132 5296 512316 0
5236 5272 512326 1
5236 5257 512336 1
5258 5238 512346 1
5258 5238 512356 1
5249 5245 512366 1
5236 5257 512376 1
5219 5288 512386 1
5202 5330 512396 1
5188 5379 512406 1
5171 5414 512416 1
5148 5429 512426 1
5122 5429 512436 1
5079 5409 512446 1
5017 5352 512456 1
4941 5273 512466 1
4871 5190 512476 1
4825 5108 512486 1
4794 5041 512496 1
4794 4985 512506 1
4804 4930 512516 1
4829 4891 512526 1
4872 4862 512536 1
4937 4870 512546 1
5017 4920 512556 1
5123 4999 512566 1
5229 5092 512576 1
5331 5184 512586 1
5397 5254 512596 1
5443 5311 512606 1
5454 5336 512616 1
5454 5343 512626 1
5448 5338 512636 1
5438 5330 512646 1
5425 5302 512656 1
5410 5260 512666 1
5401 5196 512676 1
5393 5129 512686 1
5393 5057 512696 1
5393 4983 512706 1
5414 4927 512716 1
5442 4883 512726 1
5488 4862 512736 1
5546 4876 512746 1
5629 4913 512756 1
5728 4973 512766 1
5837 5041 512776 1
5921 5114 512786 1
5997 5170 512796 1
6067 5221 512806 1
6120 5262 512816 1
6163 5297 512826 1
6199 5323 512836 1
6216 5339 512846 1
6216 5339 512856 1
6216 5339 512866 1
6216 5339 512876 1
6216 5339 512886 1
6216 5339 512896 1
6216 5339 512906 1
6216 5339 512916 1
6216 5339 512926 1
6216 5339 512936 1
6216 5339 512946 1
6216 5339 512956 1
6210 5339 512966 1
6210 5339 512976 1
6210 5339 512986 1
6210 5339 512996 1
6210 5339 513006 1
6210 5339 513016 1
6210 5339 513026 1
6205 5339 513036 1
6205 5339 513046 1
6205 5334 513056 1
6196 5329 513066 1
6187 5319 513076 1
6169 5287 513086 1
6143 5242 513096 1
6112 5187 513106 1
6087 5132 513116 1
6065 5078 513126 1
6054 5028 513136 1
6054 4980 513146 1
6062 4930 513156 1
6092 4893 513166 1
6136 4866 513176 1
6204 4866 513186 1
6288 4890 513196 1
6383 4933 513206 1
6473 4994 513216 1
6556 5060 513226 1
6634 5129 513236 1
6702 5183 513246 1
6745 5218 513256 1
6771 5241 513266 1
6780 5247 513276 1
6780 5247 513286 1
6780 5247 513296 1
6772 5247 513306 1
6765 5247 513316 1
6757 5241 513326 1
6741 5205 513336 1
6716 5149 513346 1
6686 5075 513356 1
6673 5000 513366 1
6680 4922 513376 1
6700 4850 513386 1
6743 4782 513396 1
6825 4729 513406 1
6934 4722 513416 1
7076 4745 513426 1
7301 4813 513436 1
7582 4957 513446 1
