132
3241 6651 2032001 0
3247 6691 2032011 1
3242 6698 2032021 1
3250 6690 2032031 1
3268 6671 2032041 1
3294 6637 2032051 1
3340 6587 2032061 1
3400 6526 2032071 1
3487 6469 2032081 1
3604 6440 2032091 1
3742 6431 2032101 1
3884 6473 2032111 1
4065 6575 2032121 1
4272 6716 2032131 1
4481 6888 2032141 1
4660 7048 2032151 1
4820 7201 2032161 1
4893 7277 2032171 1
4917 7305 2032181 1
4908 7305 2032191 1
4860 7264 2032201 1
4775 7181 2032211 1
4666 7068 2032221 1
4540 6875 2032231 1
4391 6617 2032241 1
4227 6317 2032251 1
4024 5951 2032261 1
3833 5614 2032271 1
3649 5296 2032281 1
3464 5059 2032291 1
3323 4863 2032301 1
3212 4694 2032311 1
3107 4568 2032321 1
3006 4478 2032331 1
2932 4412 2032341 1
2874 4390 2032351 1
2841 4427 2032361 1
2841 4504 2032371 1
2868 4650 2032381 1
2932 4833 2032391 1
3030 5042 2032401 1
3150 5168 2032411 1
3260 5216 2032421 1
3368 5216 2032431 1
3475 5166 2032441 1
3599 5114 2032451 1
3746 5054 2032461 1
3908 4999 2032471 1
4081 4987 2032481 1
4258 5000 2032491 1
4438 5026 2032501 1
5827 5372 2032843 0
5802 5394 2032853 1
5729 5427 2032863 1
5718 5459 2032873 1
5708 5488 2032883 1
5700 5536 2032893 1
5691 5595 2032903 1
5683 5655 2032913 1
5666 5710 2032923 1
5642 5733 2032933 1
5604 5738 2032943 1
5545 5691 2032953 1
5473 5574 2032963 1
5392 5410 2032973 1
5314 5214 2032983 1
5239 5036 2032993 1
5185 4870 2033003 1
5168 4732 2033013 1
5176 4670 2033023 1
5229 4660 2033033 1
5321 4687 2033043 1
5438 4760 2033053 1
5557 4863 2033063 1
5676 4980 2033073 1
5794 5094 2033083 1
5871 5206 2033093 1
5921 5299 2033103 1
5953 5354 2033113 1
5963 5384 2033123 1
5958 5379 2033133 1
5948 5333 2033143 1
5925 5259 2033153 1
5894 5145 2033163 1
5864 5018 2033173 1
5855 4882 2033183 1
5855 4789 2033193 1
5900 4745 2033203 1
5962 4734 2033213 1
6037 4761 2033223 1
6138 4831 2033233 1
6260 4931 2033243 1
6395 5029 2033253 1
6499 5123 2033263 1
6580 5182 2033273 1
6646 5219 2033283 1
6696 5310 2033293 1
6720 5343 2033303 1
6727 5337 2033313 1
6718 5315 2033323 1
6698 5257 2033333 1
6670 5174 2033343 1
6645 5087 2033353 1
6645 5031 2033363 1
6655 4995 2033373 1
6695 4995 2033383 1
6763 5025 2033393 1
6849 5081 2033403 1
6928 5154 2033413 1
7008 5232 2033423 1
7090 5313 2033433 1
7176 5394 2033443 1
7264 5473 2033453 1
7352 5530 2033463 1
7400 5573 2033473 1
7423 5578 2033483 1
7423 5547 2033493 1
7396 5492 2033503 1
7360 5395 2033513 1
7318 5292 2033523 1
7281 5184 2033533 1
7272 5109 2033543 1
7280 5059 2033553 1
7324 5027 2033563 1
7388 4986 2033573 1
7464 4927 2033583 1
7558 4855 2033593 1
7675 4784 2033603 1
7807 4756 2033613 1
7954 4756 2033623 1
8104 4864 2033633 1
8299 5034 2033643 1
