123
2971 6665 2038821 0
2991 6636 2038831 1
2979 6625 2038841 1
2969 6630 2038851 1
2982 6571 2038861 1
3010 6516 2038871 1
3077 6464 2038881 1
3197 6428 2038891 1
3351 6436 2038901 1
3531 6474 2038911 1
3716 6541 2038921 1
3862 6632 2038931 1
3980 6738 2038941 1
4095 6840 2038951 1
4192 6940 2038961 1
4278 7039 2038971 1
4321 7104 2038981 1
4336 7134 2038991 1
4331 7141 2039001 1
4306 7135 2039011 1
4247 7095 2039021 1
4165 7032 2039031 1
4059 6887 2039041 1
3949 6678 2039051 1
3837 6427 2039061 1
3700 6084 2039071 1
3552 5707 2039081 1
3396 5308 2039091 1
3257 4957 2039101 1
3123 4664 2039111 1
2998 4411 2039121 1
2893 4184 2039131 1
2800 4036 2039141 1
2727 3940 2039151 1
2656 3885 2039161 1
2617 3870 2039171 1
2598 3883 2039181 1
2598 3910 2039191 1
2619 3971 2039201 1
2657 4054 2039211 1
2706 4166 2039221 1
2784 4329 2039231 1
2881 4526 2039241 1
2997 4677 2039251 1
3114 4805 2039261 1
3230 4919 2039271 1
3326 4946 2039281 1
5184 5153 2039582 0
5184 5153 2039592 1
5152 5168 2039602 1
5100 5168 2039612 1
5100 5198 2039622 1
5092 5256 2039632 1
5085 5291 2039642 1
5085 5335 2039652 1
5085 5386 2039662 1
5076 5440 2039672 1
5061 5487 2039682 1
5029 5496 2039692 1
4984 5482 2039702 1
4930 5392 2039712 1
4865 5261 2039722 1
4803 5102 2039732 1
4744 4962 2039742 1
4713 4839 2039752 1
4701 4728 2039762 1
4726 4682 2039772 1
4778 4670 2039782 1
4848 4680 2039792 1
4936 4726 2039802 1
5043 4803 2039812 1
5163 4901 2039822 1
5277 4992 2039832 1
5354 5078 2039842 1
5406 5133 2039852 1
5427 5170 2039862 1
5427 5170 2039872 1
5416 5140 2039882 1
5398 5090 2039892 1
5382 5005 2039902 1
5366 4914 2039912 1
5379 4832 2039922 1
5421 4758 2039932 1
5481 4731 2039942 1
5569 4755 2039952 1
5683 4812 2039962 1
5815 4898 2039972 1
5931 4980 2039982 1
6038 5053 2039992 1
6140 5117 2040002 1
6235 5174 2040012 1
6312 5228 2040022 1
6378 5279 2040032 1
6415 5328 2040042 1
6427 5339 2040052 1
6422 5318 2040062 1
6410 5275 2040072 1
6394 5186 2040082 1
6374 5085 2040092 1
6360 4977 2040102 1
6372 4908 2040112 1
6402 4882 2040122 1
6455 4882 2040132 1
6532 4926 2040142 1
6624 4983 2040152 1
6732 5051 2040162 1
6836 5111 2040172 1
6937 5167 2040182 1
7001 5220 2040192 1
7043 5273 2040202 1
7069 5321 2040212 1
7085 5343 2040222 1
7091 5348 2040232 1
7091 5314 2040242 1
7091 5211 2040252 1
7101 5061 2040262 1
7108 4909 2040272 1
7144 4796 2040282 1
7220 4710 2040292 1
7322 4693 2040302 1
7465 4731 2040312 1
7650 4805 2040322 1
7862 4913 2040332 1
