158
2377 5264 545133 0
2377 5264 545143 1
2282 5189 545153 1
2246 5176 545163 1
2223 5166 545173 1
2215 5166 545183 1
2215 5166 545193 1
2215 5166 545203 1
2224 5184 545213 1
2300 5213 545223 1
2419 5301 545233 1
2620 5450 545243 1
2870 5639 545253 1
3153 5841 545263 1
3454 6055 545273 1
3731 6276 545283 1
3992 6447 545293 1
4152 6573 545303 1
4224 6668 545313 1
4236 6730 545323 1
4201 6772 545333 1
4142 6801 545343 1
4066 6801 545353 1
3964 6762 545363 1
3846 6696 545373 1
3718 6575 545383 1
3567 6409 545393 1
3452 6212 545403 1
3360 6005 545413 1
3301 5788 545423 1
3246 5564 545433 1
3197 5335 545443 1
3150 5115 545453 1
3086 4900 545463 1
3009 4691 545473 1
2924 4499 545483 1
2847 4318 545493 1
2776 4167 545503 1
2708 4055 545513 1
2641 3970 545523 1
2578 3927 545533 1
2519 3932 545543 1
2460 3969 545553 1
2397 4073 545563 1
2358 4221 545573 1
2370 4398 545583 1
2417 4541 545593 1
2511 4642 545603 1
2625 4715 545613 1
2752 4748 545623 1
2850 4748 545633 1
2944 4736 545643 1
3036 4707 545653 1
3128 4675 545663 1
3210 4642 545673 1
3285 4613 545683 1
3367 4586 545693 1
3457 4560 545703 1
3553 4549 545713 1
4913 4844 545904 0
4913 4844 545914 1
4913 4844 545924 1
4913 4844 545934 1
4913 4844 545944 1
4951 4916 545954 1
4968 4942 545964 1
4982 4977 545974 1
4994 5017 545984 1
4994 5054 545994 1
4988 5087 546004 1
4972 5110 546014 1
4937 5127 546024 1
4883 5113 546034 1
4816 5080 546044 1
4708 4994 546054 1
4585 4882 546064 1
4453 4752 546074 1
4388 4678 546084 1
4362 4619 546094 1
4362 4569 546104 1
4398 4533 546114 1
4485 4533 546124 1
4605 4556 546134 1
4774 4634 546144 1
4916 4724 546154 1
5040 4821 546164 1
5146 4928 546174 1
5216 5019 546184 1
5262 5052 546194 1
5256 5052 546204 1
5247 5052 546214 1
5236 5047 546224 1
5213 5006 546234 1
5180 4943 546244 1
5140 4843 546254 1
5114 4743 546264 1
5114 4679 546274 1
5133 4639 546284 1
5173 4610 546294 1
5237 4602 546304 1
5316 4607 546314 1
5406 4637 546324 1
5496 4673 546334 1
5578 4712 546344 1
5654 4755 546354 1
5718 4798 546364 1
5767 4840 546374 1
5807 4872 546384 1
5837 4890 546394 1
5851 4900 546404 1
5851 4900 546414 1
5851 4900 546424 1
5851 4900 546434 1
5851 4900 546444 1
5851 4900 546454 1
5851 4900 546464 1
5851 4900 546474 1
5851 4900 546484 1
5851 4900 546494 1
5851 4900 546504 1
5851 4900 546514 1
5851 4900 546524 1
5851 4900 546534 1
5851 4895 546544 1
5844 4895 546554 1
5836 4865 546564 1
5809 4820 546574 1
5773 4750 546584 1
5731 4679 546594 1
5704 4613 546604 1
5683 4551 546614 1
5683 4504 546624 1
5702 4468 546634 1
5739 4439 546644 1
5815 4433 546654 1
5917 4453 546664 1
6039 4490 546674 1
6160 4547 546684 1
6280 4607 546694 1
6389 4668 546704 1
6474 4724 546714 1
6544 4778 546724 1
6579 4810 546734 1
6588 4829 546744 1
6580 4829 546754 1
6580 4829 546764 1
6565 4829 546774 1
6544 4783 546784 1
6508 4716 546794 1
6474 4632 546804 1
6474 4544 546814 1
6492 4460 546824 1
6540 4380 546834 1
6640 4359 546844 1
6774 4392 546854 1
6986 4462 546864 1
7263 4596 546874 1
7583 4719 546884 1
