136
2948 5497 460221 0
2869 5517 460231 1
2845 5523 460241 1
2845 5523 460251 1
2845 5516 460261 1
2838 5511 460271 1
2838 5511 460281 1
2830 5522 460291 1
2861 5564 460301 1
2995 5648 460311 1
3197 5760 460321 1
3426 5895 460331 1
3674 6059 460341 1
3934 6242 460351 1
4176 6414 460361 1
4373 6586 460371 1
4540 6711 460381 1
4652 6806 460391 1
4705 6884 460401 1
4718 6939 460411 1
4684 6978 460421 1
4625 6994 460431 1
4548 6970 460441 1
4444 6919 460451 1
4328 6821 460461 1
4204 6692 460471 1
4077 6542 460481 1
3996 6353 460491 1
3946 6178 460501 1
3930 6012 460511 1
3916 5822 460521 1
3892 5648 460531 1
3861 5486 460541 1
3809 5288 460551 1
3738 5102 460561 1
3654 4925 460571 1
3548 4727 460581 1
3432 4563 460591 1
3308 4423 460601 1
3181 4278 460611 1
3060 4202 460621 1
2942 4171 460631 1
2852 4201 460641 1
2804 4281 460651 1
2785 4395 460661 1
2813 4504 460671 1
2884 4591 460681 1
2984 4663 460691 1
3108 4696 460701 1
3236 4696 460711 1
3365 4677 460721 1
3492 4656 460731 1
3627 4632 460741 1
3767 4602 460751 1
3880 4553 460761 1
5577 4841 460942 0
5577 4841 460952 1
5577 4841 460962 1
5577 4841 460972 1
5577 4841 460982 1
5544 4939 460992 1
5544 4982 461002 1
5520 5020 461012 1
5491 5049 461022 1
5443 5058 461032 1
5370 5058 461042 1
5280 5015 461052 1
5156 4929 461062 1
5043 4811 461072 1
4936 4698 461082 1
4876 4609 461092 1
4861 4536 461102 1
4875 4490 461112 1
4933 4471 461122 1
5037 4471 461132 1
5172 4525 461142 1
5331 4600 461152 1
5462 4688 461162 1
5573 4766 461172 1
5649 4841 461182 1
5684 4908 461192 1
5692 4939 461202 1
5683 4949 461212 1
5674 4949 461222 1
5657 4949 461232 1
5635 4900 461242 1
5612 4829 461252 1
5596 4750 461262 1
5607 4691 461272 1
5633 4646 461282 1
5686 4613 461292 1
5758 4600 461302 1
5842 4600 461312 1
5934 4625 461322 1
6026 4658 461332 1
6119 4696 461342 1
6204 4740 461352 1
6283 4783 461362 1
6340 4826 461372 1
6379 4867 461382 1
6407 4901 461392 1
6421 4915 461402 1
6421 4915 461412 1
6421 4915 461422 1
6421 4915 461432 1
6410 4915 461442 1
6393 4897 461452 1
6365 4850 461462 1
6339 4782 461472 1
6316 4714 461482 1
6297 4648 461492 1
6297 4584 461502 1
6306 4527 461512 1
6323 4480 461522 1
6344 4440 461532 1
6388 4417 461542 1
6445 4417 461552 1
6526 4431 461562 1
6627 4476 461572 1
6741 4534 461582 1
6856 4601 461592 1
6949 4670 461602 1
7026 4737 461612 1
7079 4784 461622 1
7104 4818 461632 1
7111 4831 461642 1
7111 4831 461652 1
7111 4822 461662 1
7100 4783 461672 1
7088 4711 461682 1
7088 4616 461692 1
7131 4542 461702 1
7197 4506 461712 1
7332 4496 461722 1
7541 4571 461732 1
7798 4714 461742 1
