104
2836 5559 1979576 0
2845 5504 1979586 1
2835 5497 1979596 1
2856 5466 1979606 1
2882 5451 1979616 1
2929 5451 1979626 1
2989 5477 1979636 1
3084 5543 1979646 1
3194 5634 1979656 1
3313 5743 1979666 1
3422 5878 1979676 1
3518 6031 1979686 1
3606 6148 1979696 1
3672 6240 1979706 1
3705 6316 1979716 1
3715 6355 1979726 1
3706 6366 1979736 1
3676 6359 1979746 1
3632 6291 1979756 1
3570 6149 1979766 1
3499 5959 1979776 1
3422 5706 1979786 1
3344 5461 1979796 1
3257 5221 1979806 1
3164 5007 1979816 1
3058 4835 1979826 1
2957 4691 1979836 1
2867 4595 1979846 1
2784 4553 1979856 1
2708 4548 1979866 1
2637 4574 1979876 1
2571 4620 1979886 1
2535 4680 1979896 1
2517 4760 1979906 1
2553 4843 1979916 1
2632 4929 1979926 1
2739 5004 1979936 1
2874 5078 1979946 1
3026 5151 1979956 1
3189 5202 1979966 1
3328 5237 1979976 1
3442 5254 1979986 1
3540 5265 1979996 1
4003 5102 1980267 0
4032 5118 1980277 1
4032 5142 1980287 1
4032 5168 1980297 1
4032 5204 1980307 1
4016 5246 1980317 1
3996 5283 1980327 1
3971 5316 1980337 1
3939 5329 1980347 1
3902 5329 1980357 1
3861 5310 1980367 1
3821 5283 1980377 1
3783 5214 1980387 1
3745 5118 1980397 1
3705 5005 1980407 1
3696 4878 1980417 1
3707 4743 1980427 1
3746 4655 1980437 1
3790 4609 1980447 1
3862 4591 1980457 1
3950 4625 1980467 1
4063 4720 1980477 1
4176 4855 1980487 1
4263 4995 1980497 1
4331 5092 1980507 1
4360 5161 1980517 1
4365 5186 1980527 1
4354 5186 1980537 1
4334 5173 1980547 1
4304 5117 1980557 1
4268 5030 1980567 1
4253 4922 1980577 1
4265 4864 1980587 1
4296 4824 1980597 1
4348 4795 1980607 1
4426 4800 1980617 1
5402 5433 1980868 0
5368 5442 1980878 1
5319 5442 1980888 1
5271 5416 1980898 1
5222 5362 1980908 1
5171 5290 1980918 1
5118 5188 1980928 1
5092 5085 1980938 1
5087 4983 1980948 1
5096 4912 1980958 1
5128 4861 1980968 1
5166 4848 1980978 1
5231 4860 1980988 1
5313 4888 1980998 1
5401 4965 1981008 1
5476 5036 1981018 1
5542 5102 1981028 1
5581 5121 1981038 1
5609 5095 1981048 1
5630 5039 1981058 1
5641 4929 1981068 1
5655 4852 1981078 1
5705 4797 1981088 1
5777 4797 1981098 1
5911 4884 1981108 1
