139
3536 4037 244191 0
3417 4045 244201 1
3345 4053 244211 1
3308 4058 244221 1
3291 4058 244231 1
3291 4058 244241 1
3318 4058 244251 1
3358 4050 244261 1
3442 4070 244271 1
3587 4106 244281 1
3773 4177 244291 1
3979 4290 244301 1
4221 4431 244311 1
4488 4609 244321 1
4762 4821 244331 1
4967 5055 244341 1
5127 5251 244351 1
5257 5447 244361 1
5325 5605 244371 1
5352 5738 244381 1
5345 5839 244391 1
5314 5894 244401 1
5266 5918 244411 1
5192 5880 244421 1
5108 5802 244431 1
5016 5698 244441 1
4948 5575 244451 1
4900 5398 244461 1
4865 5184 244471 1
4836 4924 244481 1
4809 4639 244491 1
4766 4338 244501 1
4711 4073 244511 1
4619 3832 244521 1
4525 3606 244531 1
4429 3415 244541 1
4327 3239 244551 1
4212 3074 244561 1
4089 2953 244571 1
3957 2874 244581 1
3828 2823 244591 1
3690 2852 244601 1
3546 2946 244611 1
3459 3083 244621 1
3419 3221 244631 1
3411 3338 244641 1
3433 3413 244651 1
3487 3468 244661 1
3561 3533 244671 1
3693 3554 244681 1
3828 3547 244691 1
4002 3455 244701 1
4201 3314 244711 1
4377 3140 244721 1
4525 3040 244731 1
4654 2971 244741 1
4762 2923 244751 1
4847 2900 244761 1
4917 2913 244771 1
5005 2951 244781 1
5100 3045 244791 1
5207 3184 244801 1
5320 3353 244811 1
5437 3506 244821 1
6280 3802 245032 0
6314 3834 245042 1
6306 3875 245052 1
6286 3918 245062 1
6286 3963 245072 1
6277 4024 245082 1
6269 4096 245092 1
6241 4166 245102 1
6199 4204 245112 1
6147 4222 245122 1
6095 4195 245132 1
6035 4111 245142 1
5969 3990 245152 1
5902 3806 245162 1
5857 3619 245172 1
5826 3470 245182 1
5845 3347 245192 1
5891 3260 245202 1
5955 3225 245212 1
6041 3225 245222 1
6154 3272 245232 1
6285 3373 245242 1
6421 3511 245252 1
6530 3668 245262 1
6622 3824 245272 1
6671 3979 245282 1
6680 4062 245292 1
6662 4074 245302 1
6620 4038 245312 1
6559 3951 245322 1
6485 3816 245332 1
6425 3650 245342 1
6395 3484 245352 1
6384 3356 245362 1
6433 3254 245372 1
6526 3185 245382 1
6647 3133 245392 1
6791 3093 245402 1
7458 3905 245472 0
7572 4143 245482 1
7567 4212 245492 1
7554 4212 245502 1
7522 4163 245512 1
7476 4078 245522 1
7418 3933 245532 1
7360 3760 245542 1
7330 3568 245552 1
7319 3459 245562 1
7387 3387 245572 1
7481 3339 245582 1
7591 3333 245592 1
7710 3378 245602 1
7852 3457 245612 1
8009 3577 245622 1
8138 3708 245632 1
8225 3847 245642 1
8285 3937 245652 1
8292 3951 245662 1
8264 3914 245672 1
8213 3814 245682 1
8155 3691 245692 1
8100 3553 245702 1
8080 3433 245712 1
8080 3369 245722 1
8174 3343 245732 1
8323 3330 245742 1
8511 3371 245752 1
8689 3449 245762 1
8881 3560 245772 1
9040 3669 245782 1
9173 3774 245792 1
9254 3880 245802 1
9288 3987 245812 1
9288 4018 245822 1
9272 4003 245832 1
