388
2788 5234 58431850 0
2735 5175 58431860 1
2702 5226 58431870 1
2663 5243 58431880 1
2663 5249 58431890 1
2663 5249 58431900 1
2663 5249 58431910 1
2674 5249 58431920 1
2693 5249 58431930 1
2734 5249 58431940 1
2787 5261 58431950 1
2870 5274 58431960 1
2954 5293 58431970 1
3039 5317 58431980 1
3158 5351 58431990 1
3291 5396 58432000 1
3434 5448 58432010 1
3588 5504 58432020 1
3739 5559 58432030 1
3887 5611 58432040 1
3999 5657 58432050 1
4075 5688 58432060 1
4126 5709 58432070 1
4147 5716 58432080 1
4147 5716 58432090 1
4142 5724 58432100 1
4119 5733 58432110 1
3517 6208 58432210 0
3529 6294 58432220 1
3529 6340 58432230 1
3529 6356 58432240 1
3547 6350 58432250 1
3563 6331 58432260 1
3580 6281 58432270 1
3591 6210 58432280 1
3600 6103 58432290 1
3613 5959 58432300 1
3629 5790 58432310 1
3652 5643 58432320 1
3675 5458 58432330 1
3691 5249 58432340 1
3702 4993 58432350 1
3711 4727 58432360 1
3711 4454 58432370 1
3716 4187 58432380 1
3709 3917 58432390 1
3698 3646 58432400 1
3683 3423 58432410 1
3670 3226 58432420 1
3658 3046 58432430 1
3646 2948 58432440 1
3640 2887 58432450 1
3635 2852 58432460 1
3635 2846 58432470 1
3635 2858 58432480 1
3628 2881 58432490 1
3620 2970 58432500 1
3666 4763 58432591 0
3728 4953 58432601 1
3728 4985 58432611 1
3718 5011 58432621 1
3713 5006 58432631 1
3693 4980 58432641 1
3663 4903 58432651 1
3616 4812 58432661 1
3564 4713 58432671 1
3509 4625 58432681 1
3472 4537 58432691 1
3415 4448 58432701 1
3345 4372 58432711 1
3304 4304 58432721 1
3278 4252 58432731 1
3262 4225 58432741 1
3262 4216 58432751 1
3262 4216 58432761 1
3601 4899 58432851 0
3774 4936 58432861 1
3833 4957 58432871 1
3881 4917 58432881 1
3957 4834 58432891 1
4049 4721 58432901 1
4152 4630 58432911 1
4252 4553 58432921 1
4328 4506 58432931 1
4387 4473 58432941 1
4423 4450 58432951 1
4449 4439 58432961 1
4469 4439 58432971 1
4496 4451 58432981 1
4799 5559 58433142 0
4753 5537 58433152 1
4726 5582 58433162 1
4710 5600 58433172 1
4698 5600 58433182 1
4693 5605 58433192 1
4693 5612 58433202 1
4693 5619 58433212 1
4714 5640 58433222 1
4747 5669 58433232 1
4799 5697 58433242 1
4856 5731 58433252 1
4929 5770 58433262 1
5010 5805 58433272 1
5090 5840 58433282 1
5168 5859 58433292 1
5235 5868 58433302 1
5296 5868 58433312 1
5348 5862 58433322 1
5387 5847 58433332 1
5418 5822 58433342 1
5434 5791 58433352 1
5421 5738 58433362 1
5388 5670 58433372 1
5314 5563 58433382 1
5216 5427 58433392 1
5103 5273 58433402 1
4998 5146 58433412 1
4896 5041 58433422 1
4801 4952 58433432 1
4712 4878 58433442 1
4643 4813 58433452 1
4587 4755 58433462 1
4561 4726 58433472 1
4553 4713 58433482 1
4553 4713 58433492 1
4574 4713 58433502 1
4624 4726 58433512 1
4695 4753 58433522 1
4808 4814 58433532 1
4921 4875 58433542 1
5057 4936 58433552 1
5209 4974 58433562 1
5382 4991 58433572 1
5559 4991 58433582 1
5738 4983 58433592 1
5918 4969 58433602 1
6055 4926 58433612 1
6164 4866 58433622 1
6258 4750 58433632 1
6326 4631 58433642 1
6376 4487 58433652 1
6381 4328 58433662 1
6343 4171 58433672 1
6277 4043 58433682 1
6168 3935 58433692 1
6029 3806 58433702 1
5871 3695 58433712 1
5702 3596 58433722 1
5566 3543 58433732 1
5451 3506 58433743 1
5345 3481 58433753 1
5241 3481 58433763 1
5161 3517 58433773 1
5395 4846 58433883 0
5475 4767 58433893 1
5475 4741 58433903 1
5437 4687 58433913 1
5405 4572 58433923 1
5336 4417 58433933 1
5242 4340 58433943 1
5180 4262 58433953 1
5115 4205 58433963 1
5048 4163 58433973 1
4980 4130 58433983 1
4929 4111 58433993 1
4899 4101 58434003 1
4882 4106 58434013 1
5277 4523 58434073 0
5474 4613 58434083 1
5542 4630 58434093 1
5604 4609 58434103 1
5639 4562 58434113 1
5657 4488 58434123 1
5640 4383 58434133 1
5587 4257 58434143 1
5509 4135 58434153 1
5403 4011 58434163 1
5282 3902 58434173 1
5152 3804 58434183 1
5064 3736 58434193 1
5013 3699 58434203 1
4987 3683 58434213 1
7285 5359 58434564 0
7271 5444 58434574 1
7271 5461 58434584 1
7271 5461 58434594 1
7304 5487 58434604 1
7341 5505 58434614 1
7389 5526 58434624 1
7440 5549 58434634 1
7500 5573 58434644 1
7571 5603 58434654 1
7649 5631 58434664 1
7721 5653 58434674 1
7787 5666 58434684 1
7836 5666 58434694 1
7879 5666 58434704 1
7918 5657 58434714 1
7951 5643 58434724 1
7971 5623 58434734 1
7982 5596 58434744 1
7982 5561 58434754 1
7956 5496 58434764 1
7915 5411 58434774 1
7841 5300 58434784 1
7756 5189 58434794 1
7664 5081 58434804 1
7560 4975 58434814 1
7457 4874 58434824 1
7357 4781 58434834 1
7262 4694 58434844 1
7197 4624 58434854 1
7152 4573 58434864 1
7124 4534 58434874 1
7118 4519 58434884 1
7126 4510 58434894 1
7152 4504 58434904 1
7219 4512 58434914 1
7312 4540 58434924 1
7454 4581 58434934 1
7613 4614 58434944 1
7784 4622 58434954 1
7970 4614 58434964 1
8122 4579 58434974 1
8251 4527 58434984 1
8365 4464 58434994 1
8438 4382 58435004 1
8484 4285 58435014 1
8484 4179 58435024 1
8425 4067 58435034 1
8336 3954 58435044 1
8206 3841 58435054 1
8061 3751 58435064 1
7905 3673 58435074 1
7750 3624 58435084 1
7631 3602 58435094 1
7537 3602 58435104 1
7472 3614 58435105 1
7449 3660 58435115 1
7454 3727 58435125 1
8469 5745 58435415 0
8502 5756 58435425 1
8481 5771 58435435 1
8486 5758 58435445 1
8492 5696 58435455 1
8499 5602 58435465 1
8499 5538 58435475 1
8511 5470 58435485 1
8519 5423 58435495 1
8526 5392 58435505 1
8531 5368 58435515 1
8537 5354 58435525 1
8545 5347 58435535 1
8557 5341 58435545 1
8574 5335 58435555 1
8618 5631 58435645 0
8624 5665 58435655 1
8624 5693 58435665 1
8624 5728 58435675 1
8634 5746 58435685 1
8665 5767 58435695 1
8711 5790 58435705 1
8770 5813 58435715 1
8832 5836 58435725 1
8903 5859 58435735 1
8980 5880 58435745 1
9058 5900 58435755 1
9135 5915 58435765 1
9217 5925 58435775 1
9300 5925 58435785 1
9383 5919 58435795 1
9456 5906 58435805 1
9523 5890 58435815 1
9570 5870 58435825 1
9602 5848 58435835 1
9625 5821 58435845 1
9637 5785 58435855 1
9630 5730 58435865 1
9611 5663 58435876 1
9560 5594 58435886 1
9487 5536 58435896 1
9400 5486 58435906 1
9290 5436 58435916 1
9168 5385 58435926 1
9038 5334 58435936 1
8917 5303 58435946 1
8842 5285 58435956 1
8797 5285 58435966 1
8797 5285 58435976 1
8792 5285 58435986 1
8828 5307 58435996 1
8887 5343 58436006 1
8980 5390 58436016 1
9068 5430 58436026 1
8682 4892 58436156 0
8585 4777 58436166 1
8538 4754 58436176 1
8484 4754 58436186 1
8461 4699 58436196 1
8461 4640 58436206 1
8480 4568 58436216 1
8503 4490 58436226 1
8524 4447 58436236 1
8543 4389 58436246 1
8560 4322 58436256 1
8577 4275 58436266 1
8594 4248 58436276 1
8607 4234 58436286 1
8617 4227 58436296 1
8624 4233 58436306 1
8631 4249 58436316 1
8621 4400 58436366 0
8650 4515 58436376 1
8679 4572 58436386 1
8729 4623 58436396 1
8791 4664 58436406 1
8876 4702 58436416 1
8976 4739 58436426 1
9087 4782 58436436 1
9195 4828 58436446 1
9301 4852 58436456 1
9402 4859 58436466 1
9500 4854 58436476 1
9586 4836 58436486 1
9658 4815 58436496 1
9721 4787 58436506 1
9757 4758 58436516 1
9772 4726 58436526 1
9772 4691 58436536 1
9738 4637 58436546 1
9661 4570 58436556 1
9556 4496 58436566 1
9433 4419 58436576 1
9308 4339 58436586 1
9181 4275 58436596 1
9090 4223 58436606 1
9028 4201 58436616 1
8986 4196 58436626 1
8967 4203 58436636 1
8978 4235 58436646 1
9008 4299 58436656 1
9054 4385 58436666 1
9187 4735 58436707 0
9253 4936 58436717 1
9272 4971 58436727 1
9281 4971 58436737 1
9289 4946 58436747 1
9297 4909 58436757 1
9292 4820 58436767 1
9280 4700 58436777 1
9258 4560 58436787 1
9237 4412 58436797 1
9215 4261 58436807 1
9189 4128 58436817 1
9160 4007 58436827 1
9135 3903 58436837 1
9129 3830 58436847 1
9136 3777 58436857 1
9159 3750 58436867 1
9186 3750 58436877 1
9220 3758 58436887 1
9279 3791 58436897 1
9355 3838 58436907 1
9469 3894 58436917 1
9595 3945 58436927 1
9729 3973 58436937 1
9856 3987 58436947 1
9983 3987 58436957 1
10074 3987 58436967 1
10139 3979 58436977 1
10178 3979 58436987 1
10193 3979 58436997 1
10193 3979 58437007 1
10183 3987 58437017 1
10175 3999 58437027 1
10204 4206 58437077 0
10273 4238 58437087 1
10309 4230 58437097 1
10351 4199 58437107 1
10398 4152 58437117 1
10446 4078 58437127 1
10480 3998 58437137 1
10504 3865 58437147 1
10486 3698 58437157 1
10441 3546 58437167 1
10379 3416 58437177 1
10308 3300 58437187 1
10223 3212 58437197 1
