295
2003 5097 40406788 0
1972 5048 40406798 1
1981 5097 40406808 1
2002 5122 40406818 1
2139 5132 40406828 1
2321 5192 40406838 1
2533 5299 40406848 1
2787 5437 40406858 1
3043 5576 40406868 1
3305 5698 40406878 1
3571 5808 40406888 1
3735 5917 40406898 1
3800 6004 40406908 1
3800 6076 40406918 1
3742 6149 40406928 1
3639 6217 40406938 1
3505 6275 40406948 1
3365 6324 40406958 1
3227 6364 40406968 1
3091 6380 40406978 1
3003 6380 40406988 1
2946 6346 40406998 1
2909 6257 40407008 1
2876 6133 40407018 1
2868 5926 40407028 1
2877 5651 40407038 1
2908 5330 40407048 1
2941 4965 40407058 1
2987 4595 40407068 1
3041 4251 40407078 1
3092 3926 40407088 1
3133 3674 40407098 1
3166 3512 40407108 1
3220 3409 40407118 1
3220 3330 40407128 1
3187 3296 40407138 1
3187 3296 40407148 1
3170 3324 40407158 1
3087 5151 40407239 0
3110 5117 40407249 1
3053 5101 40407259 1
2968 4998 40407269 1
2883 4809 40407279 1
2776 4564 40407289 1
2654 4355 40407299 1
2484 4172 40407309 1
2353 4006 40407319 1
2249 3920 40407329 1
2231 3891 40407339 1
2248 3900 40407349 1
2287 3909 40407359 1
2372 3961 40407369 1
2486 4043 40407379 1
2619 4131 40407389 1
2767 4214 40407399 1
2906 4284 40407409 1
3040 4332 40407419 1
3180 4365 40407429 1
3302 4375 40407439 1
3412 4366 40407449 1
3510 4344 40407459 1
3585 4312 40407469 1
3644 4280 40407479 1
3674 4260 40407489 1
3680 4249 40407499 1
3593 5746 40407599 0
3740 5883 40407609 1
3749 5975 40407619 1
3709 6031 40407629 1
3759 6031 40407639 1
3852 5999 40407649 1
3974 5971 40407659 1
4079 5916 40407669 1
4160 5842 40407679 1
4225 5748 40407689 1
4240 5648 40407699 1
4199 5495 40407709 1
4120 5309 40407719 1
3988 5214 40407729 1
3832 5074 40407739 1
3659 4904 40407749 1
3491 4753 40407759 1
3380 4662 40407769 1
3308 4611 40407779 1
3290 4589 40407789 1
3307 4571 40407799 1
3347 4555 40407809 1
3467 4562 40407819 1
3673 4606 40407829 1
3935 4675 40407839 1
4230 4738 40407849 1
4527 4768 40407859 1
4778 4775 40407869 1
4997 4744 40407879 1
5121 4677 40407889 1
5174 4586 40407899 1
5179 4463 40407909 1
5118 4300 40407919 1
5013 4110 40407929 1
4878 3939 40407939 1
4735 3797 40407949 1
4594 3675 40407959 1
4494 3616 40407969 1
4420 3598 40407979 1
4358 3608 40407989 1
4295 3656 40407999 1
4153 4644 40408070 0
4153 4624 40408080 1
4095 4629 40408090 1
4051 4606 40408100 1
4016 4495 40408110 1
3964 4336 40408120 1
3903 4192 40408130 1
3837 4074 40408140 1
3792 3973 40408150 1
3771 3908 40408160 1
3771 3876 40408170 1
3782 3867 40408180 1
4295 4531 40408250 0
4421 4502 40408260 1
4394 4492 40408270 1
4367 4402 40408280 1
4313 4256 40408290 1
4242 4102 40408300 1
4142 3922 40408310 1
4043 3724 40408320 1
3944 3534 40408330 1
7500 5687 40408851 0
7467 5558 40408861 1
7437 5558 40408871 1
7437 5615 40408881 1
7456 5620 40408891 1
7550 5644 40408901 1
7680 5680 40408911 1
7834 5727 40408921 1
8014 5770 40408931 1
8161 5777 40408941 1
8287 5761 40408951 1
8334 5710 40408961 1
8297 5612 40408971 1
8205 5483 40408981 1
8051 5372 40408991 1
7873 5239 40409001 1
7679 5092 40409011 1
7530 4987 40409021 1
7438 4912 40409031 1
7384 4856 40409041 1
7384 4819 40409051 1
7433 4779 40409061 1
7515 4751 40409071 1
7651 4731 40409081 1
7829 4710 40409091 1
8034 4685 40409101 1
8227 4624 40409111 1
8423 4540 40409121 1
8540 4389 40409131 1
8604 4205 40409141 1
8583 3999 40409151 1
8482 3801 40409161 1
8327 3650 40409171 1
8173 3530 40409181 1
8042 3468 40409191 1
7927 3447 40409201 1
7832 3454 40409211 1
7778 3505 40409221 1
7750 3610 40409231 1
7777 3752 40409241 1
8540 5741 40409322 0
8737 5771 40409332 1
8742 5858 40409342 1
8709 5847 40409352 1
8728 5770 40409362 1
8748 5644 40409372 1
8767 5498 40409382 1
8772 5338 40409392 1
8772 5205 40409402 1
8777 5094 40409412 1
8783 5039 40409422 1
8783 5016 40409432 1
8776 5023 40409442 1
8757 5072 40409452 1
8757 5149 40409462 1
8765 5283 40409472 1
8796 5444 40409482 1
8852 5624 40409492 1
8925 5781 40409502 1
8997 5899 40409512 1
9057 5990 40409522 1
9108 6017 40409532 1
9191 6023 40409542 1
9280 6015 40409542 1
9356 5971 40409552 1
9422 5887 40409562 1
9422 5776 40409572 1
9345 5664 40409582 1
9207 5524 40409592 1
9033 5365 40409602 1
8868 5225 40409612 1
8709 5140 40409622 1
8642 5093 40409632 1
8620 5079 40409642 1
8629 5071 40409652 1
8656 5071 40409662 1
8734 5071 40409672 1
8847 5093 40409682 1
9012 5123 40409692 1
9157 5145 40409702 1
9288 5145 40409712 1
8629 4931 40409792 0
8514 4936 40409802 1
8496 4931 40409812 1
8485 4922 40409822 1
8485 4907 40409832 1
8498 4848 40409842 1
8520 4762 40409852 1
8544 4666 40409862 1
8567 4571 40409872 1
8588 4478 40409882 1
8603 4419 40409892 1
8614 4382 40409902 1
8614 4374 40409912 1
8623 4390 40409922 1
8655 4422 40409932 1
8703 4518 40409943 1
8788 4633 40409953 1
8891 4760 40409963 1
9005 4890 40409973 1
9116 4981 40409983 1
9230 5045 40409993 1
9349 5073 40410003 1
9469 5068 40410013 1
9545 5042 40410023 1
9593 4983 40410033 1
9567 4888 40410043 1
9463 4770 40410053 1
9306 4655 40410063 1
9120 4539 40410073 1
8918 4421 40410083 1
8705 4321 40410093 1
8534 4234 40410103 1
8446 4198 40410113 1
8413 4183 40410123 1
8418 4183 40410133 1
8473 4176 40410143 1
8561 4197 40410153 1
8723 4236 40410163 1
8927 4299 40410173 1
9159 4368 40410183 1
9387 4441 40410193 1
9536 4494 40410203 1
9632 4527 40410213 1
9640 4546 40410223 1
9608 4586 40410233 1
9550 4638 40410243 1
9446 4698 40410253 1
9344 4778 40410263 1
9344 4778 40410273 0
9116 5043 40410283 1
9077 5054 40410293 1
9050 5033 40410303 1
9024 4962 40410313 1
8998 4835 40410323 1
8972 4670 40410333 1
8944 4495 40410343 1
8918 4312 40410353 1
8902 4123 40410363 1
8894 3985 40410373 1
8872 3866 40410383 1
8828 3760 40410393 1
8768 3688 40410403 1
8696 3652 40410413 1
8626 3639 40410423 1
8556 3649 40410433 1
8518 3668 40410443 1
8503 3692 40410453 1
8503 3707 40410463 1
8541 3730 40410473 1
8640 3776 40410483 1
8781 3835 40410493 1
8976 3884 40410503 1
9177 3932 40410513 1
9382 3962 40410523 1
9595 3980 40410533 1
9730 3980 40410543 1
9778 4412 40410624 0
9833 4346 40410634 1
9841 4359 40410644 1
9835 4351 40410654 1
9872 4329 40410664 1
9937 4241 40410674 1
10001 4127 40410684 1
10047 3996 40410694 1
10080 3852 40410704 1
10094 3709 40410714 1
10080 3565 40410724 1
