308
1711 4940 40378507 0
1695 4848 40378517 1
1644 4866 40378527 1
1633 4884 40378537 1
1646 4873 40378547 1
1683 4843 40378557 1
1767 4813 40378567 1
1882 4808 40378577 1
2045 4820 40378587 1
2303 4890 40378597 1
2623 5012 40378607 1
2945 5168 40378617 1
3236 5332 40378627 1
3507 5482 40378637 1
3682 5622 40378647 1
3762 5691 40378657 1
3778 5729 40378667 1
3743 5747 40378677 1
3643 5763 40378687 1
3500 5775 40378697 1
3341 5780 40378707 1
3179 5797 40378717 1
3016 5822 40378727 1
2915 5882 40378737 1
2847 5941 40378747 1
2800 5999 40378757 1
2773 6031 40378767 1
2766 6031 40378777 1
2773 6008 40378787 1
2782 5881 40378797 1
2788 5656 40378807 1
2793 5366 40378817 1
2798 5012 40378827 1
2816 4653 40378837 1
2850 4292 40378847 1
2895 3991 40378857 1
2946 3766 40378867 1
2992 3592 40378877 1
3023 3488 40378887 1
3045 3430 40378897 1
3045 3402 40378907 1
3031 3402 40378917 1
2825 5218 40379008 0
2930 5198 40379018 1
2930 5203 40379028 1
2897 5153 40379038 1
2888 5003 40379048 1
2834 4787 40379058 1
2751 4587 40379068 1
2607 4381 40379078 1
2458 4194 40379088 1
2306 4022 40379098 1
2208 3929 40379108 1
2168 3890 40379118 1
2168 3890 40379128 1
2882 4651 40379198 0
3168 4664 40379208 1
3217 4647 40379218 1
3275 4591 40379228 1
3349 4520 40379238 1
3434 4438 40379248 1
3494 4372 40379258 1
3541 4318 40379268 1
3579 4271 40379278 1
3610 4247 40379288 1
3639 4272 40379298 1
3638 5674 40379379 0
3720 5755 40379389 1
3684 5812 40379399 1
3692 5857 40379409 1
3728 5863 40379419 1
3829 5842 40379429 1
3931 5833 40379439 1
4044 5804 40379449 1
4163 5761 40379459 1
4257 5698 40379469 1
4306 5630 40379479 1
4324 5549 40379489 1
4268 5427 40379499 1
4147 5279 40379509 1
3983 5121 40379519 1
3828 4968 40379529 1
3673 4818 40379539 1
3572 4713 40379549 1
3505 4653 40379559 1
3483 4622 40379569 1
3490 4594 40379579 1
3516 4565 40379589 1
3601 4550 40379599 1
3769 4550 40379609 1
3991 4570 40379619 1
4276 4596 40379629 1
4577 4624 40379639 1
4888 4619 40379649 1
5124 4575 40379659 1
5300 4504 40379669 1
5435 4404 40379679 1
5466 4286 40379689 1
5415 4157 40379699 1
5310 4009 40379709 1
5120 3844 40379719 1
4931 3667 40379729 1
4772 3564 40379739 1
4632 3506 40379749 1
4528 3477 40379759 1
4436 3485 40379769 1
4353 3538 40379779 1
4133 4622 40379849 0
4227 4675 40379859 1
4219 4713 40379869 1
4173 4681 40379879 1
4143 4602 40379889 1
4101 4444 40379899 1
4051 4276 40379909 1
3979 4101 40379919 1
3915 3945 40379929 1
3857 3839 40379939 1
3851 3766 40379949 1
3866 3742 40379959 1
3895 3775 40379969 1
4382 4369 40380010 0
4576 4518 40380020 1
4615 4505 40380030 1
4615 4505 40380040 1
4595 4431 40380050 1
4563 4315 40380060 1
4483 4142 40380070 1
4372 3942 40380080 1
4241 3723 40380090 1
4127 3539 40380100 1
4070 3349 40380110 1
6945 5690 40380791 0
6876 5490 40380801 1
6831 5590 40380811 1
6825 5643 40380821 1
6845 5665 40380831 1
6942 5665 40380841 1
7091 5685 40380851 1
7274 5716 40380861 1
7487 5747 40380871 1
7662 5752 40380881 1
7811 5739 40380891 1
7911 5698 40380901 1
7931 5623 40380911 1
7898 5526 40380921 1
7812 5395 40380931 1
7705 5259 40380941 1
7585 5121 40380951 1
7487 5015 40380961 1
7392 4921 40380971 1
7329 4835 40380981 1
7286 4776 40380991 1
7286 4725 40381001 1
7320 4680 40381011 1
7382 4632 40381021 1
7499 4600 40381031 1
7654 4579 40381041 1
7835 4563 40381051 1
8021 4513 40381061 1
8164 4441 40381071 1
8278 4312 40381081 1
8321 4162 40381091 1
8283 3997 40381101 1
8190 3827 40381111 1
8068 3701 40381121 1
7949 3604 40381131 1
7837 3566 40381141 1
7753 3566 40381151 1
7688 3591 40381161 1
7639 3652 40381171 1
7633 3784 40381181 1
8210 5827 40381261 0
8401 5968 40381271 1
8418 6060 40381281 1
8418 6045 40381291 1
8461 5979 40381301 1
8533 5879 40381311 1
8554 5729 40381321 1
8549 5547 40381331 1
8526 5344 40381341 1
8518 5183 40381351 1
8528 5097 40381361 1
8549 5062 40381371 1
8549 5062 40381381 1
8560 5099 40381391 1
8589 5165 40381401 1
8631 5303 40381411 1
8662 5469 40381421 1
8694 5654 40381431 1
8727 5853 40381441 1
8779 6052 40381451 1
8811 6152 40381461 1
8830 6188 40381471 1
8860 6188 40381481 1
8920 6183 40381482 1
8999 6166 40381492 1
9071 6129 40381502 1
9125 6079 40381512 1
9166 6009 40381522 1
9159 5933 40381532 1
9087 5828 40381542 1
8971 5706 40381552 1
8786 5581 40381562 1
8654 5470 40381572 1
8556 5421 40381582 1
8556 5410 40381592 1
8550 5410 40381602 1
8569 5405 40381612 1
8601 5405 40381622 1
8690 5433 40381632 1
8826 5470 40381642 1
8994 5515 40381652 1
9092 5528 40381662 1
9126 5507 40381672 1
8528 5211 40381742 0
8428 5165 40381752 1
8398 5156 40381762 1
8398 5156 40381772 1
8379 5128 40381782 1
8386 5058 40381792 1
8407 4963 40381802 1
8432 4845 40381812 1
8466 4748 40381822 1
8503 4666 40381832 1
8530 4622 40381842 1
8550 4604 40381852 1
8550 4604 40381862 1
8550 4629 40381872 1
8539 4696 40381882 1
8534 4790 40381892 1
8534 4909 40381902 1
8561 5008 40381912 1
8597 5093 40381922 1
8664 5155 40381932 1
8777 5213 40381942 1
8920 5250 40381952 1
9079 5276 40381962 1
9232 5276 40381972 1
9380 5260 40381982 1
9478 5225 40381992 1
9478 5160 40382002 1
9420 5054 40382012 1
9244 4921 40382022 1
9028 4767 40382032 1
8786 4627 40382042 1
8569 4513 40382052 1
8420 4411 40382062 1
8317 4366 40382072 1
8317 4351 40382082 1
8317 4356 40382092 1
8388 4356 40382102 1
8501 4399 40382112 1
8694 4469 40382122 1
8911 4546 40382132 1
9144 4621 40382142 1
9336 4694 40382152 1
9447 4747 40382162 1
9505 4787 40382173 1
9495 4828 40382183 1
9430 4880 40382193 1
9327 4940 40382203 1
9219 5008 40382213 1
9121 5085 40382223 1
9054 5168 40382233 1
9004 5217 40382243 1
8974 5233 40382253 1
8962 5228 40382263 1
8962 5197 40382273 1
8962 5105 40382283 1
8950 4972 40382293 1
8938 4776 40382303 1
8927 4594 40382313 1
8920 4422 40382323 1
8920 4250 40382333 1
8895 4103 40382343 1
8856 3973 40382353 1
8287 3762 40382423 0
8214 3751 40382433 1
8179 3776 40382443 1
8184 3782 40382453 1
8217 3775 40382463 1
8299 3793 40382473 1
8440 3825 40382483 1
8620 3866 40382493 1
8843 3940 40382503 1
9043 3996 40382513 1
9228 4041 40382523 1
9365 4079 40382533 1
9466 4113 40382543 1
9544 4149 40382553 1
9601 4189 40382563 1
9650 4248 40382573 1
9693 4320 40382583 1
9736 4400 40382593 1
9769 4458 40382603 1
9795 4487 40382613 1
9817 4498 40382623 1
9843 4498 40382633 1
9912 4458 40382643 1
10007 4402 40382653 1
10109 4298 40382663 1
10211 4181 40382673 1
10313 4056 40382683 1
10382 3934 40382683 1
10431 3813 40382693 1
10419 3691 40382703 1
10352 3570 40382713 1
10248 3449 40382723 1
