303
1691 5412 40346431 0
1646 5350 40346441 1
1612 5360 40346451 1
1567 5368 40346461 1
1567 5354 40346471 1
1567 5327 40346481 1
1592 5308 40346491 1
1627 5289 40346501 1
1698 5289 40346511 1
1801 5289 40346521 1
1924 5342 40346531 1
2082 5424 40346541 1
2246 5528 40346551 1
2413 5625 40346561 1
2548 5704 40346571 1
2643 5771 40346581 1
2711 5817 40346591 1
2728 5843 40346601 1
2721 5857 40346611 1
2698 5870 40346621 1
2652 5880 40346631 1
2592 5885 40346641 1
2523 5885 40346651 1
2338 6220 40346732 0
2338 6220 40346742 1
2338 6220 40346752 1
2338 6220 40346762 1
2338 6220 40346772 1
2338 6220 40346782 1
2338 6220 40346792 1
2338 6220 40346802 1
2338 6220 40346812 1
2342 6156 40346822 1
2337 6073 40346832 1
2337 5924 40346842 1
2330 5728 40346852 1
2330 5502 40346862 1
2342 5232 40346872 1
2356 4965 40346882 1
2377 4700 40346892 1
2400 4490 40346902 1
2423 4276 40346912 1
2442 4101 40346922 1
2459 3953 40346932 1
2474 3838 40346942 1
2481 3758 40346952 1
2488 3701 40346962 1
2488 3686 40346972 1
2488 3686 40346982 1
2212 5241 40347092 0
2261 5352 40347102 1
2246 5460 40347112 1
2246 5460 40347122 1
2253 5433 40347132 1
2253 5397 40347142 1
2214 5294 40347152 1
2142 5151 40347162 1
2028 4981 40347172 1
1898 4775 40347182 1
1758 4606 40347192 1
1612 4462 40347202 1
1524 4366 40347212 1
1475 4331 40347222 1
1481 4338 40347232 1
2106 5022 40347302 0
2396 4995 40347312 1
2410 4995 40347322 1
2436 5014 40347332 1
2471 4952 40347342 1
2524 4881 40347352 1
2571 4803 40347362 1
2606 4742 40347372 1
2634 4699 40347382 1
2657 4667 40347392 1
2685 4649 40347402 1
2909 5838 40347483 0
2943 5891 40347493 1
2920 5958 40347503 1
2899 6076 40347513 1
2939 6066 40347523 1
3020 6091 40347533 1
3152 6140 40347543 1
3285 6163 40347553 1
3416 6163 40347563 1
3520 6143 40347573 1
3607 6099 40347583 1
3649 6026 40347593 1
3627 5933 40347603 1
3561 5795 40347613 1
3452 5669 40347623 1
3328 5550 40347643 1
3193 5421 40347653 1
3051 5291 40347663 1
2944 5188 40347673 1
2860 5104 40347683 1
2807 5035 40347693 1
2781 4987 40347703 1
2773 4952 40347713 1
2791 4930 40347723 1
2867 4930 40347733 1
2981 4936 40347743 1
3191 5008 40347753 1
3431 5088 40347763 1
3691 5173 40347773 1
3920 5217 40347783 1
4096 5217 40347793 1
4237 5199 40347803 1
4340 5154 40347813 1
4389 5069 40347823 1
4402 4958 40347833 1
4370 4797 40347843 1
4298 4636 40347853 1
4198 4473 40347863 1
4087 4326 40347873 1
3982 4190 40347883 1
3907 4114 40347893 1
3849 4070 40347903 1
3790 4047 40347913 1
3396 5001 40347993 0
3397 4959 40348003 1
3351 4959 40348013 1
3331 4980 40348023 1
3311 4895 40348033 1
3256 4778 40348043 1
3178 4641 40348053 1
3087 4508 40348063 1
3010 4383 40348073 1
2988 4325 40348083 1
2997 4308 40348093 1
3025 4308 40348103 1
3548 4925 40348164 0
3759 4981 40348174 1
3799 4981 40348184 1
3808 4954 40348194 1
3819 4860 40348204 1
3793 4723 40348214 1
3742 4581 40348224 1
3617 4421 40348234 1
3502 4250 40348244 1
3394 4113 40348254 1
6645 6063 40349215 0
6693 6158 40349225 1
6708 6243 40349235 1
6721 6322 40349245 1
6812 6372 40349255 1
6935 6404 40349265 1
7080 6432 40349275 1
7178 6427 40349285 1
7286 6400 40349295 1
7400 6357 40349305 1
7457 6282 40349315 1
7446 6186 40349325 1
7390 6044 40349335 1
7253 5881 40349345 1
7103 5703 40349355 1
6944 5585 40349365 1
6820 5490 40349375 1
6745 5411 40349385 1
6703 5356 40349395 1
6698 5319 40349405 1
6735 5293 40349415 1
6800 5279 40349425 1
6945 5279 40349435 1
7118 5300 40349445 1
7309 5308 40349455 1
7492 5269 40349465 1
7602 5198 40349475 1
7664 5092 40349485 1
7650 4940 40349495 1
7575 4758 40349505 1
7458 4602 40349515 1
7350 4471 40349525 1
7246 4358 40349535 1
7165 4267 40349545 1
7097 4220 40349555 1
7056 4202 40349565 1
7035 4213 40349575 1
7028 4273 40349585 1
7049 4365 40349595 1
7665 6185 40349676 0
7889 6382 40349686 1
7930 6519 40349696 1
7917 6593 40349706 1
7954 6586 40349716 1
8024 6524 40349726 1
8116 6447 40349736 1
8161 6319 40349746 1
8181 6156 40349756 1
8181 5971 40349766 1
8181 5829 40349776 1
8181 5717 40349786 1
8181 5680 40349796 1
8175 5674 40349806 1
8175 5689 40349816 1
8175 5756 40349826 1
8187 5887 40349836 1
8215 6062 40349846 1
8253 6234 40349856 1
8300 6379 40349866 1
8348 6507 40349876 1
8404 6570 40349886 1
8498 6598 40349896 1
8614 6598 40349906 1
8735 6584 40349916 1
8823 6536 40349926 1
8889 6468 40349936 1
8889 6379 40349946 1
8817 6272 40349956 1
8694 6152 40349966 1
8525 6036 40349976 1
8361 5954 40349986 1
8260 5896 40349996 1
8199 5863 40350006 1
8179 5845 40350016 1
8179 5836 40350026 1
8199 5828 40350036 1
8270 5836 40350046 1
8400 5855 40350056 1
8570 5868 40350066 1
8697 5847 40350076 1
8144 5568 40350147 0
7984 5498 40350157 1
7937 5482 40350167 1
7905 5463 40350177 1
7897 5411 40350187 1
7916 5338 40350197 1
7954 5254 40350207 1
7999 5170 40350217 1
8037 5099 40350227 1
8070 5037 40350237 1
8079 5006 40350247 1
8084 4997 40350257 1
8084 5002 40350267 1
8090 5034 40350277 1
8120 5115 40350287 1
8168 5228 40350297 1
8236 5352 40350307 1
8323 5451 40350317 1
8423 5533 40350327 1
8554 5591 40350337 1
8689 5623 40350347 1
8821 5638 40350357 1
8948 5621 40350367 1
9014 5575 40350377 1
9025 5509 40350387 1
8999 5403 40350397 1
8881 5279 40350407 1
8721 5143 40350417 1
8534 5018 40350427 1
8348 4890 40350437 1
8187 4795 40350447 1
8116 4724 40350457 1
8095 4691 40350467 1
8095 4673 40350477 1
8112 4665 40350487 1
8146 4665 40350497 1
8260 4694 40350507 1
8436 4748 40350517 1
8652 4836 40350527 1
8837 4918 40350537 1
8948 4997 40350547 1
9009 5055 40350557 1
9024 5133 40350567 1
8992 5225 40350577 1
8929 5311 40350587 1
8847 5392 40350597 1
8770 5438 40350607 1
8706 5461 40350617 1
8650 5438 40350627 1
8595 5373 40350637 1
8539 5279 40350647 1
8478 5146 40350657 1
8404 4989 40350667 1
8322 4815 40350677 1
8237 4647 40350687 1
8155 4497 40350697 1
8092 4358 40350707 1
8040 4232 40350707 1
8008 4148 40350717 1
7993 4093 40350727 1
7993 4080 40350737 1
8004 4080 40350747 1
8076 4080 40350757 1
8186 4131 40350767 1
8401 4215 40350777 1
8637 4323 40350787 1
8887 4437 40350797 1
9092 4539 40350807 1
9264 4634 40350817 1
9415 4713 40350827 1
9572 4786 40350837 1
9741 4840 40350847 1
9893 4883 40350857 1
10029 4863 40350867 1
10142 4814 40350877 1
10246 4746 40350887 1
10344 4658 40350897 1
10406 4549 40350907 1
10392 4426 40350917 1
10327 4289 40350927 1
10147 4154 40350937 1
9850 4020 40350947 1
9475 3877 40350957 1
