299
2450 4848 40373120 0
2404 4885 40373130 1
2377 4922 40373140 1
2370 4922 40373150 1
2370 4927 40373160 1
2389 4920 40373170 1
2421 4908 40373180 1
2486 4895 40373190 1
2620 4904 40373200 1
2800 4927 40373210 1
3014 4988 40373220 1
3276 5086 40373230 1
3571 5208 40373240 1
3849 5331 40373250 1
4058 5452 40373260 1
4220 5529 40373270 1
4296 5579 40373280 1
4308 5599 40373290 1
4276 5626 40373300 1
4186 5658 40373310 1
4042 5677 40373320 1
3862 5697 40373330 1
3672 5720 40373340 1
3519 5773 40373350 1
3391 5844 40373360 1
3322 5934 40373370 1
3284 5997 40373380 1
3266 6043 40373390 1
3266 6043 40373400 1
3277 5997 40373410 1
3301 5913 40373420 1
3328 5720 40373430 1
3356 5465 40373440 1
3390 5170 40373450 1
3431 4840 40373460 1
3479 4532 40373470 1
3527 4238 40373480 1
3566 3985 40373490 1
3600 3783 40373500 1
3618 3616 40373510 1
3618 3528 40373520 1
3612 3491 40373530 1
3596 3491 40373540 1
3492 5177 40373640 0
3516 5103 40373650 1
3493 5183 40373660 1
3481 5114 40373670 1
3469 4962 40373680 1
3412 4754 40373690 1
3324 4583 40373700 1
3191 4409 40373710 1
3049 4252 40373720 1
2901 4107 40373730 1
2815 4045 40373740 1
2780 4021 40373750 1
3419 4704 40373831 0
3728 4547 40373841 1
3797 4518 40373851 1
3844 4544 40373861 1
3917 4471 40373871 1
4008 4410 40373881 1
4081 4356 40373891 1
4118 4320 40373901 1
4130 4303 40373911 1
4130 4298 40373921 1
4130 4298 40373931 1
4114 5702 40374001 0
4233 5770 40374011 1
4157 5850 40374021 1
4157 5970 40374031 1
4212 5970 40374041 1
4350 5956 40374051 1
4482 5936 40374061 1
4611 5885 40374071 1
4723 5816 40374081 1
4799 5741 40374091 1
4852 5651 40374101 1
4843 5550 40374111 1
4758 5420 40374121 1
4622 5276 40374131 1
4456 5124 40374141 1
4290 4999 40374151 1
4159 4904 40374161 1
4052 4828 40374171 1
4011 4782 40374181 1
3996 4752 40374191 1
3996 4734 40374201 1
4027 4713 40374211 1
4123 4704 40374221 1
4263 4704 40374231 1
4472 4716 40374241 1
4721 4729 40374251 1
4997 4742 40374261 1
5258 4742 40374271 1
5458 4701 40374281 1
5616 4641 40374291 1
5703 4561 40374301 1
5729 4479 40374311 1
5713 4367 40374321 1
5636 4235 40374331 1
5504 4087 40374341 1
5336 3942 40374351 1
5140 3800 40374361 1
4981 3687 40374371 1
4847 3634 40374381 1
4770 3622 40374391 1
4707 3638 40374401 1
4652 3693 40374411 1
4562 4667 40374482 0
4609 4658 40374492 1
4570 4658 40374502 1
4551 4697 40374512 1
4544 4604 40374522 1
4527 4465 40374532 1
4465 4295 40374542 1
4374 4152 40374552 1
4303 4039 40374562 1
4264 3946 40374572 1
4246 3913 40374582 1
4259 3913 40374592 1
4813 4533 40374652 0
5025 4590 40374662 1
5069 4609 40374672 1
5047 4589 40374682 1
5026 4545 40374692 1
4965 4415 40374702 1
4877 4245 40374712 1
4738 4048 40374722 1
4593 3838 40374732 1
4443 3626 40374742 1
7100 5752 40375303 0
7037 5654 40375313 1
7016 5778 40375323 1
6985 5826 40375333 1
7013 5826 40375343 1
7080 5826 40375353 1
7253 5846 40375363 1
7422 5881 40375373 1
7589 5903 40375383 1
7777 5891 40375393 1
7906 5857 40375403 1
7996 5793 40375413 1
7996 5705 40375423 1
7909 5601 40375433 1
7759 5436 40375443 1
7577 5268 40375453 1
7419 5097 40375463 1
7277 4979 40375473 1
7183 4886 40375483 1
7141 4811 40375493 1
7134 4757 40375503 1
7158 4704 40375513 1
7243 4653 40375523 1
7368 4619 40375533 1
7558 4597 40375543 1
7770 4582 40375553 1
7997 4539 40375563 1
8160 4462 40375573 1
8261 4362 40375583 1
8320 4233 40375593 1
8294 4102 40375603 1
8210 3967 40375613 1
8088 3854 40375623 1
7958 3755 40375633 1
7826 3706 40375643 1
7693 3692 40375653 1
7595 3701 40375663 1
7539 3752 40375673 1
7512 3863 40375683 1
8323 5803 40375763 0
8610 5910 40375773 1
8585 5979 40375783 1
8585 6099 40375793 1
8599 6056 40375803 1
8637 5955 40375813 1
8642 5815 40375823 1
8625 5650 40375833 1
8603 5466 40375843 1
8585 5269 40375853 1
8585 5159 40375863 1
8605 5109 40375873 1
8612 5099 40375883 1
8622 5106 40375893 1
8634 5173 40375903 1
8687 5281 40375913 1
8746 5443 40375923 1
8835 5612 40375933 1
8942 5786 40375943 1
9036 5947 40375944 1
9107 6027 40375954 1
9163 6053 40375964 1
9226 6047 40375974 1
9290 6017 40375984 1
9331 5970 40375994 1
9355 5894 40376004 1
9309 5794 40376014 1
9189 5679 40376024 1
9020 5547 40376034 1
8784 5407 40376044 1
8602 5263 40376054 1
8457 5186 40376064 1
8427 5146 40376074 1
8427 5132 40376084 1
8456 5120 40376094 1
8540 5132 40376104 1
8694 5160 40376114 1
8895 5205 40376124 1
9097 5244 40376134 1
9227 5250 40376144 1
9308 5235 40376154 1
8595 5022 40376234 0
8537 4953 40376244 1
8514 4940 40376254 1
8497 4954 40376264 1
8497 4908 40376274 1
8515 4826 40376284 1
8537 4720 40376294 1
8563 4634 40376304 1
8592 4566 40376314 1
8622 4510 40376324 1
8650 4487 40376334 1
8675 4487 40376344 1
8697 4508 40376354 1
8744 4575 40376364 1
8796 4672 40376374 1
8868 4788 40376384 1
8952 4908 40376394 1
9037 5013 40376404 1
9130 5083 40376414 1
9245 5135 40376424 1
9371 5157 40376434 1
9479 5144 40376444 1
9536 5107 40376454 1
9558 5029 40376464 1
9499 4905 40376474 1
9362 4750 40376484 1
9172 4615 40376494 1
8969 4477 40376504 1
8782 4335 40376514 1
8606 4246 40376524 1
8563 4195 40376534 1
8555 4175 40376544 1
8569 4160 40376554 1
8608 4149 40376564 1
8707 4176 40376574 1
8846 4236 40376584 1
9026 4317 40376594 1
9188 4394 40376604 1
9338 4453 40376614 1
9448 4501 40376624 1
9495 4538 40376634 1
9501 4586 40376644 1
9457 4641 40376654 1
9388 4716 40376664 1
9302 4818 40376674 1
9235 4938 40376684 1
9192 5054 40376694 1
9164 5124 40376704 1
9156 5164 40376714 1
9151 5164 40376724 1
9151 5115 40376734 1
9142 5034 40376744 1
9121 4892 40376754 1
9090 4725 40376764 1
9042 4541 40376774 1
8983 4375 40376784 1
8905 4230 40376794 1
8825 4099 40376804 1
8744 4005 40376814 1
8695 3939 40376824 1
8664 3893 40376834 1
8645 3867 40376844 1
8640 3858 40376854 1
8640 3858 40376864 1
8648 3852 40376874 1
8706 3843 40376884 1
8796 3861 40376894 1
8985 3897 40376904 1
9179 3966 40376914 1
9381 4047 40376924 1
9585 4136 40376934 1
9735 4223 40376944 1
9845 4319 40376954 1
9929 4421 40376964 1
9972 4511 40376974 1
9985 4567 40376984 1
9978 4600 40376994 1
9973 4613 40377004 1
9973 4613 40377014 1
9973 4602 40377024 1
9973 4550 40377034 1
9991 4448 40377044 1
10023 4312 40377054 1
10069 4161 40377064 1
10108 4006 40377074 1
10120 3849 40377084 1
10115 3679 40377094 1
10067 3536 40377104 1
9977 3412 40377114 1
