461
1756 5481 58390981 0
1733 5396 58390991 1
1717 5402 58391001 1
1725 5452 58391011 1
1750 5464 58391021 1
1795 5488 58391031 1
1884 5519 58391041 1
2001 5567 58391051 1
2183 5627 58391061 1
2370 5695 58391071 1
2567 5748 58391081 1
2767 5800 58391091 1
2937 5858 58391101 1
3088 5921 58391111 1
3234 5970 58391121 1
3337 6019 58391131 1
3412 6067 58391141 1
3457 6113 58391151 1
3472 6153 58391161 1
3467 6195 58391171 1
3430 6246 58391181 1
3372 6302 58391191 1
2925 6800 58391292 0
2916 6764 58391302 1
2909 6730 58391312 1
2900 6684 58391322 1
2894 6629 58391332 1
2894 6553 58391342 1
2888 6464 58391352 1
2888 6349 58391362 1
2882 6229 58391372 1
2882 6099 58391382 1
2868 5944 58391392 1
2854 5772 58391402 1
2833 5604 58391412 1
2812 5392 58391422 1
2794 5151 58391432 1
2779 4879 58391442 1
2779 4603 58391452 1
2785 4359 58391462 1
2785 4138 58391472 1
2790 3919 58391482 1
2790 3731 58391492 1
2790 3563 58391502 1
2781 3415 58391512 1
2781 3319 58391522 1
2781 3258 58391532 1
2781 3232 58391542 1
2781 3240 58391552 1
2781 3271 58391562 1
2771 3338 58391572 1
2771 3436 58391582 1
2932 5662 58391722 0
2950 5724 58391732 1
2935 5743 58391742 1
2919 5743 58391752 1
2900 5743 58391762 1
2874 5717 58391772 1
2842 5683 58391782 1
2800 5631 58391792 1
2747 5550 58391802 1
2686 5450 58391812 1
2598 5302 58391822 1
2505 5150 58391832 1
2408 4982 58391842 1
2319 4805 58391852 1
2236 4651 58391862 1
2163 4522 58391872 1
2099 4410 58391882 1
2042 4317 58391892 1
2006 4255 58391902 1
1982 4213 58391912 1
1982 4213 58391922 1
1998 4254 58391932 1
2695 5074 58392073 0
2789 5082 58392083 1
2797 5087 58392093 1
2797 5092 58392103 1
2803 5092 58392113 1
2803 5087 58392123 1
2803 5087 58392133 1
2803 5087 58392143 1
2794 5087 58392153 1
2786 5087 58392163 1
2776 5087 58392173 1
2771 5092 58392183 1
2771 5092 58392193 1
2771 5092 58392203 1
2771 5092 58392213 1
2771 5092 58392223 1
2771 5092 58392233 1
2771 5092 58392243 1
2813 5097 58392253 1
2851 5097 58392263 1
2890 5097 58392273 1
2927 5090 58392283 1
2962 5082 58392293 1
2994 5072 58392303 1
3029 5055 58392313 1
3071 5036 58392323 1
3128 5011 58392333 1
3194 4985 58392343 1
3272 4954 58392353 1
3355 4918 58392363 1
3444 4884 58392373 1
3511 4863 58392383 1
3565 4850 58392393 1
3594 4843 58392403 1
3605 4843 58392413 1
3605 4843 58392423 1
3596 4848 58392433 1
3907 5749 58392704 0
3907 5749 58392714 1
3875 5756 58392724 1
3875 5763 58392734 1
3875 5772 58392744 1
3883 5785 58392754 1
3893 5795 58392764 1
3925 5803 58392774 1
3970 5809 58392784 1
4032 5809 58392794 1
4099 5801 58392804 1
4171 5787 58392814 1
4244 5768 58392824 1
4304 5745 58392834 1
4357 5718 58392844 1
4393 5690 58392854 1
4408 5660 58392864 1
4408 5629 58392874 1
4385 5583 58392884 1
4329 5528 58392894 1
4252 5463 58392904 1
4141 5377 58392914 1
4020 5276 58392924 1
3892 5174 58392934 1
3769 5075 58392944 1
3645 4987 58392954 1
3553 4906 58392964 1
3483 4851 58392974 1
3448 4820 58392984 1
3434 4806 58392994 1
3434 4806 58393004 1
3439 4806 58393014 1
3450 4806 58393024 1
3488 4826 58393034 1
3543 4861 58393044 1
3622 4907 58393054 1
3725 4957 58393064 1
3844 5013 58393074 1
3986 5074 58393084 1
4163 5132 58393094 1
4364 5188 58393104 1
4567 5221 58393114 1
4765 5239 58393124 1
4960 5228 58393134 1
5124 5191 58393144 1
5259 5138 58393154 1
5375 5051 58393164 1
5428 4928 58393174 1
5447 4780 58393184 1
5447 4642 58393194 1
5395 4503 58393204 1
5308 4360 58393214 1
5195 4230 58393224 1
5067 4108 58393234 1
4918 4002 58393244 1
4755 3908 58393254 1
4571 3821 58393264 1
4416 3765 58393274 1
4280 3751 58393284 1
4163 3766 58393294 1
4079 3821 58393304 1
4017 3918 58393314 1
3992 4043 58393324 1
4425 5264 58393435 0
4374 5242 58393445 1
4339 5270 58393455 1
4304 5256 58393465 1
4271 5237 58393475 1
4233 5195 58393485 1
4192 5141 58393495 1
4137 5057 58393505 1
4073 4938 58393515 1
4004 4795 58393525 1
3933 4661 58393535 1
3865 4550 58393545 1
3819 4455 58393555 1
3786 4398 58393565 1
3779 4371 58393575 1
3779 4364 58393585 1
3799 4371 58393595 1
4902 5115 58393855 0
4866 5034 58393865 1
4810 4972 58393875 1
4740 4863 58393885 1
4644 4722 58393895 1
4530 4568 58393905 1
4397 4376 58393915 1
4264 4158 58393925 1
4141 3987 58393935 1
4024 3859 58393945 1
3960 3760 58393955 1
6709 5819 58394817 0
6674 5807 58394827 1
6674 5814 58394837 1
6667 5814 58394847 1
6667 5814 58394857 1
6673 5814 58394867 1
6681 5820 58394877 1
6703 5826 58394887 1
6733 5832 58394897 1
6764 5832 58394907 1
6797 5832 58394917 1
6832 5832 58394927 1
6868 5815 58394937 1
6904 5796 58394947 1
6936 5771 58394957 1
6965 5738 58394967 1
6987 5682 58394977 1
6996 5611 58394987 1
6996 5572 58394997 1
6976 5505 58395007 1
6941 5419 58395017 1
6895 5323 58395027 1
6837 5234 58395037 1
6769 5151 58395047 1
6693 5068 58395057 1
6611 4985 58395067 1
6531 4899 58395077 1
6453 4825 58395087 1
6384 4758 58395097 1
6336 4720 58395107 1
6302 4696 58395117 1
6281 4682 58395127 1
6274 4682 58395137 1
6274 4682 58395147 1
6274 4682 58395157 1
6274 4682 58395167 1
6285 4682 58395177 1
6297 4682 58395187 1
6313 4691 58395197 1
6337 4698 58395207 1
6369 4708 58395217 1
6410 4720 58395227 1
6460 4733 58395237 1
6517 4743 58395247 1
6582 4743 58395257 1
6657 4722 58395267 1
6736 4686 58395277 1
6807 4626 58395287 1
6872 4551 58395297 1
6904 4465 58395307 1
6914 4361 58395317 1
6909 4252 58395327 1
6878 4133 58395337 1
6814 4009 58395347 1
6728 3881 58395357 1
6623 3747 58395367 1
6517 3610 58395377 1
6410 3499 58395387 1
6312 3410 58395397 1
6219 3336 58395407 1
6167 3304 58395417 1
6140 3315 58395427 1
6133 3355 58395437 1
7661 5905 58395848 0
7661 5905 58395858 1
7661 5905 58395868 1
7661 5905 58395878 1
7661 5905 58395888 1
7661 5905 58395898 1
7661 5905 58395908 1
7655 5876 58395918 1
7655 5865 58395928 1
7655 5852 58395938 1
7655 5837 58395948 1
7655 5819 58395958 1
7655 5797 58395968 1
7655 5768 58395978 1
7655 5716 58395988 1
7655 5649 58395998 1
7649 5605 58396008 1
7649 5537 58396018 1
7649 5452 58396028 1
7649 5362 58396038 1
7649 5272 58396048 1
7660 5183 58396058 1
7667 5109 58396068 1
7676 5045 58396078 1
7684 5000 58396088 1
7684 4974 58396098 1
7684 4960 58396108 1
7684 4960 58396118 1
7677 4983 58396128 1
7638 5388 58396209 0
7655 5426 58396219 1
7660 5439 58396229 1
7682 5454 58396239 1
7721 5475 58396249 1
7772 5499 58396259 1
7861 5534 58396269 1
7951 5567 58396279 1
8038 5594 58396289 1
8106 5614 58396299 1
8165 5614 58396309 1
8202 5614 58396319 1
8223 5592 58396329 1
8232 5569 58396339 1
8220 5528 58396349 1
8185 5477 58396359 1
8134 5413 58396369 1
8066 5345 58396379 1
7989 5280 58396389 1
7907 5218 58396399 1
7805 5158 58396409 1
7729 5108 58396419 1
7670 5065 58396429 1
7642 5040 58396439 1
7634 5030 58396449 1
7639 5030 58396459 1
7672 5038 58396469 1
7749 5074 58396479 1
7856 5127 58396489 1
7969 5176 58396499 1
8054 5219 58396509 1
8120 5250 58396519 1
8170 5268 58396529 1
8193 5277 58396539 1
8193 5277 58396549 1
8179 5270 58396559 1
7619 4931 58396679 0
7619 4931 58396689 1
7619 4931 58396699 1
7596 4898 58396709 1
7585 4867 58396719 1
7571 4825 58396729 1
7556 4767 58396739 1
7545 4708 58396749 1
7534 4648 58396759 1
7524 4578 58396769 1
7517 4503 58396779 1
7510 4418 58396789 1
7510 4329 58396799 1
7504 4241 58396809 1
7504 4169 58396819 1
7509 4107 58396829 1
7509 4060 58396839 1
7509 4027 58396849 1
7509 4004 58396859 1
7509 4004 58396869 1
7509 4004 58396879 1
7509 4025 58396889 1
7502 4062 58396899 1
7510 4333 58396950 0
7533 4422 58396960 1
7548 4453 58396970 1
7568 4484 58396980 1
7606 4516 58396990 1
7655 4556 58397000 1
7734 4601 58397010 1
7820 4645 58397020 1
7915 4685 58397030 1
8010 4718 58397040 1
8104 4741 58397050 1
8204 4752 58397060 1
8300 4752 58397070 1
8395 4752 58397080 1
8467 4741 58397090 1
8508 4724 58397100 1
8528 4699 58397110 1
8515 4667 58397120 1
8459 4625 58397130 1
8374 4577 58397140 1
8257 4522 58397150 1
8133 4459 58397160 1
8004 4385 58397170 1
7875 4305 58397180 1
7782 4252 58397190 1
7713 4217 58397200 1
7685 4193 58397210 1
7678 4193 58397220 1
7686 4187 58397230 1
7704 4187 58397240 1
7750 4203 58397250 1
7815 4237 58397260 1
7895 4284 58397270 1
7967 4332 58397280 1
8033 4375 58397290 1
8084 4411 58397300 1
8122 4442 58397310 1
8150 4467 58397320 1
8164 4490 58397330 1
8170 4509 58397340 1
8170 4528 58397350 1
8090 5049 58397450 0
8090 5049 58397460 1
8090 5049 58397470 1
8087 5018 58397480 1
8087 4979 58397490 1
8087 4919 58397500 1
8087 4857 58397510 1
8093 4779 58397520 1
8088 4692 58397530 1
8076 4605 58397540 1
8058 4514 58397550 1
8027 4415 58397560 1
7988 4311 58397570 1
7943 4206 58397580 1
7895 4114 58397590 1
7844 4032 58397600 1
7797 3962 58397610 1
7750 3905 58397620 1
7704 3856 58397630 1
7659 3823 58397640 1
7610 3803 58397650 1
7558 3792 58397660 1
7502 3777 58397670 1
7449 3761 58397680 1
7399 3742 58397690 1
7350 3720 58397700 1
7306 3700 58397710 1
7287 3691 58397720 1
7287 3691 58397730 1
7296 3691 58397740 1
7342 3707 58397750 1
7411 3727 58397760 1
7526 3779 58397770 1
7677 3839 58397780 1
7851 3904 58397790 1
8013 3953 58397800 1
8157 3999 58397810 1
8289 4035 58397820 1
8406 4058 58397830 1
8493 4072 58397840 1
8561 4083 58397850 1
8597 4091 58397860 1
8613 4091 58397870 1
8613 4091 58397880 1
8613 4091 58397890 1
8597 4101 58397900 1
8574 4115 58397910 1
8548 4140 58397920 1
8525 4169 58397930 1
8508 4202 58397940 1
8496 4227 58397950 1
8489 4248 58397960 1
8489 4261 58397970 1
8494 4267 58397980 1
8506 4267 58397990 1
8524 4267 58398000 1
8557 4260 58398010 1
8601 4244 58398020 1
8657 4200 58398030 1
8719 4140 58398040 1
8789 4045 58398050 1
8854 3914 58398060 1
8916 3758 58398070 1
8963 3607 58398080 1
8995 3495 58398090 1
9018 3409 58398100 1
9038 3328 58398110 1
