374
3734 5102 58259102 0
3682 5070 58259112 1
3638 5109 58259122 1
3586 5179 58259132 1
3578 5179 58259142 1
3589 5173 58259152 1
3613 5173 58259162 1
3654 5178 58259172 1
3716 5194 58259182 1
3792 5214 58259192 1
3879 5235 58259202 1
3992 5261 58259212 1
4122 5291 58259222 1
4268 5333 58259232 1
4402 5384 58259242 1
4527 5440 58259252 1
4628 5497 58259262 1
4696 5538 58259272 1
4741 5569 58259282 1
4758 5599 58259292 1
4739 5640 58259302 1
4695 5689 58259312 1
4617 5742 58259322 1
4525 5792 58259332 1
4423 5834 58259342 1
4313 5844 58259352 1
4204 5835 58259362 1
4129 5807 58259372 1
4076 5773 58259382 1
4055 5685 58259392 1
4055 5562 58259402 1
4069 5343 58259412 1
4090 5050 58259422 1
4113 4707 58259432 1
4138 4405 58259442 1
4161 4142 58259452 1
4174 3905 58259462 1
4183 3740 58259472 1
4183 3633 58259482 1
4183 3564 58259492 1
4178 3522 58259502 1
4178 3504 58259512 1
4178 3504 58259522 1
4178 3504 58259532 1
4171 3544 58259542 1
4165 3613 58259552 1
4178 3746 58259562 1
4208 4355 58259602 0
4203 4730 58259612 1
4186 4847 58259622 1
4166 4903 58259632 1
4145 4919 58259642 1
4119 4905 58259652 1
4077 4843 58259662 1
4023 4749 58259672 1
3956 4633 58259682 1
3881 4516 58259692 1
3801 4395 58259702 1
3727 4298 58259712 1
3656 4217 58259722 1
3616 4174 58259732 1
3596 4154 58259742 1
3596 4154 58259752 1
3751 4393 58259803 0
3938 4565 58259813 1
4043 4643 58259823 1
4152 4703 58259833 1
4266 4719 58259843 1
4381 4707 58259853 1
4483 4673 58259863 1
4576 4643 58259873 1
4645 4617 58259883 1
4697 4598 58259893 1
4737 4588 58259903 1
4799 5366 58260053 0
4782 5423 58260063 1
4768 5472 58260073 1
4750 5495 58260083 1
4776 5519 58260093 1
4829 5546 58260103 1
4900 5589 58260113 1
4970 5640 58260123 1
5039 5692 58260133 1
5108 5726 58260143 1
5188 5748 58260153 1
5268 5748 58260163 1
5340 5748 58260173 1
5406 5735 58260183 1
5455 5713 58260193 1
5488 5685 58260203 1
5510 5653 58260213 1
5510 5601 58260223 1
5481 5535 58260233 1
5426 5430 58260243 1
5353 5310 58260253 1
5264 5181 58260263 1
5164 5055 58260273 1
5063 4935 58260283 1
4960 4819 58260293 1
4856 4720 58260303 1
4773 4655 58260313 1
4695 4613 58260323 1
4656 4585 58260333 1
4641 4579 58260343 1
4652 4587 58260353 1
4699 4603 58260363 1
4771 4644 58260373 1
4883 4702 58260383 1
5027 4761 58260393 1
5192 4820 58260403 1
5388 4879 58260413 1
5585 4892 58260423 1
5783 4876 58260433 1
5963 4840 58260443 1
6109 4777 58260453 1
6232 4713 58260453 1
6329 4633 58260463 1
6382 4543 58260473 1
6406 4434 58260483 1
6382 4290 58260493 1
6311 4124 58260503 1
6209 3960 58260513 1
6090 3809 58260523 1
5963 3666 58260533 1
5831 3575 58260543 1
5696 3503 58260553 1
5581 3445 58260563 1
5479 3402 58260573 1
5406 3388 58260583 1
5355 3393 58260593 1
5319 3431 58260603 1
5305 3519 58260613 1
5681 4704 58260704 0
5742 4689 58260714 1
5718 4689 58260724 1
5667 4652 58260734 1
5598 4590 58260744 1
5516 4476 58260754 1
5427 4360 58260764 1
5334 4244 58260774 1
5251 4172 58260784 1
5171 4118 58260794 1
5114 4077 58260804 1
5071 4056 58260814 1
5061 4056 58260824 1
5758 4650 58260914 0
5929 4623 58260924 1
5941 4618 58260934 1
5925 4537 58260944 1
5887 4406 58260954 1
5834 4270 58260964 1
5767 4147 58260974 1
5691 4057 58260984 1
5610 3985 58260994 1
5537 3924 58261004 1
5491 3893 58261014 1
5464 3881 58261024 1
7374 5593 58261315 0
7439 5598 58261325 1
7439 5633 58261335 1
7420 5653 58261345 1
7420 5653 58261355 1
7439 5660 58261365 1
7463 5669 58261375 1
7491 5678 58261385 1
7520 5689 58261395 1
7554 5702 58261405 1
7597 5717 58261415 1
7658 5734 58261425 1
7729 5752 58261435 1
7814 5768 58261445 1
7900 5782 58261455 1
7983 5791 58261465 1
8054 5791 58261475 1
8120 5777 58261485 1
8183 5758 58261495 1
8233 5734 58261505 1
8274 5709 58261515 1
8301 5684 58261525 1
8307 5653 58261535 1
8300 5597 58261545 1
8253 5524 58261555 1
8184 5432 58261565 1
8100 5336 58261575 1
8011 5245 58261585 1
7907 5159 58261595 1
7794 5073 58261605 1
7679 4988 58261615 1
7567 4910 58261625 1
7479 4835 58261635 1
7405 4782 58261645 1
7359 4751 58261655 1
7337 4734 58261665 1
7331 4734 58261675 1
7341 4734 58261685 1
7386 4747 58261695 1
7454 4779 58261705 1
7543 4815 58261715 1
7650 4855 58261725 1
7770 4881 58261735 1
7897 4887 58261745 1
8023 4880 58261755 1
8140 4846 58261765 1
8251 4776 58261775 1
8337 4683 58261785 1
8390 4575 58261795 1
8422 4465 58261805 1
8411 4353 58261815 1
8359 4257 58261825 1
8279 4172 58261835 1
8177 4097 58261845 1
8051 4022 58261855 1
7910 3948 58261865 1
7758 3893 58261875 1
7655 3850 58261885 1
7584 3850 58261895 1
7537 3880 58261905 1
7529 3938 58261915 1
8313 5653 58262146 0
8344 5604 58262156 1
8352 5617 58262166 1
8352 5569 58262176 1
8381 5481 58262186 1
8411 5394 58262196 1
8443 5315 58262206 1
8473 5268 58262216 1
8491 5241 58262226 1
8502 5231 58262236 1
8508 5225 58262246 1
8515 5225 58262256 1
8527 5225 58262266 1
8568 5703 58262366 0
8605 5770 58262386 1
8619 5799 58262396 1
8634 5820 58262406 1
8687 5846 58262416 1
8746 5875 58262426 1
8817 5901 58262436 1
8892 5925 58262446 1
8968 5946 58262456 1
9040 5961 58262466 1
9110 5971 58262476 1
9180 5971 58262486 1
9251 5971 58262496 1
9322 5956 58262506 1
9392 5934 58262516 1
9452 5913 58262526 1
9504 5890 58262536 1
9534 5864 58262546 1
9546 5837 58262556 1
9546 5803 58262566 1
9506 5761 58262576 1
9439 5701 58262586 1
9353 5631 58262596 1
9255 5558 58262606 1
9141 5485 58262616 1
9017 5421 58262626 1
8883 5362 58262636 1
8793 5332 58262646 1
8733 5319 58262656 1
8714 5319 58262666 1
8714 5319 58262676 1
8735 5348 58262686 1
8804 5390 58262696 1
8900 5445 58262706 1
9015 5498 58262716 1
9114 5544 58262726 1
9197 5567 58262736 1
8919 5134 58262847 0
8762 5007 58262857 1
8703 4964 58262867 1
8661 4912 58262877 1
8636 4832 58262887 1
8622 4734 58262897 1
8617 4647 58262907 1
8617 4574 58262917 1
8617 4510 58262927 1
8626 4468 58262937 1
8639 4441 58262947 1
8653 4425 58262957 1
8666 4419 58262967 1
8680 4419 58262977 1
8694 4424 58262987 1
8708 4443 58262997 1
8723 4479 58263007 1
8739 4526 58263017 1
8757 4574 58263027 1
8775 4635 58263037 1
8810 4704 58263047 1
8851 4775 58263057 1
8915 4845 58263067 1
8991 4896 58263077 1
9076 4935 58263087 1
9162 4956 58263097 1
9251 4970 58263107 1
9340 4970 58263117 1
9429 4970 58263127 1
9497 4953 58263137 1
9537 4932 58263147 1
9558 4895 58263157 1
9552 4848 58263167 1
9504 4779 58263177 1
9429 4706 58263187 1
9325 4626 58263197 1
9197 4542 58263207 1
9054 4457 58263217 1
8908 4387 58263227 1
8798 4326 58263237 1
8711 4300 58263247 1
8680 4300 58263257 1
8672 4315 58263267 1
8678 4361 58263277 1
8717 4431 58263287 1
8761 4517 58263297 1
8814 4611 58263307 1
8869 4714 58263317 1
8925 4824 58263327 1
8980 4941 58263338 1
9039 5054 58263348 1
9086 5127 58263358 1
9124 5176 58263368 1
9143 5187 58263378 1
9156 5187 58263388 1
9166 5169 58263398 1
9172 5123 58263408 1
9172 5041 58263418 1
9159 4936 58263428 1
9141 4823 58263438 1
9120 4716 58263448 1
9096 4621 58263458 1
9063 4532 58263468 1
9030 4443 58263478 1
8997 4361 58263488 1
8963 4284 58263498 1
8934 4215 58263508 1
8913 4164 58263518 1
8905 4125 58263528 1
8905 4100 58263538 1
8913 4085 58263548 1
8935 4078 58263558 1
8968 4078 58263568 1
9013 4092 58263578 1
9070 4112 58263588 1
9135 4139 58263598 1
9207 4166 58263608 1
9282 4203 58263618 1
9374 4247 58263628 1
9476 4295 58263638 1
9555 4338 58263648 1
9619 4372 58263658 1
9672 4402 58263668 1
9715 4425 58263678 1
9752 4445 58263688 1
9785 4459 58263698 1
9811 4472 58263708 1
9837 4485 58263718 1
9864 4498 58263728 1
9897 4518 58263738 1
9934 4544 58263748 1
9975 4574 58263758 1
10016 4599 58263768 1
10053 4620 58263778 1
10090 4625 58263788 1
10126 4609 58263798 1
10166 4579 58263808 1
10207 4522 58263818 1
10251 4433 58263828 1
10295 4322 58263838 1
10325 4172 58263848 1
10344 4031 58263858 1
10344 3896 58263868 1
10333 3793 58263878 1
10313 3723 58263888 1
10270 3675 58263898 1
