189
3076 5064 23115351 0
3091 5095 23115361 1
3044 5155 23115371 1
3001 5172 23115381 1
2969 5172 23115391 1
2943 5172 23115401 1
2899 5142 23115411 1
2843 5082 23115421 1
2779 5000 23115431 1
2729 4885 23115441 1
2701 4753 23115451 1
2688 4610 23115461 1
2714 4489 23115471 1
2768 4384 23115481 1
2840 4289 23115491 1
2927 4224 23115501 1
3033 4189 23115511 1
3152 4174 23115521 1
3272 4161 23115531 1
3386 4145 23115541 1
3497 4112 23115551 1
3589 4068 23115561 1
4617 5110 23115681 0
4677 5155 23115691 1
4606 5172 23115701 1
4506 5177 23115711 1
4419 5106 23115721 1
4299 5008 23115731 1
4156 4893 23115741 1
3987 4753 23115751 1
3823 4635 23115761 1
3668 4533 23115771 1
3565 4456 23115781 1
3497 4403 23115791 1
3471 4366 23115801 1
3471 4349 23115811 1
3486 4328 23115821 1
3531 4300 23115831 1
3579 4272 23115841 1
3634 4246 23115851 1
3688 4216 23115861 1
3730 4182 23115871 1
3765 4141 23115881 1
3789 4091 23115891 1
3806 4035 23115901 1
3819 3977 23115911 1
3830 3920 23115921 1
3841 3828 23115931 1
3854 3715 23115941 1
3859 3576 23115951 1
3859 3377 23115961 1
3853 3139 23115971 1
3853 2911 23115981 1
3865 2733 23115991 1
3892 2589 23116001 1
3931 2507 23116011 1
3966 2456 23116021 1
3998 2427 23116031 1
4011 2427 23116041 1
4939 3482 23116372 0
5032 3574 23116382 1
4964 3620 23116392 1
4949 3607 23116402 1
4968 3554 23116412 1
4979 3448 23116422 1
4985 3310 23116432 1
4985 3152 23116442 1
4995 3010 23116452 1
5004 2887 23116462 1
5016 2776 23116472 1
5030 2700 23116482 1
5050 2673 23116492 1
5180 4077 23116603 0
5256 4150 23116613 1
5108 4231 23116623 1
5108 4237 23116633 1
5108 4237 23116643 1
5122 4237 23116653 1
5139 4237 23116663 1
5160 4227 23116673 1
5988 3532 23116893 0
5924 3670 23116903 1
5870 3717 23116913 1
5832 3758 23116923 1
5804 3758 23116933 1
5790 3729 23116943 1
5776 3672 23116953 1
5762 3529 23116963 1
5742 3383 23116973 1
5718 3194 23116983 1
5686 2977 23116993 1
5669 2847 23117003 1
5663 2796 23117013 1
5669 2796 23117023 1
5679 2828 23117033 1
5739 2946 23117043 1
5829 3123 23117053 1
5931 3324 23117063 1
6045 3476 23117073 1
6168 3596 23117083 1
6283 3663 23117093 1
6356 3670 23117103 1
6401 3636 23117113 1
6421 3549 23117123 1
6414 3365 23117133 1
6389 3116 23117143 1
6357 2935 23117153 1
6326 2749 23117163 1
6326 2561 23117173 1
6347 2490 23117183 1
7225 3472 23117344 0
7414 3591 23117354 1
7387 3686 23117364 1
7351 3708 23117374 1
7308 3685 23117384 1
7322 3633 23117394 1
7329 3542 23117404 1
7320 3373 23117414 1
7303 3153 23117424 1
7265 2897 23117434 1
7220 2650 23117444 1
7169 2410 23117454 1
7125 2190 23117464 1
7081 2010 23117474 1
7041 1856 23117484 1
6995 1738 23117494 1
6945 1687 23117504 1
6900 1680 23117514 1
6849 1726 23117524 1
6793 1839 23117534 1
7014 4151 23117634 0
7380 4351 23117644 1
7328 4419 23117654 1
7282 4472 23117664 1
7240 4491 23117674 1
7240 4491 23117684 1
7240 4478 23117694 1
7240 4456 23117704 1
7252 4428 23117714 1
7968 3699 23117965 0
8023 3744 23117975 1
7990 3728 23117985 1
7984 3647 23117995 1
7995 3522 23118005 1
7985 3311 23118015 1
7963 3139 23118025 1
7934 2994 23118035 1
7908 2821 23118045 1
7887 2711 23118055 1
8079 4139 23118165 0
8253 4214 23118175 1
8232 4358 23118185 1
8121 4428 23118195 1
8121 4448 23118205 1
8116 4442 23118215 1
8116 4414 23118225 1
8460 3314 23118636 0
8385 3236 23118646 1
8304 3352 23118656 1
8267 3395 23118666 1
8260 3389 23118676 1
8274 3383 23118686 1
8326 3362 23118696 1
8428 3331 23118706 1
8563 3307 23118716 1
8739 3299 23118726 1
8928 3299 23118736 1
9125 3323 23118746 1
9311 3370 23118756 1
9490 3434 23118766 1
9608 3505 23118776 1
9687 3578 23118786 1
9725 3653 23118796 1
9725 3727 23118806 1
9694 3798 23118816 1
9620 3868 23118826 1
9515 3900 23118836 1
9389 3873 23118846 1
9251 3806 23118856 1
9118 3708 23118866 1
9016 3609 23118876 1
8933 3465 23118886 1
8906 3290 23118896 1
8946 3069 23118906 1
9031 2863 23118916 1
9191 2668 23118926 1
9401 2548 23118936 1
9645 2511 23118946 1
9886 2530 23118956 1
