196
2599 5920 36158142 0
2605 5959 36158152 1
2581 5985 36158162 1
2550 6018 36158172 1
2513 6044 36158182 1
2497 6052 36158192 1
2497 6047 36158202 1
2503 6042 36158212 1
2548 6032 36158222 1
2617 5997 36158232 1
2710 5947 36158242 1
2802 5857 36158252 1
2893 5756 36158262 1
3000 5647 36158272 1
3111 5549 36158282 1
3232 5451 36158292 1
3358 5364 36158302 1
3464 5285 36158312 1
3554 5226 36158322 1
3632 5180 36158332 1
3692 5142 36158342 1
3729 5127 36158352 1
4120 6676 36158513 0
4135 6705 36158523 1
4120 6718 36158533 1
4106 6713 36158543 1
4081 6669 36158553 1
4048 6598 36158563 1
4003 6463 36158573 1
3940 6262 36158583 1
3866 6017 36158593 1
3775 5746 36158603 1
3677 5525 36158613 1
3574 5337 36158623 1
3500 5159 36158633 1
3446 5011 36158643 1
3405 4882 36158653 1
3384 4783 36158663 1
3367 4717 36158673 1
3361 4674 36158683 1
3361 4652 36158693 1
3367 4631 36158703 1
3379 4612 36158713 1
3398 4565 36158723 1
3421 4467 36158733 1
3447 4336 36158743 1
3475 4153 36158753 1
3507 3966 36158763 1
3539 3770 36158773 1
3572 3570 36158783 1
3601 3431 36158793 1
3628 3302 36158803 1
3651 3180 36158813 1
3671 3090 36158823 1
3689 3035 36158833 1
3700 3004 36158843 1
3708 3004 36158853 1
4246 4505 36159084 0
4299 4588 36159094 1
4258 4598 36159104 1
4264 4588 36159114 1
4288 4510 36159124 1
4324 4388 36159134 1
4352 4213 36159144 1
4374 4038 36159154 1
4392 3884 36159164 1
4409 3744 36159174 1
4427 3667 36159184 1
4447 3622 36159194 1
4460 3598 36159204 1
4469 3598 36159214 1
4085 5060 36159334 0
4151 5083 36159344 1
4144 5136 36159354 1
4166 5141 36159364 1
4202 5113 36159374 1
4246 5085 36159384 1
4288 5051 36159394 1
4336 5008 36159404 1
4899 4543 36159644 0
4906 4593 36159654 1
4906 4640 36159664 1
4906 4640 36159674 1
4921 4612 36159684 1
4935 4572 36159694 1
4951 4466 36159704 1
4967 4321 36159714 1
4977 4150 36159724 1
4984 3985 36159734 1
4989 3852 36159744 1
4995 3741 36159754 1
5005 3681 36159764 1
5017 3652 36159774 1
5024 3645 36159784 1
5024 3650 36159794 1
5047 3713 36159804 1
5078 3816 36159814 1
5118 3960 36159824 1
5187 4123 36159834 1
5236 4298 36159844 1
5271 4442 36159854 1
5323 4515 36159864 1
5363 4542 36159874 1
5395 4547 36159884 1
5433 4515 36159894 1
5471 4458 36159904 1
5506 4328 36159914 1
5538 4171 36159924 1
5555 3996 36159934 1
5566 3860 36159944 1
5573 3761 36159954 1
5590 3688 36159964 1
5886 4854 36160125 0
5908 4763 36160135 1
5919 4723 36160145 1
5931 4625 36160155 1
5947 4527 36160165 1
5962 4390 36160175 1
5977 4227 36160185 1
5993 4032 36160195 1
6007 3810 36160205 1
6012 3571 36160215 1
6012 3357 36160225 1
6001 3143 36160235 1
5986 2930 36160245 1
5967 2751 36160255 1
5942 2610 36160265 1
5906 2494 36160275 1
5862 2404 36160285 1
5804 2335 36160295 1
5742 2281 36160305 1
5677 2270 36160315 1
5412 5500 36160476 0
5458 5478 36160486 1
5411 5526 36160496 1
5416 5538 36160506 1
5439 5527 36160516 1
5474 5507 36160526 1
5507 5487 36160536 1
5543 5463 36160546 1
6627 4505 36160756 0
6713 4595 36160766 1
6722 4595 36160776 1
6702 4590 36160786 1
6721 4505 36160796 1
6736 4364 36160806 1
6749 4253 36160816 1
6771 4099 36160826 1
6792 3917 36160836 1
6813 3781 36160846 1
6831 3705 36160856 1
6847 3669 36160866 1
6862 3662 36160876 1
6552 5290 36161006 0
6557 5262 36161016 1
6551 5336 36161026 1
6542 5354 36161036 1
6559 5336 36161046 1
6580 5313 36161056 1
6622 5267 36161066 1
6675 5207 36161076 1
7479 4050 36161217 0
7394 3988 36161227 1
7297 3988 36161237 1
7269 4018 36161247 1
7288 4010 36161257 1
7315 4017 36161267 1
7382 4035 36161277 1
7475 4061 36161287 1
7608 4087 36161297 1
7779 4135 36161307 1
7975 4198 36161317 1
8188 4294 36161327 1
8409 4411 36161337 1
8636 4541 36161347 1
8802 4664 36161357 1
8905 4784 36161367 1
8966 4882 36161377 1
8966 4967 36161387 1
8924 5038 36161397 1
8856 5092 36161407 1
8761 5134 36161417 1
8668 5134 36161427 1
8576 5073 36161437 1
8494 4971 36161447 1
8441 4800 36161457 1
8407 4623 36161467 1
8442 4443 36161477 1
8545 4279 36161487 1
8693 4151 36161497 1
8903 4048 36161507 1
9172 3988 36161517 1
9481 3964 36161527 1
9809 3964 36161537 1
10098 3989 36161547 1
10362 4042 36161557 1
