238
4496 5469 60652563 0
4541 5589 60652573 1
4526 5613 60652583 1
4526 5618 60652593 1
4526 5618 60652603 1
4520 5600 60652613 1
4533 5580 60652623 1
4557 5371 60652633 1
4562 5123 60652643 1
4562 4849 60652653 1
4549 4577 60652663 1
4543 4348 60652673 1
4543 4147 60652683 1
4555 3990 60652693 1
4574 3872 60652703 1
4592 3779 60652713 1
4609 3739 60652723 1
4816 5885 60652864 0
4931 6090 60652874 1
4892 6126 60652884 1
4879 6141 60652894 1
4879 6141 60652904 1
4869 5856 60652984 0
4963 5829 60652994 1
4991 5852 60653004 1
5091 5912 60653014 1
5238 5989 60653024 1
5406 6078 60653034 1
5561 6194 60653044 1
5708 6253 60653054 1
5834 6275 60653064 1
5928 6270 60653074 1
6000 6221 60653084 1
6065 6142 60653094 1
6109 5981 60653104 1
6140 5743 60653114 1
6146 5453 60653124 1
6151 5146 60653134 1
6156 4855 60653144 1
6156 4576 60653154 1
6168 4317 60653164 1
6177 4054 60653174 1
6184 3820 60653184 1
6184 3608 60653194 1
6176 3476 60653204 1
6167 3382 60653214 1
5417 5031 60653404 0
5422 5082 60653414 1
5417 5108 60653424 1
5448 5133 60653434 1
5497 5173 60653444 1
5548 5223 60653454 1
5600 5255 60653464 1
5444 4963 60653575 0
5439 4920 60653585 1
5427 4920 60653595 1
5427 4925 60653605 1
5427 4925 60653615 1
5427 4925 60653625 1
5427 4932 60653635 1
5465 4940 60653645 1
5521 4955 60653655 1
5581 4974 60653665 1
5639 4982 60653675 1
5240 4488 60653805 0
5192 4447 60653815 1
5192 4447 60653825 1
5192 4447 60653835 1
5211 4447 60653845 1
5240 4455 60653855 1
5288 4465 60653865 1
5357 4478 60653875 1
5439 4503 60653885 1
5528 4533 60653895 1
5622 4566 60653905 1
7931 5804 60654175 0
7908 5777 60654185 1
7870 5784 60654195 1
7876 5804 60654205 1
7910 5823 60654215 1
7984 5858 60654225 1
8053 5904 60654235 1
8119 5936 60654245 1
8337 6270 60654386 0
8312 6248 60654396 1
8295 6248 60654406 1
8290 6242 60654416 1
8290 6242 60654426 1
8290 6242 60654436 1
8299 6201 60654446 1
8299 6137 60654456 1
8293 6073 60654466 1
8299 6018 60654476 1
8306 5969 60654486 1
8314 5910 60654496 1
8325 5845 60654506 1
8053 5537 60654616 0
8018 5454 60654626 1
7988 5475 60654636 1
7979 5468 60654646 1
7984 5442 60654656 1
7984 5419 60654666 1
7984 5397 60654676 1
7984 5380 60654686 1
7991 5365 60654686 1
7991 5365 60654696 1
7991 5365 60654706 1
8024 5361 60654716 1
8043 5393 60654726 1
8109 5452 60654736 1
8180 5529 60654746 1
8259 5582 60654756 1
8338 5631 60654766 1
8399 5656 60654776 1
8449 5666 60654786 1
8498 5671 60654796 1
8535 5671 60654806 1
8249 5303 60654907 0
8184 5224 60654917 1
8165 5217 60654927 1
8165 5225 60654937 1
8165 5225 60654947 1
8178 5225 60654957 1
8199 5241 60654967 1
8248 5261 60654977 1
8314 5291 60654987 1
8385 5318 60654997 1
8439 5335 60655007 1
8478 5281 60655057 0
8415 5216 60655067 1
8383 5192 60655077 1
8358 5170 60655087 1
8328 5134 60655097 1
8286 5087 60655107 1
8237 5034 60655117 1
8184 4967 60655127 1
8127 4897 60655137 1
8067 4819 60655147 1
7996 4738 60655157 1
7931 4655 60655167 1
8205 4939 60655257 0
8191 4821 60655267 1
8176 4767 60655277 1
8176 4717 60655287 1
8189 4672 60655297 1
8220 4641 60655307 1
8262 4620 60655317 1
8331 4609 60655327 1
8419 4625 60655337 1
8520 4658 60655347 1
8617 4702 60655357 1
8702 4764 60655367 1
8780 4838 60655377 1
9120 6108 60655527 0
9154 6098 60655537 1
9154 6119 60655547 1
9138 6125 60655557 1
9185 6151 60655567 1
9237 6191 60655577 1
9296 6224 60655587 1
9361 6256 60655597 1
9427 6287 60655608 1
9399 6567 60655718 0
9399 6567 60655728 1
9399 6567 60655738 1
9399 6567 60655748 1
9373 6508 60655758 1
9361 6464 60655768 1
9344 6418 60655778 1
9323 6360 60655788 1
9306 6294 60655798 1
9295 6222 60655808 1
9286 6157 60655818 1
9087 5784 60655918 0
9062 5725 60655928 1
9034 5725 60655938 1
9034 5725 60655948 1
9029 5719 60655958 1
9029 5711 60655968 1
9022 5681 60655978 1
9016 5637 60655988 1
9009 5585 60655998 1
9009 5530 60656008 1
9014 5509 60656018 1
9019 5509 60656028 1
9019 5509 60656038 1
9019 5509 60656048 1
9019 5509 60656058 1
9019 5509 60656068 1
9108 5604 60656078 1
9206 5713 60656088 1
9303 5777 60656098 1
9380 5817 60656108 1
9443 5842 60656118 1
9490 5847 60656128 1
9516 5847 60656138 1
9528 5847 60656148 1
9534 5835 60656158 1
9534 5814 60656168 1
9534 5785 60656178 1
9529 5743 60656188 1
9511 5703 60656198 1
9485 5665 60656208 1
9435 5611 60656218 1
9374 5558 60656228 1
9167 5398 60656319 0
9193 5354 60656329 1
9172 5348 60656339 1
9172 5348 60656349 1
9172 5348 60656359 1
9156 5341 60656369 1
9134 5307 60656379 1
9085 5255 60656389 1
9033 5193 60656399 1
8978 5132 60656409 1
8940 5072 60656419 1
9233 5307 60656489 0
9325 5263 60656499 1
9309 5243 60656509 1
9289 5188 60656519 1
9272 5110 60656529 1
9278 5051 60656539 1
9298 5000 60656549 1
9339 4955 60656559 1
9414 4922 60656569 1
9512 4911 60656579 1
9641 4916 60656589 1
9788 4942 60656599 1
9947 4977 60656609 1
10092 5019 60656619 1
10213 5061 60656629 1
10318 5103 60656639 1
10415 5143 60656649 1
10482 5179 60656659 1
10530 5203 60656669 1
10549 5220 60656679 1
10555 5230 60656689 1
10555 5269 60656699 1
