288
3258 5262 48945493 0
3208 5292 48945503 1
3188 5303 48945513 1
3188 5279 48945523 1
3188 5223 48945533 1
3196 5111 48945543 1
3196 4962 48945553 1
3187 4774 48945563 1
3179 4612 48945573 1
3171 4468 48945583 1
3162 4320 48945593 1
3153 4206 48945603 1
3153 4116 48945613 1
3165 4085 48945623 1
3192 4101 48945633 1
3402 5181 48945723 0
3452 5275 48945733 1
3461 5307 48945743 1
3461 5317 48945753 1
3466 5326 48945763 1
3474 5336 48945773 1
3487 5352 48945783 1
3513 5371 48945793 1
3547 5389 48945803 1
3597 5413 48945813 1
3971 5574 48945913 0
3981 5533 48945923 1
3965 5533 48945933 1
3965 5541 48945943 1
3974 5558 48945953 1
3989 5585 48945963 1
4040 5624 48945973 1
4105 5660 48945983 1
4179 5676 48945993 1
4250 5676 48946003 1
4311 5662 48946013 1
4364 5607 48946023 1
4403 5528 48946033 1
4430 5405 48946043 1
4450 5256 48946053 1
4461 5090 48946063 1
4473 4907 48946073 1
4483 4718 48946083 1
4492 4526 48946093 1
4501 4320 48946103 1
4513 4124 48946113 1
4529 3935 48946123 1
4547 3756 48946133 1
4564 3628 48946143 1
4580 3533 48946153 1
4580 3466 48946163 1
3715 4521 48946334 0
3694 4449 48946344 1
3667 4485 48946354 1
3667 4501 48946364 1
3685 4501 48946374 1
3728 4544 48946384 1
3774 4584 48946394 1
3826 4624 48946404 1
3882 4648 48946414 1
3931 4667 48946424 1
3847 4384 48946524 0
3788 4230 48946534 1
3749 4200 48946544 1
3724 4187 48946554 1
3719 4187 48946564 1
3736 4187 48946574 1
3768 4198 48946584 1
3833 4232 48946594 1
3913 4282 48946604 1
4004 4330 48946614 1
3950 4129 48946714 0
3879 3979 48946724 1
3837 3942 48946734 1
3789 3929 48946744 1
3770 3915 48946754 1
3770 3915 48946764 1
3782 3921 48946774 1
3816 3945 48946784 1
3883 3993 48946794 1
3971 4056 48946804 1
4075 4121 48946814 1
5228 5436 48947175 0
5292 5321 48947185 1
5229 5326 48947195 1
5236 5387 48947205 1
5267 5401 48947215 1
5315 5431 48947225 1
5386 5472 48947235 1
5473 5527 48947245 1
5571 5582 48947255 1
5666 5638 48947265 1
5739 5683 48947275 1
5796 5710 48947285 1
5823 5724 48947295 1
5823 5724 48947305 1
5813 5724 48947315 1
5781 5724 48947325 1
5710 5724 48947355 0
5663 5755 48947365 1
5642 5772 48947375 1
5623 5789 48947385 1
5606 5789 48947395 1
5593 5789 48947405 1
5583 5770 48947415 1
5573 5736 48947425 1
5564 5680 48947435 1
5558 5613 48947445 1
5552 5539 48947455 1
5546 5451 48947465 1
5539 5363 48947475 1
5533 5290 48947485 1
5417 5117 48947556 0
5385 5111 48947566 1
5371 5118 48947576 1
5371 5108 48947586 1
5371 5108 48947596 1
5365 5050 48947606 1
5377 5021 48947616 1
5395 4993 48947626 1
5421 4965 48947636 1
5447 4937 48947646 1
5472 4914 48947656 1
5495 4894 48947666 1
5484 4962 48947736 0
5465 5000 48947746 1
5451 5032 48947756 1
5451 5055 48947766 1
5451 5083 48947776 1
5477 5122 48947786 1
5514 5166 48947796 1
5571 5208 48947806 1
5645 5250 48947816 1
5729 5290 48947826 1
5818 5318 48947836 1
5876 5337 48947846 1
5912 5337 48947856 1
5926 5337 48947866 1
5926 5303 48947876 1
5618 4937 48947986 0
5569 4878 48947996 1
5532 4860 48948006 1
5512 4841 48948016 1
5503 4836 48948026 1
5503 4836 48948036 1
5530 4852 48948046 1
5568 4888 48948056 1
5641 4941 48948066 1
5715 4990 48948076 1
5791 5036 48948086 1
5844 5064 48948096 1
5882 5081 48948106 1
5773 4949 48948176 0
5730 4913 48948186 1
5712 4906 48948196 1
5692 4894 48948206 1
5665 4841 48948216 1
5634 4763 48948226 1
5599 4672 48948236 1
5565 4578 48948246 1
5533 4478 48948256 1
5509 4389 48948266 1
5493 4308 48948276 1
5493 4257 48948286 1
5514 4232 48948296 1
5804 4656 48948367 0
5889 4759 48948377 1
5889 4786 48948387 1
5882 4779 48948397 1
5874 4768 48948407 1
5865 4705 48948417 1
5854 4608 48948427 1
5865 4510 48948437 1
5891 4433 48948447 1
5935 4371 48948457 1
6001 4342 48948467 1
6081 4353 48948477 1
6174 4391 48948487 1
6273 4460 48948497 1
6362 4535 48948507 1
6441 4614 48948517 1
6124 5465 48948757 0
6098 5454 48948767 1
6092 5471 48948777 1
6092 5484 48948787 1
6128 5517 48948797 1
6191 5566 48948807 1
6275 5610 48948817 1
6373 5654 48948827 1
6463 5695 48948837 1
6547 5730 48948847 1
6612 5761 48948857 1
6654 5790 48948867 1
6680 5804 48948877 1
6530 5820 48948938 0
6487 5855 48948948 1
6476 5874 48948958 1
6468 5874 48948968 1
6468 5874 48948978 1
6468 5868 48948988 1
6456 5830 48948998 1
6444 5772 48949008 1
6425 5700 48949018 1
6405 5627 48949028 1
6384 5551 48949038 1
6374 5480 48949048 1
6362 5411 48949058 1
6348 5340 48949068 1
6328 5287 48949078 1
6307 5247 48949088 1
6286 5232 48949098 1
6261 5225 48949108 1
6239 5225 48949118 1
6224 5218 48949128 1
6213 5213 48949138 1
6208 5205 48949148 1
6208 5179 48949158 1
6208 5143 48949168 1
6208 5105 48949178 1
6221 5070 48949188 1
6237 5036 48949198 1
6254 5010 48949208 1
6271 5000 48949218 1
6284 5000 48949228 1
6298 5013 48949238 1
6303 5039 48949248 1
6303 5075 48949258 1
6303 5110 48949268 1
6303 5149 48949278 1
6318 5192 48949288 1
6348 5242 48949298 1
6402 5295 48949308 1
6462 5349 48949318 1
6535 5403 48949328 1
6615 5451 48949338 1
6698 5487 48949348 1
6781 5503 48949358 1
6840 5503 48949368 1
6884 5503 48949378 1
6906 5479 48949388 1
6912 5450 48949398 1
6907 5406 48949408 1
6890 5357 48949418 1
6855 5298 48949428 1
6807 5236 48949438 1
6565 5030 48949518 0
6565 5030 48949528 1
6565 5030 48949538 1
6524 4995 48949548 1
6505 4939 48949558 1
6484 4866 48949568 1
6465 4775 48949578 1
6448 4688 48949588 1
6429 4605 48949598 1
6408 4525 48949608 1
6391 4457 48949618 1
6378 4398 48949628 1
6373 4349 48949638 1
6373 4331 48949648 1
6392 4331 48949658 1
6578 4751 48949719 0
6623 4921 48949729 1
6623 4960 48949739 1
6628 4980 48949749 1
6628 4980 48949759 1
6628 4980 48949769 1
6628 4980 48949779 1
6628 4954 48949789 1
6640 4914 48949799 1
6648 4849 48949809 1
6648 4769 48949819 1
6640 4680 48949829 1
6640 4604 48949839 1
6646 4535 48949849 1
6675 4472 48949859 1
6716 4429 48949869 1
6787 4409 48949879 1
6875 4404 48949889 1
6975 4422 48949899 1
7076 4448 48949909 1
7180 4480 48949919 1
7288 4515 48949929 1
7395 4555 48949939 1
7475 4599 48949949 1
7537 4658 48949959 1
7580 4732 48949969 1
7607 4817 48949979 1
7622 4922 48949989 1
