342
1948 5980 61662075 0
1957 6000 61662085 1
1951 6021 61662095 1
1945 6027 61662105 1
1945 6027 61662115 1
1939 6027 61662125 1
1939 6027 61662135 1
1939 6027 61662145 1
1939 6027 61662155 1
1934 6008 61662165 1
1934 5980 61662175 1
1926 5937 61662185 1
1918 5869 61662195 1
1909 5785 61662205 1
1895 5687 61662215 1
1878 5563 61662225 1
1859 5423 61662235 1
1848 5259 61662245 1
1840 5107 61662255 1
1840 4964 61662265 1
1840 4859 61662275 1
1848 4787 61662285 1
1857 4738 61662295 1
1867 4717 61662305 1
1867 4710 61662315 1
1867 4710 61662325 1
1867 4743 61662335 1
1875 4800 61662345 1
2011 6188 61662485 0
2043 6231 61662495 1
2033 6231 61662505 1
2033 6236 61662515 1
2033 6236 61662525 1
2043 6241 61662535 1
2059 6246 61662545 1
2083 6251 61662555 1
2114 6258 61662565 1
2151 6273 61662575 1
2194 6293 61662585 1
2541 6246 61662696 0
2566 6262 61662706 1
2591 6278 61662716 1
2622 6299 61662726 1
2663 6320 61662736 1
2712 6339 61662746 1
2759 6353 61662756 1
2803 6360 61662766 1
2842 6360 61662776 1
2876 6345 61662786 1
2906 6326 61662796 1
2933 6291 61662806 1
2953 6247 61662816 1
2968 6188 61662826 1
2981 6113 61662836 1
2994 6027 61662846 1
3010 5918 61662856 1
3027 5808 61662866 1
3047 5702 61662876 1
3066 5582 61662886 1
3080 5449 61662896 1
3090 5281 61662906 1
3096 5113 61662916 1
3101 4952 61662926 1
3101 4796 61662936 1
3114 4649 61662946 1
3123 4495 61662956 1
3128 4337 61662966 1
3128 4180 61662976 1
3137 4075 61662986 1
3144 4004 61662996 1
3144 3972 61663006 1
3134 3972 61663016 1
3106 4002 61663026 1
2372 5607 61663186 0
2328 5593 61663196 1
2310 5611 61663206 1
2310 5643 61663216 1
2310 5665 61663226 1
2338 5692 61663236 1
2368 5723 61663246 1
2418 5760 61663256 1
2478 5801 61663266 1
2542 5846 61663276 1
2604 5881 61663286 1
2648 5901 61663296 1
2681 5911 61663306 1
2700 5906 61663316 1
2700 5896 61663326 1
2700 5857 61663336 1
2468 5528 61663397 0
2423 5369 61663407 1
2407 5387 61663417 1
2400 5381 61663427 1
2406 5358 61663437 1
2418 5358 61663447 1
2438 5358 61663457 1
2466 5369 61663467 1
2503 5395 61663477 1
2545 5425 61663487 1
2590 5458 61663497 1
2629 5485 61663507 1
2664 5508 61663517 1
2687 5516 61663527 1
2698 5516 61663537 1
2506 5167 61663607 0
2458 5068 61663617 1
2444 5046 61663627 1
2444 5035 61663637 1
2458 5035 61663647 1
2485 5035 61663657 1
2528 5050 61663667 1
2581 5078 61663677 1
2648 5113 61663687 1
2705 5145 61663697 1
2756 5174 61663707 1
4814 5981 61664378 0
4860 6004 61664388 1
4907 6020 61664398 1
4969 6041 61664408 1
5064 6076 61664418 1
5172 6111 61664428 1
5289 6146 61664438 1
5379 6173 61664448 1
5446 6195 61664458 1
5498 6206 61664468 1
5528 6213 61664478 1
5537 6213 61664488 1
5532 6213 61664498 1
5512 6213 61664508 1
5478 6213 61664518 1
5310 6273 61664608 0
5291 6280 61664618 1
5291 6280 61664628 1
5286 6262 61664638 1
5280 6235 61664648 1
5270 6197 61664658 1
5263 6155 61664668 1
5257 6107 61664678 1
5245 6057 61664688 1
5230 6004 61664698 1
5213 5948 61664708 1
5196 5889 61664718 1
5161 5753 61664789 0
5161 5753 61664799 1
5161 5753 61664809 1
5161 5753 61664819 1
5137 5717 61664829 1
5128 5687 61664839 1
5123 5648 61664849 1
5123 5605 61664859 1
5123 5564 61664869 1
5123 5528 61664879 1
5123 5494 61664889 1
5132 5473 61664899 1
5140 5460 61664909 1
5147 5452 61664919 1
5154 5452 61664929 1
5145 5550 61664979 0
5127 5621 61664989 1
5122 5657 61664999 1
5122 5687 61665009 1
5139 5710 61665019 1
5160 5732 61665029 1
5197 5751 61665039 1
5243 5769 61665049 1
5294 5785 61665059 1
5344 5797 61665069 1
5387 5803 61665079 1
5425 5803 61665089 1
5446 5803 61665099 1
5457 5793 61665109 1
5457 5783 61665119 1
5447 5758 61665129 1
5414 5722 61665139 1
5369 5680 61665149 1
5311 5635 61665159 1
5252 5585 61665169 1
5192 5538 61665179 1
5152 5505 61665189 1
5129 5481 61665199 1
5117 5471 61665209 1
5117 5471 61665219 1
5117 5471 61665229 1
5106 5456 61665239 1
5090 5419 61665249 1
5051 5365 61665259 1
5007 5301 61665269 1
4960 5248 61665279 1
4928 5202 61665289 1
4913 5180 61665299 1
4913 5180 61665309 1
4919 5190 61665319 1
4954 5239 61665329 1
5170 5471 61665370 0
5248 5518 61665380 1
5262 5523 61665390 1
5268 5523 61665400 1
5274 5512 61665410 1
5274 5503 61665420 1
5279 5487 61665430 1
5279 5463 61665440 1
5286 5432 61665450 1
5286 5399 61665460 1
5302 5365 61665470 1
5319 5334 61665480 1
5344 5312 61665490 1
5378 5296 61665500 1
5417 5296 61665510 1
5457 5296 61665520 1
5500 5308 61665530 1
5543 5332 61665540 1
5587 5365 61665550 1
5631 5404 61665560 1
5677 5444 61665570 1
5747 5772 61665670 0
5712 5781 61665680 1
5698 5791 61665690 1
5703 5800 61665700 1
5718 5818 61665710 1
5752 5840 61665720 1
5813 5870 61665730 1
5893 5905 61665740 1
5985 5943 61665750 1
6082 5978 61665760 1
6185 6009 61665770 1
6284 6032 61665780 1
6350 6049 61665790 1
6398 6060 61665800 1
6419 6066 61665810 1
6419 6066 61665820 1
6419 6066 61665830 1
6388 6056 61665840 1
6157 6156 61665930 0
6157 6156 61665940 1
6157 6156 61665950 1
6157 6156 61665960 1
6157 6156 61665970 1
6135 6127 61665980 1
6127 6089 61665990 1
6121 6042 61666000 1
6116 5992 61666010 1
6107 5939 61666020 1
6094 5885 61666030 1
6083 5832 61666040 1
6070 5788 61666050 1
5985 5794 61666121 0
5985 5794 61666131 1
5985 5794 61666141 1
5960 5756 61666151 1
5960 5728 61666161 1
5954 5693 61666171 1
5949 5654 61666181 1
5949 5611 61666191 1
5944 5570 61666201 1
5944 5531 61666211 1
5944 5501 61666221 1
5953 5481 61666231 1
5958 5469 61666241 1
5964 5469 61666251 1
5970 5488 61666261 1
5976 5520 61666271 1
5976 5552 61666281 1
5976 5585 61666291 1
5976 5620 61666301 1
5976 5652 61666311 1
5976 5679 61666321 1
5985 5698 61666331 1
5999 5714 61666341 1
6022 5731 61666351 1
6057 5749 61666361 1
6102 5768 61666371 1
6151 5787 61666381 1
6199 5797 61666391 1
6235 5797 61666401 1
6264 5797 61666411 1
6278 5783 61666421 1
6278 5763 61666431 1
6257 5735 61666441 1
6217 5697 61666451 1
6169 5655 61666461 1
6116 5613 61666461 1
6064 5575 61666471 1
6016 5539 61666481 1
5976 5517 61666491 1
5955 5505 61666501 1
5946 5500 61666511 1
5946 5500 61666521 1
5946 5500 61666531 1
5961 5514 61666541 1
5990 5534 61666551 1
6030 5556 61666561 1
6066 5573 61666571 1
6089 5582 61666581 1
6102 5582 61666591 1
6102 5573 61666601 1
6090 5545 61666611 1
6063 5504 61666621 1
6019 5452 61666631 1
5964 5395 61666641 1
5902 5327 61666651 1
5844 5266 61666661 1
5791 5209 61666671 1
5760 5170 61666681 1
5742 5152 61666691 1
5742 5152 61666701 1
5749 5152 61666711 1
5775 5168 61666721 1
5814 5199 61666731 1
6005 5435 61666792 0
6072 5494 61666802 1
6092 5510 61666812 1
6107 5519 61666822 1
6107 5519 61666832 1
6107 5519 61666842 1
6143 5519 61666852 1
6156 5505 61666862 1
6169 5487 61666872 1
6184 5466 61666882 1
6198 5438 61666892 1
6213 5405 61666902 1
6229 5366 61666912 1
6248 5322 61666922 1
6269 5286 61666932 1
6298 5255 61666942 1
6330 5227 61666952 1
6370 5205 61666962 1
6416 5187 61666972 1
6472 5173 61666982 1
6535 5166 61666992 1
6606 5166 61667002 1
6684 5166 61667012 1
6770 5184 61667022 1
6860 5209 61667032 1
6934 5239 61667042 1
6996 5269 61667052 1
7056 5306 61667062 1
7117 5349 61667072 1
7204 5417 61667082 1
7307 5501 61667092 1
7415 5595 61667102 1
7495 5677 61667112 1
7557 5731 61667122 1
