356
2177 5899 61686770 0
2186 6017 61686780 1
2171 6053 61686790 1
2158 6075 61686800 1
2149 6082 61686810 1
2149 6087 61686820 1
2144 6087 61686830 1
2139 6087 61686840 1
2139 6049 61686850 1
2139 5997 61686860 1
2139 5900 61686870 1
2134 5774 61686880 1
2126 5629 61686890 1
2114 5464 61686900 1
2099 5264 61686910 1
2081 5040 61686920 1
2069 4821 61686930 1
2061 4637 61686940 1
2061 4477 61686951 1
2074 4334 61686961 1
2092 4219 61686971 1
2109 4123 61686981 1
2125 4075 61686991 1
2132 4064 61687001 1
2132 4077 61687011 1
2132 4151 61687021 1
2235 6159 61687151 0
2309 6237 61687161 1
2309 6264 61687171 1
2314 6264 61687181 1
2325 6264 61687191 1
2345 6264 61687201 1
2376 6257 61687211 1
2414 6247 61687221 1
2459 6239 61687231 1
2849 6194 61687361 0
2894 6205 61687371 1
2912 6262 61687381 1
2940 6286 61687391 1
2984 6307 61687401 1
3032 6327 61687411 1
3078 6327 61687421 1
3119 6327 61687431 1
3159 6309 61687441 1
3208 6291 61687451 1
3261 6273 61687461 1
3317 6259 61687471 1
3372 6247 61687481 1
3422 6220 61687491 1
3460 6188 61687501 1
3489 6131 61687511 1
3504 6058 61687521 1
3504 5946 61687531 1
3496 5816 61687541 1
3487 5675 61687551 1
3481 5534 61687561 1
3481 5360 61687571 1
3488 5163 61687581 1
3497 4960 61687591 1
3505 4754 61687601 1
3512 4545 61687611 1
3521 4339 61687621 1
3528 4118 61687631 1
3534 3886 61687641 1
3539 3692 61687651 1
3539 3582 61687661 1
3534 3529 61687671 1
3525 3519 61687681 1
3492 3547 61687691 1
3442 3601 61687701 1
2715 5462 61687822 0
2664 5534 61687832 1
2642 5554 61687842 1
2622 5574 61687852 1
2622 5591 61687862 1
2622 5606 61687872 1
2629 5628 61687882 1
2655 5655 61687892 1
2691 5686 61687902 1
2734 5716 61687912 1
2775 5745 61687922 1
2813 5772 61687932 1
2849 5796 61687942 1
2878 5818 61687952 1
2901 5835 61687962 1
2919 5845 61687972 1
2926 5845 61687982 1
2758 5519 61688052 0
2734 5369 61688062 1
2723 5385 61688072 1
2718 5379 61688082 1
2724 5358 61688092 1
2734 5353 61688102 1
2749 5347 61688112 1
2772 5354 61688122 1
2803 5371 61688132 1
2843 5398 61688142 1
2884 5428 61688152 1
2923 5459 61688162 1
2958 5474 61688172 1
2985 5484 61688182 1
3007 5484 61688192 1
3015 5473 61688202 1
3002 5432 61688212 1
2976 5372 61688222 1
2932 5297 61688232 1
2888 5227 61688242 1
2844 5161 61688252 1
2813 5123 61688262 1
2799 5104 61688272 1
2799 5098 61688282 1
2799 5098 61688292 1
2812 5087 61688302 1
2846 5094 61688312 1
2894 5111 61688322 1
2959 5143 61688332 1
3028 5181 61688343 1
3113 5224 61688353 1
6256 5919 61688953 0
6177 5871 61688963 1
6148 5878 61688973 1
6148 5884 61688983 1
6148 5895 61688993 1
6158 5910 61689003 1
6200 5933 61689013 1
6263 5964 61689023 1
6354 6000 61689033 1
6444 6036 61689043 1
6531 6060 61689053 1
6608 6076 61689063 1
6681 6092 61689073 1
6757 6108 61689083 1
6829 6124 61689093 1
6877 6133 61689103 1
6910 6139 61689113 1
6568 6194 61689214 0
6568 6194 61689224 1
6548 6216 61689234 1
6548 6216 61689244 1
6548 6210 61689254 1
6548 6197 61689264 1
6540 6159 61689274 1
6540 6105 61689284 1
6533 6045 61689294 1
6528 5979 61689304 1
6520 5904 61689314 1
6509 5823 61689324 1
6500 5761 61689334 1
6454 5698 61689404 0
6448 5650 61689414 1
6428 5634 61689424 1
6419 5621 61689434 1
6419 5597 61689444 1
6408 5552 61689454 1
6401 5493 61689464 1
6401 5425 61689484 1
6401 5356 61689494 1
6401 5287 61689504 1
6401 5232 61689514 1
6407 5185 61689524 1
6407 5159 61689534 1
6413 5159 61689544 1
6440 5456 61689604 0
6452 5584 61689614 1
6452 5617 61689624 1
6465 5639 61689634 1
6481 5658 61689644 1
6506 5672 61689654 1
6540 5685 61689664 1
6581 5698 61689664 1
6625 5708 61689674 1
6663 5708 61689684 1
6698 5708 61689694 1
6724 5708 61689704 1
6737 5695 61689714 1
6737 5675 61689724 1
6722 5647 61689734 1
6688 5608 61689744 1
6643 5564 61689754 1
6591 5517 61689764 1
6537 5470 61689774 1
6482 5423 61689784 1
6437 5391 61689794 1
6413 5368 61689804 1
6402 5360 61689814 1
6402 5360 61689824 1
6402 5360 61689834 1
6416 5367 61689844 1
6449 5387 61689854 1
6497 5417 61689864 1
6544 5442 61689874 1
6580 5465 61689884 1
6608 5472 61689894 1
6619 5472 61689904 1
6619 5454 61689914 1
6610 5418 61689924 1
6574 5370 61689934 1
6522 5301 61689944 1
6459 5234 61689954 1
6398 5169 61689964 1
6340 5112 61689974 1
6312 5081 61689984 1
6302 5068 61689994 1
6302 5068 61690004 1
6319 5084 61690014 1
6348 5108 61690024 1
6391 5153 61690034 1
6468 5253 61690065 0
6531 5343 61690075 1
6556 5378 61690085 1
6572 5396 61690095 1
6583 5403 61690105 1
6590 5403 61690115 1
6598 5403 61690125 1
6608 5383 61690135 1
6617 5354 61690145 1
6623 5307 61690155 1
6623 5260 61690165 1
6637 5211 61690175 1
6662 5169 61690185 1
6696 5133 61690195 1
6746 5109 61690205 1
6813 5103 61690215 1
6890 5110 61690225 1
6964 5134 61690235 1
7040 5167 61690245 1
7119 5206 61690255 1
7200 5247 61690265 1
7281 5293 61690275 1
7437 5936 61690476 0
7437 5936 61690486 1
7397 5942 61690496 1
7389 5948 61690506 1
7384 5948 61690516 1
7384 5955 61690526 1
7391 5955 61690536 1
7424 5971 61690546 1
7473 5982 61690556 1
7543 5992 61690566 1
7615 6037 61690576 1
7691 6063 61690586 1
7755 6077 61690596 1
7812 6087 61690606 1
7848 6095 61690616 1
7860 6095 61690626 1
7860 6095 61690636 1
7837 6088 61690646 1
7585 6127 61690736 0
7585 6127 61690746 1
7585 6127 61690756 1
7585 6127 61690766 1
7585 6089 61690776 1
7585 6032 61690786 1
7578 5970 61690796 1
7569 5902 61690806 1
7558 5833 61690816 1
7543 5779 61690826 1
7424 5801 61690896 0
7417 5850 61690906 1
7407 5856 61690916 1
7393 5839 61690926 1
7393 5806 61690936 1
7387 5760 61690946 1
7382 5703 61690956 1
7382 5639 61690966 1
7382 5578 61690976 1
7393 5505 61690986 1
7405 5470 61690996 1
7405 5470 61691006 1
7422 5681 61691086 0
7414 5717 61691096 1
7407 5717 61691106 1
7407 5724 61691116 1
7412 5724 61691126 1
7421 5730 61691136 1
7451 5736 61691146 1
7494 5743 61691156 1
7548 5756 61691166 1
7603 5767 61691176 1
7652 5772 61691186 1
7698 5772 61691196 1
7732 5772 61691206 1
7754 5764 61691216 1
7767 5753 61691226 1
7772 5738 61691236 1
7762 5719 61691246 1
7743 5689 61691256 1
7704 5652 61691266 1
7659 5617 61691276 1
7611 5586 61691286 1
7568 5557 61691296 1
7525 5530 61691306 1
7486 5513 61691316 1
7451 5503 61691326 1
7430 5498 61691336 1
7418 5498 61691346 1
7418 5498 61691356 1
7418 5498 61691366 1
7423 5498 61691377 1
7423 5498 61691387 1
7457 5506 61691397 1
7485 5515 61691407 1
7513 5524 61691417 1
7539 5531 61691427 1
7554 5531 61691437 1
7562 5531 61691447 1
7562 5531 61691457 1
7562 5531 61691467 1
7555 5520 61691477 1
7530 5486 61691487 1
7493 5439 61691497 1
7448 5379 61691507 1
7400 5318 61691517 1
7354 5260 61691527 1
7308 5217 61691537 1
7278 5183 61691547 1
7266 5166 61691557 1
7266 5160 61691567 1
7266 5160 61691577 1
7273 5166 61691587 1
7550 5434 61691657 0
7624 5467 61691667 1
7647 5482 61691677 1
7660 5497 61691687 1
7681 5509 61691697 1
7701 5517 61691707 1
7715 5517 61691717 1
7725 5517 61691727 1
7732 5511 61691737 1
7732 5499 61691747 1
7732 5482 61691757 1
7723 5456 61691767 1
7717 5424 61691777 1
7711 5391 61691787 1
7711 5356 61691797 1
7723 5321 61691807 1
7739 5291 61691817 1
7760 5264 61691827 1
7795 5236 61691837 1
7838 5211 61691847 1
7889 5189 61691857 1
7943 5169 61691867 1
8003 5152 61691877 1
8070 5137 61691887 1
8143 5129 61691897 1
8224 5124 61691907 1
8314 5124 61691917 1
8407 5124 61691927 1
8490 5139 61691937 1
8566 5153 61691947 1
8641 5174 61691957 1
8719 5207 61691967 1
8803 5248 61691977 1
8890 5302 61691987 1
8958 5353 61691997 1
9012 5397 61692007 1
