315
2199 6094 61678418 0
2199 6094 61678428 1
2199 6094 61678438 1
2168 6099 61678448 1
2153 6082 61678458 1
2136 6056 61678468 1
2118 6019 61678478 1
2109 5951 61678488 1
2100 5864 61678498 1
2089 5727 61678508 1
2069 5585 61678518 1
2043 5409 61678528 1
2019 5212 61678538 1
2007 5035 61678548 1
2002 4858 61678558 1
2011 4726 61678568 1
2024 4624 61678578 1
2043 4576 61678588 1
2059 4554 61678598 1
2066 4549 61678608 1
2066 4563 61678619 1
2066 4629 61678629 1
2142 6207 61678739 0
2184 6330 61678749 1
2178 6361 61678759 1
2178 6361 61678769 1
2188 6369 61678779 1
2199 6369 61678789 1
2220 6369 61678799 1
2249 6369 61678809 1
2285 6358 61678819 1
2325 6344 61678829 1
2663 6254 61678929 0
2759 6307 61678939 1
2784 6328 61678949 1
2822 6342 61678959 1
2859 6352 61678969 1
2896 6352 61678979 1
2932 6352 61678989 1
2968 6338 61678999 1
3008 6325 61679009 1
3050 6305 61679019 1
3089 6277 61679029 1
3114 6218 61679039 1
3129 6141 61679049 1
3129 6036 61679059 1
3129 5927 61679069 1
3120 5813 61679079 1
3120 5697 61679089 1
3130 5584 61679099 1
3138 5446 61679109 1
3149 5295 61679119 1
3165 5107 61679129 1
3181 4911 61679139 1
3195 4710 61679149 1
3216 4524 61679159 1
3237 4326 61679169 1
3259 4121 61679179 1
3279 3974 61679189 1
3290 3842 61679199 1
3297 3719 61679209 1
3297 3623 61679219 1
3279 3546 61679229 1
3254 3482 61679239 1
3229 3461 61679249 1
3196 3471 61679259 1
2515 5651 61679410 0
2515 5651 61679420 1
2483 5684 61679430 1
2483 5698 61679440 1
2492 5711 61679450 1
2513 5738 61679460 1
2555 5773 61679470 1
2612 5818 61679480 1
2679 5864 61679490 1
2739 5910 61679500 1
2781 5937 61679510 1
2813 5948 61679520 1
2831 5948 61679530 1
2836 5941 61679540 1
2831 5907 61679550 1
2546 5515 61679620 0
2522 5414 61679630 1
2517 5409 61679640 1
2528 5435 61679650 1
2547 5430 61679660 1
2575 5430 61679670 1
2608 5440 61679680 1
2657 5460 61679690 1
2714 5487 61679700 1
2768 5520 61679710 1
2816 5544 61679720 1
2860 5563 61679730 1
2892 5569 61679740 1
2906 5551 61679750 1
2727 5192 61679810 0
2649 5051 61679820 1
2630 5044 61679830 1
2630 5044 61679840 1
2656 5044 61679850 1
2689 5044 61679860 1
2746 5071 61679870 1
2807 5107 61679880 1
2883 5148 61679890 1
5051 6062 61680491 0
5059 6031 61680501 1
5068 6045 61680511 1
5102 6083 61680521 1
5159 6106 61680531 1
5231 6131 61680541 1
5320 6158 61680551 1
5420 6190 61680551 1
5526 6220 61680561 1
5608 6243 61680571 1
5668 6261 61680581 1
5712 6273 61680591 1
5734 6278 61680601 1
5734 6278 61680611 1
5734 6278 61680621 1
5711 6278 61680631 1
5478 6362 61680742 0
5478 6362 61680752 1
5478 6362 61680762 1
5478 6362 61680772 1
5478 6362 61680782 1
5478 6306 61680792 1
5478 6264 61680802 1
5478 6219 61680812 1
5478 6168 61680822 1
5465 6113 61680832 1
5450 6057 61680842 1
5387 5931 61680922 0
5381 5899 61680932 1
5372 5881 61680942 1
5364 5855 61680952 1
5358 5813 61680962 1
5351 5760 61680972 1
5351 5703 61680982 1
5351 5645 61680992 1
5351 5585 61681002 1
5351 5538 61681012 1
5351 5501 61681022 1
5358 5472 61681032 1
5358 5458 61681042 1
5362 5620 61681112 0
5368 5712 61681122 1
5368 5737 61681132 1
5378 5751 61681142 1
5387 5766 61681152 1
5413 5785 61681162 1
5449 5806 61681172 1
5502 5833 61681182 1
5555 5859 61681192 1
5608 5882 61681202 1
5648 5889 61681212 1
5678 5889 61681222 1
5695 5878 61681232 1
5695 5867 61681242 1
5687 5835 61681252 1
5656 5790 61681262 1
5609 5746 61681272 1
5552 5701 61681282 1
5493 5660 61681292 1
5439 5623 61681302 1
5395 5596 61681312 1
5372 5582 61681322 1
5361 5576 61681332 1
5361 5576 61681342 1
5371 5581 61681352 1
5400 5591 61681362 1
5443 5619 61681372 1
5494 5647 61681382 1
5540 5671 61681392 1
5573 5689 61681402 1
5598 5689 61681412 1
5607 5689 61681422 1
5599 5671 61681432 1
5579 5633 61681442 1
5536 5583 61681452 1
5484 5524 61681462 1
5426 5464 61681472 1
5378 5400 61681482 1
5334 5358 61681492 1
5316 5332 61681502 1
5316 5332 61681512 1
5322 5343 61681522 1
5520 5617 61681583 0
5569 5638 61681593 1
5569 5638 61681603 1
5569 5624 61681613 1
5569 5598 61681623 1
5569 5562 61681633 1
5569 5514 61681643 1
5581 5462 61681653 1
5598 5411 61681663 1
5631 5362 61681673 1
5672 5330 61681683 1
5730 5318 61681693 1
5796 5318 61681703 1
5867 5343 61681713 1
5931 5383 61681723 1
5989 5433 61681733 1
6077 5886 61681883 0
6052 5931 61681893 1
6047 5953 61681903 1
6060 5978 61681913 1
6083 6007 61681923 1
6128 6038 61681933 1
6198 6047 61681943 1
6285 6086 61681953 1
6381 6144 61681963 1
6474 6175 61681973 1
6544 6201 61681983 1
6599 6217 61681993 1
6627 6226 61682003 1
6638 6226 61682013 1
6638 6226 61682023 1
6624 6226 61682033 1
6588 6215 61682043 1
6326 6316 61682134 0
6326 6342 61682144 1
6326 6342 61682154 1
6332 6337 61682164 1
6341 6309 61682174 1
6349 6266 61682184 1
6349 6200 61682194 1
6349 6131 61682204 1
6349 6057 61682214 1
6338 5982 61682224 1
6324 5915 61682234 1
6307 5854 61682244 1
6161 5864 61682314 0
6161 5864 61682324 1
6161 5864 61682334 1
6161 5864 61682344 1
6161 5864 61682354 1
6155 5796 61682364 1
6155 5745 61682374 1
6155 5695 61682384 1
6160 5646 61682394 1
6160 5603 61682404 1
6166 5564 61682414 1
6172 5538 61682424 1
6180 5523 61682434 1
6182 5644 61682494 0
6190 5719 61682504 1
6195 5739 61682514 1
6200 5759 61682524 1
6215 5776 61682534 1
6239 5795 61682544 1
6279 5813 61682554 1
6327 5831 61682564 1
6377 5848 61682574 1
6416 5848 61682584 1
6448 5848 61682594 1
6471 5837 61682604 1
6484 5819 61682614 1
6490 5796 61682624 1
6477 5766 61682634 1
6445 5726 61682644 1
6401 5681 61682654 1
6349 5635 61682664 1
6292 5590 61682674 1
6232 5553 61682684 1
6180 5522 61682694 1
6151 5509 61682704 1
6137 5509 61682714 1
6137 5509 61682724 1
6137 5509 61682734 1
6148 5524 61682744 1
6178 5543 61682754 1
6221 5573 61682764 1
6269 5600 61682774 1
6305 5619 61682784 1
6333 5626 61682794 1
6348 5626 61682804 1
6348 5609 61682814 1
6339 5573 61682824 1
6304 5523 61682834 1
6259 5461 61682835 1
6206 5388 61682845 1
6150 5308 61682855 1
6099 5241 61682865 1
6069 5192 61682875 1
6051 5154 61682885 1
6058 5154 61682895 1
6067 5164 61682905 1
6097 5189 61682915 1
6311 5509 61682975 0
6378 5555 61682985 1
6383 5562 61682995 1
6390 5562 61683005 1
6399 5562 61683015 1
6409 5553 61683025 1
6419 5536 61683035 1
6427 5502 61683045 1
6433 5457 61683055 1
6444 5410 61683065 1
6456 5362 61683075 1
6470 5312 61683085 1
6490 5270 61683095 1
6520 5233 61683105 1
6559 5196 61683115 1
6609 5169 61683125 1
6680 5148 61683135 1
6765 5140 61683145 1
6867 5140 61683155 1
6961 5146 61683165 1
7049 5168 61683175 1
7150 5200 61683185 1
7251 5238 61683195 1
7337 5279 61683205 1
7414 5318 61683215 1
7463 5353 61683225 1
7483 5387 61683235 1
