260
4126 5477 60588932 0
4090 5520 60588942 1
4076 5548 60588952 1
4060 5562 60588962 1
4060 5562 60588972 1
4060 5562 60588982 1
4060 5555 60588992 1
4069 5490 60589002 1
4069 5383 60589012 1
4069 5202 60589022 1
4061 4995 60589032 1
4049 4772 60589042 1
4034 4561 60589052 1
4017 4374 60589062 1
4004 4203 60589072 1
3999 4074 60589082 1
4004 3986 60589092 1
4012 3926 60589102 1
4019 3894 60589112 1
4025 3883 60589122 1
4031 3883 60589132 1
4426 5881 60589462 0
4449 5937 60589472 1
4430 5965 60589482 1
4424 5973 60589492 1
4424 5973 60589502 1
4430 5766 60589593 0
4474 5708 60589603 1
4479 5703 60589613 1
4479 5712 60589623 1
4529 5743 60589633 1
4607 5795 60589643 1
4701 5862 60589653 1
4791 5911 60589663 1
4860 5945 60589673 1
4914 5969 60589683 1
4968 5984 60589693 1
5020 5997 60589703 1
5070 5989 60589713 1
5117 5969 60589723 1
5164 5910 60589733 1
5208 5796 60589743 1
5225 5646 60589753 1
5225 5412 60589763 1
5211 5179 60589773 1
5198 4947 60589783 1
5186 4693 60589793 1
5195 4463 60589803 1
5205 4248 60589813 1
5218 4027 60589823 1
5233 3838 60589833 1
5247 3670 60589843 1
5261 3560 60589853 1
5275 3483 60589863 1
5275 3429 60589873 1
5275 3419 60589883 1
4596 4945 60590113 0
4646 5015 60590123 1
4656 5042 60590133 1
4669 5074 60590143 1
4739 5125 60590153 1
4793 5159 60590163 1
4835 5183 60590173 1
4601 4780 60590314 0
4601 4746 60590324 1
4601 4746 60590334 1
4627 4755 60590344 1
4666 4773 60590354 1
4716 4791 60590364 1
4770 4810 60590374 1
4820 4830 60590384 1
4391 4339 60590504 0
4361 4269 60590514 1
4356 4269 60590524 1
4372 4258 60590534 1
4402 4244 60590544 1
4461 4314 60590554 1
4525 4355 60590564 1
4609 4376 60590574 1
4703 4408 60590584 1
7030 5619 60590945 0
7031 5584 60590955 1
6988 5615 60590965 1
7000 5615 60590975 1
7048 5634 60590985 1
7127 5662 60590995 1
7222 5696 60591005 1
7327 5731 60591015 1
7427 5766 60591025 1
7490 6074 60591165 0
7490 6074 60591175 1
7490 6074 60591185 1
7490 6074 60591195 1
7490 6074 60591205 1
7490 6074 60591215 1
7490 6074 60591225 1
7490 6074 60591235 1
7469 6004 60591245 1
7462 5965 60591255 1
7462 5913 60591265 1
7467 5852 60591275 1
7467 5783 60591285 1
7462 5709 60591295 1
7166 5342 60591405 0
7148 5258 60591415 1
7120 5258 60591425 1
7120 5295 60591435 1
7120 5295 60591445 1
7120 5287 60591455 1
7120 5279 60591465 1
7125 5247 60591475 1
7132 5222 60591485 1
7141 5201 60591495 1
7150 5193 60591505 1
7158 5193 60591515 1
7166 5193 60591525 1
7192 5209 60591535 1
7244 5250 60591545 1
7312 5307 60591555 1
7388 5366 60591565 1
7462 5420 60591575 1
7524 5455 60591585 1
7579 5479 60591595 1
7615 5493 60591605 1
7637 5502 60591615 1
7650 5502 60591625 1
7650 5502 60591635 1
7650 5494 60591645 1
7650 5484 60591655 1
7655 5455 60591665 1
7353 5073 60591756 0
7315 5038 60591766 1
7301 5038 60591776 1
7301 5043 60591786 1
7301 5043 60591796 1
7312 5043 60591806 1
7345 5059 60591816 1
7395 5081 60591826 1
7456 5106 60591836 1
7429 4981 60591936 0
7395 4941 60591946 1
7367 4935 60591956 1
7357 4935 60591966 1
7348 4927 60591976 1
7338 4911 60591986 1
7308 4867 60591996 1
7267 4807 60592006 1
7229 4744 60592016 1
7195 4693 60592026 1
7165 4651 60592036 1
7136 4591 60592046 1
7104 4542 60592056 1
7363 4750 60592136 0
7456 4747 60592146 1
7456 4728 60592156 1
7456 4683 60592166 1
7448 4638 60592176 1
7462 4602 60592186 1
7480 4573 60592196 1
7518 4551 60592206 1
7567 4544 60592216 1
7635 4544 60592226 1
7703 4566 60592236 1
7768 4592 60592246 1
7816 4624 60592256 1
7853 4667 60592266 1
7932 5645 60592487 0
7886 5652 60592497 1
7863 5699 60592507 1
7835 5715 60592517 1
7855 5715 60592527 1
7904 5744 60592537 1
7972 5775 60592547 1
8038 5806 60592557 1
8105 5840 60592567 1
8173 5875 60592577 1
8195 6097 60592687 0
8183 6045 60592697 1
8177 6070 60592707 1
8177 6075 60592717 1
8177 6067 60592727 1
8165 6032 60592737 1
8150 5994 60592747 1
8141 5950 60592757 1
8135 5904 60592767 1
8135 5855 60592777 1
8135 5798 60592787 1
8140 5734 60592797 1
7968 5484 60592907 0
7958 5456 60592917 1
7928 5456 60592927 1
7928 5449 60592937 1
7928 5437 60592947 1
7928 5421 60592957 1
7922 5395 60592967 1
7922 5369 60592977 1
7922 5331 60592987 1
7933 5286 60592997 1
7943 5256 60593007 1
7952 5230 60593017 1
7961 5208 60593027 1
7967 5198 60593037 1
7967 5198 60593047 1
7976 5198 60593057 1
8010 5230 60593067 1
8062 5291 60593077 1
8137 5374 60593087 1
8209 5434 60593097 1
8278 5468 60593107 1
8326 5484 60593117 1
8361 5489 60593127 1
8386 5489 60593137 1
8397 5484 60593147 1
8397 5476 60593157 1
8397 5466 60593167 1
8397 5453 60593177 1
8391 5424 60593187 1
8379 5386 60593197 1
8365 5353 60593207 1
8342 5318 60593217 1
8313 5278 60593227 1
8275 5238 60593237 1
8237 5197 60593247 1
8199 5161 60593257 1
8105 5049 60593368 0
8116 5023 60593378 1
8108 5017 60593388 1
8091 5017 60593398 1
8091 5017 60593408 1
8068 4988 60593418 1
8040 4951 60593428 1
8011 4911 60593438 1
7982 4857 60593448 1
7953 4795 60593458 1
7932 4734 60593468 1
7916 4689 60593478 1
8308 5053 60593548 0
8396 5079 60593558 1
8391 5071 60593568 1
8373 5021 60593578 1
8346 4966 60593588 1
8313 4901 60593598 1
8301 4832 60593608 1
8301 4776 60593618 1
8331 4730 60593628 1
8362 4691 60593638 1
8411 4662 60593648 1
8470 4641 60593658 1
8550 4626 60593668 1
8645 4626 60593678 1
8750 4638 60593688 1
8874 4665 60593698 1
8991 4696 60593708 1
9103 4745 60593718 1
9205 4805 60593728 1
9289 4861 60593738 1
9360 4905 60593748 1
9404 4942 60593758 1
9427 4977 60593768 1
9435 5013 60593778 1
