246
5754 4618 60689707 1
5741 4618 60689717 1
5741 4606 60689727 1
5746 4606 60689737 1
5759 4575 60689747 1
5773 4415 60689757 1
5783 4174 60689767 1
5783 3913 60689777 1
5772 3688 60689787 1
5772 3486 60689797 1
5765 3306 60689807 1
5765 3158 60689817 1
5772 3031 60689827 1
5784 2944 60689837 1
5784 2904 60689847 1
5784 2896 60689857 1
5784 2896 60689867 1
6006 5220 60690147 0
6160 5307 60690157 1
6091 5342 60690167 1
6073 5370 60690177 1
6088 5394 60690187 1
6152 5226 60690287 0
6218 5188 60690297 1
6231 5235 60690307 1
6318 5278 60690307 1
6431 5346 60690317 1
6562 5431 60690327 1
6687 5491 60690337 1
6813 5546 60690347 1
6908 5579 60690357 1
6983 5600 60690367 1
7039 5600 60690377 1
7078 5580 60690387 1
7105 5541 60690397 1
7118 5453 60690407 1
7113 5297 60690417 1
7097 5095 60690427 1
7074 4826 60690437 1
7052 4553 60690447 1
7045 4275 60690457 1
7045 3995 60690467 1
7067 3703 60690477 1
7091 3468 60690487 1
7120 3271 60690497 1
7147 3059 60690508 1
7167 2891 60690518 1
7183 2753 60690528 1
7188 2651 60690538 1
7188 2611 60690548 1
7188 2611 60690558 1
7188 2611 60690568 1
7150 2611 60690578 1
6335 4453 60690948 0
6252 4489 60690958 1
6259 4503 60690968 1
6287 4503 60690978 1
6349 4522 60690988 1
6412 4543 60690998 1
6481 4563 60691008 1
6557 4584 60691018 1
6377 4180 60691139 0
6330 4099 60691149 1
6311 4099 60691159 1
6322 4134 60691169 1
6356 4143 60691179 1
6395 4157 60691189 1
6445 4175 60691199 1
6504 4196 60691209 1
6570 4214 60691219 1
6074 3682 60691319 0
5912 3542 60691329 1
5861 3525 60691339 1
5845 3525 60691349 1
5859 3525 60691359 1
5894 3534 60691369 1
5971 3565 60691379 1
6081 3611 60691389 1
6214 3667 60691399 1
6364 3736 60691409 1
6499 3797 60691419 1
8070 5004 60691659 0
8070 5004 60691669 1
8005 5029 60691679 1
8029 5048 60691689 1
8098 5090 60691699 1
8186 5124 60691709 1
8278 5153 60691719 1
8376 5228 60691729 1
8511 5593 60691870 0
8442 5580 60691880 1
8427 5603 60691890 1
8427 5608 60691900 1
8427 5600 60691910 1
8427 5600 60691920 1
8427 5593 60691930 1
8432 5531 60691940 1
8432 5432 60691950 1
8423 5354 60691960 1
8423 5275 60691970 1
8242 4899 60692080 0
8241 4772 60692090 1
8204 4748 60692100 1
8130 4757 60692110 1
8130 4750 60692120 1
8125 4742 60692130 1
8125 4709 60692140 1
8119 4659 60692150 1
8119 4621 60692160 1
8134 4595 60692170 1
8149 4577 60692180 1
8163 4569 60692190 1
8179 4569 60692200 1
8196 4569 60692210 1
8240 4601 60692220 1
8306 4662 60692230 1
8386 4743 60692240 1
8461 4811 60692250 1
8512 4847 60692260 1
8548 4861 60692270 1
8569 4861 60692280 1
8582 4855 60692290 1
8589 4845 60692300 1
8589 4830 60692310 1
8595 4799 60692320 1
8590 4758 60692330 1
8580 4721 60692340 1
8564 4684 60692350 1
8532 4648 60692360 1
8488 4604 60692370 1
8435 4548 60692380 1
8375 4483 60692390 1
8285 4373 60692441 0
8323 4389 60692451 1
8317 4389 60692461 1
8317 4375 60692471 1
8302 4354 60692481 1
8287 4333 60692491 1
8265 4296 60692501 1
8237 4248 60692511 1
8204 4195 60692521 1
8176 4144 60692531 1
8151 4111 60692541 1
8331 4233 60692611 0
8352 4180 60692621 1
8344 4144 60692631 1
8359 4099 60692641 1
8388 4068 60692651 1
8433 4047 60692661 1
8493 4033 60692671 1
8564 4040 60692681 1
8652 4062 60692691 1
8733 4093 60692701 1
8810 4128 60692711 1
8866 4166 60692721 1
8894 4207 60692731 1
8904 4275 60692741 1
8886 5187 60692861 0
8928 5193 60692871 1
8928 5229 60692881 1
8938 5257 60692891 1
8979 5280 60692901 1
9041 5330 60692911 1
9102 5380 60692921 1
9165 5429 60692931 1
9234 5481 60692941 1
9153 5707 60693061 0
9144 5681 60693071 1
9133 5681 60693081 1
9133 5687 60693091 1
9133 5641 60693101 1
9119 5602 60693111 1
9102 5567 60693121 1
9102 5513 60693131 1
9102 5454 60693141 1
9102 5392 60693151 1
9108 5318 60693161 1
9008 5112 60693242 0
8979 5023 60693252 1
8954 5033 60693262 1
8937 5026 60693272 1
8931 5009 60693282 1
8931 4986 60693292 1
8931 4949 60693302 1
8923 4903 60693312 1
8923 4857 60693322 1
8929 4819 60693332 1
8940 4794 60693342 1
8950 4775 60693352 1
8959 4768 60693362 1
8966 4768 60693372 1
8976 4779 60693382 1
9020 4826 60693392 1
9086 4897 60693402 1
9152 4983 60693412 1
9200 5015 60693422 1
9236 5032 60693432 1
9268 5038 60693442 1
9291 5038 60693452 1
9308 5038 60693462 1
9319 5028 60693472 1
9326 5016 60693482 1
9326 5002 60693492 1
9335 4972 60693502 1
9335 4932 60693512 1
9326 4890 60693522 1
9315 4854 60693532 1
9307 4818 60693542 1
9279 4780 60693552 1
9236 4739 60693562 1
9183 4698 60693572 1
9125 4658 60693582 1
9126 4620 60693672 0
9126 4620 60693682 1
9117 4593 60693692 1
9107 4585 60693702 1
9100 4578 60693712 1
9085 4554 60693722 1
9064 4520 60693732 1
9024 4430 60693742 1
8988 4381 60693752 1
8973 4359 60693762 1
9203 4554 60693833 0
9238 4544 60693843 1
9227 4526 60693853 1
9218 4483 60693863 1
9211 4435 60693873 1
9203 4370 60693883 1
9223 4294 60693893 1
9260 4233 60693903 1
9329 4191 60693913 1
9416 4161 60693923 1
9514 4161 60693933 1
9629 4177 60693943 1
9746 4207 60693953 1
9868 4237 60693963 1
9973 4264 60693973 1
10068 4282 60693983 1
10136 4302 60693993 1
10186 4326 60694003 1
10224 4343 60694013 1
10246 4360 60694023 1
10254 4373 60694033 1
10254 4380 60694043 1
10254 4403 60694053 1
10254 4438 60694063 1
