258
6284 4890 60675666 0
6296 4979 60675676 1
6261 5020 60675686 1
6232 5033 60675696 1
6232 5026 60675706 1
6232 5026 60675716 1
6237 4928 60675726 1
6242 4773 60675736 1
6242 4539 60675746 1
6231 4315 60675756 1
6238 4097 60675766 1
6245 3913 60675776 1
6252 3751 60675786 1
6270 3605 60675796 1
6286 3506 60675806 1
6300 3432 60675816 1
6312 3374 60675826 1
6318 3361 60675837 1
6318 3361 60675847 1
6547 5450 60675987 0
6625 5636 60675997 1
6625 5674 60676007 1
6616 5694 60676017 1
6616 5703 60676027 1
6597 5588 60676107 0
6692 5559 60676117 1
6735 5582 60676127 1
6824 5631 60676137 1
6942 5696 60676147 1
7084 5777 60676157 1
7228 5869 60676167 1
7371 5935 60676177 1
7473 5970 60676187 1
7549 5985 60676197 1
7597 5979 60676207 1
7632 5947 60676217 1
7658 5898 60676227 1
7676 5783 60676237 1
7684 5600 60676247 1
7684 5373 60676257 1
7663 5058 60676267 1
7653 4747 60676277 1
7653 4440 60676287 1
7644 4145 60676297 1
7644 3867 60676307 1
7652 3640 60676317 1
7660 3443 60676327 1
7666 3278 60676337 1
7671 3141 60676347 1
7671 3022 60676357 1
7671 2937 60676367 1
7658 2902 60676377 1
6930 4663 60676568 0
6968 4755 60676578 1
6954 4781 60676588 1
6917 4794 60676598 1
6951 4820 60676608 1
6991 4857 60676618 1
7044 4901 60676628 1
7103 4910 60676638 1
6948 4508 60676758 0
6948 4508 60676768 1
6916 4498 60676778 1
6916 4492 60676788 1
6929 4492 60676798 1
6946 4492 60676808 1
6987 4500 60676818 1
7045 4511 60676828 1
7115 4519 60676838 1
6684 3945 60676968 0
6605 3885 60676978 1
6587 3885 60676988 1
6595 3885 60676998 1
6607 3885 60677008 1
6650 3885 60677018 1
6714 3903 60677028 1
6814 3924 60677038 1
6914 3951 60677048 1
6998 3977 60677058 1
7071 3999 60677068 1
9023 5298 60677329 0
8993 5312 60677339 1
8961 5344 60677349 1
8951 5379 60677359 1
8983 5390 60677369 1
9034 5412 60677379 1
9097 5441 60677389 1
9183 5473 60677399 1
9284 5508 60677409 1
9384 5764 60677549 0
9384 5764 60677559 1
9356 5783 60677569 1
9356 5783 60677579 1
9356 5783 60677589 1
9356 5783 60677599 1
9356 5777 60677609 1
9356 5727 60677619 1
9350 5647 60677629 1
9338 5595 60677639 1
9338 5539 60677649 1
9338 5475 60677659 1
9338 5415 60677669 1
9345 5357 60677679 1
9345 5276 60677689 1
9112 5031 60677799 0
9095 4982 60677809 1
9079 4976 60677819 1
9079 4981 60677829 1
9079 4981 60677839 1
9079 4955 60677850 1
9073 4911 60677860 1
9073 4867 60677870 1
9083 4830 60677880 1
9091 4799 60677890 1
9097 4784 60677900 1
9103 4779 60677910 1
9110 4779 60677920 1
9138 4796 60677930 1
9179 4850 60677940 1
9241 4931 60677950 1
9305 4988 60677960 1
9357 5021 60677970 1
9399 5037 60677980 1
9422 5037 60677990 1
9439 5037 60678000 1
9451 5029 60678010 1
9460 5014 60678020 1
9466 4994 60678030 1
9466 4963 60678040 1
9466 4926 60678050 1
9457 4890 60678060 1
9437 4859 60678070 1
9417 4827 60678080 1
9371 4793 60678090 1
9307 4755 60678100 1
9249 4718 60678110 1
9183 4597 60678210 0
9209 4578 60678220 1
9201 4571 60678230 1
9195 4571 60678240 1
9195 4565 60678250 1
9195 4565 60678260 1
9188 4554 60678270 1
9176 4526 60678280 1
9158 4486 60678290 1
9128 4428 60678300 1
9104 4375 60678310 1
9078 4326 60678320 1
9049 4275 60678330 1
9028 4234 60678340 1
9297 4566 60678410 0
9377 4535 60678420 1
9355 4500 60678430 1
9343 4468 60678440 1
9335 4415 60678450 1
9335 4359 60678460 1
9340 4319 60678470 1
9369 4292 60678480 1
9412 4260 60678490 1
9465 4246 60678500 1
9530 4246 60678510 1
9603 4271 60678520 1
9674 4308 60678530 1
9742 4353 60678540 1
9798 4407 60678550 1
9869 5396 60678711 0
9859 5371 60678721 1
9864 5386 60678731 1
9848 5426 60678741 1
9889 5458 60678751 1
9968 5494 60678761 1
10032 5532 60678771 1
10094 5555 60678781 1
10155 5578 60678791 1
10213 5930 60678911 0
10240 5918 60678921 1
10227 5918 60678931 1
10189 5918 60678941 1
10189 5913 60678951 1
10189 5874 60678961 1
10173 5816 60678971 1
10153 5758 60678981 1
10147 5708 60678991 1
10147 5664 60679001 1
10147 5606 60679011 1
10147 5546 60679021 1
9958 5327 60679111 0
9943 5281 60679121 1
9926 5260 60679131 1
9901 5255 60679141 1
9901 5235 60679151 1
9892 5206 60679161 1
9886 5162 60679171 1
9886 5118 60679181 1
9892 5078 60679191 1
9900 5042 60679201 1
9907 5011 60679211 1
9916 4996 60679221 1
9925 4991 60679231 1
9938 4991 60679241 1
9957 5020 60679251 1
10008 5066 60679261 1
10077 5151 60679271 1
10145 5212 60679281 1
10200 5256 60679291 1
10246 5276 60679301 1
10281 5276 60679311 1
10306 5276 60679321 1
10323 5266 60679331 1
10332 5258 60679341 1
10338 5246 60679352 1
10338 5246 60679362 1
10343 5202 60679372 1
10331 5169 60679382 1
10321 5143 60679392 1
10292 5102 60679402 1
10256 5052 60679412 1
10214 5008 60679422 1
10170 4964 60679432 1
10125 4920 60679442 1
10076 4861 60679452 1
10039 4771 60679552 0
10097 4759 60679562 1
10075 4753 60679572 1
10067 4753 60679582 1
10067 4753 60679592 1
10067 4746 60679602 1
10051 4713 60679612 1
10022 4662 60679622 1
9998 4606 60679632 1
9974 4541 60679642 1
9950 4497 60679652 1
9925 4471 60679662 1
10153 4776 60679732 0
10238 4804 60679742 1
10230 4779 60679752 1
10230 4767 60679762 1
10230 4725 60679772 1
10222 4662 60679782 1
10227 4610 60679792 1
10254 4557 60679802 1
10295 4511 60679812 1
10356 4470 60679822 1
10443 4447 60679832 1
10548 4440 60679842 1
10661 4440 60679852 1
10789 4462 60679862 1
10926 4483 60679872 1
11061 4506 60679882 1
11153 4514 60679892 1
11217 4521 60679902 1
11263 4527 60679912 1
11282 4527 60679922 1
11282 4532 60679932 1
11282 4532 60679942 1
11282 4532 60679952 1
11282 4532 60679962 1
11273 4541 60679972 1
