336
2679 6020 61624731 0
2700 6063 61624741 1
2700 6078 61624751 1
2686 6084 61624761 1
2686 6084 61624771 1
2686 6084 61624781 1
2686 6084 61624791 1
2686 6084 61624801 1
2694 6057 61624811 1
2694 6023 61624821 1
2694 5971 61624831 1
2694 5887 61624841 1
2681 5782 61624851 1
2664 5654 61624861 1
2644 5477 61624871 1
2620 5267 61624881 1
2605 5065 61624891 1
2605 4897 61624901 1
2613 4752 61624911 1
2628 4656 61624921 1
2643 4590 61624931 1
2657 4545 61624941 1
2667 4520 61624951 1
2675 4512 61624961 1
2675 4512 61624971 1
2668 4547 61624981 1
2815 6229 61625102 0
2865 6303 61625112 1
2865 6314 61625122 1
2877 6325 61625132 1
2893 6333 61625142 1
2911 6340 61625152 1
2934 6340 61625162 1
2965 6340 61625172 1
3018 6340 61625182 1
3397 6236 61625312 0
3425 6273 61625322 1
3425 6287 61625332 1
3446 6307 61625342 1
3483 6327 61625352 1
3532 6355 61625362 1
3594 6388 61625372 1
3660 6413 61625382 1
3734 6433 61625392 1
3790 6433 61625402 1
3833 6414 61625412 1
3870 6378 61625422 1
3897 6321 61625432 1
3917 6250 61625442 1
3931 6152 61625452 1
3942 6029 61625462 1
3952 5889 61625472 1
3966 5731 61625482 1
3982 5555 61625492 1
3998 5368 61625502 1
4012 5156 61625512 1
4028 4977 61625522 1
4041 4819 61625532 1
4048 4687 61625542 1
4053 4599 61625552 1
4053 4540 61625562 1
4042 4508 61625572 1
4028 4502 61625582 1
3201 5736 61625823 0
3201 5736 61625833 1
3201 5736 61625843 1
3201 5736 61625853 1
3204 5764 61625863 1
3221 5774 61625873 1
3252 5787 61625883 1
3288 5798 61625893 1
3331 5810 61625903 1
3373 5823 61625913 1
3411 5834 61625923 1
3447 5845 61625933 1
3474 5854 61625943 1
3497 5860 61625953 1
3517 5860 61625963 1
3525 5860 61625973 1
3525 5838 61625983 1
3342 5622 61626033 0
3284 5556 61626043 1
3270 5539 61626053 1
3262 5530 61626063 1
3262 5530 61626073 1
3276 5525 61626083 1
3300 5531 61626093 1
3332 5541 61626103 1
3369 5560 61626113 1
3411 5584 61626123 1
3453 5611 61626133 1
3493 5628 61626143 1
3528 5643 61626153 1
3551 5651 61626163 1
3566 5651 61626173 1
3566 5645 61626183 1
3325 5363 61626243 0
3251 5231 61626253 1
3229 5196 61626263 1
3229 5176 61626273 1
3237 5167 61626283 1
3256 5167 61626293 1
3290 5167 61626303 1
3339 5184 61626313 1
3397 5207 61626323 1
3460 5237 61626333 1
3520 5272 61626343 1
3575 5310 61626353 1
3628 5346 61626363 1
4864 6194 61626734 0
4839 6194 61626744 1
4834 6200 61626754 1
4834 6209 61626764 1
4869 6233 61626774 1
4917 6265 61626784 1
4989 6302 61626794 1
5089 6349 61626804 1
5207 6394 61626814 1
5315 6434 61626824 1
5393 6461 61626834 1
5451 6479 61626844 1
5488 6489 61626854 1
5506 6497 61626864 1
5511 6497 61626874 1
5504 6497 61626884 1
5480 6497 61626894 1
5255 6603 61626994 0
5255 6603 61627004 1
5228 6608 61627014 1
5228 6601 61627024 1
5228 6591 61627034 1
5228 6563 61627044 1
5222 6525 61627054 1
5222 6470 61627064 1
5206 6406 61627064 1
5190 6335 61627074 1
5171 6266 61627084 1
5153 6197 61627094 1
5124 6035 61627185 0
5124 6006 61627195 1
5115 5996 61627205 1
5110 5987 61627215 1
5110 5968 61627225 1
5110 5944 61627235 1
5102 5909 61627245 1
5102 5866 61627255 1
5102 5818 61627265 1
5102 5773 61627275 1
5102 5740 61627285 1
5102 5714 61627295 1
5102 5699 61627305 1
5102 5699 61627315 1
5102 5699 61627325 1
5102 5710 61627335 1
5128 5919 61627395 0
5128 5919 61627405 1
5138 5948 61627415 1
5138 5958 61627425 1
5156 5970 61627435 1
5176 5981 61627445 1
5206 5995 61627455 1
5240 6011 61627465 1
5277 6024 61627475 1
5315 6035 61627485 1
5341 6040 61627495 1
5360 6040 61627505 1
5365 6024 61627515 1
5360 6006 61627525 1
5347 5971 61627535 1
5317 5925 61627545 1
5274 5877 61627555 1
5223 5828 61627565 1
5182 5788 61627575 1
5145 5755 61627585 1
5128 5740 61627595 1
5122 5735 61627605 1
5122 5735 61627615 1
5122 5735 61627625 1
5136 5745 61627635 1
5164 5757 61627645 1
5203 5775 61627655 1
5236 5792 61627665 1
5253 5797 61627675 1
5260 5797 61627685 1
5260 5775 61627695 1
5240 5739 61627705 1
5206 5690 61627715 1
5149 5631 61627725 1
5096 5572 61627735 1
5051 5513 61627745 1
5015 5477 61627755 1
5001 5457 61627765 1
5001 5457 61627775 1
5001 5468 61627785 1
5024 5496 61627795 1
5129 5630 61627836 0
5186 5682 61627846 1
5199 5688 61627856 1
5213 5688 61627866 1
5228 5676 61627876 1
5245 5666 61627886 1
5264 5642 61627896 1
5286 5609 61627906 1
5312 5582 61627916 1
5342 5561 61627926 1
5375 5545 61627936 1
5408 5539 61627946 1
5443 5549 61627956 1
5477 5570 61627966 1
5512 5603 61627976 1
5546 5637 61627986 1
5686 6094 61628116 0
5657 6106 61628126 1
5649 6114 61628136 1
5660 6131 61628146 1
5681 6154 61628156 1
5723 6181 61628166 1
5791 6216 61628176 1
5875 6257 61628186 1
5962 6303 61628196 1
6048 6347 61628206 1
6124 6385 61628216 1
6194 6413 61628226 1
6243 6434 61628236 1
6268 6447 61628236 1
6268 6447 61628246 1
6268 6447 61628256 1
6228 6447 61628266 1
5964 6555 61628376 0
5964 6555 61628386 1
5964 6555 61628396 1
5964 6555 61628406 1
5961 6530 61628416 1
5966 6497 61628426 1
5971 6452 61628436 1
5976 6388 61628446 1
5976 6331 61628456 1
5976 6279 61628466 1
5982 6229 61628476 1
5982 6188 61628486 1
5976 6152 61628496 1
5873 6082 61628587 0
5873 6082 61628597 1
5873 6082 61628607 1
5873 6082 61628617 1
5873 6082 61628627 1
5868 6054 61628637 1
5873 6027 61628647 1
5873 5989 61628657 1
5873 5951 61628667 1
5873 5910 61628677 1
5873 5876 61628687 1
5878 5847 61628697 1
5878 5823 61628707 1
5884 5814 61628717 1
5884 5814 61628727 1
5887 5914 61628777 0
5894 5954 61628787 1
5894 5961 61628797 1
5912 5977 61628807 1
5934 5996 61628817 1
5967 6017 61628827 1
6003 6034 61628837 1
6039 6049 61628847 1
6073 6056 61628857 1
6099 6056 61628867 1
6120 6056 61628877 1
6127 6041 61628887 1
6127 6024 61628897 1
6115 5999 61628907 1
6082 5963 61628917 1
6042 5919 61628927 1
5997 5872 61628937 1
5969 5826 61628947 1
5943 5791 61628957 1
5923 5763 61628967 1
5911 5748 61628977 1
5911 5743 61628987 1
5911 5743 61628997 1
5911 5748 61629007 1
5917 5753 61629017 1
5927 5761 61629027 1
5935 5761 61629037 1
5935 5761 61629047 1
5940 5754 61629057 1
5931 5733 61629067 1
5912 5701 61629077 1
5886 5661 61629087 1
5854 5617 61629097 1
5818 5568 61629107 1
5780 5515 61629117 1
5747 5458 61629127 1
5718 5418 61629137 1
5704 5389 61629147 1
5699 5371 61629157 1
5699 5371 61629167 1
5710 5371 61629177 1
5937 5680 61629248 0
5984 5720 61629258 1
6004 5735 61629268 1
6025 5749 61629278 1
6039 5757 61629288 1
6047 5757 61629298 1
6053 5757 61629308 1
6053 5751 61629318 1
6053 5744 61629328 1
6062 5729 61629338 1
6062 5711 61629348 1
6062 5687 61629358 1
6070 5662 61629368 1
6070 5637 61629378 1
6081 5612 61629388 1
6081 5612 61629398 1
6105 5567 61629408 1
6123 5548 61629418 1
6145 5531 61629428 1
6173 5514 61629438 1
6209 5499 61629448 1
6252 5486 61629458 1
6301 5472 61629468 1
6351 5457 61629478 1
6404 5448 61629488 1
6457 5443 61629498 1
6511 5443 61629508 1
6566 5450 61629518 1
6627 5462 61629528 1
6689 5482 61629538 1
6752 5507 61629548 1
6813 5535 61629558 1
6873 5561 61629568 1
6930 5586 61629578 1
6985 5608 61629588 1
7045 5631 61629598 1
7096 5653 61629608 1
7141 5673 61629618 1
7141 5673 61629628 1
