359
3287 5292 48390705 0
3301 5431 48390715 1
3289 5482 48390725 1
3283 5514 48390735 1
3278 5532 48390745 1
3278 5532 48390755 1
3278 5532 48390765 1
3278 5532 48390775 1
3281 5427 48390785 1
3288 5282 48390795 1
3288 5091 48390805 1
3276 4877 48390815 1
3266 4647 48390825 1
3256 4439 48390835 1
3247 4231 48390845 1
3247 4063 48390855 1
3247 3923 48390865 1
3260 3816 48390875 1
3276 3745 48390885 1
3299 3697 48390895 1
3757 5297 48391005 0
3775 5420 48391015 1
3775 5447 48391025 1
3782 5458 48391035 1
3782 5458 48391045 1
3782 5458 48391055 1
3782 5465 48391065 1
3798 5465 48391075 1
3817 5470 48391085 1
3844 5476 48391095 1
3872 5485 48391105 1
3902 5491 48391115 1
3929 5500 48391125 1
3954 5512 48391135 1
4176 5522 48391236 0
4174 5463 48391246 1
4159 5455 48391256 1
4154 5455 48391266 1
4154 5455 48391276 1
4154 5462 48391286 1
4154 5462 48391296 1
4198 5514 48391306 1
4240 5551 48391316 1
4286 5590 48391326 1
4332 5616 48391336 1
4377 5637 48391346 1
4423 5648 48391356 1
4467 5653 48391366 1
4507 5653 48391376 1
4544 5632 48391386 1
4574 5603 48391396 1
4594 5544 48391406 1
4607 5448 48391416 1
4607 5328 48391426 1
4607 5179 48391436 1
4607 5004 48391446 1
4607 4811 48391456 1
4618 4618 48391466 1
4637 4418 48391476 1
4662 4213 48391486 1
4689 3998 48391496 1
4719 3797 48391506 1
4750 3605 48391516 1
4775 3450 48391526 1
4797 3308 48391536 1
4804 3176 48391546 1
4804 3089 48391556 1
4796 3027 48391566 1
4783 2982 48391576 1
4767 2970 48391586 1
4749 2982 48391596 1
3779 4625 48391796 0
3807 4614 48391806 1
3807 4609 48391816 1
3796 4609 48391826 1
3796 4609 48391836 1
3796 4609 48391846 1
3806 4614 48391856 1
3835 4621 48391866 1
3876 4645 48391876 1
3932 4676 48391886 1
3991 4713 48391896 1
4046 4740 48391906 1
4098 4749 48391916 1
4131 4749 48391926 1
4051 4472 48391987 0
3973 4332 48391997 1
3927 4263 48392007 1
3886 4178 48392017 1
3867 4133 48392027 1
3861 4119 48392037 1
3867 4126 48392047 1
3895 4134 48392057 1
3938 4165 48392067 1
4006 4211 48392077 1
4076 4263 48392087 1
4151 4313 48392097 1
4210 4334 48392107 1
4063 3851 48392207 0
4002 3749 48392217 1
3985 3735 48392227 1
3985 3735 48392237 1
3985 3735 48392247 1
3991 3744 48392257 1
4029 3781 48392267 1
4085 3839 48392277 1
4160 3899 48392287 1
4234 3956 48392297 1
4308 4009 48392307 1
5546 5280 48392618 0
5541 5252 48392628 1
5529 5259 48392638 1
5523 5264 48392648 1
5539 5286 48392658 1
5568 5321 48392668 1
5625 5383 48392678 1
5699 5451 48392688 1
5784 5524 48392698 1
5863 5573 48392708 1
5929 5616 48392718 1
5987 5647 48392728 1
6036 5670 48392738 1
6065 5685 48392748 1
6080 5690 48392758 1
6080 5690 48392768 1
5940 5675 48392828 0
5940 5722 48392838 1
5935 5748 48392848 1
5926 5757 48392858 1
5926 5757 48392868 1
5926 5749 48392878 1
5920 5740 48392888 1
5912 5691 48392898 1
5900 5618 48392908 1
5887 5536 48392918 1
5874 5451 48392928 1
5864 5361 48392938 1
5855 5272 48392948 1
5846 5197 48392958 1
5840 5131 48392968 1
5840 5087 48392978 1
5840 5065 48392988 1
5840 5057 48392998 1
5829 5057 48393008 1
5818 5057 48393018 1
5806 5051 48393028 1
5794 5045 48393038 1
5781 5030 48393048 1
5767 5007 48393058 1
5757 4975 48393068 1
5749 4939 48393078 1
5749 4906 48393088 1
5749 4882 48393098 1
5756 4863 48393108 1
5761 4858 48393118 1
5771 4858 48393128 1
5783 4865 48393138 1
5800 4896 48393148 1
5825 4950 48393158 1
5856 5020 48393168 1
5889 5076 48393178 1
5928 5133 48393188 1
5972 5192 48393198 1
6019 5233 48393208 1
6067 5270 48393218 1
6112 5297 48393228 1
6155 5312 48393238 1
6187 5319 48393248 1
6207 5309 48393258 1
6218 5289 48393268 1
6209 5234 48393278 1
6170 5159 48393288 1
6110 5071 48393298 1
6055 4997 48393308 1
6003 4945 48393318 1
5974 4907 48393328 1
5959 4900 48393338 1
5965 4900 48393349 1
5965 4900 48393359 1
6016 4937 48393369 1
6075 4979 48393379 1
6146 5032 48393389 1
6112 4937 48393529 0
6090 4897 48393539 1
6060 4892 48393549 1
6037 4855 48393559 1
6012 4800 48393569 1
5985 4733 48393579 1
5957 4667 48393589 1
5938 4601 48393599 1
5921 4545 48393609 1
5904 4496 48393619 1
5904 4459 48393629 1
5904 4435 48393639 1
5913 4419 48393649 1
5927 4419 48393659 1
5958 4456 48393669 1
6097 4664 48393709 0
6175 4804 48393719 1
6194 4844 48393729 1
6203 4868 48393739 1
6203 4868 48393749 1
6203 4868 48393759 1
6203 4868 48393769 1
6203 4832 48393779 1
6203 4775 48393789 1
6203 4711 48393799 1
6208 4646 48393809 1
6218 4580 48393819 1
6235 4526 48393829 1
6261 4480 48393839 1
6296 4451 48393849 1
6351 4442 48393859 1
6417 4447 48393869 1
6503 4490 48393879 1
6590 4549 48393889 1
6678 4619 48393899 1
6733 4672 48393909 1
6678 5534 48394130 0
6631 5457 48394140 1
6617 5457 48394150 1
6617 5501 48394160 1
6617 5501 48394170 1
6641 5526 48394180 1
6676 5562 48394190 1
6733 5598 48394200 1
6794 5632 48394210 1
6859 5663 48394220 1
6920 5692 48394230 1
6969 5716 48394240 1
7012 5734 48394250 1
7038 5744 48394260 1
6969 5781 48394330 0
6954 5813 48394340 1
6946 5831 48394350 1
6941 5831 48394360 1
6941 5831 48394370 1
6933 5825 48394380 1
6921 5796 48394390 1
6905 5751 48394400 1
6883 5688 48394410 1
6860 5624 48394420 1
6836 5559 48394430 1
6818 5500 48394440 1
6799 5444 48394450 1
6779 5386 48394460 1
6732 5290 48394490 0
6693 5249 48394500 1
6683 5236 48394510 1
6678 5227 48394520 1
6672 5214 48394530 1
6665 5193 48394540 1
6660 5165 48394550 1
6660 5131 48394560 1
6655 5094 48394570 1
6655 5054 48394580 1
6665 5015 48394590 1
6676 4980 48394600 1
6692 4947 48394610 1
6713 4929 48394620 1
6733 4929 48394630 1
6755 4940 48394640 1
6771 4969 48394650 1
6783 5000 48394660 1
6783 5032 48394670 1
6783 5061 48394680 1
6783 5089 48394690 1
6797 5125 48394700 1
6816 5167 48394710 1
6857 5212 48394720 1
6910 5256 48394730 1
6968 5297 48394740 1
7026 5335 48394750 1
7086 5367 48394760 1
7148 5393 48394770 1
7195 5404 48394780 1
7232 5404 48394790 1
7244 5394 48394800 1
7238 5360 48394810 1
7219 5312 48394820 1
7166 5233 48394830 1
7104 5154 48394841 1
7035 5078 48394851 1
6975 5005 48394861 1
6917 4946 48394871 1
6879 4911 48394881 1
6853 4892 48394891 1
6853 4892 48394901 1
6858 4903 48394911 1
6884 4921 48394921 1
6925 4959 48394931 1
6976 4998 48394941 1
7027 5038 48394951 1
7069 5061 48394961 1
7103 5080 48394971 1
7122 5090 48394981 1
7122 5090 48394991 1
7122 5090 48395001 1
7103 5070 48395011 1
7075 5032 48395021 1
7039 4980 48395031 1
6998 4901 48395041 1
6953 4798 48395051 1
6904 4680 48395061 1
6847 4578 48395061 1
6791 4485 48395071 1
6758 4398 48395081 1
6739 4336 48395091 1
6739 4302 48395101 1
6746 4288 48395111 1
6774 4300 48395121 1
7144 4852 48395301 0
7144 4852 48395311 1
7159 4884 48395321 1
7159 4891 48395331 1
7159 4897 48395341 1
7159 4897 48395351 1
7159 4897 48395361 1
7159 4897 48395371 1
7159 4897 48395381 1
7159 4897 48395391 1
7159 4897 48395401 1
7159 4897 48395411 1
7159 4897 48395421 1
7159 4897 48395431 1
7159 4897 48395441 1
7159 4897 48395451 1
7145 4855 48395461 1
7122 4791 48395471 1
7093 4712 48395481 1
7067 4637 48395491 1
7049 4575 48395501 1
7037 4520 48395511 1
7032 4481 48395521 1
7037 4455 48395531 1
7053 4439 48395541 1
7078 4420 48395551 1
7120 4403 48395561 1
7172 4387 48395572 1
7238 4375 48395582 1
7309 4369 48395592 1
7389 4369 48395602 1
7471 4377 48395612 1
7554 4401 48395622 1
7637 4433 48395632 1
7717 4470 48395642 1
7796 4509 48395652 1
7866 4550 48395662 1
7912 4585 48395672 1
7942 4615 48395682 1
7950 4633 48395692 1
7950 4651 48395702 1
7944 4669 48395712 1
7931 4694 48395722 1
7915 4728 48395732 1
7897 4767 48395742 1
7886 4828 48395752 1
7880 4918 48395762 1
7907 5028 48395772 1
