326
3067 5574 48399027 0
3067 5574 48399037 1
3026 5587 48399047 1
3026 5601 48399057 1
3018 5596 48399067 1
3012 5538 48399077 1
3004 5444 48399087 1
3004 5298 48399097 1
3004 5147 48399107 1
3015 4988 48399117 1
3015 4823 48399127 1
3020 4653 48399137 1
3026 4522 48399147 1
3031 4397 48399157 1
3038 4277 48399167 1
3046 4194 48399177 1
3057 4157 48399187 1
3076 4151 48399197 1
3390 5581 48399317 0
3462 5700 48399327 1
3462 5740 48399337 1
3462 5740 48399347 1
3462 5747 48399357 1
3462 5747 48399367 1
3462 5747 48399377 1
3482 5755 48399387 1
3515 5771 48399397 1
3558 5789 48399407 1
3600 5805 48399417 1
3636 5816 48399427 1
3667 5821 48399437 1
3891 5858 48399517 0
3918 5837 48399527 1
3918 5837 48399537 1
3918 5837 48399547 1
3925 5844 48399568 1
3925 5844 48399578 1
3967 5882 48399588 1
4005 5905 48399598 1
4046 5927 48399608 1
4086 5934 48399618 1
4125 5918 48399628 1
4164 5886 48399638 1
4198 5814 48399648 1
4219 5715 48399658 1
4232 5597 48399668 1
4232 5491 48399678 1
4240 5331 48399688 1
4246 5134 48399698 1
4256 4932 48399708 1
4271 4726 48399718 1
4287 4549 48399728 1
4313 4394 48399738 1
4339 4224 48399748 1
4362 4078 48399758 1
4382 3949 48399768 1
4394 3839 48399778 1
4402 3752 48399788 1
4402 3680 48399798 1
4402 3641 48399808 1
4386 3625 48399818 1
4364 3625 48399828 1
4331 3645 48399838 1
4284 3708 48399848 1
3541 4994 48400028 0
3541 4994 48400038 1
3541 4994 48400048 1
3541 4994 48400058 1
3541 4994 48400068 1
3541 4994 48400078 1
3571 5025 48400088 1
3609 5038 48400098 1
3661 5052 48400108 1
3715 5067 48400118 1
3769 5079 48400128 1
3810 5085 48400138 1
3764 4860 48400218 0
3706 4750 48400228 1
3665 4733 48400238 1
3650 4714 48400248 1
3641 4708 48400258 1
3641 4708 48400268 1
3653 4708 48400278 1
3667 4721 48400288 1
3715 4739 48400298 1
3775 4777 48400308 1
3842 4817 48400318 1
3897 4859 48400328 1
3942 4880 48400338 1
3979 4880 48400348 1
3790 4528 48400429 0
3710 4372 48400439 1
3678 4320 48400449 1
3658 4295 48400459 1
3653 4285 48400469 1
3653 4285 48400479 1
3672 4285 48400489 1
3713 4305 48400499 1
3771 4340 48400509 1
3838 4386 48400519 1
3906 4430 48400529 1
3974 4468 48400539 1
4033 4498 48400549 1
4087 4522 48400559 1
5219 5607 48400849 0
5166 5564 48400859 1
5151 5577 48400869 1
5156 5606 48400879 1
5175 5620 48400889 1
5211 5645 48400899 1
5265 5678 48400909 1
5331 5720 48400919 1
5400 5762 48400929 1
5469 5804 48400939 1
5539 5844 48400949 1
5590 5882 48400959 1
5628 5902 48400969 1
5643 5909 48400979 1
5643 5909 48400989 1
5643 5895 48400999 1
5621 5881 48401009 1
5598 5865 48401019 1
5572 5860 48401029 1
5553 5860 48401039 1
5534 5869 48401049 1
5518 5876 48401059 1
5503 5883 48401069 1
5491 5890 48401079 1
5482 5890 48401089 1
5476 5890 48401099 1
5471 5890 48401109 1
5465 5863 48401119 1
5456 5820 48401129 1
5445 5756 48401139 1
5432 5687 48401149 1
5418 5611 48401159 1
5404 5536 48401169 1
5396 5463 48401179 1
5396 5391 48401189 1
5396 5332 48401199 1
5402 5277 48401209 1
5408 5224 48401219 1
5414 5176 48401229 1
5421 5127 48401239 1
5426 5078 48401249 1
5426 5038 48401259 1
5426 5004 48401269 1
5431 4989 48401279 1
5431 4989 48401289 1
5431 4989 48401299 1
5431 5008 48401309 1
5431 5050 48401319 1
5431 5107 48401329 1
5444 5170 48401340 1
5462 5231 48401350 1
5486 5289 48401360 1
5513 5338 48401370 1
5543 5384 48401380 1
5576 5425 48401390 1
5615 5463 48401400 1
5657 5495 48401410 1
5696 5520 48401420 1
5734 5534 48401430 1
5766 5539 48401440 1
5781 5539 48401450 1
5781 5522 48401460 1
5781 5483 48401470 1
5748 5428 48401480 1
5703 5355 48401490 1
5651 5288 48401500 1
5602 5224 48401510 1
5558 5176 48401520 1
5521 5142 48401530 1
5500 5117 48401540 1
5489 5107 48401550 1
5489 5107 48401560 1
5489 5107 48401570 1
5503 5114 48401580 1
5525 5130 48401590 1
5552 5154 48401600 1
5579 5170 48401610 1
5592 5181 48401620 1
5592 5181 48401630 1
5592 5176 48401631 1
5577 5144 48401641 1
5555 5096 48401651 1
5519 5010 48401661 1
5480 4906 48401671 1
5438 4789 48401681 1
5397 4686 48401691 1
5360 4602 48401701 1
5326 4530 48401711 1
5312 4475 48401721 1
5305 4450 48401731 1
5312 4445 48401741 1
5331 4450 48401751 1
5640 5015 48401851 0
5672 5028 48401861 1
5664 5028 48401871 1
5656 5028 48401881 1
5651 5028 48401891 1
5642 5028 48401901 1
5637 5028 48401911 1
5637 5028 48401921 1
5637 5028 48401931 1
5637 5020 48401941 1
5637 4983 48401951 1
5637 4925 48401961 1
5631 4833 48401971 1
5631 4739 48401981 1
5631 4670 48401991 1
5642 4618 48402001 1
5671 4581 48402011 1
5710 4565 48402021 1
5773 4565 48402031 1
5847 4586 48402041 1
5927 4627 48402051 1
6002 4682 48402061 1
6059 4737 48402071 1
6105 4789 48402081 1
6125 4832 48402091 1
6136 5717 48402432 0
6136 5717 48402442 1
6107 5742 48402452 1
6102 5748 48402462 1
6102 5755 48402472 1
6111 5776 48402482 1
6142 5807 48402492 1
6188 5850 48402502 1
6249 5898 48402512 1
6315 5950 48402522 1
6375 5990 48402532 1
6430 6025 48402542 1
6467 6044 48402552 1
6483 6053 48402562 1
6483 6053 48402572 1
6483 6053 48402582 1
6340 6046 48402652 0
6340 6046 48402662 1
6340 6046 48402672 1
6340 6046 48402682 1
6340 6046 48402692 1
6311 6060 48402702 1
6306 6030 48402712 1
6295 5987 48402722 1
6282 5913 48402732 1
6270 5839 48402742 1
6259 5769 48402752 1
6252 5718 48402762 1
6098 5498 48402872 0
6123 5517 48402882 1
6109 5529 48402892 1
6081 5529 48402902 1
6074 5520 48402912 1
6068 5508 48402922 1
6068 5488 48402932 1
6073 5466 48402942 1
6088 5442 48402952 1
6105 5416 48402962 1
6125 5398 48402972 1
6145 5385 48402982 1
6204 5411 48403043 0
6204 5411 48403053 1
6186 5450 48403063 1
6176 5470 48403073 1
6171 5487 48403083 1
6176 5512 48403093 1
6203 5542 48403103 1
6243 5579 48403113 1
6308 5616 48403123 1
6377 5651 48403133 1
6451 5681 48403143 1
6516 5706 48403153 1
6575 5725 48403163 1
6623 5733 48403173 1
6652 5733 48403183 1
6652 5733 48403193 1
6652 5733 48403203 1
6652 5673 48403213 1
6623 5624 48403223 1
6578 5569 48403233 1
6532 5513 48403243 1
6344 5291 48403393 0
6344 5291 48403403 1
6311 5274 48403413 1
6295 5232 48403423 1
6275 5170 48403433 1
6252 5088 48403443 1
6236 5012 48403453 1
6222 4941 48403463 1
6212 4872 48403473 1
6202 4811 48403483 1
6193 4756 48403493 1
6185 4724 48403503 1
6185 4708 48403513 1
6455 5148 48403603 0
6530 5238 48403613 1
6538 5244 48403623 1
6538 5244 48403633 1
6538 5244 48403643 1
6538 5239 48403653 1
6538 5212 48403663 1
6538 5171 48403673 1
6538 5112 48403683 1
6538 5049 48403693 1
6544 4977 48403703 1
6550 4892 48403713 1
6558 4798 48403723 1
6573 4713 48403733 1
6597 4652 48403743 1
6630 4607 48403753 1
6681 4577 48403763 1
6743 4564 48403773 1
6830 4564 48403783 1
6917 4579 48403793 1
7007 4607 48403803 1
7099 4643 48403813 1
7195 4687 48403823 1
7292 4739 48403833 1
7389 4797 48403843 1
7467 4871 48403853 1
7532 4948 48403863 1
7579 5028 48403873 1
7596 5108 48403883 1
7596 5186 48403893 1
7559 5260 48403903 1
