233
5926 4618 60695265 0
5954 4721 60695275 1
5918 4752 60695285 1
5912 4757 60695295 1
5912 4750 60695305 1
5917 4736 60695315 1
5932 4594 60695325 1
5932 4368 60695335 1
5932 4100 60695345 1
5941 3886 60695355 1
5951 3709 60695365 1
5964 3570 60695375 1
5972 3443 60695385 1
5977 3323 60695395 1
5977 3222 60695405 1
5977 3163 60695415 1
5977 3131 60695425 1
6164 5054 60695565 0
6254 5218 60695575 1
6235 5265 60695585 1
6235 5297 60695595 1
6295 5292 60695685 0
6390 5281 60695695 1
6428 5311 60695705 1
6465 5388 60695715 1
6553 5448 60695725 1
6663 5514 60695735 1
6788 5583 60695745 1
6899 5630 60695755 1
6985 5672 60695765 1
7054 5705 60695775 1
7121 5717 60695785 1
7175 5717 60695795 1
7220 5686 60695805 1
7267 5609 60695815 1
7296 5501 60695825 1
7312 5277 60695835 1
7312 5016 60695845 1
7312 4731 60695855 1
7312 4447 60695865 1
7312 4152 60695875 1
7312 3850 60695885 1
7320 3567 60695895 1
7328 3326 60695905 1
7339 3113 60695915 1
7350 2941 60695925 1
7361 2802 60695935 1
7370 2685 60695945 1
7370 2636 60695955 1
7370 2621 60695965 1
6633 4327 60696136 0
6684 4459 60696146 1
6684 4500 60696156 1
6657 4528 60696166 1
6684 4557 60696176 1
6749 4597 60696186 1
6820 4644 60696196 1
6892 4675 60696206 1
6696 4411 60696316 0
6704 4353 60696326 1
6673 4353 60696336 1
6680 4353 60696346 1
6712 4353 60696356 1
6746 4365 60696366 1
6804 4377 60696376 1
6877 4393 60696386 1
6943 4409 60696396 1
7009 4424 60696406 1
6373 3804 60696506 0
6217 3670 60696516 1
6161 3665 60696526 1
6149 3665 60696536 1
6149 3665 60696546 1
6183 3665 60696556 1
6236 3687 60696566 1
6336 3716 60696576 1
6447 3764 60696586 1
6565 3812 60696596 1
6685 3861 60696606 1
8538 5079 60696857 0
8538 5079 60696867 1
8529 5130 60696877 1
8506 5144 60696887 1
8556 5175 60696897 1
8612 5217 60696907 1
8671 5255 60696917 1
8714 5518 60697047 0
8714 5518 60697057 1
8714 5518 60697067 1
8714 5518 60697077 1
8714 5518 60697087 1
8714 5518 60697097 1
8714 5518 60697107 1
8714 5518 60697117 1
8724 5430 60697127 1
8715 5335 60697137 1
8703 5243 60697147 1
8488 4733 60697257 0
8455 4607 60697267 1
8428 4589 60697277 1
8415 4603 60697287 1
8415 4580 60697297 1
8409 4563 60697307 1
8409 4550 60697317 1
8417 4530 60697327 1
8427 4516 60697337 1
8437 4507 60697347 1
8445 4507 60697357 1
8451 4520 60697367 1
8480 4542 60697377 1
8529 4599 60697387 1
8591 4652 60697397 1
8647 4689 60697407 1
8702 4717 60697417 1
8746 4730 60697427 1
8782 4739 60697437 1
8803 4739 60697447 1
8812 4739 60697457 1
8812 4732 60697467 1
8812 4719 60697477 1
8812 4695 60697487 1
8803 4665 60697497 1
8784 4625 60697507 1
8755 4582 60697517 1
8720 4538 60697527 1
8671 4483 60697537 1
8549 4343 60697618 0
8576 4329 60697628 1
8563 4329 60697638 1
8563 4322 60697648 1
8551 4297 60697658 1
8525 4259 60697668 1
8488 4206 60697678 1
8448 4147 60697688 1
8412 4086 60697698 1
8383 4027 60697708 1
8563 4188 60697788 0
8613 4132 60697798 1
8606 4110 60697808 1
8606 4075 60697818 1
8616 4031 60697828 1
8638 4005 60697838 1
8675 3988 60697848 1
8737 3976 60697858 1
8815 3990 60697868 1
8919 4019 60697878 1
9001 4059 60697888 1
9069 4106 60697898 1
9126 4157 60697908 1
9153 5232 60698069 0
9187 5208 60698079 1
9175 5226 60698089 1
9126 5273 60698099 1
9185 5318 60698109 1
9256 5373 60698119 1
9334 5434 60698129 1
9412 5473 60698139 1
9456 5726 60698249 0
9456 5726 60698259 1
9456 5726 60698269 1
9456 5726 60698279 1
9456 5726 60698289 1
9456 5726 60698299 1
9456 5726 60698309 1
9441 5657 60698319 1
9441 5591 60698329 1
9433 5523 60698339 1
9433 5451 60698349 1
9433 5370 60698359 1
9229 5065 60698469 0
9209 4975 60698479 1
9186 4957 60698489 1
9177 4962 60698499 1
9177 4935 60698509 1
9177 4908 60698519 1
9177 4881 60698529 1
9177 4827 60698539 1
9187 4784 60698549 1
9196 4749 60698559 1
9206 4732 60698569 1
9215 4725 60698579 1
9222 4725 60698589 1
9243 4742 60698599 1
9303 4807 60698609 1
9390 4905 60698619 1
9486 4986 60698629 1
9559 5030 60698639 1
9616 5049 60698639 1
9654 5049 60698649 1
9678 5042 60698659 1
9693 5034 60698669 1
9693 5023 60698679 1
9698 5007 60698689 1
9688 4965 60698699 1
9670 4906 60698709 1
9639 4855 60698719 1
9598 4796 60698729 1
9550 4731 60698739 1
9470 4648 60698749 1
9378 4563 60698759 1
9346 4515 60698840 0
9436 4549 60698850 1
9436 4549 60698860 1
9436 4549 60698870 1
9430 4542 60698880 1
9430 4537 60698890 1
9393 4490 60698900 1
9356 4416 60698910 1
9316 4364 60698920 1
9285 4308 60698930 1
9258 4245 60698940 1
9239 4202 60698950 1
9483 4462 60699020 0
9531 4456 60699030 1
9510 4436 60699040 1
9501 4382 60699050 1
9496 4306 60699060 1
9518 4248 60699070 1
9555 4205 60699080 1
9615 4172 60699090 1
9703 4160 60699100 1
9810 4176 60699110 1
9945 4210 60699120 1
10063 4245 60699130 1
10169 4285 60699140 1
10268 4329 60699150 1
10340 4348 60699160 1
10395 4363 60699170 1
10427 4372 60699180 1
10427 4372 60699190 1
10455 4388 60699200 1
10455 4393 60699210 1
10464 4431 60699220 1
