324
2016 5990 61654093 0
1962 6009 61654103 1
1945 6021 61654113 1
1931 6012 61654123 1
1920 5986 61654133 1
1909 5949 61654143 1
1901 5893 61654153 1
1896 5808 61654163 1
1896 5703 61654173 1
1896 5592 61654183 1
1896 5452 61654193 1
1896 5293 61654203 1
1901 5121 61654213 1
1901 4948 61654223 1
1901 4767 61654233 1
1901 4581 61654243 1
1901 4448 61654253 1
1908 4339 61654264 1
1919 4246 61654274 1
1931 4196 61654284 1
1938 4177 61654294 1
1938 4177 61654304 1
1938 4201 61654314 1
1938 4276 61654324 1
2114 6208 61654444 0
2176 6253 61654454 1
2171 6266 61654464 1
2171 6296 61654474 1
2171 6296 61654484 1
2182 6296 61654494 1
2194 6296 61654504 1
2213 6296 61654514 1
2239 6296 61654524 1
2272 6290 61654534 1
2565 6174 61654634 0
2653 6188 61654644 1
2684 6209 61654654 1
2723 6237 61654664 1
2766 6269 61654674 1
2819 6302 61654684 1
2878 6333 61654694 1
2943 6358 61654704 1
3010 6372 61654714 1
3079 6378 61654724 1
3148 6365 61654734 1
3208 6340 61654744 1
3262 6305 61654754 1
3309 6256 61654764 1
3349 6198 61654774 1
3383 6117 61654784 1
3407 6007 61654794 1
3423 5878 61654804 1
3433 5732 61654814 1
3442 5581 61654824 1
3451 5426 61654834 1
3460 5226 61654844 1
3469 5027 61654854 1
3478 4828 61654864 1
3487 4620 61654874 1
3487 4435 61654884 1
3487 4266 61654894 1
3487 4098 61654904 1
3487 3988 61654914 1
3487 3918 61654924 1
3471 3879 61654934 1
3447 3869 61654944 1
3415 3879 61654954 1
3370 3901 61654964 1
3325 3927 61654974 1
2467 5612 61655165 0
2467 5612 61655175 1
2488 5642 61655185 1
2499 5662 61655195 1
2524 5689 61655205 1
2553 5716 61655215 1
2590 5742 61655225 1
2637 5768 61655235 1
2691 5801 61655245 1
2743 5840 61655255 1
2793 5876 61655265 1
2834 5906 61655275 1
2865 5925 61655285 1
2889 5936 61655295 1
2899 5931 61655305 1
2899 5916 61655315 1
2670 5536 61655375 0
2630 5392 61655385 1
2615 5376 61655395 1
2607 5406 61655405 1
2612 5401 61655415 1
2625 5401 61655425 1
2646 5401 61655435 1
2678 5406 61655445 1
2719 5423 61655455 1
2761 5447 61655465 1
2802 5478 61655475 1
2842 5508 61655485 1
2882 5533 61655495 1
2912 5549 61655505 1
2934 5556 61655515 1
2945 5544 61655525 1
2824 5311 61655575 0
2741 5151 61655585 1
2712 5097 61655595 1
2685 5069 61655605 1
2685 5056 61655615 1
2705 5056 61655625 1
2730 5056 61655635 1
2768 5073 61655645 1
2812 5099 61655655 1
2867 5138 61655665 1
2928 5185 61655675 1
5117 5702 61656006 0
5117 5702 61656016 1
5091 5742 61656026 1
5142 5783 61656036 1
5244 5856 61656046 1
5381 5950 61656056 1
5513 6002 61656066 1
5625 6054 61656076 1
5723 6105 61656086 1
5790 6120 61656096 1
5823 6130 61656106 1
5834 6130 61656116 1
5827 6125 61656126 1
5425 6127 61656216 0
5431 6159 61656226 1
5431 6172 61656236 1
5437 6178 61656246 1
5442 6178 61656256 1
5442 6178 61656266 1
5442 6162 61656276 1
5450 6127 61656286 1
5450 6078 61656296 1
5443 6007 61656306 1
5437 5934 61656316 1
5430 5855 61656326 1
5422 5776 61656336 1
5413 5713 61656347 1
5405 5659 61656357 1
5400 5609 61656367 1
5400 5568 61656377 1
5393 5533 61656387 1
5393 5498 61656397 1
5393 5463 61656407 1
5393 5428 61656417 1
5393 5393 61656427 1
5387 5357 61656437 1
5380 5328 61656447 1
5380 5315 61656457 1
5380 5315 61656467 1
5380 5315 61656477 1
5380 5320 61656487 1
5380 5332 61656497 1
5387 5359 61656507 1
5399 5552 61656567 0
5407 5603 61656577 1
5414 5623 61656587 1
5430 5643 61656597 1
5453 5664 61656607 1
5481 5679 61656617 1
5510 5686 61656627 1
5540 5686 61656637 1
5565 5681 61656647 1
5586 5671 61656657 1
5599 5655 61656667 1
5599 5634 61656677 1
5585 5599 61656687 1
5562 5554 61656697 1
5527 5506 61656707 1
5484 5456 61656717 1
5444 5404 61656727 1
5405 5360 61656737 1
5373 5320 61656747 1
5351 5298 61656757 1
5338 5285 61656767 1
5333 5278 61656777 1
5333 5278 61656787 1
5333 5278 61656797 1
5333 5278 61656807 1
5340 5266 61656817 1
5340 5254 61656827 1
5334 5224 61656827 1
5317 5183 61656837 1
5288 5131 61656847 1
5252 5078 61656857 1
5221 5034 61656867 1
5195 4997 61656877 1
5179 4978 61656887 1
5174 4978 61656897 1
5174 4978 61656907 1
5192 4994 61656917 1
5394 5270 61656987 0
5439 5298 61656997 1
5447 5303 61657007 1
5455 5303 61657017 1
5464 5308 61657027 1
5472 5303 61657037 1
5483 5287 61657048 1
5495 5262 61657058 1
5505 5223 61657068 1
5514 5177 61657078 1
5528 5134 61657088 1
5547 5099 61657098 1
5575 5069 61657108 1
5612 5056 61657118 1
5662 5061 61657128 1
5721 5078 61657138 1
5776 5106 61657148 1
5827 5133 61657158 1
5858 5154 61657168 1
5877 5170 61657178 1
5922 5649 61657318 0
5922 5694 61657328 1
5922 5705 61657338 1
5922 5716 61657348 1
5959 5739 61657358 1
6010 5770 61657368 1
6082 5800 61657378 1
6180 5838 61657388 1
6294 5881 61657398 1
6405 5921 61657408 1
6502 5957 61657418 1
6590 5983 61657428 1
6655 6001 61657438 1
6694 6010 61657448 1
6715 6010 61657458 1
6715 6010 61657468 1
6695 6010 61657478 1
6372 6118 61657558 0
6372 6118 61657568 1
6372 6118 61657578 1
6372 6118 61657588 1
6393 6083 61657598 1
6398 6037 61657608 1
6389 5965 61657618 1
6379 5889 61657628 1
6369 5811 61657638 1
6354 5741 61657648 1
6337 5688 61657658 1
6321 5643 61657668 1
6192 5697 61657739 0
6192 5697 61657749 1
6192 5697 61657759 1
6192 5697 61657769 1
6170 5656 61657779 1
6164 5627 61657789 1
6157 5585 61657799 1
6157 5536 61657809 1
6157 5490 61657819 1
6157 5449 61657829 1
6162 5411 61657839 1
6168 5382 61657849 1
6176 5371 61657859 1
6188 5524 61657919 0
6205 5585 61657929 1
6215 5599 61657939 1
6227 5616 61657949 1
6258 5636 61657959 1
6294 5658 61657969 1
6334 5671 61657979 1
6374 5682 61657989 1
6420 5690 61657999 1
6454 5690 61658009 1
6480 5690 61658019 1
6495 5681 61658029 1
6495 5664 61658039 1
6495 5640 61658049 1
6468 5607 61658059 1
6426 5569 61658069 1
6371 5530 61658079 1
6317 5492 61658089 1
6265 5462 61658099 1
6220 5437 61658109 1
6195 5419 61658119 1
6183 5411 61658129 1
6183 5411 61658139 1
6183 5411 61658149 1
6183 5411 61658159 1
6193 5411 61658169 1
6208 5411 61658179 1
6228 5411 61658189 1
6237 5411 61658199 1
6237 5411 61658209 1
6232 5381 61658219 1
6207 5339 61658229 1
6167 5285 61658239 1
6116 5230 61658249 1
6068 5174 61658259 1
6023 5132 61658269 1
6001 5099 61658279 1
5993 5091 61658289 1
5993 5091 61658299 1
6005 5099 61658309 1
6278 5339 61658379 0
6346 5362 61658389 1
6364 5368 61658399 1
6381 5374 61658409 1
6394 5374 61658419 1
6401 5374 61658429 1
6401 5369 61658439 1
6413 5354 61658449 1
6421 5337 61658459 1
6429 5315 61658469 1
6436 5289 61658479 1
6447 5258 61658489 1
6458 5226 61658499 1
6470 5198 61658509 1
6485 5169 61658519 1
6502 5145 61658529 1
6525 5122 61658539 1
6555 5101 61658549 1
6591 5086 61658559 1
6644 5075 61658569 1
6708 5075 61658570 1
6793 5087 61658580 1
6883 5112 61658590 1
6977 5145 61658600 1
7067 5181 61658610 1
7157 5220 61658620 1
7248 5262 61658630 1
7338 5310 61658640 1
7406 5363 61658650 1
7458 5415 61658660 1
