208
1812 5377 31151576 0
1970 5248 31151586 1
1888 5248 31151596 1
1765 5193 31151606 1
1614 4825 31151616 1
1463 4261 31151626 1
1352 3855 31151636 1
1267 3449 31151646 1
1186 3042 31151656 1
1139 2880 31151666 1
1114 2829 31151676 1
1137 2851 31151686 1
1437 4302 31151746 0
1615 4541 31151756 1
1681 4541 31151766 1
1698 4523 31151776 1
1720 4253 31151786 1
1749 3918 31151796 1
1797 3539 31151806 1
1857 3266 31151816 1
1912 3128 31151826 1
1964 3081 31151836 1
2013 3093 31151846 1
2122 3228 31151856 1
2279 3444 31151867 1
2467 3793 31151877 1
2660 4239 31151887 1
2847 4750 31151897 1
2974 5155 31151907 1
3064 5365 31151917 1
3078 5445 31151927 1
3066 5347 31151937 1
3036 5035 31151947 1
2991 4580 31151957 1
2977 4043 31151967 1
2984 3608 31151977 1
3037 3240 31151987 1
3096 3024 31151997 1
3159 2902 31152007 1
4186 4347 31152257 0
4031 4245 31152267 1
3961 4144 31152277 1
3906 4074 31152287 1
3860 3879 31152297 1
3860 3601 31152307 1
3909 3356 31152317 1
3980 3212 31152327 1
4073 3135 31152337 1
4179 3147 31152347 1
4294 3250 31152357 1
4413 3413 31152367 1
4527 3623 31152377 1
4560 3864 31152387 1
4541 4125 31152397 1
4465 4313 31152407 1
4355 4381 31152417 1
4223 4368 31152427 1
4061 4235 31152437 1
3904 4045 31152447 1
3787 3817 31152457 1
3694 3660 31152467 1
3681 3597 31152477 1
3703 3597 31152487 1
3748 3612 31152497 1
3878 3705 31152507 1
4094 3851 31152517 1
4368 4020 31152527 1
4598 4183 31152537 1
4748 4291 31152547 1
4844 4364 31152557 1
4872 4392 31152567 1
4882 4403 31152568 1
4882 4403 31152578 1
4882 4403 31152588 1
4882 4403 31152598 1
4890 4445 31152608 1
4890 4445 31152618 1
4890 4440 31152628 1
4890 4428 31152638 1
4906 4366 31152648 1
4928 4273 31152658 1
4994 4163 31152668 1
5089 4057 31152678 1
5223 3967 31152688 1
5314 3886 31152698 1
5376 3792 31152708 1
5383 3661 31152718 1
5345 3506 31152728 1
5276 3320 31152738 1
5216 3186 31152748 1
5203 3086 31152758 1
5220 3041 31152768 1
5261 3029 31152778 1
5353 3038 31152788 1
5478 3103 31152798 1
5638 3224 31152808 1
5816 3382 31152818 1
6007 3564 31152828 1
6152 3747 31152838 1
6252 3931 31152848 1
6322 4030 31152858 1
6322 4054 31152868 1
6275 4028 31152878 1
6197 3944 31152888 1
6088 3787 31152898 1
5982 3582 31152908 1
5878 3398 31152918 1
5842 3267 31152928 1
5851 3171 31152938 1
5891 3135 31152948 1
5976 3147 31152958 1
6104 3190 31152968 1
6261 3316 31152978 1
6426 3515 31152988 1
6566 3762 31152998 1
6689 4114 31153008 1
6817 4451 31153018 1
6890 4779 31153028 1
6925 4931 31153038 1
6903 4946 31153048 1
6822 4871 31153058 1
6702 4654 31153068 1
6571 4345 31153078 1
6451 3976 31153088 1
6338 3614 31153098 1
6296 3355 31153108 1
6288 3165 31153118 1
6303 3050 31153128 1
6345 2988 31153138 1
6429 2961 31153148 1
6542 2985 31153158 1
6728 3077 31153168 1
6955 3215 31153178 1
7208 3399 31153188 1
7415 3594 31153198 1
7527 3797 31153208 1
7576 3966 31153218 1
7545 4036 31153228 1
7448 4036 31153238 1
7307 3932 31153248 1
7154 3753 31153258 1
7058 3527 31153268 1
7001 3318 31153278 1
7001 3175 31153288 1
7051 3075 31153298 1
7127 3042 31153308 1
7257 3059 31153318 1
7439 3109 31153328 1
8973 4029 31153519 0
8851 4086 31153529 1
8760 4166 31153539 1
8649 4188 31153549 1
8556 4144 31153559 1
8474 4055 31153569 1
8393 3878 31153579 1
8326 3690 31153589 1
8313 3495 31153599 1
8332 3343 31153609 1
8403 3255 31153619 1
8526 3209 31153639 1
8683 3227 31153649 1
8911 3304 31153659 1
9157 3420 31153669 1
9415 3564 31153679 1
9658 3721 31153689 1
9810 3886 31153699 1
9901 3984 31153709 1
9912 4041 31153719 1
9879 4072 31153729 1
9817 4096 31153739 1
9717 4075 31153749 1
9574 4023 31153759 1
9401 3900 31153769 1
9218 3763 31153769 1
9106 3616 31153779 1
9041 3543 31153789 1
9041 3520 31153799 1
9115 3530 31153809 1
9236 3583 31153819 1
9422 3651 31153829 1
9611 3730 31153839 1
9717 3756 31153849 1
9765 3711 31153859 1
9753 3620 31153869 1
9734 3500 31153879 1
9710 3423 31153889 1
9756 3376 31153899 1
9859 3376 31153909 1
10001 3435 31153919 1
10159 3532 31153929 1
10346 3672 31153939 1
10552 3816 31153949 1
10705 3963 31153959 1
10806 4027 31153969 1
10873 4027 31153979 1
10899 3982 31153989 1
10892 3867 31153999 1
10862 3735 31154009 1
10882 3591 31154019 1
10949 3497 31154029 1
11046 3454 31154039 1
11162 3444 31154049 1
11284 3489 31154059 1
11418 3584 31154069 1
11295 4886 31154160 0
10973 4584 31154170 1
10860 4621 31154180 1
10780 4613 31154190 1
