217
1288 4939 27372142 0
1295 4798 27372152 1
1280 4785 27372162 1
1262 4628 27372172 1
1196 4360 27372182 1
1075 4018 27372192 1
918 3580 27372202 1
771 3157 27372212 1
628 2744 27372222 1
515 2463 27372232 1
421 2332 27372242 1
388 2302 27372252 1
397 2380 27372262 1
800 3972 27372322 0
973 4230 27372332 1
1013 4251 27372342 1
1034 4189 27372352 1
1071 4007 27372362 1
1110 3744 27372372 1
1170 3440 27372382 1
1244 3161 27372392 1
1336 2899 27372402 1
1429 2785 27372412 1
1523 2771 27372422 1
1635 2825 27372432 1
1758 2983 27372442 1
1907 3256 27372452 1
2086 3607 27372462 1
2284 4016 27372472 1
2436 4412 27372482 1
2552 4800 27372492 1
2644 5011 27372502 1
2649 5056 27372512 1
2616 4991 27372522 1
2558 4788 27372532 1
2496 4489 27372542 1
2433 4125 27372552 1
2414 3708 27372562 1
2425 3380 27372572 1
2486 3112 27372582 1
2583 2923 27372592 1
3530 3895 27372743 0
3557 3801 27372753 1
3499 3720 27372763 1
3427 3597 27372773 1
3411 3395 27372783 1
3454 3193 27372793 1
3535 3078 27372803 1
3649 3021 27372813 1
3763 3021 27372823 1
3840 3075 27372833 1
3892 3155 27372843 1
3920 3291 27372853 1
3905 3470 27372863 1
3861 3678 27372873 1
3790 3900 27372883 1
3708 4023 27372893 1
3618 4080 27372903 1
3538 4047 27372913 1
3458 3924 27372923 1
3379 3741 27372933 1
3336 3573 27372943 1
3336 3445 27372953 1
3357 3345 27372963 1
3424 3316 27372973 1
3553 3377 27372983 1
3722 3498 27372993 1
3916 3686 27373003 1
4121 3909 27373003 1
4333 4155 27373013 1
4460 4324 27373023 1
4512 4405 27373033 1
4512 4428 27373043 1
4503 4428 27373053 1
4473 4428 27373063 1
4431 4406 27373073 1
4383 4379 27373083 1
4364 4366 27373093 1
4364 4348 27373103 1
4381 4326 27373113 1
4431 4273 27373123 1
4503 4215 27373133 1
4595 4152 27373143 1
4687 4088 27373153 1
4758 4020 27373163 1
4815 3929 27373173 1
4831 3824 27373183 1
4821 3681 27373193 1
4793 3539 27373203 1
4777 3398 27373213 1
4787 3241 27373223 1
4813 3098 27373233 1
4854 3000 27373243 1
4919 2928 27373253 1
4999 2897 27373263 1
5114 2920 27373273 1
5265 2979 27373283 1
5439 3096 27373293 1
5625 3269 27373303 1
5815 3479 27373313 1
5958 3670 27373323 1
6067 3857 27373333 1
6125 3969 27373343 1
6147 4032 27373353 1
6147 4044 27373363 1
6140 4031 27373373 1
6108 4001 27373383 1
6056 3892 27373393 1
5957 3730 27373403 1
5861 3532 27373413 1
5766 3344 27373423 1
5727 3178 27373433 1
5757 3110 27373443 1
5833 3100 27373453 1
5948 3156 27373463 1
6086 3291 27373473 1
6239 3478 27373483 1
6380 3694 27373493 1
6492 3996 27373504 1
6585 4355 27373514 1
6662 4704 27373524 1
6697 4936 27373534 1
6705 5089 27373544 1
6661 5081 27373554 1
6583 4940 27373564 1
6481 4711 27373574 1
6374 4406 27373584 1
6273 4045 27373594 1
6234 3646 27373604 1
6234 3373 27373614 1
6293 3192 27373624 1
6397 3073 27373634 1
6529 3047 27373644 1
6713 3107 27373654 1
6932 3224 27373664 1
7174 3420 27373674 1
7409 3647 27373684 1
7581 3894 27373694 1
7711 4135 27373704 1
7757 4280 27373714 1
7728 4360 27373724 1
7648 4304 27373734 1
7517 4130 27373744 1
7358 3878 27373754 1
7180 3606 27373764 1
7088 3357 27373774 1
7056 3189 27373784 1
7063 3066 27373794 1
7119 3017 27373804 1
7279 3047 27373814 1
7508 3130 27373824 1
7830 3288 27373834 1
9111 4085 27374044 0
9127 4122 27374054 1
9075 4182 27374064 1
8983 4241 27374074 1
8890 4204 27374084 1
8795 4104 27374094 1
8688 3959 27374104 1
8605 3768 27374115 1
8537 3546 27374125 1
8503 3333 27374135 1
8520 3175 27374145 1
8570 3053 27374155 1
8658 2993 27374165 1
8789 2993 27374175 1
8948 3028 27374185 1
9133 3133 27374195 1
9345 3293 27374205 1
9575 3489 27374215 1
9764 3684 27374225 1
9917 3887 27374235 1
10045 4028 27374245 1
10087 4127 27374255 1
10087 4158 27374265 1
10066 4139 27374275 1
9978 4086 27374285 1
9817 3947 27374295 1
9607 3776 27374305 1
9411 3583 27374315 1
9293 3471 27374325 1
9226 3426 27374335 1
9226 3426 27374345 1
9291 3478 27374355 1
9398 3570 27374365 1
9557 3689 27374375 1
9698 3809 27374385 1
9828 3848 27374395 1
9887 3834 27374405 1
9892 3717 27374415 1
9862 3583 27374425 1
9853 3437 27374435 1
9907 3344 27374445 1
10004 3304 27374455 1
10104 3299 27374465 1
10242 3363 27374475 1
10404 3481 27374485 1
10609 3634 27374495 1
10797 3822 27374505 1
10974 4004 27374515 1
11073 4090 27374525 1
11073 4090 27374535 1
11066 4064 27374545 1
11007 3940 27374555 1
10987 3767 27374565 1
10993 3649 27374575 1
11068 3578 27374585 1
11154 3539 27374595 1
11246 3549 27374605 1
11324 3604 27374615 1
11384 3690 27374625 1
11433 3830 27374635 1
10969 5293 27374886 0
11045 5087 27374896 1
11073 5087 27374906 1
11073 5166 27374916 1
11073 5156 27374926 1
