222
1521 5087 27395565 0
1521 5087 27395575 1
1509 5127 27395585 1
1492 5127 27395595 1
1447 5031 27395605 1
1371 4815 27395615 1
1283 4522 27395625 1
1158 4122 27395635 1
1021 3702 27395645 1
877 3268 27395655 1
767 2901 27395665 1
681 2649 27395675 1
611 2473 27395685 1
573 2413 27395695 1
579 2429 27395705 1
930 3682 27395766 0
1197 4166 27395776 1
1273 4306 27395786 1
1329 4354 27395796 1
1372 4342 27395806 1
1416 4208 27395816 1
1444 3957 27395826 1
1462 3628 27395836 1
1473 3259 27395846 1
1505 2949 27395856 1
1551 2679 27395866 1
1606 2588 27395876 1
1663 2581 27395886 1
1725 2629 27395896 1
1789 2795 27395906 1
1898 3073 27395916 1
2037 3427 27395926 1
2197 3826 27395936 1
2335 4232 27395946 1
2441 4643 27395956 1
2526 4892 27395966 1
2548 4967 27395976 1
2542 4927 27395986 1
2516 4725 27395996 1
2488 4393 27396006 1
2463 3974 27396016 1
2481 3482 27396026 1
2526 3054 27396036 1
2613 2668 27396046 1
2706 2444 27396056 1
3743 3852 27396206 0
3817 3768 27396216 1
3801 3701 27396226 1
3759 3671 27396236 1
3713 3545 27396246 1
3665 3354 27396256 1
3671 3111 27396266 1
3720 2916 27396276 1
3797 2753 27396286 1
3907 2679 27396296 1
3994 2679 27396306 1
4065 2717 27396316 1
4154 2844 27396326 1
4225 3029 27396336 1
4285 3254 27396346 1
4280 3521 27396356 1
4229 3738 27396366 1
4146 3921 27396376 1
4048 3977 27396386 1
3955 3944 27396396 1
3868 3852 27396406 1
3805 3710 27396416 1
3759 3596 27396426 1
3740 3500 27396436 1
3753 3449 27396446 1
3788 3441 27396456 1
3868 3463 27396466 1
4016 3552 27396476 1
4208 3683 27396486 1
4421 3841 27396496 1
4598 3966 27396506 1
4752 4037 27396516 1
4850 4073 27396526 1
4917 4092 27396536 1
4962 4107 27396546 1
4993 4115 27396556 1
5006 4120 27396566 1
5006 4120 27396576 1
4999 4120 27396586 1
4982 4120 27396596 1
4959 4120 27396606 1
4918 4100 27396616 1
4877 4058 27396626 1
4860 4004 27396636 1
4860 3933 27396646 1
4894 3842 27396656 1
4969 3739 27396666 1
5068 3641 27396676 1
5171 3542 27396686 1
5269 3442 27396696 1
5324 3304 27396706 1
5352 3161 27396716 1
5337 3020 27396726 1
5318 2881 27396736 1
5295 2788 27396746 1
5318 2731 27396756 1
5379 2697 27396766 1
5464 2703 27396776 1
5609 2768 27396786 1
5798 2873 27396796 1
6016 3024 27396806 1
6246 3228 27396816 1
6457 3467 27396826 1
6654 3681 27396836 1
6778 3841 27396846 1
6813 3966 27396856 1
6789 3991 27396866 1
6708 3952 27396876 1
6599 3870 27396886 1
6470 3703 27396896 1
6364 3528 27396906 1
6303 3349 27396916 1
6271 3161 27396926 1
6286 3031 27396936 1
6357 2941 27396946 1
6465 2916 27396956 1
6629 2977 27396957 1
6836 3095 27396967 1
7072 3310 27396977 1
7299 3586 27396987 1
7516 3904 27396997 1
7670 4267 27397007 1
7785 4592 27397017 1
7834 4892 27397027 1
7806 5029 27397037 1
7726 5029 27397047 1
7616 4928 27397057 1
7465 4672 27397067 1
7286 4314 27397077 1
7130 3887 27397087 1
7038 3446 27397097 1
6989 3087 27397107 1
7009 2782 27397117 1
7081 2598 27397127 1
7188 2510 27397137 1
7330 2486 27397147 1
7519 2541 27397157 1
7740 2701 27397167 1
7996 2930 27397177 1
8205 3235 27397187 1
8382 3518 27397197 1
8491 3787 27397207 1
8506 3917 27397217 1
8459 3917 27397227 1
8353 3829 27397237 1
8226 3616 27397247 1
8086 3378 27397257 1
8016 3124 27397267 1
8016 2922 27397277 1
8064 2762 27397287 1
8178 2630 27397297 1
8368 2573 27397307 1
8608 2578 27397317 1
8898 2625 27397327 1
10123 3773 27397568 0
10249 3916 27397578 1
10265 4035 27397588 1
10233 4180 27397598 1
10162 4229 27397608 1
10066 4220 27397618 1
9933 4173 27397618 1
9786 4042 27397628 1
9629 3834 27397638 1
9478 3575 27397648 1
9382 3337 27397658 1
9323 3099 27397668 1
9339 2931 27397678 1
9410 2811 27397688 1
9518 2737 27397698 1
9660 2743 27397708 1
9847 2802 27397718 1
10065 2933 27397728 1
10264 3099 27397738 1
10444 3289 27397748 1
10610 3464 27397758 1
10712 3585 27397768 1
10775 3669 27397778 1
10813 3720 27397788 1
10813 3727 27397798 1
10779 3706 27397808 1
10721 3617 27397818 1
10591 3472 27397828 1
10453 3290 27397838 1
10309 3145 27397848 1
10248 3068 27397858 1
10236 3036 27397868 1
10257 3041 27397878 1
10315 3089 27397888 1
10431 3167 27397898 1
10585 3269 27397908 1
10721 3368 27397918 1
10807 3406 27397928 1
10860 3406 27397938 1
10883 3362 27397948 1
10894 3288 27397958 1
10894 3194 27397968 1
10943 3136 27397978 1
11035 3128 27397988 1
11157 3153 27397998 1
11302 3242 27398008 1
11449 3361 27398018 1
11597 3500 27398028 1
11687 3608 27398038 1
11740 3655 27398048 1
11740 3661 27398058 1
11720 3634 27398068 1
11682 3556 27398078 1
11646 3445 27398088 1
11663 3365 27398098 1
11715 3325 27398108 1
11790 3311 27398118 1
11886 3350 27398128 1
11827 4906 27398299 0
11752 4502 27398309 1
11720 4674 27398319 1
11709 4729 27398329 1
11709 4707 27398339 1
