275
1714 5301 23444103 0
1748 5414 23444113 1
1725 5476 23444123 1
1736 5507 23444133 1
1769 5518 23444143 1
1795 5512 23444153 1
1817 5462 23444163 1
1835 5383 23444173 1
1846 5218 23444183 1
1839 4987 23444193 1
1819 4711 23444203 1
1772 4419 23444213 1
1697 4102 23444223 1
1603 3768 23444233 1
1518 3517 23444243 1
1474 3351 23444253 1
1456 3242 23444263 1
1456 3210 23444273 1
1456 3248 23444283 1
1467 3332 23444293 1
1726 5074 23444374 0
1824 5257 23444384 1
1831 5269 23444394 1
1821 5250 23444404 1
1828 5211 23444414 1
1835 5103 23444424 1
1859 4942 23444434 1
1895 4747 23444444 1
1955 4541 23444454 1
2039 4328 23444464 1
2140 4107 23444474 1
2252 3954 23444484 1
2366 3844 23444494 1
2486 3801 23444504 1
2612 3819 23444514 1
2720 3879 23444524 1
2816 3991 23444534 1
2893 4155 23444544 1
2961 4355 23444554 1
3024 4610 23444564 1
3091 4901 23444574 1
3156 5217 23444584 1
3204 5491 23444594 1
3240 5637 23444604 1
3253 5699 23444614 1
3253 5717 23444624 1
3248 5705 23444624 1
3233 5673 23444634 1
3204 5561 23444644 1
3165 5372 23444654 1
3136 5131 23444664 1
3123 4835 23444674 1
3123 4518 23444684 1
3131 4186 23444694 1
3175 3882 23444704 1
3240 3671 23444714 1
3344 3522 23444724 1
3461 3468 23444734 1
4176 4126 23444835 0
4173 4166 23444845 1
4144 4194 23444855 1
4115 4234 23444865 1
4084 4234 23444875 1
4051 4217 23444885 1
4017 4190 23444895 1
3990 4139 23444905 1
3977 4056 23444915 1
3972 3951 23444925 1
3986 3830 23444935 1
4004 3730 23444945 1
4042 3644 23444955 1
4092 3613 23444965 1
4155 3627 23444975 1
4212 3670 23444985 1
4265 3761 23444995 1
4295 3854 23445005 1
4295 3948 23445015 1
4276 4029 23445025 1
4233 4109 23445035 1
4175 4161 23445045 1
4107 4196 23445055 1
4043 4196 23445065 1
3983 4186 23445075 1
3943 4170 23445085 1
3915 4154 23445095 1
3915 4139 23445105 1
3963 4103 23445115 1
4034 4078 23445125 1
4162 4061 23445135 1
4319 4072 23445145 1
4494 4096 23445155 1
4674 4130 23445165 1
4833 4165 23445175 1
4977 4201 23445185 1
5082 4239 23445195 1
5150 4269 23445205 1
5194 4296 23445215 1
5184 4317 23445225 1
5145 4340 23445235 1
5087 4363 23445245 1
5031 4386 23445255 1
4980 4394 23445265 1
4939 4389 23445275 1
4915 4375 23445285 1
4901 4350 23445295 1
4901 4289 23445305 1
4909 4203 23445315 1
4932 4104 23445325 1
4956 4013 23445335 1
4980 3928 23445345 1
5004 3850 23445355 1
5022 3793 23445365 1
5035 3750 23445375 1
5035 3750 23445385 1
5035 3771 23445395 1
5025 3812 23445405 1
5015 3912 23445415 1
5021 4037 23445425 1
5038 4178 23445435 1
5077 4313 23445445 1
5139 4421 23445455 1
5215 4510 23445465 1
5310 4583 23445475 1
5405 4635 23445485 1
5500 4672 23445495 1
5590 4672 23445505 1
5900 4411 23445556 0
6044 4226 23445566 1
6098 4190 23445576 1
6141 4202 23445586 1
6185 4202 23445596 1
6208 4216 23445606 1
6217 4244 23445616 1
6206 4291 23445626 1
6184 4360 23445636 1
6155 4444 23445646 1
6124 4525 23445656 1
6093 4597 23445666 1
6056 4640 23445676 1
6014 4666 23445686 1
5973 4666 23445696 1
5928 4638 23445706 1
5880 4588 23445716 1
5838 4493 23445726 1
5820 4363 23445736 1
5820 4211 23445746 1
5846 4070 23445756 1
5892 3962 23445766 1
5950 3877 23445776 1
6024 3849 23445786 1
6103 3879 23445796 1
6192 3948 23445806 1
6290 4066 23445816 1
6392 4229 23445826 1
6484 4422 23445836 1
6560 4644 23445846 1
6626 4863 23445856 1
6672 5081 23445866 1
6688 5232 23445876 1
6683 5313 23445886 1
6660 5347 23445896 1
6617 5356 23445906 1
6561 5329 23445916 1
6494 5278 23445926 1
6429 5182 23445936 1
6365 5042 23445946 1
6326 4874 23445956 1
6302 4680 23445966 1
6310 4494 23445976 1
6354 4313 23445986 1
6422 4133 23445996 1
6524 3998 23446006 1
6652 3893 23446016 1
6796 3842 23446026 1
6955 3830 23446036 1
7101 3843 23446046 1
7236 3890 23446056 1
7367 3960 23446066 1
7476 4045 23446076 1
7553 4144 23446086 1
7609 4243 23446096 1
7633 4342 23446106 1
7620 4417 23446116 1
7583 4454 23446126 1
7526 4467 23446126 1
7450 4454 23446136 1
7361 4423 23446146 1
7290 4379 23446156 1
7251 4321 23446166 1
7234 4259 23446176 1
7253 4182 23446186 1
7308 4097 23446196 1
7386 4030 23446206 1
7493 3988 23446216 1
7625 3963 23446226 1
7773 3963 23446236 1
7935 3980 23446246 1
8396 4200 23446317 0
8396 4200 23446327 1
8344 4222 23446337 1
8312 4245 23446347 1
8274 4273 23446357 1
8233 4301 23446367 1
8205 4327 23446377 1
8183 4349 23446387 1
8169 4358 23446397 1
8156 4358 23446407 1
8140 4348 23446417 1
8123 4312 23446427 1
8111 4259 23446437 1
8104 4179 23446447 1
8104 4099 23446457 1
8129 4018 23446467 1
8166 3956 23446477 1
8221 3905 23446487 1
8299 3882 23446497 1
8393 3889 23446507 1
8500 3915 23446517 1
8601 3959 23446527 1
8697 4011 23446537 1
8773 4069 23446547 1
8832 4134 23446557 1
8880 4205 23446567 1
8898 4281 23446577 1
8888 4341 23446587 1
8859 4377 23446597 1
8819 4396 23446607 1
8760 4396 23446617 1
8689 4373 23446627 1
8623 4336 23446637 1
8563 4287 23446647 1
8527 4217 23446657 1
8503 4132 23446667 1
8503 4064 23446677 1
8526 4016 23446687 1
8568 3982 23446697 1
8618 3969 23446707 1
8680 3979 23446717 1
8750 4004 23446727 1
8818 4045 23446737 1
8888 4098 23446747 1
8960 4160 23446757 1
9020 4202 23446767 1
9072 4213 23446777 1
9131 4204 23446787 1
9202 4176 23446797 1
9281 4130 23446807 1
9362 4071 23446817 1
9441 4018 23446827 1
9510 3979 23446837 1
9572 3950 23446847 1
9642 3950 23446857 1
9714 3979 23446867 1
9794 4028 23446877 1
9880 4087 23446887 1
9942 4153 23446897 1
9988 4225 23446907 1
10007 4267 23446917 1
10007 4267 23446927 1
10007 4251 23446937 1
10002 4207 23446947 1
10002 4145 23446957 1
9994 4072 23446967 1
9984 3999 23446977 1
9977 3943 23446987 1
9977 3899 23446997 1
9983 3899 23447007 1
9992 3944 23447017 1
10003 4014 23447027 1
9997 4578 23447068 0
10033 4879 23447078 1
10044 4911 23447088 1
10081 4944 23447098 1
10126 4950 23447108 1
10175 4937 23447118 1
