279
1569 5743 82864723 0
1542 5811 82864733 1
1536 5802 82864743 1
1529 5762 82864753 1
1501 5620 82864763 1
1461 5411 82864773 1
1399 5060 82864783 1
1325 4644 82864793 1
1242 4184 82864803 1
1175 3737 82864813 1
1130 3413 82864823 1
1099 3170 82864833 1
1099 3052 82864843 1
1104 3052 82864853 1
1122 3125 82864863 1
1154 3315 82864873 1
1191 3562 82864883 1
1234 3847 82864893 1
1274 4174 82864903 1
1304 4490 82864913 1
1328 4798 82864923 1
1358 5036 82864933 1
1396 5161 82864943 1
1439 5212 82864953 1
1483 5189 82864963 1
1531 5079 82864973 1
1574 4910 82864983 1
1613 4643 82864993 1
1640 4386 82865003 1
1682 4135 82865013 1
1733 3951 82865023 1
1808 3830 82865033 1
1903 3752 82865043 1
2011 3742 82865053 1
2141 3817 82865063 1
2272 3949 82865073 1
2404 4151 82865083 1
2551 4403 82865093 1
2700 4689 82865103 1
2825 4986 82865113 1
2932 5218 82865123 1
3020 5407 82865133 1
3062 5455 82865143 1
3073 5429 82865153 1
3073 5354 82865163 1
3065 5196 82865173 1
3041 4976 82865183 1
3017 4714 82865193 1
2995 4448 82865203 1
2979 4163 82865213 1
2970 3888 82865223 1
2986 3626 82865233 1
3019 3422 82865243 1
3080 3263 82865253 1
4001 3883 82865344 0
4209 4108 82865354 1
4245 4209 82865364 1
4245 4324 82865374 1
4222 4350 82865384 1
4180 4373 82865394 1
4124 4365 82865404 1
4060 4337 82865414 1
3991 4274 82865424 1
3919 4160 82865434 1
3851 4012 82865444 1
3786 3816 82865454 1
3742 3617 82865464 1
3710 3454 82865474 1
3704 3317 82865484 1
3725 3211 82865494 1
3765 3158 82865504 1
3819 3141 82865514 1
3880 3156 82865524 1
3951 3237 82865534 1
4038 3363 82865544 1
4133 3522 82865554 1
4223 3719 82865564 1
4300 3942 82865574 1
4367 4189 82865584 1
4414 4415 82865594 1
4430 4627 82865604 1
4430 4728 82865614 1
4391 4772 82865624 1
4337 4778 82865634 1
4270 4748 82865644 1
4191 4678 82865654 1
4115 4581 82865664 1
4042 4456 82865674 1
4005 4320 82865684 1
4005 4177 82865694 1
4018 4049 82865704 1
4055 3939 82865714 1
4125 3841 82865724 1
4217 3781 82865734 1
4314 3763 82865744 1
4423 3774 82865754 1
4541 3834 82865764 1
4669 3934 82865774 1
4799 4061 82865784 1
4929 4209 82865794 1
5042 4361 82865804 1
5136 4515 82865814 1
5218 4602 82865824 1
5262 4641 82865834 1
5281 4647 82865844 1
5281 4638 82865854 1
5296 4606 82865864 1
5309 4558 82865874 1
5314 4475 82865884 1
5314 4360 82865894 1
5295 4224 82865904 1
5256 4059 82865914 1
5204 3850 82865924 1
5142 3612 82865934 1
5083 3408 82865944 1
5055 3223 82865954 1
5046 3052 82865964 1
5069 2940 82865974 1
5118 2862 82865984 1
5185 2808 82865994 1
5261 2786 82866004 1
6186 3835 82866185 0
6187 3919 82866195 1
6158 3989 82866205 1
6128 4039 82866215 1
6092 4085 82866225 1
6051 4102 82866235 1
6003 4102 82866245 1
5946 4056 82866255 1
5882 3944 82866265 1
5818 3788 82866275 1
5756 3616 82866285 1
5725 3465 82866295 1
5714 3329 82866305 1
5724 3212 82866315 1
5760 3136 82866325 1
5813 3087 82866335 1
5872 3076 82866345 1
5934 3116 82866355 1
6002 3189 82866365 1
6084 3346 82866375 1
6175 3542 82866385 1
6266 3763 82866395 1
6355 4046 82866405 1
6429 4329 82866415 1
6494 4572 82866425 1
6529 4789 82866435 1
6538 4904 82866445 1
6530 4939 82866455 1
6515 4921 82866465 1
6478 4868 82866475 1
6426 4729 82866485 1
6365 4532 82866495 1
6303 4275 82866505 1
6239 4017 82866515 1
6212 3783 82866525 1
6220 3567 82866535 1
6250 3418 82866545 1
6314 3311 82866555 1
6400 3232 82866565 1
6501 3197 82866575 1
6612 3216 82866585 1
6742 3270 82866595 1
6884 3371 82866605 1
7006 3500 82866615 1
7119 3649 82866625 1
7227 3832 82866635 1
7313 4013 82866645 1
7347 4140 82866655 1
7347 4231 82866665 1
7304 4260 82866675 1
7236 4245 82866685 1
7150 4200 82866695 1
7072 4102 82866705 1
7000 3971 82866715 1
6952 3819 82866725 1
6917 3657 82866735 1
6903 3503 82866745 1
6913 3360 82866755 1
6939 3234 82866765 1
7000 3122 82866775 1
7096 3056 82866785 1
7215 3051 82866795 1
7382 3088 82866805 1
7555 3205 82866815 1
7761 3367 82866825 1
7988 3558 82866835 1
8186 3754 82866845 1
8368 3948 82866855 1
8539 4141 82866865 1
8646 4264 82866875 1
8701 4345 82866885 1
8721 4399 82866886 1
8721 4399 82866896 1
8662 4430 82866906 1
8606 4410 82866916 1
8534 4369 82866926 1
8447 4264 82866936 1
8349 4112 82866946 1
8239 3930 82866956 1
8152 3704 82866966 1
8079 3511 82866976 1
8045 3340 82866986 1
8066 3206 82866996 1
8123 3146 82867006 1
8238 3135 82867016 1
8397 3207 82867026 1
8584 3343 82867036 1
8795 3522 82867046 1
9011 3705 82867056 1
9182 3897 82867066 1
9322 4096 82867076 1
9424 4228 82867086 1
9462 4315 82867096 1
9456 4371 82867106 1
9409 4401 82867116 1
9346 4410 82867126 1
9272 4404 82867136 1
9199 4362 82867146 1
9119 4272 82867156 1
9033 4151 82867166 1
8944 3989 82867176 1
8860 3808 82867186 1
8780 3615 82867196 1
8740 3483 82867206 1
8752 3391 82867216 1
8798 3326 82867226 1
8863 3301 82867236 1
8949 3330 82867246 1
9048 3396 82867256 1
9157 3509 82867266 1
9275 3655 82867276 1
9399 3823 82867286 1
9504 4001 82867296 1
9573 4126 82867306 1
9619 4216 82867316 1
9619 4238 82867326 1
9619 4238 82867336 1
9599 4217 82867346 1
9565 4130 82867356 1
9522 3999 82867366 1
9474 3839 82867376 1
9455 3682 82867386 1
9469 3559 82867396 1
9505 3460 82867406 1
9575 3374 82867416 1
9673 3322 82867426 1
9789 3292 82867436 1
9954 3324 82867446 1
10120 3404 82867456 1
10286 3516 82867466 1
10485 3661 82867476 1
10659 3834 82867486 1
10817 4026 82867496 1
10953 4166 82867506 1
11033 4250 82867516 1
11076 4297 82867526 1
11065 4288 82867536 1
11038 4276 82867546 1
11000 4228 82867556 1
10945 4157 82867566 1
10890 4068 82867576 1
10836 3957 82867586 1
10783 3832 82867596 1
10733 3676 82867606 1
10690 3539 82867616 1
10671 3414 82867626 1
10666 3295 82867636 1
10680 3198 82867646 1
10879 5443 82867807 0
10866 5477 82867817 1
10832 5501 82867827 1
10827 5501 82867837 1
10839 5460 82867847 1
10856 5398 82867857 1
10875 5315 82867867 1
10902 5235 82867877 1
10938 5158 82867887 1
10995 5085 82867897 1
