204
1695 5088 31157365 0
1835 5006 31157375 1
1780 5069 31157385 1
1664 5027 31157395 1
1575 4916 31157405 1
1440 4566 31157415 1
1274 4066 31157425 1
1129 3465 31157435 1
1009 2980 31157445 1
906 2703 31157455 1
848 2566 31157465 1
796 2545 31157475 1
753 2580 31157485 1
736 2652 31157495 1
883 3452 31157535 0
1157 4025 31157545 1
1257 4232 31157555 1
1325 4247 31157565 1
1370 4107 31157575 1
1412 3865 31157585 1
1451 3464 31157595 1
1526 3051 31157605 1
1624 2630 31157615 1
1737 2472 31157625 1
1816 2428 31157635 1
1892 2459 31157645 1
1967 2575 31157655 1
2092 2806 31157665 1
2359 3530 31157695 0
2617 4497 31157705 1
2724 4841 31157715 1
2806 5008 31157725 1
2820 5057 31157735 1
2835 4885 31157745 1
2828 4504 31157755 1
2806 3984 31157765 1
2813 3428 31157775 1
2843 3011 31157785 1
2888 2687 31157795 1
2946 2572 31157805 1
3006 2528 31157815 1
3468 3138 31157935 0
3532 3054 31157945 1
3498 3135 31157955 1
3479 3054 31157965 1
3469 2865 31157975 1
3545 2677 31157985 1
3650 2602 31157995 1
3775 2602 31158005 1
3861 2656 31158015 1
3934 2781 31158025 1
3998 2955 31158035 1
3998 3127 31158045 1
3942 3299 31158055 1
3853 3389 31158065 1
3732 3425 31158075 1
3601 3373 31158085 1
3463 3243 31158095 1
3378 3060 31158105 1
3345 2878 31158115 1
3345 2777 31158125 1
3412 2730 31158135 1
3546 2761 31158145 1
3724 2875 31158155 1
3927 3045 31158165 1
4144 3262 31158175 1
4369 3483 31158185 1
4521 3706 31158195 1
4597 3874 31158205 1
4622 3941 31158206 1
4622 3941 31158216 1
4622 3941 31158226 1
4622 3941 31158236 1
4595 3921 31158246 1
4589 3921 31158256 1
4589 3921 31158266 1
4589 3915 31158276 1
4602 3909 31158286 1
4663 3877 31158296 1
4756 3830 31158306 1
4860 3738 31158316 1
4938 3642 31158326 1
4998 3518 31158336 1
5028 3376 31158346 1
5018 3173 31158356 1
4982 2966 31158366 1
4951 2779 31158376 1
4962 2608 31158386 1
5000 2523 31158396 1
5073 2478 31158406 1
5191 2459 31158416 1
5338 2504 31158426 1
5503 2613 31158436 1
5662 2765 31158446 1
5818 2988 31158456 1
5930 3182 31158466 1
6003 3357 31158476 1
6050 3460 31158486 1
6060 3494 31158496 1
6049 3483 31158506 1
6025 3434 31158516 1
5949 3296 31158526 1
5871 3099 31158536 1
5791 2943 31158546 1
5800 2850 31158556 1
5853 2798 31158566 1
5934 2798 31158576 1
6039 2852 31158586 1
6150 2949 31158596 1
6258 3108 31158606 1
6361 3343 31158616 1
6432 3630 31158626 1
6499 3963 31158636 1
6563 4244 31158646 1
6601 4491 31158656 1
6601 4554 31158666 1
6576 4469 31158676 1
6495 4285 31158686 1
6378 3907 31158696 1
6238 3482 31158706 1
6162 3025 31158716 1
6162 2682 31158726 1
6217 2498 31158736 1
7169 3095 31158987 0
6967 2993 31158997 1
6917 3002 31159007 1
6917 3048 31159017 1
6960 3017 31159027 1
7031 3005 31159037 1
7166 3005 31159047 1
7315 3082 31159057 1
7473 3217 31159067 1
7582 3391 31159077 1
7615 3534 31159087 1
7598 3638 31159097 1
7551 3716 31159107 1
7467 3705 31159117 1
7357 3597 31159127 1
7233 3424 31159137 1
7129 3129 31159147 1
7093 2836 31159157 1
7093 2545 31159167 1
7176 2403 31159177 1
7309 2332 31159187 1
7477 2308 31159197 1
8822 3101 31159277 0
8917 3222 31159287 1
8870 3324 31159297 1
8778 3457 31159307 1
8683 3457 31159317 1
8565 3387 31159327 1
8431 3272 31159337 1
8338 3113 31159347 1
8292 2928 31159357 1
8277 2727 31159367 1
8323 2595 31159377 1
8427 2534 31159387 1
8569 2521 31159397 1
8744 2557 31159407 1
8946 2640 31159417 1
9167 2754 31159427 1
9370 2908 31159437 1
9536 3045 31159447 1
9677 3171 31159457 1
9753 3267 31159467 1
9763 3315 31159477 1
9730 3330 31159487 1
9630 3293 31159497 1
9469 3191 31159507 1
9267 3047 31159517 1
9115 2899 31159527 1
9038 2808 31159537 1
9012 2756 31159547 1
9037 2756 31159557 1
9118 2793 31159567 1
9236 2851 31159577 1
9363 2898 31159587 1
9454 2898 31159597 1
9521 2873 31159607 1
9572 2813 31159617 1
9625 2749 31159627 1
9718 2723 31159637 1
9836 2723 31159647 1
10020 2801 31159657 1
10207 2921 31159667 1
10397 3070 31159677 1
10597 3231 31159687 1
10711 3338 31159697 1
10767 3409 31159707 1
10748 3384 31159717 1
10671 3245 31159727 1
10554 3031 31159737 1
10478 2818 31159747 1
10467 2666 31159757 1
10499 2555 31159767 1
10590 2534 31159777 1
10732 2568 31159787 1
10907 2640 31159797 1
11094 2769 31159807 1
11324 4687 31159898 0
10990 4530 31159908 1
10828 4454 31159918 1
10746 4585 31159928 1
10718 4537 31159938 1
