411
821 2620 33977597 0
829 2665 33977607 1
822 2684 33977617 1
822 2684 33977627 1
822 2679 33977637 1
828 2662 33977647 1
861 2569 33977657 1
912 2425 33977667 1
987 2281 33977677 1
1079 2132 33977687 1
1181 2038 33977697 1
1281 1984 33977707 1
1382 1984 33977717 1
1483 2062 33977727 1
1605 2192 33977737 1
1742 2429 33977747 1
1889 2714 33977757 1
2067 3031 33977767 1
2246 3398 33977777 1
2424 3764 33977787 1
2594 4131 33977797 1
2761 4484 33977807 1
2903 4825 33977817 1
3032 5103 33977827 1
3151 5327 33977837 1
3234 5516 33977847 1
3279 5651 33977857 1
3298 5727 33977867 1
3285 5764 33977877 1
3260 5774 33977887 1
3228 5760 33977897 1
3185 5729 33977907 1
3139 5672 33977917 1
1903 3092 33978518 0
1881 3193 33978528 1
1841 3273 33978538 1
1806 3359 33978548 1
1781 3454 33978558 1
1768 3553 33978568 1
1790 3679 33978578 1
1835 3826 33978588 1
1911 3986 33978598 1
1992 4114 33978608 1
2061 4186 33978618 1
2121 4221 33978628 1
2142 4226 33978628 1
2142 4226 33978638 1
2153 4184 33978648 1
2162 4142 33978658 1
2169 4103 33978668 1
2181 4066 33978678 1
2200 4019 33978688 1
2224 3945 33978698 1
2252 3853 33978708 1
2282 3678 33978718 1
2315 3482 33978728 1
2352 3272 33978738 1
2399 3063 33978748 1
2455 2871 33978758 1
2521 2690 33978768 1
2593 2548 33978778 1
2669 2422 33978788 1
2732 2307 33978798 1
2786 2223 33978808 1
2837 2179 33978818 1
2889 2162 33978828 1
2945 2205 33978838 1
3010 2311 33978848 1
3093 2460 33978858 1
3187 2647 33978868 1
3291 2873 33978878 1
3398 3126 33978888 1
3511 3392 33978898 1
3630 3658 33978908 1
3753 3943 33978918 1
3852 4241 33978928 1
3934 4517 33978938 1
3980 4705 33978948 1
4000 4834 33978958 1
4000 4906 33978968 1
4005 4940 33978978 1
4005 4948 33978988 1
4005 4948 33978998 1
4005 4948 33979008 1
4005 4948 33979018 1
3999 4948 33979028 1
3994 4911 33979038 1
3962 4858 33979048 1
3913 4713 33979058 1
3847 4518 33979068 1
3784 4289 33979078 1
3726 3961 33979088 1
3677 3612 33979098 1
3648 3250 33979108 1
3631 2912 33979118 1
3621 2640 33979128 1
3621 2411 33979138 1
3635 2230 33979148 1
3666 2088 33979158 1
3725 1971 33979168 1
3798 1920 33979178 1
3880 1936 33979188 1
3967 1997 33979198 1
4054 2117 33979208 1
4143 2277 33979218 1
4231 2464 33979228 1
4307 2668 33979238 1
4375 2879 33979248 1
4426 3095 33979258 1
4477 3276 33979268 1
4516 3382 33979278 1
4548 3439 33979288 1
4575 3476 33979298 1
4598 3495 33979308 1
4619 3503 33979318 1
4641 3512 33979328 1
4658 3519 33979338 1
4671 3525 33979348 1
4677 3530 33979358 1
4677 3530 33979368 1
4672 3530 33979378 1
4657 3530 33979388 1
4615 3489 33979398 1
4556 3427 33979408 1
4488 3320 33979418 1
4421 3188 33979428 1
4357 3040 33979438 1
4295 2832 33979448 1
4239 2618 33979458 1
4208 2443 33979468 1
4191 2296 33979478 1
4212 2197 33979488 1
4238 2137 33979498 1
4272 2103 33979508 1
4309 2103 33979518 1
4349 2151 33979528 1
4394 2235 33979538 1
4444 2356 33979548 1
4491 2498 33979558 1
4534 2654 33979568 1
4576 2873 33979578 1
4619 3100 33979588 1
4647 3332 33979598 1
4666 3468 33979608 1
4666 3522 33979618 1
4666 3522 33979628 1
4666 3513 33979638 1
4654 3499 33979648 1
4640 3406 33979658 1
4640 3263 33979668 1
4652 3108 33979678 1
4680 2950 33979688 1
4734 2826 33979698 1
4802 2726 33979708 1
4878 2672 33979718 1
4945 2664 33979728 1
5007 2687 33979738 1
5066 2754 33979748 1
5128 2854 33979758 1
5189 2975 33979768 1
5246 3132 33979778 1
5301 3301 33979788 1
5355 3478 33979798 1
5399 3547 33979808 1
5436 3584 33979818 1
5476 3600 33979828 1
5521 3600 33979838 1
5575 3600 33979848 1
5648 3590 33979858 1
5732 3583 33979868 1
5803 3583 33979878 1
5841 3583 33979888 1
5857 3583 33979898 1
5849 3583 33979908 1
5821 3591 33979918 1
5779 3603 33979928 1
5717 3603 33979938 1
5656 3579 33979948 1
5597 3541 33979958 1
5533 3465 33979968 1
5467 3329 33979978 1
5388 3153 33979988 1
5296 2951 33979998 1
5194 2749 33980008 1
5118 2604 33980018 1
5084 2498 33980028 1
5077 2423 33980038 1
5111 2351 33980048 1
5177 2282 33980058 1
5264 2213 33980068 1
5356 2174 33980078 1
5442 2156 33980088 1
5515 2166 33980098 1
5581 2215 33980108 1
5639 2290 33980118 1
5694 2380 33980128 1
5748 2494 33980138 1
5823 2624 33980148 1
5898 2800 33980158 1
5977 2976 33980168 1
6059 3153 33980178 1
6126 3293 33980188 1
6182 3383 33980198 1
6232 3439 33980208 1
6285 3491 33980218 1
6344 3541 33980228 1
6413 3589 33980238 1
6508 3634 33980248 1
6619 3675 33980258 1
6759 3709 33980268 1
6902 3738 33980278 1
7046 3764 33980288 1
7145 3784 33980298 1
7182 3794 33980308 1
7182 3794 33980318 1
7157 3794 33980328 1
7109 3788 33980338 1
7044 3746 33980348 1
6949 3683 33980358 1
6830 3590 33980368 1
6696 3492 33980378 1
6570 3382 33980388 1
6447 3266 33980398 1
6331 3149 33980408 1
6240 3033 33980418 1
6166 2892 33980428 1
6117 2723 33980438 1
6096 2535 33980448 1
6096 2424 33980458 1
6124 2367 33980468 1
6157 2346 33980478 1
6197 2355 33980488 1
6264 2426 33980498 1
6350 2539 33980508 1
6452 2686 33980518 1
6554 2856 33980528 1
6658 3041 33980538 1
6766 3241 33980548 1
6861 3463 33980558 1
6947 3701 33980568 1
7013 3963 33980578 1
7079 4210 33980588 1
7145 4446 33980598 1
7198 4617 33980608 1
7221 4718 33980618 1
7221 4772 33980628 1
7216 4785 33980638 1
7199 4765 33980648 1
7175 4722 33980658 1
7122 4620 33980668 1
7065 4472 33980678 1
7006 4293 33980688 1
6936 4057 33980698 1
6847 3770 33980708 1
6746 3448 33980718 1
6644 3088 33980728 1
6584 2792 33980738 1
6552 2540 33980748 1
6562 2402 33980758 1
6604 2293 33980768 1
6666 2203 33980778 1
6747 2136 33980788 1
6848 2115 33980798 1
6962 2125 33980808 1
7070 2187 33980818 1
7181 2309 33980828 1
7314 2471 33980838 1
7462 2688 33980848 1
7588 2920 33980858 1
7663 3161 33980868 1
7704 3317 33980878 1
7688 3426 33980888 1
7645 3504 33980898 1
7585 3562 33980908 1
7513 3585 33980918 1
7436 3585 33980928 1
7356 3545 33980938 1
7283 3445 33980948 1
7228 3306 33980958 1
7184 3111 33980968 1
7175 2929 33980978 1
7216 2757 33980988 1
7291 2635 33980998 1
7406 2576 33981008 1
7524 2558 33981018 1
7650 2582 33981028 1
7780 2644 33981038 1
7919 2732 33981048 1
8047 2845 33981058 1
8166 2974 33981068 1
8283 3114 33981078 1
8382 3262 33981088 1
8468 3404 33981098 1
8525 3541 33981108 1
8563 3632 33981118 1
8588 3677 33981128 1
8615 3691 33981138 1
8663 3684 33981148 1
8726 3660 33981158 1
8819 3625 33981168 1
8926 3587 33981178 1
9042 3555 33981188 1
9119 3527 33981198 1
9151 3511 33981208 1
9151 3511 33981218 1
9133 3511 33981228 1
9090 3521 33981238 1
9031 3540 33981248 1
8948 3566 33981258 1
8850 3592 33981268 1
8741 3611 33981262 1
8654 3601 33981272 1
8569 3575 33981282 1
8487 3516 33981292 1
8391 3422 33981302 1
8285 3305 33981312 1
8197 3168 33981322 1
8133 3028 33981332 1
8084 2882 33981342 1
8057 2732 33981352 1
8066 2579 33981362 1
8099 2487 33981372 1
8171 2423 33981382 1
8274 2378 33981392 1
8398 2386 33981402 1
8551 2437 33981412 1
8716 2516 33981422 1
8888 2605 33981432 1
9053 2717 33981442 1
9196 2844 33981452 1
9325 2940 33981462 1
9434 3004 33981472 1
9531 3048 33981482 1
9619 3081 33981492 1
9703 3109 33981502 1
9780 3136 33981512 1
9852 3163 33981522 1
9907 3183 33981532 1
9937 3201 33981542 1
9949 3211 33981552 1
9949 3211 33981562 1
9941 3211 33981572 1
9914 3203 33981582 1
9872 3175 33981592 1
9792 3131 33981602 1
9697 3074 33981612 1
9592 3013 33981622 1
9472 2931 33981632 1
9357 2837 33981642 1
9244 2743 33981652 1
9163 2667 33981662 1
9117 2603 33981672 1
9093 2565 33981682 1
9102 2540 33981692 1
9117 2524 33981702 1
9144 2517 33981712 1
9179 2533 33981722 1
9235 2565 33981732 1
9304 2613 33981742 1
9371 2687 33981752 1
9443 2778 33981762 1
9510 2889 33981772 1
9573 2998 33981782 1
9602 3063 33981792 1
9613 3101 33981802 1
9613 3101 33981812 1
9613 3101 33981822 1
9613 3093 33981832 1
9620 3047 33981842 1
9627 2979 33981852 1
9634 2881 33981862 1
9634 2784 33981872 1
9642 2690 33981882 1
9668 2641 33981892 1
9696 2620 33981902 1
9749 2628 33981912 1
9817 2665 33981922 1
9912 2721 33981932 1
10013 2806 33981942 1
10117 2904 33981952 1
10197 3012 33981953 1
10267 3139 33981963 1
10331 3272 33981973 1
10374 3410 33981983 1
10391 3468 33981993 1
10391 3487 33982003 1
10391 3481 33982013 1
10367 3433 33982023 1
10331 3323 33982033 1
10294 3172 33982043 1
10258 2995 33982053 1
10223 2846 33982063 1
10240 2716 33982073 1
10307 2635 33982083 1
10408 2599 33982093 1
10564 2593 33982103 1
10733 2630 33982113 1
10910 2696 33982123 1
11078 2782 33982133 1
11201 2883 33982143 1
11294 2984 33982153 1
11349 3086 33982163 1
11380 3167 33982173 1
11395 3246 33982183 1
10624 4361 33982334 0
10577 4214 33982344 1
10547 4205 33982354 1
10552 4234 33982364 1
10579 4244 33982374 1
10598 4251 33982384 1
10605 4251 33982394 1
