319
1953 4820 44905941 0
1948 4783 44905951 1
1936 4809 44905961 1
1936 4830 44905971 1
1936 4856 44905981 1
1936 4888 44905991 1
1936 4930 44906001 1
1936 4969 44906011 1
1931 5001 44906021 1
1926 5010 44906031 1
1921 5010 44906041 1
1912 4950 44906051 1
1879 4805 44906061 1
1831 4601 44906071 1
1770 4315 44906081 1
1692 3989 44906091 1
1602 3637 44906101 1
1524 3373 44906111 1
1466 3171 44906121 1
1420 3010 44906131 1
1407 2917 44906141 1
1421 2861 44906151 1
1453 2831 44906161 1
1851 4755 44906301 0
1986 4864 44906311 1
1930 4876 44906321 1
1930 4863 44906331 1
1936 4783 44906341 1
1942 4665 44906351 1
1947 4522 44906361 1
1974 4337 44906371 1
2006 4179 44906381 1
2041 4039 44906391 1
2094 3960 44906401 1
2148 3912 44906411 1
2203 3885 44906421 1
2264 3885 44906431 1
2329 3937 44906441 1
2420 4025 44906451 1
2534 4167 44906461 1
2664 4362 44906471 1
2796 4593 44906481 1
2938 4821 44906491 1
3086 5044 44906501 1
3163 5140 44906511 1
3183 5153 44906521 1
3165 5120 44906531 1
3120 5009 44906541 1
3055 4846 44906551 1
2977 4619 44906561 1
2920 4329 44906571 1
2865 3998 44906581 1
2848 3696 44906591 1
2856 3504 44906601 1
2892 3385 44906611 1
2934 3255 44906621 1
2981 3171 44906631 1
3030 3118 44906641 1
3074 3079 44906651 1
3111 3048 44906661 1
3142 3022 44906671 1
3167 2998 44906681 1
4281 3848 44907293 0
4281 3848 44907303 1
4255 3849 44907313 1
4210 3862 44907323 1
4146 3804 44907333 1
4078 3704 44907343 1
4016 3577 44907353 1
3977 3402 44907363 1
3952 3214 44907373 1
3960 3018 44907383 1
3996 2881 44907393 1
4050 2793 44907403 1
4126 2738 44907413 1
4214 2721 44907423 1
4310 2753 44907433 1
4419 2819 44907443 1
4529 2916 44907453 1
4643 3051 44907463 1
4757 3211 44907473 1
4835 3428 44907483 1
4888 3626 44907493 1
4898 3812 44907503 1
4860 3985 44907513 1
4790 4103 44907523 1
4681 4184 44907533 1
4545 4196 44907543 1
4391 4150 44907553 1
4218 4066 44907563 1
4058 3949 44907573 1
3907 3809 44907583 1
3826 3653 44907593 1
3791 3528 44907603 1
3791 3403 44907613 1
3829 3302 44907623 1
3917 3217 44907633 1
4035 3176 44907643 1
4227 3181 44907653 1
4433 3217 44907663 1
4648 3290 44907673 1
4849 3387 44907683 1
5008 3499 44907693 1
5139 3594 44907703 1
5261 3688 44907713 1
5340 3779 44907723 1
5390 3869 44907733 1
5395 3941 44907743 1
5400 4003 44907753 1
5400 4043 44907763 1
5400 4066 44907773 1
5412 4078 44907783 1
5433 4078 44907793 1
5481 4083 44907803 1
5545 4077 44907813 1
5609 4051 44907823 1
5670 4012 44907833 1
5728 3949 44907843 1
5766 3855 44907853 1
5766 3741 44907863 1
5752 3614 44907873 1
5707 3458 44907883 1
5663 3284 44907893 1
5655 3156 44907903 1
5670 3077 44907913 1
5699 3030 44907923 1
5733 2996 44907933 1
5780 2988 44907943 1
5838 2998 44907953 1
5912 3038 44907963 1
5996 3101 44907973 1
6065 3180 44907983 1
6116 3238 44907993 1
6154 3293 44908003 1
7608 3679 44908444 0
7663 3672 44908454 1
7687 3707 44908464 1
7712 3762 44908474 1
7743 3820 44908484 1
7773 3886 44908494 1
7801 3958 44908504 1
7801 4022 44908514 1
7785 4078 44908524 1
7745 4128 44908534 1
7675 4147 44908544 1
7584 4114 44908554 1
7460 4047 44908564 1
7330 3912 44908574 1
7195 3730 44908584 1
7102 3516 44908594 1
7049 3303 44908604 1
7022 3119 44908614 1
7037 3028 44908624 1
7070 2989 44908634 1
7114 2973 44908644 1
7166 2994 44908654 1
7258 3041 44908664 1
7377 3126 44908674 1
7487 3259 44908684 1
7583 3424 44908694 1
7670 3613 44908704 1
7754 3847 44908714 1
7838 4112 44908724 1
7923 4405 44908734 1
7975 4588 44908744 1
7996 4698 44908754 1
7996 4721 44908764 1
7990 4705 44908774 1
7954 4662 44908784 1
7898 4546 44908794 1
7823 4359 44908804 1
7752 4125 44908814 1
7689 3886 44908824 1
7662 3656 44908834 1
7662 3486 44908844 1
7674 3353 44908854 1
7704 3227 44908864 1
7744 3138 44908874 1
7784 3075 44908884 1
7822 3034 44908894 1
7860 3017 44908904 1
7898 3017 44908914 1
7952 3046 44908924 1
8022 3114 44908934 1
8102 3207 44908944 1
8172 3303 44908954 1
8223 3398 44908964 1
8261 3469 44908974 1
8281 3524 44908984 1
8289 3543 44908994 1
8289 3548 44909004 1
8289 3548 44909014 1
8283 3537 44909024 1
8283 3521 44909034 1
8278 3498 44909044 1
8286 3478 44909054 1
8302 3459 44909064 1
8314 3445 44909074 1
8331 3433 44909084 1
8352 3420 44909095 1
8352 3420 44909105 1
8408 3397 44909115 1
8446 3397 44909125 1
8488 3408 44909135 1
8555 3443 44909145 1
8639 3493 44909155 1
8736 3568 44909165 1
8844 3658 44909175 1
8959 3757 44909185 1
9021 3878 44909195 1
9043 3973 44909205 1
9043 4052 44909215 1
9005 4074 44909225 1
8920 4038 44909235 1
8800 3963 44909245 1
8682 3837 44909255 1
8608 3703 44909265 1
8563 3563 44909275 1
8569 3435 44909285 1
8621 3337 44909295 1
8704 3260 44909305 1
8841 3220 44909315 1
8984 3208 44909325 1
9131 3214 44909335 1
9269 3260 44909345 1
9400 3306 44909355 1
9479 3353 44909365 1
9526 3386 44909375 1
9563 3419 44909385 1
10584 3709 44909926 0
10584 3709 44909936 1
10620 3724 44909946 1
10644 3759 44909956 1
10668 3809 44909966 1
10703 3874 44909976 1
10746 3950 44909986 1
10765 4017 44909996 1
10752 4082 44910006 1
10717 4142 44910016 1
10651 4178 44910026 1
10543 4199 44910036 1
10408 4181 44910046 1
10272 4122 44910056 1
10144 4037 44910066 1
10044 3907 44910076 1
9960 3742 44910086 1
9900 3554 44910096 1
9887 3380 44910106 1
9906 3245 44910116 1
9959 3136 44910126 1
10030 3070 44910136 1
10112 3032 44910146 1
10215 3012 44910156 1
10336 3021 44910166 1
10470 3049 44910176 1
10594 3090 44910186 1
10705 3148 44910196 1
10806 3232 44910206 1
10928 3334 44910216 1
11049 3449 44910226 1
11163 3560 44910236 1
11252 3661 44910246 1
11328 3751 44910256 1
11354 3816 44910266 1
11354 3864 44910276 1
11344 3879 44910286 1
11285 3852 44910296 1
11186 3797 44910306 1
11060 3690 44910316 1
10946 3579 44910326 1
10852 3430 44910336 1
10771 3256 44910346 1
10741 3146 44910356 1
10741 3085 44910366 1
10764 3058 44910376 1
10807 3058 44910386 1
10896 3089 44910396 1
11015 3146 44910406 1
11143 3228 44910416 1
11268 3351 44910426 1
11389 3501 44910436 1
11509 3635 44910446 1
11557 3694 44910456 1
11557 3704 44910466 1
11507 3667 44910476 1
11413 3583 44910486 1
11291 3468 44910496 1
11236 3333 44910506 1
11214 3226 44910516 1
11214 3137 44910526 1
11241 3091 44910536 1
11318 3078 44910546 1
11428 3088 44910556 1
11598 3138 44910566 1
11749 3223 44910576 1
11886 3331 44910586 1
12012 3463 44910596 1
12067 3520 44910606 1
12074 3527 44910616 1
12064 3505 44910626 1
12034 3457 44910636 1
11990 3392 44910646 1
11981 3331 44910656 1
11981 3283 44910666 1
11993 3243 44910668 1
12026 3214 44910678 1
12077 3203 44910688 1
12139 3203 44910698 1
12091 4490 44910918 0
12151 4430 44910928 1
12172 4566 44910938 1
12195 4574 44910948 1
12202 4497 44910958 1
12202 4449 44910968 1
12202 4408 44910978 1
12188 4372 44910988 1
12188 4334 44910998 1
12178 4289 44911008 1
12163 4225 44911018 1
