181
3190 3970 50903641 0
3190 3970 50903651 1
3190 3970 50903661 1
3190 3970 50903671 1
3204 3912 50903681 1
3212 3850 50903691 1
3219 3775 50903701 1
3229 3694 50903711 1
3239 3630 50903721 1
3249 3577 50903731 1
3255 3538 50903741 1
3255 3519 50903751 1
3262 3513 50903761 1
3262 3513 50903771 1
3262 3541 50903781 1
3262 3580 50903791 1
3291 3677 50903801 1
3322 3793 50903811 1
3361 3921 50903821 1
3397 3996 50903831 1
3429 4031 50903841 1
3449 4039 50903851 1
3470 4027 50903861 1
3492 3977 50903871 1
3516 3903 50903881 1
3533 3800 50903891 1
3547 3692 50903901 1
3565 3607 50903911 1
3584 3540 50903921 1
3605 3488 50903931 1
3628 3455 50903941 1
3654 3434 50903951 1
3685 3434 50903961 1
4034 3856 50904102 0
3965 3814 50904112 1
3940 3814 50904122 1
3920 3796 50904132 1
3909 3786 50904142 1
3909 3786 50904152 1
3914 3786 50904162 1
3927 3786 50904172 1
3955 3793 50904182 1
3992 3805 50904192 1
4039 3828 50904202 1
4087 3855 50904212 1
4140 3884 50904222 1
4194 3925 50904232 1
4236 3965 50904242 1
4271 4004 50904252 1
4284 4037 50904262 1
4284 4065 50904272 1
4275 4132 50904282 1
4247 4173 50904292 1
4211 4198 50904302 1
4170 4209 50904312 1
4127 4191 50904322 1
4081 4154 50904332 1
4033 4088 50904342 1
3996 4018 50904352 1
3975 3943 50904362 1
3964 3875 50904372 1
3974 3810 50904382 1
3989 3755 50904392 1
4015 3715 50904402 1
4057 3684 50904412 1
4108 3667 50904422 1
4177 3667 50904432 1
4251 3678 50904442 1
4319 3706 50904452 1
4381 3741 50904462 1
4434 3782 50904472 1
4483 3822 50904482 1
4589 4072 50904583 0
4559 4115 50904593 1
4541 4137 50904603 1
4523 4156 50904613 1
4517 4162 50904623 1
4517 4162 50904633 1
4517 4162 50904643 1
4529 4147 50904653 1
4553 4104 50904663 1
4578 4043 50904673 1
4602 3979 50904683 1
4623 3914 50904693 1
4644 3857 50904703 1
4665 3806 50904713 1
4683 3780 50904723 1
4700 3766 50904733 1
4717 3759 50904743 1
4737 3767 50904753 1
4765 3814 50904763 1
4799 3886 50904773 1
4834 3971 50904783 1
4864 4050 50904793 1
4891 4118 50904803 1
4906 4157 50904813 1
4912 4177 50904823 1
4912 4182 50904833 1
4912 4182 50904843 1
4912 4182 50904853 1
5062 4669 50905033 0
5062 4669 50905043 1
5062 4669 50905053 1
5062 4669 50905063 1
5062 4669 50905073 1
5062 4669 50905083 1
5062 4669 50905093 1
5049 4621 50905103 1
5054 4593 50905113 1
5054 4564 50905123 1
5054 4537 50905133 1
5054 4512 50905143 1
5054 4488 50905153 1
5054 4464 50905163 1
5059 4441 50905173 1
5007 4282 50905254 0
4984 4255 50905264 1
4968 4250 50905274 1
4968 4245 50905284 1
4968 4245 50905294 1
4976 4254 50905304 1
5000 4272 50905314 1
5034 4294 50905324 1
5063 4320 50905334 1
5086 4334 50905344 1
5104 4334 50905354 1
5119 4317 50905364 1
5130 4278 50905374 1
5138 4216 50905384 1
5138 4139 50905394 1
5138 4058 50905404 1
5138 3984 50905414 1
5143 3914 50905424 1
5150 3870 50905434 1
5162 3841 50905444 1
5178 3823 50905454 1
5196 3816 50905464 1
5218 3816 50905474 1
5241 3829 50905484 1
5266 3855 50905494 1
5290 3891 50905504 1
5571 4397 50905664 0
5571 4397 50905674 1
5571 4397 50905684 1
5541 4400 50905694 1
5541 4400 50905704 1
5541 4400 50905714 1
5552 4358 50905724 1
5563 4298 50905734 1
5563 4215 50905744 1
5563 4139 50905754 1
5568 4067 50905764 1
5573 4018 50905774 1
5579 3992 50905784 1
5585 3981 50905794 1
5585 3981 50905804 1
5585 4006 50905814 1
5598 4048 50905824 1
5621 4131 50905834 1
5653 4218 50905844 1
5687 4307 50905854 1
5722 4386 50905864 1
5758 4430 50905874 1
5784 4450 50905884 1
5805 4450 50905894 1
5830 4419 50905904 1
5853 4374 50905914 1
5873 4303 50905924 1
5891 4227 50905934 1
5913 4145 50905944 1
5937 4062 50905954 1
5963 3978 50905964 1
5990 3918 50905974 1
6014 3875 50905984 1
6038 3850 50905994 1
6060 3835 50906004 1
6083 3826 50906014 1
6105 3836 50906024 1
6128 3861 50906034 1
6147 3897 50906044 1
6163 3931 50906054 1
