185
3852 5481 61790670 0
3872 5513 61790680 1
3845 5536 61790690 1
3845 5557 61790700 1
3852 5576 61790710 1
3858 5593 61790720 1
3858 5593 61790730 1
3858 5593 61790740 1
3858 5586 61790750 1
3850 5574 61790760 1
3840 5534 61790770 1
3825 5478 61790780 1
3812 5361 61790790 1
3802 5277 61790800 1
3802 5215 61790810 1
3811 5128 61790820 1
3811 5041 61790830 1
3811 4966 61790840 1
3811 4901 61790850 1
3811 4860 61790860 1
3811 4841 61790870 1
3811 4836 61790880 1
3811 4845 61790890 1
3811 4878 61790900 1
3811 4926 61790910 1
3820 4999 61790920 1
3831 5089 61790930 1
3848 5191 61790940 1
3875 5279 61790950 1
3908 5361 61790960 1
3943 5420 61790970 1
3977 5467 61790980 1
4007 5484 61790990 1
4035 5496 61791000 1
4065 5490 61791010 1
4094 5474 61791020 1
4119 5439 61791030 1
4141 5381 61791040 1
4157 5307 61791050 1
4166 5207 61791060 1
4166 5106 61791070 1
4182 5031 61791080 1
4198 4975 61791090 1
4219 4941 61791100 1
4255 4941 61791110 1
4301 4962 61791120 1
4581 5317 61791220 0
4563 5272 61791230 1
4553 5259 61791240 1
4543 5248 61791250 1
4551 5241 61791260 1
4563 5236 61791270 1
4595 5236 61791280 1
4640 5249 61791290 1
4700 5278 61791300 1
4756 5314 61791310 1
4810 5353 61791320 1
4846 5394 61791330 1
4870 5426 61791340 1
4887 5455 61791350 1
4887 5481 61791360 1
4882 5515 61791370 1
4866 5555 61791380 1
4844 5586 61791390 1
4817 5600 61791400 1
4787 5600 61791410 1
4747 5582 61791420 1
4711 5555 61791430 1
4677 5519 61791440 1
4653 5463 61791450 1
4634 5394 61791460 1
4624 5316 61791470 1
4633 5250 61791480 1
4653 5191 61791490 1
4693 5150 61791500 1
4747 5122 61791510 1
4810 5102 61791520 1
4875 5108 61791530 1
4940 5130 61791540 1
5357 5696 61791751 0
5357 5696 61791761 1
5357 5696 61791771 1
5357 5696 61791781 1
5331 5709 61791791 1
5331 5700 61791801 1
5331 5669 61791811 1
5336 5626 61791821 1
5348 5568 61791831 1
5363 5496 61791841 1
5376 5416 61791851 1
5388 5338 61791861 1
5399 5276 61791871 1
5414 5224 61791881 1
5429 5197 61791891 1
5445 5189 61791901 1
5464 5194 61791911 1
5502 5237 61791921 1
5552 5315 61791931 1
5603 5416 61791941 1
5641 5495 61791951 1
5671 5570 61791961 1
5686 5618 61791971 1
5686 5650 61791981 1
5686 5661 61791991 1
5669 5668 61792001 1
5656 5668 61792011 1
5754 5958 61792112 0
5816 5990 61792122 1
5838 5997 61792132 1
5859 6002 61792142 1
5889 6002 61792152 1
5919 5995 61792162 1
5953 5986 61792172 1
5989 5977 61792182 1
6023 5971 61792192 1
6054 5963 61792202 1
6073 5953 61792212 1
6029 5824 61792292 0
6053 5774 61792302 1
6053 5774 61792312 1
6053 5783 61792322 1
6053 5783 61792332 1
6053 5783 61792342 1
6053 5775 61792352 1
6053 5756 61792362 1
6069 5734 61792372 1
6090 5718 61792382 1
6109 5707 61792392 1
6127 5685 61792402 1
6139 5661 61792412 1
6147 5618 61792422 1
6147 5564 61792432 1
6138 5511 61792442 1
6128 5455 61792452 1
6114 5392 61792462 1
6102 5326 61792472 1
6091 5268 61792482 1
6091 5238 61792492 1
6103 5227 61792502 1
6108 5227 61792512 1
6115 5234 61792522 1
6124 5253 61792532 1
6136 5294 61792542 1
6525 5812 61792753 0
6525 5812 61792763 1
6525 5812 61792773 1
6525 5812 61792783 1
6525 5812 61792793 1
6525 5812 61792803 1
6514 5786 61792813 1
6508 5752 61792823 1
6508 5708 61792833 1
6508 5664 61792843 1
6508 5619 61792853 1
6514 5579 61792863 1
6514 5542 61792873 1
6522 5508 61792883 1
6528 5484 61792893 1
6533 5466 61792903 1
6533 5460 61792913 1
6533 5460 61792923 1
6542 5460 61792933 1
6542 5460 61792943 1
6570 5517 61792953 1
6590 5559 61792963 1
6610 5609 61792973 1
6631 5658 61792983 1
6654 5706 61792993 1
6677 5737 61793003 1
6697 5752 61793013 1
6715 5752 61793023 1
6740 5752 61793033 1
6766 5752 61793043 1
6794 5752 61793053 1
6822 5734 61793063 1
6843 5712 61793073 1
6858 5670 61793083 1
6867 5615 61793093 1
6867 5554 61793103 1
6867 5495 61793113 1
6887 5439 61793123 1
6904 5409 61793133 1
6922 5397 61793143 1
6942 5392 61793153 1
6964 5413 61793163 1
