149
3535 4069 60811211 0
3545 4097 60811221 1
3535 4113 60811231 1
3535 4134 60811241 1
3535 4134 60811251 1
3535 4134 60811261 1
3535 4134 60811271 1
3535 4129 60811281 1
3545 4083 60811291 1
3559 4008 60811301 1
3559 3854 60811311 1
3545 3707 60811321 1
3535 3565 60811331 1
3526 3483 60811341 1
3520 3422 60811351 1
3515 3375 60811361 1
3509 3355 60811371 1
3515 3355 60811381 1
3515 3362 60811391 1
3515 3374 60811401 1
3545 3464 60811411 1
3589 3606 60811421 1
3643 3756 60811431 1
3727 3900 60811441 1
3786 4039 60811451 1
3829 4089 60811461 1
3864 4116 60811471 1
3883 4127 60811481 1
3892 4112 60811491 1
3912 4040 60811501 1
3912 3929 60811511 1
3899 3792 60811521 1
3890 3682 60811531 1
3880 3590 60811541 1
3872 3509 60811551 1
3882 3443 60811561 1
3904 3388 60811571 1
3927 3352 60811581 1
3944 3335 60811591 1
3958 3330 60811601 1
3983 3330 60811611 1
4469 3885 60811762 0
4437 3851 60811772 1
4427 3851 60811782 1
4447 3851 60811792 1
4447 3851 60811802 1
4465 3851 60811812 1
4517 3872 60811822 1
4591 3922 60811832 1
4676 3995 60811842 1
4752 4053 60811852 1
4784 4109 60811862 1
4790 4160 60811872 1
4757 4204 60811882 1
4687 4187 60811892 1
4592 4133 60811902 1
4499 4104 60811912 1
4436 4019 60811922 1
4392 3898 60811932 1
4385 3810 60811942 1
4395 3736 60811952 1
4417 3672 60811962 1
4451 3631 60811972 1
4500 3599 60811982 1
4560 3574 60811992 1
4628 3574 60812002 1
4928 4054 60812113 0
4962 4128 60812123 1
4955 4117 60812133 1
4955 4152 60812143 1
4955 4142 60812153 1
4966 4103 60812163 1
4978 3989 60812173 1
4992 3881 60812183 1
5012 3778 60812193 1
5041 3683 60812203 1
5076 3616 60812213 1
5117 3569 60812223 1
5159 3542 60812233 1
5187 3534 60812243 1
5206 3540 60812253 1
5212 3540 60812263 1
5220 3633 60812273 1
5242 3778 60812283 1
5272 3943 60812293 1
5272 4075 60812303 1
5503 4566 60812483 0
5586 4627 60812493 1
5586 4652 60812503 1
5560 4664 60812513 1
5572 4675 60812523 1
5578 4682 60812533 1
5451 4420 60812603 0
5451 4358 60812613 1
5458 4364 60812623 1
5481 4374 60812633 1
5506 4388 60812643 1
5539 4413 60812653 1
5563 4422 60812663 1
5580 4422 60812673 1
5595 4417 60812683 1
5605 4369 60812693 1
5612 4292 60812703 1
5603 4194 60812713 1
5595 4101 60812723 1
5588 4015 60812733 1
5582 3932 60812743 1
5582 3864 60812753 1
5587 3808 60812763 1
5593 3761 60812773 1
5593 3735 60812783 1
5884 4188 60812914 0
5902 4163 60812924 1
5891 4211 60812934 1
5891 4221 60812944 1
5891 4205 60812954 1
5891 4205 60812964 1
5883 4145 60812974 1
5873 4043 60812984 1
5861 3957 60812994 1
5850 3882 60813004 1
5843 3814 60813014 1
5843 3759 60813024 1
5843 3743 60813034 1
5843 3753 60813044 1
5843 3753 60813054 1
5843 3753 60813064 1
5849 3821 60813074 1
5884 3926 60813084 1
5938 4055 60813094 1
5993 4170 60813104 1
6037 4276 60813114 1
6058 4299 60813124 1
6068 4321 60813134 1
6068 4321 60813144 1
6068 4299 60813154 1
6074 4244 60813164 1
6074 4151 60813174 1
6074 4033 60813184 1
6066 3945 60813194 1
6075 3857 60813204 1
6089 3793 60813214 1
6112 3744 60813224 1
6143 3716 60813234 1
6177 3697 60813244 1
6214 3683 60813254 1
6254 3688 60813264 1
6308 3715 60813274 1
6376 3757 60813284 1
