184
1779 3354 60799114 0
1744 3405 60799124 1
1723 3417 60799134 1
1703 3429 60799144 1
1685 3439 60799154 1
1668 3462 60799164 1
1651 3495 60799174 1
1635 3531 60799184 1
1619 3569 60799194 1
1602 3608 60799204 1
1596 3633 60799214 1
1596 3640 60799224 1
1596 3634 60799234 1
1596 3634 60799244 1
1602 3615 60799254 1
1618 3529 60799264 1
1638 3398 60799274 1
1638 3250 60799284 1
1625 3120 60799294 1
1604 3003 60799304 1
1596 2919 60799314 1
1587 2857 60799324 1
1576 2810 60799334 1
1576 2803 60799344 1
1576 2803 60799354 1
1576 2809 60799364 1
1582 2815 60799374 1
1593 2893 60799384 1
1610 3018 60799394 1
1650 3170 60799404 1
1699 3320 60799414 1
1763 3459 60799424 1
1834 3549 60799434 1
1891 3611 60799444 1
1933 3649 60799454 1
1965 3670 60799464 1
1992 3680 60799474 1
2009 3680 60799484 1
2019 3675 60799494 1
2034 3657 60799504 1
2049 3609 60799514 1
2049 3543 60799524 1
2037 3434 60799534 1
2020 3319 60799544 1
2005 3199 60799554 1
2005 3087 60799564 1
2017 3011 60799574 1
2037 2955 60799584 1
2060 2911 60799594 1
2088 2877 60799604 1
2117 2850 60799614 1
2143 2850 60799624 1
2173 2850 60799634 1
2202 2850 60799644 1
2236 2878 60799654 1
2271 2905 60799664 1
2306 2933 60799674 1
2334 2963 60799684 1
2358 2992 60799694 1
2367 3020 60799704 1
2367 3040 60799715 1
2367 3040 60799725 1
2546 3316 60800636 0
2502 3287 60800646 1
2485 3287 60800656 1
2485 3287 60800666 1
2485 3287 60800676 1
2492 3294 60800686 1
2530 3294 60800696 1
2590 3334 60800706 1
2700 3395 60800716 1
2786 3452 60800726 1
2856 3508 60800736 1
2918 3561 60800746 1
2962 3617 60800756 1
2994 3671 60800766 1
2994 3724 60800776 1
2970 3765 60800786 1
2924 3796 60800796 1
2852 3802 60800806 1
2749 3791 60800816 1
2624 3739 60800826 1
2524 3673 60800836 1
2448 3599 60800846 1
2389 3514 60800856 1
2360 3407 60800866 1
2360 3286 60800876 1
2376 3177 60800886 1
2416 3094 60800896 1
2461 3028 60800906 1
2529 2987 60800916 1
2611 2956 60800926 1
2692 2933 60800936 1
2764 2939 60800946 1
2829 2963 60800956 1
2889 3000 60800966 1
3159 3723 60801127 0
3199 3850 60801137 1
3194 3850 60801147 1
3194 3856 60801157 1
3194 3856 60801167 1
3194 3844 60801177 1
3210 3774 60801187 1
3239 3665 60801197 1
3259 3571 60801207 1
3280 3483 60801217 1
3305 3400 60801227 1
3333 3337 60801237 1
3369 3295 60801247 1
3401 3266 60801257 1
3429 3254 60801267 1
3446 3254 60801277 1
3465 3268 60801287 1
3485 3360 60801297 1
3521 3484 60801307 1
3544 3630 60801317 1
3558 3808 60801327 1
3567 3920 60801337 1
3805 4391 60801497 0
3842 4477 60801507 1
3842 4504 60801517 1
3842 4528 60801527 1
3842 4543 60801537 1
3850 4543 60801547 1
3850 4543 60801557 1
3711 4179 60801628 0
3694 4097 60801638 1
3694 4092 60801648 1
3694 4092 60801658 1
3721 4101 60801668 1
3746 4116 60801678 1
3781 4136 60801688 1
3830 4168 60801698 1
3864 4194 60801708 1
3888 4194 60801718 1
3897 4171 60801728 1
3897 4080 60801738 1
3882 3961 60801748 1
3856 3823 60801758 1
3835 3702 60801758 1
3835 3618 60801768 1
3852 3560 60801778 1
3866 3515 60801788 1
3880 3490 60801798 1
3894 3478 60801808 1
3908 3478 60801818 1
3924 3494 60801828 1
4227 4102 60801958 0
4245 4140 60801968 1
4245 4153 60801978 1
4245 4183 60801988 1
4245 4176 60801998 1
4250 4121 60802008 1
4250 4033 60802018 1
4250 3921 60802028 1
4237 3809 60802038 1
4232 3718 60802048 1
4232 3642 60802058 1
4232 3598 60802068 1
4232 3580 60802078 1
4232 3580 60802088 1
4232 3580 60802098 1
4232 3630 60802108 1
4284 3708 60802118 1
4364 3895 60802128 1
4446 4067 60802138 1
4512 4228 60802148 1
4566 4286 60802158 1
4592 4306 60802168 1
4601 4306 60802178 1
4601 4285 60802188 1
4601 4209 60802198 1
4607 4094 60802208 1
4600 3952 60802218 1
4587 3821 60802228 1
4607 3720 60802238 1
4632 3634 60802248 1
4664 3582 60802258 1
4711 3550 60802268 1
4769 3532 60802278 1
4823 3522 60802288 1
4881 3529 60802298 1
4944 3547 60802308 1
5012 3586 60802318 1
