158
3854 3901 60824050 0
3896 3975 60824060 1
3853 4030 60824070 1
3840 4042 60824080 1
3847 4025 60824090 1
3857 4014 60824100 1
3857 3943 60824110 1
3857 3831 60824120 1
3839 3682 60824130 1
3826 3584 60824140 1
3818 3519 60824150 1
3809 3465 60824160 1
3809 3434 60824170 1
3809 3419 60824180 1
3814 3419 60824190 1
3814 3419 60824200 1
3820 3419 60824210 1
3829 3461 60824220 1
3882 3574 60824230 1
3961 3736 60824240 1
4026 3875 60824250 1
4079 3954 60824260 1
4124 3994 60824270 1
4144 4003 60824280 1
4150 4003 60824290 1
4150 3962 60824300 1
4150 3890 60824310 1
4138 3752 60824320 1
4123 3638 60824330 1
4109 3539 60824340 1
4109 3475 60824350 1
4130 3407 60824360 1
4148 3337 60824370 1
4176 3337 60824380 1
4201 3328 60824390 1
4220 3311 60824400 1
4254 3316 60824410 1
4290 3337 60824420 1
4350 3369 60824430 1
4510 3651 60824530 0
4493 3621 60824540 1
4498 3621 60824550 1
4498 3626 60824560 1
4498 3626 60824570 1
4498 3626 60824580 1
4529 3639 60824590 1
4587 3660 60824600 1
4666 3720 60824610 1
4752 3778 60824620 1
4806 3835 60824630 1
4838 3892 60824640 1
4848 3946 60824650 1
4835 3982 60824660 1
4806 4008 60824670 1
4739 4008 60824680 1
4651 3975 60824690 1
4549 3914 60824700 1
4494 3841 60824710 1
4465 3756 60824720 1
4454 3664 60824730 1
4454 3598 60824740 1
4472 3543 60824750 1
4499 3496 60824760 1
4540 3462 60824770 1
4582 3437 60824780 1
4627 3418 60824790 1
4676 3411 60824800 1
4731 3411 60824810 1
5006 3922 60824911 0
5101 3999 60824921 1
5049 4008 60824931 1
5037 4013 60824941 1
5051 4013 60824951 1
5051 4007 60824961 1
5061 3947 60824971 1
5075 3850 60824981 1
5090 3748 60824991 1
5110 3666 60825001 1
5133 3598 60825011 1
5165 3542 60825021 1
5201 3501 60825031 1
5229 3469 60825041 1
5251 3469 60825051 1
5251 3469 60825061 1
5256 3469 60825071 1
5256 3474 60825081 1
5269 3573 60825091 1
5290 3735 60825101 1
5316 3874 60825111 1
5324 3965 60825121 1
5554 4262 60825292 0
5602 4310 60825302 1
5602 4348 60825312 1
5602 4359 60825322 1
5602 4371 60825332 1
5609 4379 60825342 1
5609 4379 60825352 1
5511 4169 60825412 0
5500 4117 60825422 1
5500 4110 60825432 1
5506 4110 60825442 1
5506 4110 60825452 1
5526 4120 60825462 1
5555 4137 60825472 1
5600 4158 60825482 1
5633 4171 60825492 1
5657 4171 60825502 1
5666 4146 60825512 1
5666 4103 60825522 1
5649 4012 60825532 1
5632 3920 60825542 1
5617 3828 60825552 1
5606 3745 60825562 1
5606 3687 60825572 1
5618 3647 60825582 1
5627 3619 60825592 1
5636 3604 60825602 1
5646 3598 60825612 1
5654 3592 60825622 1
5666 3585 60825632 1
5947 4027 60825722 0
6003 4099 60825732 1
5973 4099 60825742 1
5966 4099 60825752 1
5974 4099 60825762 1
5974 4077 60825772 1
5974 4048 60825782 1
5967 3952 60825792 1
5954 3856 60825802 1
5944 3773 60825812 1
5934 3700 60825822 1
5934 3661 60825832 1
5942 3644 60825842 1
5942 3644 60825852 1
5942 3644 60825862 1
5949 3659 60825872 1
5954 3686 60825882 1
5992 3811 60825892 1
6049 3945 60825902 1
6105 4084 60825912 1
6141 4142 60825922 1
6164 4165 60825932 1
6173 4165 60825942 1
6173 4159 60825952 1
6168 4153 60825962 1
6180 4110 60825972 1
6187 4043 60825982 1
6187 3948 60825992 1
6180 3856 60826002 1
6180 3765 60826012 1
6194 3704 60826022 1
6216 3655 60826032 1
6240 3613 60826042 1
6270 3584 60826052 1
6309 3572 60826062 1
6354 3572 60826072 1
6417 3591 60826082 1
6491 3631 60826093 1
