150
3924 3811 60859631 0
3995 3890 60859641 1
3957 3912 60859651 1
3957 3930 60859661 1
3957 3905 60859671 1
3952 3832 60859681 1
3944 3727 60859691 1
3928 3634 60859701 1
3911 3555 60859711 1
3893 3486 60859721 1
3880 3433 60859731 1
3872 3406 60859741 1
3872 3397 60859751 1
3872 3397 60859761 1
3877 3409 60859771 1
3889 3428 60859781 1
3934 3508 60859791 1
4002 3614 60859801 1
4072 3737 60859811 1
4143 3845 60859821 1
4182 3882 60859831 1
4182 3882 60859841 1
4182 3882 60859851 1
4211 3811 60859861 1
4211 3725 60859871 1
4204 3626 60859881 1
4194 3533 60859891 1
4194 3445 60859901 1
4194 3389 60859911 1
4206 3333 60859921 1
4222 3277 60859931 1
4242 3293 60859941 1
4269 3293 60859951 1
4577 3591 60860052 0
4601 3548 60860062 1
4580 3548 60860072 1
4586 3548 60860082 1
4592 3548 60860092 1
4621 3548 60860102 1
4665 3567 60860112 1
4757 3613 60860122 1
4836 3679 60860132 1
4906 3726 60860142 1
4944 3772 60860152 1
4949 3817 60860162 1
4933 3844 60860172 1
4883 3838 60860182 1
4797 3811 60860192 1
4688 3736 60860202 1
4600 3659 60860212 1
4554 3580 60860222 1
4537 3510 60860232 1
4547 3447 60860242 1
4578 3396 60860252 1
4622 3361 60860262 1
4668 3336 60860272 1
4719 3323 60860282 1
4777 3323 60860292 1
4838 3329 60860302 1
4901 3354 60860312 1
5247 3821 60860422 0
5290 3890 60860432 1
5274 3902 60860442 1
5274 3895 60860452 1
5274 3871 60860462 1
5274 3836 60860472 1
5274 3717 60860482 1
5274 3629 60860492 1
5281 3562 60860502 1
5296 3507 60860512 1
5324 3473 60860522 1
5359 3453 60860532 1
5387 3448 60860542 1
5416 3462 60860552 1
5446 3490 60860562 1
5473 3547 60860572 1
5499 3624 60860582 1
5508 3715 60860592 1
5508 3802 60860602 1
5508 3882 60860612 1
5508 3934 60860622 1
5513 3969 60860632 1
5789 4220 60860813 0
5836 4233 60860823 1
5829 4300 60860833 1
5829 4317 60860843 1
5829 4301 60860853 1
5829 4301 60860863 1
5829 4301 60860873 1
5729 4082 60860943 0
5734 4034 60860953 1
5740 4034 60860963 1
5755 4034 60860973 1
5772 4034 60860983 1
5791 4041 60860993 1
5806 4041 60861003 1
5818 4029 60861013 1
5843 3983 60861023 1
5843 3912 60861033 1
5825 3798 60861043 1
5797 3707 60861053 1
5784 3631 60861063 1
5784 3596 60861073 1
5784 3562 60861083 1
5784 3533 60861093 1
5797 3524 60861103 1
5804 3524 60861113 1
5804 3524 60861123 1
5804 3524 60861133 1
5804 3524 60861143 1
5804 3530 60861143 1
6102 3948 60861263 0
6158 3994 60861273 1
6100 3989 60861283 1
6086 3994 60861293 1
6101 3994 60861303 1
6101 3979 60861313 1
6093 3933 60861323 1
6084 3873 60861333 1
6074 3805 60861343 1
6065 3712 60861353 1
6059 3650 60861363 1
6059 3610 60861373 1
6059 3587 60861383 1
6059 3579 60861393 1
6059 3579 60861403 1
6059 3585 60861413 1
6076 3585 60861423 1
6099 3651 60861433 1
6164 3755 60861443 1
6232 3878 60861453 1
6276 3942 60861463 1
6302 3967 60861473 1
6312 3967 60861483 1
6312 3972 60861493 1
6312 3967 60861503 1
6312 3924 60861513 1
6312 3857 60861523 1
6306 3757 60861533 1
6311 3677 60861544 1
6320 3611 60861554 1
6336 3562 60861564 1
6356 3535 60861574 1
6376 3524 60861584 1
6396 3514 60861594 1
6423 3514 60861604 1
6458 3523 60861614 1
6515 3557 60861624 1
6585 3610 60861634 1
6654 3677 60861644 1
