216
3450 6337 30598044 0
3455 6373 30598054 1
3455 6388 30598064 1
3455 6399 30598074 1
3455 6408 30598084 1
3455 6408 30598094 1
3455 6408 30598104 1
3455 6408 30598114 1
3455 6408 30598124 1
3455 6403 30598134 1
3462 6388 30598144 1
3462 6366 30598154 1
3462 6334 30598164 1
3462 6291 30598174 1
3456 6241 30598184 1
3449 6183 30598194 1
3442 6122 30598204 1
3435 6058 30598214 1
3427 5994 30598224 1
3421 5933 30598234 1
3421 5891 30598244 1
3421 5860 30598254 1
3421 5846 30598264 1
3421 5846 30598274 1
3421 5846 30598284 1
3421 5862 30598294 1
3421 5895 30598304 1
3430 5942 30598314 1
3441 6006 30598324 1
3452 6074 30598334 1
3468 6145 30598344 1
3486 6207 30598354 1
3506 6265 30598364 1
3526 6307 30598374 1
3546 6340 30598384 1
3565 6369 30598394 1
3589 6394 30598404 1
3612 6404 30598414 1
3631 6404 30598424 1
3648 6394 30598434 1
3665 6377 30598444 1
3679 6350 30598454 1
3690 6304 30598464 1
3690 6246 30598474 1
3696 6176 30598484 1
3696 6101 30598494 1
3701 6030 30598504 1
3720 5964 30598514 1
3750 5930 30598524 1
3788 5920 30598534 1
3829 5925 30598544 1
3876 5961 30598554 1
3927 6010 30598564 1
3979 6069 30598574 1
4076 6268 30598805 0
4056 6234 30598815 1
4047 6215 30598825 1
4047 6196 30598835 1
4054 6175 30598845 1
4070 6155 30598855 1
4095 6147 30598865 1
4131 6147 30598875 1
4173 6158 30598885 1
4219 6180 30598895 1
4255 6209 30598905 1
4284 6241 30598915 1
4306 6274 30598925 1
4320 6307 30598935 1
4328 6345 30598945 1
4328 6383 30598955 1
4313 6420 30598965 1
4297 6441 30598975 1
4276 6449 30598985 1
4251 6449 30598995 1
4224 6433 30599005 1
4195 6411 30599015 1
4168 6379 30599025 1
4148 6344 30599035 1
4134 6297 30599045 1
4124 6243 30599055 1
4124 6184 30599065 1
4124 6125 30599075 1
4137 6071 30599085 1
4162 6022 30599095 1
4202 5989 30599105 1
4247 5974 30599115 1
4302 5974 30599125 1
4362 5992 30599135 1
4628 6510 30599426 0
4628 6510 30599436 1
4628 6510 30599446 1
4628 6510 30599456 1
4598 6500 30599466 1
4590 6477 30599476 1
4590 6444 30599486 1
4590 6400 30599496 1
4590 6347 30599506 1
4601 6290 30599516 1
4611 6231 30599526 1
4623 6170 30599536 1
4638 6117 30599546 1
4656 6069 30599556 1
4677 6045 30599566 1
4706 6045 30599576 1
4742 6057 30599586 1
4784 6107 30599596 1
4824 6170 30599606 1
4855 6243 30599616 1
4880 6315 30599626 1
4895 6382 30599636 1
4904 6426 30599646 1
4904 6457 30599656 1
5038 6734 30600016 0
5038 6734 30600026 1
5038 6734 30600036 1
5038 6734 30600046 1
5038 6734 30600056 1
5078 6731 30600066 1
5101 6720 30600076 1
5125 6707 30600086 1
5149 6693 30600096 1
5168 6681 30600106 1
5183 6671 30600116 1
5192 6660 30600126 1
5200 6650 30600136 1
5208 6641 30600146 1
5208 6625 30600156 1
5131 6520 30600217 0
5092 6465 30600227 1
5070 6444 30600237 1
5060 6431 30600247 1
5051 6423 30600257 1
5046 6423 30600267 1
5046 6423 30600277 1
5055 6418 30600287 1
5068 6418 30600297 1
5090 6418 30600307 1
5118 6432 30600317 1
5146 6439 30600327 1
5173 6439 30600337 1
5194 6439 30600347 1
5210 6424 30600357 1
5218 6398 30600367 1
5218 6363 30600377 1
5218 6317 30600387 1
5205 6269 30600397 1
5196 6219 30600407 1
5191 6167 30600417 1
5191 6122 30600427 1
5201 6083 30600437 1
5214 6053 30600447 1
5231 6036 30600457 1
5250 6027 30600467 1
5273 6027 30600477 1
5302 6050 30600487 1
5335 6087 30600497 1
5368 6122 30600507 1
5398 6160 30600517 1
5425 6198 30600527 1
5686 6560 30600707 0
5686 6560 30600717 1
5686 6560 30600727 1
5686 6560 30600737 1
5686 6560 30600747 1
5691 6582 30600757 1
5691 6582 30600767 1
5691 6573 30600777 1
5691 6563 30600787 1
5684 6547 30600797 1
5678 6525 30600807 1
5673 6493 30600817 1
5667 6451 30600827 1
5660 6401 30600837 1
5660 6348 30600847 1
5653 6301 30600857 1
5653 6257 30600867 1
5653 6226 30600877 1
5653 6202 30600887 1
5659 6184 30600897 1
5659 6174 30600907 1
5659 6164 30600908 1
5659 6164 30600918 1
5659 6164 30600928 1
5659 6164 30600938 1
5659 6164 30600948 1
5659 6164 30600958 1
5659 6164 30600968 1
5664 6190 30600978 1
5676 6229 30600988 1
5690 6280 30600998 1
5707 6330 30601008 1
5726 6366 30601018 1
5744 6393 30601028 1
5761 6414 30601038 1
5779 6433 30601048 1
5797 6446 30601058 1
5816 6453 30601068 1
5835 6458 30601078 1
5854 6458 30601088 1
5870 6449 30601098 1
5882 6431 30601108 1
5892 6404 30601118 1
5897 6370 30601128 1
5897 6329 30601138 1
5897 6282 30601148 1
5897 6235 30601158 1
5897 6190 30601168 1
5906 6156 30601178 1
5913 6130 30601188 1
5919 6107 30601198 1
5933 6084 30601208 1
5948 6077 30601218 1
5968 6077 30601228 1
6000 6103 30601238 1
6035 6131 30601248 1
6071 6162 30601258 1
