180
3646 4130 50913506 0
3646 4130 50913516 1
3646 4130 50913526 1
3642 4056 50913536 1
3635 3967 50913546 1
3635 3868 50913556 1
3635 3762 50913566 1
3635 3666 50913576 1
3635 3599 50913586 1
3644 3549 50913596 1
3644 3520 50913606 1
3644 3511 50913616 1
3650 3511 50913626 1
3650 3524 50913636 1
3655 3580 50913646 1
3679 3667 50913656 1
3717 3792 50913666 1
3763 3916 50913676 1
3808 3990 50913686 1
3844 4031 50913696 1
3874 4047 50913706 1
3901 4037 50913716 1
3926 4009 50913726 1
3950 3962 50913736 1
3968 3898 50913746 1
3981 3823 50913756 1
3991 3750 50913766 1
3999 3688 50913776 1
3999 3634 50913786 1
4004 3585 50913796 1
4012 3549 50913806 1
4291 3767 50913906 0
4343 3741 50913916 1
4343 3733 50913926 1
4334 3739 50913936 1
4334 3733 50913946 1
4341 3722 50913956 1
4354 3722 50913966 1
4376 3733 50913976 1
4407 3748 50913986 1
4445 3788 50913996 1
4485 3837 50914006 1
4523 3893 50914016 1
4544 3937 50914026 1
4555 3978 50914036 1
4549 4013 50914046 1
4529 4042 50914056 1
4499 4067 50914066 1
4462 4067 50914076 1
4419 4051 50914086 1
4373 4017 50914096 1
4331 3953 50914106 1
4293 3884 50914116 1
4264 3804 50914126 1
4251 3719 50914136 1
4251 3640 50914146 1
4262 3582 50914156 1
4283 3533 50914166 1
4315 3497 50914176 1
4358 3477 50914186 1
4412 3467 50914196 1
4474 3472 50914206 1
4541 3489 50914216 1
4607 3514 50914226 1
4664 3545 50914236 1
4716 3584 50914246 1
4760 3628 50914256 1
4794 3677 50914266 1
4851 3951 50914337 0
4851 4029 50914347 1
4851 4067 50914357 1
4858 4098 50914367 1
4858 4109 50914377 1
4858 4109 50914387 1
4858 4109 50914397 1
4858 4109 50914407 1
4882 4056 50914417 1
4897 4002 50914427 1
4915 3946 50914437 1
4935 3884 50914447 1
4956 3817 50914457 1
4979 3748 50914467 1
5001 3695 50914477 1
5021 3651 50914487 1
5039 3626 50914497 1
5055 3615 50914507 1
5073 3615 50914517 1
5094 3629 50914527 1
5132 3694 50914537 1
5179 3792 50914547 1
5229 3897 50914557 1
5269 3991 50914567 1
5302 4059 50914577 1
5324 4115 50914587 1
5334 4143 50914597 1
5334 4153 50914607 1
5334 4153 50914617 1
5334 4153 50914627 1
5525 4616 50914818 0
5525 4616 50914828 1
5532 4652 50914838 1
5532 4645 50914848 1
5532 4639 50914858 1
5532 4633 50914868 1
5532 4606 50914878 1
5532 4579 50914888 1
5544 4552 50914898 1
5553 4524 50914908 1
5562 4502 50914918 1
5571 4480 50914928 1
5576 4456 50914938 1
5581 4429 50914948 1
5526 4300 50915008 0
5506 4247 50915018 1
5491 4232 50915028 1
5470 4227 50915038 1
5464 4218 50915048 1
5464 4218 50915058 1
5464 4218 50915068 1
5476 4218 50915078 1
5499 4227 50915088 1
5531 4243 50915098 1
5567 4254 50915108 1
5600 4262 50915118 1
5628 4253 50915128 1
5654 4233 50915138 1
5677 4187 50915148 1
5691 4126 50915158 1
5698 4055 50915168 1
5703 3985 50915178 1
5703 3912 50915188 1
5710 3839 50915198 1
5719 3778 50915208 1
5728 3724 50915218 1
5740 3693 50915228 1
5756 3676 50915238 1
5776 3669 50915248 1
5797 3669 50915258 1
5823 3697 50915268 1
5850 3738 50915278 1
5874 3798 50915288 1
5897 3857 50915298 1
6164 4288 50915438 0
6153 4320 50915448 1
6127 4340 50915458 1
6119 4340 50915468 1
6114 4340 50915479 1
6114 4340 50915489 1
6129 4281 50915499 1
6139 4198 50915509 1
6147 4118 50915519 1
6152 4045 50915529 1
6158 3977 50915539 1
6165 3933 50915549 1
6165 3908 50915559 1
6165 3895 50915569 1
6172 3900 50915579 1
6172 3924 50915589 1
6182 3960 50915599 1
6205 4045 50915609 1
6239 4134 50915619 1
6278 4227 50915629 1
6316 4300 50915639 1
6348 4339 50915649 1
6376 4356 50915659 1
6399 4356 50915669 1
6399 4356 50915679 1
6444 4298 50915689 1
6461 4240 50915699 1
6477 4168 50915709 1
6491 4086 50915719 1
6507 4007 50915729 1
6523 3930 50915739 1
6541 3865 50915749 1
6562 3808 50915759 1
6587 3770 50915769 1
6614 3749 50915779 1
6645 3739 50915789 1
6684 3739 50915799 1
6732 3781 50915809 1
