149
5549 5004 68890419 0
5410 4877 68890429 1
5363 4877 68890439 1
5349 4920 68890449 1
5356 4965 68890459 1
5399 5042 68890469 1
5497 5141 68890479 1
5632 5310 68890489 1
5806 5435 68890499 1
5956 5531 68890509 1
6091 5556 68890519 1
6197 5517 68890529 1
6246 5436 68890539 1
6258 5300 68890549 1
6216 5168 68890559 1
6143 5039 68890569 1
6049 4916 68890579 1
5964 4853 68890589 1
5911 4830 68890599 1
5879 4864 68890609 1
5870 4947 68890619 1
5876 5062 68890629 1
5891 5155 68890639 1
5897 5191 68890649 1
5891 5191 68890659 1
5878 5125 68890669 1
5838 4982 68890679 1
5785 4787 68890689 1
5724 4633 68890699 1
5676 4500 68890699 1
5666 4381 68890709 1
5680 4317 68890719 1
5751 4301 68890729 1
5871 4318 68890739 1
6024 4367 68890749 1
6174 4375 68890759 1
6298 4357 68890769 1
6405 4260 68890779 1
6430 4113 68890789 1
6399 3933 68890799 1
6331 3743 68890809 1
6221 3569 68890819 1
6102 3426 68890829 1
5978 3299 68890839 1
5888 3241 68890849 1
5810 3232 68890859 1
5739 3256 68890869 1
5682 3313 68890879 1
5625 3381 68890889 1
5566 3456 68890899 1
5503 3512 68890909 1
5439 3551 68890919 1
5416 3578 68890929 1
5424 3603 68890939 1
5452 3653 68890949 1
5542 3721 68890959 1
5685 3823 68890969 1
5864 3932 68890979 1
6585 5386 68891240 0
6718 5585 68891250 1
6761 5680 68891260 1
6880 5715 68891270 1
6996 5710 68891280 1
7110 5658 68891290 1
7241 5596 68891300 1
7372 5527 68891310 1
7483 5484 68891320 1
7581 5466 68891330 1
7646 5466 68891340 1
7672 5466 68891350 1
7672 5466 68891360 1
7648 5460 68891370 1
7598 5451 68891380 1
7531 5451 68891390 1
7480 5469 68891400 1
7432 5516 68891410 1
7427 5612 68891420 1
7449 5742 68891430 1
7539 5918 68891440 1
7643 6026 68891450 1
7757 6089 68891460 1
7878 6114 68891470 1
7962 6101 68891480 1
8021 6064 68891490 1
8043 5994 68891500 1
8043 5920 68891510 1
8032 5838 68891520 1
7981 5749 68891530 1
7904 5672 68891540 1
7809 5602 68891550 1
7712 5557 68891560 1
7647 5557 68891570 1
7604 5577 68891580 1
7584 5640 68891590 1
7595 5713 68891600 1
7627 5794 68891610 1
7663 5838 68891620 1
7694 5838 68891630 1
7706 5803 68891640 1
7706 5726 68891650 1
7662 5613 68891660 1
7601 5476 68891670 1
7528 5333 68891680 1
7451 5208 68891690 1
7415 5156 68891700 1
7405 5147 68891710 1
7447 5178 68891720 1
7537 5263 68891730 1
7658 5383 68891740 1
7796 5505 68891750 1
7895 5557 68891760 1
7968 5562 68891770 1
7968 5476 68891780 1
7898 5321 68891790 1
7789 5121 68891800 1
7634 4900 68891810 1
7480 4678 68891820 1
7379 4540 68891830 1
7312 4459 68891840 1
7326 4441 68891850 1
7418 4478 68891860 1
7562 4551 68891870 1
7742 4637 68891880 1
7922 4661 68891890 1
8026 4644 68891900 1
8078 4542 68891910 1
8078 4373 68891920 1
7984 4160 68891930 1
7835 3900 68891940 1
7643 3649 68891950 1
7466 3403 68891960 1
7300 3211 68891970 1
7175 3109 68891980 1
7118 3066 68891990 1
7085 4400 68892081 0
7106 4299 68892091 1
7106 4285 68892101 1
7184 4253 68892111 1
7309 4193 68892121 1
7434 4147 68892131 1
7564 4121 68892141 1
7699 4108 68892151 1
7790 4093 68892161 1
7851 4078 68892171 1
7743 4411 68892251 0
7753 4504 68892261 1
7732 4550 68892271 1
7693 4513 68892281 1
7640 4422 68892291 1
