155
5000 4600 68915535 0
4895 4575 68915545 1
4846 4555 68915555 1
4827 4555 68915565 1
4827 4583 68915575 1
4827 4621 68915585 1
4874 4694 68915595 1
4962 4808 68915605 1
5080 4949 68915615 1
5234 5074 68915625 1
5390 5158 68915635 1
5545 5214 68915645 1
5669 5302 68915655 1
5774 5312 68915665 1
5831 5271 68915675 1
5846 5212 68915685 1
5833 5130 68915695 1
5775 5034 68915705 1
5680 4925 68915715 1
5560 4820 68915725 1
5443 4719 68915735 1
5369 4690 68915745 1
5323 4700 68915755 1
5304 4736 68915765 1
5304 4814 68915775 1
5324 4887 68915785 1
5364 4956 68915795 1
5404 4990 68915805 1
5438 4951 68915815 1
5438 4863 68915825 1
5421 4698 68915835 1
5377 4526 68915845 1
5317 4349 68915855 1
5247 4164 68915865 1
5211 4052 68915875 1
5222 3988 68915885 1
5264 3969 68915895 1
5356 3996 68915905 1
5483 4053 68915915 1
5634 4102 68915925 1
5806 4145 68915935 1
5924 4111 68915945 1
6006 4027 68915955 1
6035 3902 68915965 1
6016 3756 68915975 1
5966 3597 68915985 1
5875 3454 68915995 1
5754 3308 68916005 1
5612 3216 68916015 1
5515 3160 68916025 1
5104 3549 68916085 0
5076 3561 68916095 1
5083 3567 68916105 1
5090 3591 68916115 1
5174 3668 68916125 1
5294 3784 68916135 1
5437 3926 68916145 1
6208 5401 68916396 0
6225 5372 68916406 1
6256 5417 68916416 1
6291 5506 68916426 1
6419 5514 68916436 1
6550 5499 68916446 1
6687 5468 68916456 1
6826 5373 68916466 1
6908 5323 68916476 1
6953 5304 68916486 1
6989 5283 68916496 1
7008 5272 68916506 1
7016 5267 68916516 1
7016 5261 68916526 1
7009 5261 68916536 1
6996 5276 68916546 1
6977 5304 68916556 1
6966 5372 68916566 1
6959 5466 68916576 1
6959 5466 68916596 0
7047 5854 68916606 1
7122 5959 68916616 1
7212 6026 68916626 1
7303 6067 68916636 1
7393 6072 68916646 1
7485 6077 68916656 1
7582 6071 68916666 1
7683 6057 68916676 1
7733 6046 68916686 1
7748 6003 68916696 1
7712 5938 68916706 1
7638 5849 68916716 1
7539 5769 68916726 1
7410 5695 68916736 1
7328 5680 68916746 1
7278 5713 68916756 1
7257 5777 68916766 1
7257 5890 68916776 1
7280 5997 68916786 1
7314 6062 68916796 1
7348 6101 68916806 1
7361 6089 68916816 1
7361 6004 68916826 1
7322 5871 68916836 1
7260 5699 68916846 1
7183 5538 68916856 1
7106 5384 68916866 1
7037 5266 68916876 1
7021 5215 68916886 1
7036 5210 68916896 1
7079 5230 68916906 1
7152 5285 68916916 1
7245 5363 68916926 1
7346 5438 68916936 1
7432 5462 68916946 1
7478 5451 68916956 1
7502 5371 68916966 1
7486 5249 68916976 1
7429 5100 68916986 1
7345 4944 68916996 1
7217 4776 68917006 1
7094 4600 68917016 1
6973 4501 68917026 1
6924 4454 68917036 1
6924 4442 68917046 1
6961 4459 68917056 1
7058 4499 68917066 1
7202 4554 68917076 1
7378 4603 68917086 1
7537 4593 68917096 1
7630 4543 68917106 1
7679 4406 68917116 1
7657 4224 68917126 1
7596 4013 68917136 1
7509 3778 68917146 1
7367 3540 68917156 1
7215 3332 68917166 1
7056 3146 68917176 1
6938 3011 68917186 1
6853 2933 68917196 1
6790 2892 68917206 1
6790 2913 68917216 1
6835 3006 68917226 1
6890 4195 68917307 0
6946 4225 68917317 1
6946 4291 68917327 1
6986 4297 68917337 1
7028 4265 68917347 1
7071 4183 68917357 1
7121 4078 68917367 1
7189 3957 68917377 1
7270 3897 68917387 1
7374 4255 68917467 0
7357 4308 68917477 1
7321 4364 68917487 1
7297 4336 68917497 1
7283 4252 68917507 1
7199 4085 68917517 1
