157
5118 4800 68900974 0
5043 4765 68900984 1
5005 4778 68900994 1
5023 4812 68901004 1
5074 4860 68901014 1
5146 4961 68901024 1
5262 5070 68901034 1
5395 5185 68901044 1
5538 5293 68901054 1
5694 5365 68901064 1
5827 5414 68901074 1
5945 5414 68901084 1
6014 5373 68901094 1
6045 5313 68901104 1
6051 5245 68901114 1
6021 5173 68901124 1
5956 5094 68901134 1
5868 5037 68901144 1
5772 4995 68901154 1
5689 5010 68901164 1
5647 5057 68901174 1
5629 5125 68901184 1
5636 5197 68901194 1
5648 5240 68901204 1
5660 5263 68901214 1
5671 5251 68901224 1
5678 5176 68901234 1
5656 5059 68901244 1
5615 4908 68901254 1
5566 4755 68901264 1
5515 4632 68901274 1
5463 4531 68901284 1
5442 4481 68901294 1
5457 4464 68901304 1
5497 4464 68901314 1
5585 4496 68901324 1
5709 4519 68901334 1
5856 4539 68901344 1
5978 4511 68901354 1
6079 4430 68901364 1
6167 4314 68901374 1
6204 4169 68901384 1
6196 4019 68901394 1
6158 3866 68901404 1
6074 3700 68901414 1
5982 3588 68901424 1
5885 3513 68901434 1
5797 3475 68901444 1
5715 3475 68901444 1
5664 3501 68901454 1
5343 3901 68901525 0
5303 3834 68901535 1
5311 3860 68901545 1
5320 3928 68901555 1
5438 4033 68901565 1
5600 4156 68901575 1
6505 5874 68901825 0
6552 5890 68901835 1
6543 5926 68901845 1
6605 5926 68901855 1
6715 5926 68901865 1
6833 5911 68901875 1
6952 5895 68901885 1
7058 5878 68901895 1
7154 5858 68901905 1
7226 5836 68901915 1
7277 5814 68901925 1
7315 5801 68901935 1
7329 5792 68901945 1
7334 5792 68901955 1
7334 5792 68901965 1
7325 5792 68901975 1
7298 5803 68901985 1
7258 5829 68901995 1
7231 5866 68902005 1
7225 5919 68902015 1
7233 5971 68902025 1
7277 6022 68902035 1
7366 6119 68902045 1
7485 6187 68902055 1
7612 6236 68902065 1
7738 6265 68902075 1
7831 6265 68902085 1
7903 6246 68902095 1
7929 6214 68902105 1
7906 6152 68902115 1
7850 6069 68902125 1
7775 6000 68902135 1
7677 5929 68902145 1
7563 5854 68902155 1
7454 5814 68902165 1
7390 5798 68902175 1
7355 5850 68902185 1
7360 5936 68902195 1
7404 6046 68902205 1
7475 6120 68902215 1
7545 6162 68902225 1
7614 6182 68902235 1
7661 6161 68902245 1
7695 6086 68902255 1
7672 5974 68902265 1
7609 5804 68902275 1
7520 5641 68902285 1
7389 5482 68902295 1
7274 5309 68902305 1
7169 5227 68902315 1
7161 5207 68902325 1
7216 5215 68902335 1
7312 5277 68902345 1
7467 5376 68902346 1
7623 5473 68902356 1
7745 5508 68902366 1
7844 5501 68902376 1
7881 5415 68902386 1
7845 5269 68902396 1
7760 5083 68902406 1
7644 4893 68902416 1
7531 4718 68902426 1
7420 4553 68902436 1
7378 4474 68902446 1
7401 4443 68902456 1
7467 4443 68902466 1
7591 4489 68902476 1
7723 4534 68902486 1
7860 4527 68902496 1
7941 4485 68902506 1
7941 4347 68902516 1
7889 4150 68902526 1
7766 3915 68902536 1
7604 3627 68902546 1
7416 3381 68902556 1
7241 3164 68902566 1
7110 3021 68902576 1
7008 2959 68902586 1
6957 2952 68902596 1
6944 3014 68902606 1
6956 3134 68902616 1
6988 3292 68902626 1
6921 4143 68902686 0
6883 4199 68902696 1
6875 4272 68902706 1
6875 4295 68902716 1
6946 4285 68902726 1
7062 4271 68902736 1
7207 4244 68902746 1
7407 4209 68902756 1
7611 4198 68902766 1
7823 4198 68902776 1
7981 4210 68902786 1
8101 4210 68902796 1
8159 4202 68902806 1
8174 4183 68902816 1
7720 4525 68902897 0
7722 4487 68902907 1
7663 4487 68902917 1
7613 4377 68902927 1
7556 4198 68902937 1
