148
5398 5090 68936244 0
5352 5075 68936254 1
5352 5107 68936264 1
5387 5148 68936274 1
5441 5231 68936284 1
5530 5341 68936294 1
5643 5477 68936304 1
5790 5580 68936314 1
5916 5661 68936324 1
6027 5681 68936334 1
6116 5656 68936344 1
6163 5600 68936354 1
6182 5508 68936364 1
6149 5399 68936374 1
6086 5280 68936384 1
6004 5177 68936394 1
5905 5099 68936404 1
5807 5038 68936414 1
5744 5033 68936424 1
5704 5060 68936434 1
5690 5109 68936444 1
5701 5185 68936454 1
5729 5257 68936464 1
5766 5295 68936474 1
5793 5313 68936484 1
5813 5280 68936494 1
5803 5189 68936504 1
5774 5060 68936514 1
5732 4919 68936524 1
5693 4775 68936534 1
5657 4662 68936544 1
5629 4572 68936554 1
5629 4519 68936564 1
5653 4487 68936574 1
5713 4468 68936584 1
5801 4453 68936594 1
5908 4429 68936604 1
6012 4379 68936614 1
6091 4314 68936624 1
6154 4211 68936634 1
6177 4102 68936644 1
6166 3994 68936654 1
6132 3888 68936664 1
6081 3786 68936674 1
6019 3715 68936684 1
5950 3665 68936694 1
5893 3656 68936704 1
5836 3673 68936714 1
5510 3953 68936765 0
5455 3975 68936775 1
5431 3990 68936785 1
5445 4039 68936795 1
5484 4113 68936805 1
5557 4204 68936815 1
5682 4302 68936825 1
6486 5961 68937056 0
6581 5919 68937066 1
6601 5913 68937076 1
6714 5918 68937086 1
6889 5858 68937096 1
6982 5800 68937106 1
7086 5747 68937116 1
7197 5723 68937126 1
7299 5714 68937136 1
7350 5714 68937146 1
7368 5714 68937156 1
7368 5714 68937166 1
7343 5738 68937176 1
7302 5773 68937186 1
7261 5820 68937196 1
7228 5898 68937206 1
7228 5996 68937216 1
7243 6126 68937226 1
7306 6251 68937236 1
7394 6372 68937246 1
7499 6428 68937256 1
7594 6442 68937266 1
7683 6429 68937276 1
7768 6389 68937286 1
7841 6317 68937296 1
7882 6225 68937306 1
7902 6138 68937316 1
7872 6052 68937326 1
7808 5969 68937336 1
7722 5897 68937346 1
7596 5830 68937356 1
7502 5810 68937366 1
7430 5832 68937376 1
7387 5881 68937386 1
7387 5977 68937396 1
7422 6069 68937406 1
7487 6159 68937416 1
7564 6209 68937426 1
7649 6209 68937436 1
7693 6169 68937446 1
7679 6048 68937456 1
7625 5872 68937466 1
7530 5660 68937476 1
7409 5465 68937486 1
7271 5320 68937496 1
7199 5209 68937506 1
7191 5199 68937516 1
7225 5247 68937526 1
7326 5334 68937536 1
7469 5463 68937546 1
7640 5586 68937556 1
7801 5638 68937566 1
7880 5645 68937576 1
7905 5534 68937586 1
7836 5354 68937596 1
7705 5129 68937606 1
7532 4868 68937616 1
7341 4656 68937626 1
7213 4478 68937636 1
7128 4393 68937646 1
7128 4374 68937656 1
7203 4399 68937666 1
7333 4452 68937676 1
7478 4503 68937686 1
7613 4477 68937696 1
7674 4401 68937706 1
7689 4228 68937716 1
7662 4016 68937726 1
7580 3779 68937736 1
7462 3533 68937746 1
7326 3329 68937756 1
7214 3152 68937766 1
7117 3047 68937776 1
7071 3009 68937786 1
7061 3017 68937796 1
7076 3088 68937806 1
6912 4351 68937897 0
6860 4351 68937907 1
6860 4351 68937917 1
6860 4351 68937927 1
6969 4351 68937937 1
7080 4351 68937947 1
7195 4359 68937957 1
7378 4375 68937967 1
7539 4390 68937977 1
7685 4400 68937987 1
7754 4400 68937997 1
7643 4726 68938077 0
7623 4694 68938087 1
7576 4679 68938097 1
7492 4621 68938107 1
7478 4534 68938117 1
7460 4398 68938127 1
