273
2999 5829 30813563 0
2964 5790 30813573 1
2944 5790 30813583 1
2923 5790 30813593 1
2909 5790 30813603 1
2896 5790 30813613 1
2888 5790 30813623 1
2888 5790 30813633 1
2888 5790 30813643 1
2888 5801 30813653 1
2908 5817 30813663 1
2941 5870 30813673 1
3007 5937 30813683 1
3105 6013 30813693 1
3223 6062 30813703 1
3339 6122 30813713 1
3446 6190 30813723 1
3548 6212 30813733 1
3632 6212 30813743 1
3695 6197 30813753 1
3744 6168 30813763 1
3764 6121 30813773 1
3757 6062 30813783 1
3731 5980 30813793 1
3679 5895 30813803 1
3617 5804 30813813 1
3547 5736 30813823 1
3488 5684 30813833 1
3444 5651 30813843 1
3410 5640 30813853 1
3389 5645 30813863 1
3371 5663 30813873 1
3359 5695 30813883 1
3359 5737 30813893 1
3365 5771 30813903 1
3370 5786 30813913 1
3370 5786 30813923 1
3370 5786 30813933 1
3364 5781 30813943 1
3358 5753 30813953 1
3342 5711 30813963 1
3323 5665 30813973 1
3301 5615 30813983 1
3272 5551 30813993 1
3239 5480 30814003 1
3202 5408 30814013 1
3165 5334 30814023 1
3128 5258 30814033 1
3090 5204 30814043 1
3074 5166 30814053 1
3063 5148 30814063 1
3063 5140 30814073 1
3063 5140 30814083 1
3063 5146 30814093 1
3075 5164 30814103 1
3115 5191 30814113 1
3173 5243 30814114 1
3241 5296 30814124 1
3307 5351 30814134 1
3372 5386 30814144 1
3443 5414 30814154 1
3512 5431 30814164 1
3579 5438 30814174 1
3644 5427 30814184 1
3704 5406 30814194 1
3754 5369 30814204 1
3796 5317 30814214 1
3828 5256 30814224 1
3842 5182 30814234 1
3842 5093 30814244 1
3829 4994 30814254 1
3794 4886 30814264 1
3746 4778 30814274 1
3681 4672 30814284 1
3618 4590 30814294 1
3559 4520 30814304 1
3512 4476 30814314 1
3472 4451 30814324 1
3435 4440 30814334 1
3399 4445 30814344 1
3364 4471 30814354 1
3329 4512 30814364 1
3290 4568 30814374 1
3250 4628 30814384 1
3203 4692 30814394 1
3149 4729 30814404 1
3089 4763 30814414 1
3040 4778 30814424 1
2996 4783 30814434 1
2961 4778 30814444 1
2933 4772 30814454 1
2916 4766 30814464 1
2916 4766 30814474 1
2927 4766 30814484 1
2960 4773 30814494 1
3042 4809 30814504 1
3156 4865 30814514 1
3280 4923 30814524 1
3393 4976 30814534 1
3495 5019 30814544 1
3594 5056 30814554 1
4347 6312 30814915 0
4347 6312 30814925 1
4341 6341 30814935 1
4341 6341 30814945 1
4341 6341 30814955 1
4357 6332 30814965 1
4380 6314 30814975 1
4415 6277 30814985 1
4465 6229 30814995 1
4524 6170 30815005 1
4585 6110 30815015 1
4645 6047 30815025 1
4700 5989 30815035 1
4753 5933 30815045 1
4791 5890 30815055 1
4817 5858 30815065 1
4835 5833 30815075 1
4843 5825 30815085 1
4843 5825 30815095 1
4843 5832 30815105 1
4820 5852 30815115 1
4793 5888 30815125 1
4760 5934 30815135 1
4737 5990 30815145 1
4737 6049 30815155 1
4751 6109 30815165 1
4789 6160 30815175 1
4830 6215 30815185 1
4900 6272 30815195 1
4987 6329 30815205 1
5089 6385 30815215 1
5184 6414 30815225 1
5275 6425 30815235 1
5348 6416 30815245 1
5400 6402 30815255 1
5439 6378 30815265 1
5457 6351 30815275 1
5457 6318 30815285 1
5445 6279 30815295 1
5414 6230 30815305 1
5366 6174 30815315 1
5307 6119 30815325 1
5242 6065 30815335 1
5182 6023 30815345 1
5124 5988 30815355 1
5104 5988 30815365 1
5087 5999 30815375 1
5075 6023 30815385 1
5067 6053 30815395 1
5074 6082 30815405 1
5090 6107 30815415 1
5090 6115 30815425 1
5090 6115 30815435 1
5090 6115 30815445 1
5090 6093 30815455 1
5097 6064 30815465 1
5097 6030 30815475 1
5085 5990 30815485 1
5065 5939 30815495 1
5041 5879 30815505 1
5015 5808 30815515 1
4986 5743 30815525 1
4956 5684 30815535 1
4925 5626 30815545 1
4898 5580 30815555 1
4885 5543 30815565 1
4885 5525 30815575 1
4880 5519 30815585 1
4880 5519 30815595 1
4880 5524 30815605 1
4891 5536 30815615 1
4900 5554 30815625 1
4940 5603 30815635 1
4984 5652 30815645 1
5031 5701 30815655 1
5078 5739 30815665 1
5129 5775 30815675 1
5179 5804 30815685 1
5214 5826 30815695 1
5240 5832 30815705 1
5256 5832 30815715 1
5267 5818 30815725 1
5274 5801 30815735 1
5274 5774 30815745 1
5256 5740 30815755 1
5236 5699 30815765 1
5208 5655 30815775 1
5177 5607 30815785 1
5144 5554 30815795 1
5110 5495 30815805 1
5073 5436 30815815 1
5035 5374 30815825 1
5001 5311 30815835 1
4972 5261 30815845 1
4951 5220 30815855 1
4939 5191 30815865 1
4933 5172 30815875 1
4928 5159 30815885 1
4928 5152 30815895 1
4928 5152 30815905 1
4928 5152 30815915 1
4928 5157 30815925 1
4933 5157 30815935 1
4939 5168 30815945 1
4952 5182 30815955 1
4973 5205 30815965 1
5002 5233 30815975 1
5034 5265 30815985 1
5066 5285 30815995 1
5096 5302 30816005 1
5119 5313 30816015 1
5137 5313 30816025 1
5151 5318 30816035 1
5161 5313 30816045 1
5169 5304 30816055 1
5175 5289 30816065 1
5175 5265 30816075 1
5169 5235 30816085 1
5155 5200 30816095 1
5137 5162 30816105 1
5116 5119 30816115 1
5087 5071 30816125 1
5061 5019 30816135 1
5036 4978 30816145 1
5022 4945 30816155 1
5011 4928 30816165 1
5011 4922 30816175 1
5011 4922 30816185 1
5011 4922 30816195 1
5018 4929 30816205 1
5051 4959 30816215 1
5101 5008 30816225 1
5175 5059 30816235 1
5248 5098 30816245 1
5319 5121 30816255 1
5395 5131 30816265 1
5470 5131 30816275 1
5533 5120 30816285 1
5588 5084 30816295 1
5624 5032 30816305 1
5633 4950 30816315 1
5625 4832 30816325 1
5579 4690 30816335 1
5505 4534 30816345 1
5413 4346 30816355 1
5290 4137 30816365 1
5146 3937 30816375 1
4988 3765 30816385 1
4871 3611 30816395 1
4777 3528 30816405 1
4699 3500 30816415 1
4637 3509 30816425 1
4520 4482 30816478 0
4619 4643 30816488 1
4666 4678 30816498 1
4726 4699 30816508 1
4803 4699 30816518 1
4891 4664 30816528 1
4973 4612 30816538 1
5054 4543 30816548 1
5130 4474 30816558 1
5202 4422 30816568 1
5252 4381 30816578 1
5279 4365 30816588 1
5290 4365 30816598 1
5062 4784 30816658 0
5063 4991 30816668 1
5069 4998 30816678 1
5060 4998 30816688 1
5090 4998 30816698 1
5120 4973 30816708 1
5151 4934 30816718 1
