213
3176 5449 50952552 0
3154 5424 50952562 1
3148 5447 50952572 1
3178 5480 50952582 1
3233 5534 50952592 1
3327 5603 50952602 1
3441 5662 50952612 1
3569 5701 50952622 1
3720 5727 50952632 1
3844 5718 50952642 1
3950 5671 50952652 1
4031 5600 50952662 1
4080 5506 50952672 1
4108 5391 50952682 1
4094 5262 50952692 1
4047 5137 50952702 1
3978 5018 50952712 1
3893 4904 50952722 1
3811 4819 50952732 1
3730 4795 50952742 1
3682 4811 50952752 1
3671 4889 50952762 1
3685 5018 50952772 1
3741 5180 50952782 1
3797 5337 50952792 1
3836 5415 50952802 1
3862 5441 50952812 1
3879 5425 50952822 1
3879 5355 50952832 1
3872 5249 50952842 1
3839 5093 50952852 1
3787 4907 50952862 1
3723 4702 50952872 1
3648 4538 50952882 1
3599 4401 50952892 1
3568 4282 50952902 1
3568 4236 50952912 1
3608 4220 50952922 1
3670 4220 50952932 1
3793 4272 50952942 1
3920 4345 50952952 1
4065 4435 50952962 1
4221 4479 50952972 1
4332 4471 50952982 1
4416 4429 50952992 1
4483 4329 50953002 1
4520 4188 50953012 1
4528 4021 50953022 1
4517 3846 50953032 1
4481 3669 50953042 1
4416 3513 50953052 1
4332 3372 50953062 1
4211 3228 50953072 1
4077 3119 50953082 1
3933 3034 50953092 1
3826 3012 50953102 1
3755 3046 50953112 1
3707 3117 50953122 1
3716 3244 50953132 1
3773 3383 50953142 1
3863 3529 50953152 1
3968 3642 50953162 1
4078 3754 50953172 1
4209 3867 50953182 1
4351 3982 50953192 1
5575 5754 50953463 0
5529 5770 50953473 1
5519 5785 50953483 1
5513 5785 50953493 1
5513 5785 50953503 1
5523 5770 50953513 1
5542 5752 50953523 1
5570 5718 50953533 1
5608 5674 50953543 1
5651 5627 50953553 1
5692 5579 50953563 1
5731 5529 50953573 1
5761 5483 50953583 1
5784 5440 50953593 1
5794 5410 50953603 1
5799 5393 50953613 1
5799 5386 50953623 1
5799 5386 50953633 1
5799 5386 50953643 1
5756 5430 50953653 1
5734 5479 50953663 1
5716 5538 50953673 1
5724 5603 50953683 1
5747 5672 50953693 1
5813 5742 50953703 1
5896 5813 50953713 1
5991 5882 50953723 1
6098 5928 50953733 1
6218 5958 50953743 1
6346 5970 50953753 1
6453 5956 50953763 1
6526 5925 50953773 1
6575 5874 50953783 1
6598 5810 50953793 1
6591 5737 50953803 1
6563 5664 50953813 1
6506 5589 50953823 1
6431 5514 50953833 1
6344 5458 50953843 1
6264 5415 50953853 1
6215 5405 50953863 1
6187 5423 50953873 1
6177 5461 50953883 1
6188 5536 50953893 1
6212 5621 50953903 1
6252 5713 50953913 1
6295 5789 50953923 1
6321 5834 50953933 1
6335 5859 50953943 1
6335 5859 50953953 1
6335 5848 50953963 1
6335 5807 50953973 1
6307 5746 50953983 1
6253 5652 50953993 1
6182 5552 50954003 1
6109 5443 50954013 1
6038 5328 50954023 1
5967 5238 50954033 1
5916 5164 50954043 1
5896 5130 50954053 1
5896 5112 50954063 1
5905 5106 50954074 1
5936 5106 50954084 1
5982 5137 50954094 1
6058 5189 50954104 1
6139 5259 50954114 1
6225 5328 50954124 1
6288 5397 50954134 1
6336 5428 50954144 1
6349 5438 50954154 1
6349 5433 50954164 1
6349 5420 50954174 1
6323 5360 50954184 1
6273 5270 50954194 1
6205 5182 50954204 1
6133 5091 50954214 1
6058 4993 50954224 1
5980 4894 50954234 1
5918 4794 50954244 1
5874 4724 50954254 1
5843 4670 50954264 1
5832 4626 50954274 1
5832 4602 50954284 1
5851 4591 50954294 1
5886 4591 50954304 1
5947 4612 50954314 1
6024 4658 50954324 1
6119 4720 50954334 1
6215 4777 50954344 1
6312 4828 50954354 1
6380 4855 50954364 1
6430 4869 50954374 1
6474 4864 50954384 1
6508 4853 50954394 1
6536 4830 50954404 1
6558 4787 50954414 1
6558 4731 50954414 1
6549 4642 50954424 1
6511 4523 50954434 1
6458 4384 50954444 1
6394 4216 50954454 1
6324 4048 50954464 1
6250 3880 50954474 1
6173 3690 50954484 1
6088 3498 50954494 1
5987 3304 50954504 1
5875 3071 50954514 1
5740 2847 50954524 1
5605 2629 50954534 1
5496 2484 50954544 1
5404 2409 50954554 1
5371 2380 50954564 1
5382 2426 50954574 1
5665 3879 50954695 0
5566 3854 50954705 1
5490 3854 50954715 1
5426 3854 50954725 1
5370 3837 50954735 1
5332 3832 50954745 1
5315 3832 50954755 1
5315 3838 50954765 1
5323 3858 50954775 1
5370 3890 50954785 1
5442 3918 50954795 1
5544 3969 50954805 1
5664 4036 50954815 1
5795 4086 50954825 1
5910 4135 50954835 1
6018 4185 50954845 1
6121 4235 50954855 1
6208 4286 50954865 1
6280 4328 50954875 1
6343 4367 50954885 1
6386 4400 50954895 1
6417 4429 50954905 1
6440 4456 50954915 1
6195 4712 50954995 0
6195 4712 50955005 1
6167 4751 50955015 1
6158 4751 50955025 1
6158 4745 50955035 1
6148 4724 50955045 1
6130 4677 50955055 1
6105 4612 50955065 1
6076 4537 50955075 1
6034 4438 50955085 1
5982 4324 50955095 1
5929 4197 50955105 1
