227
4030 5508 48584093 0
3992 5520 48584103 1
3965 5536 48584113 1
3954 5549 48584123 1
3954 5557 48584133 1
3954 5581 48584143 1
3984 5616 48584153 1
4030 5669 48584163 1
4125 5731 48584173 1
4251 5799 48584183 1
4398 5860 48584193 1
4549 5902 48584203 1
4704 5932 48584213 1
4844 5932 48584223 1
4971 5889 48584233 1
5065 5814 48584243 1
5126 5716 48584253 1
5166 5587 48584263 1
5160 5438 48584273 1
5111 5268 48584283 1
5033 5115 48584293 1
4937 4974 48584303 1
4837 4851 48584313 1
4733 4779 48584323 1
4657 4740 48584333 1
4617 4760 48584343 1
4601 4848 48584353 1
4630 4981 48584363 1
4697 5140 48584373 1
4790 5288 48584383 1
4870 5429 48584393 1
4926 5500 48584403 1
4966 5521 48584413 1
4977 5508 48584423 1
4970 5453 48584433 1
4952 5337 48584443 1
4898 5180 48584453 1
4821 5005 48584463 1
4728 4819 48584473 1
4626 4626 48584483 1
4530 4461 48584493 1
4469 4326 48584503 1
4428 4211 48584513 1
4428 4162 48584523 1
4471 4142 48584533 1
4534 4142 48584543 1
4658 4181 48584553 1
4816 4249 48584563 1
4996 4335 48584573 1
5182 4415 48584583 1
5351 4459 48584593 1
5508 4479 48584603 1
5623 4457 48584613 1
5707 4387 48584623 1
5770 4285 48584633 1
5790 4161 48584643 1
5758 4013 48584653 1
5692 3850 48584663 1
5590 3668 48584673 1
5460 3509 48584683 1
5310 3366 48584693 1
5142 3217 48584703 1
5001 3113 48584713 1
4878 3039 48584723 1
4786 3015 48584733 1
4721 3021 48584743 1
4674 3048 48584753 1
4651 3099 48584763 1
4651 3182 48584773 1
4671 3286 48584783 1
4728 3407 48584793 1
4818 3534 48584803 1
4931 3666 48584813 1
5068 3810 48584823 1
5224 3950 48584833 1
5393 4063 48584843 1
5534 4159 48584853 1
6239 5672 48585455 0
6244 5733 48585465 1
6251 5765 48585475 1
6251 5776 48585485 1
6259 5776 48585495 1
6266 5766 48585505 1
6300 5728 48585515 1
6346 5671 48585525 1
6401 5604 48585535 1
6451 5537 48585545 1
6493 5479 48585555 1
6530 5428 48585565 1
6558 5392 48585575 1
6576 5374 48585585 1
6587 5369 48585595 1
6587 5369 48585605 1
6587 5412 48585615 1
6597 5478 48585625 1
6629 5576 48585635 1
6676 5685 48585645 1
6769 5802 48585655 1
6880 5924 48585665 1
7004 6009 48585675 1
7123 6069 48585685 1
7243 6102 48585695 1
7363 6102 48585705 1
7453 6091 48585715 1
7526 6053 48585725 1
7563 5996 48585735 1
7569 5927 48585745 1
7553 5839 48585755 1
7506 5757 48585765 1
7435 5679 48585775 1
7348 5610 48585785 1
7253 5560 48585795 1
7187 5524 48585805 1
7139 5519 48585815 1
7120 5546 48585825 1
7120 5595 48585835 1
7143 5685 48585845 1
7190 5783 48585855 1
7241 5886 48585865 1
7283 5952 48585875 1
7317 5984 48585885 1
7330 5994 48585895 1
7330 5986 48585905 1
7322 5932 48585915 1
7284 5847 48585925 1
7224 5725 48585935 1
7149 5602 48585945 1
7069 5462 48585955 1
6988 5311 48585965 1
6906 5182 48585975 1
6842 5088 48585985 1
6805 5018 48585995 1
6785 4985 48586005 1
6785 4974 48586015 1
6817 4979 48586025 1
6860 5010 48586035 1
6936 5080 48586045 1
7029 5177 48586055 1
7134 5275 48586065 1
7238 5372 48586075 1
7341 5447 48586085 1
7415 5508 48586095 1
7471 5537 48586105 1
7485 5544 48586115 1
7485 5536 48586125 1
7468 5500 48586135 1
7420 5411 48586145 1
7333 5287 48586155 1
7221 5154 48586165 1
7102 5000 48586175 1
6984 4833 48586185 1
6872 4683 48586195 1
6768 4576 48586205 1
6711 4497 48586215 1
6683 4451 48586225 1
6683 4438 48586235 1
6717 4448 48586245 1
6769 4477 48586255 1
6879 4534 48586265 1
6994 4609 48586275 1
7130 4681 48586285 1
7278 4750 48586295 1
7429 4815 48586305 1
7555 4849 48586315 1
7663 4863 48586325 1
7740 4844 48586335 1
7789 4796 48586345 1
7820 4729 48586355 1
7832 4639 48586365 1
7825 4545 48586375 1
7804 4427 48586385 1
7771 4296 48586395 1
7725 4147 48586405 1
7669 3975 48586415 1
7590 3787 48586425 1
7484 3584 48586435 1
7359 3380 48586445 1
7213 3166 48586455 1
7067 2981 48586465 1
6936 2819 48586475 1
6814 2704 48586485 1
6722 2652 48586495 1
6672 2642 48586505 1
6651 2657 48586515 1
6644 2707 48586525 1
6657 2780 48586535 1
6684 2880 48586545 1
6738 2997 48586555 1
6843 4036 48586697 0
6789 3946 48586707 1
6756 3918 48586717 1
6729 3904 48586727 1
6711 3868 48586737 1
6698 3848 48586747 1
6698 3840 48586757 1
6705 3835 48586767 1
6734 3830 48586777 1
6795 3835 48586787 1
6876 3847 48586797 1
6961 3862 48586807 1
7050 3877 48586817 1
7142 3891 48586827 1
7234 3902 48586837 1
7325 3913 48586847 1
7400 3925 48586857 1
7465 3944 48586867 1
7515 3970 48586877 1
7543 4001 48586887 1
7556 4035 48586897 1
7556 4078 48586907 1
7551 4126 48586917 1
7533 4189 48586927 1
7511 4281 48586937 1
7485 4392 48586947 1
7455 4505 48586957 1
7431 4589 48586967 1
7409 4654 48586977 1
7393 4681 48586987 1
7380 4693 48586997 1
7380 4693 48587007 1
7380 4693 48587017 1
7395 4660 48587027 1
7395 4611 48587037 1
7395 4521 48587047 1
7355 4396 48587057 1
7296 4249 48587067 1
7224 4097 48587077 1
