156
5120 5345 68883799 0
5020 5213 68883809 1
5004 5213 68883819 1
4993 5254 68883829 1
4985 5247 68883839 1
4979 5247 68883849 1
4979 5247 68883859 1
5037 5293 68883869 1
5125 5384 68883879 1
5268 5506 68883889 1
5416 5620 68883899 1
5568 5694 68883909 1
5716 5742 68883919 1
5816 5718 68883929 1
5885 5630 68883939 1
5885 5500 68883949 1
5831 5327 68883959 1
5751 5188 68883969 1
5652 5073 68883979 1
5558 5000 68883989 1
5508 5000 68883999 1
5485 5045 68884009 1
5485 5128 68884019 1
5494 5234 68884029 1
5514 5356 68884039 1
5523 5413 68884049 1
5511 5401 68884059 1
5485 5342 68884069 1
5437 5200 68884079 1
5380 5034 68884089 1
5317 4853 68884099 1
5240 4656 68884109 1
5174 4527 68884119 1
5114 4444 68884129 1
5114 4429 68884139 1
5149 4444 68884149 1
5209 4479 68884159 1
5343 4575 68884169 1
5491 4667 68884179 1
5649 4710 68884189 1
5823 4722 68884200 1
5932 4645 68884210 1
5998 4502 68884220 1
5998 4314 68884230 1
5952 4115 68884240 1
5872 3913 68884250 1
5724 3726 68884260 1
5580 3549 68884270 1
5467 3450 68884280 1
5372 3405 68884290 1
5303 3395 68884300 1
5262 3432 68884310 1
5240 3518 68884320 1
5216 3764 68884350 0
5148 3848 68884360 1
5115 3836 68884370 1
5086 3836 68884380 1
5086 3836 68884390 1
5150 3869 68884400 1
5250 3960 68884410 1
5419 4090 68884420 1
5627 4233 68884430 1
6511 5960 68884650 0
6576 5998 68884660 1
6601 6015 68884670 1
6616 6015 68884680 1
6699 5972 68884690 1
6804 5892 68884700 1
6923 5781 68884710 1
7024 5702 68884720 1
7101 5645 68884730 1
7161 5612 68884740 1
7192 5595 68884750 1
7203 5590 68884760 1
7203 5590 68884770 1
7179 5608 68884780 1
7154 5630 68884790 1
7125 5674 68884800 1
7111 5756 68884810 1
7123 5864 68884820 1
7153 5979 68884830 1
7224 6076 68884840 1
7307 6160 68884850 1
7399 6241 68884860 1
7488 6263 68884870 1
7579 6263 68884880 1
7646 6237 68884890 1
7696 6181 68884900 1
7701 6108 68884910 1
7681 6024 68884920 1
7644 5953 68884930 1
7582 5881 68884940 1
7512 5812 68884950 1
7436 5780 68884960 1
7382 5771 68884970 1
7346 5797 68884980 1
7322 5877 68884990 1
7301 5994 68885000 1
7301 6095 68885010 1
7307 6137 68885020 1
7307 6137 68885030 1
7318 6121 68885040 1
7307 6037 68885050 1
7283 5909 68885060 1
7255 5775 68885070 1
7227 5670 68885080 1
7202 5585 68885090 1
7178 5546 68885100 1
7178 5540 68885110 1
7189 5556 68885120 1
7233 5612 68885130 1
7301 5684 68885140 1
7369 5768 68885150 1
7425 5820 68885160 1
7474 5829 68885170 1
7500 5810 68885180 1
7493 5743 68885190 1
7463 5648 68885200 1
7404 5534 68885210 1
7314 5408 68885220 1
7203 5283 68885230 1
7094 5162 68885240 1
7047 5100 68885250 1
7040 5075 68885260 1
7082 5083 68885270 1
7184 5136 68885280 1
7326 5220 68885290 1
7471 5276 68885300 1
7565 5239 68885310 1
7625 5139 68885320 1
7599 4922 68885330 1
7521 4652 68885340 1
7407 4348 68885350 1
7231 4005 68885360 1
7058 3704 68885370 1
6918 3431 68885380 1
6799 3247 68885390 1
6710 3143 68885400 1
6676 3092 68885410 1
6676 3112 68885420 1
6548 4279 68885522 0
6620 4346 68885532 1
6726 4427 68885542 1
6861 4452 68885552 1
7016 4463 68885562 1
7206 4463 68885572 1
7417 4479 68885582 1
7642 4489 68885592 1
7772 4489 68885602 1
7839 4489 68885612 1
7620 4806 68885682 0
7653 4919 68885692 1
7605 4876 68885702 1
7507 4777 68885712 1
7401 4604 68885722 1
7286 4381 68885732 1
