159
5266 4978 68893854 0
5158 4787 68893864 1
5094 4779 68893874 1
5026 4779 68893884 1
5026 4779 68893894 1
5026 4792 68893904 1
5066 4851 68893914 1
5132 4939 68893924 1
5253 5056 68893934 1
5388 5151 68893944 1
5531 5232 68893954 1
5675 5273 68893964 1
5816 5268 68893974 1
5901 5233 68893984 1
5950 5168 68893994 1
5950 5078 68894004 1
5915 4972 68894014 1
5853 4872 68894024 1
5749 4791 68894034 1
5652 4722 68894044 1
5559 4710 68894054 1
5506 4741 68894064 1
5477 4801 68894074 1
5463 4893 68894084 1
5463 4981 68894094 1
5463 5010 68894104 1
5463 5000 68894114 1
5452 4963 68894124 1
5434 4846 68894134 1
5404 4676 68894144 1
5374 4544 68894154 1
5339 4409 68894164 1
5301 4308 68894174 1
5290 4230 68894184 1
5315 4207 68894194 1
5365 4229 68894204 1
5467 4282 68894214 1
5602 4370 68894224 1
5758 4424 68894234 1
5912 4456 68894244 1
6036 4413 68894254 1
6139 4294 68894264 1
6205 4125 68894274 1
6216 3944 68894284 1
6190 3760 68894294 1
6117 3573 68894304 1
6031 3442 68894314 1
5935 3365 68894324 1
5852 3323 68894334 1
5772 3331 68894344 1
5699 3372 68894354 1
5639 3434 68894364 1
5409 3592 68894394 0
5229 3603 68894404 1
5198 3618 68894414 1
5198 3651 68894424 1
5296 3757 68894434 1
5442 3885 68894444 1
5620 4029 68894454 1
5871 4180 68894464 1
6477 5668 68894685 0
6577 5771 68894695 1
6590 5796 68894705 1
6692 5817 68894715 1
6832 5837 68894725 1
6998 5803 68894735 1
7136 5742 68894745 1
7263 5663 68894755 1
7383 5570 68894765 1
7460 5528 68894775 1
7509 5520 68894785 1
7538 5507 68894795 1
7538 5507 68894805 1
7531 5507 68894815 1
7513 5527 68894825 1
7468 5567 68894835 1
7415 5621 68894845 1
7356 5685 68894855 1
7314 5765 68894865 1
7306 5856 68894875 1
7320 5966 68894885 1
7367 6052 68894895 1
7435 6121 68894905 1
7518 6164 68894915 1
7610 6183 68894925 1
7707 6183 68894935 1
7810 6188 68894945 1
7913 6188 68894955 1
7980 6182 68894965 1
8023 6140 68894975 1
8037 6075 68894985 1
8011 5960 68894995 1
7957 5840 68895005 1
7882 5718 68895015 1
7801 5627 68895025 1
7716 5585 68895035 1
7675 5575 68895045 1
7650 5615 68895055 1
7635 5692 68895065 1
7644 5793 68895075 1
7653 5914 68895085 1
7663 5993 68895095 1
7668 6043 68895105 1
7668 6043 68895115 1
7668 6010 68895125 1
7638 5950 68895135 1
7598 5810 68895145 1
7544 5677 68895155 1
7499 5550 68895165 1
7461 5461 68895175 1
7461 5418 68895185 1
7487 5407 68895195 1
7536 5427 68895205 1
7625 5480 68895215 1
7715 5554 68895225 1
7807 5600 68895235 1
7866 5587 68895245 1
7903 5534 68895255 1
7865 5375 68895265 1
7779 5172 68895275 1
7661 4941 68895285 1
7518 4688 68895295 1
7380 4504 68895305 1
7302 4365 68895315 1
7261 4302 68895325 1
7297 4308 68895335 1
7410 4360 68895345 1
7574 4460 68895355 1
7774 4555 68895365 1
7980 4575 68895375 1
8110 4547 68895385 1
8188 4402 68895395 1
8170 4174 68895405 1
8055 3892 68895415 1
7875 3562 68895425 1
7623 3260 68895435 1
7392 2977 68895445 1
7175 2773 68895455 1
7022 2666 68895465 1
6943 2624 68895475 1
6913 2666 68895485 1
6932 2784 68895495 1
6683 4024 68895576 0
6768 4020 68895586 1
6783 3994 68895596 1
6888 3994 68895606 1
7014 3984 68895616 1
7153 3959 68895626 1
7357 3965 68895636 1
7592 3996 68895646 1
7847 4045 68895656 1
8049 4072 68895666 1
8162 4072 68895676 1
7845 4416 68895766 0
7875 4503 68895776 1
7811 4479 68895786 1
7753 4349 68895796 1
7664 4149 68895806 1
7551 3956 68895816 1
