214
3661 5734 50958751 0
3572 5668 50958761 1
3481 5714 50958771 1
3437 5739 50958781 1
3425 5750 50958791 1
3432 5774 50958801 1
3487 5825 50958811 1
3574 5894 50958821 1
3727 5949 50958831 1
3881 5978 50958841 1
4036 5991 50958851 1
4203 5956 50958861 1
4329 5874 50958871 1
4427 5762 50958881 1
4476 5646 50958891 1
4476 5509 50958901 1
4453 5359 50958911 1
4390 5216 50958921 1
4306 5107 50958931 1
4207 5020 50958941 1
4107 4967 50958951 1
4042 4975 50958961 1
4000 5023 50958971 1
3988 5132 50958981 1
4009 5283 50958991 1
4051 5462 50959001 1
4093 5596 50959011 1
4112 5651 50959021 1
4112 5651 50959031 1
4105 5638 50959041 1
4073 5550 50959051 1
4028 5413 50959061 1
3971 5236 50959071 1
3918 5065 50959081 1
3873 4897 50959091 1
3862 4754 50959101 1
3872 4663 50959111 1
3922 4607 50959121 1
4023 4556 50959131 1
4159 4518 50959141 1
4330 4490 50959151 1
4502 4461 50959161 1
4664 4425 50959171 1
4819 4367 50959181 1
4925 4297 50959191 1
4993 4222 50959201 1
5036 4132 50959211 1
5036 4032 50959221 1
4990 3910 50959231 1
4912 3777 50959241 1
4796 3638 50959251 1
4649 3533 50959261 1
4481 3461 50959271 1
4359 3410 50959281 1
4276 3425 50959291 1
4218 3482 50959301 1
4206 3568 50959311 1
4253 3685 50959321 1
4340 3827 50959331 1
4465 3985 50959341 1
4625 4138 50959351 1
6085 5949 50959562 0
6085 5949 50959572 1
6050 5977 50959582 1
5998 5982 50959592 1
5990 5982 50959602 1
5990 5982 50959612 1
5990 5982 50959622 1
5996 5964 50959632 1
6013 5932 50959642 1
6042 5883 50959652 1
6079 5833 50959662 1
6121 5785 50959672 1
6162 5744 50959682 1
6202 5706 50959692 1
6236 5673 50959702 1
6257 5649 50959712 1
6269 5632 50959722 1
6269 5625 50959732 1
6269 5625 50959742 1
6264 5635 50959752 1
6243 5660 50959762 1
6225 5703 50959772 1
6225 5758 50959782 1
6240 5828 50959792 1
6282 5905 50959802 1
6342 5986 50959812 1
6415 6053 50959822 1
6501 6102 50959832 1
6589 6140 50959842 1
6681 6164 50959852 1
6775 6169 50959862 1
6866 6161 50959872 1
6929 6132 50959882 1
6975 6089 50959892 1
7006 6036 50959902 1
7020 5970 50959912 1
7020 5899 50959922 1
6999 5820 50959932 1
6957 5754 50959942 1
6901 5698 50959952 1
6826 5652 50959962 1
6752 5625 50959972 1
6709 5612 50959982 1
6686 5624 50959992 1
6672 5664 50960003 1
6677 5722 50960013 1
6694 5800 50960023 1
6723 5885 50960033 1
6752 5974 50960043 1
6780 6027 50960053 1
6794 6051 50960063 1
6799 6051 50960073 1
6799 6051 50960083 1
6805 6013 50960093 1
6790 5957 50960103 1
6760 5866 50960113 1
6710 5775 50960123 1
6654 5685 50960133 1
6593 5600 50960143 1
6530 5513 50960153 1
6472 5441 50960163 1
6438 5379 50960173 1
6419 5342 50960183 1
6419 5324 50960193 1
6419 5324 50960203 1
6445 5319 50960213 1
6488 5333 50960223 1
6546 5364 50960233 1
6622 5425 50960243 1
6699 5486 50960253 1
6775 5547 50960263 1
6828 5587 50960273 1
6866 5606 50960283 1
6875 5611 50960293 1
6875 5611 50960303 1
6875 5602 50960313 1
6865 5559 50960323 1
6831 5491 50960333 1
6779 5393 50960343 1
6716 5290 50960353 1
6649 5184 50960363 1
6579 5077 50960373 1
6513 4968 50960383 1
6465 4874 50960393 1
6430 4790 50960403 1
6430 4741 50960413 1
6430 4714 50960423 1
6436 4703 50960433 1
6457 4703 50960443 1
6506 4715 50960453 1
6574 4745 50960463 1
6664 4800 50960473 1
6778 4857 50960483 1
6909 4916 50960493 1
7037 4965 50960503 1
7171 5008 50960513 1
7314 5041 50960523 1
7451 5047 50960533 1
7544 5035 50960543 1
7610 4992 50960553 1
7647 4915 50960563 1
7647 4815 50960573 1
7623 4666 50960583 1
7560 4513 50960593 1
7464 4318 50960603 1
7345 4096 50960613 1
7208 3875 50960623 1
7071 3649 50960623 1
6923 3449 50960633 1
6768 3269 50960643 1
6617 3096 50960653 1
6496 2972 50960663 1
6395 2881 50960673 1
6325 2835 50960683 1
6289 2826 50960693 1
6275 2843 50960703 1
6125 4221 50960844 0
6036 4160 50960854 1
5985 4237 50960864 1
5985 4255 50960874 1
6011 4235 50960884 1
6075 4261 50960894 1
6183 4296 50960904 1
6319 4337 50960914 1
6460 4381 50960924 1
6599 4425 50960934 1
6740 4466 50960944 1
6886 4501 50960954 1
7000 4531 50960964 1
7090 4559 50960974 1
7161 4586 50960984 1
7208 4611 50960994 1
7239 4635 50961004 1
7254 4657 50961014 1
7247 4681 50961024 1
7225 4714 50961034 1
7185 4751 50961044 1
7142 4793 50961054 1
7096 4833 50961064 1
7061 4873 50961074 1
7030 4898 50961084 1
7013 4920 50961094 1
7005 4937 50961104 1
7000 4945 50961114 1
7000 4945 50961124 1
7000 4945 50961134 1
6995 4937 50961144 1
6984 4882 50961154 1
6967 4798 50961164 1
6932 4694 50961174 1
6879 4591 50961184 1
6813 4485 50961194 1
6746 4373 50961204 1
