415
2367 6483 30792363 0
2367 6483 30792373 1
2367 6483 30792383 1
2367 6483 30792393 1
2367 6483 30792403 1
2367 6483 30792413 1
2367 6483 30792423 1
2367 6483 30792433 1
2367 6483 30792443 1
2367 6483 30792453 1
2367 6483 30792463 1
2367 6483 30792473 1
2367 6483 30792483 1
2367 6483 30792493 1
2367 6483 30792503 1
2367 6483 30792513 1
2414 6501 30792523 1
2448 6526 30792533 1
2489 6552 30792543 1
2538 6578 30792553 1
2595 6608 30792563 1
2657 6637 30792573 1
2722 6665 30792583 1
2780 6692 30792593 1
2833 6716 30792603 1
2883 6735 30792613 1
2930 6752 30792623 1
2975 6763 30792633 1
3013 6770 30792643 1
3045 6770 30792653 1
3074 6770 30792663 1
3096 6770 30792673 1
3111 6761 30792683 1
3122 6752 30792693 1
3131 6742 30792703 1
3140 6728 30792713 1
3146 6709 30792723 1
3146 6680 30792733 1
3146 6643 30792743 1
3138 6598 30792753 1
3129 6548 30792763 1
3118 6491 30792773 1
3103 6430 30792783 1
3085 6362 30792793 1
3060 6292 30792803 1
3033 6220 30792813 1
3005 6148 30792823 1
2977 6076 30792833 1
2952 6015 30792843 1
2932 5961 30792853 1
2916 5915 30792863 1
2901 5881 30792873 1
2888 5856 30792883 1
2874 5840 30792893 1
2860 5831 30792903 1
2844 5831 30792913 1
2829 5831 30792923 1
2811 5842 30792933 1
2792 5866 30792943 1
2772 5905 30792953 1
2755 5963 30792963 1
2743 6035 30792973 1
2735 6116 30792983 1
2735 6193 30792993 1
2728 6244 30793003 1
2728 6278 30793013 1
2722 6307 30793023 1
2722 6330 30793033 1
2722 6344 30793043 1
2722 6352 30793053 1
2717 6352 30793063 1
2717 6352 30793073 1
2717 6352 30793083 1
2717 6352 30793093 1
2717 6352 30793103 1
2717 6346 30793113 1
2717 6339 30793123 1
2717 6326 30793133 1
2706 6308 30793143 1
2695 6286 30793153 1
2680 6262 30793163 1
2666 6236 30793173 1
2649 6207 30793183 1
2630 6179 30793193 1
2614 6146 30793203 1
2598 6110 30793213 1
2583 6071 30793223 1
2568 6029 30793233 1
2554 5984 30793243 1
2539 5935 30793253 1
2519 5880 30793263 1
2496 5822 30793273 1
2476 5765 30793283 1
2453 5716 30793293 1
2429 5665 30793303 1
2409 5623 30793313 1
2392 5587 30793323 1
2378 5556 30793333 1
2364 5530 30793343 1
2351 5507 30793353 1
2339 5485 30793363 1
2326 5462 30793373 1
2313 5439 30793383 1
2301 5420 30793393 1
2292 5405 30793403 1
2292 5397 30793413 1
2292 5397 30793423 1
2292 5397 30793433 1
2292 5397 30793443 1
2292 5397 30793453 1
2292 5397 30793463 1
2299 5402 30793473 1
2316 5421 30793483 1
2344 5447 30793493 1
2384 5483 30793503 1
2433 5523 30793513 1
2488 5565 30793523 1
2547 5601 30793533 1
2608 5636 30793543 1
2668 5667 30793553 1
2728 5695 30793563 1
2785 5722 30793573 1
2841 5745 30793583 1
2900 5763 30793593 1
2957 5777 30793603 1
3012 5787 30793613 1
3067 5796 30793623 1
3121 5796 30793633 1
3167 5796 30793643 1
3207 5788 30793653 1
3240 5777 30793663 1
3269 5762 30793673 1
3295 5745 30793683 1
3313 5725 30793693 1
3327 5701 30793703 1
3339 5674 30793713 1
3339 5644 30793723 1
3339 5609 30793733 1
3339 5568 30793743 1
3339 5525 30793753 1
3339 5479 30793763 1
3329 5426 30793773 1
3329 5371 30793783 1
3320 5316 30793793 1
3313 5256 30793803 1
3313 5196 30793813 1
3304 5136 30793823 1
3297 5084 30793833 1
3291 5037 30793843 1
3286 4984 30793853 1
3273 4932 30793863 1
3254 4882 30793873 1
3236 4832 30793883 1
3215 4783 30793893 1
3192 4738 30793903 1
3168 4697 30793913 1
3141 4659 30793923 1
3113 4627 30793933 1
3086 4600 30793943 1
3059 4579 30793953 1
3033 4563 30793963 1
3008 4551 30793973 1
2983 4551 30793983 1
2951 4557 30793993 1
2914 4576 30794003 1
2879 4625 30794013 1
2845 4702 30794023 1
2815 4798 30794033 1
2247 4963 30794166 0
2247 4963 30794176 1
2220 4958 30794186 1
2213 4958 30794196 1
2213 4958 30794206 1
2213 4958 30794216 1
2213 4958 30794226 1
2224 4967 30794236 1
2261 4985 30794246 1
2314 5012 30794256 1
2395 5055 30794266 1
2500 5108 30794276 1
2621 5167 30794286 1
2750 5230 30794296 1
2852 5290 30794306 1
2936 5344 30794316 1
3002 5392 30794326 1
4547 6953 30794746 0
4547 6953 30794756 1
4547 6953 30794766 1
4547 6953 30794776 1
4547 6953 30794786 1
4547 6953 30794796 1
4547 6953 30794806 1
4528 6909 30794816 1
4523 6854 30794826 1
4523 6800 30794836 1
4523 6746 30794846 1
4523 6666 30794856 1
4516 6600 30794866 1
4516 6543 30794876 1
4516 6462 30794886 1
4516 6380 30794896 1
4516 6310 30794906 1
4516 6249 30794916 1
4522 6201 30794926 1
4522 6168 30794936 1
4522 6146 30794946 1
4522 6137 30794956 1
4522 6137 30794966 1
4522 6137 30794976 1
4522 6137 30794986 1
4522 6137 30794996 1
4522 6137 30795006 1
4522 6137 30795016 1
4522 6144 30795026 1
4522 6152 30795036 1
4517 6167 30795046 1
4517 6186 30795056 1
4517 6216 30795066 1
4540 6265 30795076 1
4571 6326 30795086 1
4616 6386 30795096 1
4666 6449 30795106 1
4728 6513 30795116 1
4796 6559 30795126 1
4865 6603 30795136 1
4937 6642 30795146 1
5018 6677 30795156 1
5106 6709 30795166 1
5197 6734 30795176 1
5285 6752 30795186 1
5348 6760 30795196 1
5396 6760 30795206 1
5427 6752 30795216 1
5446 6740 30795226 1
5457 6722 30795236 1
5457 6694 30795246 1
5435 6659 30795256 1
5405 6614 30795266 1
5356 6562 30795276 1
5296 6506 30795286 1
5229 6447 30795296 1
5154 6388 30795306 1
5098 6350 30795316 1
5054 6326 30795326 1
5029 6318 30795336 1
5006 6318 30795346 1
4989 6333 30795356 1
4977 6360 30795366 1
4977 6397 30795376 1
4977 6441 30795386 1
4995 6474 30795396 1
5006 6503 30795406 1
5015 6524 30795416 1
5020 6538 30795426 1
5025 6548 30795436 1
5025 6553 30795446 1
5025 6553 30795456 1
5025 6553 30795466 1
5025 6553 30795476 1
5025 6546 30795486 1
5025 6534 30795496 1
5025 6512 30795506 1
5015 6482 30795516 1
5007 6445 30795526 1
4997 6405 30795536 1
4986 6364 30795546 1
4969 6316 30795556 1
4953 6269 30795566 1
4938 6223 30795576 1
4923 6179 30795586 1
4909 6138 30795596 1
4895 6103 30795606 1
4883 6072 30795616 1
4874 6050 30795626 1
4867 6034 30795636 1
4861 6023 30795646 1
4861 6012 30795656 1
4855 6012 30795666 1
4855 6012 30795676 1
4855 6012 30795686 1
4855 6012 30795696 1
4855 6007 30795706 1
4855 6007 30795716 1
4855 6007 30795726 1
4855 6007 30795736 1
4855 6007 30795746 1
4855 6007 30795756 1
4855 6016 30795766 1
4855 6024 30795776 1
4871 6045 30795786 1
4893 6070 30795796 1
4924 6099 30795806 1
4960 6124 30795816 1
4997 6147 30795826 1
5035 6164 30795836 1
5064 6174 30795846 1
5087 6174 30795856 1
5104 6174 30795866 1
5122 6168 30795876 1
5134 6159 30795886 1
5141 6147 30795896 1
5146 6131 30795906 1
5146 6109 30795916 1
5139 6081 30795926 1
5128 6048 30795936 1
5109 6010 30795946 1
5085 5967 30795956 1
5059 5918 30795966 1
5029 5863 30795976 1
4997 5804 30795986 1
4966 5750 30795988 1
4936 5702 30795998 1
4910 5657 30796008 1
4884 5615 30796018 1
4860 5576 30796028 1
4837 5538 30796038 1
4819 5506 30796048 1
4807 5490 30796058 1
4807 5485 30796068 1
4807 5485 30796078 1
4807 5485 30796088 1
4807 5485 30796098 1
4807 5485 30796108 1
4820 5501 30796118 1
4836 5523 30796128 1
4856 5547 30796138 1
4882 5575 30796148 1
4911 5605 30796158 1
4947 5638 30796168 1
4983 5669 30796178 1
5019 5699 30796188 1
5057 5722 30796198 1
5094 5742 30796208 1
5125 5753 30796218 1
5152 5758 30796228 1
5165 5758 30796238 1
5174 5752 30796248 1
5180 5745 30796258 1
5186 5731 30796268 1
5186 5715 30796278 1
5186 5696 30796288 1
5176 5674 30796298 1
5163 5648 30796308 1
5146 5616 30796318 1
5124 5581 30796328 1
5099 5541 30796338 1
5072 5500 30796348 1
5046 5455 30796358 1
5019 5407 30796368 1
4991 5355 30796378 1
4972 5312 30796388 1
4955 5275 30796398 1
4943 5255 30796408 1
4936 5242 30796418 1
4936 5234 30796428 1
4936 5234 30796438 1
4936 5234 30796448 1
4936 5234 30796458 1
4936 5234 30796468 1
4936 5240 30796478 1
4962 5266 30796488 1
5001 5306 30796498 1
5051 5358 30796508 1
5108 5405 30796518 1
5166 5441 30796528 1
5228 5463 30796538 1
5289 5477 30796548 1
5346 5477 30796558 1
5400 5477 30796568 1
5450 5461 30796578 1
5491 5442 30796588 1
5526 5404 30796598 1
5554 5353 30796608 1
5563 5278 30796618 1
5563 5183 30796628 1
5534 5074 30796638 1
5491 4934 30796648 1
5436 4792 30796658 1
5370 4648 30796668 1
5280 4516 30796678 1
5175 4380 30796688 1
5059 4235 30796698 1
4944 4105 30796708 1
4832 3985 30796718 1
4720 3889 30796728 1
4633 3827 30796738 1
4563 3787 30796748 1
4508 3773 30796758 1
4467 3790 30796768 1
4436 3827 30796778 1
4413 3899 30796788 1
4395 4002 30796798 1
4385 4127 30796808 1
4380 4257 30796818 1
4375 4349 30796828 1
4364 4415 30796838 1
4351 4455 30796848 1
4339 4492 30796858 1
4327 4523 30796868 1
4321 4556 30796878 1
4321 4592 30796888 1
4341 4630 30796898 1
4375 4656 30796908 1
4436 4664 30796918 1
4530 4664 30796928 1
4646 4635 30796938 1
4778 4609 30796948 1
4898 4583 30796958 1
5005 4565 30796968 1
5116 4551 30796978 1
5207 4545 30796988 1
5068 5461 30797180 0
5190 5259 30797190 1
5182 5177 30797200 1
5177 5081 30797210 1
