326
3068 6595 30758715 0
2988 6561 30758725 1
2978 6605 30758735 1
2978 6624 30758745 1
2987 6624 30758755 1
3015 6651 30758765 1
3054 6682 30758775 1
3115 6718 30758785 1
3187 6756 30758795 1
3267 6793 30758805 1
3335 6829 30758815 1
3392 6850 30758825 1
3441 6870 30758835 1
3483 6870 30758845 1
3515 6863 30758855 1
3540 6834 30758865 1
3566 6782 30758875 1
3577 6715 30758885 1
3577 6620 30758895 1
3560 6510 30758905 1
3535 6390 30758915 1
3506 6284 30758925 1
3481 6199 30758935 1
3457 6128 30758945 1
3435 6075 30758955 1
3418 6044 30758965 1
3406 6027 30758975 1
3397 6022 30758985 1
3378 6033 30758995 1
3351 6056 30759005 1
3332 6103 30759015 1
3318 6170 30759015 1
3312 6251 30759025 1
3312 6313 30759035 1
3312 6358 30759045 1
3312 6391 30759055 1
3312 6415 30759065 1
3317 6426 30759075 1
3317 6426 30759085 1
3317 6426 30759095 1
3317 6426 30759105 1
3317 6426 30759115 1
3317 6426 30759125 1
3317 6426 30759135 1
3317 6419 30759145 1
3311 6407 30759155 1
3311 6390 30759165 1
3297 6367 30759175 1
3283 6337 30759185 1
3268 6300 30759195 1
3245 6252 30759205 1
3217 6195 30759215 1
3190 6130 30759225 1
3162 6064 30759235 1
3130 5991 30759245 1
3096 5913 30759255 1
3060 5830 30759265 1
3024 5750 30759275 1
2988 5678 30759285 1
2953 5609 30759295 1
2921 5548 30759305 1
2895 5490 30759315 1
2874 5435 30759325 1
2858 5394 30759335 1
2849 5368 30759345 1
2849 5352 30759355 1
2843 5344 30759365 1
2843 5344 30759375 1
2843 5344 30759385 1
2843 5344 30759395 1
2848 5344 30759405 1
2856 5351 30759415 1
2883 5376 30759425 1
2921 5422 30759435 1
2974 5481 30759445 1
3046 5542 30759455 1
3131 5604 30759465 1
3216 5667 30759475 1
3293 5708 30759485 1
3365 5747 30759495 1
3435 5781 30759505 1
3497 5807 30759515 1
3554 5829 30759525 1
3599 5836 30759535 1
3639 5836 30759545 1
3675 5827 30759555 1
3707 5807 30759565 1
3733 5779 30759575 1
3756 5740 30759585 1
3773 5696 30759595 1
3784 5643 30759605 1
3791 5578 30759615 1
3791 5505 30759625 1
3791 5430 30759635 1
3791 5350 30759645 1
3785 5260 30759655 1
3775 5169 30759665 1
3763 5079 30759675 1
3745 4990 30759685 1
3721 4901 30759695 1
3693 4810 30759705 1
3667 4735 30759715 1
3640 4672 30759725 1
3613 4624 30759735 1
3588 4592 30759745 1
3562 4571 30759755 1
3534 4553 30759765 1
3504 4543 30759775 1
3467 4543 30759785 1
3427 4543 30759795 1
3385 4560 30759805 1
3333 4590 30759815 1
3276 4646 30759825 1
3215 4730 30759835 1
2603 4888 30759946 0
2576 4870 30759956 1
2566 4870 30759966 1
2566 4870 30759976 1
2561 4870 30759986 1
2561 4870 30759996 1
2579 4870 30760006 1
2617 4870 30760016 1
2667 4884 30760026 1
2735 4912 30760036 1
2824 4951 30760046 1
2927 5002 30760056 1
3054 5053 30760066 1
3181 5102 30760076 1
3307 5156 30760086 1
3408 5214 30760096 1
4802 6890 30760617 0
4802 6890 30760627 1
4802 6890 30760637 1
4802 6890 30760647 1
4802 6890 30760657 1
4777 6885 30760667 1
4777 6878 30760677 1
4777 6863 30760687 1
4771 6835 30760697 1
4771 6796 30760707 1
4781 6751 30760717 1
4781 6690 30760727 1
4788 6618 30760737 1
4788 6529 30760747 1
4788 6434 30760757 1
4788 6334 30760767 1
4783 6250 30760777 1
4776 6190 30760787 1
4776 6145 30760797 1
4776 6109 30760807 1
4776 6088 30760817 1
4776 6077 30760827 1
4776 6077 30760837 1
4776 6077 30760847 1
4776 6077 30760857 1
4776 6083 30760867 1
4776 6113 30760877 1
4792 6160 30760887 1
4811 6220 30760897 1
4832 6289 30760907 1
4870 6365 30760917 1
4910 6441 30760918 1
4957 6516 30760928 1
5013 6585 30760938 1
5075 6638 30760948 1
5142 6682 30760958 1
5211 6718 30760968 1
5267 6737 30760978 1
5315 6746 30760988 1
5350 6746 30760998 1
5376 6736 30761008 1
5395 6716 30761018 1
5405 6687 30761028 1
5405 6646 30761038 1
5387 6593 30761048 1
5358 6531 30761058 1
5324 6472 30761068 1
5286 6413 30761078 1
5247 6354 30761088 1
5210 6307 30761098 1
5173 6267 30761108 1
5136 6234 30761118 1
5103 6209 30761128 1
5075 6190 30761138 1
5052 6178 30761148 1
5034 6171 30761158 1
5018 6171 30761168 1
5004 6171 30761178 1
4995 6171 30761188 1
4988 6171 30761198 1
4983 6171 30761208 1
4983 6183 30761218 1
4983 6190 30761228 1
4983 6208 30761238 1
4991 6234 30761248 1
5006 6261 30761258 1
5023 6286 30761268 1
5043 6309 30761278 1
5064 6332 30761288 1
5086 6351 30761298 1
5109 6367 30761308 1
5126 6376 30761318 1
5139 6376 30761328 1
5149 6376 30761338 1
5159 6365 30761348 1
5169 6355 30761358 1
5175 6344 30761368 1
5175 6330 30761378 1
5180 6316 30761388 1
5180 6297 30761398 1
5175 6274 30761408 1
5164 6246 30761418 1
5147 6212 30761428 1
5125 6169 30761438 1
5102 6121 30761448 1
5077 6071 30761458 1
5050 6020 30761468 1
5025 5971 30761478 1
5002 5919 30761488 1
4980 5867 30761498 1
4961 5819 30761508 1
4942 5777 30761518 1
4923 5740 30761528 1
4911 5716 30761538 1
4901 5700 30761548 1
4901 5690 30761558 1
4896 5690 30761568 1
4896 5690 30761578 1
4896 5690 30761588 1
4896 5690 30761598 1
4901 5700 30761608 1
4924 5718 30761618 1
4959 5764 30761628 1
5008 5815 30761638 1
5056 5869 30761648 1
5103 5907 30761658 1
5150 5942 30761668 1
5192 5967 30761679 1
5230 5984 30761689 1
5254 5990 30761699 1
5270 5990 30761709 1
5280 5978 30761719 1
5285 5966 30761729 1
5285 5935 30761739 1
5273 5894 30761749 1
5255 5847 30761759 1
5231 5797 30761769 1
5204 5745 30761779 1
5173 5694 30761789 1
5142 5644 30761799 1
5112 5597 30761809 1
5083 5551 30761819 1
5053 5505 30761829 1
5023 5467 30761839 1
5003 5434 30761849 1
4987 5416 30761859 1
4979 5407 30761869 1
4979 5407 30761879 1
4979 5400 30761889 1
4979 5400 30761899 1
4979 5400 30761909 1
4984 5413 30761919 1
5003 5439 30761929 1
5031 5476 30761939 1
5068 5510 30761949 1
5106 5543 30761959 1
5149 5572 30761969 1
5198 5598 30761979 1
5250 5620 30761989 1
5295 5635 30761999 1
5334 5641 30762009 1
5363 5641 30762019 1
5388 5633 30762029 1
5410 5619 30762039 1
5433 5600 30762049 1
5451 5578 30762059 1
5465 5538 30762069 1
5465 5486 30762079 1
5454 5425 30762089 1
5441 5360 30762099 1
5419 5287 30762109 1
5390 5210 30762119 1
5356 5145 30762129 1
5316 5079 30762139 1
5268 5012 30762149 1
5214 4944 30762159 1
5160 4875 30762169 1
5108 4807 30762179 1
5063 4747 30762189 1
5022 4692 30762199 1
4978 4642 30762209 1
4931 4586 30762219 1
4869 4514 30762229 1
4801 4434 30762239 1
4730 4361 30762249 1
4659 4288 30762259 1
4590 4226 30762269 1
4523 4172 30762279 1
4460 4143 30762289 1
4413 4143 30762299 1
4375 4166 30762309 1
4356 4211 30762319 1
4351 4268 30762329 1
4351 4334 30762339 1
4362 4405 30762349 1
4372 4482 30762359 1
4387 4563 30762369 1
4402 4646 30762379 1
4409 4725 30762389 1
4409 4778 30762399 1
4421 4815 30762409 1
4430 4831 30762419 1
4441 4843 30762429 1
4457 4843 30762439 1
4496 4843 30762449 1
4549 4837 30762459 1
4639 4837 30762469 1
4740 4849 30762479 1
4847 4849 30762489 1
4928 4856 30762499 1
4980 5588 30762730 0
5089 5504 30762740 1
5078 5447 30762750 1
5119 5394 30762760 1
5160 5339 30762770 1
5196 5286 30762780 1
