343
2579 6574 30861412 0
2501 6451 30861422 1
2439 6468 30861432 1
2410 6468 30861442 1
2384 6455 30861452 1
2378 6455 30861462 1
2383 6461 30861472 1
2383 6461 30861482 1
2392 6474 30861492 1
2408 6493 30861502 1
2428 6512 30861512 1
2467 6546 30861522 1
2518 6589 30861532 1
2593 6640 30861542 1
2684 6695 30861552 1
2785 6753 30861562 1
2879 6804 30861572 1
2964 6832 30861582 1
3042 6845 30861592 1
3106 6834 30861602 1
3155 6803 30861612 1
3193 6758 30861622 1
3217 6700 30861632 1
3225 6636 30861642 1
3225 6560 30861652 1
3207 6474 30861662 1
3170 6376 30861672 1
3119 6270 30861682 1
3062 6175 30861692 1
3008 6093 30861702 1
2961 6020 30861712 1
2934 5977 30861722 1
2920 5955 30861732 1
2911 5947 30861742 1
2902 5952 30861752 1
2894 5970 30861762 1
2886 5996 30861772 1
2886 6053 30861782 1
2891 6124 30861792 1
2899 6204 30861802 1
2907 6279 30861812 1
2929 6436 30861843 0
2937 6479 30861853 1
2937 6479 30861863 1
2937 6479 30861873 1
2931 6479 30861883 1
2931 6479 30861893 1
2922 6470 30861903 1
2914 6443 30861913 1
2903 6404 30861923 1
2891 6362 30861933 1
2878 6318 30861943 1
2865 6269 30861953 1
2846 6215 30861963 1
2823 6156 30861973 1
2799 6094 30861983 1
2771 6030 30861993 1
2740 5967 30862003 1
2711 5907 30862013 1
2681 5849 30862023 1
2653 5794 30862033 1
2627 5751 30862043 1
2609 5715 30862053 1
2594 5689 30862063 1
2586 5673 30862073 1
2586 5665 30862083 1
2586 5665 30862093 1
2586 5665 30862103 1
2586 5665 30862113 1
2598 5672 30862123 1
2619 5681 30862133 1
2659 5704 30862143 1
2712 5737 30862153 1
2767 5776 30862163 1
2825 5817 30862173 1
2893 5856 30862183 1
2961 5895 30862193 1
3029 5920 30862203 1
3107 5939 30862213 1
3185 5950 30862223 1
3255 5945 30862233 1
3320 5929 30862243 1
3384 5903 30862253 1
3441 5871 30862263 1
3493 5828 30862273 1
3540 5777 30862283 1
3575 5718 30862293 1
3603 5647 30862303 1
3621 5569 30862313 1
3621 5485 30862323 1
3621 5383 30862333 1
3589 5268 30862343 1
3545 5139 30862353 1
3491 5005 30862363 1
3437 4865 30862373 1
3385 4727 30862383 1
3335 4615 30862393 1
3285 4520 30862403 1
3230 4433 30862413 1
3171 4362 30862423 1
3110 4303 30862433 1
3052 4272 30862443 1
2998 4272 30862453 1
2947 4295 30862463 1
2895 4364 30862473 1
2554 4826 30862544 0
2487 4852 30862554 1
2448 4867 30862564 1
2404 4878 30862574 1
2386 4885 30862584 1
2374 4891 30862594 1
2374 4891 30862604 1
2397 4891 30862614 1
2435 4917 30862624 1
2530 4955 30862634 1
2658 5022 30862644 1
2807 5098 30862654 1
2942 5181 30862664 1
3079 5224 30862674 1
3216 5305 30862684 1
4487 6758 30863145 0
4487 6758 30863155 1
4487 6758 30863165 1
4453 6773 30863175 1
4444 6773 30863185 1
4434 6773 30863195 1
4425 6773 30863205 1
4425 6773 30863215 1
4425 6773 30863225 1
4425 6773 30863235 1
4425 6760 30863245 1
4434 6741 30863255 1
4441 6715 30863265 1
4449 6674 30863275 1
4457 6624 30863285 1
4466 6573 30863295 1
4478 6512 30863305 1
4491 6444 30863315 1
4508 6381 30863325 1
4528 6328 30863335 1
4549 6281 30863345 1
4570 6246 30863355 1
4588 6223 30863365 1
4600 6207 30863375 1
4606 6199 30863385 1
4606 6199 30863395 1
4606 6199 30863405 1
4606 6199 30863415 1
4606 6199 30863425 1
4595 6207 30863435 1
4584 6220 30863445 1
4571 6239 30863455 1
4558 6266 30863465 1
4549 6298 30863475 1
4549 6340 30863485 1
4549 6381 30863495 1
4549 6420 30863505 1
4559 6453 30863515 1
4573 6483 30863525 1
4606 6515 30863535 1
4650 6557 30863545 1
4724 6604 30863555 1
4806 6649 30863565 1
4894 6690 30863575 1
4973 6720 30863585 1
5045 6739 30863595 1
5113 6739 30863605 1
5173 6734 30863615 1
5219 6722 30863625 1
5256 6707 30863635 1
5277 6688 30863645 1
5284 6666 30863655 1
5284 6642 30863665 1
5268 6613 30863675 1
5237 6578 30863685 1
5193 6537 30863695 1
5135 6495 30863705 1
5076 6452 30863715 1
5015 6418 30863725 1
4964 6406 30863735 1
4927 6406 30863745 1
4899 6431 30863755 1
4876 6463 30863765 1
4856 6501 30863775 1
4845 6519 30863785 1
4839 6533 30863795 1
4839 6538 30863805 1
4839 6538 30863815 1
4839 6538 30863825 1
4839 6526 30863835 1
4849 6499 30863845 1
4854 6464 30863855 1
4854 6424 30863865 1
4854 6386 30863875 1
4854 6355 30863885 1
4854 6328 30863895 1
4854 6300 30863905 1
4854 6279 30863906 1
4854 6279 30863916 1
4854 6279 30863926 1
4854 6279 30863936 1
4859 6250 30863946 1
4868 6266 30863956 1
4892 6310 30863966 1
4968 6460 30864006 0
4997 6507 30864016 1
5003 6507 30864026 1
5003 6507 30864036 1
5010 6507 30864046 1
5010 6507 30864056 1
5015 6494 30864066 1
5015 6478 30864076 1
5007 6448 30864086 1
4996 6409 30864096 1
4981 6364 30864106 1
4962 6318 30864116 1
4941 6268 30864126 1
4916 6220 30864136 1
4892 6173 30864146 1
4868 6124 30864156 1
4846 6077 30864166 1
4824 6042 30864176 1
4809 6016 30864186 1
4798 6000 30864196 1
4798 5993 30864206 1
4792 5993 30864216 1
4792 5993 30864226 1
4792 5993 30864236 1
4792 5993 30864246 1
4792 5993 30864256 1
4799 5993 30864266 1
4811 6012 30864276 1
4836 6036 30864286 1
4869 6066 30864296 1
4904 6090 30864306 1
4937 6114 30864316 1
4968 6132 30864326 1
4994 6145 30864336 1
5015 6151 30864346 1
5031 6151 30864356 1
5042 6151 30864366 1
5050 6144 30864376 1
5059 6132 30864386 1
5059 6114 30864396 1
5059 6087 30864406 1
5046 6046 30864416 1
5024 5997 30864426 1
4997 5940 30864436 1
4969 5880 30864446 1
4939 5818 30864456 1
4909 5758 30864466 1
4881 5705 30864476 1
4856 5655 30864486 1
4835 5612 30864496 1
4819 5584 30864506 1
4811 5565 30864516 1
4805 5555 30864526 1
4805 5555 30864536 1
4805 5555 30864546 1
4805 5555 30864556 1
4813 5571 30864566 1
4825 5596 30864576 1
4849 5630 30864586 1
4876 5662 30864596 1
4902 5688 30864606 1
4927 5711 30864616 1
4953 5731 30864626 1
4978 5749 30864636 1
5002 5762 30864646 1
5020 5769 30864656 1
5034 5769 30864666 1
5043 5769 30864676 1
5052 5758 30864686 1
5052 5744 30864696 1
5052 5722 30864706 1
5043 5690 30864716 1
5027 5652 30864726 1
5005 5611 30864736 1
4986 5570 30864746 1
4968 5535 30864756 1
4953 5504 30864766 1
4941 5475 30864776 1
4928 5456 30864786 1
4923 5445 30864796 1
4918 5440 30864806 1
4918 5440 30864816 1
4918 5440 30864826 1
4918 5440 30864836 1
4918 5440 30864846 1
4926 5454 30864856 1
4951 5474 30864866 1
4987 5508 30864876 1
5030 5543 30864886 1
5077 5578 30864896 1
5129 5598 30864906 1
5185 5613 30864916 1
5239 5620 30864926 1
5284 5620 30864936 1
5323 5607 30864946 1
5354 5588 30864956 1
5376 5564 30864966 1
5391 5524 30864976 1
5398 5473 30864986 1
5387 5398 30864996 1
5364 5297 30865006 1
5323 5179 30865016 1
5263 5047 30865026 1
5189 4896 30865036 1
5104 4733 30865046 1
5017 4600 30865056 1
4929 4487 30865066 1
4846 4388 30865076 1
4763 4315 30865086 1
4665 4254 30865096 1
4556 4202 30865106 1
4472 4192 30865116 1
4411 4244 30865126 1
4334 4859 30865188 0
4350 4981 30865198 1
4359 5034 30865208 1
4384 5077 30865218 1
4416 5114 30865228 1
4458 5143 30865238 1
4521 5153 30865248 1
4597 5153 30865258 1
4700 5123 30865268 1
4807 5075 30865278 1
4917 5014 30865288 1
5016 4957 30865298 1
5117 4913 30865308 1
5207 4877 30865318 1
5290 4845 30865328 1
5344 4831 30865338 1
5370 4831 30865348 1
5378 4839 30865358 1
5091 5668 30865458 0
5099 5730 30865468 1
5099 5743 30865478 1
5116 5743 30865488 1
5142 5736 30865498 1
5169 5697 30865508 1
5200 5638 30865518 1
5239 5587 30865528 1
