205
3003 5239 50963818 0
2930 5171 50963828 1
2895 5256 50963838 1
2895 5294 50963848 1
2917 5360 50963858 1
2981 5445 50963868 1
3095 5532 50963878 1
3243 5616 50963888 1
3408 5694 50963898 1
3597 5749 50963908 1
3802 5791 50963918 1
3977 5804 50963928 1
4122 5767 50963938 1
4247 5697 50963948 1
4308 5589 50963958 1
4308 5443 50963968 1
4270 5273 50963978 1
4172 5111 50963988 1
4048 4967 50963998 1
3907 4834 50964008 1
3777 4744 50964018 1
3650 4725 50964028 1
3577 4754 50964038 1
3539 4870 50964048 1
3553 5029 50964058 1
3613 5218 50964068 1
3704 5390 50964078 1
3804 5511 50964088 1
3861 5598 50964098 1
3888 5608 50964108 1
3899 5574 50964118 1
3884 5510 50964128 1
3851 5364 50964138 1
3784 5190 50964148 1
3690 4997 50964158 1
3577 4799 50964168 1
3490 4634 50964178 1
3430 4492 50964188 1
3387 4377 50964198 1
3400 4306 50964208 1
3460 4265 50964218 1
3550 4256 50964228 1
3704 4283 50964238 1
3879 4335 50964248 1
4069 4387 50964258 1
4266 4407 50964268 1
4393 4407 50964278 1
4474 4356 50964288 1
4500 4259 50964298 1
4466 4132 50964308 1
4393 3977 50964318 1
4258 3799 50964328 1
4092 3605 50964338 1
3904 3438 50964348 1
3724 3290 50964358 1
3546 3156 50964368 1
3369 3082 50964378 1
3227 3059 50964388 1
3120 3069 50964398 1
3036 3117 50964408 1
3002 3205 50964418 1
3024 3319 50964428 1
3083 3465 50964438 1
3203 3627 50964448 1
3358 3800 50964458 1
3535 3985 50964468 1
5651 5864 50964729 0
5594 5865 50964739 1
5549 5909 50964749 1
5528 5893 50964759 1
5533 5874 50964769 1
5556 5838 50964779 1
5584 5793 50964789 1
5625 5742 50964799 1
5674 5691 50964809 1
5724 5639 50964819 1
5763 5592 50964829 1
5794 5548 50964839 1
5805 5515 50964849 1
5805 5501 50964859 1
5805 5501 50964869 1
5785 5511 50964879 1
5750 5542 50964889 1
5707 5587 50964899 1
5683 5647 50964909 1
5688 5711 50964919 1
5713 5778 50964929 1
5785 5846 50964939 1
5881 5909 50964949 1
5992 5946 50964959 1
6112 5969 50964969 1
6232 5969 50964979 1
6352 5956 50964989 1
6438 5929 50964999 1
6504 5884 50965009 1
6546 5829 50965019 1
6562 5768 50965029 1
6562 5710 50965039 1
6537 5651 50965049 1
6490 5591 50965059 1
6428 5534 50965069 1
6353 5498 50965079 1
6301 5476 50965089 1
6264 5476 50965099 1
6240 5509 50965109 1
6232 5554 50965119 1
6232 5620 50965130 1
6264 5688 50965140 1
6297 5758 50965150 1
6321 5806 50965160 1
6337 5821 50965170 1
6332 5814 50965180 1
6324 5803 50965190 1
6315 5764 50965200 1
6281 5706 50965210 1
6227 5634 50965220 1
6159 5548 50965230 1
6098 5453 50965240 1
6039 5356 50965250 1
6001 5293 50965260 1
5975 5253 50965270 1
5975 5241 50965280 1
5987 5241 50965290 1
6012 5241 50965300 1
6069 5274 50965310 1
6145 5329 50965320 1
6233 5400 50965330 1
6309 5459 50965340 1
6348 5486 50965350 1
6362 5492 50965360 1
6362 5487 50965370 1
6349 5446 50965380 1
6327 5382 50965390 1
6270 5285 50965400 1
6197 5187 50965410 1
6112 5087 50965420 1
6033 4988 50965430 1
5957 4889 50965440 1
5888 4805 50965450 1
5839 4731 50965460 1
5803 4687 50965470 1
5791 4662 50965480 1
5791 4651 50965490 1
5804 4651 50965500 1
5833 4657 50965510 1
5891 4677 50965520 1
5968 4733 50965530 1
6070 4795 50965540 1
6176 4861 50965550 1
6287 4909 50965560 1
6395 4931 50965570 1
6496 4936 50965580 1
6594 4925 50965590 1
6683 4908 50965600 1
6759 4870 50965610 1
6825 4821 50965620 1
6866 4747 50965630 1
6871 4644 50965640 1
6853 4521 50965650 1
6780 4351 50965660 1
6682 4148 50965670 1
6568 3922 50965680 1
6431 3683 50965690 1
6288 3482 50965700 1
6141 3306 50965710 1
6009 3136 50965720 1
5880 3006 50965730 1
5745 2898 50965740 1
5605 2806 50965750 1
5486 2750 50965760 1
5417 2757 50965770 1
5382 2805 50965780 1
5420 4120 50965871 0
5349 4184 50965881 1
5291 4215 50965891 1
5216 4235 50965901 1
5208 4235 50965911 1
5228 4224 50965921 1
5266 4242 50965931 1
5376 4282 50965941 1
5537 4336 50965951 1
5731 4410 50965961 1
5951 4487 50965971 1
6157 4565 50965981 1
6354 4629 50965991 1
6528 4691 50966001 1
6678 4748 50966011 1
6811 4799 50966021 1
6903 4846 50966031 1
6942 4878 50966041 1
6942 4902 50966051 1
6923 4934 50966061 1
6625 5053 50966111 0
6520 5115 50966121 1
6483 5149 50966131 1
6463 5168 50966141 1
6455 5180 50966151 1
6455 5180 50966161 1
6455 5155 50966171 1
6449 5113 50966181 1
6429 5028 50966191 1
6398 4931 50966201 1
6359 4827 50966211 1
6322 4731 50966221 1
6285 4650 50966231 1
