144
4831 4819 68887404 0
4788 4737 68887414 1
4761 4747 68887424 1
4784 4784 68887434 1
4851 4863 68887444 1
4947 4967 68887454 1
5049 5089 68887464 1
5196 5194 68887474 1
5374 5307 68887484 1
5517 5426 68887494 1
5623 5441 68887504 1
5703 5370 68887514 1
5730 5242 68887524 1
5714 5097 68887534 1
5669 4950 68887544 1
5587 4797 68887554 1
5493 4688 68887564 1
5392 4610 68887574 1
5305 4590 68887584 1
5305 4590 68887605 0
5228 4818 68887615 1
5222 4926 68887625 1
5222 4961 68887635 1
5222 4949 68887645 1
5198 4863 68887655 1
5161 4715 68887665 1
5120 4527 68887675 1
5079 4344 68887685 1
5033 4156 68887695 1
4983 4043 68887705 1
4972 3982 68887715 1
4996 3982 68887725 1
5042 4022 68887735 1
5148 4097 68887745 1
5299 4215 68887755 1
5480 4295 68887765 1
5671 4351 68887775 1
5830 4306 68887785 1
5968 4189 68887795 1
6022 4025 68887805 1
6027 3854 68887815 1
6000 3679 68887825 1
5917 3501 68887835 1
5809 3359 68887845 1
5685 3264 68887855 1
5579 3201 68887865 1
5496 3187 68887875 1
5427 3212 68887885 1
4892 3573 68887945 0
4886 3599 68887955 1
4938 3653 68887965 1
5003 3734 68887975 1
5163 3859 68887985 1
5347 3978 68887995 1
6219 5522 68888215 0
6229 5614 68888225 1
6275 5664 68888235 1
6383 5689 68888245 1
6509 5678 68888255 1
6667 5643 68888265 1
6845 5592 68888275 1
6981 5541 68888285 1
7105 5511 68888295 1
7220 5495 68888305 1
7283 5482 68888315 1
7310 5482 68888325 1
7310 5482 68888335 1
7310 5482 68888345 1
7284 5502 68888355 1
7241 5536 68888365 1
7207 5609 68888375 1
7179 5721 68888385 1
7185 5859 68888395 1
7211 6021 68888405 1
7293 6138 68888415 1
7380 6226 68888425 1
7473 6260 68888435 1
7566 6251 68888445 1
7631 6213 68888455 1
7677 6116 68888465 1
7651 5983 68888475 1
7602 5827 68888485 1
7537 5700 68888495 1
7432 5573 68888505 1
7336 5491 68888515 1
7246 5440 68888525 1
7208 5455 68888535 1
7199 5524 68888545 1
7210 5630 68888555 1
7246 5759 68888565 1
7283 5852 68888575 1
7324 5922 68888585 1
7350 5929 68888595 1
7366 5865 68888605 1
7348 5754 68888615 1
7293 5611 68888625 1
7212 5441 68888635 1
7117 5254 68888646 1
7026 5121 68888656 1
6991 5064 68888666 1
6991 5059 68888676 1
7016 5084 68888686 1
7092 5158 68888696 1
7201 5264 68888706 1
7324 5366 68888716 1
7429 5389 68888726 1
7460 5359 68888736 1
7448 5236 68888746 1
7370 5058 68888756 1
7233 4844 68888766 1
7057 4600 68888776 1
6895 4397 68888786 1
6790 4221 68888796 1
6723 4146 68888806 1
6762 4154 68888816 1
6900 4218 68888826 1
7104 4341 68888836 1
7336 4415 68888846 1
7509 4457 68888856 1
7643 4353 68888866 1
7650 4148 68888876 1
7563 3877 68888886 1
7412 3528 68888896 1
7151 3173 68888906 1
6910 2815 68888916 1
6682 2542 68888926 1
6528 2400 68888936 1
6468 2346 68888946 1
6468 2398 68888956 1
6596 4060 68889047 0
6612 3972 68889057 1
6595 3939 68889067 1
6682 3897 68889077 1
6817 3852 68889087 1
6983 3852 68889097 1
7180 3873 68889107 1
7383 3928 68889117 1
7526 3962 68889127 1
7626 3982 68889137 1
7393 4109 68889207 0
7326 4158 68889217 1
7276 4173 68889227 1
7276 4209 68889237 1
7238 4095 68889247 1
