372
2642 6090 30877766 0
2642 6090 30877776 1
2616 6084 30877786 1
2610 6084 30877796 1
2601 6075 30877806 1
2591 6070 30877816 1
2586 6070 30877826 1
2586 6070 30877836 1
2586 6070 30877846 1
2586 6070 30877856 1
2586 6070 30877866 1
2586 6070 30877876 1
2586 6070 30877886 1
2597 6082 30877896 1
2612 6099 30877906 1
2633 6121 30877916 1
2660 6147 30877926 1
2698 6179 30877936 1
2744 6216 30877946 1
2809 6267 30877956 1
2885 6324 30877966 1
2976 6384 30877976 1
3067 6435 30877986 1
3158 6466 30877996 1
3235 6483 30878006 1
3302 6483 30878016 1
3353 6474 30878026 1
3393 6445 30878036 1
3426 6402 30878046 1
3447 6343 30878056 1
3456 6282 30878066 1
3456 6215 30878076 1
3437 6143 30878086 1
3395 6062 30878096 1
3338 5974 30878106 1
3270 5885 30878116 1
3203 5795 30878126 1
3139 5731 30878136 1
3078 5684 30878146 1
3022 5645 30878156 1
2981 5618 30878166 1
2948 5599 30878176 1
2924 5594 30878186 1
2903 5594 30878196 1
2889 5603 30878206 1
2879 5624 30878216 1
2879 5660 30878226 1
2879 5705 30878236 1
2888 5751 30878246 1
2896 5796 30878256 1
2907 5838 30878266 1
2920 5879 30878276 1
2933 5914 30878286 1
2945 5940 30878296 1
2957 5959 30878306 1
2963 5971 30878316 1
2963 5971 30878326 1
2963 5971 30878336 1
2963 5971 30878346 1
2963 5971 30878356 1
2963 5963 30878366 1
2963 5945 30878376 1
2957 5911 30878386 1
2943 5868 30878396 1
2924 5808 30878406 1
2899 5751 30878416 1
2870 5695 30878426 1
2845 5635 30878436 1
2820 5577 30878446 1
2796 5520 30878456 1
2773 5465 30878466 1
2754 5417 30878476 1
2738 5374 30878486 1
2724 5334 30878496 1
2713 5307 30878506 1
2705 5291 30878516 1
2705 5283 30878526 1
2705 5283 30878536 1
2705 5283 30878546 1
2705 5283 30878556 1
2715 5288 30878566 1
2732 5307 30878577 1
2766 5342 30878587 1
2811 5387 30878597 1
2859 5423 30878607 1
2911 5458 30878617 1
2970 5487 30878627 1
3036 5510 30878637 1
3106 5526 30878647 1
3179 5536 30878657 1
3246 5542 30878667 1
3310 5542 30878677 1
3379 5542 30878687 1
3447 5536 30878697 1
3514 5522 30878707 1
3579 5496 30878717 1
3641 5463 30878727 1
3694 5421 30878737 1
3742 5377 30878747 1
3775 5327 30878757 1
3795 5267 30878767 1
3807 5197 30878777 1
3807 5120 30878787 1
3800 5042 30878797 1
3787 4961 30878807 1
3768 4875 30878817 1
3736 4786 30878827 1
3694 4701 30878837 1
3647 4627 30878847 1
3602 4558 30878857 1
3560 4503 30878867 1
3522 4454 30878877 1
3485 4410 30878887 1
3446 4368 30878897 1
3405 4327 30878907 1
3361 4288 30878917 1
3316 4259 30878927 1
3271 4242 30878937 1
3226 4234 30878947 1
3176 4248 30878957 1
3123 4289 30878967 1
3078 4349 30878977 1
3036 4420 30878987 1
2999 4490 30878997 1
2612 4717 30879138 0
2574 4687 30879148 1
2530 4674 30879158 1
2510 4662 30879168 1
2492 4649 30879178 1
2479 4640 30879188 1
2474 4635 30879198 1
2474 4635 30879208 1
2474 4635 30879218 1
2474 4635 30879228 1
2474 4635 30879238 1
2480 4635 30879248 1
2489 4635 30879258 1
2505 4635 30879268 1
2546 4643 30879278 1
2603 4665 30879288 1
2705 4708 30879298 1
2811 4766 30879308 1
2920 4833 30879318 1
3046 4896 30879328 1
3172 4944 30879338 1
3264 4983 30879348 1
3332 5003 30879358 1
3370 5017 30879368 1
3385 5022 30879378 1
4179 6440 30880259 0
4162 6504 30880269 1
4147 6516 30880279 1
4147 6527 30880289 1
4155 6536 30880299 1
4155 6541 30880309 1
4178 6546 30880319 1
4202 6552 30880329 1
4234 6557 30880339 1
4274 6562 30880349 1
4324 6562 30880359 1
4384 6562 30880369 1
4451 6536 30880379 1
4522 6489 30880389 1
4588 6411 30880399 1
4651 6333 30880409 1
4701 6265 30880419 1
4745 6205 30880429 1
4786 6155 30880439 1
4807 6117 30880449 1
4822 6086 30880459 1
4833 6070 30880469 1
4833 6065 30880479 1
4833 6065 30880489 1
4824 6075 30880499 1
4800 6102 30880509 1
4766 6142 30880519 1
4725 6195 30880529 1
4697 6246 30880539 1
4672 6297 30880549 1
4652 6326 30880559 1
4638 6353 30880569 1
4630 6367 30880579 1
4630 6372 30880589 1
4630 6382 30880599 1
4652 6404 30880609 1
4690 6435 30880619 1
4772 6480 30880629 1
4859 6537 30880640 1
4964 6601 30880650 1
5080 6649 30880660 1
5190 6674 30880670 1
5279 6684 30880680 1
5355 6671 30880690 1
5406 6652 30880700 1
5439 6620 30880710 1
5459 6579 30880720 1
5459 6533 30880730 1
5434 6481 30880740 1
5398 6424 30880750 1
5347 6369 30880760 1
5288 6316 30880770 1
5223 6272 30880780 1
5158 6246 30880790 1
5105 6233 30880800 1
5061 6241 30880810 1
5027 6270 30880820 1
4998 6313 30880830 1
4981 6352 30880840 1
4974 6386 30880850 1
4974 6410 30880860 1
4974 6427 30880870 1
4974 6435 30880880 1
4980 6435 30880890 1
4986 6430 30880900 1
4994 6408 30880910 1
5002 6374 30880920 1
5002 6331 30880930 1
5002 6286 30880940 1
5002 6237 30880950 1
4991 6185 30880960 1
4977 6139 30880970 1
4968 6096 30880980 1
4959 6065 30880990 1
4953 6043 30881000 1
4953 6026 30881010 1
4953 6026 30881010 1
4953 6026 30881020 1
4953 6026 30881030 1
4953 6026 30881040 1
4962 6069 30881050 1
4974 6107 30881060 1
4990 6146 30881070 1
5012 6185 30881080 1
5036 6223 30881090 1
5063 6250 30881100 1
5082 6264 30881110 1
5097 6269 30881120 1
5108 6269 30881130 1
5117 6269 30881140 1
5124 6259 30881150 1
5130 6247 30881160 1
5137 6229 30881170 1
5137 6204 30881180 1
5129 6172 30881190 1
5114 6131 30881200 1
5093 6085 30881210 1
5068 6036 30881220 1
5041 5986 30881230 1
5014 5931 30881240 1
4987 5881 30881250 1
4961 5833 30881260 1
4938 5790 30881270 1
4920 5759 30881280 1
4906 5735 30881290 1
4898 5722 30881300 1
4898 5717 30881310 1
4898 5717 30881320 1
4898 5717 30881330 1
4898 5717 30881340 1
4898 5722 30881350 1
4908 5736 30881360 1
4930 5757 30881370 1
4960 5789 30881380 1
4993 5825 30881390 1
5026 5863 30881400 1
5059 5893 30881410 1
5094 5919 30881420 1
5120 5938 30881430 1
5139 5949 30881440 1
5157 5949 30881450 1
5167 5949 30881460 1
5167 5939 30881470 1
5172 5914 30881480 1
5166 5880 30881490 1
5155 5834 30881500 1
5141 5788 30881510 1
5123 5741 30881520 1
5102 5691 30881530 1
5078 5639 30881540 1
5049 5588 30881550 1
5016 5531 30881560 1
4986 5477 30881570 1
4957 5429 30881580 1
4933 5384 30881590 1
4919 5352 30881600 1
4910 5333 30881611 1
4910 5333 30881621 1
4910 5333 30881631 1
4910 5333 30881641 1
4910 5333 30881651 1
4910 5333 30881661 1
4951 5398 30881671 1
4985 5453 30881681 1
5014 5487 30881691 1
5045 5521 30881701 1
5079 5552 30881711 1
5116 5578 30881721 1
5144 5593 30881731 1
5166 5599 30881741 1
5179 5599 30881751 1
5192 5587 30881761 1
5202 5573 30881771 1
5209 5552 30881781 1
5209 5521 30881791 1
5195 5482 30881801 1
5180 5436 30881811 1
5162 5386 30881821 1
5139 5333 30881831 1
5113 5280 30881841 1
5089 5231 30881851 1
5067 5186 30881861 1
5048 5152 30881871 1
5034 5128 30881881 1
5026 5112 30881891 1
5026 5112 30881901 1
5026 5112 30881911 1
5026 5112 30881921 1
5026 5112 30881931 1
5026 5135 30881941 1
5056 5168 30881951 1
5096 5223 30881961 1
5156 5281 30881971 1
5221 5340 30881981 1
5287 5389 30881991 1
5352 5421 30882001 1
5417 5441 30882011 1
5480 5452 30882021 1
5534 5446 30882031 1
5582 5429 30882041 1
5620 5395 30882051 1
5638 5330 30882061 1
5643 5244 30882071 1
5622 5131 30882081 1
5580 4983 30882091 1
5525 4811 30882101 1
5459 4645 30882111 1
5378 4498 30882121 1
5286 4365 30882131 1
5176 4216 30882141 1
5064 4081 30882151 1
4950 3956 30882161 1
4845 3846 30882171 1
4759 3789 30882181 1
4685 3768 30882191 1
4633 3794 30882201 1
4587 3864 30882211 1
4551 3963 30882212 1
4526 4095 30882222 1
4506 4242 30882232 1
4483 4399 30882242 1
4464 4515 30882252 1
4455 4593 30882262 1
4455 4647 30882272 1
4455 4672 30882282 1
4465 4693 30882292 1
4475 4704 30882302 1
4485 4704 30882312 1
4515 4704 30882322 1
4557 4688 30882332 1
4628 4664 30882342 1
4728 4642 30882352 1
4846 4619 30882362 1
4948 4595 30882372 1
5048 4572 30882382 1
5147 4558 30882392 1
5238 4549 30882402 1
5101 5187 30882673 0
5229 5129 30882683 1
5175 5097 30882693 1
5188 5065 30882703 1
5246 5019 30882713 1
5296 4972 30882723 1
