214
4342 5512 48809898 0
4349 5641 48809908 1
4324 5664 48809918 1
4262 5670 48809928 1
4176 5665 48809938 1
4047 5623 48809948 1
3892 5511 48809958 1
3719 5353 48809968 1
3522 5162 48809978 1
3341 4965 48809988 1
3170 4774 48809998 1
3033 4588 48810008 1
2980 4472 48810018 1
2980 4401 48810028 1
3048 4359 48810038 1
3174 4359 48810048 1
3340 4386 48810058 1
3529 4433 48810068 1
3720 4468 48810078 1
3872 4468 48810088 1
3997 4456 48810098 1
4102 4407 48810108 1
4172 4328 48810118 1
4218 4230 48810128 1
4218 4116 48810138 1
4168 3997 48810148 1
4094 3858 48810158 1
3977 3706 48810168 1
3834 3568 48810178 1
3674 3424 48810188 1
3491 3268 48810198 1
3335 3155 48810208 1
3197 3070 48810218 1
3098 3044 48810228 1
3064 3072 48810238 1
3072 3135 48810248 1
3160 3276 48810258 1
3293 3436 48810268 1
3457 3609 48810278 1
3641 3767 48810288 1
3827 3925 48810298 1
3992 4047 48810308 1
4143 4146 48810318 1
4274 4219 48810328 1
4356 4262 48810338 1
4404 4285 48810348 1
4421 4285 48810358 1
4426 4285 48810368 1
4426 4270 48810378 1
4426 4223 48810388 1
4420 4154 48810398 1
4415 4067 48810408 1
4415 3979 48810418 1
4422 3891 48810428 1
4440 3815 48810438 1
4468 3747 48810448 1
4503 3716 48810458 1
4544 3716 48810468 1
4597 3741 48810478 1
4676 3841 48810488 1
4771 3971 48810498 1
4852 4122 48810508 1
4921 4269 48810518 1
4982 4407 48810528 1
5014 4466 48810538 1
5025 4474 48810548 1
5025 4469 48810558 1
5033 4421 48810568 1
5039 4345 48810578 1
5039 4259 48810588 1
5058 4183 48810598 1
5079 4115 48810608 1
5123 4064 48810618 1
5182 4040 48810628 1
5269 4035 48810638 1
5385 4083 48810648 1
5521 4194 48810658 1
5676 4348 48810668 1
5837 4523 48810678 1
5964 4682 48810688 1
6067 4831 48810698 1
6120 4920 48810708 1
6130 4951 48810718 1
6110 4944 48810728 1
6082 4930 48810738 1
6033 4874 48810748 1
5970 4791 48810758 1
5922 4709 48810768 1
5901 4642 48810778 1
5901 4586 48810788 1
5922 4531 48810798 1
5968 4480 48810808 1
6029 4433 48810818 1
6091 4388 48810828 1
6138 4347 48810838 1
6174 4309 48810848 1
6186 4276 48810858 1
6168 4247 48810868 1
6131 4220 48810878 1
6072 4199 48810888 1
6014 4192 48810898 1
5977 4192 48810908 1
5955 4209 48810918 1
5955 4257 48810928 1
6011 4327 48810938 1
6095 4422 48810948 1
6209 4520 48810958 1
6333 4621 48810968 1
6463 4710 48810978 1
6560 4796 48810988 1
6629 4871 48810998 1
6679 4941 48811008 1
6691 4969 48811018 1
6685 4982 48811028 1
6666 4982 48811038 1
6636 4982 48811048 1
6590 4938 48811058 1
6533 4876 48811068 1
6480 4787 48811078 1
6431 4701 48811088 1
6390 4618 48811098 1
6372 4540 48811108 1
6372 4482 48811118 1
6395 4438 48811128 1
6425 4419 48811138 1
6465 4437 48811148 1
6517 4481 48811158 1
6576 4563 48811168 1
6635 4649 48811178 1
6676 4738 48811188 1
6705 4811 48811198 1
6722 4852 48811208 1
6727 4872 48811218 1
6727 4866 48811228 1
6727 4832 48811238 1
6737 4779 48811248 1
6750 4712 48811258 1
6771 4646 48811268 1
6802 4590 48811278 1
6851 4541 48811288 1
6910 4514 48811298 1
6978 4523 48811308 1
7062 4556 48811318 1
7156 4632 48811328 1
7256 4731 48811338 1
7352 4845 48811348 1
7421 4961 48811358 1
7474 5049 48811368 1
7500 5118 48811378 1
7511 5148 48811388 1
7511 5148 48811398 1
7511 5135 48811408 1
7505 5083 48811418 1
7489 5007 48811428 1
7473 4914 48811438 1
7460 4826 48811448 1
7453 4763 48811458 1
7453 4716 48811468 1
7462 4697 48811478 1
7471 4697 48811488 1
7485 4702 48811498 1
7519 4752 48811508 1
7566 4839 48811518 1
7625 4951 48811528 1
7688 5050 48811538 1
7747 5125 48811548 1
7802 5183 48811558 1
7833 5207 48811568 1
7860 5202 48811578 1
7885 5178 48811588 1
7910 5122 48811598 1
7926 5055 48811608 1
7936 4981 48811618 1
7966 4909 48811628 1
8000 4855 48811638 1
8057 4814 48811648 1
8127 4814 48811658 1
8235 4857 48811668 1
8365 4931 48811678 1
8509 5021 48811688 1
8626 5118 48811698 1
8709 5220 48811708 1
8768 5312 48811718 1
8775 5387 48811728 1
8755 5452 48811738 1
8717 5499 48811748 1
8665 5517 48811758 1
8603 5517 48811768 1
8534 5482 48811778 1
8473 5420 48811788 1
8414 5340 48811798 1
8377 5254 48811808 1
8352 5179 48811818 1
8352 5111 48811828 1
8376 5059 48811838 1
8416 5026 48811848 1
8467 5005 48811858 1
8524 5012 48811868 1
8592 5052 48811878 1
8663 5113 48811888 1
8730 5198 48811898 1
8781 5286 48811908 1
8822 5376 48811918 1
8842 5430 48811928 1
8847 5451 48811938 1
8842 5451 48811948 1
8851 5429 48811958 1
8861 5367 48811968 1
8877 5277 48811978 1
8901 5194 48811988 1
8934 5126 48811998 1
8969 5069 48812008 1
9018 5030 48812018 1
9078 5017 48812028 1
