195
5876 6457 68951927 0
5841 6516 68951937 1
5796 6572 68951947 1
5770 6600 68951957 1
5690 6588 68951967 1
5592 6548 68951977 1
5481 6486 68951987 1
5326 6328 68951997 1
5121 6091 68952007 1
4883 5802 68952017 1
4617 5494 68952027 1
4336 5118 68952037 1
4045 4698 68952047 1
3838 4449 68952057 1
3748 4276 68952067 1
3737 4155 68952077 1
3794 4104 68952087 1
3938 4120 68952097 1
4140 4180 68952107 1
4391 4262 68952117 1
4622 4285 68952127 1
4840 4270 68952137 1
4964 4146 68952147 1
4991 3922 68952157 1
4952 3631 68952167 1
4825 3349 68952177 1
4613 3010 68952187 1
4343 2633 68952197 1
4080 2370 68952207 1
3888 2144 68952217 1
3744 1942 68952227 1
3643 1861 68952237 1
3651 1877 68952247 1
3731 1959 68952257 1
5479 4127 68952348 0
5516 4053 68952358 1
5472 4053 68952368 1
5440 4093 68952368 1
5409 4084 68952378 1
5375 4107 68952388 1
5370 4119 68952398 1
5370 4113 68952408 1
5370 4113 68952418 1
5386 4070 68952428 1
5412 3999 68952438 1
5431 3882 68952448 1
5451 3759 68952458 1
5471 3677 68952468 1
5507 3624 68952478 1
5542 3612 68952488 1
5577 3657 68952498 1
5650 3741 68952508 1
5729 3881 68952518 1
5800 4020 68952528 1
5863 4159 68952538 1
5908 4283 68952548 1
5928 4398 68952558 1
5928 4424 68952568 1
5928 4410 68952578 1
5898 4369 68952588 1
5857 4248 68952598 1
5814 4125 68952608 1
5778 4002 68952618 1
5788 3934 68952628 1
5826 3901 68952638 1
5872 3892 68952648 1
5950 3943 68952658 1
6049 4031 68952668 1
6406 4522 68952718 0
6557 4725 68952728 1
6600 4808 68952738 1
6614 4837 68952748 1
6585 4820 68952758 1
6528 4773 68952768 1
6437 4667 68952778 1
6348 4560 68952788 1
6262 4436 68952798 1
6178 4300 68952808 1
6142 4212 68952818 1
6142 4168 68952828 1
6167 4154 68952838 1
6250 4178 68952848 1
6370 4245 68952858 1
6510 4340 68952868 1
6653 4406 68952878 1
6799 4455 68952888 1
6928 4492 68952898 1
6989 4469 68952908 1
7004 4405 68952918 1
6961 4313 68952928 1
6849 4180 68952938 1
6690 4069 68952948 1
6561 3972 68952958 1
6476 3918 68952968 1
6421 3910 68952978 1
6421 3933 68952988 1
7190 4797 68953049 0
7524 5009 68953059 1
7625 5069 68953069 1
7649 5095 68953079 1
7620 5095 68953089 1
7555 5076 68953099 1
7464 5040 68953109 1
7361 4994 68953119 1
7249 4911 68953129 1
7148 4813 68953139 1
7092 4704 68953149 1
7065 4614 68953159 1
7065 4537 68953169 1
7118 4470 68953179 1
7196 4455 68953189 1
7312 4492 68953199 1
7430 4565 68953209 1
7549 4675 68953219 1
7631 4789 68953229 1
7689 4905 68953239 1
7703 4978 68953249 1
7693 5021 68953259 1
7668 5044 68953269 1
7649 5036 68953279 1
7632 4983 68953289 1
7621 4899 68953299 1
7616 4785 68953309 1
7636 4711 68953319 1
7671 4663 68953329 1
7725 4658 68953339 1
7800 4704 68953349 1
7889 4785 68953359 1
7946 4892 68953369 1
7981 4985 68953379 1
8000 5068 68953389 1
8005 5139 68953399 1
8005 5166 68953409 1
8005 5166 68953419 1
8005 5144 68953429 1
8015 5079 68953439 1
8015 4984 68953449 1
8007 4874 68953459 1
8019 4779 68953469 1
8046 4731 68953479 1
8083 4710 68953489 1
8103 4719 68953499 1
8135 4777 68953509 1
8174 4868 68953519 1
8187 4965 68953529 1
8200 5077 68953539 1
8214 5199 68953549 1
8220 5265 68953559 1
8225 5283 68953569 1
8230 5270 68953579 1
8253 5239 68953589 1
8270 5183 68953599 1
8284 5110 68953609 1
8298 5036 68953619 1
8333 4981 68953629 1
8383 4939 68953639 1
8445 4924 68953649 1
8513 4949 68953659 1
8616 5001 68953669 1
8741 5089 68953679 1
8864 5190 68953689 1
8959 5300 68953699 1
9036 5410 68953709 1
9056 5500 68953719 1
9046 5576 68953729 1
9015 5642 68953739 1
8965 5680 68953749 1
8901 5699 68953759 1
8828 5677 68953769 1
8746 5598 68953779 1
8670 5482 68953789 1
8631 5352 68953799 1
8614 5238 68953809 1
8614 5136 68953819 1
8650 5071 68953829 1
8700 5052 68953839 1
8771 5063 68953849 1
8854 5124 68953859 1
8946 5194 68953869 1
8986 5270 68953879 1
9002 5340 68953889 1
9002 5408 68953899 1
8983 5474 68953909 1
8964 5504 68953919 1
8948 5504 68953929 1
8936 5480 68953939 1
8928 5399 68953949 1
8942 5303 68953959 1
8969 5197 68953969 1
9037 5133 68953979 1
9134 5115 68953989 1
9249 5127 68953999 1
9403 5196 68954009 1
9558 5308 68954019 1
9692 5448 68954029 1
