249
6919 5562 68989381 0
7005 5723 68989391 1
6985 5784 68989401 1
6969 5831 68989411 1
6916 5857 68989421 1
6839 5849 68989431 1
6710 5818 68989441 1
6555 5736 68989451 1
6383 5595 68989461 1
6150 5415 68989471 1
5887 5157 68989481 1
5604 4856 68989491 1
5320 4527 68989501 1
5146 4278 68989511 1
5044 4134 68989521 1
5125 4060 68989531 1
5292 4017 68989541 1
5517 4033 68989551 1
5805 4089 68989561 1
6068 4112 68989571 1
6313 4061 68989581 1
6431 3961 68989591 1
6403 3700 68989601 1
6278 3439 68989611 1
6062 3100 68989621 1
5780 2710 68989631 1
5453 2354 68989641 1
5102 2042 68989651 1
4846 1759 68989661 1
4653 1570 68989671 1
4553 1483 68989681 1
4546 1464 68989691 1
4601 1501 68989701 1
4777 1668 68989711 1
5040 1921 68989721 1
5362 2280 68989731 1
5755 2654 68989741 1
6120 3038 68989751 1
6465 3358 68989761 1
6746 3614 68989771 1
6934 3828 68989781 1
7060 3932 68989791 1
7111 3976 68989801 1
7129 3976 68989811 1
7129 3976 68989821 1
7129 3976 68989831 1
7129 3976 68989841 1
7136 3976 68989851 1
7148 3976 68989861 1
7159 3983 68989871 1
7165 3983 68989881 1
7165 3983 68989891 1
7176 3977 68989901 1
7183 3964 68989911 1
7190 3936 68989921 1
7195 3899 68989931 1
7195 3839 68989941 1
7195 3766 68989951 1
7177 3684 68989961 1
7164 3612 68989971 1
7151 3558 68989981 1
7160 3516 68989991 1
7187 3502 68990001 1
7227 3527 68990011 1
7313 3577 68990021 1
7399 3655 68990031 1
7461 3744 68990041 1
7507 3841 68990051 1
7540 3934 68990061 1
7565 4020 68990071 1
7585 4096 68990081 1
7597 4135 68990091 1
7603 4152 68990101 1
7603 4152 68990111 1
7603 4139 68990121 1
7578 4069 68990131 1
7541 3960 68990141 1
7506 3840 68990151 1
7494 3741 68990161 1
7494 3655 68990171 1
7544 3612 68990181 1
7632 3603 68990191 1
7747 3618 68990201 1
7900 3677 68990211 1
8026 3757 68990221 1
8135 3851 68990231 1
8225 3923 68990241 1
8310 3995 68990251 1
8392 4083 68990261 1
8441 4183 68990271 1
8454 4284 68990281 1
8444 4361 68990291 1
8389 4422 68990301 1
8300 4446 68990311 1
8187 4446 68990321 1
8098 4434 68990331 1
8047 4434 68990341 1
8021 4434 68990351 1
8021 4434 68990361 1
8029 4434 68990371 1
8041 4417 68990381 1
8048 4388 68990391 1
8048 4358 68990401 1
8040 4326 68990411 1
8030 4305 68990421 1
8025 4293 68990431 1
8025 4293 68990441 1
8025 4293 68990451 1
8025 4288 68990461 1
8025 4288 68990471 1
8025 4288 68990481 1
8020 4277 68990491 1
8020 4261 68990501 1
8010 4244 68990511 1
8004 4224 68990513 1
8004 4224 68990523 1
7967 4157 68990533 1
7929 4099 68990543 1
7891 4024 68990553 1
7852 3958 68990563 1
7860 3897 68990573 1
7906 3856 68990583 1
7978 3840 68990593 1
8096 3840 68990603 1
8214 3863 68990613 1
8281 3863 68990623 1
8313 3850 68990633 1
8274 3765 68990643 1
8172 3646 68990653 1
8028 3504 68990663 1
7896 3369 68990673 1
7768 3271 68990683 1
7694 3198 68990693 1
7654 3184 68990703 1
7654 3208 68990713 1
7696 3257 68990723 1
7767 3353 68990733 1
7910 3465 68990743 1
8057 3589 68990753 1
8415 3858 68990783 0
8718 4115 68990793 1
8869 4236 68990803 1
9017 4359 68990813 1
9078 4439 68990823 1
9093 4477 68990833 1
9076 4486 68990843 1
9028 4491 68990853 1
8972 4491 68990863 1
8910 4491 68990873 1
8869 4491 68990883 1
8843 4496 68990893 1
8826 4496 68990903 1
8805 4483 68990913 1
8773 4423 68990923 1
8734 4331 68990933 1
8698 4203 68990943 1
8662 4072 68990953 1
8656 3971 68990963 1
8669 3890 68990973 1
8709 3858 68990983 1
8785 3881 68990993 1
8884 3940 68991003 1
8992 4033 68991013 1
9064 4124 68991023 1
9112 4211 68991033 1
9138 4295 68991043 1
9148 4378 68991053 1
9148 4415 68991063 1
9148 4424 68991073 1
9141 4416 68991083 1
9141 4364 68991093 1
9129 4284 68991103 1
9117 4200 68991113 1
9128 4138 68991123 1
9180 4092 68991133 1
9259 4066 68991143 1
9391 4066 68991153 1
9544 4086 68991163 1
9710 4122 68991173 1
9985 4298 68991224 0
9912 4398 68991234 1
9885 4478 68991244 1
9885 4550 68991254 1
9891 4604 68991264 1
9891 4647 68991274 1
9891 4670 68991284 1
9891 4670 68991294 1
9891 4665 68991304 1
9868 4597 68991314 1
9837 4484 68991324 1
9796 4342 68991334 1
9758 4210 68991344 1
9727 4115 68991354 1
9711 4046 68991364 1
9704 4020 68991374 1
9704 4020 68991384 1
9711 4042 68991394 1
9727 4101 68991404 1
9752 4182 68991414 1
9784 4279 68991424 1
9840 4401 68991434 1
9911 4525 68991444 1
10014 4650 68991454 1
10083 4728 68991464 1
10130 4754 68991474 1
10157 4746 68991484 1
10163 4707 68991494 1
10155 4623 68991504 1
10117 4509 68991514 1
10083 4385 68991524 1
10052 4283 68991534 1
10052 4196 68991544 1
10083 4158 68991554 1
10142 4174 68991564 1
10291 4225 68991574 1
10471 4324 68991584 1
10671 4436 68991594 1
10848 4556 68991604 1
10983 4662 68991614 1
11091 4757 68991624 1
11113 4844 68991634 1
11106 4911 68991644 1
11080 4960 68991654 1
11008 4996 68991664 1
10920 5007 68991674 1
10822 4987 68991684 1
10734 4946 68991694 1
10646 4858 68991704 1
10558 4740 68991714 1
10497 4601 68991724 1
10452 4475 68991734 1
10452 4376 68991744 1
10491 4296 68991754 1
10564 4275 68991764 1
10668 4305 68991764 1
10774 4370 68991774 1
10858 4453 68991784 1
10925 4533 68991794 1
10944 4610 68991804 1
10944 4683 68991814 1
10944 4750 68991824 1
10932 4768 68991834 1
10932 4755 68991844 1
10925 4682 68991854 1
10925 4573 68991864 1
10942 4440 68991874 1
11014 4332 68991884 1
11121 4261 68991894 1
11239 4216 68991904 1
