215
7056 6178 69004823 0
7168 6265 69004833 1
7154 6322 69004843 1
7106 6329 69004853 1
7035 6287 69004863 1
6882 6213 69004873 1
6687 6081 69004883 1
6464 5884 69004893 1
6214 5643 69004903 1
5933 5327 69004913 1
5630 4933 69004923 1
5316 4486 69004933 1
5104 4138 69004943 1
4960 3939 69004953 1
4989 3840 69004963 1
5111 3771 69004973 1
5294 3778 69004983 1
5503 3836 69004993 1
5719 3891 69005003 1
5939 3891 69005013 1
6063 3862 69005023 1
6080 3703 69005033 1
6026 3490 69005043 1
5887 3240 69005053 1
5706 2951 69005063 1
5496 2659 69005073 1
5292 2431 69005083 1
5109 2248 69005093 1
4941 2074 69005103 1
4896 2006 69005113 1
4915 2006 69005123 1
4977 2071 69005133 1
5115 2246 69005143 1
5330 2496 69005153 1
5597 2796 69005163 1
5891 3096 69005173 1
6122 3396 69005183 1
6311 3640 69005193 1
6471 3882 69005203 1
6609 4057 69005213 1
6732 4189 69005223 1
6819 4326 69005233 1
6864 4384 69005243 1
6882 4389 69005253 1
6893 4389 69005263 1
6901 4363 69005273 1
6906 4327 69005283 1
6912 4255 69005293 1
6906 4153 69005303 1
6892 4030 69005313 1
6887 3920 69005323 1
6898 3838 69005333 1
6920 3774 69005343 1
6952 3748 69005353 1
7005 3768 69005363 1
7073 3818 69005373 1
7146 3895 69005383 1
7197 3974 69005393 1
7232 4054 69005403 1
7257 4112 69005413 1
7282 4221 69005423 1
7307 4365 69005433 1
7316 4408 69005443 1
7316 4408 69005453 1
7307 4391 69005463 1
7307 4363 69005473 1
7276 4280 69005483 1
7234 4160 69005493 1
7220 4086 69005503 1
7228 4036 69005513 1
7250 4003 69005523 1
7307 4003 69005533 1
7399 4034 69005543 1
7513 4094 69005553 1
7613 4148 69005563 1
7706 4203 69005573 1
7794 4262 69005574 1
7892 4342 69005584 1
7960 4434 69005594 1
8007 4512 69005604 1
8026 4569 69005614 1
8021 4611 69005624 1
8001 4630 69005634 1
7970 4644 69005644 1
7921 4625 69005654 1
7859 4585 69005664 1
7794 4510 69005674 1
7737 4434 69005684 1
7725 4367 69005694 1
7739 4307 69005704 1
7790 4282 69005714 1
7870 4282 69005724 1
7968 4299 69005734 1
8047 4309 69005744 1
8106 4315 69005754 1
8152 4300 69005764 1
8170 4274 69005774 1
8170 4235 69005784 1
8155 4192 69005794 1
8114 4141 69005804 1
8054 4088 69005814 1
7981 4037 69005824 1
7894 3988 69005834 1
7817 3946 69005844 1
7746 3931 69005854 1
7746 3931 69005864 1
7791 3959 69005874 1
7874 4044 69005884 1
8159 4310 69005915 0
8432 4556 69005925 1
8535 4643 69005935 1
8586 4699 69005945 1
8601 4736 69005955 1
8593 4760 69005965 1
8577 4782 69005975 1
8551 4802 69005985 1
8517 4815 69005995 1
8460 4800 69006005 1
8388 4768 69006015 1
8307 4712 69006025 1
8234 4635 69006035 1
8207 4545 69006045 1
8207 4465 69006055 1
8240 4409 69006065 1
8294 4370 69006075 1
8364 4361 69006085 1
8443 4385 69006095 1
8523 4430 69006105 1
8589 4490 69006115 1
8645 4552 69006125 1
8672 4616 69006135 1
8689 4679 69006145 1
8700 4741 69006155 1
8706 4798 69006165 1
8706 4814 69006175 1
8691 4806 69006185 1
8691 4792 69006195 1
8667 4731 69006205 1
8633 4638 69006215 1
8633 4565 69006225 1
8643 4503 69006235 1
8669 4449 69006245 1
8716 4425 69006255 1
8766 4430 69006265 1
8818 4455 69006275 1
8868 4495 69006285 1
8903 4539 69006295 1
8930 4585 69006305 1
8953 4640 69006315 1
8976 4703 69006325 1
9000 4772 69006335 1
9027 4842 69006345 1
9036 4864 69006355 1
9036 4854 69006365 1
9028 4832 69006375 1
8999 4761 69006385 1
8953 4657 69006395 1
8910 4577 69006405 1
8897 4521 69006415 1
8904 4482 69006425 1
8935 4470 69006435 1
8963 4483 69006445 1
8988 4513 69006455 1
9018 4562 69006465 1
9042 4615 69006475 1
9062 4672 69006485 1
9080 4731 69006495 1
9113 4797 69006505 1
9149 4869 69006515 1
9189 4915 69006525 1
9213 4915 69006535 1
9227 4896 69006545 1
9242 4861 69006555 1
9248 4806 69006565 1
9248 4738 69006575 1
9243 4673 69006585 1
9272 4624 69006595 1
9324 4586 69006605 1
9435 4586 69006615 1
9556 4610 69006625 1
9683 4654 69006635 1
9758 4690 69006645 1
9815 4725 69006655 1
9860 4784 69006665 1
9911 4858 69006675 1
9935 4932 69006685 1
9940 5001 69006695 1
9919 5061 69006705 1
9883 5121 69006715 1
9836 5178 69006725 1
9783 5229 69006735 1
9731 5248 69006745 1
9680 5248 69006755 1
9619 5213 69006765 1
9551 5128 69006775 1
9499 5008 69006785 1
9478 4888 69006795 1
9478 4799 69006805 1
9511 4730 69006815 1
9570 4701 69006825 1
9646 4709 69006835 1
9740 4743 69006845 1
9836 4804 69006855 1
9894 4867 69006865 1
9927 4932 69006875 1
9940 4987 69006885 1
9940 5015 69006895 1
9925 5025 69006905 1
9915 5019 69006915 1
9904 4960 69006925 1
9896 4866 69006935 1
9890 4763 69006945 1
9926 4694 69006955 1
9997 4649 69006965 1
10091 4612 69006975 1
