218
4910 5441 48766415 0
4940 5516 48766425 1
4931 5530 48766435 1
4913 5542 48766445 1
4869 5528 48766455 1
4778 5497 48766465 1
4656 5408 48766475 1
4503 5284 48766485 1
4348 5136 48766495 1
4192 4972 48766505 1
4046 4805 48766515 1
3953 4637 48766525 1
3894 4519 48766535 1
3894 4441 48766545 1
3940 4389 48766555 1
4020 4373 48766565 1
4176 4401 48766575 1
4362 4458 48766585 1
4569 4522 48766595 1
4783 4580 48766605 1
4936 4598 48766615 1
5047 4593 48766625 1
5129 4548 48766635 1
5169 4464 48766645 1
5181 4355 48766655 1
5132 4214 48766665 1
5055 4074 48766675 1
4958 3936 48766685 1
4834 3779 48766695 1
4680 3638 48766705 1
4507 3509 48766715 1
4350 3389 48766725 1
4226 3308 48766735 1
4125 3253 48766745 1
4093 3253 48766755 1
4124 3310 48766765 1
4198 3402 48766775 1
4339 3548 48766785 1
4523 3724 48766795 1
4735 3921 48766805 1
4936 4104 48766815 1
5116 4255 48766825 1
5281 4385 48766835 1
5402 4461 48766845 1
5472 4482 48766855 1
5509 4466 48766865 1
5528 4416 48766875 1
5528 4331 48766885 1
5516 4223 48766895 1
5502 4125 48766905 1
5494 4038 48766915 1
5494 3958 48766925 1
5489 3900 48766935 1
5505 3867 48766945 1
5526 3850 48766955 1
5559 3864 48766965 1
5623 3928 48766975 1
5708 4025 48766985 1
5820 4154 48766995 1
5920 4297 48767005 1
6011 4449 48767015 1
6081 4530 48767025 1
6116 4559 48767035 1
6127 4553 48767045 1
6136 4519 48767055 1
6136 4452 48767065 1
6121 4363 48767075 1
6121 4283 48767085 1
6135 4222 48767095 1
6163 4175 48767105 1
6204 4152 48767115 1
6275 4166 48767125 1
6365 4206 48767135 1
6473 4297 48767145 1
6595 4419 48767155 1
6726 4561 48767165 1
6865 4701 48767175 1
6960 4840 48767185 1
7025 4979 48767195 1
7045 5047 48767205 1
7045 5076 48767215 1
7039 5076 48767225 1
7019 5076 48767235 1
6984 5032 48767245 1
6940 4972 48767255 1
6892 4884 48767265 1
6852 4803 48767275 1
6845 4726 48767285 1
6857 4673 48767295 1
6906 4634 48767305 1
6978 4605 48767315 1
7065 4590 48767325 1
7169 4575 48767335 1
7254 4558 48767345 1
7325 4536 48767355 1
7353 4506 48767365 1
7340 4470 48767375 1
7300 4426 48767385 1
7216 4376 48767395 1
7123 4326 48767405 1
7023 4292 48767415 1
6942 4267 48767425 1
6896 4267 48767435 1
6872 4285 48767445 1
6882 4318 48767455 1
6945 4390 48767465 1
7044 4475 48767475 1
7176 4569 48767485 1
7323 4662 48767495 1
7481 4754 48767505 1
7601 4849 48767515 1
7692 4929 48767525 1
7764 4997 48767535 1
7795 5043 48767545 1
7795 5065 48767555 1
7770 5072 48767565 1
7733 5072 48767575 1
7678 5041 48767585 1
7610 4991 48767595 1
7542 4918 48767605 1
7477 4828 48767615 1
7419 4726 48767625 1
7382 4647 48767635 1
7359 4584 48767645 1
7368 4532 48767655 1
7399 4508 48767665 1
7445 4508 48767675 1
7510 4532 48767685 1
7580 4592 48767695 1
7660 4675 48767705 1
7733 4774 48767715 1
7800 4885 48767725 1
7848 4965 48767735 1
7874 5024 48767745 1
7884 5037 48767755 1
7884 5030 48767765 1
7879 5010 48767775 1
7879 4952 48767785 1
7879 4877 48767795 1
7879 4790 48767805 1
7901 4732 48767815 1
7930 4694 48767825 1
7976 4670 48767835 1
8030 4670 48767845 1
8096 4692 48767855 1
8169 4730 48767865 1
8254 4808 48767875 1
8346 4904 48767885 1
8436 5012 48767895 1
8509 5106 48767905 1
8573 5177 48767915 1
8611 5232 48767925 1
8625 5243 48767935 1
8625 5233 48767945 1
8625 5210 48767955 1
8614 5147 48767965 1
8591 5081 48767975 1
8568 5009 48767985 1
8550 4940 48767995 1
8540 4886 48768005 1
8540 4841 48768015 1
8546 4820 48768025 1
8556 4820 48768035 1
8567 4820 48768045 1
8598 4867 48768055 1
8647 4937 48768065 1
8708 5024 48768075 1
8771 5110 48768085 1
8833 5190 48768095 1
8887 5243 48768105 1
8935 5280 48768115 1
8963 5290 48768125 1
8985 5277 48768135 1
9003 5248 48768145 1
9017 5197 48768155 1
9026 5141 48768165 1
9032 5078 48768175 1
9046 5015 48768185 1
9062 4960 48768195 1
9084 4910 48768205 1
9129 4879 48768215 1
9188 4879 48768225 1
9286 4905 48768235 1
9411 4966 48768245 1
9553 5043 48768255 1
9673 5132 48768265 1
9759 5219 48768275 1
9823 5307 48768285 1
9847 5397 48768295 1
9834 5463 48768305 1
9795 5506 48768315 1
9735 5533 48768325 1
9660 5533 48768335 1
9574 5501 48768345 1
9493 5450 48768355 1
9426 5369 48768365 1
9367 5283 48768375 1
9333 5200 48768385 1
9322 5120 48768395 1
9322 5052 48768405 1
9360 5002 48768415 1
9416 4964 48768425 1
9487 4958 48768435 1
9583 4994 48768445 1
9685 5059 48768455 1
9799 5149 48768465 1
9903 5243 48768475 1
10000 5339 48768485 1
10049 5397 48768495 1
10068 5409 48768505 1
10068 5391 48768515 1
10083 5341 48768525 1
10095 5261 48768535 1
10105 5162 48768545 1
10129 5074 48768555 1
10155 4994 48768565 1
10209 4920 48768575 1
10279 4874 48768585 1
