221
4733 5462 51002744 0
4825 5552 51002754 1
4825 5606 51002764 1
4809 5639 51002774 1
4778 5670 51002784 1
4708 5696 51002794 1
4612 5713 51002804 1
4503 5703 51002814 1
4316 5676 51002824 1
4078 5598 51002834 1
3874 5457 51002844 1
3670 5273 51002854 1
3466 5060 51002864 1
3316 4836 51002874 1
3209 4604 51002884 1
3131 4419 51002894 1
3106 4279 51002904 1
3135 4169 51002914 1
3199 4106 51002924 1
3309 4073 51002934 1
3466 4059 51002944 1
3654 4066 51002954 1
3852 4066 51002964 1
4011 4053 51002974 1
4144 4015 51002984 1
4240 3939 51002994 1
4278 3838 51003004 1
4278 3703 51003014 1
4231 3570 51003024 1
4138 3439 51003034 1
4014 3296 51003044 1
3886 3166 51003054 1
3745 3046 51003064 1
3594 2964 51003074 1
3461 2912 51003084 1
3370 2881 51003094 1
3308 2881 51003104 1
3287 2900 51003114 1
3316 2930 51003124 1
4486 3835 51003215 0
4698 3954 51003225 1
4764 3987 51003235 1
4798 4010 51003245 1
4818 3995 51003255 1
4828 3943 51003265 1
4828 3867 51003275 1
4828 3732 51003285 1
4820 3615 51003295 1
4813 3509 51003305 1
4813 3419 51003315 1
4822 3367 51003325 1
4843 3341 51003335 1
4872 3341 51003345 1
4931 3402 51003355 1
5008 3505 51003365 1
5104 3642 51003375 1
5211 3812 51003385 1
5324 4004 51003395 1
5410 4150 51003405 1
5460 4229 51003415 1
5485 4263 51003425 1
5485 4257 51003435 1
5492 4204 51003445 1
5492 4120 51003455 1
5492 4003 51003465 1
5492 3883 51003475 1
5501 3759 51003485 1
5530 3671 51003495 1
5574 3606 51003505 1
5654 3578 51003515 1
5771 3599 51003525 1
5912 3654 51003535 1
6061 3774 51003545 1
6224 3919 51003555 1
6396 4081 51003565 1
6518 4231 51003575 1
6597 4352 51003585 1
6646 4455 51003595 1
6657 4504 51003605 1
6651 4530 51003615 1
6633 4540 51003625 1
6622 4540 51003635 1
6611 4540 51003645 1
6592 4530 51003655 1
6566 4469 51003665 1
6516 4377 51003675 1
6458 4231 51003685 1
6395 4095 51003695 1
6357 3966 51003705 1
6365 3874 51003715 1
6403 3812 51003725 1
6472 3771 51003735 1
6561 3754 51003745 1
6664 3745 51003755 1
6745 3745 51003765 1
6786 3711 51003775 1
6799 3673 51003785 1
6755 3630 51003795 1
6664 3555 51003805 1
6541 3479 51003815 1
6412 3420 51003825 1
6309 3372 51003835 1
6224 3372 51003845 1
6192 3409 51003855 1
6219 3479 51003865 1
6286 3588 51003875 1
6421 3725 51003885 1
6579 3882 51003895 1
6751 4033 51003905 1
6921 4163 51003915 1
7047 4280 51003925 1
7144 4398 51003935 1
7211 4478 51003945 1
7241 4533 51003955 1
7241 4555 51003965 1
7223 4555 51003966 1
7173 4537 51003976 1
7104 4480 51003986 1
7023 4390 51003996 1
6946 4278 51004006 1
6877 4168 51004016 1
6812 4067 51004026 1
6785 3971 51004036 1
6785 3906 51004046 1
6807 3871 51004056 1
6849 3857 51004066 1
6904 3870 51004076 1
6979 3929 51004086 1
7058 4020 51004096 1
7136 4126 51004106 1
7211 4241 51004116 1
7276 4363 51004126 1
7318 4448 51004136 1
7345 4480 51004146 1
7345 4480 51004156 1
7350 4455 51004166 1
7355 4391 51004176 1
7355 4301 51004186 1
7369 4203 51004196 1
7395 4118 51004206 1
7431 4043 51004216 1
7475 3988 51004226 1
7533 3962 51004236 1
7601 3955 51004246 1
7686 3993 51004256 1
7789 4076 51004266 1
7903 4190 51004276 1
7997 4322 51004286 1
8081 4457 51004296 1
8158 4593 51004306 1
8216 4701 51004316 1
8250 4766 51004326 1
8267 4802 51004336 1
8267 4797 51004346 1
8273 4749 51004356 1
8273 4673 51004366 1
8261 4561 51004376 1
8239 4446 51004386 1
8219 4327 51004396 1
8201 4233 51004406 1
8189 4157 51004416 1
8189 4123 51004426 1
8189 4113 51004436 1
8199 4119 51004446 1
8210 4158 51004456 1
8248 4244 51004466 1
8303 4361 51004476 1
8368 4497 51004486 1
8441 4627 51004496 1
8514 4724 51004506 1
8582 4800 51004516 1
8633 4819 51004526 1
8676 4797 51004536 1
8712 4747 51004546 1
8735 4663 51004556 1
8749 4574 51004566 1
8756 4475 51004576 1
8756 4381 51004586 1
8756 4290 51004596 1
8766 4224 51004606 1
8775 4180 51004616 1
8790 4150 51004626 1
8826 4144 51004636 1
8876 4179 51004646 1
8962 4241 51004656 1
9052 4343 51004666 1
9146 4460 51004676 1
9241 4586 51004686 1
9321 4688 51004696 1
9391 4789 51004706 1
9436 4885 51004716 1
9453 4965 51004726 1
9453 5033 51004736 1
9429 5076 51004746 1
9389 5089 51004756 1
9337 5082 51004766 1
9261 5036 51004776 1
9178 4946 51004786 1
9091 4828 51004796 1
9022 4693 51004806 1
8971 4571 51004816 1
8933 4459 51004826 1
8938 4381 51004836 1
8967 4341 51004846 1
9011 4327 51004856 1
9081 4371 51004866 1
9176 4460 51004876 1
9288 4579 51004886 1
9407 4706 51004896 1
9491 4830 51004906 1
9551 4952 51004916 1
9576 5003 51004926 1
9581 5010 51004936 1
9573 4987 51004946 1
9573 4912 51004956 1
9578 4789 51004966 1
9588 4634 51004976 1
9606 4498 51004986 1
9650 4374 51004996 1
9711 4257 51005006 1
9810 4190 51005016 1
