220
4938 5452 48749270 0
4985 5523 48749280 1
4979 5558 48749290 1
4960 5576 48749300 1
4902 5582 48749310 1
4819 5565 48749320 1
4664 5493 48749330 1
4482 5384 48749340 1
4282 5229 48749350 1
4079 5049 48749360 1
3930 4853 48749370 1
3818 4675 48749380 1
3765 4552 48749390 1
3765 4465 48749400 1
3811 4402 48749410 1
3902 4370 48749420 1
4061 4360 48749430 1
4264 4384 48749440 1
4479 4406 48749450 1
4690 4426 48749460 1
4850 4416 48749470 1
4977 4373 48749480 1
5052 4308 48749490 1
5080 4218 48749500 1
5080 4107 48749510 1
5020 3982 48749520 1
4926 3837 48749530 1
4807 3691 48749540 1
4651 3570 48749550 1
4495 3465 48749560 1
4361 3373 48749570 1
4241 3321 48749580 1
4159 3297 48749590 1
4115 3304 48749600 1
4096 3331 48749610 1
4096 3371 48749620 1
4164 3444 48749630 1
4270 3541 48749640 1
5014 4128 48749701 0
5128 4203 48749711 1
5141 4216 48749721 1
5152 4216 48749731 1
5162 4203 48749741 1
5171 4157 48749751 1
5171 4087 48749761 1
5171 3988 48749771 1
5171 3888 48749781 1
5176 3785 48749791 1
5189 3714 48749801 1
5219 3663 48749811 1
5258 3649 48749821 1
5310 3668 48749831 1
5380 3710 48749841 1
5463 3820 48749851 1
5548 3951 48749861 1
5632 4097 48749871 1
5715 4238 48749881 1
5778 4351 48749891 1
5829 4445 48749901 1
5838 4466 48749911 1
5838 4456 48749921 1
5843 4425 48749931 1
5843 4345 48749941 1
5843 4260 48749951 1
5855 4176 48749961 1
5876 4096 48749971 1
5909 4033 48749981 1
5952 3987 48749991 1
6014 3952 48750001 1
6089 3952 48750011 1
6202 4005 48750021 1
6342 4088 48750031 1
6500 4197 48750041 1
6641 4315 48750051 1
6770 4438 48750061 1
7002 4756 48750122 0
6968 4845 48750132 1
6943 4869 48750142 1
6918 4878 48750152 1
6891 4857 48750162 1
6836 4792 48750172 1
6765 4699 48750182 1
6697 4597 48750192 1
6652 4503 48750202 1
6623 4414 48750212 1
6636 4352 48750222 1
6689 4316 48750232 1
6769 4297 48750242 1
6900 4309 48750252 1
7032 4328 48750262 1
7166 4353 48750272 1
7268 4359 48750282 1
7348 4345 48750292 1
7357 4317 48750302 1
7312 4264 48750312 1
7232 4208 48750322 1
7118 4146 48750332 1
6999 4083 48750342 1
6876 4034 48750352 1
6759 3995 48750362 1
6706 3988 48750372 1
6696 4010 48750382 1
6711 4051 48750392 1
6800 4144 48750402 1
6939 4264 48750412 1
7087 4401 48750422 1
7241 4523 48750432 1
7375 4615 48750442 1
7493 4688 48750452 1
7559 4741 48750462 1
7583 4773 48750472 1
7583 4792 48750482 1
7555 4803 48750492 1
7515 4790 48750502 1
7464 4762 48750512 1
7400 4708 48750522 1
7336 4632 48750532 1
7273 4541 48750542 1
7230 4443 48750552 1
7201 4349 48750562 1
7201 4283 48750572 1
7214 4235 48750582 1
7244 4219 48750592 1
7288 4229 48750602 1
7349 4257 48750612 1
7421 4334 48750622 1
7484 4427 48750632 1
7537 4531 48750642 1
7583 4618 48750652 1
7611 4675 48750662 1
7625 4713 48750672 1
7625 4713 48750682 1
7632 4713 48750692 1
7639 4674 48750702 1
7652 4619 48750712 1
7666 4558 48750722 1
7688 4498 48750732 1
7719 4451 48750742 1
7766 4411 48750752 1
7823 4391 48750762 1
7901 4407 48750772 1
7981 4448 48750782 1
8068 4524 48750783 1
8154 4610 48750793 1
8237 4704 48750803 1
8296 4800 48750813 1
8336 4895 48750823 1
8364 4959 48750833 1
8376 5003 48750843 1
8376 5008 48750853 1
8371 5008 48750863 1
8371 4981 48750873 1
8354 4938 48750883 1
8336 4859 48750893 1
8318 4772 48750903 1
8306 4680 48750913 1
8301 4612 48750923 1
8301 4560 48750933 1
8310 4518 48750943 1
8324 4504 48750953 1
8344 4512 48750963 1
8369 4536 48750973 1
8413 4604 48750983 1
8469 4695 48750993 1
8530 4802 48751003 1
8592 4911 48751013 1
8655 5009 48751023 1
8707 5065 48751033 1
8751 5097 48751043 1
8780 5097 48751053 1
8804 5081 48751063 1
8825 5046 48751073 1
8845 4990 48751083 1
8862 4931 48751093 1
8878 4865 48751103 1
8906 4799 48751113 1
8939 4754 48751123 1
8981 4722 48751133 1
9043 4716 48751143 1
9116 4741 48751153 1
9209 4787 48751163 1
9302 4852 48751173 1
9396 4923 48751183 1
9465 4997 48751193 1
9518 5065 48751203 1
9533 5128 48751213 1
9525 5183 48751223 1
9501 5229 48751233 1
9468 5255 48751243 1
9425 5268 48751253 1
9374 5268 48751263 1
9318 5246 48751273 1
9263 5209 48751283 1
9209 5152 48751293 1
9159 5072 48751303 1
9127 4978 48751313 1
9105 4877 48751323 1
9105 4776 48751333 1
9122 4712 48751343 1
9155 4672 48751353 1
9204 4660 48751363 1
9271 4680 48751373 1
9351 4721 48751383 1
9438 4812 48751393 1
9521 4915 48751403 1
9583 5027 48751413 1
9631 5120 48751423 1
9658 5182 48751433 1
9667 5223 48751443 1
9667 5223 48751453 1
9660 5223 48751463 1
9650 5169 48751473 1
9634 5091 48751483 1
9627 5002 48751493 1
9641 4919 48751503 1
9670 4841 48751513 1
9709 4782 48751523 1
9768 4752 48751533 1
9841 4741 48751543 1
9958 4754 48751553 1
