249
3983 6817 31000502 0
4019 6877 31000512 1
3995 6918 31000522 1
3984 6945 31000532 1
3966 6979 31000542 1
3941 7017 31000552 1
3912 7086 31000562 1
3868 7127 31000572 1
3803 7150 31000582 1
3723 7138 31000592 1
3595 7079 31000602 1
3445 6988 31000612 1
3279 6852 31000622 1
3091 6721 31000632 1
2907 6593 31000642 1
2746 6445 31000652 1
2600 6309 31000662 1
2489 6181 31000672 1
2431 6083 31000682 1
2408 6008 31000692 1
2421 5949 31000702 1
2472 5900 31000712 1
2547 5863 31000722 1
2693 5833 31000732 1
2860 5817 31000742 1
3042 5801 31000752 1
3235 5766 31000762 1
3386 5719 31000772 1
3508 5656 31000782 1
3599 5571 31000792 1
3652 5471 31000802 1
3679 5350 31000812 1
3661 5215 31000822 1
3595 5071 31000832 1
3498 4902 31000842 1
3373 4739 31000852 1
3233 4579 31000862 1
3084 4462 31000872 1
2946 4385 31000882 1
2834 4334 31000892 1
2740 4334 31000902 1
2682 4350 31000912 1
2657 4379 31000922 1
2657 4403 31000932 1
2687 4466 31000942 1
2768 4556 31000952 1
2879 4661 31000962 1
3024 4791 31000972 1
3206 4937 31000982 1
3413 5067 31000992 1
3618 5195 31001002 1
3801 5317 31001012 1
3970 5434 31001022 1
4116 5519 31001032 1
4235 5582 31001042 1
4335 5625 31001052 1
4398 5645 31001062 1
4431 5645 31001072 1
4445 5645 31001082 1
4445 5633 31001092 1
4445 5623 31001102 1
4437 5602 31001112 1
4424 5580 31001122 1
4406 5546 31001132 1
4385 5504 31001142 1
4362 5448 31001152 1
4341 5377 31001162 1
4324 5296 31001172 1
4311 5214 31001182 1
4301 5135 31001192 1
4307 5078 31001202 1
4324 5035 31001212 1
4341 5007 31001222 1
4372 4999 31001232 1
4412 5005 31001242 1
4467 5045 31001252 1
4533 5108 31001262 1
4606 5186 31001272 1
4677 5272 31001282 1
4751 5368 31001292 1
4804 5470 31001302 1
4842 5518 31001312 1
4856 5543 31001322 1
4856 5554 31001332 1
4856 5554 31001342 1
4856 5554 31001352 1
4856 5548 31001362 1
4856 5517 31001372 1
4856 5469 31001382 1
4856 5408 31001392 1
4866 5346 31001402 1
4881 5286 31001412 1
4901 5241 31001422 1
4927 5205 31001432 1
4963 5193 31001442 1
5009 5209 31001452 1
5077 5245 31001462 1
5159 5311 31001472 1
5244 5382 31001482 1
5320 5457 31001492 1
5391 5535 31001502 1
5453 5594 31001512 1
5498 5640 31001522 1
5532 5671 31001532 1
5543 5698 31001542 1
5543 5719 31001552 1
5543 5733 31001562 1
5526 5741 31001572 1
5504 5741 31001582 1
5475 5724 31001592 1
5435 5697 31001602 1
5395 5658 31001612 1
5358 5616 31001622 1
5322 5572 31001632 1
5306 5542 31001642 1
5306 5522 31001652 1
5313 5506 31001662 1
5325 5494 31001672 1
5355 5484 31001682 1
5395 5484 31001692 1
5446 5479 31001702 1
5497 5479 31001712 1
5537 5469 31001722 1
5568 5457 31001732 1
5580 5436 31001742 1
5569 5407 31001752 1
5543 5363 31001762 1
5490 5311 31001772 1
5437 5260 31001782 1
5384 5236 31001792 1
5384 5229 31001802 1
5886 5544 31001874 0
6040 5581 31001884 1
6069 5594 31001894 1
6078 5607 31001904 1
6083 5625 31001914 1
6078 5647 31001924 1
6067 5672 31001934 1
6051 5702 31001944 1
6036 5735 31001954 1
6022 5756 31001964 1
6007 5771 31001974 1
5992 5777 31001984 1
5975 5777 31001994 1
5959 5760 31002004 1
5939 5735 31002014 1
5915 5693 31002024 1
5891 5636 31002034 1
5869 5569 31002044 1
5852 5504 31002054 1
5852 5456 31002064 1
5852 5420 31002074 1
5869 5410 31002084 1
5883 5416 31002094 1
5915 5432 31002104 1
5959 5487 31002114 1
6004 5545 31002124 1
6041 5604 31002134 1
6073 5662 31002144 1
6097 5696 31002154 1
6105 5713 31002164 1
6105 5713 31002174 1
6100 5713 31002184 1
6100 5696 31002194 1
6100 5666 31002204 1
6100 5625 31002214 1
6119 5590 31002224 1
6140 5558 31002234 1
6171 5529 31002244 1
6211 5512 31002254 1
6268 5512 31002264 1
6336 5526 31002274 1
6411 5560 31002284 1
6481 5598 31002294 1
6531 5639 31002304 1
6570 5673 31002314 1
6587 5711 31002324 1
6597 5753 31002325 1
6602 5798 31002335 1
6602 5825 31002345 1
6594 5838 31002355 1
6587 5838 31002365 1
6582 5838 31002375 1
6576 5826 31002385 1
6563 5792 31002395 1
6545 5743 31002405 1
6528 5682 31002415 1
6511 5620 31002425 1
6499 5569 31002435 1
6499 5525 31002445 1
6499 5511 31002455 1
6506 5506 31002465 1
6511 5506 31002475 1
6516 5516 31002485 1
6542 5551 31002495 1
6574 5602 31002505 1
6611 5653 31002515 1
6650 5701 31002525 1
6696 5747 31002535 1
6743 5782 31002545 1
6792 5803 31002555 1
6832 5815 31002565 1
6867 5802 31002575 1
6894 5785 31002585 1
6921 5758 31002595 1
6946 5725 31002605 1
6970 5687 31002615 1
7003 5647 31002625 1
7038 5617 31002635 1
7093 5593 31002645 1
7161 5593 31002655 1
7235 5616 31002665 1
7315 5657 31002675 1
7398 5696 31002685 1
7451 5735 31002695 1
7486 5774 31002705 1
7509 5824 31002715 1
7519 5879 31002725 1
7519 5925 31002735 1
7508 5957 31002745 1
7492 5980 31002755 1
7470 5990 31002766 1
7443 5995 31002776 1
7423 5995 31002786 1
7401 5968 31002796 1
7379 5932 31002806 1
7348 5867 31002816 1
7312 5793 31002826 1
7280 5714 31002836 1
7253 5651 31002846 1
7253 5607 31002856 1
7258 5577 31002866 1
7276 5566 31002876 1
7297 5572 31002886 1
7334 5589 31002896 1
7381 5628 31002906 1
7423 5667 31002916 1
7466 5709 31002926 1
7511 5753 31002936 1
7548 5775 31002946 1
7580 5790 31002956 1
7618 5790 31002966 1
7657 5780 31002976 1
7697 5758 31002986 1
7737 5732 31002996 1
7776 5706 31003006 1
7817 5687 31003016 1
7862 5672 31003026 1
7915 5672 31003036 1
