216
6730 6334 68982932 0
6762 6344 68982942 1
6724 6392 68982952 1
6687 6379 68982962 1
6580 6320 68982972 1
6426 6230 68982982 1
6198 6098 68982992 1
5973 5916 68983002 1
5750 5701 68983012 1
5504 5448 68983022 1
5239 5193 68983032 1
4960 4936 68983042 1
4818 4758 68983052 1
4777 4653 68983062 1
4804 4598 68983072 1
4902 4562 68983082 1
5085 4570 68983092 1
5325 4607 68983102 1
5545 4601 68983112 1
5690 4531 68983122 1
5785 4419 68983132 1
5731 4181 68983142 1
5584 3923 68983152 1
5374 3651 68983162 1
5108 3412 68983172 1
4855 3200 68983182 1
4611 3007 68983192 1
4503 2946 68983202 1
4473 2937 68983212 1
4494 2962 68983222 1
4605 3089 68983232 1
5621 4001 68983282 0
6127 4450 68983292 1
6265 4560 68983302 1
6369 4594 68983312 1
6396 4605 68983322 1
6401 4605 68983332 1
6392 4594 68983342 1
6392 4594 68983352 1
6392 4594 68983362 1
6426 4580 68983372 1
6443 4580 68983382 1
6457 4595 68983392 1
6457 4605 68983402 1
6457 4610 68983412 1
6457 4610 68983422 1
6440 4605 68983432 1
6409 4535 68983442 1
6367 4424 68983452 1
6342 4294 68983462 1
6342 4195 68983472 1
6354 4117 68983482 1
6388 4081 68983492 1
6447 4086 68983502 1
6523 4118 68983512 1
6615 4202 68983522 1
6703 4306 68983532 1
6787 4424 68983542 1
6867 4538 68983552 1
6913 4646 68983562 1
6937 4709 68983572 1
6937 4743 68983582 1
6937 4743 68983592 1
6928 4734 68983602 1
6902 4682 68983612 1
6876 4602 68983622 1
6876 4537 68983632 1
6885 4488 68983642 1
6925 4451 68983652 1
7003 4440 68983662 1
7105 4465 68983672 1
7221 4515 68983682 1
7328 4571 68983692 1
7428 4635 68983702 1
7488 4704 68983712 1
7530 4778 68983722 1
7561 4853 68983732 1
7576 4929 68983742 1
7576 4971 68983752 1
7576 4992 68983762 1
7559 5000 68983772 1
7534 5000 68983782 1
7504 4992 68983792 1
7471 4976 68983802 1
7427 4945 68983812 1
7376 4905 68983822 1
7328 4851 68983832 1
7285 4793 68983842 1
7254 4729 68983852 1
7246 4681 68983862 1
7253 4642 68983872 1
7292 4618 68983882 1
7370 4618 68983892 1
7475 4637 68983902 1
7558 4661 68983912 1
7622 4680 68983922 1
7672 4674 68983932 1
7679 4652 68983942 1
7650 4601 68983952 1
7596 4534 68983962 1
7523 4456 68983972 1
7446 4383 68983982 1
7366 4326 68983992 1
7303 4281 68984002 1
7293 4281 68984012 1
7318 4303 68984022 1
7379 4348 68984032 1
7486 4444 68984042 1
7624 4548 68984052 1
7762 4658 68984062 1
7901 4764 68984072 1
8041 4873 68984082 1
8144 4983 68984092 1
8205 5051 68984102 1
8237 5099 68984112 1
8237 5135 68984122 1
8226 5165 68984132 1
8200 5191 68984142 1
8161 5209 68984152 1
8115 5219 68984162 1
8064 5219 68984172 1
8017 5211 68984182 1
7971 5175 68984192 1
7914 5121 68984202 1
7848 5023 68984212 1
7799 4908 68984222 1
7784 4782 68984232 1
7792 4700 68984242 1
7833 4657 68984252 1
7900 4641 68984262 1
7985 4661 68984272 1
8067 4708 68984282 1
8146 4772 68984292 1
8218 4867 68984302 1
8287 4960 68984312 1
8339 5053 68984322 1
8363 5116 68984332 1
8363 5140 68984342 1
8363 5140 68984352 1
8354 5107 68984362 1
8337 5035 68984372 1
8337 4936 68984382 1
8357 4853 68984392 1
8400 4795 68984402 1
8470 4754 68984412 1
8541 4754 68984422 1
8605 4790 68984432 1
8665 4850 68984442 1
8705 4908 68984452 1
8728 4966 68984462 1
8740 5032 68984472 1
8761 5103 68984482 1
8782 5176 68984492 1
8798 5219 68984502 1
8810 5242 68984512 1
8810 5242 68984522 1
8810 5212 68984532 1
8796 5162 68984542 1
8765 5074 68984552 1
8732 4985 68984562 1
8704 4908 68984572 1
8685 4839 68984582 1
8685 4802 68984592 1
8685 4793 68984602 1
8692 4802 68984612 1
8704 4840 68984622 1
8737 4905 68984632 1
8781 4988 68984642 1
8850 5084 68984652 1
8932 5188 68984662 1
9023 5297 68984654 1
9080 5365 68984664 1
9114 5386 68984674 1
9133 5375 68984684 1
9133 5312 68984694 1
9114 5215 68984704 1
9082 5096 68984714 1
9073 5009 68984724 1
9108 4962 68984734 1
9173 4942 68984744 1
9279 4960 68984754 1
9420 5001 68984764 1
9584 5057 68984774 1
9963 5371 68984834 0
9936 5469 68984844 1
9899 5532 68984854 1
9854 5574 68984864 1
9794 5602 68984874 1
9735 5602 68984884 1
9662 5566 68984894 1
9580 5505 68984904 1
9490 5407 68984914 1
9439 5309 68984924 1
9413 5211 68984934 1
9413 5135 68984944 1
9438 5072 68984954 1
9487 5034 68984964 1
9557 5034 68984974 1
9638 5054 68984984 1
9726 5105 68984994 1
9791 5176 68985004 1
9835 5261 68985014 1
9866 5350 68985024 1
9873 5431 68985034 1
9873 5507 68985044 1
9859 5521 68985054 1
9851 5497 68985064 1
9834 5448 68985074 1
9812 5336 68985084 1
9807 5238 68985094 1
9859 5150 68985104 1
9948 5093 68985114 1
10054 5061 68985124 1
10124 5045 68985134 1
10171 5027 68985144 1
10189 5020 68985154 1
