220
6665 6154 69018373 0
6802 6271 69018383 1
6784 6368 69018393 1
6770 6414 69018403 1
6734 6426 69018413 1
6682 6439 69018423 1
6573 6398 69018433 1
6405 6322 69018443 1
6197 6185 69018453 1
5954 5966 69018463 1
5662 5692 69018473 1
5337 5344 69018483 1
5027 4970 69018493 1
4853 4578 69018503 1
4770 4373 69018513 1
4822 4238 69018523 1
4959 4151 69018533 1
5153 4151 69018543 1
5387 4191 69018553 1
5579 4248 69018563 1
5744 4229 69018573 1
5815 4081 69018583 1
5758 3847 69018593 1
5616 3550 69018603 1
5429 3250 69018613 1
5200 2943 69018623 1
4943 2633 69018633 1
4697 2421 69018643 1
4542 2280 69018653 1
4448 2186 69018663 1
4439 2179 69018673 1
4479 2236 69018683 1
4552 2335 69018693 1
4783 2569 69018703 1
5070 2898 69018713 1
5394 3291 69018723 1
5752 3648 69018733 1
6051 3962 69018743 1
6311 4248 69018753 1
6524 4454 69018763 1
6637 4544 69018773 1
6684 4558 69018783 1
6684 4558 69018793 1
6684 4551 69018803 1
6684 4551 69018813 1
6684 4551 69018823 1
6684 4551 69018833 1
6684 4551 69018843 1
6684 4551 69018853 1
6684 4551 69018863 1
6684 4551 69018873 1
6684 4557 69018883 1
6684 4557 69018893 1
6684 4510 69018903 1
6684 4432 69018913 1
6684 4303 69018923 1
6692 4172 69018933 1
6692 4061 69018943 1
6702 3964 69018953 1
6716 3906 69018963 1
6746 3887 69018973 1
6786 3893 69018983 1
6862 3961 69018993 1
6927 4053 69019003 1
6984 4162 69019013 1
7023 4272 69019023 1
7051 4384 69019033 1
7071 4498 69019043 1
7086 4579 69019053 1
7086 4609 69019063 1
7086 4604 69019073 1
7086 4594 69019083 1
7071 4530 69019093 1
7051 4430 69019103 1
7041 4294 69019113 1
7033 4196 69019123 1
7049 4145 69019133 1
7080 4123 69019143 1
7139 4130 69019153 1
7222 4186 69019163 1
7320 4264 69019173 1
7411 4357 69019183 1
7503 4459 69019193 1
7600 4573 69019203 1
7723 4695 69019213 1
7865 4859 69019223 1
7981 4987 69019233 1
8072 5091 69019243 1
8145 5176 69019253 1
8190 5208 69019263 1
8183 5208 69019273 1
8141 5163 69019283 1
8049 5068 69019293 1
7929 4937 69019303 1
7790 4789 69019313 1
7676 4674 69019323 1
7624 4581 69019333 1
7614 4521 69019343 1
7632 4487 69019353 1
7685 4471 69019363 1
7760 4482 69019373 1
7846 4495 69019383 1
7922 4509 69019393 1
7963 4494 69019403 1
7985 4473 69019413 1
7979 4417 69019423 1
7927 4341 69019433 1
7843 4251 69019443 1
7732 4165 69019453 1
7622 4099 69019463 1
7549 4044 69019473 1
7499 4026 69019483 1
7494 4035 69019493 1
7532 4061 69019503 1
7599 4157 69019513 1
7765 4311 69019523 1
7765 4311 69019524 0
8324 4795 69019534 1
8441 4909 69019544 1
8521 4977 69019554 1
8556 5016 69019564 1
8556 5036 69019574 1
8528 5058 69019584 1
8487 5078 69019594 1
8443 5093 69019604 1
8398 5104 69019614 1
8342 5111 69019624 1
8287 5089 69019634 1
8225 5048 69019644 1
8157 4958 69019654 1
8115 4843 69019664 1
8101 4712 69019674 1
8106 4631 69019684 1
8130 4584 69019694 1
8181 4559 69019704 1
8249 4576 69019714 1
8364 4636 69019724 1
8463 4726 69019734 1
8550 4821 69019744 1
8599 4912 69019754 1
8623 4993 69019764 1
8631 5068 69019774 1
8631 5107 69019784 1
8631 5123 69019794 1
8620 5123 69019804 1
8610 5070 69019814 1
8588 4990 69019824 1
8557 4891 69019834 1
8541 4800 69019844 1
8557 4750 69019854 1
8594 4725 69019864 1
8646 4725 69019874 1
8703 4765 69019884 1
8767 4829 69019894 1
8814 4897 69019904 1
8849 4965 69019914 1
8874 5040 69019924 1
8895 5119 69019934 1
8914 5201 69019944 1
8928 5251 69019954 1
8933 5281 69019964 1
8933 5281 69019974 1
8924 5238 69019984 1
8884 5171 69019994 1
8822 5062 69020004 1
8783 4966 69020014 1
8764 4880 69020024 1
8757 4829 69020034 1
8763 4811 69020044 1
8772 4811 69020054 1
8784 4860 69020064 1
8817 4925 69020074 1
8852 5004 69020084 1
8894 5083 69020094 1
8951 5167 69020104 1
9018 5255 69020114 1
9077 5317 69020124 1
9114 5342 69020134 1
9136 5342 69020144 1
9156 5319 69020154 1
9156 5261 69020164 1
9137 5180 69020174 1
9112 5097 69020184 1
9100 5035 69020194 1
9131 4988 69020204 1
9186 4982 69020214 1
9297 5024 69020224 1
9446 5097 69020234 1
9620 5194 69020244 1
9748 5298 69020254 1
9845 5406 69020264 1
9920 5485 69020274 1
9920 5538 69020284 1
9898 5574 69020294 1
9860 5596 69020304 1
9797 5596 69020314 1
9707 5573 69020324 1
9598 5505 69020334 1
9489 5403 69020344 1
9412 5279 69020354 1
9356 5174 69020364 1
9348 5091 69020374 1
9380 5023 69020384 1
9439 4984 69020394 1
9523 4992 69020404 1
9607 5032 69020414 1
9687 5089 69020424 1
9735 5157 69020434 1
9763 5233 69020444 1
9778 5317 69020454 1
9778 5392 69020464 1
9778 5461 69020474 1
9778 5475 69020484 1
9770 5456 69020494 1
9770 5415 69020504 1
9770 5317 69020514 1
9770 5226 69020524 1
9837 5139 69020534 1
9940 5074 69020544 1
10068 5040 69020554 1
