293
3228 4817 1219433 0
3134 4708 1219443 1
3002 4680 1219453 1
2915 4630 1219463 1
2855 4566 1219473 1
2836 4538 1219483 1
2873 4551 1219493 1
2948 4591 1219503 1
3146 4718 1219513 1
3403 4888 1219523 1
3698 5086 1219533 1
3948 5217 1219543 1
4201 5344 1219553 1
4421 5444 1219563 1
4618 5529 1219573 1
4814 5593 1219583 1
4968 5660 1219593 1
5093 5729 1219603 1
5228 5800 1219613 1
5324 5871 1219623 1
5393 5912 1219633 1
5412 5934 1219643 1
5383 5934 1219653 1
5321 5934 1219663 1
5217 5921 1219673 1
5100 5905 1219683 1
4974 5905 1219693 1
4877 5921 1219703 1
4809 5962 1219713 1
4759 6014 1219723 1
4740 6073 1219733 1
4756 6113 1219743 1
4794 6131 1219753 1
4831 6131 1219763 1
4869 6125 1219773 1
4909 6089 1219783 1
4945 6035 1219793 1
4980 5927 1219803 1
4998 5766 1219813 1
4998 5570 1219823 1
4979 5319 1219833 1
4964 5027 1219843 1
4964 4708 1219853 1
4964 4405 1219863 1
4990 4136 1219873 1
5016 3889 1219883 1
5048 3714 1219893 1
5080 3591 1219903 1
5098 3503 1219913 1
5106 3468 1219923 1
5106 3468 1219933 1
5092 3491 1219943 1
4880 4899 1220044 0
4987 5088 1220054 1
4999 5155 1220064 1
4991 5176 1220074 1
5005 5176 1220084 1
5020 5176 1220094 1
5013 5141 1220104 1
4992 5042 1220114 1
4927 4899 1220124 1
4829 4694 1220134 1
4709 4485 1220144 1
4545 4274 1220154 1
4420 4062 1220164 1
4321 3921 1220174 1
4279 3828 1220184 1
4851 4720 1220314 0
4977 4720 1220324 1
4977 4708 1220334 1
4948 4708 1220344 1
4987 4699 1220354 1
5062 4699 1220364 1
5160 4699 1220374 1
5284 4704 1220384 1
5385 4704 1220394 1
5471 4704 1220404 1
5518 4677 1220414 1
5557 6109 1220755 0
5557 6109 1220765 1
5557 6109 1220775 1
5557 6109 1220785 1
5622 6066 1220795 1
5662 5981 1220805 1
5703 5854 1220815 1
5725 5727 1220825 1
5734 5604 1220835 1
5734 5497 1220845 1
5727 5399 1220855 1
5727 5319 1220865 1
5741 5268 1220875 1
5755 5237 1220885 1
5769 5229 1220895 1
5517 5823 1220985 0
5499 5890 1220995 1
5483 5944 1221005 1
5460 5982 1221015 1
5482 6009 1221025 1
5552 6078 1221035 1
5654 6175 1221045 1
5779 6290 1221055 1
5882 6404 1221065 1
5969 6511 1221075 1
6038 6568 1221085 1
6085 6595 1221095 1
6117 6580 1221105 1
6123 6514 1221115 1
6103 6415 1221125 1
6065 6253 1221135 1
6013 6064 1221145 1
5958 5858 1221155 1
5900 5653 1221165 1
5857 5472 1221175 1
5837 5307 1221185 1
5831 5191 1221195 1
5854 5125 1221205 1
5877 5092 1221215 1
5900 5074 1221225 1
5489 5629 1221346 0
5605 5725 1221356 1
5655 5791 1221366 1
5731 5843 1221376 1
5825 5885 1221386 1
5931 5936 1221396 1
6000 5961 1221406 1
6021 5968 1221416 1
6011 5947 1221426 1
5960 5881 1221436 1
5887 5784 1221446 1
5800 5688 1221456 1
5694 5588 1221466 1
5618 5521 1221476 1
5562 5477 1221486 1
5554 5471 1221496 1
5562 5471 1221506 1
5581 5485 1221516 1
5619 5506 1221526 1
5661 5527 1221536 1
5712 5550 1221546 1
5769 5575 1221556 1
5826 5591 1221566 1
5862 5601 1221576 1
5884 5596 1221586 1
5892 5582 1221596 1
5880 5559 1221606 1
5855 5513 1221616 1
5802 5453 1221626 1
5730 5375 1221636 1
5646 5296 1221646 1
5579 5241 1221656 1
5549 5202 1221666 1
5544 5202 1221676 1
5580 5233 1221686 1
5645 5279 1221696 1
5730 5340 1221706 1
5443 4930 1221836 0
5425 4837 1221846 1
5347 4853 1221856 1
5347 4861 1221866 1
5392 4861 1221876 1
5465 4913 1221886 1
5579 4989 1221896 1
5714 5083 1221906 1
5862 5169 1221916 1
5978 5232 1221926 1
6063 5281 1221936 1
6127 5301 1221946 1
6141 5301 1221956 1
6130 5284 1221966 1
6103 5250 1221976 1
6057 5189 1221986 1
5991 5110 1221996 1
5912 5018 1222006 1
5823 4924 1222016 1
5722 4819 1222026 1
5614 4707 1222036 1
5527 4613 1222046 1
5444 4540 1222056 1
5387 4480 1222066 1
5345 4440 1222076 1
5324 4424 1222086 1
5324 4424 1222096 1
5337 4430 1222106 1
5375 4455 1222116 1
5464 4494 1222126 1
5587 4574 1222136 1
5784 4675 1222146 1
5982 4791 1222156 1
6199 4910 1222166 1
6429 4997 1222176 1
6633 5062 1222186 1
6842 5091 1222196 1
7010 5070 1222206 1
7150 5015 1222216 1
7294 4932 1222226 1
7421 4814 1222236 1
7536 4674 1222246 1
7600 4575 1222256 1
7618 4456 1222266 1
7604 4323 1222276 1
7530 4182 1222286 1
7423 4021 1222296 1
7294 3848 1222306 1
7158 3656 1222316 1
7029 3515 1222326 1
6890 3408 1222336 1
6741 3337 1222346 1
5902 4552 1222507 0
5995 4628 1222517 1
6003 4676 1222527 1
6012 4728 1222537 1
6030 4738 1222547 1
6025 4743 1222557 1
6005 4705 1222567 1
5941 4640 1222577 1
5853 4502 1222587 1
5749 4341 1222597 1
5641 4164 1222607 1
5595 4057 1222617 1
5590 4008 1222627 1
5642 3999 1222637 1
5738 4039 1222647 1
5863 4121 1222657 1
5989 4230 1222667 1
6123 4347 1222677 1
6266 4461 1222687 1
6406 4543 1222697 1
6519 4605 1222707 1
6617 4614 1222717 1
6638 4563 1222727 1
6595 4473 1222737 1
6510 4322 1222747 1
6373 4147 1222757 1
6208 3955 1222767 1
6023 3775 1222777 1
5883 3642 1222787 1
5781 3541 1222797 1
5705 3504 1222807 1
5685 3528 1222817 1
5707 3594 1222827 1
5757 3728 1222837 1
5847 3903 1222847 1
5959 4105 1222857 1
6085 4254 1222867 1
6239 4368 1222877 1
6396 4459 1222887 1
6524 4494 1222897 1
6633 4488 1222907 1
6694 4455 1222917 1
6712 4395 1222927 1
6702 4297 1222937 1
6643 4175 1222947 1
6548 4040 1222957 1
6430 3905 1222967 1
6314 3800 1222977 1
6219 3715 1222987 1
6139 3681 1222997 1
6082 3689 1223007 1
6047 3724 1223017 1
6026 3799 1223027 1
6038 3888 1223037 1
6104 3986 1223047 1
6207 4079 1223057 1
6364 4181 1223067 1
6526 4288 1223077 1
6686 4371 1223087 1
6842 4411 1223097 1
6926 4422 1223107 1
6959 4399 1223117 1
6959 4341 1223127 1
6919 4260 1223137 1
6850 4156 1223147 1
6759 4067 1223157 1
6679 3988 1223167 1
6617 3939 1223177 1
6567 3919 1223187 1
6537 3919 1223197 1
6523 3935 1223207 1
6523 3964 1223217 1
6534 4000 1223227 1
6566 4032 1223237 1
6610 4061 1223247 1
6663 4061 1223257 1
6710 4053 1223267 1
6705 3992 1223277 1
6668 3867 1223287 1
6563 3700 1223297 1
6425 3496 1223307 1
6266 3287 1223317 1
6129 3116 1223327 1
6045 2973 1223337 1
5997 2915 1223347 1
5962 2932 1223357 1
