199
3740 5089 430218 0
3625 4997 430228 1
3542 4982 430238 1
3542 4975 430248 1
3627 4975 430258 1
3768 5001 430268 1
3965 5080 430278 1
4254 5193 430288 1
4605 5323 430298 1
4984 5433 430308 1
5356 5530 430318 1
5722 5578 430328 1
5997 5596 430338 1
6202 5596 430348 1
6361 5604 430358 1
6466 5633 430368 1
6527 5675 430378 1
6143 6557 430458 0
6023 6800 430468 1
5972 6878 430478 1
5912 6921 430488 1
5895 6862 430498 1
5878 6734 430508 1
5852 6402 430518 1
5820 5941 430528 1
5799 5393 430538 1
5782 4807 430548 1
5795 4372 430558 1
5827 4037 430568 1
5859 3801 430578 1
5905 3619 430588 1
5961 3472 430598 1
6010 3407 430608 1
6048 3397 430618 1
6079 3423 430628 1
6085 3516 430638 1
6068 3675 430648 1
6036 3879 430658 1
5989 4128 430668 1
5937 4417 430678 1
5882 4732 430688 1
5848 5040 430698 1
5848 5345 430708 1
5879 5605 430718 1
5949 5835 430728 1
5993 5918 430738 1
6020 5900 430748 1
6005 5815 430758 1
5945 5597 430768 1
5856 5298 430778 1
5723 4945 430788 1
5593 4702 430798 1
5466 4536 430808 1
5373 4421 430818 1
5317 4366 430828 1
5286 4366 430838 1
5286 4397 430848 1
5344 4505 430858 1
5432 4623 430868 1
5575 4748 430878 1
5778 4852 430888 1
6020 4933 430898 1
6304 4998 430908 1
6545 5048 430918 1
6758 5069 430928 1
6897 5069 430938 1
6957 5050 430948 1
6965 5007 430958 1
6920 4949 430968 1
6847 4895 430978 1
6756 4886 430988 1
7077 6421 431099 0
7116 6586 431109 1
7068 6669 431119 1
7055 6747 431129 1
7077 6821 431139 1
7123 6859 431149 1
7151 6847 431159 1
7180 6801 431169 1
7180 6633 431179 1
7149 6357 431189 1
7102 6009 431199 1
7085 5743 431209 1
7085 5571 431219 1
7094 5461 431229 1
7099 5381 431239 1
7105 5350 431249 1
7111 5350 431259 1
7117 5383 431269 1
7122 5494 431279 1
7144 5659 431289 1
7168 5881 431299 1
7196 6131 431309 1
7228 6399 431319 1
7261 6655 431329 1
7316 6854 431339 1
7372 7014 431349 1
7426 7049 431359 1
7478 7040 431369 1
7532 7001 431379 1
7609 6912 431389 1
7660 6734 431399 1
7693 6497 431409 1
7705 6201 431419 1
7710 5941 431429 1
7710 5705 431439 1
7670 5527 431449 1
7604 5397 431459 1
7520 5300 431469 1
7434 5259 431479 1
7365 5283 431489 1
7307 5351 431499 1
7273 5485 431509 1
7259 5650 431519 1
7259 5836 431529 1
7259 5992 431539 1
7269 6078 431549 1
7305 6118 431559 1
7358 6136 431569 1
7443 6151 431579 1
7527 6141 431589 1
7608 6115 431599 1
6946 5292 431730 0
6715 5175 431740 1
6515 5106 431750 1
6351 5061 431760 1
6289 5032 431770 1
6294 5032 431780 1
6336 5039 431790 1
6441 5055 431800 1
6588 5089 431810 1
6782 5122 431820 1
6985 5149 431830 1
7195 5167 431840 1
7379 5167 431850 1
7498 5157 431860 1
7573 5126 431870 1
7582 5089 431880 1
7514 5018 431890 1
7395 4927 431900 1
7187 4815 431910 1
6935 4699 431920 1
6653 4577 431930 1
6383 4480 431940 1
6196 4400 431950 1
6065 4372 431960 1
6056 4390 431970 1
6161 4438 431980 1
6341 4549 431990 1
6617 4658 432000 1
6983 4748 432010 1
7408 4825 432020 1
7879 4859 432030 1
8275 4840 432040 1
8622 4785 432050 1
8869 4709 432060 1
8989 4592 432070 1
9025 4447 432080 1
8940 4258 432090 1
8766 4082 432100 1
8532 3916 432110 1
8224 3767 432120 1
7870 3636 432130 1
7485 3518 432140 1
7085 3435 432150 1
6774 3392 432160 1
6523 3377 432170 1
6384 3411 432180 1
6359 3503 432190 1
6411 3634 432200 1
6551 3839 432210 1
6761 4047 432220 1
7017 4257 432230 1
7316 4461 432240 1
7639 4623 432250 1
7977 4757 432260 1
8421 4725 432301 0
8198 4500 432311 1
7982 4373 432321 1
7711 4244 432331 1
7441 4140 432341 1
7172 4052 432351 1
6981 4009 432361 1
6841 3996 432371 1
6825 4002 432381 1
6946 4061 432391 1
7157 4141 432401 1
7500 4234 432411 1
7847 4263 432421 1
8197 4245 432431 1
8435 4195 432441 1
8519 4100 432451 1
8500 4000 432461 1
8338 3871 432471 1
8082 3723 432481 1
7762 3606 432491 1
7391 3535 432501 1
7068 3495 432511 1
6777 3507 432521 1
