247
4284 5405 742597 0
4284 5405 742607 1
4284 5405 742617 1
4284 5405 742627 1
4284 5405 742637 1
4284 5405 742647 1
4284 5405 742657 1
4284 5405 742667 1
4284 5405 742677 1
4397 5359 742687 1
4497 5371 742697 1
4653 5410 742707 1
4847 5465 742717 1
5054 5530 742727 1
5269 5590 742737 1
5489 5647 742747 1
5662 5694 742757 1
5786 5719 742767 1
5878 5730 742777 1
5920 5721 742787 1
5935 5711 742797 1
5935 5695 742807 1
5916 5673 742817 1
5524 6440 742928 0
5529 6572 742938 1
5506 6613 742948 1
5500 6627 742958 1
5500 6622 742968 1
5510 6607 742978 1
5523 6528 742988 1
5532 6406 742998 1
5527 6142 743008 1
5515 5772 743018 1
5498 5332 743028 1
5498 4878 743038 1
5506 4559 743048 1
5468 4330 743058 1
5459 4118 743068 1
5470 3982 743078 1
5470 3896 743088 1
5476 3857 743098 1
5476 3848 743108 1
5476 3860 743118 1
5476 3924 743128 1
5520 5488 743218 0
5526 5606 743228 1
5499 5589 743238 1
5440 5537 743248 1
5384 5439 743258 1
5330 5311 743268 1
5267 5156 743278 1
5199 5000 743288 1
5129 4840 743298 1
5060 4703 743308 1
5010 4583 743318 1
4972 4519 743328 1
4963 4505 743338 1
4993 4524 743348 1
5480 5371 743418 0
5561 5435 743428 1
5536 5435 743438 1
5513 5435 743448 1
5527 5428 743458 1
5566 5417 743468 1
5654 5396 743478 1
5773 5365 743488 1
5912 5316 743498 1
6027 5255 743508 1
6106 5205 743518 1
6161 5162 743528 1
6169 5123 743538 1
6153 5089 743548 1
6777 6397 743759 0
6777 6397 743769 1
6777 6397 743779 1
6777 6397 743789 1
6777 6397 743799 1
6705 6359 743809 1
6692 6291 743819 1
6668 6167 743829 1
6635 6006 743839 1
6597 5806 743849 1
6597 5649 743859 1
6584 5522 743869 1
6554 5462 743879 1
6560 5432 743889 1
6566 5422 743899 1
6573 5422 743909 1
6573 5483 743919 1
6583 5578 743929 1
6583 5578 743959 0
6599 5985 743969 1
6604 6111 743979 1
6612 6211 743989 1
6622 6293 743999 1
6635 6353 744009 1
6648 6398 744019 1
6663 6433 744029 1
6683 6464 744039 1
6722 6498 744049 1
6772 6534 744059 1
6840 6571 744069 1
6894 6589 744079 1
6939 6578 744089 1
6976 6547 744099 1
6992 6437 744109 1
6992 6243 744119 1
6985 5992 744129 1
6974 5753 744139 1
6962 5596 744149 1
6953 5495 744159 1
6945 5406 744169 1
6936 5350 744179 1
6926 5315 744189 1
6920 5310 744199 1
6678 5886 744320 0
6678 5886 744330 1
6678 5886 744340 1
6678 5886 744350 1
6678 5886 744360 1
6678 5886 744370 1
6678 5886 744380 1
6678 5886 744390 1
6678 5886 744400 1
6770 5862 744410 1
6843 5877 744420 1
6905 5887 744430 1
6960 5892 744440 1
6998 5887 744450 1
7010 5855 744460 1
6806 5564 744510 0
6677 5449 744520 1
6638 5408 744530 1
6588 5372 744540 1
6562 5354 744550 1
6553 5347 744560 1
6560 5347 744570 1
6595 5377 744580 1
6648 5421 744590 1
6723 5466 744600 1
6807 5508 744610 1
6896 5544 744620 1
6954 5561 744630 1
6984 5561 744640 1
6996 5551 744650 1
6649 5241 744720 0
6524 5139 744730 1
6451 5108 744740 1
6381 5084 744750 1
6345 5066 744760 1
6329 5066 744770 1
6345 5085 744780 1
6397 5110 744790 1
6474 5148 744800 1
6582 5189 744810 1
6708 5231 744820 1
6845 5271 744830 1
6932 5286 744840 1
6969 5286 744850 1
6969 5265 744860 1
6936 5210 744870 1
6853 5130 744880 1
6739 5047 744890 1
6609 4960 744900 1
6475 4869 744910 1
6337 4775 744920 1
6220 4712 744930 1
6149 4669 744940 1
6109 4656 744950 1
6109 4656 744960 1
6128 4671 744970 1
6170 4708 744980 1
6241 4760 744990 1
6335 4823 745000 1
6443 4891 745010 1
6561 4955 745020 1
6681 5013 745030 1
6804 5056 745040 1
6923 5089 745050 1
7035 5111 745060 1
7144 5132 745070 1
7277 5154 745080 1
7424 5183 745090 1
7579 5215 745100 1
7750 5248 745110 1
7925 5258 745120 1
8050 5258 745130 1
8140 5207 745140 1
8196 5122 745150 1
8196 5012 745160 1
8161 4854 745170 1
8094 4686 745180 1
8006 4512 745190 1
7905 4363 745200 1
7778 4237 745210 1
7631 4127 745220 1
7471 4046 745230 1
7260 3988 745240 1
7053 3945 745250 1
6863 3930 745260 1
6684 3946 745270 1
6538 3982 745280 1
6455 4074 745290 1
6413 4221 745300 1
6582 4775 745341 0
6831 5046 745351 1
6974 5121 745361 1
7121 5164 745371 1
7272 5187 745381 1
7426 5187 745391 1
7518 5162 745401 1
7538 5128 745411 1
7511 5070 745421 1
7407 4987 745431 1
7256 4888 745441 1
7074 4783 745451 1
6897 4680 745461 1
6722 4590 745471 1
6547 4507 745481 1
6443 4463 745491 1
6393 4450 745501 1
6380 4458 745511 1
6408 4510 745521 1
6490 4591 745531 1
6609 4691 745541 1
6791 4797 745551 1
7008 4902 745561 1
7249 4978 745571 1
7484 5035 745581 1
7643 5045 745591 1
7750 5006 745601 1
7773 4935 745611 1
7717 4812 745621 1
7609 4680 745631 1
7462 4543 745641 1
7283 4432 745651 1
7083 4330 745661 1
6873 4234 745671 1
6650 4155 745681 1
6417 4100 745691 1
6246 4062 745701 1
6164 4054 745711 1
6142 4082 745721 1
6208 4135 745731 1
6344 4242 745741 1
6527 4356 745751 1
6740 4476 745761 1
