228
4378 5425 770568 0
4298 5394 770578 1
4288 5389 770588 1
4275 5389 770598 1
4288 5389 770608 1
4319 5394 770618 1
4381 5407 770628 1
4488 5442 770638 1
4624 5494 770648 1
4829 5558 770658 1
5034 5628 770668 1
5279 5695 770678 1
5550 5757 770688 1
5794 5813 770698 1
5984 5864 770708 1
6139 5913 770718 1
6239 5933 770728 1
6286 5933 770738 1
6298 5933 770748 1
6274 5913 770758 1
5503 6457 770878 0
5532 6551 770888 1
5542 6596 770898 1
5548 6624 770908 1
5564 6640 770918 1
5586 6629 770928 1
5627 6569 770938 1
5663 6477 770948 1
5678 6231 770958 1
5678 5911 770968 1
5678 5543 770978 1
5670 5147 770988 1
5657 4808 770998 1
5652 4508 771008 1
5652 4297 771018 1
5668 4141 771028 1
5690 4021 771038 1
5714 3954 771048 1
5729 3923 771058 1
5738 3916 771068 1
5738 3916 771078 1
5738 3977 771088 1
5738 4072 771098 1
5767 5408 771168 0
5792 5742 771178 1
5783 5845 771188 1
5759 5893 771198 1
5742 5901 771208 1
5724 5883 771218 1
5691 5805 771228 1
5649 5647 771238 1
5570 5435 771248 1
5481 5200 771258 1
5384 4993 771268 1
5301 4875 771278 1
5253 4806 771288 1
5228 4785 771298 1
5228 4798 771308 1
5259 4833 771318 1
5307 4925 771328 1
5376 5023 771338 1
5482 5124 771348 1
5612 5205 771358 1
5786 5263 771368 1
5942 5307 771378 1
6086 5313 771388 1
6212 5313 771398 1
6295 5292 771408 1
6350 5258 771418 1
6372 5218 771428 1
6379 5182 771438 1
6379 5164 771448 1
6372 5158 771458 1
6372 5158 771468 1
6389 6198 771589 0
6521 6505 771599 1
6570 6629 771609 1
6596 6705 771619 1
6612 6750 771629 1
6620 6760 771639 1
6620 6739 771649 1
6620 6698 771659 1
6603 6543 771669 1
6567 6302 771679 1
6532 6003 771689 1
6506 5780 771699 1
6496 5630 771709 1
6496 5529 771719 1
6496 5458 771729 1
6496 5420 771739 1
6503 5404 771749 1
6503 5410 771759 1
6512 5462 771769 1
6528 5545 771779 1
6545 5685 771789 1
6568 5857 771799 1
6593 6051 771809 1
6621 6232 771819 1
6649 6401 771829 1
6677 6563 771839 1
6705 6663 771849 1
6735 6731 771859 1
6768 6778 771869 1
6808 6812 771879 1
6856 6829 771889 1
6901 6835 771899 1
6943 6797 771909 1
6976 6685 771919 1
6982 6523 771929 1
6970 6274 771939 1
6945 6048 771949 1
6920 5838 771959 1
6894 5707 771969 1
6877 5630 771979 1
6865 5589 771989 1
6860 5589 771999 1
6853 5604 772009 1
6829 5637 772019 1
6796 5718 772029 1
6773 5839 772039 1
6773 5987 772049 1
6784 6133 772059 1
6825 6243 772069 1
6866 6328 772079 1
6906 6359 772089 1
6924 6359 772099 1
6929 6342 772109 1
6921 6290 772119 1
6910 6221 772129 1
6896 6142 772139 1
6688 5655 772260 0
6594 5571 772270 1
6533 5545 772280 1
6430 5531 772290 1
6398 5516 772300 1
6412 5516 772310 1
6427 5529 772320 1
6444 5535 772330 1
6467 5545 772340 1
6511 5558 772350 1
6568 5576 772360 1
6647 5595 772370 1
6743 5614 772380 1
6850 5614 772390 1
6934 5609 772400 1
7001 5593 772410 1
7056 5561 772420 1
7084 5520 772430 1
7073 5463 772440 1
7037 5385 772450 1
6958 5293 772460 1
6837 5199 772470 1
6689 5111 772480 1
6537 5027 772490 1
6387 4954 772500 1
6273 4900 772510 1
6182 4858 772520 1
6145 4847 772530 1
6139 4847 772540 1
6154 4863 772550 1
6199 4902 772560 1
6291 4954 772570 1
6414 5015 772580 1
6589 5085 772590 1
6822 5164 772600 1
7094 5249 772610 1
7384 5316 772620 1
7641 5345 772630 1
7875 5350 772640 1
8042 5289 772650 1
8171 5193 772660 1
8275 5075 772670 1
8333 4915 772680 1
8342 4754 772690 1
8319 4610 772700 1
8230 4478 772710 1
8094 4342 772720 1
7927 4203 772730 1
7672 4079 772740 1
7380 3967 772750 1
7062 3862 772760 1
6763 3786 772770 1
6525 3730 772780 1
6327 3741 772790 1
6199 3812 772800 1
6148 3922 772810 1
6148 4092 772820 1
6216 4290 772830 1
6337 4508 772840 1
6492 4664 772850 1
6664 4799 772860 1
6863 4921 772870 1
7081 5013 772880 1
7310 5086 772890 1
7514 5147 772900 1
7702 5168 772910 1
7817 5148 772920 1
7830 5100 772930 1
7774 5020 772940 1
7637 4918 772950 1
7451 4801 772960 1
7232 4694 772970 1
7030 4608 772980 1
6850 4537 772990 1
6685 4482 773000 1
6572 4455 773010 1
6517 4446 773020 1
6501 4452 773030 1
6542 4486 773040 1
6658 4539 773050 1
6823 4592 773060 1
7026 4644 773070 1
7251 4691 773080 1
7490 4731 773090 1
7674 4745 773100 1
7792 4745 773110 1
7867 4708 773120 1
7830 4647 773130 1
7706 4568 773140 1
7523 4466 773150 1
7285 4362 773160 1
7025 4258 773170 1
6749 4157 773180 1
6494 4077 773190 1
6310 4012 773200 1
6173 3980 773210 1
6102 3972 773220 1
6094 3979 773230 1
