254
3306 5669 1443806 0
3218 5559 1443816 1
3154 5494 1443826 1
3074 5430 1443836 1
2994 5366 1443846 1
2915 5299 1443856 1
2842 5228 1443866 1
2781 5180 1443876 1
2762 5146 1443886 1
2770 5146 1443896 1
2867 5190 1443906 1
3074 5255 1443916 1
3353 5390 1443926 1
3731 5564 1443936 1
4160 5763 1443946 1
4623 5982 1443956 1
5059 6153 1443966 1
5386 6292 1443976 1
5639 6379 1443986 1
5753 6417 1443996 1
5770 6422 1444006 1
5722 6407 1444016 1
5624 6376 1444026 1
5506 6335 1444036 1
5375 6307 1444046 1
5251 6300 1444056 1
5128 6307 1444066 1
5039 6343 1444076 1
4973 6424 1444086 1
4946 6535 1444096 1
4946 6670 1444106 1
4955 6787 1444116 1
5013 6893 1444126 1
5056 6938 1444136 1
5089 6908 1444146 1
5120 6829 1444156 1
5130 6695 1444166 1
5130 6479 1444176 1
5120 6209 1444186 1
5125 5831 1444196 1
5137 5418 1444206 1
5156 4981 1444216 1
5131 4572 1444226 1
5077 4220 1444236 1
5020 3905 1444246 1
5005 3674 1444256 1
5019 3561 1444266 1
5044 3527 1444276 1
5044 3554 1444286 1
5034 3647 1444296 1
5008 3784 1444306 1
4926 4951 1444386 0
4991 5523 1444396 1
5026 5792 1444406 1
5059 5987 1444416 1
5082 6074 1444426 1
5082 6090 1444436 1
5058 6067 1444446 1
4993 5985 1444456 1
4896 5865 1444466 1
4778 5684 1444476 1
4629 5459 1444486 1
4484 5206 1444496 1
4358 4950 1444506 1
4242 4694 1444516 1
4143 4497 1444526 1
4101 4339 1444536 1
4101 4238 1444546 1
4123 4212 1444556 1
4168 4236 1444566 1
4226 4336 1444576 1
4468 5754 1444647 0
4723 5972 1444657 1
4812 6005 1444667 1
4860 6005 1444677 1
4966 5995 1444687 1
5076 5955 1444697 1
5189 5896 1444707 1
5302 5787 1444717 1
5424 5653 1444727 1
5546 5503 1444737 1
5622 5375 1444747 1
5668 5295 1444757 1
5676 5248 1444767 1
5669 5220 1444777 1
5651 5220 1444787 1
5608 5243 1444797 1
5929 7177 1444977 0
5787 7295 1444987 1
5709 7352 1444997 1
5709 7404 1445007 1
5766 7373 1445017 1
5816 7300 1445027 1
5867 7198 1445037 1
5922 7061 1445047 1
5981 6902 1445057 1
6041 6729 1445067 1
6099 6573 1445077 1
6142 6426 1445087 1
6177 6284 1445097 1
6190 6161 1445107 1
6190 6062 1445117 1
6184 5980 1445127 1
6159 5928 1445137 1
6135 5915 1445147 1
6105 5927 1445157 1
6072 6026 1445167 1
6046 6176 1445177 1
6022 6361 1445187 1
6037 6600 1445197 1
6076 6825 1445207 1
6198 7040 1445217 1
6340 7222 1445227 1
6495 7401 1445237 1
6641 7528 1445247 1
6773 7621 1445257 1
6895 7628 1445267 1
6982 7570 1445277 1
7056 7468 1445287 1
7122 7269 1445297 1
7142 7011 1445307 1
7127 6714 1445317 1
7089 6421 1445327 1
7025 6166 1445337 1
6949 5936 1445347 1
6864 5733 1445357 1
6765 5548 1445367 1
6660 5374 1445377 1
6551 5209 1445387 1
6460 5144 1445397 1
6396 5144 1445407 1
6349 5238 1445417 1
6340 5405 1445427 1
6376 5621 1445437 1
6443 5793 1445447 1
6533 5956 1445457 1
6620 6112 1445467 1
6693 6232 1445477 1
6758 6326 1445487 1
6823 6403 1445497 1
6889 6469 1445507 1
6956 6511 1445517 1
7030 6537 1445527 1
7081 6537 1445537 1
7116 6511 1445547 1
7116 6478 1445557 1
6376 4893 1445758 0
6336 4741 1445768 1
6236 4725 1445778 1
6154 4746 1445788 1
6085 4746 1445798 1
6069 4733 1445808 1
6053 4713 1445818 1
6060 4718 1445828 1
6082 4759 1445838 1
6172 4824 1445848 1
6315 4927 1445858 1
6492 5027 1445868 1
6681 5126 1445878 1
6873 5265 1445888 1
7009 5352 1445898 1
7105 5405 1445908 1
7121 5405 1445918 1
7080 5352 1445928 1
7000 5256 1445938 1
6864 5093 1445948 1
6709 4903 1445958 1
6540 4695 1445968 1
6388 4544 1445978 1
6238 4399 1445988 1
6112 4257 1445998 1
6002 4140 1446008 1
5923 4058 1446018 1
5901 4000 1446028 1
5916 4005 1446038 1
6011 4062 1446048 1
6190 4155 1446058 1
6425 4326 1446068 1
6719 4488 1446078 1
7043 4645 1446088 1
7388 4717 1446098 1
7692 4750 1446108 1
7939 4756 1446118 1
8147 4710 1446128 1
8277 4638 1446138 1
8356 4548 1446148 1
8402 4426 1446158 1
8402 4262 1446168 1
8345 4070 1446178 1
8243 3904 1446188 1
8068 3721 1446198 1
7835 3528 1446208 1
7562 3360 1446218 1
7272 3252 1446228 1
7038 3184 1446238 1
6841 3214 1446248 1
6736 3295 1446258 1
6712 3409 1446268 1
6741 3517 1446278 1
6836 3623 1446288 1
6980 4490 1446449 0
6980 4490 1446459 1
6881 4557 1446469 1
6807 4557 1446479 1
6721 4527 1446489 1
6647 4467 1446499 1
6534 4378 1446509 1
6396 4243 1446519 1
6215 4078 1446529 1
6039 3929 1446539 1
5866 3792 1446549 1
5691 3662 1446559 1
5578 3570 1446569 1
5509 3535 1446579 1
5509 3535 1446589 1
5574 3572 1446599 1
5688 3665 1446609 1
5904 3799 1446619 1
6163 3964 1446629 1
6450 4129 1446639 1
6740 4256 1446649 1
6986 4358 1446659 1
7203 4397 1446669 1
7346 4390 1446679 1
7399 4352 1446689 1
7393 4272 1446699 1
7310 4164 1446709 1
7170 4038 1446719 1
6993 3915 1446729 1
6777 3798 1446739 1
6551 3686 1446749 1
6319 3599 1446759 1
6097 3527 1446769 1
5949 3464 1446779 1
5850 3437 1446789 1
5838 3437 1446799 1
5888 3452 1446809 1
5978 3500 1446819 1
6146 3563 1446829 1
6361 3636 1446839 1
6606 3715 1446849 1
6802 3788 1446859 1
6943 3808 1446869 1
7047 3795 1446879 1
7062 3710 1446889 1
6976 3577 1446899 1
6823 3412 1446909 1
6560 3217 1446919 1
6221 3038 1446929 1
5832 2870 1446939 1
5421 2726 1446949 1
5073 2627 1446959 1
4768 2559 1446969 1
4610 2518 1446979 1
