230
4261 5379 785960 0
4261 5379 785970 1
4261 5379 785980 1
4196 5362 785990 1
4196 5362 786000 1
4209 5362 786010 1
4267 5372 786020 1
4377 5398 786030 1
4522 5433 786040 1
4732 5479 786050 1
4976 5523 786060 1
5243 5563 786070 1
5519 5600 786080 1
5771 5637 786090 1
6008 5681 786100 1
6207 5731 786110 1
6376 5786 786120 1
6524 5839 786130 1
6612 5891 786140 1
6639 5901 786150 1
6626 5901 786160 1
6575 5888 786170 1
5839 6115 786250 0
5781 6291 786260 1
5746 6387 786270 1
5729 6447 786280 1
5729 6476 786290 1
5739 6485 786300 1
5768 6485 786310 1
5807 6420 786320 1
5844 6312 786330 1
5860 6051 786340 1
5860 5681 786350 1
5860 5239 786360 1
5860 4840 786370 1
5860 4547 786380 1
5860 4324 786390 1
5854 4154 786400 1
5848 4026 786410 1
5834 3926 786420 1
5820 3870 786430 1
5805 3850 786440 1
5805 3855 786450 1
5805 3912 786460 1
5810 4054 786470 1
5833 4253 786480 1
5865 4521 786490 1
5904 4808 786500 1
5943 5107 786510 1
5979 5376 786520 1
6013 5592 786530 1
6048 5774 786540 1
6071 5904 786550 1
6085 5953 786560 1
6085 5953 786570 1
6053 5919 786580 1
6007 5756 786590 1
5921 5504 786600 1
5803 5166 786610 1
5664 4909 786620 1
5552 4706 786630 1
5485 4628 786640 1
5449 4601 786650 1
5449 4609 786660 1
5485 4667 786670 1
5535 4780 786680 1
5618 4929 786690 1
5742 5043 786700 1
5894 5123 786710 1
6061 5181 786720 1
6236 5202 786730 1
6415 5202 786740 1
6547 5188 786750 1
6641 5151 786760 1
6709 5113 786770 1
6751 5078 786780 1
6771 5061 786790 1
6776 5054 786800 1
6767 5054 786810 1
6737 6279 786971 0
6806 6556 786981 1
6815 6645 786991 1
6842 6702 787001 1
6869 6720 787011 1
6886 6713 787021 1
6897 6656 787031 1
6881 6511 787041 1
6841 6307 787051 1
6785 6079 787061 1
6758 5894 787071 1
6748 5738 787081 1
6748 5614 787091 1
6753 5509 787101 1
6758 5416 787111 1
6765 5370 787121 1
6772 5360 787131 1
6781 5373 787141 1
6793 5436 787151 1
6807 5559 787161 1
6833 5723 787171 1
6858 5916 787181 1
6883 6111 787191 1
6909 6307 787201 1
6937 6503 787211 1
6972 6681 787221 1
7005 6799 787231 1
7034 6883 787241 1
7043 6914 787251 1
7053 6922 787261 1
7063 6915 787271 1
7091 6882 787281 1
7132 6798 787291 1
7181 6679 787301 1
7218 6485 787311 1
7255 6263 787321 1
7282 6023 787331 1
7302 5819 787341 1
7302 5675 787351 1
7290 5570 787361 1
7271 5494 787371 1
7251 5457 787381 1
7233 5445 787391 1
7216 5453 787401 1
7187 5504 787411 1
7150 5583 787421 1
7124 5690 787431 1
7104 5812 787441 1
7094 5943 787451 1
7094 6051 787461 1
7105 6129 787471 1
7130 6188 787481 1
7164 6218 787491 1
7200 6242 787501 1
7237 6242 787511 1
7265 6230 787521 1
7287 6197 787531 1
7302 6147 787541 1
7302 6085 787551 1
7005 5452 787672 0
6890 5350 787682 1
6817 5307 787692 1
6768 5277 787702 1
6756 5264 787712 1
6769 5264 787722 1
6804 5273 787732 1
6844 5296 787742 1
6901 5328 787752 1
6967 5362 787762 1
7037 5390 787772 1
7108 5406 787782 1
7181 5406 787792 1
7251 5406 787802 1
7294 5384 787812 1
7320 5356 787822 1
7310 5320 787832 1
7243 5248 787842 1
7138 5153 787852 1
7006 5054 787862 1
6849 4963 787872 1
6675 4878 787882 1
6540 4813 787892 1
6451 4775 787902 1
6392 4755 787912 1
6397 4755 787922 1
6450 4790 787932 1
6536 4847 787942 1
6701 4928 787952 1
6934 5005 787962 1
7211 5080 787972 1
7536 5143 787982 1
7840 5168 787992 1
8131 5168 788002 1
8380 5131 788012 1
8560 5048 788022 1
8694 4935 788032 1
8762 4791 788042 1
8748 4633 788052 1
8678 4465 788062 1
8540 4296 788072 1
8331 4129 788082 1
8075 3990 788092 1
7787 3869 788102 1
7495 3773 788112 1
7201 3720 788122 1
6988 3697 788132 1
6834 3745 788142 1
6718 3866 788152 1
6712 4035 788162 1
6795 4236 788172 1
6936 4431 788182 1
7097 4621 788192 1
7275 4782 788202 1
7465 4895 788212 1
7619 4976 788222 1
7747 5019 788232 1
7857 5038 788242 1
7911 5038 788252 1
7902 5038 788262 1
7851 5000 788272 1
7730 4944 788282 1
7574 4873 788292 1
7394 4790 788302 1
7180 4698 788312 1
6971 4617 788322 1
6795 4557 788332 1
6640 4510 788342 1
6588 4496 788352 1
6624 4511 788362 1
6718 4545 788372 1
6917 4607 788382 1
7158 4665 788392 1
7426 4720 788402 1
7690 4754 788412 1
7954 4759 788422 1
8139 4744 788432 1
8270 4704 788442 1
8342 4643 788452 1
8315 4567 788462 1
8223 4463 788472 1
8044 4349 788482 1
7791 4228 788492 1
7489 4134 788502 1
7152 4063 788512 1
6874 4008 788522 1
6634 4002 788532 1
6484 4020 788542 1
6406 4054 788552 1
6376 4102 788562 1
6433 4191 788572 1
6574 4307 788582 1
