270
4118 4967 394947 0
4118 4967 394957 1
4027 4942 394967 1
3993 4932 394977 1
3980 4926 394987 1
3980 4926 394997 1
4002 4926 395007 1
4063 4939 395017 1
4151 4960 395027 1
4285 5005 395037 1
4475 5079 395047 1
4702 5172 395057 1
4974 5277 395067 1
5289 5390 395077 1
5633 5509 395087 1
5965 5604 395097 1
6233 5669 395107 1
6458 5713 395117 1
6596 5727 395127 1
6659 5720 395137 1
6672 5699 395147 1
6646 5685 395157 1
5779 6416 395278 0
5758 6538 395288 1
5743 6595 395298 1
5758 6605 395308 1
5791 6577 395318 1
5844 6525 395328 1
5874 6342 395338 1
5889 5999 395348 1
5899 5550 395358 1
5893 5020 395368 1
5876 4619 395378 1
5865 4305 395388 1
5847 4035 395398 1
5825 3795 395408 1
5807 3576 395418 1
5807 3416 395428 1
5818 3306 395438 1
5831 3229 395448 1
5837 3209 395458 1
5837 3227 395468 1
5828 3270 395478 1
5809 3378 395488 1
5783 3530 395498 1
5767 3711 395508 1
5751 3969 395518 1
5751 4248 395528 1
5761 4542 395538 1
5791 4810 395548 1
5823 5028 395558 1
5855 5212 395568 1
5855 5294 395578 1
5845 5311 395588 1
5810 5285 395598 1
5777 5242 395608 1
5715 5098 395618 1
5631 4886 395628 1
5539 4658 395638 1
5448 4468 395648 1
5357 4304 395658 1
5265 4175 395668 1
5201 4103 395678 1
5153 4069 395688 1
5147 4069 395698 1
5172 4109 395708 1
5218 4177 395718 1
5314 4328 395728 1
5444 4485 395738 1
5596 4647 395748 1
5792 4798 395758 1
5990 4924 395768 1
6192 5033 395778 1
6392 5099 395788 1
6548 5130 395798 1
6677 5139 395808 1
6764 5081 395818 1
6794 4919 395828 1
6786 4687 395838 1
6733 4522 395848 1
6686 4446 395858 1
6649 4430 395868 1
6649 4458 395878 1
6947 6072 396009 0
6947 6147 396019 1
6852 6220 396029 1
6830 6319 396039 1
6855 6370 396049 1
6935 6414 396059 1
7000 6453 396069 1
7056 6438 396079 1
7071 6334 396089 1
7041 6170 396099 1
6981 5934 396109 1
6936 5743 396119 1
6897 5581 396129 1
6867 5456 396139 1
6845 5365 396149 1
6832 5296 396159 1
6832 5269 396169 1
6832 5269 396179 1
6847 5279 396189 1
6877 5364 396199 1
6926 5517 396209 1
6988 5715 396219 1
7059 5939 396229 1
7129 6160 396239 1
7183 6328 396249 1
7225 6461 396259 1
7257 6534 396269 1
7294 6583 396279 1
7343 6615 396289 1
7390 6624 396299 1
7436 6589 396309 1
7491 6524 396319 1
7514 6353 396329 1
7514 6102 396339 1
7486 5799 396349 1
7465 5583 396359 1
7449 5407 396369 1
7407 5258 396379 1
7347 5144 396389 1
7275 5069 396399 1
7200 5019 396409 1
7125 5004 396419 1
7050 5021 396429 1
6991 5060 396439 1
6937 5128 396449 1
6900 5211 396459 1
6874 5304 396469 1
6874 5392 396479 1
6911 5475 396489 1
6964 5556 396499 1
7056 5638 396509 1
7166 5707 396519 1
7288 5753 396529 1
7388 5784 396539 1
7438 5784 396549 1
7455 5765 396559 1
7446 5734 396569 1
7394 5658 396579 1
7314 5571 396589 1
7232 5477 396599 1
7143 5391 396609 1
7049 5303 396619 1
6934 5214 396629 1
6798 5126 396639 1
6649 5038 396649 1
6518 4957 396659 1
6410 4882 396669 1
6318 4831 396679 1
6263 4805 396689 1
6242 4797 396699 1
6242 4797 396709 1
6260 4815 396719 1
6299 4845 396729 1
6352 4888 396739 1
6442 4936 396749 1
6576 4988 396759 1
6738 5039 396769 1
6936 5087 396779 1
7128 5129 396789 1
7315 5166 396799 1
7474 5182 396809 1
7567 5182 396819 1
7617 5163 396829 1
7637 5118 396839 1
7610 5057 396849 1
7552 4945 396859 1
7440 4828 396869 1
7285 4707 396879 1
7102 4618 396889 1
6910 4539 396899 1
6710 4466 396909 1
6505 4416 396919 1
6354 4379 396929 1
6239 4352 396939 1
6148 4336 396949 1
6119 4336 396959 1
6150 4336 396969 1
6221 4382 396979 1
6366 4464 396989 1
6576 4572 396999 1
6830 4686 397009 1
7107 4798 397019 1
7405 4885 397029 1
7716 4956 397039 1
7992 4992 397049 1
8233 5022 397059 1
8451 5040 397069 1
8654 5019 397079 1
8835 4972 397089 1
9000 4886 397099 1
9111 4743 397109 1
9173 4561 397119 1
9202 4391 397129 1
9185 4218 397139 1
9117 4065 397149 1
9014 3927 397159 1
8846 3780 397169 1
8620 3636 397179 1
8356 3495 397189 1
8098 3369 397199 1
7878 3287 397209 1
7683 3235 397219 1
7517 3235 397229 1
7350 3280 397239 1
7182 3348 397249 1
7050 3428 397259 1
6944 3516 397269 1
6904 3610 397279 1
6917 3730 397289 1
6964 3881 397299 1
7049 4054 397309 1
7184 4240 397319 1
7351 4412 397329 1
7457 4576 397339 1
7605 4655 397349 1
7781 4704 397359 1
7971 4734 397369 1
8166 4734 397379 1
8368 4725 397389 1
8536 4712 397399 1
8680 4697 397409 1
8752 4659 397419 1
8735 4617 397429 1
8658 4536 397439 1
8497 4430 397449 1
8277 4315 397459 1
8017 4199 397469 1
7747 4083 397479 1
7506 3997 397489 1
7285 3931 397499 1
7133 3901 397509 1
7055 3907 397519 1
7025 3937 397529 1
7043 3994 397539 1
7101 4072 397549 1
7185 4163 397559 1
7314 4228 397569 1
7488 4291 397579 1
7693 4348 397589 1
7956 4401 397599 1
8211 4447 397609 1
8460 4483 397619 1
8650 4483 397629 1
8766 4469 397639 1
8832 4427 397649 1
8832 4357 397659 1
8778 4268 397669 1
8688 4151 397679 1
8563 4055 397689 1
8399 3973 397699 1
8208 3892 397709 1
8004 3818 397719 1
7779 3750 397729 1
7541 3693 397739 1
7360 3656 397749 1
7238 3632 397759 1
7155 3617 397769 1
7145 3617 397779 1
7187 3624 397789 1
7264 3649 397799 1
7386 3686 397809 1
7518 3732 397819 1
7656 3777 397829 1
7745 3792 397839 1
7783 3792 397849 1
7783 3763 397859 1
7730 3714 397869 1
