268
3595 6140 476074 0
3522 6046 476084 1
3443 6017 476094 1
3337 6011 476104 1
3337 6005 476114 1
3396 6017 476124 1
3498 6043 476134 1
3678 6101 476144 1
3909 6171 476154 1
4174 6248 476164 1
4500 6320 476174 1
4829 6389 476184 1
5161 6471 476194 1
5443 6562 476204 1
5636 6641 476214 1
5770 6691 476224 1
5829 6722 476234 1
5843 6722 476244 1
5826 6731 476254 1
4962 7163 476334 0
4826 7330 476344 1
4753 7406 476354 1
4735 7406 476364 1
4754 7349 476374 1
4801 7204 476384 1
4842 6933 476394 1
4879 6578 476404 1
4921 6056 476414 1
4984 5436 476424 1
5061 4752 476434 1
5168 4133 476444 1
5275 3636 476454 1
5354 3221 476464 1
5413 2961 476474 1
5461 2811 476484 1
5490 2735 476494 1
5506 2728 476504 1
5517 2774 476514 1
5508 2856 476524 1
5485 3049 476534 1
5430 3325 476544 1
5346 3656 476554 1
5243 4043 476564 1
5121 4462 476574 1
5005 4903 476584 1
4924 5227 476594 1
4864 5420 476604 1
4814 5526 476614 1
4766 5567 476624 1
4721 5574 476634 1
4659 5558 476644 1
4585 5479 476654 1
4499 5326 476664 1
4401 5123 476674 1
4295 4906 476684 1
4175 4672 476694 1
4066 4428 476704 1
3965 4244 476714 1
3921 4164 476724 1
3921 4154 476734 1
4252 5151 476815 0
4544 5266 476825 1
4635 5366 476835 1
4730 5345 476845 1
4849 5244 476855 1
4984 5186 476865 1
5131 5127 476875 1
5278 5068 476885 1
5423 5009 476895 1
5556 4967 476905 1
5683 4935 476915 1
5796 4924 476925 1
5867 4933 476935 1
5911 4956 476945 1
5935 4988 476955 1
5268 7245 477075 0
5417 7218 477085 1
5361 7272 477095 1
5361 7249 477105 1
5380 7226 477115 1
5411 7174 477125 1
5439 7103 477135 1
5470 6932 477145 1
5502 6724 477155 1
5545 6492 477165 1
5593 6210 477175 1
5651 5948 477185 1
5730 5700 477195 1
5822 5538 477205 1
5890 5439 477215 1
5934 5383 477225 1
5344 6848 477356 0
5384 6999 477366 1
5393 7048 477376 1
5400 7087 477386 1
5515 7170 477396 1
5668 7265 477406 1
5845 7369 477416 1
5987 7424 477426 1
6134 7432 477436 1
6268 7408 477446 1
6392 7336 477456 1
6472 7220 477466 1
6518 7074 477476 1
6540 6881 477486 1
6531 6667 477496 1
6502 6438 477506 1
6460 6226 477516 1
6413 6039 477526 1
6350 5869 477536 1
6275 5715 477546 1
5461 5980 477646 0
5461 5980 477656 1
5461 5980 477666 1
5461 5980 477676 1
5532 6047 477686 1
5624 6106 477696 1
5749 6186 477706 1
5895 6252 477716 1
6017 6317 477726 1
6116 6354 477736 1
6200 6372 477746 1
6236 6355 477756 1
5825 5921 477837 0
5787 5830 477847 1
5787 5838 477857 1
5848 5850 477867 1
5946 5893 477877 1
6064 5956 477887 1
6186 6028 477897 1
6297 6096 477907 1
6398 6161 477917 1
6456 6197 477927 1
6482 6208 477937 1
6487 6203 477947 1
5512 5337 478037 0
5461 5220 478047 1
5461 5256 478057 1
5454 5279 478067 1
5542 5293 478077 1
5659 5373 478087 1
5794 5461 478097 1
5913 5555 478107 1
6016 5625 478117 1
6109 5689 478127 1
6173 5719 478137 1
6201 5729 478147 1
6201 5729 478157 1
6185 5688 478167 1
6130 5627 478177 1
6052 5512 478187 1
5964 5356 478197 1
5867 5172 478207 1
5763 4989 478217 1
5644 4800 478227 1
5545 4628 478237 1
5458 4469 478247 1
5385 4340 478257 1
5346 4277 478267 1
5330 4258 478277 1
5330 4263 478287 1
5359 4315 478297 1
5401 4399 478307 1
5485 4530 478317 1
5605 4677 478327 1
5749 4835 478337 1
5919 4998 478347 1
6095 5122 478357 1
6309 5219 478367 1
6545 5283 478377 1
6782 5302 478387 1
7006 5290 478397 1
7202 5229 478407 1
7385 5142 478417 1
7525 5039 478427 1
7625 4899 478437 1
7697 4742 478447 1
7730 4573 478457 1
7720 4395 478467 1
7680 4217 478477 1
7612 4039 478487 1
7502 3881 478497 1
7365 3717 478507 1
7196 3544 478517 1
7027 3374 478527 1
6878 3244 478537 1
6742 3142 478547 1
6646 3123 478557 1
6552 3171 478567 1
6459 3264 478577 1
6346 3377 478587 1
6074 5229 478808 0
6068 5126 478818 1
6054 5106 478828 1
6039 4993 478838 1
6039 4877 478848 1
6053 4780 478858 1
6047 4698 478868 1
6028 4579 478878 1
6001 4429 478888 1
5961 4259 478898 1
5911 4092 478908 1
5855 3960 478918 1
5797 3851 478928 1
5747 3796 478938 1
5721 3780 478948 1
5707 3790 478958 1
5688 3842 478968 1
5663 3912 478978 1
5635 3995 478988 1
5608 4085 478998 1
5582 4192 479008 1
5582 4310 479018 1
5608 4419 479028 1
5675 4528 479038 1
5773 4635 479048 1
5892 4741 479058 1
6020 4840 479068 1
6180 4934 479078 1
6360 5003 479088 1
6535 5057 479098 1
6697 5049 479108 1
6850 4987 479118 1
6948 4890 479128 1
7010 4737 479138 1
7048 4580 479148 1
7048 4418 479158 1
7015 4256 479168 1
6968 4125 479178 1
6910 4013 479188 1
6832 3915 479198 1
6740 3824 479208 1
6642 3738 479218 1
6537 3654 479228 1
6427 3586 479238 1
6311 3529 479248 1
6200 3515 479258 1
6123 3539 479268 1
6068 3588 479278 1
6033 3687 479288 1
6017 3812 479298 1
6017 3955 479308 1
6036 4056 479318 1
6088 4143 479328 1
6159 4220 479338 1
6269 4304 479348 1
6403 4385 479358 1
6553 4446 479368 1
6723 4496 479378 1
6899 4527 479388 1
7026 4510 479398 1
7118 4462 479408 1
7182 4369 479418 1
7211 4244 479428 1
7216 4099 479438 1
7191 3970 479448 1
7154 3852 479458 1
7110 3741 479468 1
7064 3640 479478 1
7008 3552 479488 1
6944 3472 479498 1
6869 3392 479508 1
6781 3318 479518 1
6685 3249 479528 1
6609 3203 479538 1
6562 3185 479548 1
6535 3185 479558 1
6535 3213 479568 1
