191
3896 4908 447122 0
3847 4843 447132 1
3811 4843 447142 1
3842 4843 447152 1
3917 4865 447162 1
4070 4905 447172 1
4299 4973 447182 1
4578 5063 447192 1
4902 5168 447202 1
5252 5256 447212 1
5619 5343 447222 1
5940 5424 447232 1
6186 5486 447242 1
6382 5536 447252 1
6485 5564 447262 1
6515 5571 447272 1
6495 5565 447282 1
5753 6240 447373 0
5689 6394 447383 1
5669 6424 447393 1
5633 6424 447403 1
5617 6393 447413 1
5617 6236 447423 1
5610 5926 447433 1
5610 5513 447443 1
5610 4988 447453 1
5625 4462 447463 1
5617 3935 447473 1
5597 3568 447483 1
5568 3295 447493 1
5544 3084 447503 1
5525 2944 447513 1
5518 2888 447523 1
5518 2888 447533 1
5524 2937 447543 1
5534 3092 447553 1
5527 4751 447613 0
5674 5250 447623 1
5710 5399 447633 1
5727 5468 447643 1
5732 5485 447653 1
5711 5467 447663 1
5640 5364 447673 1
5535 5204 447683 1
5379 4915 447693 1
5188 4630 447703 1
4974 4348 447713 1
4825 4170 447723 1
4745 4088 447733 1
4710 4071 447743 1
4776 4106 447753 1
4917 4226 447763 1
5109 4402 447773 1
5371 4556 447783 1
5638 4651 447793 1
5914 4706 447803 1
6147 4679 447813 1
6351 4590 447823 1
6467 4461 447833 1
6518 4365 447843 1
6525 4312 447853 1
6511 4288 447863 1
6500 4307 447873 1
6500 4436 447883 1
6822 5652 448004 0
6905 5805 448014 1
6896 5911 448024 1
6860 6024 448034 1
6899 6140 448044 1
6940 6236 448054 1
6983 6236 448064 1
7011 6173 448074 1
6999 5970 448084 1
6960 5682 448094 1
6894 5337 448104 1
6852 5117 448114 1
6825 4985 448124 1
6817 4911 448134 1
6828 4880 448144 1
6852 4880 448154 1
6873 4896 448164 1
6894 4980 448174 1
6916 5137 448184 1
6953 5344 448194 1
6996 5602 448204 1
7057 5885 448214 1
7129 6185 448224 1
7221 6470 448234 1
7297 6648 448244 1
7361 6755 448254 1
7399 6745 448264 1
7435 6660 448274 1
7470 6524 448284 1
7482 6234 448294 1
7470 5911 448304 1
7443 5565 448314 1
7416 5278 448324 1
7371 5047 448334 1
7313 4854 448344 1
7239 4703 448354 1
7166 4617 448364 1
7109 4574 448374 1
7063 4586 448384 1
7028 4681 448394 1
7013 4831 448404 1
7013 5051 448414 1
7046 5274 448424 1
7105 5500 448434 1
7181 5655 448444 1
7266 5721 448454 1
7350 5729 448464 1
7408 5707 448474 1
7449 5653 448484 1
7473 5577 448494 1
7487 5484 448504 1
7018 4888 448595 0
6773 4682 448605 1
6594 4611 448615 1
6471 4556 448625 1
6384 4526 448635 1
6384 4526 448645 1
6445 4553 448655 1
6541 4622 448665 1
6710 4713 448675 1
6922 4820 448685 1
7162 4896 448695 1
7384 4926 448705 1
7519 4926 448715 1
7597 4859 448725 1
7586 4738 448735 1
7492 4580 448745 1
7342 4426 448755 1
7125 4264 448765 1
6874 4097 448775 1
6601 3968 448785 1
6313 3866 448795 1
6104 3781 448805 1
5947 3749 448815 1
5912 3773 448825 1
6011 3835 448835 1
6198 3977 448845 1
6525 4110 448855 1
6918 4236 448865 1
7355 4313 448875 1
7786 4321 448885 1
8131 4283 448895 1
8419 4205 448905 1
8607 4106 448915 1
8680 3994 448925 1
8680 3849 448935 1
8565 3692 448945 1
8357 3528 448955 1
8084 3394 448965 1
7762 3272 448975 1
7395 3159 448985 1
6999 3093 448995 1
6691 3059 449005 1
6485 3046 449015 1
6347 3090 449025 1
6339 3219 449035 1
6428 3404 449045 1
6582 3615 449055 1
6808 3826 449065 1
7082 4038 449075 1
7387 4206 449085 1
7698 4306 449095 1
7942 4362 449105 1
8140 4362 449115 1
8208 4313 449125 1
8148 4232 449135 1
8002 4115 449145 1
7762 3998 449155 1
7476 3885 449165 1
7160 3796 449175 1
6895 3720 449185 1
6711 3687 449195 1
6580 3687 449205 1
6574 3703 449215 1
6723 3763 449225 1
6974 3825 449235 1
7339 3888 449245 1
7704 3897 449255 1
8068 3880 449265 1
8275 3846 449275 1
8311 3786 449285 1
8233 3690 449295 1
7983 3570 449305 1
7616 3450 449315 1
7172 3357 449325 1
6768 3281 449335 1
6498 3272 449345 1
