225
3173 6246 453482 0
3173 6246 453492 1
3173 6246 453502 1
3173 6246 453512 1
3173 6246 453522 1
3350 6315 453532 1
3533 6430 453542 1
3795 6549 453552 1
4051 6672 453562 1
4303 6771 453572 1
4582 6868 453582 1
4864 6979 453592 1
5086 7100 453602 1
5268 7186 453612 1
5385 7242 453622 1
5440 7277 453632 1
5454 7284 453642 1
5434 7291 453652 1
4708 7583 453722 0
4592 7557 453732 1
4530 7496 453742 1
4530 7415 453752 1
4567 7217 453762 1
4639 6953 453772 1
4705 6646 453782 1
4768 6175 453792 1
4847 5627 453802 1
4937 5028 453812 1
5034 4564 453822 1
5124 4218 453832 1
5207 3951 453842 1
5285 3782 453852 1
5341 3675 453862 1
5378 3609 453872 1
5403 3594 453882 1
5403 3637 453892 1
5382 3718 453902 1
4729 6003 453982 0
4778 6137 453992 1
4730 6203 454002 1
4668 6126 454012 1
4610 5955 454022 1
4557 5805 454032 1
4475 5583 454042 1
4373 5314 454052 1
4245 4995 454062 1
4118 4717 454072 1
3992 4466 454082 1
3936 4351 454092 1
3936 4342 454102 1
3967 4405 454112 1
4331 5567 454173 0
4586 5763 454183 1
4690 5763 454193 1
4810 5732 454203 1
4935 5619 454213 1
5063 5531 454223 1
5224 5461 454233 1
5382 5400 454243 1
5528 5378 454253 1
5667 5383 454263 1
5808 5441 454273 1
5911 5521 454283 1
5988 5616 454293 1
4964 7932 454423 0
4888 7897 454433 1
4837 7923 454443 1
4829 7889 454453 1
4841 7808 454463 1
4865 7696 454473 1
4887 7502 454483 1
4915 7235 454493 1
4976 6919 454503 1
5056 6651 454513 1
5158 6428 454523 1
5262 6236 454533 1
5344 6122 454543 1
5409 6055 454553 1
5443 6019 454563 1
4880 7173 454663 0
4911 7489 454673 1
4868 7591 454683 1
4877 7651 454693 1
4920 7713 454703 1
5028 7776 454713 1
5167 7870 454723 1
5326 7950 454733 1
5479 8022 454743 1
5634 8047 454753 1
5794 8031 454763 1
5924 7987 454773 1
6031 7886 454783 1
6116 7749 454793 1
6179 7589 454803 1
6226 7362 454813 1
6247 7143 454823 1
6247 6930 454833 1
6229 6754 454843 1
6190 6603 454853 1
6130 6468 454863 1
6056 6316 454873 1
5965 6192 454883 1
5865 6088 454893 1
5209 6470 454984 0
5246 6659 454994 1
5262 6721 455004 1
5262 6754 455014 1
5321 6810 455024 1
5417 6881 455034 1
5517 6960 455044 1
5618 7017 455054 1
5719 7060 455064 1
5796 7086 455074 1
5860 7086 455084 1
5881 7064 455094 1
5863 6992 455104 1
5729 6718 455134 0
5520 6528 455144 1
5459 6474 455154 1
5448 6466 455164 1
5470 6483 455174 1
5547 6516 455184 1
5659 6576 455194 1
5795 6653 455204 1
5916 6741 455214 1
6038 6834 455224 1
6122 6895 455234 1
6180 6934 455244 1
6204 6934 455254 1
5177 5930 455354 0
5177 5930 455364 1
5177 5930 455374 1
5249 5952 455384 1
5407 6020 455394 1
5577 6120 455404 1
5747 6217 455414 1
5915 6313 455424 1
6070 6412 455434 1
6218 6512 455444 1
6364 6602 455454 1
6464 6666 455464 1
6533 6714 455474 1
6573 6739 455484 1
5868 6452 455585 0
5798 6364 455595 1
5732 6351 455605 1
5681 6211 455615 1
5650 6045 455625 1
5610 5862 455635 1
5567 5627 455645 1
5462 5372 455655 1
5386 5103 455665 1
5328 4883 455675 1
5284 4699 455685 1
5262 4539 455695 1
5255 4420 455705 1
5117 4927 455805 0
5243 5214 455815 1
5310 5391 455825 1
5401 5503 455835 1
5532 5641 455845 1
5701 5796 455855 1
5896 5930 455865 1
6103 6032 455875 1
6351 6113 455885 1
6626 6166 455895 1
6908 6174 455905 1
7144 6151 455915 1
7350 6056 455925 1
7536 5906 455935 1
7684 5719 455945 1
7807 5497 455955 1
7887 5253 455965 1
7925 4994 455975 1
7935 4732 455985 1
7909 4509 455995 1
7845 4311 456005 1
7755 4119 456015 1
7631 3951 456025 1
7464 3798 456035 1
7268 3637 456045 1
7052 3520 456055 1
6835 3432 456065 1
6621 3410 456075 1
6412 3433 456085 1
6598 6034 456306 0
6576 5888 456316 1
6504 5738 456326 1
6440 5523 456336 1
6374 5316 456346 1
6304 5113 456356 1
6225 4913 456366 1
6140 4694 456376 1
6077 4540 456386 1
6040 4429 456396 1
6021 4349 456406 1
6021 4308 456416 1
6052 4294 456426 1
6093 4311 456436 1
6156 4387 456446 1
6246 4503 456456 1
6355 4652 456466 1
6478 4850 456476 1
6625 5080 456486 1
6787 5302 456496 1
6955 5473 456506 1
7090 5611 456516 1
7204 5663 456526 1
7291 5647 456536 1
7347 5587 456546 1
7381 5478 456556 1
7381 5333 456566 1
7339 5163 456576 1
7273 4996 456586 1
7173 4822 456596 1
7065 4640 456606 1
6952 4462 456616 1
6823 4310 456626 1
6728 4174 456636 1
6655 4101 456646 1
6623 4071 456656 1
6615 4071 456666 1
6622 4077 456676 1
6640 4101 456686 1
6663 4135 456696 1
