245
3397 5815 1454010 0
3397 5815 1454020 1
3203 5748 1454030 1
3160 5671 1454040 1
3131 5561 1454050 1
3105 5522 1454060 1
3137 5511 1454070 1
3207 5520 1454080 1
3363 5579 1454090 1
3598 5695 1454100 1
3885 5849 1454110 1
4244 6027 1454120 1
4599 6186 1454130 1
4950 6332 1454140 1
5225 6415 1454150 1
5407 6474 1454160 1
5527 6518 1454170 1
5570 6538 1454180 1
5570 6557 1454190 1
5543 6592 1454200 1
4981 7139 1454281 0
4938 7313 1454291 1
4921 7339 1454301 1
4921 7334 1454311 1
4933 7237 1454321 1
4933 7012 1454331 1
4914 6702 1454341 1
4884 6359 1454351 1
4852 5921 1454361 1
4815 5421 1454371 1
4774 4895 1454381 1
4736 4456 1454391 1
4697 4075 1454401 1
4657 3813 1454411 1
4668 3621 1454421 1
4684 3476 1454431 1
4697 3414 1454441 1
4706 3414 1454451 1
4706 3450 1454461 1
4689 3538 1454471 1
4745 6075 1454591 0
4898 6247 1454601 1
4890 6236 1454611 1
4854 6192 1454621 1
4798 6113 1454631 1
4698 5995 1454641 1
4581 5852 1454651 1
4452 5678 1454661 1
4257 5439 1454671 1
4092 5156 1454681 1
3947 4826 1454691 1
3812 4541 1454701 1
3694 4286 1454711 1
3587 4154 1454721 1
3553 4133 1454731 1
3563 4187 1454741 1
3601 4330 1454751 1
3702 4508 1454761 1
3835 4710 1454771 1
3988 4954 1454781 1
4217 5222 1454791 1
4489 5506 1454801 1
4789 5685 1454811 1
5038 5724 1454821 1
5257 5671 1454831 1
5456 5521 1454841 1
5545 5369 1454851 1
5597 5287 1454861 1
5624 5252 1454871 1
5633 5269 1454881 1
5618 5352 1454891 1
5588 5479 1454901 1
5797 7278 1455082 0
5797 7278 1455092 1
5777 7445 1455102 1
5732 7480 1455112 1
5747 7453 1455122 1
5803 7423 1455132 1
5863 7336 1455142 1
5937 7212 1455152 1
6019 7061 1455162 1
6099 6901 1455172 1
6177 6736 1455182 1
6253 6625 1455192 1
6236 6542 1455202 1
6229 6478 1455212 1
6229 6420 1455222 1
6205 6367 1455232 1
6164 6318 1455242 1
6110 6274 1455252 1
6078 6274 1455262 1
6052 6302 1455272 1
6052 6415 1455282 1
6079 6578 1455292 1
6121 6775 1455302 1
6189 7011 1455312 1
6275 7196 1455322 1
6364 7346 1455332 1
6444 7449 1455342 1
6518 7520 1455352 1
6605 7571 1455362 1
6693 7577 1455372 1
6782 7525 1455382 1
6846 7434 1455392 1
6893 7237 1455402 1
6893 6986 1455412 1
6856 6699 1455422 1
6789 6493 1455432 1
6720 6314 1455442 1
6652 6154 1455452 1
6584 6011 1455462 1
6502 5866 1455472 1
6411 5737 1455482 1
6313 5620 1455492 1
6216 5534 1455502 1
6150 5506 1455512 1
6104 5516 1455522 1
6085 5596 1455532 1
6091 5718 1455542 1
6113 5868 1455552 1
6167 5990 1455562 1
6244 6089 1455572 1
6336 6172 1455582 1
6441 6266 1455592 1
6566 6381 1455602 1
6705 6511 1455612 1
6835 6620 1455622 1
6905 6670 1455632 1
6934 6680 1455642 1
6913 6630 1455652 1
6846 6527 1455662 1
5944 5250 1455953 0
5820 5028 1455963 1
5765 5012 1455973 1
5734 5061 1455983 1
5718 5068 1455993 1
5718 5074 1456003 1
5718 5080 1456013 1
5792 5136 1456023 1
5904 5224 1456033 1
6078 5315 1456043 1
6333 5406 1456053 1
6642 5496 1456063 1
6944 5541 1456073 1
7149 5582 1456083 1
7288 5599 1456093 1
7331 5599 1456103 1
7297 5588 1456113 1
7211 5537 1456123 1
7058 5461 1456133 1
6872 5338 1456143 1
6664 5185 1456153 1
6466 5011 1456163 1
6268 4798 1456173 1
6100 4632 1456183 1
5951 4498 1456193 1
5848 4384 1456203 1
5781 4318 1456213 1
5739 4285 1456223 1
5751 4291 1456233 1
5796 4336 1456243 1
5862 4406 1456253 1
5972 4493 1456263 1
6123 4589 1456273 1
6302 4690 1456283 1
6526 4818 1456293 1
6784 4957 1456303 1
7065 5103 1456313 1
7396 5199 1456323 1
7703 5229 1456333 1
7995 5214 1456343 1
8222 5098 1456353 1
8391 4952 1456363 1
8520 4785 1456373 1
8568 4596 1456383 1
8538 4371 1456393 1
8455 4122 1456403 1
8308 3871 1456413 1
8127 3579 1456423 1
7923 3260 1456433 1
7680 3012 1456443 1
7439 2853 1456453 1
7197 2754 1456463 1
6987 2747 1456473 1
6800 2804 1456483 1
6652 2903 1456493 1
6553 3007 1456503 1
6486 3081 1456513 1
6443 3135 1456523 1
6703 4745 1456684 0
6703 4745 1456694 1
6567 4753 1456704 1
6460 4753 1456714 1
6381 4728 1456724 1
6319 4689 1456734 1
6258 4618 1456744 1
6168 4483 1456754 1
6059 4306 1456764 1
5908 4082 1456774 1
5710 3856 1456784 1
5480 3692 1456794 1
5301 3570 1456804 1
5205 3525 1456814 1
5165 3546 1456824 1
5213 3612 1456834 1
5357 3751 1456844 1
5564 3914 1456854 1
5854 4092 1456864 1
6144 4248 1456874 1
6440 4377 1456884 1
6741 4488 1456894 1
6980 4542 1456904 1
7121 4551 1456914 1
7196 4530 1456924 1
7196 4465 1456934 1
7126 4352 1456944 1
7003 4207 1456954 1
6824 4072 1456964 1
6611 3948 1456974 1
6375 3831 1456984 1
6137 3711 1456994 1
5955 3633 1457004 1
5811 3582 1457014 1
5755 3570 1457024 1
5775 3586 1457034 1
5845 3621 1457044 1
5992 3707 1457054 1
6220 3811 1457064 1
6501 3927 1457074 1
6796 4028 1457084 1
7081 4089 1457094 1
7307 4124 1457104 1
7497 4111 1457114 1
7576 4056 1457124 1
7569 3974 1457134 1
7505 3849 1457144 1
7339 3703 1457154 1
7089 3542 1457164 1
6782 3399 1457174 1
6406 3241 1457184 1
6039 3074 1457194 1
5677 2920 1457204 1
5410 2802 1457214 1
5240 2707 1457224 1
5134 2673 1457234 1
