218
3564 5728 465599 0
3512 5806 465609 1
3463 5870 465619 1
3418 5893 465629 1
3413 5888 465639 1
3436 5894 465649 1
3477 5927 465659 1
3586 5978 465669 1
3755 6064 465679 1
3964 6163 465689 1
4235 6272 465699 1
4510 6399 465709 1
4788 6529 465719 1
5067 6660 465729 1
5304 6769 465739 1
5468 6855 465749 1
5582 6926 465759 1
5648 6957 465769 1
5675 6967 465779 1
5675 6967 465789 1
5645 6959 465799 1
4873 7192 465869 0
4674 7253 465879 1
4603 7298 465889 1
4585 7285 465899 1
4602 7234 465909 1
4658 7096 465919 1
4718 6868 465929 1
4786 6581 465939 1
4845 6191 465949 1
4899 5744 465959 1
4979 5260 465969 1
5084 4809 465979 1
5205 4445 465989 1
5329 4140 465999 1
5420 3930 466009 1
5490 3814 466019 1
5521 3760 466029 1
5529 3748 466039 1
5521 3783 466049 1
5491 3850 466059 1
5443 4035 466069 1
5382 4296 466079 1
5116 5395 466130 0
4971 6060 466140 1
4924 6172 466150 1
4878 6188 466160 1
4832 6128 466170 1
4777 5990 466180 1
4716 5799 466190 1
4624 5589 466200 1
4526 5346 466210 1
4425 5080 466220 1
4320 4818 466230 1
4216 4555 466240 1
4115 4367 466250 1
4063 4228 466260 1
4041 4213 466270 1
4065 4305 466280 1
4469 5367 466340 0
4755 5497 466350 1
4899 5489 466360 1
5045 5407 466370 1
5241 5276 466380 1
5424 5210 466390 1
5597 5178 466400 1
5751 5169 466410 1
5866 5192 466420 1
5955 5248 466430 1
6013 5325 466440 1
6040 5415 466450 1
6046 5520 466460 1
5324 7531 466560 0
5324 7531 466570 1
5315 7442 466580 1
5310 7313 466590 1
5316 7185 466600 1
5323 7056 466610 1
5333 6875 466620 1
5351 6659 466630 1
5386 6429 466640 1
5432 6189 466650 1
5497 5942 466660 1
5566 5736 466670 1
5639 5623 466680 1
5709 5572 466690 1
5314 6722 466791 0
5336 7059 466801 1
5350 7186 466811 1
5389 7237 466821 1
5473 7301 466831 1
5588 7373 466841 1
5731 7426 466851 1
5875 7426 466861 1
6006 7389 466871 1
6128 7327 466881 1
6233 7238 466891 1
6300 7131 466901 1
6341 6998 466911 1
6341 6847 466921 1
6314 6684 466931 1
6261 6545 466941 1
6183 6407 466951 1
6084 6270 466961 1
5971 6169 466971 1
5853 6092 466981 1
5728 6057 466991 1
5599 6057 467001 1
5522 6091 467011 1
5493 6133 467021 1
5493 6186 467031 1
5550 6246 467041 1
5644 6317 467051 1
5765 6386 467061 1
5881 6451 467071 1
5978 6506 467081 1
6063 6549 467091 1
6129 6581 467101 1
6175 6594 467111 1
6207 6594 467121 1
6207 6583 467131 1
6173 6514 467141 1
6117 6406 467151 1
6028 6237 467161 1
5912 6052 467171 1
5777 5856 467181 1
5630 5676 467191 1
5504 5531 467201 1
5393 5409 467211 1
5301 5323 467221 1
5240 5286 467231 1
5200 5281 467241 1
5188 5287 467251 1
5199 5333 467261 1
5224 5405 467271 1
5283 5508 467281 1
5375 5625 467291 1
5489 5751 467301 1
5630 5883 467311 1
5804 6014 467321 1
6001 6120 467331 1
6240 6210 467341 1
6508 6280 467351 1
6796 6293 467361 1
7046 6267 467371 1
7283 6180 467381 1
7510 6037 467391 1
7693 5858 467401 1
7834 5649 467411 1
7947 5445 467421 1
8004 5245 467431 1
8012 5052 467441 1
7987 4880 467451 1
7911 4723 467461 1
7779 4580 467471 1
7610 4433 467481 1
7420 4284 467491 1
7214 4167 467501 1
6998 4106 467511 1
6796 4083 467521 1
6590 4122 467531 1
6380 4232 467541 1
6177 4390 467551 1
5987 4600 467561 1
5832 4870 467571 1
5696 5179 467581 1
5635 5481 467591 1
5649 5682 467601 1
5713 5817 467611 1
5840 5939 467621 1
5968 6025 467631 1
6138 6088 467641 1
6336 6114 467651 1
6552 6121 467661 1
6772 6116 467671 1
6955 6098 467681 1
7111 6057 467691 1
7200 6001 467701 1
7209 5903 467711 1
7165 5764 467721 1
7055 5598 467731 1
6912 5465 467741 1
6746 5330 467751 1
6564 5242 467761 1
6451 5186 467771 1
7043 5979 467872 0
7187 6009 467882 1
7171 5962 467892 1
7152 5877 467902 1
7113 5742 467912 1
7038 5586 467922 1
6939 5416 467932 1
6812 5230 467942 1
6687 5081 467952 1
6562 4957 467962 1
6500 4884 467972 1
6482 4856 467982 1
6492 4856 467992 1
6550 4901 468002 1
6648 4974 468012 1
6773 5067 468022 1
6916 5169 468032 1
7061 5269 468042 1
7210 5369 468052 1
7366 5431 468062 1
7497 5441 468072 1
7610 5416 468082 1
7689 5353 468092 1
7723 5269 468102 1
7728 5172 468112 1
7675 5037 468122 1
7584 4901 468132 1
7467 4756 468142 1
7320 4605 468152 1
7173 4485 468162 1
7026 4381 468172 1
6917 4289 468182 1
6814 4225 468192 1
