240
4297 5610 765070 0
4297 5610 765080 1
4297 5610 765090 1
4297 5610 765100 1
4297 5610 765110 1
4297 5610 765120 1
4225 5585 765130 1
4206 5579 765140 1
4200 5579 765150 1
4200 5579 765160 1
4236 5572 765170 1
4299 5582 765180 1
4413 5601 765190 1
4566 5642 765200 1
4746 5699 765210 1
4934 5767 765220 1
5145 5835 765230 1
5372 5901 765240 1
5586 5958 765250 1
5784 6007 765260 1
5972 6049 765270 1
6105 6071 765280 1
6187 6080 765290 1
6235 6075 765300 1
6235 6070 765310 1
6189 6044 765320 1
6115 6005 765330 1
5621 6600 765440 0
5584 6690 765450 1
5556 6724 765460 1
5556 6738 765470 1
5564 6738 765480 1
5594 6743 765490 1
5626 6715 765500 1
5657 6666 765510 1
5663 6474 765520 1
5652 6141 765530 1
5625 5715 765540 1
5598 5275 765550 1
5572 4872 765560 1
5566 4493 765570 1
5578 4278 765580 1
5602 4121 765590 1
5628 4003 765600 1
5655 3929 765610 1
5667 3896 765620 1
5667 3890 765630 1
5667 3890 765640 1
5657 3942 765650 1
5633 4023 765660 1
5620 4172 765670 1
5613 4374 765680 1
5670 5414 765731 0
5712 5828 765741 1
5719 5982 765751 1
5707 6075 765761 1
5682 6115 765771 1
5654 6120 765781 1
5608 6074 765791 1
5551 5903 765801 1
5469 5649 765811 1
5372 5342 765821 1
5266 5081 765831 1
5157 4851 765841 1
5078 4717 765851 1
5020 4659 765861 1
5014 4653 765871 1
5041 4681 765881 1
5091 4786 765891 1
5181 4943 765901 1
5571 5531 765961 0
5721 5671 765971 1
5763 5681 765981 1
5791 5661 765991 1
5829 5617 766001 1
5870 5558 766011 1
5937 5476 766021 1
6020 5409 766031 1
6133 5353 766041 1
6251 5332 766051 1
6359 5324 766061 1
6457 5324 766071 1
6506 5317 766081 1
6524 5308 766091 1
6524 5299 766101 1
6615 6404 766211 0
6685 6645 766221 1
6685 6735 766231 1
6698 6820 766241 1
6735 6879 766251 1
6786 6922 766261 1
6835 6931 766271 1
6861 6879 766281 1
6872 6787 766291 1
6833 6589 766301 1
6787 6364 766311 1
6735 6121 766321 1
6718 5979 766331 1
6718 5880 766341 1
6718 5810 766351 1
6728 5773 766361 1
6735 5760 766371 1
6735 5760 766381 1
6730 5801 766391 1
6730 5887 766401 1
6740 6007 766411 1
6766 6156 766421 1
6802 6331 766431 1
6852 6524 766441 1
6906 6699 766451 1
6966 6856 766461 1
7025 7002 766471 1
7070 7099 766481 1
7108 7146 766491 1
7129 7160 766501 1
7153 7160 766511 1
7184 7122 766521 1
7218 7061 766531 1
7251 6909 766541 1
7263 6713 766551 1
7263 6489 766561 1
7256 6285 766571 1
7236 6121 766581 1
7207 5985 766591 1
7151 5842 766601 1
7094 5734 766611 1
7036 5650 766621 1
6998 5617 766631 1
6971 5617 766641 1
6951 5647 766651 1
6934 5715 766661 1
6920 5825 766671 1
6914 5962 766681 1
6923 6111 766691 1
6942 6243 766701 1
6981 6365 766711 1
7026 6461 766721 1
7079 6520 766731 1
7129 6555 766741 1
7158 6555 766751 1
7173 6533 766761 1
7181 6486 766771 1
7181 6409 766781 1
6922 5740 766892 0
6816 5585 766902 1
6722 5572 766912 1
6607 5553 766922 1
6567 5541 766932 1
6560 5535 766942 1
6574 5535 766952 1
6581 5535 766962 1
6593 5535 766972 1
6617 5541 766982 1
6678 5555 766992 1
6764 5582 767002 1
6878 5617 767012 1
6981 5643 767022 1
7076 5653 767032 1
7158 5653 767042 1
7221 5635 767052 1
7271 5603 767062 1
7214 5562 767072 1
7157 5492 767082 1
7067 5410 767092 1
6953 5320 767102 1
6808 5240 767112 1
6646 5168 767122 1
6472 5101 767132 1
6324 5037 767142 1
6203 4985 767152 1
6099 4942 767162 1
6052 4923 767172 1
6052 4923 767182 1
6073 4938 767192 1
6177 4990 767202 1
6361 5068 767212 1
6598 5164 767222 1
6913 5253 767232 1
7216 5323 767242 1
7511 5381 767252 1
7765 5381 767262 1
7998 5359 767272 1
8217 5318 767282 1
8396 5212 767292 1
8517 5079 767302 1
8600 4929 767312 1
8593 4743 767322 1
8498 4584 767332 1
8344 4442 767342 1
8110 4290 767352 1
7826 4161 767362 1
7509 4047 767372 1
7187 3972 767382 1
6928 3944 767392 1
6711 3944 767402 1
6551 4006 767412 1
6453 4115 767422 1
6396 4258 767432 1
6421 4447 767442 1
6508 4641 767452 1
6637 4839 767462 1
6817 5002 767472 1
6999 5127 767482 1
7185 5226 767492 1
7346 5275 767502 1
7490 5280 767512 1
7573 5257 767522 1
7610 5223 767532 1
7615 5171 767542 1
7564 5106 767552 1
7468 5031 767562 1
7342 4959 767572 1
7182 4893 767582 1
7012 4829 767592 1
6834 4757 767602 1
6652 4703 767612 1
6543 4662 767622 1
6482 4656 767632 1
6491 4680 767642 1
6568 4725 767652 1
6691 4827 767662 1
6888 4928 767672 1
7091 5000 767682 1
7312 5054 767692 1
7543 5080 767702 1
7703 5068 767712 1
7799 5031 767722 1
7852 4971 767732 1
7841 4886 767742 1
7770 4785 767752 1
7660 4675 767762 1
7509 4574 767772 1
7307 4479 767782 1
7070 4382 767792 1
6807 4285 767802 1
6538 4188 767812 1
6266 4127 767822 1
6079 4090 767832 1
5978 4090 767842 1
5933 4126 767852 1
