222
3917 4930 409278 0
3917 4930 409288 1
3793 4843 409298 1
3832 4849 409308 1
3930 4868 409318 1
4140 4942 409328 1
4447 5053 409338 1
4818 5171 409348 1
5200 5300 409358 1
5594 5437 409368 1
5996 5556 409378 1
6318 5643 409388 1
6529 5710 409398 1
6667 5723 409408 1
6707 5717 409418 1
6697 5698 409428 1
6653 5660 409438 1
5669 6239 409538 0
5629 6336 409548 1
5645 6374 409558 1
5636 6411 409568 1
5678 6418 409578 1
5753 6392 409588 1
5830 6344 409598 1
5874 6172 409608 1
5896 5810 409618 1
5907 5322 409628 1
5902 4717 409638 1
5885 4299 409648 1
5858 4006 409658 1
5819 3757 409668 1
5771 3572 409678 1
5735 3429 409688 1
5702 3355 409698 1
5676 3328 409708 1
5662 3333 409718 1
5655 3405 409728 1
5682 4391 409769 0
5753 5047 409779 1
5800 5279 409789 1
5822 5459 409799 1
5829 5534 409809 1
5829 5539 409819 1
5794 5498 409829 1
5719 5346 409839 1
5616 5058 409849 1
5476 4679 409859 1
5339 4408 409869 1
5228 4228 409879 1
5133 4108 409889 1
5101 4072 409899 1
5114 4105 409909 1
5158 4185 409919 1
5250 4365 409929 1
5366 4542 409939 1
5499 4702 409949 1
5657 4852 409959 1
5827 4984 409969 1
6005 5094 409979 1
6175 5189 409989 1
6337 5264 409999 1
6449 5255 410009 1
6529 5191 410019 1
6589 5047 410029 1
6631 4888 410039 1
6661 4720 410049 1
6690 4657 410059 1
6706 4629 410069 1
6714 4629 410079 1
6714 4634 410089 1
7043 6210 410219 0
7161 6338 410229 1
7127 6357 410239 1
7028 6386 410249 1
7023 6394 410259 1
7042 6387 410269 1
7076 6361 410279 1
7094 6230 410289 1
7079 6030 410299 1
7041 5696 410309 1
7012 5475 410319 1
6998 5329 410329 1
6998 5241 410339 1
6998 5201 410349 1
7011 5194 410359 1
7030 5220 410369 1
7051 5316 410379 1
7076 5460 410389 1
7107 5648 410399 1
7146 5873 410409 1
7205 6122 410419 1
7277 6362 410429 1
7364 6558 410439 1
7433 6726 410449 1
7491 6801 410459 1
7504 6809 410469 1
7515 6773 410479 1
7525 6679 410489 1
7520 6438 410499 1
7520 6100 410509 1
7513 5819 410519 1
7518 5610 410529 1
7518 5449 410539 1
7491 5299 410549 1
7451 5182 410559 1
7395 5086 410569 1
7342 5026 410579 1
7290 5005 410589 1
7257 5011 410599 1
7227 5064 410609 1
7214 5178 410619 1
7214 5333 410629 1
7227 5506 410639 1
7250 5650 410649 1
7285 5776 410659 1
7310 5859 410669 1
7328 5880 410679 1
7345 5860 410689 1
7368 5847 410699 1
7412 5816 410709 1
7467 5774 410719 1
7517 5733 410729 1
7550 5694 410739 1
7572 5656 410749 1
7148 5220 410810 0
6989 5105 410820 1
6883 5056 410830 1
6767 5007 410840 1
6645 4961 410850 1
6553 4924 410860 1
6500 4893 410870 1
6473 4887 410880 1
6486 4896 410890 1
6550 4915 410900 1
6649 4966 410910 1
6800 5021 410920 1
6950 5079 410930 1
7095 5116 410940 1
7202 5126 410950 1
7287 5117 410960 1
7322 5073 410970 1
7299 5006 410980 1
7236 4923 410990 1
7121 4823 411000 1
6966 4721 411010 1
6783 4616 411020 1
6588 4531 411030 1
6416 4461 411040 1
6315 4421 411050 1
6254 4413 411060 1
6281 4427 411070 1
6400 4493 411080 1
6579 4587 411090 1
6854 4699 411100 1
7174 4816 411110 1
7525 4913 411120 1
7875 4996 411130 1
8144 5015 411140 1
8360 4969 411150 1
8509 4880 411160 1
8588 4737 411170 1
8619 4591 411180 1
8586 4438 411190 1
8478 4282 411200 1
8320 4124 411210 1
8102 4000 411220 1
7823 3877 411230 1
7504 3755 411240 1
7140 3608 411250 1
6836 3490 411260 1
6571 3391 411270 1
6412 3345 411280 1
6360 3370 411290 1
6380 3443 411300 1
6994 4423 411361 0
7369 4596 411371 1
7510 4654 411381 1
7610 4680 411391 1
7709 4685 411401 1
7757 4698 411411 1
7772 4685 411421 1
7717 4655 411431 1
7583 4559 411441 1
7397 4431 411451 1
7152 4283 411461 1
6908 4120 411471 1
6683 4006 411481 1
6469 3924 411491 1
6358 3908 411501 1
6358 3948 411511 1
6422 4026 411521 1
6591 4176 411531 1
6827 4296 411541 1
7107 4395 411551 1
7420 4465 411561 1
7683 4502 411571 1
7912 4517 411581 1
8035 4497 411591 1
8079 4459 411601 1
8069 4410 411611 1
7975 4325 411621 1
7809 4220 411631 1
7595 4102 411641 1
7348 3984 411651 1
7092 3872 411661 1
6831 3765 411671 1
6619 3720 411681 1
6511 3720 411691 1
6473 3747 411701 1
6543 3830 411711 1
6711 3918 411721 1
6945 4010 411731 1
7211 4077 411741 1
7462 4144 411751 1
7704 4152 411761 1
7823 4122 411771 1
7804 4080 411781 1
7694 3987 411791 1
7478 3859 411801 1
7211 3716 411811 1
6909 3570 411821 1
6621 3482 411831 1
