416
2990 4593 565322 0
2929 4513 565332 1
2897 4485 565342 1
2868 4450 565352 1
2845 4421 565362 1
2826 4396 565372 1
2811 4371 565382 1
2798 4348 565392 1
2791 4332 565402 1
2786 4320 565412 1
2786 4309 565422 1
2786 4297 565432 1
2792 4284 565442 1
2792 4269 565452 1
2801 4253 565462 1
2807 4240 565472 1
2807 4229 565482 1
2814 4229 565492 1
2814 4223 565502 1
2819 4223 565512 1
2819 4223 565522 1
2831 4223 565532 1
2841 4232 565542 1
2854 4243 565552 1
2872 4255 565562 1
2894 4267 565572 1
2926 4292 565582 1
2967 4325 565592 1
3028 4374 565602 1
3102 4445 565612 1
3195 4532 565622 1
3308 4650 565632 1
3433 4789 565642 1
3587 4942 565652 1
3746 5078 565662 1
3908 5209 565672 1
4063 5339 565682 1
4223 5471 565692 1
4386 5592 565702 1
4527 5697 565712 1
4650 5791 565722 1
4760 5871 565732 1
4825 5928 565742 1
4869 5970 565752 1
4899 6000 565762 1
4915 6016 565772 1
4920 6023 565782 1
4920 6023 565792 1
4920 6023 565802 1
4920 6023 565812 1
4920 6023 565822 1
4920 6023 565832 1
4920 6023 565842 1
4920 6023 565852 1
4920 6023 565862 1
4920 6023 565872 1
4914 6023 565882 1
4904 6028 565892 1
4890 6028 565902 1
4862 6023 565912 1
4822 6013 565922 1
4775 5998 565932 1
3695 6288 566104 0
3617 6388 566114 1
3561 6441 566124 1
3540 6475 566134 1
3524 6498 566144 1
3517 6511 566154 1
3517 6519 566164 1
3517 6519 566174 1
3528 6511 566184 1
3555 6473 566194 1
3592 6414 566204 1
3652 6311 566214 1
3716 6156 566224 1
3780 5966 566234 1
3843 5699 566244 1
3928 5394 566254 1
4033 5063 566264 1
4151 4677 566274 1
4281 4338 566284 1
4368 4031 566294 1
4426 3835 566304 1
4483 3678 566314 1
4534 3548 566324 1
4581 3395 566334 1
4625 3271 566344 1
4667 3167 566354 1
4708 3087 566364 1
4753 3008 566374 1
4780 2958 566384 1
4795 2927 566394 1
4805 2909 566404 1
4805 2902 566414 1
4805 2902 566424 1
4790 2902 566434 1
4765 2913 566444 1
4732 2932 566454 1
4713 2952 566464 1
4693 2978 566474 1
4674 3012 566484 1
4655 3047 566494 1
4638 3084 566504 1
4621 3122 566514 1
4608 3163 566524 1
3878 4824 567175 0
3933 4900 567185 1
3933 4932 567195 1
3933 4948 567205 1
3933 4957 567215 1
3933 4968 567225 1
3933 4968 567235 1
3933 4968 567245 1
3933 4968 567255 1
3933 4928 567265 1
3955 4860 567275 1
3981 4692 567285 1
4009 4521 567295 1
4036 4336 567305 1
4059 4144 567315 1
4080 3977 567325 1
4097 3846 567335 1
4103 3740 567345 1
4103 3649 567355 1
4097 3589 567365 1
4097 3550 567375 1
4091 3526 567385 1
4091 3520 567395 1
4091 3526 567405 1
4096 3551 567415 1
4096 3619 567425 1
4087 3715 567435 1
4074 3820 567445 1
4060 3926 567455 1
4046 4028 567465 1
4046 4128 567475 1
4057 4226 567485 1
4087 4322 567495 1
4122 4416 567505 1
4167 4522 567515 1
4222 4628 567525 1
4273 4720 567535 1
4321 4802 567545 1
4367 4854 567555 1
4408 4883 567565 1
4445 4898 567575 1
4470 4889 567585 1
4496 4868 567595 1
4523 4840 567605 1
4553 4789 567615 1
4579 4736 567625 1
4601 4679 567635 1
4618 4616 567645 1
4628 4544 567655 1
4633 4482 567665 1
4639 4427 567675 1
4646 4400 567685 1
4654 4385 567695 1
4662 4378 567705 1
4662 4378 567715 1
4662 4378 567725 1
4662 4378 567735 1
4662 4378 567745 1
4662 4385 567755 1
4662 4397 567765 1
4662 4407 567775 1
4655 4413 567785 1
4655 4421 567795 1
4650 4430 567805 1
4650 4435 567815 1
4423 5841 569418 0
4423 5841 569428 1
4461 5726 569438 1
4490 5632 569448 1
4523 5536 569458 1
4560 5433 569468 1
4603 5324 569478 1
4648 5202 569488 1
4692 5102 569498 1
4724 5016 569508 1
4747 4936 569518 1
4761 4877 569528 1
4771 4833 569538 1
4778 4802 569548 1
4783 4788 569558 1
4783 4788 569568 1
4778 4788 569578 1
4778 4788 569588 1
4760 4804 569598 1
4733 4835 569608 1
4696 4895 569618 1
4659 4976 569628 1
4623 5072 569638 1
4587 5203 569648 1
4554 5365 569658 1
4529 5548 569668 1
4514 5740 569678 1
4508 5938 569688 1
4508 6108 569698 1
4515 6257 569708 1
4524 6375 569718 1
4533 6443 569728 1
4550 6479 569738 1
4561 6494 569748 1
4569 6505 569758 1
4583 6505 569768 1
4599 6500 569778 1
4618 6455 569788 1
4652 6387 569798 1
4696 6249 569808 1
4757 6077 569818 1
4833 5882 569828 1
4919 5685 569838 1
5011 5518 569848 1
5103 5372 569858 1
5174 5253 569868 1
5231 5159 569878 1
5272 5083 569888 1
5298 5022 569898 1
5313 4964 569908 1
5313 4907 569918 1
5295 4847 569928 1
5267 4794 569938 1
5218 4747 569948 1
5158 4715 569958 1
4859 4929 570039 0
4822 5054 570049 1
4813 5112 570059 1
4813 5176 570069 1
4827 5237 570079 1
4846 5292 570089 1
4871 5345 570099 1
4898 5391 570109 1
4922 5432 570119 1
4945 5465 570129 1
4970 5493 570139 1
4995 5516 570149 1
5016 5535 570159 1
5035 5548 570169 1
5049 5555 570179 1
5056 5555 570189 1
5056 5555 570199 1
5056 5555 570209 1
5056 5555 570219 1
5056 5547 570229 1
5050 5537 570239 1
5050 5522 570249 1
5043 5502 570259 1
5043 5473 570269 1
5033 5425 570279 1
5024 5365 570289 1
5013 5285 570299 1
5000 5204 570309 1
4986 5123 570319 1
4974 5040 570329 1
4962 4952 570339 1
4952 4847 570349 1
4941 4732 570359 1
4930 4635 570369 1
4915 4554 570379 1
4903 4485 570389 1
4894 4412 570399 1
4882 4343 570409 1
4869 4280 570419 1
4858 4218 570429 1
4847 4160 570439 1
4836 4111 570449 1
4824 4073 570459 1
4814 4050 570469 1
4809 4036 570479 1
4809 4036 570489 1
4809 4036 570499 1
4809 4041 570509 1
4816 4049 570519 1
4822 4066 570529 1
4833 4093 570539 1
4845 4131 570549 1
4859 4182 570559 1
4875 4242 570569 1
4894 4312 570579 1
4915 4386 570589 1
4938 4463 570599 1
4966 4541 570609 1
4998 4619 570619 1
5035 4700 570629 1
5074 4785 570639 1
5120 4871 570649 1
5178 4957 570659 1
5244 5039 570669 1
5307 5117 570679 1
5376 5193 570689 1
5456 5273 570699 1
5542 5351 570709 1
5637 5428 570719 1
5737 5485 570729 1
5837 5536 570739 1
5923 5575 570749 1
6002 5595 570759 1
6091 5604 570769 1
6199 5604 570779 1
6319 5604 570789 1
6437 5599 570799 1
6546 5599 570809 1
6648 5604 570819 1
6738 5598 570829 1
6819 5587 570839 1
6893 5564 570849 1
6947 5531 570859 1
6991 5488 570869 1
7028 5440 570879 1
7051 5388 570889 1
7066 5332 570899 1
7075 5273 570909 1
7087 5214 570919 1
7104 5158 570929 1
7128 5104 570939 1
7152 5062 570949 1
7168 5022 570959 1
7179 4983 570969 1
7186 4934 570979 1
7174 4882 570989 1
7149 4809 570999 1
7111 4723 571009 1
7064 4632 571019 1
7010 4542 571029 1
6960 4454 571039 1
6901 4341 571049 1
6835 4211 571059 1
6764 4089 571069 1
6696 3972 571079 1
6633 3858 571089 1
6576 3762 571099 1
6518 3665 571109 1
6458 3585 571119 1
6392 3516 571129 1
6322 3471 571139 1
6241 3431 571149 1
6162 3409 571159 1
6086 3397 571169 1
6027 3397 571179 1
5979 3397 571189 1
5946 3397 571199 1
5915 3410 571209 1
5888 3427 571219 1
5623 4411 571331 0
5589 4811 571341 1
5558 5006 571351 1
5547 5152 571361 1
5547 5248 571371 1
5557 5311 571381 1
5565 5328 571391 1
5575 5342 571401 1
5582 5332 571411 1
5588 5307 571421 1
5593 5200 571431 1
5598 5023 571441 1
5603 4800 571451 1
5603 4607 571461 1
5603 4444 571471 1
5597 4301 571481 1
5570 4183 571491 1
5534 4084 571501 1
5493 3997 571511 1
5459 3942 571521 1
5431 3917 571531 1
5423 3911 571541 1
5423 3928 571551 1
5433 3993 571561 1
5444 4091 571571 1
5463 4237 571581 1
5463 4237 571601 0
5531 4800 571611 1
5577 4984 571621 1
5637 5099 571631 1
5703 5172 571641 1
5770 5207 571651 1
5816 5214 571661 1
5846 5202 571671 1
5856 5156 571681 1
5847 5065 571691 1
5826 4943 571701 1
5789 4814 571711 1
5753 4699 571721 1
5717 4593 571731 1
5693 4503 571741 1
5678 4457 571751 1
5678 4441 571761 1
5692 4457 571771 1
5721 4524 571781 1
5763 4625 571791 1
5802 4749 571801 1
5839 4872 571811 1
5876 4973 571821 1
5916 5060 571831 1
5964 5114 571841 1
6019 5139 571851 1
6072 5146 571861 1
6124 5120 571871 1
6179 5061 571881 1
6231 4980 571891 1
6265 4834 571901 1
6288 4609 571911 1
6281 4332 571921 1
6265 3971 571931 1
6244 3598 571941 1
6229 3216 571951 1
6219 2882 571961 1
6214 2639 571971 1
6196 2458 571981 1
6168 2350 571991 1
6137 2295 572001 1
6109 2275 572011 1
6089 2282 572021 1
6147 4795 572162 0
6234 4818 572172 1
6259 4621 572182 1
