215
4172 5343 781113 0
4172 5343 781123 1
4172 5343 781133 1
4172 5343 781143 1
4172 5343 781153 1
4239 5323 781163 1
4331 5354 781173 1
4466 5409 781183 1
4629 5462 781193 1
4852 5515 781203 1
5078 5555 781213 1
5307 5590 781223 1
5543 5618 781233 1
5762 5654 781243 1
5970 5696 781253 1
6148 5752 781263 1
6296 5812 781273 1
6424 5874 781283 1
6489 5913 781293 1
6498 5927 781303 1
6470 5927 781313 1
5643 6268 781413 0
5654 6470 781423 1
5664 6559 781433 1
5687 6625 781443 1
5727 6675 781453 1
5778 6695 781463 1
5834 6667 781473 1
5885 6606 781483 1
5906 6394 781493 1
5906 6066 781503 1
5900 5660 781513 1
5890 5288 781523 1
5879 4956 781533 1
5864 4651 781543 1
5851 4465 781553 1
5840 4310 781563 1
5834 4176 781573 1
5834 4103 781583 1
5834 4079 781593 1
5834 4088 781603 1
5834 4113 781613 1
5829 4218 781623 1
5829 4376 781633 1
5829 5043 781663 0
5829 5043 781673 1
5873 5675 781683 1
5892 5819 781693 1
5904 5912 781703 1
5911 5972 781713 1
5911 5972 781723 1
5886 5914 781733 1
5849 5812 781743 1
5768 5591 781753 1
5669 5361 781763 1
5557 5125 781773 1
5473 4987 781783 1
5419 4913 781793 1
5386 4882 781803 1
5386 4882 781813 1
5392 4915 781823 1
5436 4967 781833 1
5504 5063 781843 1
5619 5154 781853 1
5770 5241 781863 1
5944 5293 781873 1
6098 5322 781883 1
6239 5335 781893 1
6372 5335 781903 1
6455 5315 781913 1
6501 5288 781923 1
6523 5258 781933 1
6528 5225 781943 1
6522 5208 781953 1
6694 6261 782104 0
6783 6450 782114 1
6804 6535 782124 1
6824 6606 782134 1
6841 6645 782144 1
6856 6657 782154 1
6865 6650 782164 1
6865 6605 782174 1
6854 6463 782184 1
6815 6256 782194 1
6785 6017 782204 1
6762 5828 782214 1
6762 5673 782224 1
6772 5577 782234 1
6784 5519 782244 1
6797 5487 782254 1
6804 5487 782264 1
6804 5513 782274 1
6813 5564 782284 1
6822 5674 782294 1
6836 5829 782304 1
6853 6014 782314 1
6876 6205 782324 1
6907 6394 782334 1
6943 6542 782344 1
6981 6664 782354 1
7023 6733 782364 1
7064 6769 782374 1
7098 6784 782384 1
7128 6766 782394 1
7163 6702 782404 1
7190 6608 782414 1
7212 6421 782424 1
7217 6209 782434 1
7217 5980 782444 1
7223 5803 782454 1
7216 5680 782464 1
7190 5594 782474 1
7150 5517 782484 1
7115 5477 782494 1
7085 5463 782504 1
7061 5474 782514 1
7039 5533 782524 1
7023 5624 782534 1
7017 5747 782544 1
7030 5882 782554 1
7054 6024 782564 1
7087 6110 782574 1
7118 6147 782584 1
7132 6147 782594 1
7132 6147 782604 1
7132 6126 782614 1
7132 6088 782624 1
7127 6026 782634 1
6956 5369 782735 0
6827 5270 782745 1
6718 5240 782755 1
6663 5217 782765 1
6656 5217 782775 1
6681 5226 782785 1
6716 5249 782795 1
6769 5281 782805 1
6834 5319 782815 1
6899 5347 782825 1
6968 5360 782835 1
7033 5360 782845 1
7094 5354 782855 1
7129 5332 782865 1
7137 5301 782875 1
7126 5261 782885 1
7065 5192 782895 1
6966 5105 782905 1
6842 5019 782915 1
6684 4931 782925 1
6527 4841 782935 1
6404 4777 782945 1
6304 4729 782955 1
6256 4711 782965 1
6249 4711 782975 1
6270 4725 782985 1
6337 4779 782995 1
6460 4855 783005 1
6621 4945 783015 1
6864 5024 783025 1
7135 5100 783035 1
7425 5148 783045 1
7698 5177 783055 1
7971 5172 783065 1
8165 5119 783075 1
8307 5033 783085 1
8400 4896 783095 1
8426 4725 783105 1
8408 4531 783115 1
8331 4352 783125 1
8202 4173 783135 1
8039 4022 783145 1
7814 3891 783155 1
7538 3781 783165 1
7227 3699 783175 1
6956 3635 783185 1
6742 3620 783195 1
6567 3668 783205 1
6461 3759 783215 1
6424 3902 783225 1
6433 4091 783235 1
6623 4527 783266 0
6968 4870 783276 1
7161 4983 783286 1
7368 5051 783296 1
7584 5089 783306 1
7735 5079 783316 1
7800 5023 783326 1
7808 4937 783336 1
7707 4815 783346 1
7551 4692 783356 1
7357 4570 783366 1
7160 4477 783376 1
6983 4401 783386 1
6860 4358 783396 1
6766 4342 783406 1
6741 4342 783416 1
6777 4363 783426 1
6854 4413 783436 1
6991 4484 783446 1
7183 4547 783456 1
7411 4590 783466 1
7625 4620 783476 1
7796 4620 783486 1
7939 4586 783496 1
7983 4531 783506 1
7944 4445 783516 1
7849 4339 783526 1
7675 4221 783536 1
7458 4120 783546 1
7213 4029 783556 1
6954 3944 783566 1
6700 3884 783576 1
6516 3852 783586 1
6378 3838 783596 1
6290 3849 783606 1
6268 3879 783616 1
