223
4682 5315 749297 0
4682 5315 749307 1
4611 5291 749317 1
4602 5291 749327 1
4611 5291 749337 1
4640 5305 749347 1
4698 5325 749357 1
4774 5365 749367 1
4882 5407 749377 1
5038 5451 749387 1
5227 5494 749397 1
5441 5534 749407 1
5672 5573 749417 1
5915 5613 749427 1
6132 5649 749437 1
6330 5679 749447 1
6514 5706 749457 1
6641 5733 749467 1
6709 5738 749477 1
6738 5738 749487 1
5812 6303 749597 0
5849 6531 749607 1
5849 6595 749617 1
5829 6631 749627 1
5829 6641 749637 1
5853 6633 749647 1
5892 6619 749657 1
5941 6527 749667 1
5986 6382 749677 1
6013 6101 749687 1
6028 5724 749697 1
6020 5284 749707 1
5997 4839 749717 1
5963 4489 749727 1
5932 4203 749737 1
5903 3999 749747 1
5894 3848 749757 1
5894 3732 749767 1
5907 3664 749777 1
5914 3638 749787 1
5914 3638 749797 1
5914 3681 749807 1
5895 3810 749817 1
5880 3996 749827 1
5864 4556 749858 0
5879 5177 749868 1
5891 5408 749878 1
5901 5596 749888 1
5911 5720 749898 1
5911 5806 749908 1
5911 5868 749918 1
5911 5873 749928 1
5881 5825 749938 1
5839 5741 749948 1
5753 5555 749958 1
5642 5332 749968 1
5515 5084 749978 1
5352 4920 749988 1
5246 4814 749998 1
5178 4746 750008 1
5148 4724 750018 1
5148 4730 750028 1
5175 4756 750038 1
5239 4847 750048 1
5624 5306 750088 0
5976 5473 750098 1
6117 5425 750108 1
6257 5325 750118 1
6396 5191 750128 1
6543 5086 750138 1
6712 5041 750148 1
6895 5035 750158 1
7044 5063 750168 1
7148 5093 750178 1
7201 6520 750328 0
7196 6586 750338 1
7170 6609 750348 1
7159 6616 750358 1
7167 6610 750368 1
7188 6507 750378 1
7178 6340 750388 1
7146 6060 750398 1
7099 5826 750408 1
7073 5624 750418 1
7062 5520 750428 1
7062 5454 750438 1
7070 5413 750448 1
7078 5407 750458 1
7078 5428 750468 1
7078 5467 750478 1
7088 5567 750488 1
7096 5699 750498 1
7111 5853 750508 1
7131 6043 750518 1
7158 6247 750528 1
7193 6461 750538 1
7231 6671 750548 1
7272 6851 750558 1
7313 7012 750568 1
7342 7109 750578 1
7364 7171 750588 1
7395 7209 750598 1
7426 7238 750608 1
7457 7238 750618 1
7482 7224 750628 1
7504 7127 750638 1
7498 6917 750648 1
7477 6632 750658 1
7447 6325 750668 1
7431 6076 750678 1
7411 5866 750688 1
7388 5699 750698 1
7360 5567 750708 1
7329 5458 750718 1
7297 5385 750728 1
7274 5355 750738 1
7250 5355 750748 1
7226 5384 750758 1
7201 5459 750768 1
7175 5565 750778 1
7154 5682 750788 1
7138 5820 750798 1
7128 5972 750808 1
7134 6099 750818 1
7151 6208 750828 1
7203 6304 750838 1
7276 6378 750848 1
7362 6419 750858 1
7430 6438 750868 1
7471 6418 750878 1
7493 6361 750888 1
7485 6279 750898 1
7213 5638 750979 0
7073 5497 750989 1
6947 5431 750999 1
6828 5361 751009 1
6714 5292 751019 1
6657 5266 751029 1
6645 5266 751039 1
6664 5277 751049 1
6736 5332 751059 1
6843 5391 751069 1
6972 5453 751079 1
7096 5491 751089 1
7209 5511 751099 1
7315 5519 751109 1
7374 5494 751119 1
7399 5464 751129 1
7399 5403 751139 1
7364 5323 751149 1
7286 5219 751159 1
7179 5116 751169 1
7039 5010 751179 1
6870 4903 751189 1
6681 4790 751199 1
6527 4711 751209 1
6423 4656 751219 1
6353 4633 751229 1
6348 4640 751239 1
6407 4668 751249 1
6509 4751 751259 1
6687 4856 751269 1
6920 4975 751279 1
7190 5065 751289 1
7479 5129 751299 1
7754 5176 751309 1
8020 5188 751319 1
8308 5159 751329 1
8598 5104 751339 1
8843 5003 751349 1
9057 4866 751359 1
9176 4705 751369 1
9188 4566 751379 1
9128 4420 751389 1
8983 4270 751399 1
8766 4116 751409 1
8500 3989 751419 1
8206 3881 751429 1
7933 3802 751439 1
7675 3756 751449 1
7474 3733 751459 1
7301 3757 751469 1
7147 3828 751479 1
7054 3931 751489 1
7018 4066 751499 1
7018 4223 751509 1
7075 4394 751519 1
7184 4541 751529 1
7329 4675 751539 1
7515 4801 751549 1
7736 4917 751559 1
7981 5011 751569 1
8163 5091 751579 1
8294 5124 751589 1
8391 5118 751599 1
8385 5085 751609 1
8282 5003 751619 1
8113 4882 751629 1
7895 4734 751639 1
7644 4600 751649 1
7371 4484 751659 1
7151 4379 751669 1
7025 4325 751679 1
6962 4320 751689 1
6986 4349 751699 1
7112 4437 751709 1
7306 4519 751719 1
7538 4598 751729 1
7765 4639 751739 1
7988 4662 751749 1
8164 4672 751759 1
8287 4672 751769 1
8375 4653 751779 1
8375 4616 751789 1
8278 4519 751799 1
8112 4372 751809 1
7876 4191 751819 1
7593 4037 751829 1
7279 3909 751839 1
7035 3798 751849 1
6869 3761 751859 1
6756 3778 751869 1
6721 3831 751879 1
