227
5014 4729 600453 0
5014 4729 600463 1
5014 4729 600473 1
5014 4729 600483 1
5014 4729 600493 1
5014 4729 600503 1
5014 4729 600513 1
5014 4729 600523 1
5014 4729 600533 1
5014 4729 600543 1
5014 4729 600553 1
5014 4729 600563 1
5031 4663 600573 1
5003 4648 600583 1
4950 4630 600593 1
4880 4611 600603 1
4774 4611 600613 1
4634 4611 600623 1
4471 4636 600633 1
4277 4687 600643 1
4073 4756 600653 1
3863 4877 600663 1
3668 5009 600673 1
3493 5148 600683 1
3331 5248 600693 1
3212 5352 600703 1
3170 5460 600713 1
3178 5575 600723 1
3257 5720 600733 1
3406 5885 600743 1
3601 6006 600753 1
3881 6064 600763 1
4230 6081 600773 1
4626 6029 600783 1
5049 5905 600793 1
5462 5732 600803 1
5868 5505 600813 1
6194 5194 600823 1
6457 4826 600833 1
6457 4826 600843 5
6796 4256 600853 5
6813 4012 600863 5
6764 3795 600873 5
6629 3610 600883 5
6413 3446 600893 5
6144 3314 600903 5
5838 3218 600913 5
5490 3145 600923 5
5114 3134 600933 5
4780 3205 600943 5
4485 3332 600953 5
4217 3499 600963 5
4054 3664 600973 5
4013 3828 600983 5
4052 3996 600993 5
4233 4186 601003 5
4534 4390 601013 5
4915 4553 601023 5
5312 4681 601033 5
5706 4786 601043 5
6097 4838 601053 5
6424 4838 601063 5
6661 4811 601073 5
6661 4811 601083 4
6944 4658 601093 4
6981 4588 601103 4
6973 4549 601113 4
6908 4527 601123 4
6822 4527 601133 4
6722 4533 601143 4
6656 4533 601153 4
6610 4553 601163 4
6890 4774 601284 0
6890 4774 601294 1
6815 4781 601304 1
6745 4758 601314 1
6680 4727 601324 1
6639 4702 601334 1
6612 4681 601344 1
6591 4664 601354 1
6571 4647 601364 1
6545 4612 601374 1
6515 4566 601384 1
6468 4509 601394 1
6424 4425 601404 1
6382 4322 601414 1
6382 4322 601424 5
6415 4170 601434 5
6485 4131 601444 5
6591 4141 601454 5
6724 4199 601464 5
6875 4289 601474 5
6991 4380 601484 5
7062 4467 601494 5
7062 4467 601504 1
7095 4603 601514 1
7053 4646 601524 1
6988 4673 601534 1
6905 4683 601544 1
6804 4683 601554 1
6692 4662 601564 1
6601 4644 601574 1
6543 4627 601584 1
6506 4621 601594 1
6506 4621 601604 1
6544 4627 601614 1
7247 4765 601705 0
7247 4765 601715 1
7270 4697 601725 1
7239 4690 601735 1
7239 4690 601745 1
7269 4690 601755 1
7292 4684 601765 1
7313 4670 601775 1
7332 4624 601785 1
7340 4558 601795 1
7329 4480 601805 1
7304 4412 601815 1
7274 4362 601825 1
7247 4322 601835 1
7236 4310 601845 1
7236 4310 601855 1
7247 4329 601865 1
7281 4375 601875 1
7329 4433 601885 1
7387 4498 601895 1
7447 4574 601905 1
7507 4635 601915 1
7555 4686 601925 1
7596 4711 601935 1
7622 4718 601945 1
7646 4718 601955 1
7669 4695 601965 1
7691 4639 601975 1
7697 4559 601985 1
7697 4456 601995 1
7667 4352 602005 1
7642 4272 602015 1
7618 4209 602025 1
7618 4188 602035 1
7618 4188 602045 1
7634 4195 602055 1
7655 4234 602065 1
7880 4550 602175 0
7880 4550 602185 1
7785 4466 602195 1
7767 4455 602205 1
7785 4448 602215 1
7828 4448 602225 1
7894 4448 602235 1
7965 4448 602245 1
8044 4465 602255 1
8130 4485 602265 1
8216 4507 602275 1
8288 4530 602285 1
8351 4559 602295 1
8396 4591 602305 1
8420 4626 602315 1
8430 4664 602325 1
8409 4696 602335 1
8360 4716 602345 1
8291 4728 602355 1
8202 4719 602365 1
8111 4696 602375 1
8018 4663 602385 1
7933 4615 602395 1
7850 4558 602405 1
7793 4500 602415 1
7752 4437 602425 1
7743 4367 602435 1
7767 4298 602445 1
7813 4244 602455 1
7894 4199 602465 1
7992 4183 602475 1
8101 4191 602485 1
8101 4191 602495 5
8304 4237 602505 5
8304 4237 602515 1
8446 4279 602525 1
8482 4300 602535 1
9210 4762 602746 0
9210 4762 602756 1
9210 4762 602766 1
9125 4831 602776 1
9085 4841 602786 1
9043 4841 602796 1
8993 4841 602806 1
8937 4841 602816 1
8871 4824 602826 1
8810 4804 602836 1
8751 4768 602846 1
8690 4722 602856 1
8635 4670 602866 1
8583 4621 602876 1
8555 4573 602886 1
8543 4545 602896 1
8557 4514 602906 1
8614 4480 602916 1
8700 4446 602926 1
8849 4421 602936 1
9008 4402 602946 1
9174 4373 602956 1
9295 4326 602966 1
9386 4267 602976 1
9386 4267 602986 5
9489 4128 602996 5
9478 4047 603006 5
9439 3969 603016 5
9357 3891 603026 5
9228 3809 603036 5
9067 3740 603046 5
8835 3681 603056 5
8548 3642 603066 5
8223 3619 603076 5
7946 3606 603086 5
7714 3629 603096 5
7512 3693 603106 5
7415 3785 603116 5
7390 3884 603126 5
7414 3958 603136 5
7414 3958 603146 4
7561 4033 603156 4
7674 4042 603166 4
7782 4042 603176 4
7895 4054 603186 4
8020 4069 603196 4
8150 4088 603206 4
