208
5810 5157 855369 0
5810 5157 855379 1
5810 5157 855389 1
5810 5157 855399 1
5810 5157 855409 1
5810 5157 855419 1
5810 5157 855429 1
5810 5157 855439 1
5810 5157 855449 1
5790 5086 855459 1
5745 5069 855469 1
5662 5049 855479 1
5554 5025 855489 1
5408 5001 855499 1
5220 4991 855509 1
5005 4991 855519 1
4764 5008 855529 1
4511 5051 855539 1
4249 5112 855549 1
4012 5232 855559 1
3828 5368 855569 1
3678 5516 855579 1
3550 5645 855589 1
3484 5754 855599 1
3459 5850 855609 1
3499 5936 855619 1
3639 6026 855629 1
3845 6119 855639 1
4118 6193 855649 1
4445 6241 855659 1
4807 6273 855669 1
5130 6280 855679 1
5447 6233 855689 1
5761 6150 855699 1
6000 5983 855709 1
6194 5740 855719 1
6359 5447 855729 1
6443 5139 855739 1
6452 4885 855749 1
6411 4668 855759 1
6302 4462 855769 1
6150 4255 855779 1
5970 4099 855789 1
5763 3976 855799 1
5556 3911 855809 1
5350 3906 855819 1
5152 3942 855829 1
4983 4030 855839 1
4833 4160 855849 1
4711 4318 855859 1
4648 4486 855869 1
4624 4641 855879 1
4686 4787 855889 1
4841 4971 855899 1
5059 5161 855909 1
5388 5354 855919 1
5741 5508 855929 1
6111 5578 855939 1
6429 5593 855949 1
6650 5554 855959 1
6807 5492 855969 1
6901 5415 855979 1
6956 5334 855989 1
6984 5260 855999 1
7026 5234 856009 1
7224 5359 856161 0
7145 5366 856171 1
7104 5385 856181 1
7062 5396 856191 1
7031 5407 856201 1
6996 5415 856211 1
6957 5415 856221 1
6906 5399 856231 1
6851 5371 856241 1
6792 5334 856251 1
6746 5294 856261 1
6705 5250 856271 1
6670 5204 856281 1
6639 5157 856291 1
6624 5107 856301 1
6619 5057 856311 1
6636 5019 856321 1
6675 4989 856331 1
6728 4978 856341 1
6806 4989 856351 1
6885 5014 856361 1
6966 5055 856371 1
7043 5102 856381 1
7120 5152 856391 1
7185 5205 856401 1
7242 5255 856411 1
7265 5301 856421 1
7250 5334 856431 1
7209 5359 856441 1
7138 5359 856451 1
7052 5359 856461 1
6957 5336 856471 1
6866 5304 856481 1
6779 5275 856491 1
6739 5257 856501 1
6729 5247 856511 1
6745 5247 856521 1
7318 5378 856611 0
7419 5336 856621 1
7404 5324 856631 1
7344 5310 856641 1
7355 5304 856651 1
7362 5304 856661 1
7362 5299 856671 1
7362 5259 856681 1
7346 5196 856691 1
7319 5130 856701 1
7284 5077 856711 1
7252 5034 856721 1
7236 5017 856731 1
7231 5017 856741 1
7241 5028 856751 1
7257 5078 856761 1
7293 5135 856771 1
7341 5197 856781 1
7399 5257 856791 1
7463 5311 856801 1
7529 5361 856811 1
7593 5376 856821 1
7648 5386 856831 1
7688 5376 856841 1
7717 5355 856851 1
7730 5319 856861 1
7737 5261 856871 1
7737 5189 856881 1
7737 5116 856891 1
7737 5051 856901 1
7725 5019 856911 1
7725 5007 856921 1
7725 5007 856931 1
7720 5031 856941 1
7809 5276 857042 0
7809 5276 857052 1
7809 5276 857062 1
7730 5208 857072 1
7748 5208 857082 1
7770 5208 857092 1
7801 5208 857102 1
7856 5208 857112 1
7926 5219 857122 1
8015 5236 857132 1
8095 5267 857142 1
8169 5299 857152 1
8225 5330 857162 1
8259 5362 857172 1
8278 5390 857182 1
8278 5415 857192 1
8260 5433 857202 1
8227 5442 857212 1
8169 5430 857222 1
8090 5405 857232 1
7997 5356 857242 1
7902 5301 857252 1
7808 5250 857262 1
7739 5203 857272 1
7686 5161 857282 1
7671 5130 857292 1
7685 5107 857302 1
7718 5066 857312 1
7791 5039 857322 1
7887 5022 857332 1
7998 5031 857342 1
8090 5048 857352 1
8162 5070 857362 1
8220 5086 857372 1
8267 5103 857382 1
9019 5467 857543 0
9019 5467 857553 1
9019 5467 857563 1
8959 5537 857573 1
8895 5544 857583 1
8797 5544 857593 1
8687 5544 857603 1
8568 5526 857613 1
8452 5502 857623 1
8337 5464 857633 1
8248 5418 857643 1
8177 5361 857653 1
8157 5323 857663 1
8175 5299 857673 1
8219 5262 857683 1
8318 5238 857693 1
8458 5232 857703 1
8624 5232 857713 1
8785 5205 857723 1
8946 5157 857733 1
9066 5095 857743 1
9159 5012 857753 1
9209 4929 857763 1
9209 4846 857773 1
9179 4766 857783 1
9092 4684 857793 1
8947 4622 857803 1
8763 4573 857813 1
8537 4550 857823 1
8275 4550 857833 1
7989 4564 857843 1
7730 4575 857853 1
7522 4601 857863 1
7348 4638 857873 1
7254 4672 857883 1
7247 4700 857893 1
7299 4750 857903 1
