401
5002 4838 646068 0
5002 4838 646078 1
5002 4838 646088 1
5002 4838 646098 1
5002 4838 646108 1
4913 4778 646118 1
4867 4756 646128 1
4805 4733 646138 1
4733 4708 646148 1
4647 4682 646158 1
4561 4655 646168 1
4471 4625 646178 1
4377 4587 646188 1
4267 4546 646198 1
4124 4509 646208 1
3960 4477 646218 1
3801 4446 646228 1
3621 4421 646238 1
3428 4399 646248 1
3255 4380 646258 1
3081 4370 646268 1
2906 4370 646278 1
2762 4370 646288 1
2618 4394 646298 1
2475 4426 646308 1
2333 4466 646318 1
2213 4513 646328 1
2094 4566 646338 1
1996 4622 646348 1
1912 4683 646358 1
1857 4742 646368 1
1834 4800 646378 1
1834 4883 646388 1
1861 4984 646398 1
1910 5100 646408 1
1972 5214 646418 1
2051 5323 646428 1
2135 5423 646438 1
2228 5511 646448 1
2343 5597 646458 1
2473 5683 646468 1
2624 5754 646478 1
2772 5822 646488 1
2917 5885 646498 1
3085 5947 646508 1
3267 6006 646518 1
3457 6059 646528 1
3671 6094 646538 1
3884 6117 646548 1
4097 6135 646558 1
4323 6135 646568 1
4535 6126 646578 1
4716 6102 646588 1
4881 6075 646598 1
5023 6039 646608 1
5171 5997 646618 1
5315 5930 646628 1
5453 5847 646638 1
5574 5755 646648 1
5687 5668 646658 1
5794 5589 646668 1
5874 5514 646678 1
5942 5430 646688 1
6001 5342 646698 1
6040 5255 646708 1
6065 5171 646718 1
6081 5072 646728 1
6081 4957 646738 1
6090 4831 646748 1
6096 4712 646758 1
6108 4621 646768 1
6120 4548 646778 1
6111 4482 646788 1
6089 4396 646798 1
6074 4297 646808 1
6046 4221 646818 1
6010 4144 646828 1
5970 4069 646838 1
5924 3997 646848 1
5873 3925 646858 1
5822 3842 646868 1
5758 3772 646878 1
5686 3710 646888 1
5619 3660 646898 1
5549 3610 646908 1
5472 3566 646918 1
5390 3526 646928 1
5300 3483 646938 1
5203 3441 646948 1
5100 3403 646958 1
5011 3369 646968 1
4927 3339 646978 1
4850 3312 646988 1
4775 3287 646998 1
4701 3265 647008 1
4624 3246 647018 1
4546 3230 647028 1
4481 3217 647038 1
4417 3204 647048 1
4356 3193 647058 1
4299 3184 647068 1
4242 3175 647078 1
4185 3166 647088 1
4128 3156 647098 1
4072 3147 647108 1
4016 3137 647118 1
3961 3129 647128 1
3909 3123 647138 1
3861 3123 647148 1
3818 3123 647158 1
3779 3114 647168 1
3742 3106 647178 1
3701 3106 647188 1
3662 3106 647198 1
3625 3106 647208 1
3594 3111 647218 1
3565 3120 647228 1
3543 3131 647238 1
3529 3149 647248 1
3519 3174 647258 1
3513 3209 647268 1
3513 3244 647278 1
3504 3279 647288 1
3504 3310 647298 1
3499 3339 647308 1
3499 3366 647318 1
3499 3400 647328 1
3499 3436 647338 1
3491 3475 647348 1
3491 3518 647358 1
3486 3561 647368 1
3486 3602 647378 1
3497 3647 647388 1
3507 3701 647398 1
3521 3760 647408 1
3537 3822 647418 1
3556 3884 647428 1
3579 3951 647438 1
3607 4021 647448 1
3642 4095 647458 1
3688 4173 647468 1
3735 4254 647478 1
3781 4333 647488 1
3832 4399 647498 1
3885 4456 647508 1
3941 4507 647518 1
3996 4554 647528 1
4050 4595 647538 1
4103 4636 647548 1
4164 4683 647558 1
4224 4735 647568 1
4284 4797 647578 1
4347 4858 647588 1
4415 4919 647598 1
4486 4981 647608 1
4557 5044 647618 1
4628 5102 647628 1
4699 5159 647638 1
4765 5211 647648 1
4827 5263 647658 1
4880 5313 647668 1
4933 5364 647678 1
4985 5415 647688 1
5037 5455 647698 1
5090 5486 647708 1
5141 5511 647718 1
5190 5540 647728 1
5240 5569 647738 1
5285 5600 647748 1
5327 5633 647758 1
5369 5660 647768 1
5403 5684 647778 1
5431 5703 647788 1
5462 5715 647798 1
5486 5726 647808 1
5505 5734 647818 1
5525 5744 647828 1
5547 5756 647838 1
5573 5771 647848 1
5599 5788 647858 1
5624 5807 647868 1
5650 5823 647878 1
5671 5838 647888 1
5688 5844 647898 1
5707 5844 647908 1
5726 5844 647918 1
5750 5855 647928 1
5775 5866 647938 1
5803 5876 647948 1
5828 5886 647958 1
5855 5896 647968 1
5879 5903 647978 1
5903 5903 647988 1
5931 5896 647998 1
5962 5885 648008 1
5998 5872 648018 1
6038 5856 648028 1
6077 5841 648038 1
6113 5825 648048 1
6147 5812 648058 1
6182 5796 648068 1
6216 5774 648078 1
6251 5748 648088 1
6288 5710 648098 1
6324 5663 648108 1
6351 5617 648118 1
6371 5572 648128 1
6385 5528 648138 1
6385 5483 648148 1
6378 5421 648158 1
6378 5356 648168 1
6384 5288 648178 1
6391 5235 648188 1
6396 5193 648198 1
6396 5159 648208 1
6391 5132 648218 1
6374 5102 648228 1
6346 5070 648238 1
6311 5031 648248 1
6268 4993 648258 1
6225 4961 648268 1
6183 4934 648278 1
6145 4917 648288 1
6107 4905 648298 1
6070 4897 648308 1
6035 4897 648318 1
5999 4904 648328 1
5963 4913 648338 1
5925 4918 648348 1
5885 4930 648358 1
5838 4947 648368 1
5787 4965 648378 1
5733 4984 648388 1
5695 5002 648398 1
5659 5024 648408 1
5629 5048 648418 1
5602 5075 648428 1
5580 5103 648438 1
5564 5131 648448 1
5554 5165 648458 1
5554 5198 648468 1
5554 5240 648478 1
5571 5289 648488 1
5587 5342 648498 1
5604 5393 648508 1
5621 5443 648518 1
5642 5484 648528 1
5665 5523 648538 1
5690 5559 648548 1
5719 5594 648558 1
5754 5630 648568 1
5790 5666 648578 1
5825 5695 648588 1
5861 5720 648598 1
5897 5744 648608 1
5935 5769 648618 1
5976 5790 648628 1
6018 5810 648638 1
6060 5826 648648 1
6103 5832 648658 1
6152 5832 648668 1
6207 5814 648678 1
6271 5790 648688 1
6340 5758 648698 1
6407 5722 648708 1
6463 5685 648718 1
6512 5652 648728 1
6545 5622 648738 1
6571 5590 648748 1
6593 5555 648758 1
6608 5514 648768 1
6623 5469 648778 1
6633 5421 648788 1
6640 5378 648798 1
6645 5341 648808 1
6645 5305 648818 1
6635 5269 648828 1
6630 5241 648838 1
6630 5219 648848 1
6625 5199 648858 1
6625 5186 648868 1
6625 5179 648878 1
6631 5167 648888 1
6631 5154 648898 1
6639 5140 648908 1
6639 5126 648918 1
6645 5117 648928 1
6645 5110 648938 1
6645 5101 648948 1
6645 5089 648958 1
6645 5074 648968 1
6645 5058 648978 1
6651 5045 648988 1
6651 5033 648998 1
6656 5027 649008 1
6656 5027 649018 1
6656 5027 649028 1
6656 5027 649038 1
6656 5035 649048 1
6651 5051 649058 1
6646 5084 649068 1
6640 5128 649078 1
6632 5180 649088 1
6622 5254 649098 1
6617 5330 649108 1
6617 5407 649118 1
6617 5461 649128 1
6627 5515 649138 1
6648 5568 649148 1
6677 5614 649158 1
6708 5660 649168 1
6742 5689 649178 1
6778 5708 649188 1
6813 5721 649198 1
6844 5732 649208 1
6880 5732 649218 1
6922 5719 649228 1
6962 5701 649238 1
6999 5681 649248 1
7031 5653 649258 1
7060 5615 649268 1
7083 5568 649278 1
7097 5517 649288 1
7105 5462 649298 1
7113 5400 649308 1
7121 5331 649318 1
7132 5266 649328 1
7146 5206 649338 1
7167 5168 649348 1
7193 5142 649358 1
7221 5124 649368 1
7257 5124 649378 1
7302 5142 649388 1
7358 5178 649398 1
7419 5236 649408 1
7479 5309 649418 1
7530 5393 649428 1
7576 5493 649438 1
7612 5600 649448 1
7639 5711 649458 1
7659 5816 649468 1
7667 5918 649478 1
7667 5984 649488 1
7655 6028 649498 1
7638 6048 649508 1
7608 6039 649518 1
7570 6010 649528 1
7518 5954 649538 1
7463 5893 649548 1
7406 5817 649558 1
7349 5733 649568 1
7294 5648 649578 1
7264 5566 649588 1
7250 5513 649598 1
7277 5479 649608 1
7309 5448 649618 1
7352 5428 649628 1
7401 5415 649638 1
7468 5415 649648 1
7546 5420 649658 1
7633 5438 649668 1
7726 5475 649678 1
7829 5526 649688 1
7926 5587 649698 1
8019 5660 649708 1
8103 5744 649718 1
8176 5836 649728 1
8242 5938 649738 1
8288 6038 649748 1
8314 6105 649758 1
8326 6151 649768 1
8293 6196 649778 1
8233 6212 649788 1
8156 6185 649798 1
8089 6139 649808 1
8026 6086 649818 1
7974 6030 649828 1
7932 5970 649838 1
7905 5915 649848 1
7888 5864 649858 1
7882 5827 649868 1
7896 5795 649878 1
7924 5767 649888 1
7974 5741 649898 1
8051 5722 649908 1
8147 5708 649918 1
8284 5708 649928 1
8441 5702 649938 1
8610 5693 649948 1
8775 5677 649958 1
8912 5639 649968 1
9031 5589 649978 1
9112 5526 649988 1
9165 5463 649998 1
9198 5400 650008 1
9198 5305 650018 1
9159 5188 650028 1
9084 5055 650038 1
8935 4910 650048 1
8692 4758 650058 1
8385 4653 650068 1
