219
5101 4644 595195 0
5101 4644 595205 1
5101 4644 595215 1
5101 4644 595225 1
5101 4644 595235 1
5101 4644 595245 1
5101 4644 595255 1
5101 4644 595265 1
5101 4644 595275 1
5101 4644 595285 1
5165 4611 595295 1
5165 4605 595305 1
5165 4605 595315 1
5145 4587 595325 1
5101 4570 595335 1
5040 4547 595345 1
4952 4522 595355 1
4833 4512 595365 1
4693 4512 595375 1
4524 4547 595385 1
4345 4631 595395 1
4160 4748 595405 1
3965 4916 595415 1
3770 5082 595425 1
3572 5220 595435 1
3418 5340 595445 1
3294 5461 595455 1
3231 5581 595465 1
3226 5695 595475 1
3260 5808 595485 1
3372 5918 595495 1
3576 6021 595505 1
3841 6072 595515 1
4150 6089 595525 1
4525 6048 595535 1
4945 5924 595545 1
5355 5745 595555 1
5719 5491 595565 1
6053 5211 595575 1
6053 5211 595585 5
6422 4647 595595 5
6481 4405 595605 5
6438 4179 595615 5
6303 3971 595625 5
6107 3784 595635 5
5863 3611 595645 5
5563 3478 595655 5
5226 3390 595665 5
4903 3331 595675 5
4585 3352 595685 5
4326 3445 595695 5
4104 3587 595705 5
3970 3790 595715 5
3939 3977 595725 5
3976 4154 595735 5
4150 4356 595745 5
4451 4533 595755 5
4837 4693 595765 5
5249 4806 595775 5
5658 4868 595785 5
6064 4895 595795 5
6064 4895 595805 4
6912 4844 596047 0
6912 4844 596057 1
6786 4827 596067 1
6743 4827 596077 1
6721 4827 596087 1
6721 4827 596097 1
6715 4832 596107 1
6707 4839 596117 1
6683 4849 596127 1
6636 4849 596137 1
6574 4818 596147 1
6491 4776 596157 1
6408 4703 596167 1
6325 4618 596177 1
6276 4525 596187 1
6264 4470 596197 1
6276 4427 596207 1
6339 4391 596217 1
6421 4377 596227 1
6515 4388 596237 1
6622 4417 596247 1
6743 4456 596257 1
6872 4501 596267 1
6969 4550 596277 1
7030 4601 596287 1
7067 4650 596297 1
7067 4697 596307 1
7023 4739 596317 1
6953 4773 596327 1
6856 4784 596337 1
6754 4784 596347 1
6648 4768 596357 1
6580 4759 596367 1
6551 4753 596377 1
7220 4831 596507 0
7220 4831 596517 1
7223 4762 596527 1
7163 4732 596537 1
7150 4699 596547 1
7144 4666 596557 1
7144 4605 596567 1
7129 4539 596577 1
7114 4471 596587 1
7099 4414 596597 1
7082 4373 596607 1
7065 4342 596617 1
7054 4327 596627 1
7049 4327 596637 1
7049 4327 596647 1
7072 4368 596657 1
7108 4432 596667 1
7167 4514 596677 1
7247 4592 596687 1
7340 4665 596697 1
7420 4715 596707 1
7476 4751 596717 1
7516 4763 596727 1
7533 4752 596737 1
7541 4726 596747 1
7541 4647 596757 1
7526 4545 596767 1
7496 4427 596777 1
7457 4319 596787 1
7421 4242 596797 1
7390 4187 596807 1
7379 4165 596817 1
7379 4165 596827 1
7393 4175 596837 1
7410 4202 596847 1
7749 4503 596958 0
7749 4503 596968 1
7663 4474 596978 1
7631 4466 596988 1
7626 4466 596998 1
7639 4466 597008 1
7670 4460 597018 1
7720 4452 597028 1
7782 4452 597038 1
7881 4452 597048 1
7976 4468 597058 1
8068 4487 597068 1
8154 4509 597078 1
8226 4538 597088 1
8289 4576 597098 1
8324 4619 597108 1
8324 4663 597118 1
8296 4703 597128 1
8238 4723 597138 1
8161 4731 597148 1
8072 4712 597158 1
7975 4673 597168 1
7878 4621 597178 1
7780 4561 597188 1
7700 4495 597198 1
7650 4435 597208 1
7620 4382 597218 1
7631 4336 597228 1
7686 4288 597238 1
7769 4260 597248 1
7769 4260 597258 5
7995 4247 597268 5
8102 4260 597278 5
8185 4275 597288 5
8234 4288 597298 5
8261 4298 597308 5
8261 4298 597318 1
8272 4321 597328 1
8280 4346 597338 1
8280 4370 597348 1
8894 4730 597529 0
8923 4799 597539 1
8917 4832 597549 1
8897 4857 597559 1
8854 4873 597569 1
8795 4881 597579 1
8725 4881 597589 1
8655 4881 597599 1
8584 4872 597609 1
8516 4862 597619 1
8453 4848 597629 1
8394 4829 597639 1
8337 4794 597649 1
8291 4748 597659 1
8266 4702 597669 1
8254 4655 597679 1
8263 4611 597689 1
8325 4569 597699 1
8423 4530 597709 1
8560 4498 597719 1
8719 4471 597729 1
8893 4430 597739 1
9032 4371 597749 1
9032 4371 597759 5
9302 4206 597769 5
9419 4115 597779 5
9496 4026 597789 5
9547 3953 597799 5
9534 3876 597809 5
9428 3790 597819 5
9261 3701 597829 5
9029 3634 597839 5
8740 3580 597849 5
8414 3541 597859 5
8108 3527 597869 5
7832 3527 597879 5
7576 3560 597889 5
7351 3611 597899 5
7188 3676 597909 5
7065 3743 597919 5
7032 3811 597929 5
7065 3880 597939 5
7141 3946 597949 5
7280 4009 597959 5
7280 4009 597969 4
7635 4091 597979 4
7779 4119 597989 4
7888 4136 597999 4
