203
7111 4094 1278638 0
7280 4118 1278648 1
7357 4151 1278658 1
7428 4168 1278668 1
7491 4182 1278678 1
7539 4182 1278688 1
7577 4182 1278698 1
7602 4175 1278708 1
7614 4163 1278718 1
7614 4146 1278728 1
7614 4127 1278738 1
7577 4101 1278748 1
7525 4062 1278758 1
7427 4016 1278768 1
7280 3975 1278778 1
7100 3932 1278788 1
6904 3887 1278798 1
6683 3841 1278808 1
6445 3804 1278818 1
6228 3773 1278828 1
6051 3773 1278838 1
5901 3810 1278848 1
5763 3869 1278858 1
5616 3945 1278868 1
5491 4038 1278878 1
5384 4142 1278888 1
5285 4242 1278898 1
5206 4345 1278908 1
5141 4450 1278918 1
5119 4571 1278928 1
5159 4703 1278938 1
5239 4862 1278948 1
5369 5028 1278958 1
5505 5200 1278968 1
5653 5321 1278978 1
5814 5410 1278988 1
5983 5479 1278998 1
6162 5511 1279008 1
6362 5519 1279018 1
6576 5511 1279028 1
6787 5481 1279038 1
6989 5422 1279048 1
7170 5343 1279058 1
7340 5231 1279068 1
7474 5078 1279078 1
7571 4898 1279088 1
7643 4677 1279098 1
7694 4455 1279108 1
7734 4211 1279118 1
7766 3952 1279128 1
7785 3703 1279138 1
7785 3497 1279148 1
7777 3320 1279158 1
7742 3141 1279168 1
7676 2982 1279178 1
7590 2837 1279188 1
7471 2690 1279198 1
7310 2578 1279208 1
7120 2489 1279218 1
6924 2420 1279228 1
6706 2375 1279238 1
6473 2347 1279248 1
6264 2339 1279258 1
6099 2348 1279268 1
5962 2368 1279278 1
5893 2405 1279288 1
5875 2461 1279298 1
5890 2529 1279308 1
5971 2666 1279318 1
6123 2855 1279328 1
6321 3080 1279338 1
6546 3341 1279348 1
6808 3634 1279358 1
7094 3948 1279368 1
7403 4261 1279378 1
7686 4501 1279388 1
7951 4692 1279398 1
8114 4765 1279408 1
8524 4815 1279720 0
8504 4882 1279730 1
8476 4929 1279740 1
8469 4944 1279750 1
8458 4954 1279760 1
8448 4954 1279770 1
8438 4954 1279780 1
8410 4934 1279790 1
8370 4899 1279800 1
8306 4818 1279810 1
8232 4690 1279820 1
8152 4532 1279830 1
8091 4406 1279840 1
8052 4266 1279850 1
8027 4117 1279860 1
8020 4019 1279870 1
8042 3969 1279880 1
8084 3952 1279890 1
8146 3965 1279900 1
8231 4024 1279910 1
8331 4115 1279920 1
8413 4227 1279930 1
8465 4337 1279940 1
8498 4441 1279950 1
8510 4539 1279960 1
8510 4634 1279970 1
8510 4724 1279980 1
8518 4805 1279990 1
8548 4866 1280000 1
8592 4914 1280010 1
8660 4951 1280020 1
8743 4969 1280030 1
8835 4974 1280040 1
8922 4941 1280050 1
8973 4864 1280060 1
9001 4759 1280070 1
8982 4651 1280080 1
8927 4540 1280090 1
8848 4426 1280100 1
8771 4310 1280110 1
8703 4236 1280120 1
8678 4189 1280130 1
8678 4195 1280140 1
8685 4225 1280150 1
8721 4271 1280160 1
8775 4387 1280170 1
8848 4513 1280180 1
8921 4647 1280190 1
8973 4762 1280200 1
9012 4836 1280210 1
9036 4884 1280220 1
9047 4900 1280230 1
9047 4911 1280240 1
9053 4911 1280250 1
9058 4911 1280260 1
9065 4911 1280270 1
9082 4887 1280280 1
9100 4848 1280290 1
9100 4760 1280300 1
9088 4670 1280310 1
9054 4553 1280320 1
9013 4420 1280330 1
8967 4278 1280340 1
8923 4178 1280350 1
8916 4107 1280360 1
8933 4096 1280370 1
8956 4103 1280380 1
9006 4121 1280390 1
9073 4190 1280400 1
9165 4304 1280410 1
9260 4447 1280420 1
9362 4590 1280430 1
9467 4712 1280440 1
9549 4821 1280450 1
9616 4920 1280460 1
9658 4994 1280470 1
9690 5052 1280480 1
9715 5090 1280490 1
9720 5109 1280500 1
9701 5115 1280510 1
9665 5121 1280520 1
9611 5121 1280530 1
9556 5114 1280540 1
9501 5081 1280550 1
9452 5031 1280560 1
9405 4933 1280570 1
9363 4794 1280580 1
9329 4627 1280590 1
9306 4470 1280600 1
9306 4313 1280610 1
9325 4221 1280620 1
9389 4173 1280630 1
9483 4173 1280640 1
9597 4239 1280650 1
9753 4344 1280660 1
9910 4471 1280670 1
10070 4598 1280680 1
10217 4726 1280690 1
10357 4872 1280700 1
10814 5294 1280831 0
10824 5370 1280841 1
10789 5441 1280851 1
10789 5461 1280861 1
10784 5446 1280871 1
10757 5459 1280881 1
10710 5442 1280891 1
10604 5404 1280901 1
10456 5305 1280911 1
10280 5203 1280921 1
10152 5100 1280931 1
10109 5007 1280941 1
10122 4915 1280951 1
10180 4828 1280961 1
10289 4770 1280971 1
10433 4727 1280981 1
10583 4698 1280991 1
10679 4647 1281001 1
10738 4582 1281011 1
10695 4473 1281021 1
10561 4310 1281031 1
10367 4110 1281041 1
10116 3887 1281051 1
9875 3697 1281061 1
9640 3530 1281071 1
9504 3435 1281081 1
