215
5321 5043 851634 0
5321 5043 851644 1
5321 5043 851654 1
5321 5043 851664 1
5321 5043 851674 1
5321 5043 851684 1
5321 5043 851694 1
5321 5043 851704 1
5321 5043 851714 1
5321 5043 851724 1
5321 5043 851734 1
5321 5043 851744 1
5321 5043 851754 1
5321 5043 851764 1
5221 4981 851774 1
5136 4971 851784 1
5028 4966 851794 1
4896 4979 851804 1
4747 5007 851814 1
4552 5046 851824 1
4317 5098 851834 1
4056 5177 851844 1
3822 5273 851854 1
3594 5387 851864 1
3441 5498 851874 1
3337 5606 851884 1
3291 5691 851894 1
3296 5769 851904 1
3334 5843 851914 1
3426 5916 851924 1
3594 5986 851934 1
3812 6036 851944 1
4058 6073 851954 1
4377 6101 851964 1
4745 6127 851974 1
5093 6098 851984 1
5443 6032 851994 1
5734 5882 852004 1
5985 5675 852014 1
6176 5431 852024 1
6313 5178 852034 1
6413 4950 852044 1
6443 4745 852054 1
6418 4547 852064 1
6355 4363 852074 1
6211 4186 852084 1
6030 4013 852094 1
5824 3888 852104 1
5592 3822 852114 1
5386 3795 852124 1
5197 3829 852134 1
5023 3903 852144 1
4854 4005 852154 1
4682 4122 852164 1
4506 4239 852174 1
4378 4355 852184 1
4330 4473 852194 1
4336 4624 852204 1
4450 4797 852214 1
4671 4989 852224 1
4962 5159 852234 1
5304 5315 852244 1
5619 5396 852254 1
5917 5414 852264 1
6127 5389 852274 1
6281 5324 852284 1
7059 5362 852515 0
6974 5348 852525 1
6905 5338 852535 1
6855 5324 852545 1
6820 5324 852555 1
6796 5335 852565 1
6754 5335 852575 1
6695 5327 852585 1
6625 5286 852595 1
6535 5224 852605 1
6448 5145 852615 1
6383 5065 852625 1
6332 4997 852635 1
6318 4938 852645 1
6328 4897 852655 1
6353 4868 852665 1
6395 4848 852675 1
6470 4838 852685 1
6568 4852 852695 1
6692 4883 852705 1
6822 4936 852715 1
6920 4989 852725 1
6994 5042 852735 1
7020 5075 852745 1
7007 5109 852755 1
6968 5144 852765 1
6903 5168 852775 1
6817 5186 852785 1
6717 5180 852795 1
6620 5160 852805 1
6552 5131 852815 1
6503 5105 852825 1
6495 5094 852835 1
6523 5094 852845 1
7178 5270 852936 0
7324 5236 852946 1
7301 5226 852956 1
7210 5205 852966 1
7193 5177 852976 1
7188 5177 852986 1
7188 5150 852996 1
7183 5106 853006 1
7171 5056 853016 1
7155 5005 853026 1
7139 4969 853036 1
7126 4943 853046 1
7121 4935 853056 1
7121 4935 853066 1
7121 4935 853076 1
7129 4958 853086 1
7150 4990 853096 1
7180 5029 853106 1
7225 5079 853116 1
7284 5137 853126 1
7351 5201 853136 1
7410 5259 853146 1
7457 5295 853156 1
7496 5317 853166 1
7525 5325 853176 1
7546 5312 853186 1
7562 5286 853196 1
7580 5225 853206 1
7602 5147 853216 1
7626 5057 853226 1
7647 4970 853236 1
7661 4912 853246 1
7672 4874 853256 1
7678 4861 853266 1
7684 4861 853276 1
7691 4878 853286 1
7755 5182 853417 0
7755 5182 853427 1
7690 5116 853437 1
7702 5116 853447 1
7741 5116 853457 1
7781 5127 853467 1
7825 5127 853477 1
7875 5127 853487 1
7928 5132 853497 1
7985 5139 853507 1
8053 5150 853517 1
8125 5175 853527 1
8199 5204 853537 1
8249 5237 853547 1
8283 5259 853557 1
8276 5283 853567 1
8241 5308 853577 1
8186 5321 853587 1
8119 5333 853597 1
8052 5333 853607 1
7986 5317 853617 1
7920 5288 853627 1
7855 5247 853637 1
7795 5197 853647 1
7744 5144 853657 1
7713 5091 853667 1
7694 5038 853677 1
7699 4995 853687 1
7736 4959 853697 1
7793 4931 853707 1
7887 4926 853717 1
7983 4936 853727 1
8080 4960 853737 1
8158 4983 853747 1
8224 5006 853757 1
8271 5020 853767 1
8306 5032 853777 1
8334 5041 853787 1
8355 5041 853797 1
9011 5340 853967 0
9011 5340 853977 1
8909 5333 853987 1
8858 5333 853997 1
8819 5343 854007 1
8787 5359 854017 1
8742 5376 854027 1
8677 5392 854037 1
8599 5392 854047 1
8508 5380 854057 1
8420 5346 854067 1
8337 5298 854077 1
8276 5241 854087 1
8230 5195 854097 1
8213 5149 854107 1
8231 5112 854117 1
8271 5082 854127 1
8367 5066 854137 1
8515 5074 854147 1
8697 5099 854157 1
8886 5115 854167 1
9065 5107 854177 1
9208 5083 854187 1
9329 5021 854197 1
9414 4932 854207 1
9451 4825 854217 1
9457 4704 854227 1
9396 4601 854237 1
9256 4493 854247 1
9062 4377 854257 1
8790 4277 854267 1
8478 4207 854277 1
8138 4157 854287 1
7877 4146 854297 1
7668 4175 854307 1
7493 4232 854317 1
7386 4319 854327 1
7340 4407 854337 1
7334 4496 854347 1
7385 4578 854357 1
