227
5649 4670 578852 0
5649 4670 578862 1
5649 4670 578872 1
5649 4670 578882 1
5649 4670 578892 1
5649 4670 578902 1
5649 4670 578912 1
5649 4670 578922 1
5649 4670 578932 1
5649 4670 578942 1
5649 4670 578952 1
5649 4670 578962 1
5649 4670 578972 1
5649 4670 578982 1
5649 4670 578992 1
5649 4670 579002 1
5649 4670 579012 1
5655 4665 579022 1
5640 4656 579032 1
5615 4628 579042 1
5559 4587 579052 1
5457 4538 579062 1
5323 4498 579072 1
5135 4487 579082 1
4930 4493 579092 1
4714 4542 579102 1
4493 4652 579112 1
4272 4803 579122 1
4052 4977 579132 1
3886 5161 579142 1
3756 5351 579152 1
3656 5528 579162 1
3607 5688 579172 1
3593 5838 579182 1
3625 5978 579192 1
3712 6079 579202 1
3835 6154 579212 1
4038 6175 579222 1
4342 6130 579232 1
4714 6042 579242 1
5130 5879 579252 1
5567 5694 579262 1
6017 5495 579272 1
6396 5283 579282 1
6677 5040 579292 1
6892 4776 579302 1
6892 4776 579312 5
6979 4266 579322 5
6911 4031 579332 5
6750 3828 579342 5
6499 3650 579352 5
6188 3490 579362 5
5827 3367 579372 5
5418 3275 579382 5
4978 3203 579392 5
4584 3213 579402 5
4196 3293 579412 5
3885 3421 579422 5
3623 3552 579432 5
3443 3687 579442 5
3400 3827 579452 5
3448 3968 579462 5
3632 4152 579472 5
3953 4365 579482 5
4366 4565 579492 5
4862 4736 579502 5
5320 4888 579512 5
5753 4953 579522 5
6062 4943 579532 5
6255 4884 579542 5
6371 4772 579552 5
6403 4656 579562 5
6403 4656 579572 1
6810 4785 579783 0
6727 4766 579793 1
6662 4766 579803 1
6630 4771 579813 1
6618 4771 579823 1
6618 4780 579833 1
6604 4790 579843 1
6580 4782 579853 1
6550 4769 579863 1
6516 4731 579873 1
6485 4678 579883 1
6458 4600 579893 1
6458 4519 579903 1
6467 4450 579913 1
6521 4390 579923 1
6613 4348 579933 1
6729 4348 579943 1
6877 4373 579953 1
7012 4419 579963 1
7139 4477 579973 1
7238 4544 579983 1
7291 4608 579993 1
7314 4669 580003 1
7291 4727 580013 1
7241 4786 580023 1
7172 4824 580033 1
7088 4847 580043 1
6990 4847 580053 1
6882 4838 580063 1
6756 4816 580073 1
6658 4788 580083 1
6578 4761 580093 1
6537 4747 580103 1
6537 4747 580113 1
6566 4737 580123 1
6638 4737 580133 1
7215 4819 580214 0
7215 4819 580224 1
7215 4819 580234 1
7215 4819 580244 1
7215 4819 580254 1
7292 4777 580264 1
7311 4777 580274 1
7322 4767 580284 1
7322 4716 580294 1
7322 4639 580304 1
7293 4554 580314 1
7259 4474 580324 1
7219 4409 580334 1
7193 4353 580344 1
7183 4326 580354 1
7183 4321 580364 1
7190 4332 580374 1
7214 4363 580384 1
7250 4418 580394 1
7304 4488 580404 1
7371 4570 580414 1
7447 4649 580424 1
7518 4723 580434 1
7579 4774 580444 1
7632 4810 580454 1
7680 4817 580464 1
7719 4822 580474 1
7751 4801 580484 1
7779 4765 580494 1
7797 4710 580504 1
7809 4645 580514 1
7809 4573 580524 1
7803 4519 580534 1
7796 4481 580544 1
7796 4453 580554 1
7796 4440 580564 1
7802 4440 580574 1
7813 4440 580584 1
7894 4662 580684 0
7894 4662 580694 1
7799 4612 580704 1
7807 4606 580714 1
7849 4606 580724 1
7912 4606 580734 1
7978 4616 580744 1
8050 4623 580754 1
8123 4630 580764 1
8199 4644 580774 1
8279 4663 580784 1
8363 4689 580794 1
8428 4725 580804 1
8480 4767 580814 1
8508 4815 580824 1
8508 4860 580834 1
8497 4889 580844 1
8443 4909 580854 1
8361 4909 580864 1
8261 4892 580874 1
8171 4863 580884 1
8100 4823 580894 1
8041 4779 580904 1
8004 4727 580914 1
7991 4670 580924 1
7991 4608 580934 1
8014 4548 580944 1
8054 4495 580954 1
8106 4445 580964 1
8177 4424 580974 1
8254 4416 580984 1
8326 4416 580994 1
8392 4428 581004 1
8473 4450 581014 1
8553 4480 581024 1
8633 4506 581034 1
9537 4780 581235 0
9537 4780 581245 1
9431 4807 581255 1
9377 4821 581265 1
9349 4834 581275 1
9336 4851 581285 1
9320 4871 581295 1
9290 4890 581305 1
9250 4905 581315 1
9187 4905 581325 1
9102 4886 581335 1
9001 4852 581345 1
8889 4803 581355 1
8777 4744 581365 1
8698 4691 581375 1
8641 4645 581385 1
8617 4605 581395 1
8617 4574 581405 1
8628 4542 581415 1
8670 4509 581425 1
8750 4488 581435 1
8856 4477 581445 1
9012 4477 581455 1
9185 4470 581465 1
9368 4456 581475 1
9540 4425 581485 1
9659 4385 581495 1
9742 4334 581505 1
9772 4280 581515 1
9764 4220 581525 1
9731 4155 581535 1
9657 4092 581545 1
9527 4030 581555 1
9359 3966 581565 1
9158 3909 581575 1
8917 3858 581585 1
8648 3826 581595 1
8374 3806 581605 1
8129 3793 581615 1
7903 3815 581625 1
7701 3859 581635 1
7552 3918 581645 1
7437 3983 581655 1
7367 4045 581665 1
