201
4212 5240 1494569 0
4323 5208 1494579 1
4253 5208 1494589 1
4227 5221 1494599 1
4182 5221 1494609 1
4123 5215 1494619 1
4039 5215 1494629 1
3946 5215 1494639 1
3847 5233 1494649 1
3722 5265 1494659 1
3566 5310 1494669 1
3390 5363 1494679 1
3200 5431 1494689 1
3013 5524 1494699 1
2829 5633 1494709 1
2702 5778 1494719 1
2616 5962 1494729 1
2556 6172 1494739 1
2575 6339 1494749 1
2634 6500 1494759 1
2719 6630 1494769 1
2827 6742 1494779 1
3000 6867 1494789 1
3216 7003 1494799 1
3505 7147 1494809 1
3831 7235 1494819 1
4182 7240 1494829 1
4518 7191 1494839 1
4811 7021 1494849 1
5074 6776 1494859 1
5304 6480 1494869 1
5477 6138 1494879 1
5611 5818 1494889 1
5725 5512 1494899 1
5791 5156 1494909 1
5825 4810 1494919 1
5800 4472 1494929 1
5711 4105 1494939 1
5579 3767 1494949 1
5408 3448 1494959 1
5172 3180 1494969 1
4893 2998 1494979 1
4540 2874 1494989 1
4160 2790 1494999 1
3761 2746 1495009 1
3354 2729 1495019 1
3025 2743 1495029 1
2748 2815 1495039 1
2585 2927 1495049 1
2539 3119 1495059 1
2571 3413 1495069 1
2764 3774 1495079 1
3053 4132 1495089 1
3406 4465 1495099 1
3857 4680 1495109 1
4322 4824 1495119 1
4797 4944 1495129 1
5269 5033 1495139 1
5728 5102 1495149 1
6178 5185 1495159 1
6539 5262 1495169 1
6771 5334 1495179 1
6444 4995 1495480 0
6444 4995 1495490 1
6455 5082 1495500 1
6432 5082 1495510 1
6420 5053 1495520 1
6384 4997 1495530 1
6327 4888 1495540 1
6286 4765 1495550 1
6294 4633 1495560 1
6334 4520 1495570 1
6414 4449 1495580 1
6533 4407 1495590 1
6679 4435 1495600 1
6843 4511 1495610 1
6943 4620 1495620 1
6999 4732 1495630 1
6984 4817 1495640 1
6918 4884 1495650 1
6818 4926 1495660 1
6685 4943 1495670 1
6553 4943 1495680 1
6450 4948 1495690 1
6366 4956 1495700 1
6339 4966 1495710 1
6360 4973 1495720 1
6412 4979 1495730 1
6519 4985 1495740 1
7127 5120 1495830 0
7127 5120 1495840 1
7127 5120 1495850 1
7127 5120 1495860 1
7127 5120 1495870 1
7193 5014 1495880 1
7213 4908 1495890 1
7240 4787 1495900 1
7262 4655 1495910 1
7281 4540 1495920 1
7281 4457 1495930 1
7275 4395 1495940 1
7270 4386 1495950 1
7263 4417 1495960 1
7257 4475 1495970 1
7252 4549 1495980 1
7279 4622 1495990 1
7326 4691 1496000 1
7385 4760 1496010 1
7456 4838 1496020 1
7528 4922 1496030 1
7600 4984 1496040 1
7661 5008 1496050 1
7715 5008 1496060 1
7757 4978 1496070 1
7789 4898 1496080 1
7815 4785 1496090 1
7826 4671 1496100 1
7836 4569 1496110 1
7844 4475 1496120 1
7862 4411 1496130 1
7882 4382 1496140 1
7904 4376 1496150 1
7926 4383 1496160 1
7942 4395 1496170 1
8212 4722 1496331 0
8208 4652 1496341 1
8208 4665 1496351 1
8197 4658 1496361 1
8249 4638 1496371 1
8327 4638 1496381 1
8421 4658 1496391 1
8502 4696 1496401 1
8568 4750 1496411 1
8624 4814 1496421 1
8657 4886 1496431 1
8666 4936 1496441 1
8660 4971 1496451 1
8636 4997 1496461 1
8591 5013 1496471 1
8532 5024 1496481 1
8459 5024 1496491 1
8379 5024 1496501 1
8293 4985 1496511 1
8216 4931 1496521 1
8170 4848 1496531 1
8145 4754 1496541 1
8157 4652 1496551 1
8197 4569 1496561 1
8255 4503 1496571 1
8341 4448 1496581 1
8442 4401 1496591 1
8554 4366 1496601 1
8659 4340 1496611 1
8768 4340 1496621 1
9318 4644 1496712 0
9386 4656 1496722 1
9386 4680 1496732 1
9363 4713 1496742 1
9393 4755 1496752 1
9425 4810 1496762 1
9463 4874 1496772 1
9509 4933 1496782 1
9552 4992 1496792 1
9592 5031 1496802 1
9592 5057 1496812 1
9568 5076 1496822 1
9519 5093 1496832 1
9432 5093 1496842 1
9330 5081 1496852 1
9218 5048 1496862 1
9111 5004 1496872 1
9034 4952 1496882 1
8976 4898 1496892 1
8955 4840 1496902 1
8965 4775 1496912 1
8996 4704 1496922 1
9047 4613 1496932 1
9118 4510 1496942 1
9202 4381 1496952 1
9289 4249 1496962 1
9361 4134 1496972 1
9424 4031 1496982 1
9438 3915 1496992 1
9402 3797 1497002 1
9332 3679 1497012 1
9219 3582 1497022 1
9078 3499 1497032 1
8919 3454 1497042 1
8739 3441 1497052 1
8559 3450 1497062 1
8359 3492 1497072 1
8145 3550 1497082 1
7923 3618 1497092 1
7709 3668 1497102 1
7500 3677 1497112 1
7325 3659 1497122 1
7177 3633 1497132 1
7046 3611 1497142 1
6969 3611 1497152 1
6934 3632 1497162 1
6928 3705 1497172 1
