287
3706 5595 962614 0
3692 5934 962624 1
3660 6058 962634 1
3674 6158 962644 1
3692 6291 962654 1
3734 6425 962664 1
3790 6561 962674 1
3839 6611 962684 1
3882 6611 962694 1
3910 6588 962704 1
3929 6467 962714 1
3943 6214 962724 1
3943 5874 962734 1
3943 5502 962744 1
3935 5124 962754 1
3935 4743 962764 1
3966 4363 962774 1
4021 4078 962784 1
4125 3856 962794 1
4233 3812 962804 1
4345 3824 962814 1
4454 3873 962824 1
4545 3970 962834 1
4626 4124 962844 1
4702 4317 962854 1
4753 4529 962864 1
4786 4747 962874 1
4754 4968 962884 1
4673 5094 962894 1
4559 5130 962904 1
4464 5107 962914 1
4374 5047 962924 1
4318 4975 962934 1
4283 4894 962944 1
4291 4777 962954 1
4327 4632 962964 1
4382 4469 962974 1
4435 4282 962984 1
4491 4090 962994 1
4551 3931 963004 1
4612 3795 963014 1
4700 3747 963024 1
4788 3789 963034 1
4872 3892 963044 1
4945 4058 963054 1
5014 4243 963064 1
5073 4441 963074 1
4996 5366 963285 0
4996 5513 963295 1
4952 5519 963305 1
4952 5561 963315 1
4974 5628 963325 1
5009 5764 963335 1
5061 5943 963345 1
5125 6150 963355 1
5185 6327 963365 1
5232 6459 963375 1
5269 6560 963385 1
5287 6586 963395 1
5293 6586 963405 1
5293 6575 963415 1
5277 6503 963425 1
5247 6318 963435 1
5208 6057 963445 1
5145 5721 963455 1
5086 5368 963465 1
5036 5003 963475 1
5021 4645 963485 1
5028 4344 963495 1
5071 4082 963505 1
5119 3958 963515 1
5168 3907 963525 1
5215 3907 963535 1
5250 3927 963545 1
5276 4016 963555 1
5296 4148 963565 1
5326 4378 963575 1
5357 4648 963585 1
5379 4944 963595 1
5394 5168 963605 1
5414 5300 963615 1
5421 5371 963625 1
5421 5371 963635 1
5408 5358 963645 1
5387 5340 963655 1
5358 5265 963665 1
5331 5107 963675 1
5303 4895 963685 1
5276 4610 963695 1
5250 4320 963705 1
5224 4027 963715 1
5245 3870 963725 1
5298 3840 963735 1
5391 3896 963745 1
5509 4041 963755 1
5644 4244 963765 1
5791 4486 963775 1
5918 4672 963785 1
6031 4858 963795 1
6121 4991 963805 1
6175 5089 963815 1
6205 5127 963825 1
6190 5135 963835 1
6155 5122 963845 1
6106 5091 963855 1
6071 5060 963865 1
6051 5024 963875 1
6041 4982 963885 1
6046 4912 963895 1
6055 4825 963905 1
6072 4722 963915 1
6093 4639 963925 1
6117 4570 963935 1
6142 4558 963945 1
6189 4608 963955 1
6249 4700 963965 1
6338 4929 963975 1
6431 5178 963985 1
6518 5441 963995 1
6598 5684 964005 1
6657 5883 964015 1
6699 6053 964025 1
6729 6146 964035 1
6735 6174 964045 1
6735 6159 964055 1
6719 6147 964065 1
6684 6066 964075 1
6634 5940 964085 1
6575 5719 964095 1
6520 5446 964105 1
6469 5138 964115 1
6447 4827 964125 1
6447 4523 964135 1
6447 4223 964145 1
6466 4023 964155 1
6494 3934 964165 1
6536 3920 964175 1
6578 3968 964185 1
6620 4061 964195 1
6673 4184 964205 1
6729 4297 964215 1
6790 4388 964225 1
6836 4464 964235 1
6872 4516 964245 1
6884 4560 964255 1
6884 4598 964265 1
6869 4631 964275 1
6844 4655 964285 1
6821 4672 964295 1
6799 4678 964305 1
6765 4678 964315 1
6736 4671 964325 1
6717 4660 964335 1
6706 4653 964345 1
6706 4653 964355 1
6706 4653 964365 1
6706 4653 964375 1
6711 4653 964385 1
6718 4653 964395 1
6727 4645 964405 1
6736 4645 964415 1
6744 4638 964425 1
6755 4638 964435 1
6769 4649 964445 1
6789 4692 964455 1
6813 4757 964465 1
6838 4863 964475 1
6864 4975 964485 1
6878 5090 964495 1
6887 5205 964505 1
6887 5231 964515 1
6879 5225 964525 1
6866 5197 964535 1
6840 5146 964545 1
6813 5089 964555 1
6785 5029 964565 1
6767 4976 964575 1
6752 4922 964585 1
6752 4822 964595 1
6752 4692 964605 1
6740 4477 964615 1
6717 4153 964625 1
6685 3757 964635 1
6667 3325 964645 1
6650 2965 964655 1
6628 2654 964665 1
6602 2501 964675 1
6602 2454 964685 1
6597 2479 964695 1
6592 2505 964705 1
6583 2562 964715 1
6576 2641 964725 1
6576 2736 964735 1
6583 2836 964745 1
7501 5760 965047 0
7507 5930 965057 1
7474 5909 965067 1
7423 5846 965077 1
7378 5732 965087 1
7328 5589 965097 1
7275 5428 965107 1
7244 5243 965117 1
7244 5083 965127 1
7262 4941 965137 1
7292 4846 965147 1
7323 4791 965157 1
7354 4764 965167 1
7392 4764 965177 1
7435 4819 965187 1
7487 4907 965197 1
7549 5055 965207 1
7619 5218 965217 1
7672 5390 965227 1
7700 5531 965237 1
7712 5594 965247 1
7712 5604 965257 1
7701 5596 965267 1
7686 5531 965277 1
7659 5427 965287 1
7625 5221 965297 1
7587 5010 965307 1
7548 4797 965317 1
7542 4687 965327 1
7559 4671 965337 1
7627 4719 965347 1
7726 4872 965357 1
7845 5068 965367 1
7929 5294 965377 1
7995 5478 965387 1
8048 5631 965397 1
8077 5763 965407 1
8087 5800 965417 1
8087 5792 965427 1
8053 5754 965437 1
8007 5657 965447 1
7949 5526 965457 1
7895 5373 965467 1
7847 5224 965477 1
7842 5147 965487 1
7862 5118 965497 1
7920 5118 965507 1
7985 5183 965517 1
8059 5284 965527 1
8137 5439 965537 1
8214 5555 965547 1
8287 5645 965557 1
8357 5713 965567 1
8411 5739 965577 1
8435 5739 965587 1
8440 5681 965597 1
8421 5566 965607 1
8375 5413 965617 1
8311 5226 965627 1
8243 5073 965637 1
8186 4943 965647 1
8199 4922 965657 1
8256 4982 965667 1
8349 5097 965677 1
8454 5303 965687 1
8567 5487 965697 1
8661 5656 965707 1
8740 5850 965717 1
8809 5985 965727 1
8877 6082 965737 1
8925 6093 965747 1
8960 6059 965757 1
8985 5995 965767 1
9004 5842 965777 1
9019 5628 965787 1
9037 5374 965797 1
9069 5056 965807 1
9110 4700 965817 1
9187 4318 965827 1
9221 3957 965837 1
9221 3696 965847 1
9215 3501 965857 1
9195 3366 965867 1
9169 3331 965877 1
9136 3363 965887 1
9090 3429 965897 1
9036 3537 965907 1
8974 3674 965917 1
8909 3876 965927 1
8842 4138 965937 1
8833 4441 965947 1
8881 4669 965957 1
8967 4841 965967 1
