250
4398 6369 373817 0
4319 6509 373827 1
4268 6584 373837 1
4244 6659 373847 1
4239 6765 373857 1
4248 6870 373867 1
4258 6966 373877 1
4269 7008 373887 1
4282 7017 373897 1
4297 6997 373907 1
4297 6997 373917 5
4347 6672 373927 5
4381 6354 373937 5
4415 5983 373947 5
4450 5576 373957 5
4507 5109 373967 5
4579 4691 373977 5
4663 4306 373987 5
4746 4059 373997 5
4826 3991 374007 5
4893 4042 374017 5
4955 4161 374027 5
5011 4365 374037 5
5068 4625 374047 5
5127 4856 374057 5
5163 5070 374067 5
5184 5274 374077 5
5161 5474 374087 5
5104 5611 374097 5
5024 5705 374107 5
4943 5710 374117 5
4852 5652 374127 5
4755 5552 374137 5
4658 5388 374147 5
4598 5172 374157 5
4562 4921 374167 5
4580 4695 374177 5
4643 4558 374187 5
4737 4481 374197 5
4860 4488 374207 5
4984 4553 374217 5
5110 4657 374227 5
5220 4782 374237 5
5320 4897 374247 5
5397 5005 374257 5
5466 5140 374267 5
5466 5140 374277 4
5571 5464 374287 4
5576 5595 374297 4
5557 5727 374307 4
5526 5861 374317 4
5500 5993 374327 4
5476 6106 374337 4
5482 6207 374347 4
5482 6264 374357 4
5474 6273 374367 4
5468 6251 374377 4
5468 6227 374387 4
5468 6227 374398 5
5468 6227 374408 5
5468 6227 374418 5
5468 6227 374428 5
5422 6381 374438 5
5437 6540 374448 5
5449 6682 374458 5
5458 6819 374468 5
5464 6947 374478 5
5473 7019 374488 5
5487 7056 374498 5
5494 7056 374508 5
5494 6995 374518 5
5524 6897 374528 5
5550 6689 374538 5
5574 6409 374548 5
5595 6081 374558 5
5616 5690 374568 5
5648 5311 374578 5
5696 4941 374588 5
5755 4642 374598 5
5827 4517 374608 5
5881 4507 374618 5
5923 4572 374628 5
5959 4718 374638 5
5994 4919 374648 5
6027 5115 374658 5
6057 5342 374668 5
6074 5589 374678 5
6082 5827 374688 5
6076 6011 374698 5
6059 6159 374708 5
6034 6207 374718 5
5995 6207 374728 5
5935 6171 374738 5
5861 6080 374748 5
5790 5911 374758 5
5747 5691 374768 5
5723 5452 374778 5
5731 5219 374788 5
5771 5030 374798 5
5831 4869 374808 5
5886 4767 374818 5
5933 4710 374828 5
5975 4682 374838 5
6039 4734 374848 5
6105 4865 374858 5
6189 5049 374868 5
6283 5251 374878 5
6383 5437 374888 5
6476 5613 374898 5
6541 5753 374908 5
6590 5848 374918 5
6614 5913 374928 5
6614 5919 374938 5
6600 5912 374948 5
6582 5897 374958 5
6564 5838 374968 5
6545 5722 374978 5
6531 5569 374988 5
6521 5376 374998 5
6521 5187 375008 5
6540 5002 375018 5
6573 4972 375028 5
6647 5040 375038 5
6720 5173 375048 5
6795 5418 375058 5
6869 5641 375068 5
6934 5849 375078 5
6991 6039 375088 5
7035 6215 375098 5
7067 6381 375108 5
7092 6487 375118 5
7109 6523 375128 5
7118 6513 375138 5
7118 6477 375148 5
7131 6339 375158 5
7131 6133 375168 5
7131 5890 375178 5
7148 5597 375188 5
7182 5272 375198 5
7228 4931 375208 5
7295 4583 375218 5
7344 4230 375228 5
7380 3925 375238 5
7398 3651 375248 5
7398 3397 375258 5
7390 3224 375268 5
7355 3165 375278 5
7313 3181 375288 5
7266 3273 375298 5
7214 3436 375308 5
7214 3436 375318 4
7138 3932 375328 4
7125 4234 375338 4
7152 4547 375348 4
7205 4809 375358 4
7275 5056 375368 4
7349 5292 375378 4
7414 5531 375388 4
7474 5757 375398 4
7522 5974 375408 4
7522 5974 375419 5
7568 6196 375429 5
7555 6196 375439 5
7533 6180 375449 5
7504 6132 375459 5
7490 6066 375469 5
7479 5959 375479 5
7486 5783 375489 5
7503 5560 375499 5
7533 5301 375509 5
7559 5127 375519 5
7583 5009 375529 5
7623 5026 375539 5
7670 5139 375549 5
7722 5315 375559 5
7757 5543 375569 5
7786 5753 375579 5
7811 5951 375589 5
7811 6136 375599 5
7811 6272 375609 5
7801 6375 375619 5
7801 6365 375629 5
7785 6316 375639 5
7762 6242 375649 5
7772 6099 375659 5
7789 5948 375669 5
7817 5791 375679 5
7865 5714 375689 5
7925 5706 375699 5
7992 5745 375709 5
8055 5867 375719 5
8113 6011 375729 5
8168 6169 375739 5
8211 6302 375749 5
8238 6393 375759 5
8253 6455 375769 5
8253 6467 375779 5
8253 6467 375789 5
8253 6457 375799 5
8270 6419 375809 5
8289 6351 375819 5
8304 6262 375829 5
8315 6176 375839 5
8315 6134 375849 5
8322 6121 375859 5
8336 6121 375869 5
8354 6154 375879 5
8377 6199 375889 5
8404 6258 375899 5
8436 6323 375909 5
8475 6398 375919 5
8517 6481 375929 5
8554 6566 375939 5
8588 6652 375949 5
8614 6707 375959 5
8633 6741 375969 5
8646 6748 375979 5
8657 6731 375989 5
8674 6697 375999 5
8703 6592 376009 5
8733 6429 376019 5
8763 6228 376029 5
8810 5977 376039 5
8893 5648 376049 5
8999 5266 376059 5
9117 4873 376069 5
9225 4552 376079 5
9326 4279 376089 5
9384 4114 376099 5
9400 4034 376109 5
9387 4011 376119 5
9325 4017 376129 5
9240 4049 376139 5
9139 4098 376149 5
9041 4191 376159 5
8925 4374 376169 5
8797 4617 376179 5
8797 4617 376189 4
8676 5245 376199 4
8711 5496 376209 4
8794 5661 376219 4
8863 5834 376229 4
8922 6012 376239 4
8953 6150 376249 4
8948 6251 376259 4
8919 6327 376269 4
8854 6396 376279 4
8770 6459 376289 4
8672 6518 376299 4
8672 6518 376309 4
