302
4570 5525 368800 0
4573 5448 368810 4
4584 5396 368820 4
4596 5339 368830 4
4586 5304 368840 4
4562 5290 368850 4
4544 5290 368860 4
4526 5314 368870 4
4511 5340 368880 4
4499 5372 368890 4
4499 5409 368900 4
4505 5458 368910 4
4521 5528 368920 4
4521 5528 368930 5
4526 5723 368940 5
4478 5836 368950 5
4438 5983 368960 5
4401 6152 368970 5
4369 6318 368980 5
4338 6454 368990 5
4306 6569 369000 5
4273 6627 369010 5
4265 6664 369020 5
4258 6686 369030 5
4253 6718 369040 5
4253 6747 369050 5
4253 6771 369060 5
4253 6791 369070 5
4253 6781 369080 5
4253 6750 369090 5
4270 6602 369100 5
4301 6321 369110 5
4355 5952 369120 5
4413 5526 369130 5
4499 5064 369140 5
4602 4579 369150 5
4738 4197 369160 5
4843 3981 369170 5
4928 3877 369180 5
4997 3877 369190 5
5050 3903 369200 5
5092 3955 369210 5
5109 4065 369220 5
5123 4229 369230 5
5134 4429 369240 5
5134 4651 369250 5
5117 4886 369260 5
5085 5129 369270 5
5012 5322 369280 5
4935 5407 369290 5
4855 5421 369300 5
4789 5341 369310 5
4725 5196 369320 5
4690 5007 369330 5
4673 4802 369340 5
4702 4604 369350 5
4765 4411 369360 5
4851 4302 369370 5
4959 4263 369380 5
5072 4272 369390 5
5192 4322 369400 5
5299 4386 369410 5
5398 4459 369420 5
5479 4536 369430 5
5545 4641 369440 5
5601 4765 369450 5
5643 4895 369460 5
5643 4895 369470 4
5659 5109 369480 4
5597 5194 369490 4
5515 5255 369500 4
5419 5299 369510 4
5348 5379 369520 4
5319 5455 369530 4
5319 5528 369540 4
5349 5578 369550 4
5384 5578 369560 4
5428 5556 369570 4
5428 5556 369581 5
5474 5381 369591 5
5432 5275 369601 5
5438 5195 369611 5
5458 5166 369621 5
5486 5172 369631 5
5507 5202 369641 5
5528 5284 369651 5
5548 5402 369661 5
5571 5533 369671 5
5582 5695 369681 5
5582 5877 369691 5
5561 6071 369701 5
5525 6267 369711 5
5481 6417 369721 5
5461 6535 369731 5
5443 6574 369741 5
5436 6584 369751 5
5436 6576 369761 5
5428 6576 369771 5
5419 6536 369781 5
5408 6474 369791 5
5408 6275 369801 5
5429 5983 369811 5
5458 5629 369821 5
5511 5223 369831 5
5603 4819 369841 5
5720 4417 369851 5
5834 4164 369861 5
5917 4082 369871 5
5980 4115 369881 5
6044 4210 369891 5
6078 4362 369901 5
6093 4552 369911 5
6103 4731 369921 5
6096 4921 369931 5
6077 5109 369941 5
6050 5292 369951 5
6012 5452 369961 5
5966 5553 369971 5
5930 5614 369981 5
5895 5614 369991 5
5859 5569 370001 5
5813 5495 370011 5
5764 5349 370021 5
5715 5142 370031 5
5698 4895 370041 5
5698 4670 370051 5
5737 4521 370061 5
5802 4424 370071 5
5885 4412 370081 5
5968 4453 370091 5
6046 4529 370101 5
6121 4622 370111 5
6194 4752 370121 5
6270 4908 370131 5
6351 5079 370141 5
6431 5267 370151 5
6431 5267 370161 4
6564 5626 370171 4
6588 5724 370181 4
6580 5782 370191 4
6550 5759 370201 4
6550 5759 370222 5
6474 5622 370232 5
6418 5531 370242 5
6377 5406 370252 5
6363 5258 370262 5
6363 5119 370272 5
6408 5029 370282 5
6455 4971 370292 5
6505 4955 370302 5
6554 4979 370312 5
6599 5031 370322 5
6632 5122 370332 5
6657 5229 370342 5
6691 5347 370352 5
6725 5471 370362 5
6759 5625 370372 5
6793 5799 370382 5
6824 5985 370392 5
6865 6114 370402 5
6890 6205 370412 5
6902 6215 370422 5
6902 6204 370432 5
6902 6180 370442 5
6891 6086 370452 5
6891 5945 370462 5
6898 5772 370472 5
6906 5551 370482 5
6936 5257 370492 5
6980 4914 370502 5
7067 4478 370512 5
7165 4033 370522 5
7271 3583 370532 5
7353 3228 370542 5
7402 3017 370552 5
7430 2902 370562 5
7415 2902 370572 5
7373 2946 370582 5
7314 3019 370592 5
7255 3101 370602 5
7197 3227 370612 5
7141 3382 370622 5
7141 3382 370632 4
7032 3875 370642 4
6978 4190 370652 4
6925 4502 370662 4
6901 4777 370672 4
6916 5027 370682 4
6958 5187 370692 4
7027 5300 370702 4
7097 5382 370712 4
7148 5451 370722 4
7185 5494 370732 4
7209 5519 370742 4
7209 5519 370753 5
7220 5408 370763 5
7184 5268 370773 5
7184 5109 370783 5
7200 5023 370793 5
7241 4986 370803 5
7282 5037 370813 5
7323 5180 370823 5
7345 5384 370833 5
7356 5609 370843 5
7356 5820 370853 5
7331 5988 370863 5
7288 6134 370873 5
7249 6205 370883 5
7227 6217 370893 5
7215 6191 370903 5
7198 6143 370913 5
7206 6022 370923 5
7230 5853 370933 5
7267 5642 370943 5
7310 5509 370953 5
7363 5429 370963 5
7429 5420 370973 5
7503 5474 370983 5
7572 5571 370993 5
7636 5735 371003 5
7703 5914 371013 5
7757 6103 371023 5
7802 6272 371033 5
7836 6387 371043 5
7872 6467 371053 5
7895 6467 371063 5
7908 6444 371073 5
7938 6398 371083 5
7968 6308 371093 5
8000 6218 371103 5
8027 6129 371113 5
8050 6082 371123 5
8080 6082 371133 5
8114 6109 371143 5
8156 6205 371153 5
8203 6334 371163 5
8252 6484 371173 5
8298 6608 371183 5
8331 6698 371193 5
8358 6766 371203 5
8377 6766 371213 5
8396 6724 371223 5
8414 6657 371233 5
8441 6538 371243 5
8465 6387 371253 5
8485 6214 371263 5
8506 6026 371273 5
8529 5932 371283 5
8558 5901 371293 5
8596 5945 371303 5
8638 6055 371313 5
8673 6210 371323 5
8708 6376 371333 5
8735 6535 371343 5
8756 6680 371353 5
8774 6819 371363 5
8792 6880 371373 5
8811 6890 371383 5
8830 6866 371393 5
8867 6788 371403 5
8915 6659 371413 5
8979 6496 371423 5
9056 6247 371433 5
9142 5996 371443 5
9219 5741 371453 5
9277 5523 371463 5
9323 5330 371473 5
9348 5151 371483 5
9364 5008 371493 5
9374 4888 371503 5
9353 4814 371513 5
9323 4785 371523 5
9287 4785 371533 5
9251 4796 371543 5
9195 4860 371553 5
9126 4960 371563 5
9035 5120 371573 5
8934 5332 371583 5
8825 5579 371593 5
8741 5884 371603 5
8741 6131 371613 5
8795 6339 371623 5
8795 6339 371633 4
9035 6589 371643 4
9137 6683 371653 4
9186 6744 371663 4
9186 6744 371673 4
9146 6705 371683 4
9108 6648 371693 4
9048 6609 371703 4
8973 6581 371713 4
8903 6560 371723 4
8844 6539 371733 4
8784 6499 371743 4
8719 6448 371753 4
8622 6370 371763 4
8530 6278 371773 4
8419 6177 371783 4
8294 6088 371793 4
8115 5999 371803 4
7938 5891 371813 4
7761 5770 371823 4
