237
4844 7085 973059 0
4883 7153 973069 1
4873 7142 973079 1
4873 7133 973089 1
4861 7072 973099 1
4845 6994 973109 1
4845 6904 973119 1
4854 6797 973129 1
4868 6608 973139 1
4883 6365 973149 1
4897 6029 973159 1
4906 5646 973169 1
4913 5231 973179 1
4941 4802 973189 1
4991 4484 973199 1
5055 4240 973209 1
5123 4141 973219 1
5194 4120 973229 1
5267 4151 973239 1
5310 4252 973249 1
5352 4417 973259 1
5394 4626 973269 1
5436 4860 973279 1
5458 5100 973289 1
5466 5361 973299 1
5448 5635 973309 1
5422 5818 973319 1
5390 5894 973329 1
5360 5900 973339 1
5330 5871 973349 1
5290 5748 973359 1
5244 5562 973369 1
5211 5330 973379 1
5191 5084 973389 1
5179 4828 973399 1
5179 4572 973409 1
5194 4395 973419 1
5229 4270 973429 1
5302 4246 973439 1
5420 4355 973449 1
5568 4554 973459 1
5747 4801 973469 1
5898 6112 973690 0
5879 6241 973700 1
5858 6364 973710 1
5841 6487 973720 1
5868 6638 973730 1
5923 6808 973740 1
5985 6925 973750 1
6023 6956 973760 1
6045 6929 973770 1
6052 6854 973780 1
6042 6641 973790 1
6020 6337 973800 1
5980 6015 973810 1
5942 5692 973820 1
5926 5366 973830 1
5926 5028 973840 1
5926 4682 973850 1
5963 4532 973860 1
6017 4487 973870 1
6079 4511 973880 1
6143 4597 973890 1
6221 4734 973900 1
6307 4905 973910 1
6387 5073 973920 1
6451 5251 973930 1
6503 5455 973940 1
6529 5674 973950 1
6516 5890 973960 1
6476 6055 973970 1
6424 6186 973980 1
6375 6215 973990 1
6335 6203 974000 1
6290 6163 974010 1
6241 6050 974020 1
6190 5855 974030 1
6144 5605 974040 1
6107 5318 974050 1
6072 5030 974060 1
6072 4817 974070 1
6089 4654 974080 1
6149 4587 974090 1
6239 4598 974100 1
6349 4662 974110 1
6458 4797 974120 1
6573 4933 974130 1
6708 5069 974140 1
6854 5191 974150 1
6942 6113 974320 0
6942 6113 974330 1
6841 6183 974340 1
6819 6183 974350 1
6819 6214 974360 1
6828 6267 974370 1
6886 6346 974380 1
6930 6408 974390 1
6964 6459 974400 1
6982 6451 974410 1
6982 6386 974420 1
6968 6283 974430 1
6942 6079 974440 1
6899 5869 974450 1
6845 5648 974460 1
6797 5420 974470 1
6744 5185 974480 1
6737 5048 974490 1
6761 4977 974500 1
6826 4958 974510 1
6905 4999 974520 1
6992 5081 974530 1
7087 5231 974540 1
7187 5406 974550 1
7295 5597 974560 1
7386 5750 974570 1
7465 5913 974580 1
7518 6082 974590 1
7544 6234 974600 1
7552 6335 974610 1
7540 6402 974620 1
7531 6402 974630 1
7511 6352 974640 1
7484 6277 974650 1
7457 6103 974660 1
7430 5857 974670 1
7396 5563 974680 1
7357 5188 974690 1
7314 4744 974700 1
7271 4254 974710 1
7227 3780 974720 1
7207 3443 974730 1
7207 3198 974740 1
7207 3099 974750 1
7217 3110 974760 1
7224 3194 974770 1
7224 3313 974780 1
7224 3463 974790 1
7230 3635 974800 1
7933 6284 974961 0
7966 6391 974971 1
7959 6407 974981 1
7964 6380 974991 1
7964 6388 975001 1
7964 6361 975011 1
7942 6310 975021 1
7899 6134 975031 1
7843 5906 975041 1
7764 5644 975051 1
7714 5445 975061 1
7682 5303 975071 1
7699 5200 975081 1
7763 5200 975091 1
7859 5287 975101 1
7964 5431 975111 1
8056 5616 975121 1
8139 5784 975131 1
8204 5940 975141 1
8243 6080 975151 1
8265 6165 975161 1
8265 6213 975171 1
8256 6213 975181 1
8236 6176 975191 1
8190 6122 975201 1
8143 5991 975211 1
8094 5834 975221 1
8056 5661 975231 1
8056 5571 975241 1
8074 5523 975251 1
8124 5504 975261 1
8178 5518 975271 1
8249 5592 975281 1
8331 5705 975291 1
8418 5861 975301 1
8499 6011 975311 1
8553 6158 975321 1
8591 6275 975331 1
8601 6311 975341 1
8590 6293 975351 1
8566 6243 975361 1
8520 6155 975371 1
8470 6043 975381 1
8416 5932 975391 1
8375 5847 975401 1
8375 5779 975411 1
8403 5760 975421 1
8442 5774 975431 1
8497 5810 975441 1
8563 5901 975451 1
8626 5993 975461 1
8675 6087 975471 1
8715 6114 975481 1
8738 6114 975491 1
8752 6097 975501 1
8759 6048 975511 1
8752 5977 975521 1
8723 5892 975531 1
8680 5772 975541 1
8623 5650 975551 1
8566 5569 975561 1
8555 5516 975571 1
8574 5527 975581 1
8628 5585 975591 1
8702 5675 975601 1
8790 5838 975611 1
8893 5998 975621 1
8975 6149 975631 1
9042 6296 975641 1
9088 6410 975651 1
9116 6503 975661 1
9132 6527 975671 1
9132 6527 975681 1
9126 6527 975691 1
9117 6494 975701 1
9117 6403 975711 1
9117 6272 975721 1
9132 6125 975731 1
9159 5925 975741 1
9186 5691 975751 1
9224 5400 975761 1
9270 5092 975771 1
9283 4772 975781 1
9316 4427 975791 1
9363 4081 975801 1
9363 3845 975811 1
9352 3683 975821 1
9335 3628 975831 1
9335 3644 975841 1
9318 3708 975851 1
9289 3825 975861 1
9246 3988 975871 1
9198 4182 975881 1
9147 4454 975891 1
9119 4748 975901 1
9130 5056 975911 1
9168 5233 975921 1
9224 5338 975931 1
9282 5394 975941 1
