246
4789 6572 947772 0
4807 6717 947782 1
4785 6767 947792 1
4785 6798 947802 1
4790 6849 947812 1
4805 6910 947822 1
4824 6978 947832 1
4842 7023 947842 1
4858 7048 947852 1
4864 7061 947862 1
4864 7061 947872 1
4852 6967 947882 1
4834 6814 947892 1
4812 6452 947902 1
4783 6015 947912 1
4756 5528 947922 1
4730 5083 947932 1
4777 4757 947942 1
4848 4511 947952 1
4934 4411 947962 1
5019 4369 947972 1
5089 4369 947982 1
5149 4369 947992 1
5193 4416 948002 1
5231 4490 948012 1
5264 4631 948022 1
5300 4825 948032 1
5305 5054 948042 1
5289 5291 948052 1
5237 5460 948062 1
5171 5583 948072 1
5096 5583 948082 1
5024 5544 948092 1
4955 5470 948102 1
4910 5346 948112 1
4879 5209 948122 1
4895 5063 948132 1
4946 4937 948142 1
5019 4823 948152 1
5103 4716 948162 1
5189 4610 948172 1
5274 4528 948182 1
5355 4462 948192 1
5433 4492 948202 1
5537 4642 948212 1
5664 4871 948222 1
5916 5483 948513 0
5935 5552 948523 1
5935 5640 948533 1
5935 5759 948543 1
5958 5981 948553 1
5991 6258 948563 1
6028 6572 948573 1
6060 6843 948583 1
6098 7011 948593 1
6142 7111 948603 1
6162 7124 948613 1
6162 7069 948623 1
6154 6969 948633 1
6117 6708 948643 1
6062 6396 948653 1
5994 6051 948663 1
5942 5670 948673 1
5921 5301 948683 1
5921 4940 948693 1
5965 4677 948703 1
6035 4561 948713 1
6121 4544 948723 1
6208 4574 948733 1
6284 4665 948743 1
6352 4797 948753 1
6407 4958 948763 1
6453 5143 948773 1
6492 5344 948783 1
6518 5547 948793 1
6531 5729 948803 1
6536 5897 948813 1
6526 5966 948823 1
6484 5966 948833 1
6420 5920 948843 1
6328 5787 948853 1
6237 5621 948863 1
6178 5434 948873 1
6141 5240 948883 1
6141 5053 948893 1
6188 4875 948903 1
6257 4686 948913 1
6314 4580 948923 1
6389 4529 948933 1
6476 4568 948943 1
6572 4705 948953 1
6691 4908 948963 1
7170 5332 949134 0
7205 5092 949144 1
7161 5062 949154 1
7169 5048 949164 1
7211 5048 949174 1
7234 5069 949184 1
7257 5124 949194 1
7283 5201 949204 1
7328 5363 949214 1
7386 5561 949224 1
7426 5784 949234 1
7450 5990 949244 1
7464 6073 949254 1
7464 6073 949264 1
7441 6045 949274 1
7406 5962 949284 1
7349 5842 949294 1
7292 5703 949304 1
7235 5575 949314 1
7209 5455 949324 1
7193 5309 949334 1
7183 5149 949344 1
7170 4979 949354 1
7164 4838 949364 1
7203 4761 949374 1
7270 4726 949384 1
7387 4818 949394 1
7507 4990 949404 1
7632 5215 949414 1
7747 5432 949424 1
7857 5622 949434 1
7924 5795 949444 1
7963 5926 949454 1
7983 5984 949464 1
7983 5993 949474 1
7983 5993 949484 1
7983 5993 949494 1
7983 5954 949504 1
7966 5895 949514 1
7939 5759 949524 1
7904 5522 949534 1
7855 5219 949544 1
7824 4764 949554 1
7806 4248 949564 1
7812 3691 949574 1
7824 3260 949584 1
7851 2998 949594 1
7885 2849 949604 1
7892 2802 949614 1
7882 2822 949624 1
7860 2887 949634 1
7827 3007 949644 1
7785 3173 949654 1
7736 3370 949664 1
7690 3602 949674 1
8278 5663 949875 0
8336 5532 949885 1
8322 5503 949895 1
8310 5486 949905 1
8299 5463 949915 1
8287 5444 949925 1
8277 5428 949935 1
8270 5396 949945 1
8265 5340 949955 1
8273 5267 949965 1
8289 5224 949975 1
8325 5215 949985 1
8381 5228 949995 1
8451 5333 950005 1
8547 5502 950015 1
8725 6049 950056 0
8718 6253 950066 1
8695 6261 950076 1
8661 6232 950086 1
8619 6156 950096 1
8564 6018 950106 1
8509 5839 950116 1
8473 5666 950126 1
8449 5530 950136 1
8449 5420 950146 1
8490 5363 950156 1
8548 5333 950166 1
8610 5322 950176 1
8687 5381 950186 1
8773 5503 950196 1
8864 5667 950206 1
8952 5831 950216 1
8999 5993 950226 1
9020 6155 950236 1
9020 6243 950246 1
9015 6267 950256 1
9004 6249 950266 1
8986 6213 950276 1
8968 6118 950286 1
8946 5983 950296 1
8920 5804 950306 1
8894 5647 950316 1
8874 5504 950326 1
8898 5432 950336 1
8950 5443 950346 1
9023 5510 950356 1
9108 5673 950366 1
9200 5853 950376 1
9294 6044 950386 1
9383 6233 950396 1
9458 6418 950406 1
9524 6601 950416 1
9576 6627 950426 1
9592 6597 950436 1
9585 6530 950446 1
9544 6327 950456 1
9477 6120 950466 1
9392 5904 950476 1
9323 5753 950486 1
9317 5645 950496 1
9352 5623 950506 1
9428 5672 950516 1
9518 5768 950526 1
9616 5920 950536 1
9716 6043 950546 1
9801 6148 950556 1
9876 6227 950566 1
9937 6286 950576 1
9975 6331 950586 1
9997 6363 950596 1
10002 6383 950606 1
10002 6394 950616 1
9992 6394 950626 1
9987 6394 950636 1
9987 6394 950646 1
9987 6364 950656 1
9995 6249 950666 1
9995 6077 950676 1
10002 5851 950686 1
10010 5553 950696 1
10017 5206 950706 1
10023 4816 950716 1
10030 4501 950726 1
10018 4236 950736 1
10018 4100 950746 1
10018 4058 950756 1
10018 4079 950766 1
10018 4128 950776 1
10006 4222 950786 1
9989 4345 950796 1
9956 4486 950806 1
9915 4655 950816 1
9869 4843 950826 1
9827 5032 950836 1
9851 5195 950846 1
9918 5341 950856 1
10031 5506 950866 1
10154 5670 950876 1
10283 5816 950886 1
