179
3848 6314 329984 0
3882 6404 329994 1
3873 6453 330004 1
3861 6502 330014 1
3848 6576 330024 1
3832 6652 330034 1
3813 6717 330044 1
3793 6774 330054 1
3782 6807 330064 1
3771 6819 330074 1
3761 6819 330084 1
3736 6803 330094 1
3700 6735 330104 1
3662 6631 330114 1
3619 6437 330124 1
3573 6157 330134 1
3521 5821 330144 1
3471 5435 330154 1
3428 5062 330164 1
3452 4698 330174 1
3519 4496 330184 1
3626 4472 330194 1
3744 4566 330204 1
3870 4691 330214 1
3974 4823 330224 1
4069 4961 330234 1
4157 5102 330244 1
4232 5259 330254 1
4279 5426 330264 1
4306 5587 330274 1
4306 5753 330284 1
4269 5929 330294 1
4213 6049 330304 1
4154 6132 330314 1
4088 6100 330324 1
4017 5991 330334 1
3948 5830 330344 1
3885 5595 330354 1
3858 5330 330364 1
3851 5046 330374 1
3894 4876 330384 1
3969 4816 330394 1
4066 4830 330404 1
4177 4879 330414 1
4288 4951 330424 1
4375 5038 330434 1
4445 5114 330444 1
4498 5182 330454 1
4534 5246 330464 1
4505 6186 330595 0
4505 6186 330605 1
4505 6186 330615 1
4505 6186 330625 1
4546 6250 330635 1
4546 6250 330645 1
4546 6250 330655 1
4538 6240 330665 1
4527 6144 330675 1
4516 5992 330685 1
4503 5775 330695 1
4486 5528 330705 1
4468 5260 330715 1
4458 5017 330725 1
4475 4880 330735 1
4509 4813 330745 1
4571 4801 330755 1
4663 4861 330765 1
4776 4968 330775 1
4859 5117 330785 1
4938 5277 330795 1
5014 5445 330805 1
5086 5586 330815 1
5147 5730 330825 1
5201 5892 330835 1
5231 6065 330845 1
5231 6277 330855 1
5200 6462 330865 1
5141 6628 330875 1
5076 6681 330885 1
5007 6637 330895 1
4928 6528 330905 1
4851 6303 330915 1
4793 6006 330925 1
4746 5660 330935 1
4730 5381 330945 1
4748 5190 330955 1
4788 5057 330965 1
4859 5016 330975 1
4965 5048 330985 1
5094 5129 330995 1
5216 5322 331005 1
5345 5530 331015 1
5467 5747 331025 1
5581 5964 331035 1
5681 6183 331045 1
5752 6426 331055 1
5804 6685 331065 1
5835 6933 331075 1
5860 7058 331085 1
5880 7102 331095 1
5880 7079 331105 1
5880 6983 331115 1
5875 6838 331125 1
5861 6637 331135 1
5830 6424 331145 1
5787 6204 331155 1
5756 5963 331165 1
5729 5681 331175 1
5724 5372 331185 1
5732 4966 331195 1
5789 4498 331205 1
5850 3988 331215 1
5904 3631 331225 1
5950 3419 331235 1
5977 3305 331245 1
5972 3305 331255 1
5946 3364 331265 1
5893 3466 331275 1
5844 3620 331285 1
5825 3780 331295 1
5825 3924 331305 1
5944 5738 331626 0
5932 5624 331636 1
5895 5470 331646 1
5895 5406 331656 1
5929 5406 331666 1
5993 5467 331676 1
6038 5578 331686 1
6084 5721 331696 1
6132 5906 331706 1
6183 6058 331716 1
6240 6187 331726 1
6291 6272 331736 1
6339 6314 331746 1
6385 6328 331756 1
6434 6275 331766 1
6468 6169 331776 1
6491 6027 331786 1
6491 5895 331796 1
6500 5818 331806 1
6512 5779 331816 1
6540 5807 331826 1
6577 5901 331836 1
6620 6038 331846 1
6674 6204 331856 1
6736 6377 331866 1
6797 6555 331876 1
6873 6645 331886 1
6959 6655 331896 1
7040 6611 331906 1
7118 6521 331916 1
7194 6410 331926 1
7263 6285 331936 1
7329 6210 331946 1
7392 6204 331956 1
7451 6243 331966 1
7499 6353 331976 1
7540 6497 331986 1
7586 6664 331996 1
7628 6837 332006 1
7657 7013 332016 1
7678 7125 332026 1
7705 7194 332036 1
7725 7172 332046 1
7735 7091 332056 1
7741 6972 332066 1
7751 6794 332076 1
7766 6531 332086 1
7808 6211 332096 1
7867 5843 332106 1
7921 5455 332116 1
7960 5055 332126 1
7988 4811 332136 1
7994 4634 332146 1
8017 4501 332156 1
8065 4464 332166 1
8089 4498 332176 1
8098 4579 332186 1
8089 4734 332196 1
