186
5013 5810 1037872 0
4776 5563 1037882 1
4638 5495 1037892 1
4601 5467 1037902 1
4632 5453 1037912 1
4735 5474 1037922 1
4868 5519 1037932 1
5021 5618 1037942 1
5241 5745 1037952 1
5463 5891 1037962 1
5690 6053 1037972 1
5881 6170 1037982 1
6046 6256 1037992 1
6135 6296 1038002 1
6155 6286 1038012 1
6130 6243 1038022 1
6050 6116 1038032 1
5934 5938 1038042 1
5793 5725 1038052 1
5612 5518 1038062 1
5434 5276 1038072 1
5264 5012 1038082 1
5099 4777 1038092 1
5013 4627 1038102 1
4978 4535 1038112 1
5011 4535 1038122 1
5071 4586 1038132 1
5149 4677 1038142 1
5245 4840 1038152 1
5342 5039 1038162 1
5644 5797 1038212 0
5846 6267 1038222 1
5911 6416 1038232 1
5953 6504 1038242 1
5969 6535 1038252 1
5975 6529 1038262 1
5975 6529 1038272 1
5975 6522 1038282 1
5969 6493 1038292 1
5960 6446 1038302 1
5947 6350 1038312 1
5924 6218 1038322 1
5886 6061 1038332 1
5837 5826 1038342 1
5774 5555 1038352 1
5715 5260 1038362 1
5664 4943 1038372 1
5622 4626 1038382 1
5602 4386 1038392 1
5597 4197 1038402 1
5614 4051 1038412 1
5625 3966 1038422 1
5633 3922 1038432 1
5645 3922 1038442 1
5661 3983 1038452 1
5699 4076 1038462 1
6255 6323 1038543 0
6567 6875 1038553 1
6684 7090 1038563 1
6765 7193 1038573 1
6805 7222 1038583 1
6817 7260 1038593 1
6817 7228 1038603 1
6754 7149 1038613 1
6653 6950 1038623 1
6503 6724 1038633 1
6341 6479 1038643 1
6172 6266 1038653 1
6060 6111 1038663 1
6014 5995 1038673 1
6014 5929 1038683 1
6080 5923 1038693 1
6208 5958 1038703 1
6375 6047 1038713 1
6547 6135 1038723 1
6717 6222 1038733 1
6838 6275 1038743 1
6928 6306 1038753 1
6937 6306 1038763 1
6894 6265 1038773 1
6815 6199 1038783 1
6695 6096 1038793 1
6560 5970 1038803 1
6416 5828 1038813 1
6270 5706 1038823 1
6162 5616 1038833 1
6078 5548 1038843 1
6065 5531 1038853 1
6106 5539 1038863 1
6184 5563 1038873 1
6304 5625 1038883 1
6438 5701 1038893 1
6580 5787 1038903 1
6725 5867 1038913 1
6832 5914 1038923 1
6914 5940 1038933 1
6930 5940 1038943 1
6918 5940 1038953 1
6887 5913 1038963 1
6819 5874 1038973 1
6727 5804 1038983 1
6620 5729 1038993 1
6510 5638 1039003 1
6403 5538 1039013 1
6302 5437 1039023 1
6206 5340 1039033 1
6172 5295 1039043 1
6178 5285 1039053 1
6240 5299 1039063 1
6344 5364 1039073 1
6475 5463 1039083 1
6624 5571 1039093 1
6780 5675 1039103 1
6940 5759 1039113 1
7046 5830 1039123 1
7108 5873 1039133 1
7141 5886 1039143 1
7141 5879 1039153 1
7110 5867 1039163 1
7066 5822 1039173 1
6983 5755 1039183 1
6855 5655 1039193 1
6698 5528 1039203 1
6521 5382 1039213 1
6334 5222 1039223 1
6139 5082 1039233 1
5984 4955 1039243 1
5894 4870 1039253 1
5847 4834 1039263 1
5847 4834 1039273 1
5870 4834 1039283 1
5909 4854 1039293 1
5998 4889 1039303 1
6167 4964 1039313 1
6390 5064 1039323 1
6668 5180 1039333 1
6981 5274 1039343 1
7317 5327 1039353 1
7620 5353 1039363 1
7911 5348 1039373 1
8195 5291 1039383 1
8467 5200 1039393 1
8655 5091 1039403 1
8787 4978 1039413 1
8850 4830 1039423 1
8822 4662 1039433 1
8734 4441 1039443 1
8574 4245 1039453 1
8374 4066 1039463 1
8148 3936 1039473 1
7930 3860 1039483 1
7700 3820 1039493 1
7461 3843 1039503 1
7250 3956 1039513 1
7080 4128 1039523 1
6937 4402 1039533 1
6849 4675 1039543 1
6809 4867 1039553 1
6800 5005 1039563 1
6784 5014 1039573 1
6759 5014 1039583 1
6728 5004 1039593 1
6686 4980 1039603 1
6629 4918 1039613 1
6562 4830 1039623 1
6516 4725 1039633 1
6508 4655 1039643 1
6525 4596 1039653 1
6569 4545 1039663 1
6631 4508 1039673 1
6706 4502 1039683 1
6837 4518 1039693 1
6968 4591 1039703 1
7122 4685 1039713 1
7291 4793 1039723 1
7433 4860 1039733 1
7506 4871 1039743 1
7532 4845 1039753 1
7491 4759 1039763 1
7381 4630 1039773 1
7225 4473 1039783 1
7052 4300 1039793 1
6865 4126 1039803 1
6668 4008 1039813 1
6531 3927 1039823 1
6471 3916 1039833 1
