158
4845 4995 1028558 0
4845 4995 1028568 1
4845 4995 1028578 1
4845 4995 1028588 1
4845 4995 1028598 1
4845 4995 1028608 1
4845 4995 1028618 1
4939 5025 1028628 1
5050 5062 1028638 1
5203 5137 1028648 1
5383 5227 1028658 1
5560 5328 1028668 1
5708 5390 1028678 1
5837 5396 1028688 1
5880 5364 1028698 1
5871 5278 1028708 1
5826 5136 1028718 1
5722 4956 1028728 1
5585 4739 1028738 1
5426 4518 1028748 1
5272 4294 1028758 1
5121 4077 1028768 1
5023 3932 1028778 1
4959 3836 1028788 1
4945 3815 1028798 1
4963 3829 1028808 1
5001 3867 1028818 1
5069 3964 1028828 1
5158 4111 1028838 1
5553 5090 1028899 0
5674 5437 1028909 1
5694 5525 1028919 1
5706 5561 1028929 1
5712 5561 1028939 1
5717 5561 1028949 1
5725 5554 1028959 1
5736 5540 1028969 1
5746 5471 1028979 1
5734 5367 1028989 1
5706 5194 1028999 1
5653 4979 1029009 1
5595 4737 1029019 1
5533 4484 1029029 1
5483 4231 1029039 1
5438 3985 1029049 1
5417 3795 1029059 1
5411 3637 1029069 1
5416 3550 1029079 1
5423 3516 1029089 1
5431 3516 1029099 1
5439 3549 1029109 1
5451 3651 1029119 1
5467 3800 1029129 1
5670 5021 1029179 0
5949 5634 1029189 1
6088 5831 1029199 1
6236 5950 1029209 1
6356 6018 1029219 1
6456 6051 1029229 1
6519 6064 1029239 1
6551 6064 1029249 1
6562 6056 1029259 1
6537 6004 1029269 1
6441 5844 1029279 1
6298 5612 1029289 1
6128 5385 1029299 1
5999 5189 1029309 1
5896 5014 1029319 1
5880 4926 1029329 1
5935 4901 1029339 1
6038 4918 1029349 1
6194 4999 1029359 1
6362 5096 1029369 1
6537 5203 1029379 1
6682 5287 1029389 1
6769 5327 1029399 1
6818 5337 1029409 1
6809 5313 1029419 1
6739 5241 1029429 1
6629 5136 1029439 1
6502 5011 1029449 1
6357 4872 1029459 1
6200 4724 1029469 1
6061 4626 1029479 1
5991 4574 1029489 1
5966 4552 1029499 1
5983 4558 1029509 1
6040 4591 1029519 1
6124 4642 1029529 1
6257 4711 1029539 1
6395 4783 1029549 1
6538 4858 1029559 1
6664 4906 1029569 1
6778 4931 1029579 1
6845 4942 1029589 1
6858 4936 1029599 1
6835 4926 1029609 1
6781 4881 1029619 1
6686 4814 1029629 1
6563 4719 1029639 1
6430 4619 1029649 1
6267 4478 1029659 1
6083 4312 1029669 1
5903 4118 1029679 1
5740 3956 1029689 1
5587 3815 1029699 1
5564 3761 1029709 1
5641 3768 1029719 1
5785 3816 1029729 1
5981 3904 1029739 1
6246 3993 1029749 1
6557 4083 1029759 1
6884 4144 1029769 1
7167 4172 1029779 1
7420 4178 1029789 1
7638 4152 1029799 1
7813 4095 1029809 1
7960 4017 1029819 1
8043 3922 1029829 1
8076 3781 1029839 1
8076 3609 1029849 1
8028 3414 1029859 1
7938 3210 1029869 1
7819 3001 1029879 1
7658 2832 1029889 1
7493 2700 1029899 1
7325 2592 1029909 1
6556 3241 1029971 0
6408 3688 1029981 1
6408 3776 1029991 1
6408 3803 1030001 1
6398 3803 1030011 1
6378 3760 1030021 1
6317 3694 1030031 1
6246 3590 1030041 1
6168 3485 1030051 1
6134 3416 1030061 1
6146 3370 1030071 1
6188 3356 1030081 1
6295 3388 1030091 1
6428 3450 1030101 1
6578 3540 1030111 1
6730 3627 1030121 1
6881 3709 1030131 1
6979 3751 1030141 1
7041 3767 1030151 1
7051 3748 1030161 1
7041 3702 1030171 1
7017 3639 1030181 1
6983 3559 1030191 1
6940 3474 1030201 1
6891 3360 1030211 1
6813 3227 1030221 1
6686 3065 1030231 1
6525 2863 1030241 1
6318 2634 1030251 1
6119 2443 1030261 1
5926 2373 1030271 1
