165
5111 5013 1121372 0
4835 4577 1121382 1
4681 4356 1121392 1
4498 4128 1121402 1
4381 3896 1121412 1
4309 3801 1121422 1
4297 3792 1121432 1
4362 3840 1121442 1
4478 4009 1121452 1
4673 4263 1121462 1
4898 4573 1121472 1
5143 4823 1121482 1
5383 4999 1121492 1
5555 5125 1121502 1
5681 5179 1121512 1
5729 5162 1121522 1
5719 5098 1121532 1
5671 4933 1121542 1
5585 4689 1121552 1
5472 4393 1121562 1
5341 4034 1121572 1
5198 3672 1121582 1
5084 3307 1121592 1
4990 3000 1121602 1
4927 2837 1121612 1
4890 2770 1121622 1
4869 2783 1121632 1
4869 2911 1121642 1
4884 3116 1121652 1
5289 5549 1121722 0
5544 5872 1121732 1
5569 5879 1121742 1
5538 5820 1121752 1
5549 5722 1121762 1
5563 5597 1121772 1
5585 5490 1121782 1
5607 5325 1121792 1
5628 5122 1121802 1
5645 4855 1121812 1
5660 4511 1121822 1
5682 4115 1121832 1
5721 3701 1121842 1
5772 3291 1121852 1
5840 2884 1121862 1
5898 2632 1121872 1
5949 2509 1121882 1
5978 2472 1121892 1
5978 2515 1121902 1
6419 6327 1122133 0
6554 6400 1122143 1
6498 6391 1122153 1
6490 6371 1122163 1
6483 6359 1122173 1
6475 6296 1122183 1
6436 6199 1122193 1
6377 5995 1122203 1
6274 5704 1122213 1
6153 5356 1122223 1
6021 5001 1122233 1
5960 4786 1122243 1
5971 4664 1122253 1
6030 4683 1122263 1
6145 4797 1122273 1
6303 4974 1122283 1
6490 5179 1122293 1
6655 5358 1122303 1
6808 5520 1122313 1
6953 5622 1122323 1
7055 5669 1122333 1
7092 5679 1122343 1
7085 5645 1122353 1
7019 5528 1122363 1
6907 5355 1122373 1
6763 5113 1122383 1
6576 4887 1122393 1
6451 4673 1122403 1
6368 4558 1122413 1
6339 4516 1122423 1
6350 4523 1122433 1
6387 4561 1122443 1
6444 4651 1122453 1
6531 4777 1122463 1
6637 4918 1122473 1
6760 5029 1122483 1
6883 5121 1122493 1
6973 5183 1122503 1
7041 5204 1122513 1
7067 5199 1122523 1
7050 5151 1122533 1
7003 5038 1122543 1
6919 4881 1122553 1
6798 4687 1122563 1
6651 4520 1122573 1
6542 4370 1122583 1
6469 4275 1122593 1
6420 4232 1122603 1
6409 4225 1122613 1
6440 4276 1122623 1
6498 4405 1122633 1
6613 4587 1122643 1
6768 4761 1122653 1
6950 4931 1122663 1
7097 5041 1122673 1
7203 5112 1122683 1
7281 5112 1122693 1
7273 5054 1122703 1
7204 4957 1122713 1
7095 4808 1122723 1
6963 4626 1122733 1
6787 4421 1122743 1
6582 4167 1122753 1
6380 3916 1122763 1
6226 3738 1122773 1
6103 3607 1122783 1
6071 3579 1122793 1
6098 3635 1122803 1
6163 3746 1122813 1
6303 3946 1122823 1
6517 4197 1122833 1
6779 4483 1122843 1
7097 4762 1122853 1
7485 5024 1122863 1
7920 5274 1122873 1
8315 5452 1122883 1
8716 5559 1122893 1
9064 5620 1122903 1
9375 5568 1122913 1
9584 5384 1122923 1
9653 5111 1122933 1
9628 4776 1122943 1
9483 4359 1122953 1
9241 3888 1122963 1
8934 3467 1122973 1
8593 3139 1122983 1
8359 2874 1122993 1
8197 2853 1123003 1
8070 2984 1123013 1
7947 3216 1123023 1
7814 3490 1123033 1
7672 3819 1123043 1
7534 4185 1123053 1
7463 4481 1123063 1
7436 4581 1123073 1
7447 4551 1123083 1
7433 4494 1123093 1
7402 4312 1123103 1
7352 4048 1123113 1
7281 3757 1123123 1
7195 3490 1123133 1
7170 3358 1123143 1
7191 3309 1123153 1
7242 3347 1123163 1
7310 3487 1123173 1
7417 3696 1123183 1
7551 3954 1123193 1
7697 4214 1123203 1
7831 4381 1123213 1
7956 4486 1123223 1
8002 4455 1123233 1
7996 4318 1123243 1
7956 4110 1123253 1
7889 3844 1123263 1
7798 3537 1123273 1
7690 3204 1123283 1
7588 2922 1123293 1
