219
2838 3817 741826 0
2819 3733 741836 1
2794 3712 741846 1
2788 3704 741856 1
2788 3704 741866 1
2798 3714 741876 1
2815 3731 741886 1
2839 3773 741896 1
2866 3832 741906 1
2899 3903 741916 1
2948 3994 741926 1
3007 4119 741936 1
3098 4266 741946 1
3190 4435 741956 1
3282 4584 741966 1
3367 4721 741976 1
3449 4841 741986 1
3527 4928 741996 1
3610 4993 742006 1
3695 5038 742016 1
3780 5056 742026 1
3865 5056 742036 1
3953 5032 742046 1
4042 4970 742056 1
4114 4884 742066 1
4174 4743 742076 1
4202 4557 742086 1
4219 4340 742096 1
4229 4092 742106 1
4234 3870 742116 1
4227 3665 742126 1
4211 3493 742136 1
4177 3345 742146 1
4128 3212 742156 1
4070 3137 742166 1
4010 3098 742176 1
3952 3084 742186 1
3898 3094 742196 1
3851 3138 742206 1
3810 3204 742216 1
3778 3323 742226 1
3757 3470 742236 1
3744 3636 742246 1
3729 3834 742256 1
3712 4044 742266 1
3701 4262 742276 1
3696 4511 742286 1
3696 4748 742296 1
3696 4976 742306 1
3696 5175 742316 1
3687 5372 742326 1
3678 5537 742336 1
3678 5682 742346 1
3694 5823 742356 1
3719 5920 742366 1
3737 5987 742376 1
3757 6001 742386 1
3782 5992 742396 1
3809 5967 742406 1
3841 5875 742416 1
3879 5718 742426 1
3941 5518 742436 1
4018 5259 742446 1
4134 5000 742456 1
4254 4702 742466 1
4371 4378 742476 1
4483 4001 742486 1
4591 3569 742496 1
4693 3101 742506 1
4790 2762 742516 1
4864 2529 742526 1
4927 2368 742536 1
4983 2243 742546 1
4712 6612 744290 0
4712 6612 744300 1
4712 6612 744310 1
4682 6675 744320 1
4682 6680 744330 1
4682 6680 744340 1
4682 6680 744350 1
4682 6671 744360 1
4672 6600 744370 1
4655 6486 744380 1
4640 6308 744390 1
4619 6110 744400 1
4593 5899 744410 1
4581 5654 744420 1
4571 5398 744430 1
4563 5135 744440 1
4563 4954 744450 1
4563 4843 744460 1
4568 4778 744470 1
4578 4730 744480 1
4592 4701 744490 1
4610 4684 744500 1
4631 4684 744510 1
4657 4741 744520 1
4705 4828 744530 1
4767 4987 744540 1
4848 5178 744550 1
4972 5390 744560 1
5125 5605 744570 1
5208 5803 744580 1
5306 5991 744590 1
5414 6126 744600 1
5490 6219 744610 1
5541 6285 744620 1
5575 6303 744630 1
5585 6274 744640 1
5564 6215 744650 1
5521 6076 744660 1
5439 5895 744670 1
5338 5687 744680 1
5224 5457 744690 1
5087 5219 744700 1
4973 4977 744710 1
4874 4803 744720 1
4813 4705 744730 1
4793 4659 744740 1
4799 4659 744750 1
4828 4667 744760 1
4861 4691 744770 1
4903 4743 744780 1
4953 4819 744790 1
5019 4910 744800 1
5095 5013 744810 1
5185 5122 744820 1
5277 5234 744830 1
5370 5374 744840 1
5475 5512 744850 1
5587 5613 744860 1
5679 5689 744870 1
5736 5713 744880 1
5769 5706 744890 1
5763 5678 744900 1
5731 5606 744910 1
5681 5518 744920 1
5643 5420 744930 1
5611 5328 744940 1
5590 5233 744950 1
5564 5129 744960 1
5534 5017 744970 1
5502 4901 744980 1
5473 4833 744990 1
5473 4797 745000 1
5480 4810 745010 1
5518 4853 745020 1
5561 4915 745030 1
5600 4962 745040 1
5634 5003 745050 1
5655 5018 745060 1
5660 5018 745070 1
5655 5004 745080 1
5638 4960 745090 1
5603 4895 745100 1
5556 4815 745110 1
5506 4716 745120 1
5457 4604 745130 1
5412 4484 745140 1
5371 4369 745150 1
5339 4287 745160 1
5315 4225 745170 1
5310 4219 745180 1
5316 4242 745190 1
5331 4285 745200 1
5354 4403 745210 1
5381 4526 745220 1
5409 4652 745230 1
5436 4780 745240 1
5469 4916 745250 1
5505 5058 745260 1
5578 5241 745270 1
5708 5455 745280 1
5875 5689 745290 1
6075 5907 745300 1
6300 6079 745310 1
6541 6221 745320 1
6742 6304 745330 1
6900 6334 745340 1
7029 6329 745350 1
7128 6268 745360 1
7220 6150 745370 1
7307 5994 745380 1
7379 5772 745390 1
7427 5512 745400 1
7459 5226 745410 1
7479 4923 745420 1
7470 4615 745430 1
7441 4301 745440 1
7373 4034 745450 1
7274 3798 745460 1
6159 3117 745542 0
5851 3327 745552 1
5738 3480 745562 1
5627 3697 745572 1
5567 3958 745582 1
5540 4288 745592 1
5562 4625 745602 1
5616 4968 745612 1
5690 5161 745622 1
5779 5241 745632 1
5841 5247 745642 1
5886 5192 745652 1
5910 5000 745662 1
5910 4717 745672 1
5892 4416 745682 1
5862 4182 745692 1
5819 3993 745702 1
5766 3898 745712 1
5735 3908 745722 1
5893 4438 745762 0
6136 4935 745772 1
6310 5166 745782 1
6429 5374 745792 1
6511 5365 745802 1
6571 5255 745812 1
6597 5078 745822 1
6597 4623 745832 1
6597 4102 745842 1
