181
4366 5047 1139578 0
4366 5047 1139588 1
4416 4978 1139598 1
4421 4970 1139608 1
4443 4993 1139618 1
4476 4993 1139628 1
4454 4968 1139638 1
4463 4922 1139648 1
4492 4855 1139658 1
4511 4812 1139668 1
4573 4786 1139678 1
4663 4825 1139688 1
4811 4946 1139698 1
4977 5122 1139708 1
5155 5302 1139718 1
5326 5421 1139728 1
5462 5499 1139738 1
5575 5519 1139748 1
5646 5493 1139758 1
5655 5436 1139768 1
5622 5269 1139778 1
5552 5035 1139788 1
5458 4757 1139798 1
5349 4424 1139808 1
5233 4105 1139818 1
5135 3795 1139828 1
5091 3634 1139838 1
5076 3586 1139848 1
5076 3613 1139858 1
5088 3701 1139868 1
5124 3864 1139878 1
5176 4076 1139888 1
5318 4667 1139919 0
5412 5332 1139929 1
5440 5565 1139939 1
5458 5727 1139949 1
5471 5755 1139959 1
5476 5755 1139969 1
5476 5735 1139979 1
5476 5676 1139989 1
5483 5545 1139999 1
5474 5365 1140009 1
5457 5112 1140019 1
5457 4793 1140029 1
5478 4431 1140039 1
5515 3987 1140049 1
5560 3532 1140059 1
5608 3071 1140069 1
5652 2753 1140079 1
5693 2537 1140089 1
5703 2388 1140099 1
5680 2351 1140109 1
5635 2384 1140119 1
5589 2464 1140129 1
5545 2622 1140139 1
5834 5242 1140219 0
6140 5878 1140229 1
6276 6024 1140239 1
6352 6083 1140249 1
6409 6108 1140259 1
6426 6113 1140269 1
6421 6104 1140279 1
6416 6091 1140289 1
6375 5943 1140299 1
6310 5706 1140309 1
6198 5428 1140319 1
6088 5150 1140329 1
5986 4873 1140339 1
5941 4674 1140349 1
5932 4600 1140359 1
5988 4609 1140369 1
6089 4699 1140379 1
6220 4849 1140389 1
6369 5040 1140399 1
6494 5211 1140409 1
6603 5337 1140419 1
6679 5434 1140429 1
6710 5451 1140439 1
6710 5406 1140449 1
6676 5321 1140459 1
6611 5149 1140469 1
6526 4954 1140479 1
6424 4744 1140489 1
6316 4525 1140499 1
6203 4345 1140509 1
6126 4190 1140519 1
6111 4147 1140529 1
6138 4197 1140539 1
6228 4308 1140549 1
6356 4502 1140559 1
6508 4702 1140569 1
6638 4858 1140579 1
6743 4982 1140589 1
6832 5023 1140599 1
6853 5007 1140609 1
6831 4953 1140619 1
6781 4831 1140629 1
6706 4688 1140639 1
6625 4530 1140649 1
6541 4388 1140659 1
6471 4282 1140669 1
6425 4200 1140679 1
6394 4176 1140689 1
6400 4184 1140699 1
6432 4214 1140709 1
6482 4278 1140719 1
6557 4361 1140729 1
6651 4457 1140739 1
6758 4564 1140749 1
6885 4674 1140759 1
7011 4803 1140769 1
7136 4944 1140779 1
7258 5047 1140789 1
7341 5101 1140799 1
7399 5122 1140809 1
7385 5096 1140819 1
7299 4976 1140829 1
7165 4793 1140839 1
6998 4557 1140849 1
6787 4267 1140859 1
6546 3941 1140869 1
6297 3626 1140879 1
6128 3428 1140889 1
6012 3308 1140899 1
6007 3308 1140909 1
6060 3385 1140919 1
6151 3517 1140929 1
6333 3703 1140939 1
6571 3931 1140949 1
6847 4187 1140959 1
7158 4450 1140969 1
7525 4683 1140979 1
7928 4895 1140989 1
8287 5031 1140999 1
8617 5086 1141009 1
8927 5086 1141019 1
9147 4985 1141029 1
9294 4800 1141039 1
9391 4559 1141049 1
9384 4257 1141059 1
9292 3914 1141069 1
9144 3545 1141079 1
8912 3215 1141089 1
8646 2957 1141099 1
8357 2746 1141109 1
8088 2640 1141119 1
7836 2601 1141129 1
7596 2608 1141139 1
7375 2711 1141149 1
7208 2917 1141159 1
7076 3193 1141169 1
7064 3480 1141179 1
7145 3678 1141189 1
7288 3818 1141199 1
7411 3885 1141209 1
7489 3885 1141219 1
7538 3851 1141229 1
7550 3734 1141239 1
7515 3566 1141249 1
7449 3364 1141259 1
7383 3203 1141269 1
7319 3085 1141279 1
7255 2995 1141289 1
7233 2978 1141299 1
7248 3024 1141309 1
7287 3111 1141319 1
7367 3298 1141329 1
7482 3466 1141339 1
7621 3621 1141349 1
7792 3722 1141359 1
7967 3781 1141369 1
8144 3811 1141379 1
8308 3824 1141389 1
8406 3768 1141399 1
8460 3665 1141409 1
8397 3456 1141419 1
8229 3194 1141429 1
7992 2897 1141439 1
7732 2684 1141449 1
7559 2604 1141459 1
7444 2613 1141469 1
