202
2624 4551 749057 0
2624 4551 749067 1
2624 4551 749077 1
2603 4630 749087 1
2633 4706 749097 1
2668 4807 749107 1
2705 4924 749117 1
2756 5043 749127 1
2812 5178 749137 1
2889 5323 749147 1
2979 5470 749157 1
3088 5581 749167 1
3189 5669 749177 1
3285 5729 749187 1
3370 5760 749197 1
3441 5771 749207 1
3502 5756 749217 1
3548 5681 749227 1
3578 5565 749237 1
3596 5305 749247 1
3596 5005 749257 1
3596 4679 749267 1
3596 4392 749277 1
3588 4146 749287 1
3574 3928 749297 1
3544 3790 749307 1
3511 3678 749317 1
3477 3584 749327 1
3445 3526 749337 1
3414 3508 749347 1
3386 3518 749357 1
3357 3572 749367 1
3324 3695 749377 1
3288 3864 749387 1
3010 6021 749487 0
2984 6421 749497 1
2984 6534 749507 1
2984 6606 749517 1
3000 6624 749527 1
3020 6617 749537 1
3064 6593 749547 1
3124 6507 749557 1
3203 6322 749567 1
3300 6072 749577 1
3409 5728 749587 1
3542 5379 749597 1
3692 4967 749607 1
3852 4514 749617 1
4007 4044 749627 1
4164 3691 749637 1
4278 3415 749647 1
4363 3242 749657 1
4430 3121 749667 1
3945 6565 750889 0
3945 6565 750899 1
3945 6565 750909 1
3945 6565 750919 1
3945 6565 750929 1
3945 6565 750939 1
3945 6565 750949 1
3945 6565 750959 1
3945 6565 750969 1
3945 6565 750979 1
3945 6438 750989 1
3935 6261 750999 1
3926 6037 751009 1
3918 5792 751019 1
3918 5585 751029 1
3918 5403 751039 1
3918 5263 751049 1
3926 5187 751059 1
3926 5153 751069 1
3935 5140 751079 1
3943 5140 751089 1
3956 5145 751099 1
3972 5189 751109 1
3998 5260 751119 1
4029 5349 751129 1
4071 5437 751139 1
4119 5535 751149 1
4180 5639 751159 1
4250 5766 751169 1
4332 5913 751179 1
4417 6073 751189 1
4506 6210 751199 1
4592 6317 751209 1
4663 6404 751219 1
4725 6423 751229 1
4742 6382 751239 1
4733 6302 751249 1
4706 6126 751259 1
4625 5902 751269 1
4542 5647 751279 1
4457 5425 751289 1
4381 5198 751299 1
4310 5035 751309 1
4270 4917 751319 1
4249 4894 751329 1
4262 4905 751339 1
4281 4939 751349 1
4310 5011 751359 1
4337 5087 751369 1
4362 5165 751379 1
4397 5239 751389 1
4437 5334 751399 1
4495 5443 751409 1
4563 5564 751419 1
4643 5697 751429 1
4725 5838 751439 1
4807 5970 751449 1
4861 6048 751459 1
4894 6090 751469 1
4914 6074 751479 1
4921 6011 751489 1
4916 5918 751499 1
4903 5787 751509 1
4894 5668 751519 1
4887 5557 751529 1
4880 5419 751539 1
4885 5267 751549 1
4894 5107 751559 1
4910 4927 751569 1
4929 4755 751579 1
4929 4589 751589 1
4921 4477 751599 1
4893 4368 751609 1
4502 3894 751680 0
4301 3726 751690 1
4202 3666 751700 1
4125 3660 751710 1
4062 3695 751720 1
4017 3758 751730 1
3989 3870 751740 1
3972 3998 751750 1
3978 4136 751760 1
4016 4290 751770 1
4075 4480 751780 1
4185 4693 751790 1
4334 4996 751800 1
4509 5323 751810 1
4735 5666 751820 1
4930 5973 751830 1
5103 6194 751840 1
5295 6359 751850 1
5471 6482 751860 1
5636 6566 751870 1
5812 6624 751880 1
5953 6645 751890 1
6070 6634 751900 1
6199 6601 751910 1
6313 6532 751920 1
6418 6404 751930 1
6506 6236 751940 1
6581 5998 751950 1
6647 5791 751960 1
6710 5605 751970 1
6753 5466 751980 1
6782 5316 751990 1
6782 5158 752000 1
6756 4999 752010 1
6709 4776 752020 1
6636 4510 752030 1
6563 4286 752040 1
6483 4087 752050 1
6399 3906 752060 1
6296 3735 752070 1
6173 3607 752080 1
6037 3509 752090 1
5906 3439 752100 1
5756 3402 752110 1
5592 3388 752120 1
5429 3403 752130 1
5265 3436 752140 1
5099 3482 752150 1
4931 3553 752160 1
4808 3673 752170 1
4705 3826 752180 1
4616 4046 752190 1
4578 4333 752200 1
4598 4664 752210 1
4657 4989 752220 1
4732 5194 752230 1
4809 5319 752240 1
4892 5411 752250 1
4982 5451 752260 1
5066 5456 752270 1
5146 5321 752280 1
5193 5021 752290 1
5200 4611 752300 1
5180 4213 752310 1
5134 3922 752320 1
5079 3702 752330 1
5018 3581 752340 1
4983 3536 752350 1
5223 4449 752421 0
5474 4933 752431 1
5538 5008 752441 1
5583 5000 752451 1
5615 4963 752461 1
5631 4727 752471 1
5631 4359 752481 1
5622 3745 752491 1
