314
3240 4655 777417 0
3051 4602 777427 1
3045 4586 777437 1
3045 4586 777447 1
3045 4586 777457 1
3045 4586 777467 1
3056 4608 777477 1
3074 4641 777487 1
3108 4702 777497 1
3150 4789 777507 1
3198 4893 777517 1
3249 4993 777527 1
3307 5099 777537 1
3370 5209 777547 1
3440 5331 777557 1
3515 5448 777567 1
3598 5557 777577 1
3688 5637 777587 1
3759 5699 777597 1
3815 5741 777607 1
3872 5766 777617 1
3927 5779 777627 1
3981 5779 777637 1
4033 5773 777647 1
4082 5751 777657 1
4129 5721 777667 1
4166 5675 777677 1
4191 5600 777687 1
4209 5505 777697 1
4209 5335 777707 1
4204 5137 777717 1
4189 4920 777727 1
4178 4670 777737 1
4170 4419 777747 1
4170 4168 777757 1
4162 3955 777767 1
4151 3790 777777 1
4137 3658 777787 1
4115 3563 777797 1
4088 3479 777807 1
4058 3403 777817 1
4033 3340 777827 1
4008 3298 777837 1
3983 3269 777847 1
3958 3257 777857 1
3939 3274 777867 1
3917 3311 777877 1
3892 3411 777887 1
3866 3538 777897 1
3842 3683 777907 1
3817 3863 777917 1
3791 4049 777927 1
3768 4285 777937 1
3750 4553 777947 1
3739 4846 777957 1
3739 5124 777967 1
3739 5391 777977 1
3750 6482 778058 0
3756 6664 778068 1
3764 6699 778078 1
3764 6716 778088 1
3773 6721 778098 1
3778 6721 778108 1
3789 6721 778118 1
3803 6713 778128 1
3824 6665 778138 1
3853 6594 778148 1
3890 6420 778158 1
3942 6198 778168 1
4002 5945 778178 1
4067 5679 778188 1
4144 5416 778198 1
4228 5156 778208 1
4314 4916 778218 1
4400 4672 778228 1
4489 4430 778238 1
4581 4190 778248 1
4679 3909 778258 1
4783 3613 778268 1
4856 3307 778278 1
4910 3101 778288 1
4978 2957 778298 1
5031 2855 778308 1
5073 2699 778318 1
5144 2571 778328 1
5187 2463 778338 1
5210 2423 778348 1
5229 2373 778358 1
5246 2317 778368 1
4752 6683 780792 0
4752 6683 780802 1
4752 6683 780812 1
4752 6683 780822 1
4752 6683 780832 1
4752 6683 780842 1
4752 6683 780852 1
4752 6683 780862 1
4752 6683 780872 1
4752 6683 780882 1
4748 6559 780892 1
4736 6447 780902 1
4724 6311 780912 1
4710 6165 780922 1
4710 6017 780932 1
4688 5867 780942 1
4680 5735 780952 1
4680 5617 780962 1
4680 5525 780972 1
4688 5448 780982 1
4693 5380 780992 1
4693 5327 781002 1
4699 5299 781012 1
4704 5289 781022 1
4714 5289 781032 1
4714 5289 781042 1
4709 5289 781052 1
4724 5322 781062 1
4744 5387 781072 1
4771 5475 781082 1
4804 5568 781092 1
4841 5665 781102 1
4883 5765 781112 1
4931 5861 781122 1
4988 5952 781132 1
5050 6034 781142 1
5123 6099 781152 1
5197 6153 781162 1
5270 6193 781172 1
5326 6216 781182 1
5372 6228 781192 1
5407 6228 781202 1
5429 6218 781212 1
5442 6201 781222 1
5442 6161 781232 1
5431 6107 781242 1
5410 6030 781252 1
5379 5950 781262 1
5344 5861 781272 1
5307 5770 781282 1
5266 5680 781292 1
5219 5596 781302 1
5169 5507 781312 1
5117 5416 781322 1
5070 5326 781332 1
5039 5262 781342 1
5017 5215 781352 1
5005 5190 781362 1
4996 5177 781372 1
4996 5172 781382 1
4991 5172 781392 1
4991 5172 781402 1
4991 5188 781412 1
5010 5217 781422 1
5034 5282 781432 1
5078 5378 781442 1
5142 5494 781452 1
5220 5598 781462 1
5296 5700 781472 1
5370 5802 781482 1
5442 5899 781492 1
5501 5962 781502 1
5547 6002 781512 1
5584 6013 781522 1
5612 6021 781532 1
5633 6021 781542 1
5650 6021 781552 1
5664 6006 781562 1
5672 5988 781572 1
5677 5965 781582 1
5677 5936 781592 1
5670 5898 781602 1
5655 5854 781612 1
5635 5805 781622 1
5611 5751 781632 1
5585 5679 781642 1
5552 5597 781652 1
5521 5506 781662 1
5492 5414 781672 1
5462 5319 781682 1
5433 5225 781692 1
5404 5137 781702 1
5375 5053 781712 1
5346 4968 781722 1
5317 4883 781732 1
5287 4798 781742 1
5256 4719 781752 1
5233 4642 781762 1
5215 4584 781772 1
5204 4545 781782 1
5195 4518 781792 1
5182 4486 781802 1
5166 4470 781812 1
5160 4464 781822 1
5154 4458 781832 1
5154 4458 781842 1
5154 4458 781852 1
5154 4458 781862 1
5154 4488 781872 1
5160 4526 781882 1
5173 4602 781892 1
5196 4706 781902 1
5223 4830 781912 1
5252 4953 781922 1
5281 5052 781932 1
5309 5134 781942 1
5338 5184 781952 1
5366 5241 781962 1
5395 5303 781972 1
5427 5359 781982 1
5456 5413 781992 1
5483 5459 782002 1
5507 5498 782012 1
5531 5532 782022 1
5553 5562 782032 1
5573 5589 782042 1
5600 5616 782052 1
5630 5651 782062 1
5668 5692 782072 1
5713 5739 782082 1
5763 5791 782092 1
5814 5847 782102 1
5862 5912 782112 1
5917 5975 782122 1
5979 6034 782132 1
6046 6091 782142 1
6121 6143 782152 1
6201 6190 782162 1
6285 6229 782172 1
6362 6260 782182 1
6433 6283 782192 1
6504 6303 782202 1
6575 6319 782212 1
6646 6333 782222 1
6727 6342 782232 1
6820 6351 782242 1
6920 6351 782252 1
6995 6357 782262 1
7057 6340 782272 1
7111 6308 782282 1
7157 6266 782292 1
7200 6205 782302 1
7241 6139 782312 1
7289 6064 782322 1
7336 5985 782332 1
7382 5902 782342 1
7423 5810 782352 1
7461 5720 782362 1
7484 5633 782372 1
7484 5497 782382 1
7484 5332 782392 1
7463 5149 782402 1
7426 4962 782412 1
7376 4794 782422 1
7333 4639 782432 1
7275 4489 782442 1
7206 4322 782452 1
7127 4143 782462 1
7040 3975 782472 1
6948 3816 782482 1
6849 3662 782492 1
6750 3518 782502 1
6642 3386 782512 1
6528 3263 782522 1
6434 3136 782532 1
6340 3027 782542 1
6246 2930 782552 1
6159 2874 782562 1
6076 2861 782572 1
6011 2877 782582 1
5948 2936 782592 1
5889 3036 782602 1
5834 3163 782612 1
5775 3329 782622 1
5781 4757 782755 0
5874 4978 782765 1
5916 5064 782775 1
5962 5143 782785 1
6009 5218 782795 1
6056 5285 782805 1
6095 5322 782815 1
6130 5341 782825 1
6152 5331 782835 1
6161 5265 782845 1
6161 5163 782855 1
6149 5027 782865 1
6134 4896 782875 1
6116 4768 782885 1
6084 4633 782895 1
6040 4494 782905 1
5988 4349 782915 1
5935 4221 782925 1
5885 4103 782935 1
5842 4023 782945 1
5810 3982 782955 1
5800 3966 782965 1
5805 3993 782975 1
5829 4064 782985 1
5856 4165 782995 1
5899 4290 783005 1
5951 4413 783015 1
6012 4509 783025 1
6077 4589 783035 1
6149 4652 783045 1
6227 4694 783055 1
6306 4723 783065 1
6371 4723 783075 1
6426 4693 783085 1
6462 4636 783095 1
6462 4516 783105 1
6446 4331 783115 1
6394 4104 783125 1
6321 3883 783135 1
6233 3651 783145 1
6129 3412 783155 1
