164
5320 5926 1034277 0
5068 5639 1034287 1
4902 5583 1034297 1
4802 5536 1034307 1
4752 5494 1034317 1
4734 5487 1034327 1
4785 5505 1034337 1
4877 5539 1034347 1
4995 5601 1034357 1
5150 5664 1034367 1
5316 5727 1034377 1
5488 5785 1034387 1
5596 5814 1034397 1
5655 5825 1034407 1
5681 5807 1034417 1
5681 5750 1034427 1
5646 5668 1034437 1
5583 5532 1034447 1
5486 5349 1034457 1
5361 5136 1034467 1
5217 4928 1034477 1
5060 4718 1034487 1
4952 4573 1034497 1
4877 4473 1034507 1
4864 4449 1034517 1
4878 4449 1034527 1
4910 4474 1034537 1
4955 4544 1034547 1
5023 4669 1034557 1
5460 5824 1034617 0
5630 6085 1034627 1
5649 6113 1034637 1
5634 6113 1034647 1
5644 6098 1034657 1
5656 6078 1034667 1
5669 6039 1034677 1
5677 5988 1034687 1
5677 5895 1034697 1
5665 5754 1034707 1
5621 5581 1034717 1
5559 5345 1034727 1
5489 5080 1034737 1
5419 4797 1034747 1
5351 4528 1034757 1
5284 4292 1034767 1
5257 4078 1034777 1
5262 3959 1034787 1
5287 3907 1034797 1
5311 3901 1034807 1
5334 3950 1034817 1
5662 5716 1034898 0
5985 6309 1034908 1
6113 6523 1034918 1
6260 6643 1034928 1
6377 6710 1034938 1
6474 6742 1034948 1
6533 6730 1034958 1
6549 6672 1034968 1
6536 6584 1034978 1
6427 6354 1034988 1
6262 6087 1034998 1
6059 5795 1035008 1
5896 5566 1035018 1
5794 5400 1035028 1
5733 5275 1035038 1
5796 5253 1035048 1
5922 5319 1035058 1
6089 5444 1035068 1
6304 5590 1035078 1
6493 5731 1035088 1
6665 5840 1035098 1
6788 5931 1035108 1
6830 5947 1035118 1
6818 5904 1035128 1
6726 5822 1035138 1
6600 5698 1035148 1
6450 5557 1035158 1
6285 5406 1035168 1
6121 5251 1035178 1
6016 5152 1035188 1
5951 5090 1035198 1
5967 5090 1035208 1
6038 5136 1035218 1
6146 5208 1035228 1
6295 5315 1035238 1
6436 5416 1035248 1
6572 5513 1035258 1
6693 5568 1035268 1
6764 5589 1035278 1
6801 5589 1035288 1
6776 5561 1035298 1
6695 5484 1035308 1
6577 5373 1035318 1
6436 5256 1035328 1
6291 5145 1035338 1
6143 5064 1035348 1
6060 5003 1035358 1
6048 4995 1035368 1
6083 5026 1035378 1
6183 5084 1035388 1
6318 5181 1035398 1
6477 5282 1035408 1
6634 5387 1035418 1
6789 5474 1035428 1
6895 5524 1035438 1
6970 5550 1035448 1
6981 5550 1035458 1
6944 5509 1035468 1
6875 5442 1035478 1
6756 5323 1035488 1
6606 5189 1035498 1
6435 5044 1035508 1
6242 4868 1035518 1
6045 4686 1035528 1
5844 4541 1035538 1
5719 4422 1035548 1
5692 4392 1035558 1
5729 4422 1035568 1
5878 4493 1035578 1
6105 4609 1035588 1
6384 4730 1035598 1
6710 4855 1035608 1
7041 4943 1035618 1
7324 4974 1035628 1
7573 4966 1035638 1
7735 4936 1035648 1
7840 4868 1035658 1
7908 4774 1035668 1
7908 4657 1035678 1
7842 4492 1035688 1
7740 4296 1035698 1
7606 4103 1035708 1
7439 3906 1035718 1
7251 3716 1035728 1
7033 3533 1035738 1
6812 3403 1035748 1
6589 3337 1035758 1
6212 4483 1035839 0
6404 4651 1035849 1
6411 4684 1035859 1
6411 4677 1035869 1
6399 4666 1035879 1
6344 4592 1035889 1
6271 4478 1035899 1
6187 4364 1035909 1
6153 4292 1035919 1
6162 4249 1035929 1
6200 4228 1035939 1
6267 4245 1035949 1
6356 4287 1035959 1
6459 4370 1035969 1
6572 4451 1035979 1
6691 4530 1035989 1
6818 4580 1035999 1
6948 4602 1036009 1
7028 4602 1036019 1
7037 4549 1036029 1
6998 4411 1036039 1
6857 4220 1036049 1
6647 3997 1036059 1
6390 3772 1036069 1
6142 3546 1036079 1
6011 3426 1036089 1
5957 3421 1036099 1
