177
4463 4976 1130725 0
4376 4952 1130846 0
4298 4781 1130856 1
4221 4668 1130866 1
4165 4546 1130876 1
4123 4464 1130886 1
4110 4431 1130896 1
4154 4431 1130906 1
4237 4472 1130916 1
4359 4569 1130926 1
4502 4704 1130936 1
4658 4846 1130946 1
4816 4975 1130956 1
4962 5082 1130966 1
5100 5180 1130976 1
5252 5265 1130986 1
5364 5301 1130996 1
5448 5301 1131006 1
5469 5234 1131016 1
5424 5050 1131026 1
5334 4791 1131036 1
5193 4456 1131046 1
5035 4079 1131056 1
4865 3675 1131066 1
4742 3379 1131076 1
4696 3224 1131086 1
4702 3162 1131096 1
4743 3201 1131106 1
4787 3344 1131116 1
5104 5184 1131186 0
5216 5667 1131196 1
5266 5682 1131206 1
5274 5682 1131216 1
5291 5667 1131226 1
5322 5645 1131236 1
5353 5620 1131246 1
5384 5552 1131256 1
5399 5458 1131266 1
5399 5238 1131276 1
5399 4936 1131286 1
5377 4579 1131296 1
5352 4130 1131306 1
5328 3660 1131316 1
5309 3176 1131326 1
5299 2777 1131336 1
5306 2499 1131346 1
5322 2303 1131356 1
5327 2278 1131366 1
5327 2342 1131376 1
5327 2465 1131386 1
5327 2659 1131396 1
5343 2923 1131406 1
5668 5004 1131466 0
6009 5811 1131476 1
6168 6111 1131486 1
6282 6249 1131496 1
6361 6306 1131506 1
6416 6306 1131516 1
6446 6306 1131526 1
6469 6269 1131536 1
6487 6216 1131546 1
6443 5988 1131556 1
6344 5692 1131566 1
6208 5350 1131576 1
6050 5028 1131586 1
5956 4825 1131596 1
5905 4702 1131606 1
5938 4702 1131616 1
6024 4795 1131626 1
6146 4940 1131636 1
6301 5111 1131646 1
6441 5279 1131656 1
6572 5444 1131666 1
6663 5540 1131676 1
6700 5564 1131686 1
6700 5539 1131696 1
6652 5425 1131706 1
6562 5252 1131716 1
6444 5040 1131726 1
6311 4833 1131736 1
6178 4657 1131746 1
6084 4502 1131756 1
6015 4436 1131766 1
6015 4436 1131776 1
6055 4478 1131786 1
6126 4573 1131796 1
6233 4707 1131806 1
6355 4867 1131816 1
6487 4995 1131826 1
6601 5076 1131836 1
6677 5126 1131846 1
6727 5116 1131856 1
6734 5052 1131866 1
6695 4952 1131876 1
6626 4789 1131886 1
6524 4606 1131896 1
6407 4411 1131906 1
6279 4217 1131916 1
6180 4117 1131926 1
6155 4081 1131936 1
6178 4123 1131946 1
6242 4252 1131956 1
6338 4439 1131966 1
6455 4620 1131976 1
6592 4793 1131986 1
6716 4960 1131996 1
6831 5038 1132006 1
6880 5054 1132016 1
6880 5030 1132026 1
6855 4958 1132036 1
6793 4826 1132046 1
6686 4655 1132056 1
6550 4464 1132066 1
6390 4224 1132076 1
6208 3951 1132086 1
6011 3670 1132096 1
5860 3482 1132106 1
5788 3357 1132116 1
5768 3357 1132126 1
5854 3458 1132136 1
6018 3624 1132146 1
6235 3860 1132156 1
6533 4087 1132166 1
6854 4309 1132176 1
7191 4500 1132186 1
7569 4665 1132196 1
7949 4814 1132206 1
8281 4877 1132216 1
8581 4850 1132226 1
8820 4763 1132236 1
9012 4603 1132246 1
9173 4379 1132256 1
9243 4113 1132266 1
9219 3856 1132276 1
9133 3585 1132286 1
8976 3305 1132296 1
8749 3043 1132306 1
8474 2835 1132316 1
8151 2662 1132326 1
7869 2551 1132336 1
7615 2528 1132346 1
7395 2563 1132356 1
7178 2701 1132366 1
6963 2881 1132376 1
6782 3090 1132386 1
6723 3242 1132396 1
6746 3338 1132406 1
6847 3397 1132416 1
6941 3462 1132426 1
7029 3499 1132436 1
7101 3518 1132446 1
7156 3518 1132456 1
7199 3483 1132466 1
7215 3433 1132476 1
7200 3317 1132486 1
7165 3155 1132496 1
7096 2963 1132506 1
7028 2822 1132516 1
7004 2771 1132526 1
7004 2779 1132536 1
7035 2892 1132546 1
7116 3095 1132556 1
7232 3357 1132566 1
7419 3593 1132576 1
7615 3753 1132586 1
7816 3863 1132596 1
7957 3890 1132606 1
8008 3839 1132616 1
7999 3737 1132626 1
7946 3530 1132636 1
7829 3272 1132646 1
7668 2980 1132656 1
7489 2679 1132666 1
7349 2477 1132676 1
7234 2342 1132686 1
7193 2409 1132696 1
7188 2611 1132706 1
