156
4187 5892 626540 0
4121 5777 626550 1
3965 5762 626560 1
3895 5762 626570 1
3882 5769 626580 1
3908 5769 626590 1
4005 5874 626600 1
4149 6028 626610 1
4363 6218 626620 1
4618 6419 626630 1
4901 6581 626640 1
5167 6718 626650 1
5381 6824 626660 1
5559 6876 626670 1
5651 6893 626680 1
5670 6873 626690 1
5639 6769 626700 1
5553 6608 626710 1
5431 6337 626720 1
5285 5991 626730 1
5111 5595 626740 1
4939 5141 626750 1
4771 4781 626760 1
4606 4484 626770 1
4508 4321 626780 1
4453 4263 626790 1
4453 4274 626800 1
4474 4382 626810 1
4517 4551 626820 1
4585 4762 626830 1
4672 4992 626840 1
4771 5263 626850 1
5006 7052 626911 0
4981 7472 626921 1
4942 7538 626931 1
4885 7520 626941 1
4847 7447 626951 1
4814 7301 626961 1
4792 7075 626971 1
4792 6796 626981 1
4811 6474 626991 1
4866 6037 627001 1
4969 5524 627011 1
5105 4940 627021 1
5296 4443 627031 1
5444 4004 627041 1
5564 3781 627051 1
5656 3667 627061 1
5730 3626 627071 1
5793 3652 627081 1
5841 3764 627091 1
5647 7203 627201 0
5780 7445 627211 1
5780 7473 627221 1
5780 7456 627231 1
5802 7362 627241 1
5796 7217 627251 1
5773 6980 627261 1
5720 6663 627271 1
5666 6294 627281 1
5610 5897 627291 1
5577 5617 627301 1
5584 5414 627311 1
5617 5387 627321 1
5713 5474 627331 1
5847 5637 627341 1
6006 5902 627351 1
6193 6168 627361 1
6353 6435 627371 1
6495 6676 627381 1
6594 6843 627391 1
6645 6962 627401 1
6664 6962 627411 1
6655 6867 627421 1
6601 6713 627431 1
6518 6486 627441 1
6396 6236 627451 1
6257 5971 627461 1
6107 5753 627471 1
6040 5660 627481 1
6040 5651 627491 1
6091 5679 627501 1
6217 5798 627511 1
6366 5978 627521 1
6531 6147 627531 1
6673 6285 627541 1
6778 6403 627551 1
6857 6468 627561 1
6883 6489 627571 1
6883 6480 627581 1
6862 6429 627591 1
6805 6311 627601 1
6718 6149 627611 1
6612 5923 627621 1
6483 5645 627631 1
6344 5333 627641 1
6199 5032 627651 1
6078 4823 627661 1
6036 4675 627671 1
6046 4639 627681 1
6107 4680 627691 1
6223 4772 627701 1
6376 5001 627711 1
6566 5277 627721 1
6796 5584 627731 1
7053 5925 627741 1
7296 6176 627751 1
7531 6366 627761 1
7742 6451 627771 1
7939 6429 627781 1
8115 6335 627791 1
8291 6152 627801 1
8467 5936 627811 1
8627 5697 627821 1
8743 5452 627831 1
8830 5222 627841 1
8836 5002 627851 1
8781 4763 627861 1
8686 4521 627871 1
8554 4277 627881 1
8368 3998 627891 1
8146 3715 627901 1
7928 3430 627911 1
7726 3223 627921 1
7534 3151 627931 1
7442 3170 627941 1
7354 3335 627951 1
7277 3571 627961 1
7128 5907 628083 0
7257 5965 628093 1
7275 5955 628103 1
7259 5939 628113 1
7233 5881 628123 1
7200 5794 628133 1
7150 5650 628143 1
7095 5473 628153 1
7037 5273 628163 1
6983 5073 628173 1
6931 4923 628183 1
6888 4806 628193 1
6888 4793 628203 1
6904 4832 628213 1
6985 4905 628223 1
7091 5049 628233 1
7214 5191 628243 1
7350 5331 628253 1
7449 5458 628263 1
7523 5524 628273 1
7544 5549 628283 1
7533 5538 628293 1
7501 5422 628303 1
7446 5235 628313 1
7375 4985 628323 1
7293 4712 628333 1
7213 4425 628343 1
7143 4246 628353 1
