163
3796 5918 634652 0
3738 5755 634662 1
3672 5788 634672 1
3587 5793 634682 1
3635 5853 634692 1
3758 5951 634702 1
3930 6127 634712 1
4159 6325 634722 1
4433 6537 634732 1
4737 6664 634742 1
4987 6734 634752 1
5189 6767 634762 1
5360 6740 634772 1
5439 6686 634782 1
5457 6613 634792 1
5434 6480 634802 1
5360 6246 634812 1
5244 5945 634822 1
5100 5607 634832 1
4952 5263 634842 1
4806 4916 634852 1
4685 4688 634862 1
4579 4592 634872 1
4545 4584 634882 1
4550 4659 634892 1
4581 4834 634902 1
4635 5076 634912 1
4693 5338 634922 1
4751 5634 634932 1
4808 5953 634942 1
4858 6346 634952 1
4905 6762 634962 1
4951 7194 634972 1
4979 7570 634982 1
4979 7570 634992 3
4992 7939 635002 3
4978 7968 635012 3
4952 7933 635022 3
4919 7855 635032 3
4889 7720 635042 3
4865 7530 635052 3
4858 7303 635062 3
4858 7303 635072 1
4884 6567 635082 1
4955 6028 635092 1
5058 5380 635102 1
5237 4763 635112 1
5394 4168 635122 1
5536 3815 635132 1
5607 3622 635142 1
5665 3537 635152 1
5715 3508 635162 1
5772 3572 635172 1
5814 3698 635182 1
5846 7372 635323 0
6031 7434 635333 1
6031 7459 635343 1
5957 7451 635353 1
5971 7451 635363 1
5976 7446 635373 1
5976 7440 635383 1
5965 7355 635393 1
5938 7218 635403 1
5900 6989 635413 1
5843 6703 635423 1
5776 6380 635433 1
5703 6053 635443 1
5686 5899 635453 1
5735 5861 635463 1
5829 5909 635473 1
5966 6069 635483 1
6141 6305 635493 1
6341 6573 635503 1
6488 6797 635513 1
6594 6991 635523 1
6672 7117 635533 1
6693 7147 635543 1
6679 7114 635553 1
6641 6987 635563 1
6576 6798 635573 1
6498 6568 635583 1
6410 6350 635593 1
6324 6178 635603 1
6272 6036 635613 1
6243 5989 635623 1
6262 5981 635633 1
6319 5999 635643 1
6402 6072 635653 1
6515 6176 635663 1
6628 6302 635673 1
6742 6414 635683 1
6832 6499 635693 1
6906 6565 635703 1
6935 6589 635713 1
6935 6575 635723 1
6919 6537 635733 1
6866 6394 635743 1
6777 6198 635753 1
6663 5968 635763 1
6548 5693 635773 1
6438 5453 635783 1
6335 5236 635793 1
6272 5077 635803 1
6235 4960 635813 1
6230 4872 635823 1
6247 4789 635833 1
6278 4756 635843 1
6349 4756 635853 1
6457 4862 635863 1
6590 5054 635873 1
6772 5304 635883 1
6991 5609 635893 1
7234 5910 635903 1
7476 6164 635913 1
7691 6388 635923 1
7887 6496 635933 1
8036 6518 635943 1
8181 6482 635953 1
8324 6371 635963 1
8463 6202 635973 1
8580 5994 635983 1
8681 5731 635993 1
8742 5456 636003 1
8731 5173 636013 1
8673 4902 636023 1
8564 4631 636033 1
8402 4366 636043 1
8205 4107 636053 1
8001 3878 636063 1
7823 3748 636073 1
7662 3683 636083 1
7582 3727 636093 1
7283 5969 636214 0
7361 5904 636224 1
7176 5860 636234 1
7094 5758 636244 1
7017 5630 636254 1
6943 5486 636264 1
6848 5267 636274 1
6761 5044 636284 1
6680 4842 636294 1
6657 4657 636304 1
6683 4581 636314 1
6742 4591 636324 1
6859 4659 636334 1
6978 4839 636344 1
7126 5047 636354 1
7292 5275 636364 1
7424 5480 636374 1
7510 5617 636384 1
7566 5708 636394 1
7579 5708 636404 1
7565 5640 636414 1
7532 5520 636424 1
7469 5326 636434 1
7385 5115 636444 1
7287 4894 636454 1
7186 4675 636464 1
7113 4526 636474 1
7059 4423 636484 1
7048 4379 636494 1
7060 4373 636504 1
7088 4393 636514 1
