181
2960 5365 1636222 0
2876 5170 1636232 1
2805 5145 1636242 1
2712 5154 1636252 1
2705 5154 1636262 1
2763 5204 1636272 1
2864 5284 1636282 1
3068 5462 1636292 1
3390 5647 1636302 1
3791 5837 1636312 1
4156 5981 1636322 1
4485 6032 1636332 1
4789 6021 1636342 1
4959 6000 1636352 1
5064 5947 1636362 1
5125 5873 1636372 1
5080 5724 1636382 1
4946 5518 1636392 1
4752 5273 1636402 1
4477 4979 1636412 1
4179 4637 1636422 1
3866 4263 1636432 1
3604 3925 1636442 1
3435 3700 1636452 1
3328 3551 1636462 1
3336 3537 1636472 1
3421 3607 1636482 1
3557 3734 1636492 1
4551 6193 1636593 0
4874 6442 1636603 1
4903 6530 1636613 1
4880 6585 1636623 1
4908 6543 1636633 1
4917 6425 1636643 1
4893 6257 1636653 1
4853 5992 1636663 1
4830 5622 1636673 1
4822 5183 1636683 1
4822 4646 1636693 1
4801 4196 1636703 1
4764 3804 1636713 1
4717 3550 1636723 1
4725 3397 1636733 1
4757 3312 1636743 1
4806 3296 1636753 1
4841 3343 1636763 1
4877 3431 1636773 1
5812 6592 1636993 0
5734 6550 1637003 1
5602 6572 1637013 1
5552 6616 1637023 1
5552 6616 1637033 1
5569 6626 1637043 1
5642 6645 1637053 1
5754 6705 1637063 1
5930 6778 1637073 1
6142 6859 1637083 1
6377 6908 1637093 1
6571 6898 1637103 1
6700 6850 1637113 1
6786 6781 1637123 1
6776 6664 1637133 1
6684 6515 1637143 1
6538 6379 1637153 1
6333 6184 1637163 1
6104 5949 1637173 1
5858 5726 1637183 1
5608 5543 1637193 1
5455 5386 1637203 1
5367 5302 1637213 1
5367 5283 1637223 1
5466 5307 1637233 1
5639 5371 1637243 1
5924 5431 1637253 1
6208 5489 1637263 1
6492 5509 1637273 1
6709 5524 1637283 1
6844 5530 1637293 1
6923 5508 1637303 1
6923 5466 1637313 1
6849 5376 1637323 1
6736 5258 1637333 1
6596 5121 1637343 1
6444 4967 1637353 1
6283 4808 1637363 1
6171 4701 1637373 1
6136 4630 1637383 1
6151 4630 1637393 1
6261 4677 1637403 1
6427 4752 1637413 1
6630 4831 1637423 1
6855 4904 1637433 1
7045 4935 1637443 1
7161 4941 1637453 1
7239 4898 1637463 1
7229 4816 1637473 1
7146 4709 1637483 1
7014 4601 1637493 1
6821 4489 1637503 1
6587 4352 1637513 1
6325 4200 1637523 1
6075 4076 1637533 1
5927 4006 1637543 1
5846 3973 1637553 1
5846 3985 1637563 1
5967 4060 1637573 1
6159 4177 1637583 1
6504 4355 1637593 1
6934 4531 1637603 1
7421 4707 1637613 1
7962 4846 1637623 1
8466 4973 1637633 1
8944 5091 1637643 1
9397 5156 1637653 1
9803 5162 1637663 1
10177 5130 1637673 1
10422 5002 1637683 1
10532 4800 1637693 1
10552 4550 1637703 1
10372 4221 1637713 1
10035 3872 1637723 1
9594 3509 1637733 1
9080 3173 1637743 1
8623 2947 1637753 1
8203 2795 1637763 1
7953 2766 1637773 1
7810 2804 1637783 1
7738 2887 1637793 1
7285 4422 1638035 0
7320 4532 1638045 1
7296 4613 1638055 1
7234 4641 1638065 1
7192 4575 1638075 1
7103 4447 1638085 1
6982 4256 1638095 1
6786 3993 1638105 1
6561 3681 1638115 1
6316 3479 1638125 1
6118 3341 1638135 1
6021 3245 1638145 1
5992 3245 1638155 1
6021 3339 1638165 1
6160 3486 1638175 1
6373 3662 1638185 1
6662 3827 1638195 1
7005 3986 1638205 1
7385 4076 1638215 1
7728 4104 1638225 1
7997 4091 1638235 1
8217 4018 1638245 1
8282 3912 1638255 1
8210 3784 1638265 1
8046 3608 1638275 1
7786 3406 1638285 1
7489 3188 1638295 1
7168 2995 1638305 1
6925 2860 1638315 1
6771 2763 1638325 1
6675 2757 1638335 1
6683 2846 1638345 1
6809 2998 1638355 1
7014 3195 1638365 1
7275 3387 1638375 1
7527 3490 1638385 1
7774 3535 1638395 1
7906 3513 1638405 1
7935 3457 1638415 1
7895 3379 1638425 1
7768 3261 1638435 1
7584 3138 1638445 1
7362 3007 1638455 1
7095 2872 1638465 1
6826 2733 1638475 1
6555 2641 1638485 1
6360 2581 1638495 1
6290 2599 1638505 1
6302 2714 1638515 1
6501 2893 1638525 1
6868 3161 1638535 1
7347 3446 1638545 1
7917 3742 1638555 1
