195
4376 5675 620301 2
4370 6272 620491 0
4416 6290 620501 2
4433 6305 620511 2
4445 6329 620521 2
4445 6356 620531 2
4445 6386 620541 2
4445 6413 620551 2
4431 6439 620561 2
4410 6463 620571 2
4383 6487 620581 2
4337 6505 620591 2
4278 6513 620601 2
4211 6513 620611 2
4127 6503 620621 2
4043 6487 620631 2
3959 6454 620641 2
3878 6412 620651 2
3806 6367 620661 2
3739 6324 620671 2
3680 6281 620681 2
3625 6237 620691 2
3564 6188 620701 2
3498 6143 620711 2
3453 6105 620721 2
3411 6071 620731 2
3376 6035 620741 2
3347 6001 620751 2
3324 5966 620761 2
3324 5966 620772 3
3324 5966 620782 1
3240 5882 620792 1
3162 5923 620802 1
3124 5909 620812 1
3124 5909 620822 1
3156 5923 620832 1
3209 5981 620842 1
3325 6104 620852 1
3507 6271 620862 1
3732 6440 620872 1
3975 6573 620882 1
4232 6681 620892 1
4498 6773 620902 1
4708 6810 620912 1
4838 6810 620922 1
4915 6767 620932 1
4932 6685 620942 1
4900 6578 620952 1
4836 6351 620962 1
4730 6073 620972 1
4583 5760 620982 1
4409 5445 620992 1
4231 5080 621002 1
4051 4682 621012 1
3869 4393 621022 1
3731 4190 621032 1
3656 4045 621042 1
3623 4031 621052 1
3656 4109 621062 1
3731 4249 621072 1
3835 4501 621082 1
3960 4790 621092 1
4607 7732 621203 0
4607 7732 621213 1
4496 7599 621223 1
4418 7447 621233 1
4362 7234 621243 1
4321 7017 621253 1
4276 6798 621263 1
4260 6531 621273 1
4260 6105 621283 1
4339 5574 621293 1
4478 5001 621303 1
4658 4452 621313 1
4844 3920 621323 1
5019 3501 621333 1
5158 3197 621343 1
5276 2971 621353 1
5350 2858 621363 1
5404 2793 621373 1
5445 2761 621383 1
5470 2771 621393 1
5480 2830 621403 1
5480 2923 621413 1
5147 7096 621583 0
5345 7213 621593 1
5330 7263 621603 1
5330 7256 621613 1
5344 7256 621623 1
5344 7256 621633 1
5323 7180 621643 1
5289 6974 621653 1
5226 6678 621663 1
5149 6287 621673 1
5063 5867 621683 1
4988 5429 621693 1
4946 5134 621703 1
4926 5020 621713 1
4962 5026 621723 1
5061 5114 621733 1
5201 5311 621743 1
5371 5580 621753 1
5525 5797 621763 1
5668 6034 621773 1
5810 6284 621783 1
5909 6514 621793 1
5979 6630 621803 1
6021 6671 621813 1
6029 6659 621823 1
6015 6552 621833 1
5970 6381 621843 1
5903 6147 621853 1
5822 5913 621863 1
5726 5704 621873 1
5648 5511 621883 1
5581 5414 621893 1
5581 5392 621903 1
5640 5419 621913 1
5731 5512 621923 1
5849 5642 621933 1
5947 5797 621943 1
6032 5936 621953 1
6107 6043 621963 1
6160 6130 621973 1
6198 6154 621983 1
6204 6148 621993 1
6191 6122 622003 1
6165 6017 622013 1
6118 5875 622023 1
6048 5708 622033 1
5962 5538 622043 1
5862 5357 622053 1
5753 5170 622063 1
5637 5013 622073 1
5563 4876 622083 1
5528 4752 622093 1
5520 4704 622103 1
5546 4704 622113 1
5598 4725 622123 1
5668 4856 622133 1
5783 5050 622143 1
5901 5285 622153 1
6027 5520 622163 1
6179 5725 622173 1
6347 5911 622183 1
6529 6046 622193 1
6738 6134 622203 1
6964 6190 622213 1
7181 6210 622223 1
7398 6171 622233 1
7615 6094 622243 1
7800 5950 622253 1
7956 5717 622263 1
8093 5425 622273 1
8197 5112 622283 1
8238 4818 622293 1
8238 4536 622303 1
8157 4245 622313 1
8019 3958 622323 1
7841 3675 622333 1
7613 3443 622343 1
7385 3246 622353 1
7164 3072 622363 1
6947 3003 622373 1
6744 3023 622383 1
6533 3103 622393 1
6339 3273 622403 1
6157 3521 622413 1
6369 5853 622535 0
6492 5885 622545 1
6454 5835 622555 1
6374 5668 622565 1
6330 5423 622575 1
6279 5111 622585 1
6224 4799 622595 1
6157 4488 622605 1
6093 4282 622615 1
6067 4186 622625 1
6067 4164 622635 1
6112 4209 622645 1
6229 4378 622655 1
6392 4631 622665 1
6575 4893 622675 1
6740 5125 622685 1
6893 5337 622695 1
6990 5467 622705 1
7039 5492 622715 1
7057 5446 622725 1
7042 5282 622735 1
7006 5060 622745 1
6955 4799 622755 1
6884 4511 622765 1
6798 4219 622775 1
6701 3974 622785 1
6628 3762 622795 1
