226
3736 4741 1636262 0
3736 4741 1636272 1
3736 4741 1636282 1
3736 4741 1636292 1
3640 4752 1636302 1
3591 4723 1636312 1
3534 4675 1636322 1
3473 4624 1636332 1
3396 4531 1636342 1
3307 4412 1636352 1
3284 4269 1636362 1
3249 4173 1636372 1
3205 4109 1636382 1
3274 4109 1636392 1
3404 4177 1636402 1
3574 4280 1636412 1
3800 4431 1636422 1
4014 4578 1636432 1
4220 4717 1636442 1
4421 4828 1636452 1
4584 4920 1636462 1
4722 4928 1636472 1
4796 4889 1636482 1
4820 4820 1636492 1
4810 4710 1636502 1
4749 4519 1636512 1
4639 4274 1636522 1
4496 3978 1636532 1
4360 3677 1636542 1
4226 3436 1636552 1
4151 3236 1636562 1
4115 3129 1636572 1
4148 3087 1636582 1
4247 3087 1636592 1
4942 5774 1636773 0
4840 5902 1636783 1
4766 5958 1636793 1
4693 6013 1636803 1
4647 6013 1636813 1
4620 6000 1636823 1
4598 5934 1636833 1
4573 5831 1636843 1
4544 5612 1636853 1
4513 5152 1636863 1
4491 4532 1636873 1
4537 3709 1636883 1
4629 2896 1636893 1
4756 2089 1636903 1
4873 1703 1636913 1
4983 1483 1636923 1
5098 1373 1636933 1
5209 1251 1636943 1
5317 1197 1636953 1
5366 1189 1636963 1
5386 1194 1636973 1
5386 1269 1636983 1
5364 1390 1636993 1
4938 5087 1637534 0
4867 4943 1637544 1
4824 4938 1637554 1
4796 4929 1637564 1
4782 4880 1637574 1
4797 4806 1637584 1
4818 4775 1637594 1
4849 4786 1637604 1
4913 4824 1637614 1
4997 4936 1637624 1
5138 5118 1637634 1
5325 5346 1637644 1
5543 5600 1637654 1
5754 5810 1637664 1
5923 5992 1637674 1
6064 6087 1637684 1
6141 6100 1637694 1
6169 6059 1637704 1
6163 5928 1637714 1
6099 5684 1637724 1
5995 5366 1637734 1
5863 5030 1637744 1
5689 4722 1637754 1
5520 4504 1637764 1
5385 4337 1637774 1
5271 4210 1637784 1
5238 4176 1637794 1
5286 4204 1637804 1
5388 4306 1637814 1
5549 4459 1637824 1
5739 4647 1637834 1
5948 4765 1637844 1
6095 4800 1637854 1
6160 4781 1637864 1
6171 4690 1637874 1
6098 4542 1637884 1
5991 4357 1637894 1
5860 4180 1637904 1
5741 4053 1637914 1
5680 3960 1637924 1
5657 3953 1637934 1
5729 4004 1637944 1
5855 4094 1637954 1
6017 4259 1637964 1
6179 4421 1637974 1
6336 4498 1637984 1
6429 4518 1637994 1
6480 4468 1638004 1
6488 4377 1638014 1
6461 4258 1638024 1
6411 4127 1638034 1
6328 4003 1638044 1
6238 3885 1638054 1
6142 3807 1638064 1
6095 3777 1638074 1
6085 3777 1638084 1
6100 3819 1638094 1
6144 3882 1638104 1
6190 3962 1638114 1
6513 4074 1638245 0
6496 3943 1638255 1
6423 3900 1638265 1
6307 3874 1638275 1
6271 3828 1638285 1
6261 3813 1638295 1
6268 3820 1638305 1
6268 3820 1638315 1
6268 3820 1638325 1
6257 3813 1638335 1
6240 3799 1638345 1
6216 3764 1638355 1
6188 3716 1638365 1
6163 3673 1638375 1
6145 3645 1638385 1
6137 3628 1638395 1
6137 3628 1638405 1
6146 3642 1638415 1
6153 3662 1638425 1
6160 3691 1638435 1
6160 3717 1638445 1
6166 3737 1638455 1
6180 3783 1638465 1
6254 3847 1638475 1
6367 3983 1638485 1
6621 4197 1638495 1
7014 4464 1638505 1
7500 4720 1638515 1
8021 4851 1638525 1
8463 4898 1638535 1
8851 4767 1638545 1
9133 4510 1638555 1
9360 4169 1638565 1
9549 3796 1638575 1
9692 3497 1638585 1
9737 3247 1638595 1
9717 3013 1638605 1
9490 2766 1638615 1
9089 2502 1638625 1
8572 2259 1638635 1
8045 2029 1638645 1
7549 1917 1638655 1
7244 1954 1638665 1
7055 2091 1638675 1
7380 4112 1638926 0
7058 4117 1639026 0
7058 4117 1639036 1
7058 4117 1639046 1
7123 4085 1639056 1
7188 4098 1639066 1
7254 4119 1639076 1
7316 4131 1639086 1
7346 4131 1639096 1
7359 4116 1639106 1
7346 4106 1639116 1
7319 4092 1639126 1
7282 4068 1639136 1
7234 4037 1639146 1
7171 3983 1639156 1
7097 3915 1639166 1
6994 3802 1639176 1
6849 3626 1639186 1
6675 3408 1639196 1
6511 3133 1639206 1
6391 2934 1639216 1
6299 2787 1639226 1
6277 2737 1639236 1
6338 2750 1639246 1
6453 2806 1639256 1
6627 2940 1639266 1
6842 3112 1639276 1
7083 3309 1639286 1
7318 3486 1639296 1
7508 3607 1639306 1
7669 3690 1639316 1
7729 3683 1639326 1
7719 3599 1639336 1
7662 3463 1639346 1
7545 3215 1639356 1
7398 2996 1639366 1
7232 2796 1639376 1
7102 2674 1639386 1
7034 2629 1639396 1
7008 2636 1639406 1
7037 2721 1639416 1
7132 2869 1639426 1
7270 3059 1639436 1
7454 3208 1639446 1
7615 3289 1639456 1
7760 3324 1639466 1
7819 3267 1639476 1
7819 3168 1639486 1
7775 3040 1639496 1
7704 2926 1639506 1
7633 2849 1639516 1
7597 2796 1639526 1
7583 2796 1639536 1
7612 2821 1639546 1
7671 2869 1639556 1
7751 2949 1639566 1
7875 3033 1639576 1
7999 3121 1639586 1
8100 3157 1639596 1
8184 3123 1639606 1
8191 3042 1639616 1
8092 2891 1639626 1
7923 2690 1639636 1
7661 2457 1639646 1
7401 2236 1639656 1
7142 2012 1639666 1
