181
3315 5213 1647719 0
3136 5093 1647729 1
3099 5079 1647739 1
3090 5079 1647749 1
3143 5079 1647759 1
3236 5128 1647769 1
3427 5207 1647779 1
3702 5396 1647789 1
4032 5613 1647799 1
4428 5848 1647809 1
4765 6062 1647819 1
5062 6178 1647829 1
5239 6228 1647839 1
5314 6236 1647849 1
5320 6189 1647859 1
5261 6106 1647869 1
5144 5948 1647879 1
4988 5729 1647889 1
4807 5469 1647899 1
4574 5116 1647909 1
4307 4763 1647919 1
4034 4443 1647929 1
3853 4146 1647939 1
3734 3994 1647949 1
3717 3962 1647959 1
3766 4009 1647969 1
3859 4131 1647979 1
3983 4322 1647989 1
4923 6554 1648079 0
5062 6799 1648089 1
5062 6828 1648099 1
5078 6848 1648109 1
5114 6861 1648119 1
5161 6878 1648129 1
5195 6824 1648139 1
5221 6724 1648149 1
5241 6432 1648159 1
5233 5956 1648169 1
5233 5357 1648179 1
5193 4752 1648189 1
5132 4262 1648199 1
5031 3850 1648209 1
4955 3490 1648219 1
4896 3201 1648229 1
4876 2960 1648239 1
4882 2819 1648249 1
4906 2770 1648259 1
4957 2783 1648269 1
6315 7122 1648530 0
6227 7110 1648540 1
6184 7087 1648550 1
6160 7054 1648560 1
6149 7037 1648570 1
6161 7026 1648580 1
6214 7019 1648590 1
6295 7025 1648600 1
6418 7064 1648610 1
6589 7125 1648620 1
6792 7184 1648630 1
6998 7201 1648640 1
7138 7190 1648650 1
7235 7123 1648660 1
7235 7007 1648670 1
7173 6858 1648680 1
7060 6686 1648690 1
6910 6509 1648700 1
6722 6318 1648710 1
6508 6121 1648720 1
6315 5944 1648730 1
6181 5818 1648740 1
6085 5726 1648750 1
6085 5711 1648760 1
6178 5728 1648770 1
6332 5767 1648780 1
6559 5855 1648790 1
6822 5951 1648800 1
7108 6052 1648810 1
7327 6097 1648820 1
7466 6115 1648830 1
7552 6115 1648840 1
7552 6081 1648850 1
7485 6000 1648860 1
7370 5889 1648870 1
7213 5768 1648880 1
7055 5650 1648890 1
6895 5535 1648900 1
6748 5433 1648910 1
6670 5372 1648920 1
6639 5339 1648930 1
6662 5332 1648940 1
6759 5341 1648950 1
6904 5360 1648960 1
7066 5397 1648970 1
7259 5429 1648980 1
7472 5457 1648990 1
7608 5464 1649000 1
7664 5441 1649010 1
7664 5397 1649020 1
7569 5251 1649030 1
7385 5051 1649040 1
7143 4814 1649050 1
6903 4550 1649060 1
6671 4289 1649070 1
6445 4031 1649080 1
6303 3874 1649090 1
6217 3805 1649100 1
6167 3794 1649110 1
6162 3830 1649120 1
6203 3915 1649130 1
6274 4033 1649140 1
6419 4158 1649150 1
6643 4316 1649160 1
6919 4496 1649170 1
7269 4702 1649180 1
7709 4934 1649190 1
8210 5184 1649200 1
8710 5388 1649210 1
9154 5484 1649220 1
9560 5507 1649230 1
9897 5442 1649240 1
10173 5376 1649250 1
10407 5247 1649260 1
10579 5078 1649270 1
10644 4889 1649280 1
10637 4642 1649290 1
10459 4356 1649300 1
10140 4031 1649310 1
9728 3707 1649320 1
9266 3385 1649330 1
8864 3097 1649340 1
8502 2903 1649350 1
8226 2771 1649360 1
8055 2744 1649370 1
7953 2774 1649380 1
7880 2841 1649390 1
7823 2925 1649400 1
7776 3023 1649410 1
7750 3130 1649420 1
7835 4757 1649622 0
7718 4681 1649632 1
7630 4695 1649642 1
7604 4701 1649652 1
7620 4674 1649662 1
7602 4624 1649672 1
7551 4501 1649682 1
7477 4290 1649692 1
7344 4020 1649702 1
7165 3765 1649712 1
6956 3565 1649722 1
6777 3403 1649732 1
6680 3324 1649742 1
6637 3337 1649752 1
6692 3412 1649762 1
6875 3585 1649772 1
7142 3794 1649782 1
7506 4026 1649792 1
7879 4229 1649802 1
8259 4372 1649812 1
8554 4475 1649822 1
8728 4508 1649832 1
8821 4478 1649842 1
8800 4407 1649852 1
8684 4266 1649862 1
8504 4098 1649872 1
8259 3911 1649882 1
8026 3710 1649892 1
7802 3563 1649902 1
7666 3453 1649912 1
7623 3392 1649922 1
7642 3353 1649932 1
7748 3329 1649942 1
7864 3311 1649952 1
7986 3278 1649962 1
7977 3236 1649972 1
7771 3096 1649982 1
7434 2897 1649992 1
6990 2658 1650002 1
6552 2470 1650012 1
6256 2368 1650022 1
6053 2324 1650032 1
6058 2391 1650042 1
