175
4158 6438 1005485 0
3919 6194 1005495 1
3824 6123 1005505 1
3796 6082 1005515 1
3813 6062 1005525 1
3873 6078 1005535 1
3960 6129 1005545 1
4064 6204 1005555 1
4199 6291 1005565 1
4327 6373 1005575 1
4450 6427 1005585 1
4565 6464 1005595 1
4656 6459 1005605 1
4730 6398 1005615 1
4749 6301 1005625 1
4726 6122 1005635 1
4675 5893 1005645 1
4591 5630 1005655 1
4493 5340 1005665 1
4385 5061 1005675 1
4287 4790 1005685 1
4227 4632 1005695 1
4191 4550 1005705 1
4191 4518 1005715 1
4191 4518 1005725 1
4208 4557 1005735 1
4237 4620 1005745 1
4458 6256 1005826 0
4656 6771 1005836 1
4698 6891 1005846 1
4693 6946 1005856 1
4703 6963 1005866 1
4710 6954 1005876 1
4710 6943 1005886 1
4724 6860 1005896 1
4724 6729 1005906 1
4706 6527 1005916 1
4668 6268 1005926 1
4618 5972 1005936 1
4618 5972 1005946 5
4522 5302 1005956 5
4477 4948 1005966 5
4454 4642 1005976 5
4445 4409 1005986 5
4453 4226 1005996 5
4465 4091 1006006 5
4476 4034 1006016 5
4485 4034 1006026 5
4503 4079 1006036 5
5280 7263 1006146 0
5618 7601 1006156 1
5670 7635 1006166 1
5670 7625 1006176 1
5680 7599 1006186 1
5645 7480 1006196 1
5578 7300 1006206 1
5457 7052 1006216 1
5322 6805 1006226 1
5177 6559 1006236 1
5053 6349 1006246 1
5001 6226 1006256 1
5001 6161 1006266 1
5061 6156 1006276 1
5175 6202 1006286 1
5321 6283 1006296 1
5463 6369 1006306 1
5590 6445 1006316 1
5708 6490 1006326 1
5797 6519 1006336 1
5822 6500 1006346 1
5805 6432 1006356 1
5740 6332 1006366 1
5638 6205 1006376 1
5510 6077 1006386 1
5392 5948 1006396 1
5276 5832 1006406 1
5185 5726 1006416 1
5110 5667 1006426 1
5100 5651 1006436 1
5135 5663 1006446 1
5201 5711 1006456 1
5312 5799 1006466 1
5444 5915 1006476 1
5589 6010 1006486 1
5741 6084 1006496 1
5879 6143 1006506 1
5958 6172 1006516 1
6002 6178 1006526 1
6002 6168 1006536 1
5976 6137 1006546 1
5930 6085 1006556 1
5867 6019 1006566 1
5782 5936 1006576 1
5683 5826 1006586 1
5569 5699 1006596 1
5443 5553 1006606 1
5310 5406 1006616 1
5196 5264 1006626 1
5132 5181 1006636 1
5102 5134 1006646 1
5116 5139 1006656 1
5171 5183 1006666 1
5254 5253 1006676 1
5372 5367 1006686 1
5516 5479 1006696 1
5678 5584 1006706 1
5857 5677 1006716 1
6001 5760 1006726 1
6122 5803 1006736 1
6190 5819 1006746 1
6198 5810 1006756 1
6165 5752 1006766 1
6076 5662 1006776 1
5950 5541 1006786 1
5800 5382 1006796 1
5598 5198 1006806 1
5397 5012 1006816 1
5196 4823 1006826 1
4996 4697 1006836 1
4918 4615 1006846 1
4949 4624 1006856 1
5052 4705 1006866 1
5254 4833 1006876 1
5504 4961 1006886 1
5785 5071 1006896 1
6054 5168 1006906 1
6331 5252 1006916 1
6612 5309 1006926 1
6868 5349 1006936 1
7057 5341 1006946 1
7201 5282 1006956 1
7314 5189 1006966 1
7356 5031 1006976 1
7351 4868 1006986 1
7259 4662 1006996 1
7133 4430 1007006 1
6984 4182 1007016 1
6849 3994 1007026 1
6747 3846 1007036 1
6667 3783 1007046 1
6599 3783 1007056 1
6529 3815 1007066 1
5863 4742 1007158 0
5978 4736 1007168 1
5914 4721 1007178 1
5893 4708 1007188 1
5901 4708 1007198 1
5888 4689 1007208 1
5845 4651 1007218 1
5782 4575 1007228 1
5718 4494 1007238 1
5677 4411 1007248 1
5651 4357 1007258 1
5669 4331 1007268 1
5732 4324 1007278 1
5825 4381 1007288 1
5947 4496 1007298 1
6111 4651 1007308 1
6302 4810 1007318 1
6460 4898 1007328 1
6550 4940 1007338 1
6595 4925 1007348 1
6578 4840 1007358 1
6510 4708 1007368 1
6409 4539 1007378 1
6294 4339 1007388 1
6172 4118 1007398 1
6045 3919 1007408 1
5942 3742 1007418 1
5869 3579 1007428 1
5817 3469 1007438 1
5791 3390 1007448 1
5769 3332 1007458 1
5725 3258 1007468 1
5665 3172 1007478 1
