180
5473 5703 1013697 0
5244 5631 1013707 1
5181 5626 1013717 1
5140 5626 1013727 1
5114 5612 1013737 1
5122 5612 1013747 1
5174 5612 1013757 1
5254 5656 1013767 1
5384 5749 1013777 1
5556 5878 1013787 1
5755 6014 1013797 1
5934 6130 1013807 1
6042 6157 1013817 1
6102 6133 1013827 1
6073 6010 1013837 1
5974 5767 1013847 1
5828 5445 1013857 1
5624 5103 1013867 1
5433 4759 1013877 1
5251 4468 1013887 1
5083 4214 1013897 1
4977 4049 1013907 1
4912 3968 1013917 1
4906 3942 1013927 1
4933 3959 1013937 1
4983 4029 1013947 1
5054 4135 1013957 1
6078 6159 1014068 0
6078 6159 1014078 1
6078 6159 1014088 1
6078 6159 1014098 1
6078 6159 1014108 1
6078 6159 1014118 1
6078 6159 1014128 1
6078 6159 1014138 1
6070 6001 1014148 1
6034 5741 1014158 1
5971 5431 1014168 1
5907 5087 1014178 1
5841 4676 1014188 1
5772 4292 1014198 1
5718 3925 1014208 1
5700 3633 1014218 1
5700 3448 1014228 1
5718 3334 1014238 1
5736 3284 1014248 1
5751 3284 1014258 1
5758 3327 1014268 1
6335 5834 1014358 0
6742 6360 1014368 1
6852 6474 1014378 1
6913 6522 1014388 1
6927 6500 1014398 1
6908 6426 1014408 1
6868 6318 1014418 1
6755 6121 1014428 1
6612 5894 1014438 1
6448 5648 1014448 1
6327 5465 1014458 1
6274 5354 1014468 1
6267 5292 1014478 1
6340 5292 1014488 1
6448 5338 1014498 1
6580 5422 1014508 1
6720 5505 1014518 1
6838 5567 1014528 1
6940 5616 1014538 1
6989 5627 1014548 1
6999 5614 1014558 1
6982 5584 1014568 1
6933 5520 1014578 1
6860 5434 1014588 1
6772 5333 1014598 1
6660 5229 1014608 1
6554 5124 1014618 1
6458 5014 1014628 1
6368 4926 1014638 1
6330 4853 1014648 1
6330 4843 1014658 1
6395 4885 1014668 1
6517 4962 1014678 1
6673 5078 1014688 1
6869 5191 1014698 1
7015 5264 1014708 1
7128 5312 1014718 1
7193 5312 1014728 1
7193 5275 1014738 1
7155 5223 1014748 1
7078 5141 1014758 1
6986 5058 1014768 1
6884 4973 1014778 1
6781 4903 1014788 1
6681 4843 1014798 1
6636 4819 1014808 1
6627 4813 1014818 1
6644 4820 1014828 1
6681 4836 1014838 1
6730 4852 1014848 1
6786 4866 1014858 1
6835 4876 1014868 1
6862 4876 1014878 1
6876 4876 1014888 1
6876 4876 1014898 1
6846 4843 1014908 1
6797 4791 1014918 1
6689 4695 1014928 1
6580 4589 1014938 1
6469 4476 1014948 1
6405 4392 1014958 1
6384 4340 1014968 1
6392 4310 1014978 1
6431 4297 1014988 1
6507 4315 1014998 1
6608 4354 1015008 1
6766 4432 1015018 1
6973 4522 1015028 1
7213 4620 1015038 1
7482 4695 1015048 1
7741 4745 1015058 1
7993 4778 1015068 1
8217 4764 1015078 1
8403 4722 1015088 1
8564 4662 1015098 1
8686 4561 1015108 1
8746 4458 1015118 1
8765 4306 1015128 1
8723 4123 1015138 1
8618 3933 1015148 1
8472 3735 1015158 1
8300 3533 1015168 1
8129 3383 1015178 1
7970 3271 1015188 1
7820 3184 1015198 1
7038 4206 1015289 0
7107 4207 1015299 1
7030 4232 1015309 1
7023 4268 1015319 1
7063 4296 1015329 1
7118 4329 1015339 1
7150 4366 1015349 1
7166 4366 1015359 1
7154 4319 1015369 1
7117 4249 1015379 1
7062 4136 1015389 1
6995 4008 1015399 1
6941 3871 1015409 1
6895 3803 1015419 1
6907 3803 1015429 1
6960 3853 1015439 1
7040 3955 1015449 1
7162 4055 1015459 1
7295 4155 1015469 1
7435 4209 1015479 1
7525 4214 1015489 1
7567 4187 1015499 1
7576 4134 1015509 1
7556 4052 1015519 1
7517 3952 1015529 1
7466 3860 1015539 1
7418 3790 1015549 1
7394 3734 1015559 1
7385 3724 1015569 1
7396 3739 1015579 1
7412 3771 1015589 1
7448 3847 1015599 1
7494 3922 1015609 1
7536 3964 1015619 1
7572 3984 1015629 1
7605 3969 1015639 1
7623 3904 1015649 1
7613 3805 1015659 1
7583 3652 1015669 1
7509 3493 1015679 1
7405 3326 1015689 1
7281 3155 1015699 1
7136 2982 1015709 1
6991 2849 1015719 1
6833 2759 1015729 1
6666 2698 1015739 1
6522 2698 1015749 1
