163
4559 6221 637957 0
4472 6136 637967 1
4407 6184 637977 1
4360 6256 637987 1
4418 6303 637997 1
4566 6410 638007 1
4775 6558 638017 1
4989 6677 638027 1
5213 6773 638037 1
5437 6854 638047 1
5658 6917 638057 1
5855 6963 638067 1
6002 6997 638077 1
6116 7006 638087 1
6193 6980 638097 1
6213 6930 638107 1
6196 6780 638117 1
6114 6540 638127 1
5989 6240 638137 1
5834 5881 638147 1
5624 5516 638157 1
5415 5185 638167 1
5241 4878 638177 1
5089 4714 638187 1
5037 4680 638197 1
5050 4733 638207 1
5106 4902 638217 1
5189 5125 638227 1
5273 5385 638237 1
5333 5620 638247 1
5375 5902 638257 1
5412 6215 638267 1
5450 6579 638277 1
5488 6939 638287 1
5513 7294 638297 1
5528 7534 638307 1
5519 7697 638317 1
5491 7725 638327 1
5451 7692 638337 1
5406 7618 638347 1
5363 7434 638357 1
5325 7171 638367 1
5295 6855 638377 1
5276 6475 638387 1
5293 5975 638397 1
5333 5396 638407 1
5426 4751 638417 1
5552 4263 638427 1
5700 3881 638437 1
5802 3711 638447 1
5881 3650 638457 1
5944 3661 638467 1
6002 3754 638477 1
6055 3941 638487 1
6251 7312 638578 0
6438 7759 638588 1
6409 7834 638598 1
6398 7840 638608 1
6398 7799 638618 1
6384 7736 638628 1
6346 7625 638638 1
6292 7482 638648 1
6217 7276 638658 1
6139 7017 638668 1
6058 6724 638678 1
5998 6437 638688 1
5980 6177 638698 1
5990 5934 638708 1
6051 5849 638718 1
6168 5860 638728 1
6321 5936 638738 1
6494 6094 638748 1
6681 6282 638758 1
6877 6489 638768 1
7002 6649 638778 1
7085 6747 638788 1
7141 6805 638798 1
7147 6805 638808 1
7121 6727 638818 1
7074 6601 638828 1
7008 6395 638838 1
6921 6174 638848 1
6821 5942 638858 1
6708 5715 638868 1
6640 5597 638878 1
6603 5553 638888 1
6617 5567 638898 1
6699 5656 638908 1
6827 5796 638918 1
6970 6015 638928 1
7098 6198 638938 1
7215 6358 638948 1
7301 6492 638958 1
7339 6546 638968 1
7346 6546 638978 1
7325 6507 638988 1
7267 6377 638998 1
7184 6186 639008 1
7080 5964 639018 1
6957 5697 639028 1
6821 5399 639038 1
6666 5092 639048 1
6539 4831 639058 1
6430 4601 639068 1
6387 4495 639078 1
6407 4482 639088 1
6468 4532 639098 1
6600 4689 639108 1
6786 4922 639118 1
7008 5206 639128 1
7260 5479 639138 1
7513 5710 639148 1
7765 5913 639158 1
7985 6024 639168 1
8187 6060 639178 1
8382 6047 639188 1
8558 5966 639198 1
8720 5822 639208 1
8891 5636 639218 1
9030 5449 639228 1
9148 5226 639238 1
9210 4979 639248 1
9210 4756 639258 1
9172 4542 639268 1
9072 4334 639278 1
8911 4090 639288 1
8708 3874 639298 1
8490 3677 639308 1
8279 3542 639318 1
8072 3497 639328 1
7917 3511 639338 1
7747 3595 639348 1
7568 3727 639358 1
7393 3892 639368 1
7441 5626 639489 0
7643 5743 639499 1
7652 5764 639509 1
7652 5757 639519 1
7652 5747 639529 1
7634 5659 639539 1
7588 5521 639549 1
7524 5313 639559 1
7464 5105 639569 1
7410 4926 639579 1
7370 4767 639589 1
7378 4700 639599 1
7418 4694 639609 1
7503 4730 639619 1
7612 4845 639629 1
7736 4973 639639 1
7862 5110 639649 1
7951 5227 639659 1
8014 5301 639669 1
8047 5346 639679 1
8056 5335 639689 1
8049 5250 639699 1
8031 5117 639709 1
7999 4967 639719 1
7957 4796 639729 1
7906 4611 639739 1
7844 4455 639749 1
7775 4313 639759 1
7729 4181 639769 1
