185
1211 6604 946891 0
1211 6604 946901 1
1195 6716 946911 1
1160 6734 946921 1
1176 6780 946931 1
1223 6846 946941 1
1291 6953 946951 1
1388 7058 946961 1
1486 7105 946971 1
1583 7116 946981 1
1678 7063 946991 1
1740 6923 947001 1
1767 6725 947011 1
1767 6384 947021 1
1749 6043 947031 1
1713 5725 947041 1
1667 5424 947051 1
1611 5115 947061 1
1558 4849 947071 1
1512 4612 947081 1
1494 4443 947091 1
1494 4335 947101 1
1511 4267 947111 1
1530 4256 947121 1
1565 4263 947131 1
1609 4282 947141 1
3451 6700 947312 0
3745 6798 947322 1
3733 6772 947332 1
3714 6734 947342 1
3691 6575 947352 1
3699 6336 947362 1
3731 6037 947372 1
3780 5718 947382 1
3833 5387 947392 1
3892 5072 947402 1
3955 4796 947412 1
3980 4547 947422 1
3980 4374 947432 1
3957 4266 947442 1
3919 4201 947452 1
3880 4206 947462 1
3840 4273 947472 1
3787 4381 947482 1
3704 4516 947492 1
3602 4651 947502 1
3450 4789 947512 1
3232 4930 947522 1
2970 5029 947532 1
2675 5116 947542 1
2359 5195 947552 1
2029 5243 947562 1
1779 5238 947572 1
1595 5197 947582 1
1454 5116 947592 1
1395 5031 947602 1
1374 4916 947612 1
1379 4783 947622 1
1431 4663 947632 1
1561 4554 947642 1
1744 4453 947652 1
2008 4400 947662 1
2349 4387 947672 1
2740 4402 947682 1
3103 4430 947692 1
3488 4464 947702 1
3887 4502 947712 1
4201 4531 947722 1
4494 4557 947732 1
4774 4600 947742 1
4986 4656 947752 1
5163 4751 947762 1
5316 4868 947772 1
5407 4999 947782 1
5443 5101 947792 1
5443 5170 947802 1
5410 5216 947812 1
5333 5245 947822 1
5226 5227 947832 1
5102 5178 947842 1
4979 5080 947852 1
4858 4976 947862 1
4741 4860 947872 1
4629 4740 947882 1
4571 4618 947892 1
4547 4503 947902 1
4592 4358 947912 1
4713 4193 947922 1
4885 4058 947932 1
5100 4003 947942 1
5344 4003 947952 1
5607 4052 947962 1
5853 4146 947972 1
6054 4270 947982 1
6224 4397 947992 1
6400 4518 948002 1
6545 4603 948012 1
6670 4665 948022 1
6784 4674 948032 1
6874 4645 948042 1
6949 4590 948052 1
6992 4511 948062 1
7020 4431 948072 1
7038 4369 948082 1
7069 4318 948092 1
7121 4313 948102 1
7186 4332 948112 1
7281 4367 948122 1
7405 4415 948132 1
7548 4470 948142 1
7720 4529 948152 1
7916 4585 948162 1
8128 4640 948172 1
8331 4691 948182 1
8505 4723 948192 1
8660 4742 948202 1
8783 4727 948212 1
8888 4663 948222 1
8981 4567 948232 1
9072 4481 948242 1
9195 4424 948252 1
9338 4386 948262 1
9524 4426 948272 1
9713 4514 948282 1
9908 4633 948292 1
10101 4743 948302 1
10300 4862 948312 1
10505 4987 948322 1
10742 5079 948332 1
10982 5167 948342 1
11194 5188 948352 1
11386 5166 948362 1
11515 5093 948372 1
11595 4993 948382 1
11642 4875 948392 1
11663 4730 948402 1
11671 4558 948412 1
11671 4368 948422 1
11640 4115 948432 1
11562 3797 948442 1
11452 3436 948452 1
11268 3045 948462 1
11043 2679 948472 1
10790 2331 948482 1
10550 2018 948492 1
10305 1784 948502 1
10050 1604 948512 1
9791 1515 948522 1
9469 1499 948532 1
9047 1533 948542 1
8558 1584 948552 1
7975 1653 948562 1
7318 1734 948572 1
6612 1835 948582 1
5901 1942 948592 1
5220 2053 948602 1
4560 2172 948612 1
3912 2302 948622 1
3345 2440 948632 1
2831 2546 948642 1
2411 2621 948652 1
2114 2675 948662 1
1900 2721 948672 1
1839 2751 948682 1
1923 2770 948692 1
2103 2842 948702 1
2490 2919 948712 1
3036 3000 948722 1
3689 3089 948732 1
4464 3193 948742 1
5324 3307 948752 1
6241 3415 948762 1
7144 3520 948772 1
7999 3618 948782 1
8823 3711 948792 1
9528 3777 948802 1
10096 3825 948812 1
10572 3815 948822 1
10943 3788 948832 1
11243 3749 948842 1
11495 3715 948852 1
11664 3691 948862 1
11790 3675 948872 1
11888 3675 948882 1
11955 3693 948892 1
