233
1222 6777 682952 0
1144 6640 682962 1
1066 6650 682972 1
962 6656 682982 1
962 6674 682992 1
1041 6701 683002 1
1168 6798 683012 1
1306 6939 683022 1
1484 7109 683032 1
1689 7294 683042 1
1891 7428 683052 1
2093 7529 683062 1
2236 7551 683072 1
2339 7480 683082 1
2339 7480 683092 5
2458 7054 683102 5
2487 6600 683112 5
2521 6040 683122 5
2554 5430 683132 5
2583 4878 683142 5
2577 4366 683152 5
2551 4000 683162 5
2510 3765 683172 5
2491 3618 683182 5
2491 3593 683192 5
2529 3645 683202 5
2609 3749 683212 5
2715 3962 683222 5
2715 3962 683232 1
3650 6229 683292 0
3997 6957 683302 1
4126 7194 683312 1
4208 7288 683322 1
4261 7288 683332 1
4261 7288 683342 5
4325 7029 683352 5
4340 6748 683362 5
4345 6386 683372 5
4335 5943 683382 5
4318 5447 683392 5
4296 4953 683402 5
4269 4489 683412 5
4234 4046 683422 5
4194 3672 683432 5
4156 3392 683442 5
4138 3176 683452 5
4138 3054 683462 5
4159 3016 683472 5
4206 3033 683482 5
4267 3142 683492 5
4337 3351 683502 5
4408 3626 683512 5
4408 3626 683522 1
4534 4355 683532 1
4561 4781 683542 1
4542 5196 683552 1
4493 5538 683562 1
4401 5832 683572 1
4264 6017 683582 1
4098 6098 683592 1
3908 6109 683602 1
3676 6045 683612 1
3417 5908 683622 1
3137 5722 683632 1
2861 5518 683642 1
2588 5300 683652 1
2352 5072 683662 1
2217 4884 683672 1
2149 4711 683682 1
2189 4549 683692 1
2342 4370 683702 1
2571 4198 683712 1
2877 4030 683722 1
3239 3926 683732 1
3239 3926 683742 5
4043 3875 683752 5
4475 3921 683762 5
4925 3989 683772 5
5314 4073 683782 5
5688 4173 683792 5
6053 4272 683802 5
6394 4430 683812 5
6683 4627 683822 5
6937 4823 683832 5
7114 5010 683842 5
7225 5183 683852 5
7293 5349 683862 5
7268 5509 683872 5
7268 5509 683882 1
7268 5509 683892 5
6821 5764 683902 5
6583 5651 683912 5
6321 5455 683922 5
6099 5211 683932 5
5965 4963 683942 5
5890 4713 683952 5
5879 4506 683962 5
5925 4336 683972 5
6009 4191 683982 5
6146 4141 683992 5
6322 4204 684002 5
6524 4343 684012 5
6728 4576 684022 5
6934 4821 684032 5
7097 5075 684042 5
7231 5286 684052 5
7335 5456 684062 5
7392 5600 684072 5
7418 5619 684082 5
7424 5554 684092 5
7424 5434 684102 5
7430 5186 684112 5
7474 4962 684122 5
7542 4755 684132 5
7625 4597 684142 5
7736 4506 684152 5
7872 4460 684162 5
8024 4473 684172 5
8206 4585 684182 5
8390 4762 684192 5
8575 4963 684202 5
8716 5133 684212 5
8819 5283 684222 5
8896 5407 684232 5
8906 5432 684242 5
8906 5391 684252 5
8889 5258 684262 5
8874 5119 684272 5
8893 4975 684282 5
8935 4878 684292 5
8992 4821 684302 5
9051 4790 684312 5
9152 4796 684322 5
9279 4871 684332 5
9402 4991 684342 5
9508 5113 684352 5
9602 5230 684362 5
9660 5339 684372 5
9695 5396 684382 5
9714 5418 684392 5
9719 5410 684402 5
9728 5333 684412 5
9742 5211 684422 5
9773 5113 684432 5
9817 5036 684442 5
9859 4973 684452 5
9929 4948 684462 5
10018 4969 684472 5
10090 5021 684482 5
10161 5108 684492 5
10231 5206 684502 5
10281 5311 684512 5
10320 5401 684522 5
10331 5477 684532 5
10336 5545 684542 5
10336 5567 684552 5
10336 5548 684562 5
10350 5501 684572 5
10404 5437 684582 5
10478 5381 684592 5
10573 5331 684602 5
10692 5306 684612 5
10828 5306 684622 5
10974 5318 684632 5
11120 5344 684642 5
11229 5368 684652 5
11313 5390 684662 5
11355 5379 684672 5
11371 5302 684682 5
11371 5180 684692 5
11314 4999 684702 5
11279 4776 684712 5
11259 4526 684722 5
11237 4291 684732 5
11187 4052 684742 5
11117 3845 684752 5
11044 3661 684762 5
10949 3512 684772 5
10839 3381 684782 5
10706 3261 684792 5
10527 3136 684802 5
10318 3021 684812 5
10080 2913 684822 5
9787 2827 684832 5
9458 2744 684842 5
9084 2662 684852 5
8670 2604 684862 5
8230 2577 684872 5
7789 2572 684882 5
7325 2622 684892 5
7325 2622 684902 1
6391 2816 684912 1
5962 2904 684922 1
5549 2959 684932 1
5141 2991 684942 1
4756 3006 684952 1
4387 3015 684962 1
4071 3020 684972 1
3862 3029 684982 1
3723 3058 684992 1
3673 3100 685002 1
3712 3191 685012 1
3809 3324 685022 1
3987 3485 685032 1
4258 3655 685042 1
4590 3839 685052 1
4980 4033 685062 1
5441 4200 685072 1
5948 4313 685082 1
5948 4313 685092 5
7001 4370 685102 5
7580 4297 685112 5
8166 4188 685122 5
8762 4114 685132 5
9365 4050 685142 5
9972 3993 685152 5
10544 3936 685162 5
11092 3879 685172 5
11593 3821 685182 5
11958 3747 685192 5
12231 3647 685202 5
12454 3529 685212 5
12599 3419 685222 5
12691 3319 685232 5
12699 3227 685242 5
12699 3159 685252 5
12699 3129 685262 5
12699 3129 685272 5
12699 3129 685282 1
12699 3156 685292 1
12699 3195 685302 1
12699 3248 685312 1
12699 3299 685322 1
