180
1689 6744 1455522 0
1622 6676 1455532 1
1582 6644 1455542 1
1538 6607 1455552 1
1505 6579 1455562 1
1476 6559 1455572 1
1465 6559 1455582 1
1465 6568 1455592 1
1480 6590 1455602 1
1545 6659 1455612 1
1644 6761 1455622 1
1781 6885 1455632 1
1932 7014 1455642 1
2092 7131 1455652 1
2229 7200 1455662 1
2326 7241 1455672 1
2397 7225 1455682 1
2435 7147 1455692 1
2446 7029 1455702 1
2440 6810 1455712 1
2415 6538 1455722 1
2375 6231 1455732 1
2324 5866 1455742 1
2246 5430 1455752 1
2172 4946 1455762 1
2105 4525 1455772 1
2041 4233 1455782 1
2005 4026 1455792 1
1994 3945 1455802 1
2000 3917 1455812 1
2016 3925 1455822 1
2052 3950 1455832 1
4052 6668 1455993 0
4155 6704 1456003 1
4155 6769 1456013 1
4162 6763 1456023 1
4205 6689 1456033 1
4228 6569 1456043 1
4235 6345 1456053 1
4235 6020 1456063 1
4213 5627 1456073 1
4168 5158 1456083 1
4109 4685 1456093 1
4086 4312 1456103 1
4068 4006 1456113 1
4076 3789 1456123 1
4099 3658 1456133 1
4135 3584 1456143 1
4173 3592 1456153 1
4215 3658 1456163 1
4224 3764 1456173 1
4210 3911 1456183 1
4150 4058 1456193 1
4051 4202 1456203 1
3927 4350 1456213 1
3777 4500 1456223 1
3591 4659 1456233 1
3380 4846 1456243 1
3150 5053 1456253 1
2905 5251 1456263 1
2649 5374 1456273 1
2369 5447 1456283 1
2084 5389 1456293 1
1796 5271 1456303 1
1561 5114 1456313 1
1426 5012 1456323 1
1358 4943 1456333 1
1358 4897 1456343 1
1465 4826 1456353 1
1647 4707 1456363 1
1933 4557 1456373 1
2306 4383 1456383 1
2736 4209 1456393 1
3160 4111 1456403 1
3596 4065 1456413 1
4041 4121 1456423 1
4468 4234 1456433 1
4864 4385 1456443 1
5238 4517 1456453 1
5560 4629 1456463 1
5812 4727 1456473 1
6017 4807 1456483 1
6143 4858 1456493 1
6195 4889 1456503 1
6195 4889 1456513 1
6128 4851 1456523 1
6003 4794 1456533 1
5841 4701 1456543 1
5638 4574 1456553 1
5476 4424 1456563 1
5342 4255 1456573 1
5281 4111 1456583 1
5296 3984 1456593 1
5362 3897 1456603 1
5504 3860 1456613 1
5702 3860 1456623 1
5938 3891 1456633 1
6172 3943 1456643 1
6410 4007 1456653 1
6619 4063 1456663 1
6807 4117 1456673 1
6975 4187 1456683 1
7137 4268 1456693 1
7296 4373 1456703 1
7458 4476 1456713 1
7604 4577 1456723 1
7738 4628 1456733 1
7858 4603 1456743 1
7950 4527 1456753 1
8022 4420 1456763 1
8082 4312 1456773 1
8144 4204 1456783 1
8208 4135 1456793 1
8277 4090 1456803 1
8357 4078 1456813 1
8461 4094 1456823 1
8579 4130 1456833 1
8706 4167 1456843 1
8857 4203 1456853 1
9024 4237 1456863 1
9199 4274 1456873 1
9377 4312 1456883 1
9562 4344 1456893 1
9749 4374 1456903 1
9935 4356 1456913 1
10108 4306 1456923 1
10251 4217 1456933 1
10379 4127 1456943 1
10514 4051 1456953 1
10650 3984 1456963 1
10791 3958 1456973 1
10936 3969 1456983 1
11090 4004 1456993 1
11247 4060 1457003 1
11382 4132 1457013 1
11483 4215 1457023 1
11562 4273 1457033 1
11585 4273 1457043 1
11567 4231 1457053 1
11521 4133 1457063 1
11425 3986 1457073 1
11298 3807 1457083 1
11150 3571 1457093 1
10941 3280 1457103 1
10686 2952 1457113 1
10401 2578 1457123 1
10061 2216 1457133 1
9669 1861 1457143 1
9242 1552 1457153 1
8815 1333 1457163 1
8340 1175 1457173 1
7834 1097 1457183 1
7281 1104 1457193 1
6743 1167 1457203 1
6216 1298 1457213 1
5695 1469 1457223 1
5161 1667 1457233 1
4618 1883 1457243 1
4061 2095 1457253 1
3534 2301 1457263 1
3026 2432 1457273 1
2637 2514 1457283 1
2387 2529 1457293 1
2230 2553 1457303 1
2251 2583 1457313 1
2448 2692 1457323 1
2761 2826 1457333 1
3247 2978 1457343 1
3897 3094 1457353 1
4657 3160 1457363 1
5533 3194 1457373 1
6458 3171 1457383 1
7416 3127 1457393 1
8384 3068 1457403 1
9339 3005 1457413 1
10151 2937 1457423 1
10872 2896 1457433 1
11473 2874 1457443 1
11903 2879 1457453 1
12220 2910 1457463 1
