247
3211 7076 677273 0
1439 6649 677484 0
1405 6531 677494 1
1375 6523 677504 1
1337 6540 677514 1
1344 6546 677524 1
1382 6546 677534 1
1475 6590 677544 1
1613 6651 677554 1
1780 6724 677564 1
1973 6787 677574 1
2186 6845 677584 1
2412 6897 677594 1
2605 6946 677604 1
2740 6946 677614 1
2740 6946 677624 5
2888 6802 677634 5
2909 6610 677644 5
2909 6265 677654 5
2909 5819 677664 5
2876 5385 677674 5
2831 4938 677684 5
2774 4482 677694 5
2703 4077 677704 5
2623 3792 677714 5
2542 3586 677724 5
2511 3519 677734 5
2511 3543 677744 5
2565 3627 677754 5
2659 3870 677764 5
2781 4151 677774 5
2781 4151 677784 4
3052 4748 677794 4
4170 7244 677884 0
4441 7342 677894 1
4406 7350 677904 1
4416 7322 677914 1
4416 7322 677924 5
4441 7154 677934 5
4450 7020 677944 5
4457 6807 677954 5
4457 6522 677964 5
4445 6188 677974 5
4432 5739 677984 5
4427 5295 677994 5
4427 4855 678004 5
4427 4449 678014 5
4434 4134 678024 5
4434 3881 678034 5
4434 3722 678044 5
4445 3630 678054 5
4470 3583 678064 5
4503 3572 678074 5
4549 3604 678084 5
4607 3666 678094 5
4674 3813 678104 5
4751 4017 678114 5
4815 4258 678124 5
4815 4258 678134 1
4885 4889 678144 1
4885 5214 678154 1
4885 5214 678164 5
4791 5656 678174 5
4695 5771 678184 5
4544 5833 678194 5
4355 5838 678204 5
4121 5806 678214 5
3857 5724 678224 5
3572 5608 678234 5
3243 5470 678244 5
2962 5289 678254 5
2712 5105 678264 5
2499 4919 678274 5
2375 4694 678284 5
2310 4479 678294 5
2318 4272 678304 5
2405 4048 678314 5
2545 3838 678324 5
2771 3638 678334 5
3061 3525 678344 5
3393 3482 678354 5
3799 3487 678364 5
4196 3558 678374 5
4586 3656 678384 5
4981 3772 678394 5
5341 3918 678404 5
5678 4089 678414 5
5958 4276 678424 5
6192 4479 678434 5
6394 4671 678444 5
6548 4855 678454 5
6640 5045 678464 5
6691 5238 678474 5
6663 5431 678484 5
6557 5623 678494 5
6398 5712 678504 5
6167 5681 678514 5
5944 5570 678524 5
5725 5359 678534 5
5540 5121 678544 5
5438 4866 678554 5
5390 4633 678564 5
5406 4429 678574 5
5488 4245 678584 5
5613 4095 678594 5
5787 4029 678604 5
5961 4019 678614 5
6134 4065 678624 5
6356 4206 678634 5
6551 4411 678644 5
6728 4618 678654 5
6889 4819 678664 5
6995 4983 678674 5
7065 5126 678684 5
7106 5223 678694 5
7122 5261 678704 5
7122 5261 678714 5
7115 5243 678724 5
7109 5166 678734 5
7120 5048 678744 5
7141 4868 678754 5
7196 4685 678764 5
7288 4542 678774 5
7404 4427 678784 5
7549 4384 678794 5
7726 4411 678804 5
7923 4486 678814 5
8087 4628 678824 5
8236 4783 678834 5
8374 4948 678844 5
8465 5077 678854 5
8523 5187 678864 5
8559 5284 678874 5
8582 5355 678884 5
8598 5420 678894 5
8608 5459 678904 5
8617 5483 678914 5
8622 5492 678924 5
8622 5473 678934 5
8644 5436 678944 5
8666 5312 678954 5
8695 5206 678964 5
8733 5111 678974 5
8783 5055 678984 5
8863 5045 678994 5
8963 5065 679004 5
9069 5134 679014 5
9179 5243 679024 5
9291 5378 679034 5
9398 5486 679044 5
9468 5569 679054 5
9515 5636 679064 5
9534 5673 679074 5
9539 5685 679084 5
9534 5680 679094 5
9521 5674 679104 5
9499 5629 679114 5
9471 5557 679124 5
9444 5458 679134 5
9426 5371 679144 5
9437 5291 679154 5
9465 5246 679164 5
9518 5237 679174 5
9595 5253 679184 5
9687 5316 679194 5
9784 5406 679204 5
9880 5513 679214 5
9952 5603 679224 5
10009 5678 679234 5
10031 5743 679244 5
10039 5791 679254 5
10039 5809 679264 5
10039 5809 679274 5
10039 5796 679284 5
10049 5752 679294 5
10060 5687 679304 5
10070 5596 679314 5
10078 5503 679324 5
10089 5377 679334 5
10103 5230 679344 5
10116 5038 679354 5
10127 4842 679364 5
10120 4636 679374 5
10139 4426 679384 5
10175 4253 679394 5
10190 4095 679404 5
10190 3947 679414 5
10170 3841 679424 5
10121 3730 679434 5
10030 3611 679444 5
9911 3483 679454 5
9739 3345 679464 5
9536 3202 679474 5
9311 3059 679484 5
9063 2943 679494 5
8787 2842 679504 5
8493 2768 679514 5
8171 2712 679524 5
7852 2669 679534 5
7496 2664 679544 5
7496 2664 679554 1
6740 2766 679564 1
6345 2838 679574 1
5935 2910 679584 1
5546 2955 679594 1
5184 2981 679604 1
4841 2996 679614 1
4529 3008 679624 1
4274 3018 679634 1
4058 3027 679644 1
3909 3047 679654 1
3827 3073 679664 1
3789 3114 679674 1
3797 3185 679684 1
3867 3277 679694 1
3977 3402 679704 1
4179 3536 679714 1
4456 3675 679724 1
4784 3819 679734 1
5149 3948 679744 1
5573 4013 679754 1
5573 4013 679764 5
6512 4011 679774 5
6994 3965 679784 5
7479 3909 679794 5
7997 3884 679804 5
8490 3868 679814 5
8967 3859 679824 5
9413 3837 679834 5
9830 3793 679844 5
10228 3734 679854 5
10569 3666 679864 5
10834 3596 679874 5
11048 3514 679884 5
11254 3478 679894 5
11409 3478 679904 5
11530 3493 679914 5
11608 3506 679924 5
11667 3539 679934 5
11714 3588 679944 5
11738 3610 679954 5
11743 3618 679964 5
11736 3618 679974 5
11696 3607 679984 5
11626 3573 679994 5
11535 3523 680004 5
11414 3494 680014 5
