246
3613 4985 1350772 0
3613 4985 1350782 1
3521 4954 1350792 1
3506 4979 1350802 1
3530 4970 1350812 1
3575 5006 1350822 1
3667 5073 1350832 1
3790 5176 1350842 1
3911 5294 1350852 1
4059 5421 1350862 1
4224 5551 1350872 1
4387 5676 1350882 1
4547 5788 1350892 1
4704 5875 1350902 1
4844 5946 1350912 1
4946 5957 1350922 1
5022 5928 1350932 1
5079 5872 1350942 1
5119 5772 1350952 1
5148 5668 1350962 1
5154 5519 1350972 1
5138 5342 1350982 1
5108 5129 1350992 1
5058 4892 1351002 1
4989 4639 1351012 1
4906 4392 1351022 1
4814 4140 1351032 1
4709 3957 1351042 1
4596 3822 1351052 1
4483 3711 1351062 1
4367 3638 1351072 1
4217 3591 1351082 1
4045 3573 1351092 1
3884 3578 1351102 1
3724 3599 1351112 1
3563 3658 1351122 1
3450 3753 1351132 1
3371 3872 1351142 1
3365 3999 1351152 1
3467 4177 1351162 1
6314 5918 1351803 0
6372 6046 1351813 1
6382 6099 1351823 1
6382 6120 1351833 1
6390 6139 1351843 1
6396 6150 1351853 1
6396 6150 1351863 1
6401 6150 1351873 1
6401 6138 1351883 1
6407 6073 1351893 1
6385 5972 1351903 1
6346 5775 1351913 1
6278 5531 1351923 1
6194 5257 1351933 1
6100 4933 1351943 1
6024 4598 1351953 1
5952 4255 1351963 1
5886 3968 1351973 1
5847 3743 1351983 1
5826 3560 1351993 1
5789 3432 1352003 1
5751 3345 1352013 1
5715 3285 1352023 1
5675 3263 1352033 1
5637 3272 1352043 1
5592 3303 1352053 1
5545 3381 1352063 1
5500 3493 1352073 1
5460 3627 1352083 1
5429 3797 1352093 1
5414 3970 1352103 1
5414 4144 1352113 1
5406 4266 1352123 1
5392 4348 1352133 1
5370 4404 1352143 1
5325 4454 1352153 1
5240 4501 1352163 1
5129 4529 1352173 1
4985 4546 1352183 1
4832 4546 1352193 1
4672 4540 1352203 1
4505 4540 1352213 1
4360 4540 1352223 1
4253 4546 1352233 1
4163 4559 1352243 1
4128 4559 1352253 1
4128 4553 1352263 1
4155 4536 1352273 1
4210 4472 1352283 1
4281 4372 1352293 1
4363 4249 1352303 1
4445 4127 1352313 1
4551 4019 1352323 1
4672 3920 1352333 1
4825 3857 1352343 1
5015 3857 1352353 1
5230 3901 1352363 1
5465 3991 1352373 1
5700 4102 1352383 1
5934 4228 1352393 1
6159 4366 1352403 1
6379 4481 1352413 1
6580 4580 1352423 1
6766 4653 1352433 1
6942 4708 1352443 1
7072 4750 1352453 1
7180 4781 1352463 1
7274 4812 1352473 1
7351 4844 1352483 1
7409 4877 1352493 1
7455 4916 1352503 1
7488 4959 1352513 1
7508 5005 1352523 1
7520 5049 1352533 1
7520 5087 1352543 1
7506 5122 1352553 1
7479 5154 1352563 1
7427 5184 1352573 1
7356 5207 1352583 1
7273 5224 1352593 1
7176 5238 1352603 1
7102 5252 1352613 1
7042 5252 1352623 1
7022 5252 1352633 1
7022 5244 1352643 1
7028 5175 1352653 1
7028 5067 1352663 1
7022 4928 1352673 1
7002 4782 1352683 1
6971 4632 1352693 1
6940 4515 1352703 1
6930 4397 1352713 1
6935 4297 1352723 1
6974 4209 1352733 1
7059 4172 1352743 1
7175 4198 1352753 1
7355 4265 1352763 1
7535 4377 1352773 1
7718 4494 1352783 1
7906 4614 1352793 1
8053 4736 1352803 1
8170 4856 1352813 1
8267 4909 1352823 1
8321 4919 1352833 1
8347 4903 1352843 1
8361 4883 1352853 1
8376 4836 1352863 1
8391 4773 1352873 1
8422 4720 1352883 1
8477 4679 1352893 1
8548 4646 1352903 1
8650 4646 1352913 1
8777 4670 1352923 1
8920 4707 1352933 1
9042 4733 1352943 1
9155 4757 1352953 1
9262 4776 1352963 1
9373 4796 1352973 1
9463 4814 1352983 1
9540 4828 1352993 1
9607 4840 1353003 1
9678 4858 1353013 1
9758 4880 1353023 1
9857 4895 1353033 1
9968 4908 1353043 1
10062 4899 1353053 1
10140 4876 1353063 1
10208 4848 1353073 1
10269 4818 1353083 1
10324 4786 1353093 1
10374 4786 1353103 1
10434 4809 1353113 1
10494 4848 1353123 1
10554 4905 1353133 1
10605 4977 1353143 1
10651 5058 1353153 1
10675 5131 1353163 1
10675 5200 1353173 1
10666 5240 1353183 1
10657 5263 1353193 1
10649 5263 1353203 1
10639 5222 1353213 1
10600 5152 1353223 1
10543 5023 1353233 1
10467 4853 1353243 1
10380 4655 1353253 1
10285 4420 1353263 1
10173 4133 1353273 1
10055 3811 1353283 1
9934 3484 1353293 1
9817 3189 1353303 1
9723 2916 1353313 1
9643 2659 1353323 1
9571 2463 1353333 1
9490 2308 1353343 1
9402 2127 1353353 1
9293 1966 1353363 1
9171 1819 1353373 1
9041 1704 1353383 1
8894 1635 1353393 1
8722 1596 1353403 1
8533 1609 1353413 1
8310 1673 1353423 1
8060 1772 1353433 1
7791 1881 1353443 1
7458 1987 1353453 1
7115 2063 1353463 1
6764 2121 1353473 1
6403 2140 1353483 1
6099 2165 1353493 1
5834 2195 1353503 1
5596 2259 1353513 1
5411 2340 1353523 1
5260 2433 1353533 1
5151 2552 1353543 1
5095 2627 1353553 1
5073 2673 1353563 1
5065 2694 1353573 1
5065 2694 1353583 1
5081 2688 1353593 1
5116 2709 1353603 1
5231 2728 1353613 1
5400 2745 1353623 1
5651 2796 1353633 1
5974 2845 1353643 1
6345 2892 1353653 1
6773 2960 1353663 1
7243 3040 1353673 1
7741 3132 1353683 1
8257 3254 1353693 1
8791 3395 1353703 1
9336 3516 1353713 1
9854 3619 1353723 1
10306 3709 1353733 1
10715 3772 1353743 1
11055 3801 1353753 1
11321 3807 1353763 1
11538 3800 1353773 1
11662 3792 1353783 1
11728 3792 1353793 1
11756 3799 1353803 1
11735 3810 1353813 1
11672 3827 1353823 1
11581 3848 1353833 1
11436 3830 1353843 1
11283 3806 1353853 1
