186
1268 6919 978456 0
1268 6919 978466 1
1212 6819 978476 1
1205 6819 978486 1
1205 6819 978496 1
1205 6819 978506 1
1218 6840 978516 1
1259 6876 978526 1
1318 6948 978536 1
1411 7026 978546 1
1523 7108 978556 1
1647 7152 978566 1
1757 7163 978576 1
1841 7153 978586 1
1908 7114 978596 1
1944 7004 978606 1
1944 6847 978616 1
1929 6611 978626 1
1901 6274 978636 1
1874 5871 978646 1
1847 5448 978656 1
1815 5060 978666 1
1779 4695 978676 1
1756 4448 978686 1
1738 4269 978696 1
1730 4135 978706 1
1730 4066 978716 1
1730 4044 978726 1
1738 4054 978736 1
1763 4075 978746 1
1802 4146 978756 1
3767 7042 978927 0
4050 7136 978937 1
4008 7112 978947 1
3960 7081 978957 1
3938 6847 978967 1
3933 6534 978977 1
3943 6169 978987 1
3959 5770 978997 1
3997 5346 979007 1
4047 4905 979017 1
4095 4476 979027 1
4133 4138 979037 1
4163 3860 979047 1
4173 3702 979057 1
4179 3619 979067 1
4179 3586 979077 1
4184 3593 979087 1
4191 3646 979097 1
4201 3730 979107 1
4187 3848 979117 1
4138 3993 979127 1
4066 4155 979137 1
3965 4384 979147 1
3837 4617 979157 1
3692 4867 979167 1
3513 5128 979177 1
3321 5329 979187 1
3120 5448 979197 1
2885 5513 979207 1
2650 5499 979217 1
2403 5430 979227 1
2149 5325 979237 1
1936 5227 979247 1
1799 5166 979257 1
1713 5130 979267 1
1681 5099 979277 1
1727 5063 979287 1
1824 4935 979297 1
2019 4747 979307 1
2279 4583 979317 1
2582 4455 979327 1
2924 4351 979337 1
3298 4324 979347 1
3692 4351 979357 1
4039 4413 979367 1
4375 4483 979377 1
4703 4550 979387 1
4992 4612 979397 1
5245 4670 979407 1
5474 4744 979417 1
5630 4829 979427 1
5714 4914 979437 1
5750 4996 979447 1
5719 5044 979457 1
5635 5071 979467 1
5515 5047 979477 1
5365 4958 979487 1
5210 4827 979497 1
5051 4666 979507 1
4938 4531 979517 1
4871 4413 979527 1
4834 4307 979537 1
4860 4229 979547 1
4967 4171 979557 1
5127 4142 979567 1
5357 4174 979577 1
5592 4246 979587 1
5833 4356 979597 1
6033 4466 979607 1
6205 4550 979617 1
6375 4618 979627 1
6535 4640 979637 1
6687 4645 979647 1
6852 4639 979657 1
7018 4617 979667 1
7186 4574 979677 1
7357 4516 979687 1
7501 4478 979697 1
7627 4456 979707 1
7742 4445 979717 1
7859 4468 979727 1
7981 4507 979737 1
8111 4558 979747 1
8272 4618 979757 1
8453 4675 979767 1
8642 4731 979777 1
8836 4774 979787 1
9037 4774 979797 1
9240 4736 979807 1
9444 4671 979817 1
9646 4615 979827 1
9848 4565 979837 1
10051 4565 979847 1
10228 4599 979857 1
10395 4665 979867 1
10554 4713 979877 1
10678 4757 979887 1
10777 4795 979897 1
10860 4811 979907 1
10939 4811 979917 1
11021 4797 979927 1
11104 4751 979937 1
11192 4685 979947 1
11280 4607 979957 1
11378 4496 979967 1
11481 4363 979977 1
11554 4193 979987 1
11567 3988 979997 1
11539 3759 980007 1
11408 3498 980017 1
11205 3240 980027 1
10954 2983 980037 1
10675 2713 980047 1
10368 2441 980057 1
10043 2169 980067 1
9730 1934 980077 1
9423 1722 980087 1
9098 1566 980097 1
8758 1485 980107 1
8351 1453 980117 1
7868 1459 980127 1
7335 1490 980137 1
6756 1539 980147 1
6158 1620 980157 1
5546 1744 980167 1
4922 1897 980177 1
4322 2102 980187 1
3738 2338 980197 1
3194 2595 980207 1
2716 2822 980217 1
2282 2970 980227 1
1916 3065 980237 1
1645 3101 980247 1
1437 3115 980257 1
1347 3115 980267 1
1372 3132 980277 1
1473 3193 980287 1
1774 3283 980297 1
2234 3388 980307 1
2801 3499 980317 1
3478 3613 980327 1
4251 3740 980337 1
5088 3853 980347 1
5880 3956 980357 1
6644 4037 980367 1
7389 4097 980377 1
8136 4143 980387 1
8804 4170 980397 1
9418 4192 980407 1
9960 4209 980417 1
10371 4233 980427 1
10695 4261 980437 1
10885 4281 980447 1
10962 4298 980457 1
10962 4293 980467 1
