202
1425 6543 989703 0
1425 6543 989713 1
1425 6543 989723 1
1356 6552 989733 1
1342 6560 989743 1
1342 6567 989753 1
1358 6588 989763 1
1393 6642 989773 1
1470 6719 989783 1
1575 6804 989793 1
1698 6886 989803 1
1817 6962 989813 1
1927 7006 989823 1
2031 7032 989833 1
2119 7046 989843 1
2180 7038 989853 1
2223 7015 989863 1
2248 6963 989873 1
2258 6783 989883 1
2258 6519 989893 1
2247 6070 989903 1
2247 5533 989913 1
2247 4938 989923 1
2247 4455 989933 1
2224 4101 989943 1
2176 3834 989953 1
2125 3631 989963 1
2075 3492 989973 1
2043 3397 989983 1
2024 3355 989993 1
2024 3355 990003 1
2083 3394 990013 1
2171 3477 990023 1
3366 6237 990123 0
3814 6524 990133 1
3864 6579 990143 1
3898 6610 990153 1
3921 6589 990163 1
3921 6533 990173 1
3908 6325 990183 1
3879 5985 990193 1
3854 5557 990203 1
3830 5056 990213 1
3811 4594 990223 1
3799 4158 990233 1
3791 3864 990243 1
3806 3666 990253 1
3834 3532 990263 1
3869 3487 990273 1
3903 3482 990283 1
3937 3504 990293 1
3949 3542 990303 1
3949 3611 990313 1
3894 3702 990323 1
3790 3860 990333 1
3650 4050 990343 1
3464 4261 990353 1
3260 4516 990363 1
3043 4766 990373 1
2831 4953 990383 1
2598 5099 990393 1
2351 5174 990403 1
2093 5196 990413 1
1843 5182 990423 1
1659 5126 990433 1
1517 5063 990443 1
1463 4996 990453 1
1463 4921 990463 1
1509 4798 990473 1
1649 4642 990483 1
1848 4491 990493 1
2086 4361 990503 1
2382 4245 990513 1
2697 4130 990523 1
3025 4043 990533 1
3394 3976 990543 1
3747 3951 990553 1
4090 3963 990563 1
4421 4000 990573 1
4721 4072 990583 1
5001 4154 990593 1
5247 4243 990603 1
5434 4345 990613 1
5581 4444 990623 1
5668 4536 990633 1
5695 4618 990643 1
5682 4693 990653 1
5619 4750 990663 1
5515 4796 990673 1
5384 4791 990683 1
5221 4733 990693 1
5056 4641 990703 1
4889 4541 990713 1
4753 4421 990723 1
4668 4288 990733 1
4618 4174 990743 1
4634 4045 990753 1
4742 3907 990763 1
4910 3730 990773 1
5097 3622 990783 1
5325 3560 990793 1
5580 3538 990803 1
5834 3583 990813 1
6075 3674 990823 1
6298 3801 990833 1
6523 3927 990843 1
6733 4049 990853 1
6936 4164 990863 1
7122 4281 990873 1
7295 4401 990883 1
7458 4499 990893 1
7580 4550 990903 1
7660 4570 990913 1
7712 4531 990923 1
7735 4391 990933 1
7735 4184 990943 1
7716 3988 990953 1
7706 3851 990963 1
7719 3754 990973 1
7747 3719 990983 1
7832 3739 990993 1
7965 3795 991003 1
8131 3906 991013 1
8310 4011 991023 1
8490 4113 991033 1
8642 4186 991043 1
8775 4228 991053 1
8900 4249 991063 1
9006 4249 991073 1
9100 4212 991083 1
9189 4160 991093 1
9274 4079 991103 1
9356 3997 991113 1
9436 3915 991123 1
9510 3853 991133 1
9579 3802 991143 1
9655 3802 991153 1
9756 3844 991163 1
9873 3904 991173 1
10030 3988 991183 1
10188 4088 991193 1
10370 4199 991203 1
10568 4358 991213 1
10739 4493 991223 1
10876 4613 991233 1
10989 4700 991243 1
11060 4741 991253 1
11107 4752 991263 1
11137 4752 991273 1
11174 4719 991283 1
11204 4667 991293 1
11230 4555 991303 1
11214 4363 991313 1
11137 4117 991323 1
11018 3750 991333 1
10863 3326 991343 1
10713 2864 991353 1
10565 2384 991363 1
10446 1954 991373 1
10344 1558 991383 1
10252 1297 991393 1
10145 1127 991403 1
9988 1017 991413 1
9798 959 991423 1
9568 930 991433 1
9284 920 991443 1
8965 959 991453 1
8603 1053 991463 1
8178 1183 991473 1
7711 1348 991483 1
7168 1491 991493 1
6535 1619 991503 1
5843 1746 991513 1
5082 1844 991523 1
4350 1924 991533 1
3637 2025 991543 1
3029 2161 991553 1
2576 2320 991563 1
2226 2451 991573 1
1995 2550 991583 1
1899 2627 991593 1
1892 2655 991603 1
1984 2682 991613 1
2213 2708 991623 1
2534 2734 991633 1
2994 2776 991643 1
3607 2829 991653 1
4322 2887 991663 1
5195 2976 991673 1
6120 3087 991683 1
7079 3231 991693 1
8025 3344 991703 1
8917 3437 991713 1
9774 3502 991723 1
10572 3530 991733 1
11258 3530 991743 1
11870 3510 991753 1
12294 3483 991763 1
12487 3452 991773 1
12526 3427 991783 1
12377 3407 991793 1
12120 3391 991803 1
