320
1998 5104 845676 0
1998 5104 845686 1
1976 5214 845696 1
2003 5276 845706 1
2041 5376 845716 1
2095 5483 845726 1
2151 5596 845736 1
2212 5696 845746 1
2274 5796 845756 1
2333 5869 845766 1
2391 5926 845776 1
2458 5952 845786 1
2530 5946 845796 1
2610 5919 845806 1
2693 5823 845816 1
2753 5637 845826 1
2799 5390 845836 1
2830 5089 845846 1
2857 4821 845856 1
2882 4576 845866 1
2906 4376 845876 1
2930 4207 845886 1
2955 4060 845896 1
2979 3927 845906 1
3004 3820 845916 1
3029 3730 845926 1
3048 3710 845936 1
3792 6149 846166 0
3811 6013 846176 1
3828 5895 846186 1
3844 5758 846196 1
3862 5618 846206 1
3881 5454 846216 1
3907 5274 846226 1
3933 5107 846236 1
3960 4965 846246 1
3989 4839 846256 1
4017 4726 846266 1
4036 4621 846276 1
4049 4521 846286 1
4056 4430 846296 1
4044 4338 846306 1
4019 4228 846316 1
4004 4106 846326 1
3985 4056 846336 1
3956 4005 846346 1
3922 3954 846356 1
3876 3911 846366 1
3818 3872 846376 1
3753 3837 846386 1
3656 3812 846396 1
3559 3789 846406 1
3459 3770 846416 1
3357 3751 846426 1
3253 3729 846436 1
3145 3707 846446 1
3034 3688 846456 1
2922 3682 846466 1
2813 3682 846476 1
2709 3688 846486 1
2581 3706 846496 1
2437 3734 846506 1
2319 3766 846516 1
2207 3798 846526 1
2116 3830 846536 1
2038 3863 846546 1
1983 3894 846556 1
1949 3925 846566 1
1930 3967 846576 1
1930 4030 846586 1
1951 4108 846596 1
1989 4201 846606 1
2059 4309 846616 1
2146 4426 846626 1
2245 4536 846636 1
2363 4645 846646 1
2506 4755 846656 1
2666 4863 846666 1
2812 4969 846676 1
2976 5057 846686 1
3152 5143 846696 1
3305 5212 846706 1
3451 5270 846716 1
3591 5308 846726 1
3735 5343 846736 1
3855 5370 846746 1
3959 5392 846756 1
4076 5408 846766 1
4193 5418 846776 1
4297 5423 846786 1
4392 5428 846796 1
4487 5433 846806 1
4582 5438 846816 1
4676 5446 846826 1
4771 5462 846836 1
4855 5483 846846 1
4931 5519 846856 1
5010 5556 846866 1
5091 5595 846876 1
5177 5623 846886 1
5251 5650 846896 1
5316 5671 846906 1
5368 5687 846916 1
5410 5701 846926 1
5446 5714 846936 1
5480 5729 846946 1
5515 5749 846956 1
5551 5771 846966 1
5586 5798 846976 1
5620 5824 846986 1
5652 5847 846996 1
5681 5869 847006 1
5709 5893 847016 1
5733 5915 847026 1
5750 5938 847036 1
5761 5965 847046 1
5761 6000 847056 1
5761 6037 847066 1
5748 6076 847076 1
5727 6115 847086 1
5700 6148 847096 1
5669 6174 847106 1
5635 6190 847116 1
5594 6201 847126 1
5547 6189 847136 1
5496 6162 847146 1
5445 6106 847156 1
5393 6022 847166 1
5353 5920 847176 1
5317 5812 847186 1
5289 5709 847196 1
5268 5610 847206 1
5248 5512 847216 1
5233 5397 847226 1
5226 5281 847236 1
5240 5188 847246 1
5266 5112 847256 1
5306 5046 847266 1
5350 5001 847276 1
5401 4969 847286 1
5453 4969 847296 1
5508 5005 847306 1
5564 5057 847316 1
5624 5126 847326 1
5689 5193 847336 1
5769 5282 847346 1
5857 5387 847356 1
5937 5486 847366 1
6019 5586 847376 1
6107 5705 847386 1
6200 5837 847396 1
6291 5991 847406 1
6368 6125 847416 1
6436 6247 847426 1
6500 6343 847436 1
6564 6424 847446 1
6631 6494 847456 1
6700 6541 847466 1
6771 6573 847476 1
6844 6594 847486 1
6903 6608 847496 1
6952 6619 847506 1
7003 6619 847516 1
7050 6619 847526 1
7095 6599 847536 1
7142 6571 847546 1
7189 6527 847556 1
7233 6480 847566 1
7274 6426 847576 1
7303 6370 847586 1
7316 6313 847596 1
7316 6256 847606 1
7298 6157 847616 1
7257 6024 847626 1
7202 5868 847636 1
7158 5707 847646 1
7118 5578 847656 1
7093 5470 847666 1
7077 5384 847676 1
7077 5323 847686 1
7093 5279 847696 1
7119 5251 847706 1
7158 5243 847716 1
7201 5249 847726 1
7265 5302 847736 1
7340 5375 847746 1
7406 5462 847756 1
7479 5568 847766 1
7566 5683 847776 1
7653 5803 847786 1
7746 5951 847796 1
7844 6067 847806 1
7914 6163 847816 1
7965 6240 847826 1
8009 6315 847836 1
8046 6386 847846 1
8079 6438 847856 1
8102 6478 847866 1
8122 6495 847876 1
8140 6506 847886 1
8155 6506 847896 1
8171 6501 847906 1
8188 6491 847916 1
8196 6476 847926 1
8196 6429 847936 1
8179 6362 847946 1
8156 6262 847956 1
8130 6171 847966 1
8130 6085 847976 1
8155 6017 847986 1
8194 5964 847996 1
8255 5920 848006 1
8327 5893 848016 1
8406 5874 848026 1
8489 5860 848036 1
8576 5860 848046 1
8681 5885 848056 1
8796 5930 848066 1
8923 6005 848076 1
9040 6083 848086 1
9142 6164 848096 1
9248 6306 848106 1
9354 6421 848116 1
9448 6519 848126 1
9533 6598 848136 1
9604 6642 848146 1
9666 6662 848156 1
9723 6662 848166 1
9783 6649 848176 1
9834 6627 848186 1
9880 6578 848196 1
9906 6511 848206 1
9898 6395 848216 1
9868 6248 848226 1
9821 6080 848236 1
9770 5907 848246 1
9715 5736 848256 1
9656 5578 848266 1
9591 5430 848276 1
9523 5256 848286 1
9438 5076 848296 1
9346 4893 848306 1
9249 4690 848316 1
9171 4517 848326 1
9105 4365 848336 1
9047 4218 848346 1
8988 4098 848356 1
8902 3996 848366 1
8797 3853 848376 1
8719 3753 848386 1
8622 3682 848396 1
8513 3616 848406 1
8384 3557 848416 1
8231 3503 848426 1
8061 3447 848436 1
7893 3401 848446 1
7702 3361 848456 1
7495 3330 848466 1
7294 3309 848476 1
7090 3294 848486 1
6883 3277 848496 1
6651 3258 848506 1
6434 3237 848516 1
6228 3213 848526 1
6015 3183 848536 1
5813 3153 848546 1
5618 3122 848556 1
5424 3091 848566 1
5224 3061 848576 1
5021 3037 848586 1
4842 3017 848596 1
4659 3008 848606 1
4472 3008 848616 1
4323 3014 848626 1
4190 3014 848636 1
4068 3028 848646 1
3977 3043 848656 1
3901 3060 848666 1
3835 3077 848676 1
3772 3102 848686 1
3700 3133 848696 1
3622 3168 848706 1
3551 3201 848716 1
3485 3231 848726 1
3429 3256 848736 1
3384 3278 848746 1
3359 3296 848756 1
3346 3312 848766 1
3358 3346 848776 1
3399 3391 848786 1
3459 3448 848796 1
3558 3512 848806 1
3692 3581 848816 1
3848 3660 848826 1
4030 3754 848836 1
4251 3858 848846 1
4497 3968 848856 1
4773 4078 848866 1
5051 4190 848876 1
5329 4303 848886 1
5637 4403 848896 1
5966 4502 848906 1
6309 4601 848916 1
6672 4722 848926 1
7040 4857 848936 1
7417 4979 848946 1
7784 5086 848956 1
8144 5183 848966 1
8521 5282 848976 1
8902 5379 848986 1
9273 5475 848996 1
9637 5562 849006 1
10033 5637 849016 1
10390 5704 849026 1
10721 5760 849036 1
11067 5809 849046 1
11384 5844 849056 1
11681 5868 849066 1
11898 5873 849076 1
12131 5867 849086 1
