160
1394 6174 938739 0
1358 6283 938749 1
1313 6324 938759 1
1313 6371 938769 1
1353 6424 938779 1
1420 6541 938789 1
1536 6658 938799 1
1688 6739 938809 1
1864 6796 938819 1
1980 6740 938829 1
2042 6492 938839 1
2068 6117 938849 1
2000 5542 938859 1
1919 5073 938869 1
1828 4676 938879 1
1729 4406 938889 1
1637 4182 938899 1
1549 3989 938909 1
1495 3890 938919 1
1478 3860 938929 1
1486 3877 938939 1
1541 3952 938949 1
3938 6793 939090 0
4142 6748 939100 1
4002 6695 939110 1
3969 6625 939120 1
4007 6330 939130 1
4040 5941 939140 1
4060 5490 939150 1
4101 5020 939160 1
4160 4600 939170 1
4214 4214 939180 1
4236 3968 939190 1
4236 3843 939200 1
4236 3799 939210 1
4236 3799 939220 1
4236 3824 939230 1
4236 3871 939240 1
4210 3973 939250 1
4173 4100 939260 1
4082 4245 939270 1
3951 4407 939280 1
3794 4577 939290 1
3562 4752 939300 1
3302 4928 939310 1
3022 5063 939320 1
2749 5172 939330 1
2473 5241 939340 1
2194 5256 939350 1
1924 5236 939360 1
1728 5196 939370 1
1580 5158 939380 1
1503 5121 939390 1
1459 5079 939400 1
1438 5033 939410 1
1456 4933 939420 1
1539 4798 939430 1
1664 4645 939440 1
1845 4537 939450 1
2115 4458 939460 1
2443 4458 939470 1
2870 4481 939480 1
3297 4522 939490 1
3743 4544 939500 1
4201 4544 939510 1
4606 4534 939520 1
4931 4517 939530 1
5203 4523 939540 1
5407 4545 939550 1
5521 4610 939560 1
5576 4700 939570 1
5549 4807 939580 1
5461 4897 939590 1
5331 4945 939600 1
5180 4966 939610 1
5069 4893 939620 1
4984 4796 939630 1
4971 4684 939640 1
5037 4604 939650 1
5156 4551 939660 1
5346 4515 939670 1
5559 4520 939680 1
5786 4540 939690 1
6016 4571 939700 1
6255 4580 939710 1
6532 4554 939720 1
6832 4505 939730 1
7116 4463 939740 1
7375 4463 939750 1
7617 4494 939760 1
7832 4581 939770 1
8016 4680 939780 1
8180 4787 939790 1
8344 4862 939800 1
8508 4903 939810 1
8673 4921 939820 1
8848 4862 939830 1
9022 4804 939840 1
9200 4748 939850 1
9383 4703 939860 1
9559 4681 939870 1
9727 4674 939880 1
9889 4684 939890 1
10051 4692 939900 1
10200 4699 939910 1
10340 4682 939920 1
10509 4665 939930 1
10696 4647 939940 1
10895 4647 939950 1
11141 4664 939960 1
11372 4716 939970 1
11592 4786 939980 1
11740 4869 939990 1
11830 4917 940000 1
11882 4917 940010 1
11900 4895 940020 1
11894 4810 940030 1
11873 4690 940040 1
11887 4548 940050 1
11887 4422 940060 1
11887 4261 940070 1
11887 4077 940080 1
11833 3888 940090 1
11746 3697 940100 1
11586 3459 940110 1
11342 3191 940120 1
11041 2874 940130 1
10707 2549 940140 1
10380 2220 940150 1
10057 1990 940160 1
9717 1862 940170 1
9316 1803 940180 1
8873 1848 940190 1
8347 1947 940200 1
7728 2083 940210 1
7048 2223 940220 1
6293 2361 940230 1
5540 2498 940240 1
4789 2581 940250 1
4012 2646 940260 1
3267 2700 940270 1
2643 2638 940280 1
2088 2567 940290 1
1715 2491 940300 1
1556 2501 940310 1
1539 2558 940320 1
1777 2646 940330 1
2282 2792 940340 1
2964 2933 940350 1
3836 3084 940360 1
4844 3244 940370 1
5943 3420 940380 1
7026 3543 940390 1
7961 3631 940400 1
8798 3604 940410 1
9423 3480 940420 1
9976 3292 940430 1
10482 3202 940440 1
10900 3184 940450 1
11179 3214 940460 1
