182
1747 6812 1424057 0
1679 6774 1424067 1
1620 6774 1424077 1
1579 6761 1424087 1
1550 6752 1424097 1
1535 6752 1424107 1
1541 6768 1424117 1
1562 6803 1424127 1
1637 6889 1424137 1
1768 7008 1424147 1
1935 7119 1424157 1
2067 7230 1424167 1
2193 7289 1424177 1
2316 7313 1424187 1
2389 7297 1424197 1
2422 7200 1424207 1
2429 7050 1424217 1
2397 6732 1424227 1
2363 6318 1424237 1
2327 5839 1424247 1
2295 5317 1424257 1
2263 4891 1424267 1
2236 4529 1424277 1
2211 4284 1424287 1
2211 4103 1424297 1
2205 3965 1424307 1
2205 3864 1424317 1
2215 3811 1424327 1
2254 3789 1424337 1
2313 3794 1424347 1
4174 5933 1424458 0
4548 6253 1424468 1
4612 6395 1424478 1
4664 6522 1424488 1
4707 6531 1424498 1
4757 6474 1424508 1
4789 6374 1424518 1
4810 6187 1424528 1
4816 5919 1424538 1
4802 5598 1424548 1
4775 5228 1424558 1
4742 4904 1424568 1
4713 4610 1424578 1
4713 4386 1424588 1
4730 4200 1424598 1
4762 4039 1424608 1
4794 3910 1424618 1
4824 3819 1424628 1
4839 3754 1424638 1
4845 3734 1424648 1
4837 3763 1424658 1
4790 3824 1424668 1
4717 3976 1424678 1
4602 4161 1424688 1
4453 4367 1424698 1
4282 4569 1424708 1
4053 4744 1424718 1
3787 4900 1424728 1
3497 5026 1424738 1
3160 5128 1424748 1
2789 5215 1424758 1
2394 5258 1424768 1
2045 5242 1424778 1
1785 5188 1424788 1
1583 5089 1424798 1
1424 4976 1424808 1
1376 4855 1424818 1
1403 4763 1424828 1
1520 4689 1424838 1
1743 4627 1424848 1
2037 4588 1424858 1
2409 4561 1424868 1
2832 4542 1424878 1
3289 4518 1424888 1
3744 4506 1424898 1
4173 4506 1424908 1
4585 4506 1424918 1
4949 4518 1424928 1
5270 4536 1424938 1
5562 4573 1424948 1
5808 4639 1424958 1
5998 4724 1424968 1
6150 4834 1424978 1
6260 4940 1424988 1
6299 5009 1424998 1
6291 5056 1425008 1
6203 5069 1425018 1
6067 5043 1425028 1
5899 4992 1425038 1
5701 4892 1425048 1
5516 4774 1425058 1
5339 4643 1425068 1
5232 4512 1425078 1
5197 4367 1425088 1
5209 4214 1425098 1
5305 4088 1425108 1
5469 4010 1425118 1
5679 3965 1425128 1
5933 3951 1425138 1
6171 3959 1425148 1
6398 3983 1425158 1
6593 4061 1425168 1
6763 4173 1425178 1
6917 4307 1425188 1
7033 4430 1425198 1
7123 4505 1425208 1
7195 4548 1425218 1
7253 4548 1425228 1
7311 4499 1425238 1
7368 4418 1425248 1
7431 4311 1425258 1
7494 4202 1425268 1
7560 4121 1425278 1
7630 4060 1425288 1
7699 4055 1425298 1
7784 4091 1425308 1
7879 4154 1425318 1
8001 4251 1425328 1
8128 4348 1425338 1
8285 4444 1425348 1
8460 4495 1425358 1
8630 4512 1425368 1
8801 4507 1425378 1
8973 4480 1425388 1
9107 4427 1425398 1
9237 4356 1425408 1
9364 4274 1425418 1
9497 4214 1425428 1
9632 4169 1425438 1
9772 4154 1425448 1
9929 4159 1425458 1
10095 4177 1425468 1
10249 4198 1425478 1
10403 4228 1425488 1
10545 4264 1425498 1
10677 4292 1425508 1
10779 4320 1425518 1
10853 4345 1425528 1
10908 4345 1425538 1
10934 4333 1425548 1
10926 4252 1425558 1
10895 4087 1425568 1
10815 3867 1425578 1
10705 3601 1425588 1
10575 3308 1425598 1
10406 2997 1425608 1
10220 2700 1425618 1
10022 2422 1425628 1
9776 2157 1425638 1
9502 1918 1425648 1
9208 1721 1425658 1
8870 1553 1425668 1
8468 1442 1425678 1
8022 1382 1425688 1
7483 1356 1425698 1
6881 1372 1425708 1
6236 1403 1425718 1
5591 1443 1425728 1
4945 1500 1425738 1
4299 1556 1425748 1
3749 1625 1425758 1
3253 1703 1425768 1
2792 1757 1425778 1
2401 1794 1425788 1
2118 1821 1425798 1
1906 1847 1425808 1
1858 1900 1425818 1
1969 1971 1425828 1
2187 2097 1425838 1
2594 2215 1425848 1
3143 2327 1425858 1
3786 2400 1425868 1
4503 2471 1425878 1
5318 2543 1425888 1
6199 2613 1425898 1
7087 2681 1425908 1
7912 2681 1425918 1
8695 2660 1425928 1
9327 2620 1425938 1
9830 2571 1425948 1
10247 2522 1425958 1
10559 2476 1425968 1
