419
2030 5176 831135 0
2030 5176 831145 1
2030 5176 831155 1
2030 5176 831165 1
2044 5241 831175 1
2059 5279 831185 1
2076 5320 831195 1
2094 5363 831205 1
2115 5408 831215 1
2140 5462 831225 1
2173 5522 831235 1
2213 5586 831245 1
2255 5649 831255 1
2297 5711 831265 1
2343 5757 831275 1
2385 5798 831285 1
2425 5829 831295 1
2467 5850 831305 1
2511 5864 831315 1
2560 5869 831325 1
2611 5869 831335 1
2662 5852 831345 1
2712 5824 831355 1
2752 5761 831365 1
2784 5659 831375 1
2811 5531 831385 1
2833 5363 831395 1
2851 5195 831405 1
2866 5041 831415 1
2876 4898 831425 1
2882 4718 831435 1
2890 4538 831445 1
2900 4360 831455 1
2913 4184 831465 1
2930 4048 831475 1
2949 3937 831485 1
2968 3844 831495 1
2980 3772 831505 1
2988 3729 831515 1
2981 3706 831525 1
2965 3695 831535 1
2944 3705 831545 1
2917 3729 831555 1
2891 3779 831565 1
2870 3834 831575 1
3576 6069 831826 0
3576 6069 831836 1
3549 5978 831846 1
3560 5911 831856 1
3579 5823 831866 1
3604 5731 831876 1
3636 5620 831886 1
3676 5499 831896 1
3721 5354 831906 1
3761 5208 831916 1
3800 5063 831926 1
3834 4926 831936 1
3865 4793 831946 1
3915 4670 831956 1
3923 4566 831966 1
3902 4474 831976 1
3897 4378 831986 1
3886 4276 831996 1
3872 4171 832006 1
3847 4099 832016 1
3814 4038 832026 1
3776 3985 832036 1
3717 3937 832046 1
3638 3892 832056 1
3545 3850 832066 1
3441 3805 832076 1
3336 3761 832086 1
3223 3724 832096 1
3104 3691 832106 1
2974 3661 832116 1
2855 3630 832126 1
2744 3600 832136 1
2624 3571 832146 1
2485 3539 832156 1
2334 3501 832166 1
2208 3460 832176 1
2083 3418 832186 1
1964 3380 832196 1
1848 3351 832206 1
1770 3341 832216 1
1717 3341 832226 1
1680 3352 832236 1
1653 3363 832246 1
1632 3377 832256 1
1632 3408 832266 1
1650 3450 832276 1
1686 3519 832286 1
1738 3619 832296 1
1800 3741 832306 1
1883 3868 832316 1
1987 3981 832326 1
2105 4086 832336 1
2222 4188 832346 1
2340 4286 832356 1
2479 4382 832366 1
2632 4469 832376 1
2767 4551 832386 1
2904 4623 832396 1
3057 4685 832406 1
3219 4730 832416 1
3357 4765 832426 1
3497 4793 832436 1
3637 4818 832446 1
3779 4838 832456 1
3902 4856 832466 1
4012 4856 832476 1
4131 4851 832486 1
4237 4842 832496 1
4334 4836 832506 1
4431 4836 832516 1
4531 4836 832526 1
4649 4848 832536 1
4778 4870 832546 1
4897 4899 832556 1
5016 4950 832566 1
5137 5008 832576 1
5249 5072 832586 1
5354 5147 832596 1
5449 5238 832606 1
5537 5339 832616 1
5619 5443 832626 1
5687 5541 832636 1
5737 5630 832646 1
5775 5711 832656 1
5791 5781 832666 1
5786 5829 832676 1
5768 5863 832686 1
5750 5876 832696 1
5734 5884 832706 1
5722 5884 832716 1
5711 5891 832726 1
5704 5891 832736 1
5693 5896 832746 1
5681 5896 832756 1
5671 5896 832766 1
5662 5896 832776 1
5656 5896 832786 1
5656 5901 832796 1
5656 5901 832806 1
5648 5901 832816 1
5641 5895 832826 1
5620 5872 832836 1
5592 5836 832846 1
5560 5807 832856 1
5532 5780 832866 1
5504 5755 832876 1
5476 5723 832886 1
5440 5687 832896 1
5398 5641 832906 1
5349 5590 832916 1
5301 5538 832926 1
5256 5487 832936 1
5217 5433 832946 1
5184 5374 832956 1
5152 5306 832966 1
5120 5240 832976 1
5095 5178 832986 1
5075 5130 832996 1
5065 5095 833006 1
5065 5068 833016 1
5075 5042 833026 1
5094 5013 833036 1
5116 4978 833046 1
5139 4938 833056 1
5161 4895 833066 1
5182 4854 833076 1
5207 4823 833086 1
5235 4798 833096 1
5267 4784 833106 1
5304 4784 833116 1
5344 4798 833126 1
5388 4817 833136 1
5435 4839 833146 1
5482 4863 833156 1
5530 4891 833166 1
5581 4927 833176 1
5633 4969 833186 1
5686 5012 833196 1
5744 5058 833206 1
5804 5106 833216 1
5854 5153 833226 1
5903 5207 833236 1
5950 5266 833246 1
5998 5332 833256 1
6046 5398 833266 1
6094 5465 833276 1
6141 5517 833286 1
6180 5567 833296 1
6213 5602 833306 1
6240 5628 833316 1
6261 5647 833326 1
6278 5665 833336 1
6288 5680 833346 1
6293 5695 833356 1
6293 5707 833366 1
6293 5723 833376 1
6293 5742 833386 1
6293 5765 833396 1
6293 5783 833406 1
6293 5803 833416 1
6286 5822 833426 1
6286 5844 833436 1
6286 5868 833446 1
6286 5884 833456 1
6286 5895 833466 1
6286 5901 833476 1
6291 5906 833486 1
6291 5911 833496 1
6298 5919 833506 1
6305 5929 833516 1
6311 5938 833526 1
6319 5946 833536 1
6326 5952 833546 1
6326 5952 833556 1
6332 5960 833566 1
6332 5960 833576 1
6337 5960 833586 1
6337 5966 833596 1
6337 5966 833606 1
6337 5973 833616 1
6347 5973 833626 1
6354 5983 833636 1
6363 5990 833646 1
6371 5996 833656 1
6371 5996 833666 1
6376 6001 833676 1
6376 6001 833686 1
6376 6001 833696 1
6385 6001 833706 1
6394 6006 833716 1
6406 6013 833726 1
6421 6021 833736 1
6435 6028 833746 1
6449 6035 833756 1
6465 6042 833766 1
6485 6048 833776 1
6509 6048 833786 1
6535 6048 833796 1
6561 6048 833806 1
6584 6028 833816 1
6606 5980 833826 1
6616 5911 833836 1
6616 5798 833846 1
6616 5698 833856 1
6621 5608 833866 1
6627 5519 833876 1
6642 5448 833886 1
6662 5389 833896 1
6684 5333 833906 1
6708 5293 833916 1
6735 5263 833926 1
6757 5237 833936 1
6775 5218 833946 1
6800 5204 833956 1
6816 5195 833966 1
6825 5195 833976 1
6843 5203 833986 1
6861 5216 833996 1
6879 5237 834006 1
6896 5263 834016 1
6912 5299 834026 1
6931 5350 834036 1
6952 5410 834046 1
6978 5483 834056 1
7010 5561 834066 1
7044 5642 834076 1
7083 5727 834086 1
7124 5811 834096 1
7166 5894 834106 1
7207 5953 834116 1
7249 5996 834126 1
7285 6029 834136 1
7318 6062 834146 1
7350 6081 834156 1
7380 6092 834166 1
7408 6102 834176 1
7434 6109 834186 1
7461 6109 834196 1
7487 6098 834206 1
7509 6078 834216 1
7530 6039 834226 1
7551 5989 834236 1
7574 5909 834246 1
7597 5828 834256 1
7632 5748 834266 1
7671 5680 834276 1
7719 5618 834286 1
7772 5574 834296 1
7835 5548 834306 1
7905 5534 834316 1
7966 5526 834326 1
8030 5531 834336 1
8101 5546 834346 1
8183 5574 834356 1
8274 5618 834366 1
8371 5672 834376 1
8464 5729 834386 1
8549 5792 834396 1
8637 5859 834406 1
8724 5924 834416 1
8811 5963 834426 1
8899 5986 834436 1
8962 5997 834446 1
9013 6006 834456 1
9056 6012 834466 1
9097 6012 834476 1
9130 6002 834486 1
9158 5986 834496 1
9176 5951 834506 1
9185 5904 834516 1
9185 5836 834526 1
9185 5766 834536 1
9166 5691 834546 1
9145 5599 834556 1
9119 5498 834566 1
9093 5377 834576 1
9066 5255 834586 1
9037 5153 834596 1
9005 5065 834606 1
8967 4986 834616 1
8924 4912 834626 1
8870 4842 834636 1
8796 4768 834646 1
8708 4696 834656 1
8623 4627 834666 1
8534 4558 834676 1
8443 4492 834686 1
8346 4427 834696 1
8244 4362 834706 1
8138 4297 834716 1
8039 4237 834726 1
7938 4181 834736 1
7814 4119 834746 1
7675 4053 834756 1
7538 3981 834766 1
7391 3900 834776 1
7236 3814 834786 1
7083 3724 834796 1
6941 3644 834806 1
6805 3571 834816 1
6655 3493 834826 1
6510 3412 834836 1
6360 3322 834846 1
6205 3224 834856 1
6049 3119 834866 1
5899 3023 834876 1
5741 2934 834886 1
5574 2842 834896 1
5416 2749 834906 1
5259 2655 834916 1
5095 2573 834926 1
4927 2500 834936 1
4776 2435 834946 1
4610 2377 834956 1
4435 2323 834966 1
4276 2268 834976 1
4108 2220 834986 1
3933 2176 834996 1
3772 2138 835006 1
3607 2112 835016 1
3428 2093 835026 1
3240 2093 835036 1
3057 2093 835046 1
2893 2093 835056 1
2741 2093 835066 1
2598 2093 835076 1
2456 2100 835086 1
2325 2114 835096 1
2214 2136 835106 1
2112 2178 835116 1
2007 2234 835126 1
1913 2295 835136 1
1849 2355 835146 1
1802 2401 835156 1
1784 2439 835166 1
1796 2470 835176 1
1828 2508 835186 1
1904 2572 835196 1
2009 2651 835206 1
2133 2740 835216 1
2266 2832 835226 1
2418 2925 835236 1
2583 3015 835246 1
2769 3104 835256 1
2955 3190 835266 1
3172 3279 835276 1
3409 3369 835286 1
3667 3453 835296 1
3925 3538 835306 1
4215 3628 835316 1
4526 3720 835326 1
4873 3822 835336 1
5193 3918 835346 1
5496 4005 835356 1
5838 4087 835366 1
6158 4166 835376 1
6463 4248 835386 1
6803 4334 835396 1
7130 4422 835406 1
7447 4497 835416 1
7785 4572 835426 1
8119 4648 835436 1
8451 4720 835446 1
8781 4791 835456 1
9108 4861 835466 1
9433 4931 835476 1
9752 4972 835486 1
10071 5024 835496 1
10387 5083 835506 1
10699 5132 835516 1
11043 5180 835526 1
11381 5222 835536 1
11715 5261 835546 1
11967 5290 835556 1
