187
1482 6745 960451 0
1482 6745 960461 1
1482 6745 960471 1
1482 6745 960481 1
1482 6745 960491 1
1482 6745 960501 1
1572 6783 960511 1
1658 6860 960521 1
1744 6956 960531 1
1826 6997 960541 1
1905 6969 960551 1
1973 6896 960561 1
2022 6657 960571 1
2058 6233 960581 1
2098 5685 960591 1
2141 5164 960601 1
2151 4776 960611 1
2139 4478 960621 1
2106 4260 960631 1
2079 4137 960641 1
2079 4078 960651 1
2095 4096 960661 1
2136 4148 960671 1
2205 4224 960681 1
3177 6264 960771 0
3177 6264 960781 1
3556 6573 960791 1
3539 6578 960801 1
3548 6583 960811 1
3548 6583 960821 1
3548 6583 960831 1
3548 6583 960841 1
3555 6477 960851 1
3568 6299 960861 1
3606 6003 960871 1
3660 5675 960881 1
3725 5326 960891 1
3775 4976 960901 1
3813 4659 960911 1
3844 4364 960921 1
3883 4143 960931 1
3928 3981 960941 1
3983 3859 960951 1
4033 3789 960961 1
4079 3771 960971 1
4106 3787 960981 1
4106 3807 960991 1
4086 3845 961001 1
4001 3895 961011 1
3876 3964 961021 1
3725 4072 961031 1
3527 4206 961041 1
3302 4398 961051 1
3059 4605 961061 1
2816 4821 961071 1
2568 5020 961081 1
2319 5147 961091 1
2071 5227 961101 1
1865 5212 961111 1
1703 5176 961121 1
1569 5125 961131 1
1515 5093 961141 1
1506 5062 961151 1
1526 5032 961161 1
1604 4951 961171 1
1731 4822 961181 1
1890 4661 961191 1
2118 4502 961201 1
2385 4347 961211 1
2679 4233 961221 1
2965 4145 961231 1
3319 4165 961241 1
3717 4225 961251 1
4105 4311 961261 1
4494 4403 961271 1
4880 4493 961281 1
5177 4567 961291 1
5418 4632 961301 1
5579 4693 961311 1
5662 4754 961321 1
5694 4814 961331 1
5659 4870 961341 1
5576 4918 961351 1
5461 4930 961361 1
5329 4919 961371 1
5191 4861 961381 1
5048 4772 961391 1
4938 4663 961401 1
4857 4538 961411 1
4796 4412 961421 1
4775 4291 961431 1
4798 4184 961441 1
4850 4084 961451 1
4944 4012 961461 1
5090 3978 961471 1
5271 3969 961481 1
5485 4017 961491 1
5707 4097 961501 1
5933 4198 961511 1
6130 4342 961521 1
6314 4441 961531 1
6488 4510 961541 1
6641 4537 961551 1
6795 4520 961561 1
6951 4473 961571 1
7106 4397 961581 1
7258 4324 961591 1
7410 4253 961601 1
7569 4193 961611 1
7714 4193 961621 1
7850 4240 961631 1
7984 4298 961641 1
8109 4368 961651 1
8256 4447 961661 1
8417 4533 961671 1
8583 4614 961681 1
8752 4663 961691 1
8922 4694 961701 1
9083 4705 961711 1
9248 4710 961721 1
9431 4717 961731 1
9625 4728 961741 1
9810 4752 961751 1
10000 4776 961761 1
10157 4798 961771 1
10291 4780 961781 1
10402 4735 961791 1
10506 4663 961801 1
10604 4595 961811 1
10731 4531 961821 1
10904 4488 961831 1
11108 4478 961841 1
11343 4490 961851 1
11578 4526 961861 1
11734 4557 961871 1
11837 4557 961881 1
11862 4542 961891 1
11827 4435 961901 1
11751 4264 961911 1
11635 4050 961921 1
11496 3781 961931 1
11341 3451 961941 1
11162 3080 961951 1
10965 2705 961961 1
10757 2369 961971 1
10514 2058 961981 1
10205 1842 961991 1
9851 1672 962001 1
9429 1532 962011 1
8976 1439 962021 1
8502 1379 962031 1
7992 1341 962041 1
7457 1353 962051 1
6906 1400 962061 1
6313 1470 962071 1
5684 1597 962081 1
5031 1761 962091 1
4366 1949 962101 1
3764 2117 962111 1
3205 2280 962121 1
2769 2402 962131 1
2462 2499 962141 1
2242 2569 962151 1
2164 2638 962161 1
2208 2731 962171 1
2333 2841 962181 1
2631 2958 962191 1
3082 3069 962201 1
3635 3171 962211 1
4286 3270 962221 1
4978 3345 962231 1
5696 3406 962241 1
6387 3452 962251 1
7084 3485 962261 1
7735 3510 962271 1
8354 3545 962281 1
9039 3601 962291 1
9686 3671 962301 1
10308 3733 962311 1
10887 3795 962321 1
11352 3828 962331 1
11741 3843 962341 1
11974 3834 962351 1
12105 3822 962361 1
12169 3804 962371 1
12160 3788 962381 1
12082 3755 962391 1
