109
2013 7118 1022560 0
1936 7271 1022570 1
1936 7280 1022580 1
1936 7257 1022590 1
1929 7129 1022600 1
1902 6932 1022610 1
1864 6634 1022620 1
1838 6234 1022630 1
1838 5765 1022640 1
1846 5304 1022650 1
1854 4935 1022660 1
1844 4627 1022670 1
1822 4454 1022680 1
1804 4351 1022690 1
1790 4295 1022700 1
1783 4288 1022710 1
1783 4288 1022720 1
1783 4303 1022730 1
3532 7054 1022930 0
3615 7090 1022940 1
3605 7167 1022950 1
3633 7181 1022960 1
3681 7153 1022970 1
3743 7096 1022980 1
3833 6957 1022990 1
3937 6763 1023000 1
4049 6520 1023010 1
4136 6267 1023020 1
4174 6007 1023030 1
4179 5814 1023040 1
4085 5654 1023050 1
3903 5517 1023060 1
3663 5363 1023070 1
3363 5208 1023080 1
3071 5087 1023090 1
2785 4989 1023100 1
2557 4929 1023110 1
2368 4924 1023120 1
2206 4955 1023130 1
2049 5036 1023140 1
1931 5149 1023150 1
1838 5284 1023160 1
1811 5349 1023170 1
1822 5402 1023180 1
1859 5447 1023190 1
1960 5473 1023200 1
2120 5453 1023210 1
2320 5403 1023220 1
2538 5299 1023230 1
2765 5195 1023240 1
2998 5090 1023250 1
3225 4984 1023260 1
3444 4876 1023270 1
3651 4774 1023280 1
3854 4695 1023290 1
4051 4627 1023300 1
4271 4580 1023310 1
4486 4552 1023320 1
4698 4538 1023330 1
4903 4553 1023340 1
5095 4599 1023350 1
5277 4666 1023360 1
5430 4765 1023370 1
5537 4895 1023380 1
5613 5046 1023390 1
5635 5176 1023400 1
5614 5264 1023410 1
5565 5323 1023420 1
5497 5311 1023430 1
5399 5246 1023440 1
5280 5147 1023450 1
5203 5008 1023460 1
5161 4871 1023470 1
5142 4735 1023480 1
5172 4609 1023490 1
5246 4480 1023500 1
5349 4349 1023510 1
5499 4262 1023520 1
5688 4204 1023530 1
5902 4191 1023540 1
6127 4245 1023550 1
6356 4345 1023560 1
6565 4454 1023570 1
6759 4561 1023580 1
6922 4630 1023590 1
7062 4676 1023600 1
7186 4676 1023610 1
7312 4663 1023620 1
7445 4619 1023630 1
7583 4553 1023640 1
7727 4509 1023650 1
7891 4483 1023660 1
8067 4470 1023670 1
8238 4483 1023680 1
8409 4500 1023690 1
8556 4521 1023700 1
8687 4486 1023710 1
8801 4431 1023720 1
8933 4364 1023730 1
9077 4345 1023740 1
9238 4400 1023750 1
9434 4504 1023760 1
9654 4666 1023770 1
9865 4833 1023780 1
10058 5003 1023790 1
10240 5085 1023800 1
10428 5106 1023810 1
10635 5086 1023820 1
10855 5039 1023830 1
