108
1987 6981 1821659 0
2044 7045 1821669 1
2015 7066 1821679 1
1971 7083 1821689 1
1918 6975 1821699 1
1864 6799 1821709 1
1809 6577 1821719 1
1755 6273 1821729 1
1689 5890 1821739 1
1616 5455 1821749 1
1514 4981 1821759 1
1405 4583 1821769 1
1291 4236 1821779 1
1176 3969 1821789 1
1059 3784 1821799 1
992 3655 1821809 1
959 3600 1821819 1
2388 5598 1821909 0
3132 6108 1821919 1
3329 6246 1821929 1
3421 6343 1821939 1
3524 6369 1821949 1
3595 6348 1821959 1
3644 6305 1821969 1
3652 6198 1821979 1
3593 6049 1821989 1
3490 5828 1821999 1
3312 5605 1822009 1
3053 5383 1822019 1
2739 5177 1822029 1
2370 4981 1822039 1
2000 4823 1822049 1
1628 4734 1822059 1
1332 4692 1822069 1
1040 4692 1822079 1
808 4743 1822089 1
614 4826 1822099 1
546 4882 1822109 1
546 4914 1822119 1
587 4930 1822129 1
733 4957 1822139 1
969 4938 1822149 1
1264 4889 1822159 1
1568 4779 1822169 1
1919 4664 1822179 1
2301 4540 1822189 1
2633 4392 1822199 1
2932 4227 1822209 1
3208 4077 1822219 1
3461 3955 1822229 1
3716 3853 1822239 1
3972 3836 1822249 1
4255 3891 1822259 1
4554 3994 1822269 1
4860 4152 1822279 1
5092 4331 1822289 1
5274 4523 1822299 1
5405 4655 1822309 1
5458 4758 1822319 1
5458 4841 1822329 1
5407 4895 1822339 1
5301 4895 1822349 1
5159 4860 1822359 1
4997 4787 1822369 1
4856 4668 1822379 1
4730 4518 1822389 1
4642 4331 1822399 1
4629 4169 1822409 1
4667 4025 1822419 1
4766 3947 1822429 1
4915 3908 1822439 1
5097 3894 1822449 1
5333 3917 1822459 1
5571 3964 1822469 1
5825 4028 1822479 1
6088 4062 1822489 1
6339 4095 1822499 1
6580 4128 1822509 1
6790 4184 1822519 1
6982 4254 1822529 1
7151 4345 1822539 1
7301 4395 1822549 1
7438 4418 1822559 1
7544 4356 1822569 1
7622 4230 1822579 1
7681 4061 1822589 1
7735 3901 1822599 1
7789 3819 1822609 1
7845 3788 1822619 1
7923 3810 1822629 1
8015 3869 1822639 1
8129 3954 1822649 1
8267 4034 1822659 1
8420 4109 1822669 1
8593 4172 1822679 1
8790 4211 1822689 1
9002 4234 1822699 1
9215 4254 1822709 1
9446 4272 1822719 1
9689 4272 1822729 1
9876 4272 1822739 1
10037 4272 1822749 1
10180 4295 1822759 1
10330 4328 1822769 1
10520 4419 1822779 1
10736 4544 1822789 1
10975 4691 1822799 1
11209 4829 1822809 1
