140
1848 6944 1760501 0
1848 6944 1760511 1
1848 6944 1760521 1
1848 6944 1760531 1
1848 6944 1760541 1
1848 6944 1760551 1
1848 6944 1760561 1
1848 6944 1760571 1
1848 6944 1760581 1
1848 6944 1760591 1
1848 6944 1760601 1
1848 6944 1760611 1
1848 6944 1760621 1
1848 6944 1760631 1
1848 6944 1760641 1
1848 6944 1760651 1
1848 6944 1760661 1
1848 6944 1760671 1
1857 6838 1760681 1
1817 6565 1760691 1
1728 6152 1760701 1
1611 5645 1760711 1
1475 5130 1760721 1
1345 4706 1760731 1
1209 4343 1760741 1
1069 4095 1760751 1
967 3946 1760761 1
936 3863 1760771 1
953 3838 1760781 1
1024 3857 1760791 1
1115 3905 1760801 1
1220 3997 1760811 1
2672 6359 1761082 0
2785 6385 1761092 1
2761 6535 1761102 1
2806 6619 1761112 1
2897 6660 1761122 1
3046 6754 1761132 1
3243 6855 1761142 1
3471 6962 1761152 1
3657 7005 1761162 1
3779 6924 1761172 1
3858 6761 1761182 1
3843 6472 1761192 1
3746 6113 1761202 1
3593 5708 1761212 1
3390 5459 1761222 1
3107 5215 1761232 1
2771 4975 1761242 1
2364 4719 1761252 1
1965 4496 1761262 1
1571 4358 1761272 1
1277 4265 1761282 1
988 4253 1761292 1
771 4320 1761302 1
601 4440 1761312 1
517 4600 1761322 1
498 4760 1761332 1
521 4891 1761342 1
623 5003 1761352 1
829 5092 1761362 1
1105 5177 1761372 1
1373 5217 1761382 1
1654 5228 1761392 1
1943 5155 1761402 1
2226 5013 1761412 1
2473 4826 1761422 1
2697 4620 1761432 1
2873 4441 1761442 1
3049 4280 1761452 1
3243 4162 1761462 1
3448 4082 1761472 1
3669 4028 1761482 1
3888 4000 1761492 1
4105 4013 1761502 1
4364 4054 1761512 1
4638 4148 1761522 1
4921 4285 1761532 1
5204 4452 1761542 1
5463 4620 1761552 1
5707 4783 1761562 1
5885 4936 1761572 1
5973 5044 1761582 1
6002 5123 1761592 1
5959 5174 1761602 1
5837 5195 1761612 1
5661 5195 1761622 1
5447 5140 1761632 1
5236 5033 1761642 1
5059 4892 1761652 1
4905 4697 1761662 1
4823 4536 1761672 1
4794 4397 1761682 1
4800 4282 1761692 1
4867 4201 1761702 1
4999 4142 1761712 1
5173 4142 1761722 1
5419 4186 1761732 1
5695 4261 1761742 1
5992 4373 1761752 1
6274 4479 1761762 1
6534 4563 1761772 1
6780 4634 1761782 1
6998 4697 1761792 1
7199 4736 1761802 1
7388 4759 1761812 1
7546 4759 1761822 1
7665 4722 1761832 1
7758 4667 1761842 1
7808 4580 1761852 1
7852 4478 1761862 1
7893 4367 1761872 1
7951 4295 1761882 1
8087 4295 1761892 1
8275 4342 1761902 1
8541 4454 1761912 1
8819 4567 1761922 1
9106 4682 1761932 1
9321 4718 1761942 1
9479 4701 1761952 1
9600 4649 1761962 1
9692 4582 1761972 1
9784 4510 1761982 1
9901 4429 1761992 1
10033 4361 1762002 1
10153 4302 1762012 1
10283 4273 1762022 1
10419 4257 1762032 1
10533 4249 1762042 1
10626 4242 1762052 1
10705 4248 1762062 1
10805 4263 1762072 1
10976 4315 1762082 1
11193 4376 1762092 1
11488 4444 1762102 1
11733 4477 1762112 1
11945 4477 1762122 1
12124 4459 1762132 1
12239 4423 1762142 1
12312 4413 1762152 1
