115
1373 7103 1060374 0
1373 7103 1060384 1
1373 7027 1060394 1
1342 6937 1060404 1
1301 6706 1060414 1
1254 6399 1060424 1
1214 6041 1060434 1
1200 5619 1060444 1
1200 5197 1060454 1
1212 4775 1060464 1
1212 4478 1060474 1
1217 4244 1060484 1
1212 4052 1060494 1
1212 3887 1060504 1
1212 3751 1060514 1
1212 3634 1060524 1
1212 3603 1060534 1
2950 6923 1060705 0
3108 6909 1060715 1
3057 6909 1060725 1
3057 6917 1060735 1
3057 6910 1060745 1
3134 6818 1060755 1
3249 6669 1060765 1
3353 6511 1060775 1
3446 6332 1060785 1
3532 6138 1060795 1
3573 5941 1060805 1
3541 5743 1060815 1
3461 5566 1060825 1
3287 5402 1060835 1
3033 5216 1060845 1
2726 5044 1060855 1
2378 4909 1060865 1
2034 4796 1060875 1
1755 4737 1060885 1
1519 4737 1060895 1
1389 4765 1060905 1
1333 4832 1060915 1
1327 4914 1060925 1
1375 5006 1060935 1
1483 5089 1060945 1
1632 5135 1060955 1
1821 5157 1060965 1
2044 5110 1060975 1
2289 4999 1060985 1
2526 4845 1060995 1
2733 4687 1061005 1
2921 4544 1061015 1
3092 4411 1061025 1
3268 4281 1061035 1
3451 4193 1061045 1
3666 4132 1061055 1
3903 4141 1061065 1
4187 4213 1061075 1
4472 4327 1061085 1
4753 4466 1061095 1
4962 4608 1061105 1
5127 4751 1061115 1
5201 4893 1061125 1
5195 5021 1061135 1
5136 5106 1061145 1
5042 5168 1061155 1
4930 5154 1061165 1
4806 5069 1061175 1
4675 4937 1061185 1
4567 4798 1061195 1
4507 4675 1061205 1
4472 4563 1061215 1
4497 4438 1061225 1
4589 4291 1061235 1
4725 4130 1061245 1
4917 3986 1061255 1
5155 3868 1061265 1
5423 3767 1061275 1
5673 3737 1061285 1
5889 3789 1061295 1
6083 3895 1061305 1
6257 4024 1061315 1
6419 4164 1061325 1
6574 4311 1061335 1
6720 4423 1061345 1
6851 4491 1061355 1
6973 4529 1061365 1
7075 4509 1061375 1
7168 4450 1061385 1
7255 4366 1061395 1
7325 4243 1061405 1
7395 4114 1061415 1
7454 4009 1061425 1
7506 3922 1061435 1
7561 3857 1061445 1
7621 3828 1061455 1
7730 3822 1061465 1
7869 3860 1061475 1
8058 3919 1061485 1
8289 3993 1061495 1
8547 4049 1061505 1
8793 4049 1061515 1
9008 4011 1061525 1
9202 3954 1061535 1
9364 3828 1061545 1
9528 3657 1061555 1
9671 3476 1061565 1
9800 3314 1061575 1
9910 3262 1061585 1
10013 3276 1061595 1
10111 3338 1061605 1
10241 3445 1061615 1
10405 3583 1061625 1
10591 3788 1061635 1
10816 4057 1061645 1
11144 4368 1061655 1
11541 4659 1061665 1
12008 4944 1061675 1
