108
1966 7109 1801991 0
2048 7149 1802001 1
2057 7194 1802011 1
2040 7173 1802021 1
2011 7044 1802031 1
1971 6844 1802041 1
1923 6587 1802051 1
1893 6223 1802061 1
1868 5788 1802071 1
1827 5360 1802081 1
1773 4984 1802091 1
1680 4643 1802101 1
1579 4390 1802111 1
1472 4179 1802121 1
1404 3995 1802131 1
1363 3880 1802141 1
1340 3825 1802151 1
2847 6034 1802261 0
3413 6209 1802271 1
3564 6273 1802281 1
3705 6338 1802291 1
3839 6345 1802301 1
3906 6313 1802311 1
3919 6279 1802321 1
3897 6160 1802331 1
3802 5984 1802341 1
3627 5711 1802351 1
3399 5459 1802361 1
3091 5221 1802371 1
2745 5045 1802381 1
2373 4920 1802391 1
1984 4829 1802401 1
1641 4814 1802411 1
1329 4853 1802421 1
1076 4928 1802431 1
936 5024 1802441 1
871 5078 1802451 1
897 5103 1802461 1
1051 5125 1802471 1
1291 5135 1802481 1
1606 5104 1802491 1
1999 5050 1802501 1
2444 4961 1802511 1
2887 4840 1802521 1
3332 4699 1802531 1
3724 4545 1802541 1
4080 4389 1802551 1
4397 4267 1802561 1
4658 4169 1802571 1
4881 4148 1802581 1
5086 4189 1802591 1
5306 4271 1802601 1
5537 4397 1802611 1
5770 4531 1802621 1
5962 4671 1802631 1
6126 4801 1802641 1
6225 4926 1802651 1
6245 5015 1802661 1
6212 5082 1802671 1
6101 5100 1802681 1
5933 5056 1802691 1
5726 4970 1802701 1
5489 4830 1802711 1
5254 4670 1802721 1
5100 4496 1802731 1
4999 4330 1802741 1
4976 4177 1802751 1
5036 4032 1802761 1
5152 3910 1802771 1
5356 3824 1802781 1
5613 3762 1802791 1
5905 3780 1802801 1
6175 3853 1802811 1
6449 3964 1802821 1
6696 4096 1802831 1
6922 4197 1802841 1
7104 4278 1802851 1
7288 4343 1802861 1
7471 4363 1802871 1
7632 4353 1802881 1
7778 4326 1802891 1
7925 4294 1802901 1
8024 4252 1802911 1
8091 4203 1802921 1
8122 4149 1802931 1
8131 4096 1802941 1
8126 4045 1802951 1
8152 4016 1802961 1
8224 4001 1802971 1
8327 4058 1802981 1
8476 4148 1802991 1
8629 4261 1803001 1
8767 4318 1803011 1
8893 4318 1803021 1
9022 4278 1803031 1
9143 4151 1803041 1
9259 4023 1803051 1
9421 3894 1803061 1
9607 3838 1803071 1
9810 3863 1803081 1
10037 3941 1803091 1
10246 4105 1803101 1
10442 4281 1803111 1
10623 4465 1803121 1
10802 4632 1803131 1
10980 4795 1803141 1
11213 4917 1803151 1
11458 5014 1803161 1
