121
1386 7118 1055988 0
1386 7118 1055998 1
1386 7118 1056008 1
1392 7028 1056018 1
1361 6866 1056028 1
1299 6616 1056038 1
1238 6307 1056048 1
1224 5806 1056058 1
1241 5229 1056068 1
1294 4601 1056078 1
1312 4144 1056088 1
1306 3873 1056098 1
1284 3726 1056108 1
1279 3670 1056118 1
1285 3660 1056128 1
1307 3681 1056138 1
2770 6287 1056298 0
2907 6346 1056308 1
2882 6443 1056318 1
2895 6484 1056328 1
2937 6484 1056338 1
2998 6442 1056348 1
3121 6330 1056358 1
3252 6174 1056368 1
3388 5955 1056378 1
3518 5782 1056388 1
3600 5641 1056398 1
3650 5528 1056408 1
3618 5412 1056418 1
3498 5292 1056428 1
3320 5148 1056438 1
3071 4990 1056448 1
2795 4824 1056458 1
2500 4671 1056468 1
2243 4559 1056478 1
1987 4470 1056488 1
1762 4418 1056498 1
1558 4408 1056508 1
1389 4427 1056518 1
1269 4478 1056528 1
1181 4555 1056538 1
1172 4649 1056548 1
1208 4734 1056558 1
1273 4814 1056568 1
1401 4838 1056578 1
1587 4827 1056588 1
1812 4758 1056598 1
2037 4672 1056608 1
2252 4575 1056618 1
2459 4502 1056628 1
2673 4425 1056638 1
2883 4342 1056648 1
3090 4251 1056658 1
3306 4164 1056668 1
3524 4095 1056678 1
3740 4036 1056688 1
3926 4003 1056698 1
4092 4028 1056708 1
4259 4091 1056718 1
4387 4193 1056728 1
4489 4333 1056738 1
4565 4498 1056748 1
4595 4646 1056758 1
4595 4735 1056768 1
4543 4784 1056778 1
4440 4790 1056788 1
4302 4743 1056798 1
4128 4660 1056808 1
3958 4543 1056818 1
3843 4437 1056828 1
3762 4338 1056838 1
3737 4214 1056848 1
3793 4069 1056858 1
3903 3910 1056868 1
4103 3747 1056878 1
4369 3657 1056888 1
4680 3617 1056898 1
4998 3642 1056908 1
5289 3731 1056918 1
5561 3864 1056928 1
5780 3989 1056938 1
5963 4092 1056948 1
6122 4180 1056958 1
6289 4265 1056968 1
6451 4312 1056978 1
6607 4335 1056988 1
6759 4323 1056998 1
6919 4282 1057008 1
7078 4222 1057018 1
7234 4157 1057028 1
7375 4099 1057038 1
7505 4061 1057048 1
7595 4034 1057058 1
7650 4010 1057068 1
7682 4000 1057078 1
7720 4000 1057088 1
7775 4007 1057098 1
7842 4017 1057108 1
7933 4029 1057118 1
8040 4029 1057128 1
8157 4014 1057138 1
8297 3979 1057148 1
8439 3961 1057158 1
8557 3944 1057168 1
8657 3927 1057178 1
8731 3896 1057188 1
8801 3860 1057198 1
8869 3819 1057208 1
8968 3790 1057218 1
9073 3768 1057228 1
9202 3756 1057238 1
9345 3790 1057248 1
9533 3854 1057258 1
9747 3979 1057268 1
9978 4165 1057278 1
10223 4392 1057288 1
10484 4601 1057298 1
10756 4755 1057308 1
11001 4873 1057318 1
11224 4906 1057328 1
11431 4906 1057338 1
