114
4126 5980 1372433 0
4143 6217 1372443 1
4124 6319 1372453 1
4124 6363 1372463 1
4142 6376 1372473 1
4176 6404 1372483 1
4212 6428 1372493 1
4249 6397 1372503 1
4262 6332 1372513 1
4262 6168 1372523 1
4239 5924 1372533 1
4196 5627 1372543 1
4138 5293 1372553 1
4064 4955 1372563 1
4000 4615 1372573 1
3942 4370 1372583 1
3922 4174 1372593 1
3916 4010 1372603 1
3916 3928 1372613 1
4514 5660 1372703 0
4900 6113 1372713 1
5038 6193 1372723 1
5125 6205 1372733 1
5204 6171 1372743 1
5277 6099 1372753 1
5337 5974 1372763 1
5366 5815 1372773 1
5375 5624 1372783 1
5338 5416 1372793 1
5262 5197 1372803 1
5159 5006 1372813 1
5029 4815 1372823 1
4881 4651 1372833 1
4720 4505 1372843 1
4518 4381 1372853 1
4319 4280 1372863 1
4121 4194 1372873 1
3939 4184 1372883 1
3787 4248 1372893 1
3656 4361 1372903 1
3520 4514 1372913 1
3446 4662 1372923 1
3414 4806 1372933 1
3443 4888 1372943 1
3540 4947 1372953 1
3683 4991 1372963 1
3869 5039 1372973 1
4055 5039 1372983 1
4240 4998 1372993 1
4442 4943 1373003 1
4650 4871 1373013 1
4869 4788 1373023 1
5099 4698 1373033 1
5335 4577 1373043 1
5560 4435 1373053 1
5786 4246 1373063 1
5988 4089 1373073 1
6173 3954 1373083 1
6398 3869 1373093 1
6632 3848 1373103 1
6872 3870 1373113 1
7097 3964 1373123 1
7337 4115 1373133 1
7588 4303 1373143 1
7810 4531 1373153 1
7970 4756 1373163 1
8089 4973 1373173 1
8113 5063 1373183 1
8066 5070 1373193 1
7971 5037 1373203 1
7827 4939 1373213 1
7670 4797 1373223 1
7505 4648 1373233 1
7416 4531 1373243 1
7393 4435 1373253 1
7413 4361 1373263 1
7467 4303 1373273 1
7547 4255 1373283 1
7645 4243 1373293 1
7781 4263 1373303 1
7932 4304 1373313 1
8093 4387 1373323 1
8258 4485 1373333 1
8419 4592 1373343 1
8578 4672 1373353 1
8694 4707 1373363 1
8782 4712 1373373 1
8852 4676 1373383 1
8885 4596 1373393 1
8875 4488 1373403 1
8837 4348 1373413 1
8798 4229 1373423 1
8769 4124 1373433 1
8814 4059 1373443 1
8904 4042 1373453 1
9025 4056 1373463 1
9187 4111 1373473 1
9377 4200 1373483 1
9588 4311 1373493 1
9790 4449 1373503 1
9985 4516 1373513 1
10122 4535 1373523 1
10225 4501 1373533 1
10304 4424 1373543 1
10359 4318 1373553 1
10403 4169 1373563 1
10439 4021 1373573 1
10476 3879 1373583 1
10597 3781 1373593 1
10775 3709 1373603 1
11069 3702 1373613 1
11409 3736 1373623 1
11779 3797 1373633 1
12057 3857 1373643 1
