151
3176 6759 720756 4
2211 7889 720986 0
2211 7889 720996 1
2230 7799 721006 1
2250 7741 721016 1
2250 7595 721026 1
2259 7439 721036 1
2259 7439 721046 5
2227 6995 721056 5
2187 6601 721066 5
2140 6131 721076 5
2089 5527 721086 5
2044 4977 721096 5
2014 4464 721106 5
1994 4098 721116 5
1977 3904 721126 5
1988 3825 721136 5
2018 3805 721146 5
2087 3855 721156 5
2167 3953 721166 5
3997 6942 721327 0
4360 7141 721337 1
4372 7236 721347 1
4313 7206 721357 1
4296 7096 721367 1
4296 7096 721377 5
4168 6704 721387 5
4051 6444 721397 5
3914 6163 721407 5
3764 5846 721417 5
3552 5553 721427 5
3331 5277 721437 5
3103 5029 721447 5
2867 4805 721457 5
2654 4596 721467 5
2456 4478 721477 5
2312 4427 721487 5
2212 4421 721497 5
2140 4454 721507 5
2140 4454 721517 1
2101 4657 721527 1
2122 4835 721537 1
2188 5026 721547 1
2299 5225 721557 1
2439 5388 721567 1
2618 5484 721577 1
2802 5536 721587 1
2802 5536 721597 5
3212 5470 721607 5
3441 5404 721617 5
3662 5311 721627 5
3864 5188 721637 5
4053 5044 721647 5
4249 4881 721657 5
4425 4713 721667 5
4588 4541 721677 5
4775 4389 721687 5
4952 4278 721697 5
5121 4194 721707 5
5335 4172 721717 5
5559 4218 721727 5
5789 4310 721737 5
6003 4466 721747 5
6226 4642 721757 5
6455 4832 721767 5
6642 5015 721777 5
6797 5186 721787 5
6931 5350 721797 5
7010 5504 721807 5
7044 5618 721817 5
7044 5705 721827 5
7001 5767 721837 5
6919 5789 721847 5
6814 5784 721857 5
6675 5721 721867 5
6548 5599 721877 5
6430 5439 721887 5
6339 5268 721897 5
6278 5107 721907 5
6236 4971 721917 5
6221 4848 721927 5
6246 4733 721937 5
6298 4642 721947 5
6383 4566 721957 5
6500 4512 721967 5
6639 4495 721977 5
6807 4503 721987 5
6968 4557 721997 5
7124 4640 722007 5
7274 4743 722017 5
7411 4878 722027 5
7540 5014 722037 5
7657 5152 722047 5
7768 5287 722057 5
7876 5364 722067 5
7951 5402 722077 5
8012 5358 722087 5
8063 5240 722097 5
8112 5072 722107 5
8161 4878 722117 5
8212 4706 722127 5
8264 4548 722137 5
8335 4462 722147 5
8407 4438 722157 5
8495 4456 722167 5
8593 4537 722177 5
8689 4653 722187 5
8777 4792 722197 5
8859 4921 722207 5
8920 5012 722217 5
8959 5077 722227 5
8983 5090 722237 5
9013 5073 722247 5
9061 5036 722257 5
9121 4984 722267 5
9202 4939 722277 5
9304 4913 722287 5
9419 4897 722297 5
9540 4907 722307 5
9664 4943 722317 5
9798 4997 722327 5
9936 5064 722337 5
10068 5130 722347 5
10167 5163 722357 5
10246 5175 722367 5
10307 5146 722377 5
10369 5101 722387 5
10432 5045 722397 5
10512 4998 722407 5
10619 4976 722417 5
10744 4970 722427 5
10892 5002 722437 5
11055 5047 722447 5
11228 5100 722457 5
11386 5151 722467 5
11520 5182 722477 5
11639 5201 722487 5
11724 5201 722497 5
11800 5201 722507 5
11869 5201 722517 5
11945 5236 722527 5
11945 5236 722537 4
12105 5387 722547 4
12178 5497 722557 4
12154 5614 722567 4
12106 5715 722577 4
12041 5854 722587 4
11997 6018 722597 4
11973 6194 722607 4
11961 6414 722617 4
11961 6414 722627 4
