115
1916 7201 1812866 0
1916 7201 1812876 1
1969 7276 1812886 1
1936 7240 1812896 1
1892 7174 1812906 1
1843 6972 1812916 1
1791 6686 1812926 1
1747 6345 1812936 1
1717 5959 1812946 1
1695 5567 1812956 1
1640 5234 1812966 1
1568 4942 1812976 1
1484 4688 1812986 1
1404 4472 1812996 1
1330 4282 1813006 1
1289 4117 1813016 1
2996 6091 1813137 0
3628 6296 1813147 1
3718 6352 1813157 1
3762 6413 1813167 1
3776 6364 1813177 1
3755 6268 1813187 1
3672 6141 1813197 1
3547 5981 1813207 1
3385 5787 1813217 1
3172 5570 1813227 1
2926 5343 1813237 1
2648 5141 1813247 1
2312 4957 1813257 1
1937 4820 1813267 1
1584 4758 1813277 1
1266 4745 1813287 1
970 4806 1813297 1
745 4876 1813307 1
642 4952 1813317 1
620 4970 1813327 1
643 4976 1813337 1
775 4976 1813347 1
979 4964 1813357 1
1255 4932 1813367 1
1535 4886 1813377 1
1866 4803 1813387 1
2229 4696 1813397 1
2575 4573 1813407 1
2913 4446 1813417 1
3245 4320 1813427 1
3584 4244 1813437 1
3915 4202 1813447 1
4215 4232 1813457 1
4497 4305 1813467 1
4740 4408 1813477 1
4937 4503 1813487 1
5104 4598 1813497 1
5255 4691 1813507 1
5366 4782 1813517 1
5451 4873 1813527 1
5503 4962 1813537 1
5503 5044 1813547 1
5476 5083 1813557 1
5398 5094 1813567 1
5272 5035 1813577 1
5113 4925 1813587 1
4958 4780 1813597 1
4808 4623 1813607 1
4704 4466 1813617 1
4629 4315 1813627 1
4614 4169 1813637 1
4682 4047 1813647 1
4806 3954 1813657 1
4998 3880 1813667 1
5268 3832 1813677 1
5591 3840 1813687 1
5940 3886 1813697 1
6245 3970 1813707 1
6521 4065 1813717 1
6758 4168 1813727 1
6960 4284 1813737 1
7138 4396 1813747 1
7291 4506 1813757 1
7426 4547 1813767 1
7548 4547 1813777 1
7652 4518 1813787 1
7740 4443 1813797 1
7816 4296 1813807 1
7869 4102 1813817 1
7905 3924 1813827 1
7929 3804 1813837 1
7950 3722 1813847 1
7973 3715 1813857 1
7996 3744 1813867 1
8052 3797 1813877 1
8140 3879 1813887 1
8249 3977 1813897 1
8413 4085 1813907 1
8603 4199 1813917 1
8809 4265 1813927 1
9021 4300 1813937 1
9222 4261 1813947 1
9399 4188 1813957 1
9565 4092 1813967 1
9708 4006 1813977 1
9835 3941 1813987 1
9950 3890 1813997 1
10045 3877 1814007 1
10120 3892 1814017 1
10181 3926 1814027 1
10245 3963 1814037 1
10331 3997 1814047 1
10432 4018 1814057 1
10558 4031 1814067 1
10720 4066 1814077 1
10905 4163 1814087 1
11143 4302 1814097 1
11398 4498 1814107 1
11664 4706 1814117 1
