106
2129 7093 1798746 0
2175 7030 1798756 1
2054 7011 1798766 1
1977 6801 1798776 1
1893 6545 1798786 1
1805 6259 1798796 1
1743 5889 1798806 1
1686 5504 1798816 1
1598 5108 1798826 1
1488 4799 1798836 1
1370 4560 1798846 1
1256 4368 1798856 1
1174 4229 1798866 1
1112 4170 1798876 1
1112 4164 1798886 1
2847 6136 1798976 0
3421 6372 1798986 1
3570 6438 1798996 1
3692 6399 1799006 1
3774 6292 1799016 1
3828 6161 1799026 1
3828 5980 1799036 1
3752 5765 1799046 1
3618 5543 1799056 1
3401 5313 1799066 1
3110 5105 1799076 1
2769 4915 1799086 1
2412 4783 1799096 1
2094 4753 1799106 1
1803 4791 1799116 1
1555 4899 1799126 1
1399 5014 1799136 1
1305 5133 1799146 1
1266 5233 1799156 1
1266 5279 1799166 1
1297 5289 1799176 1
1394 5299 1799186 1
1568 5265 1799196 1
1793 5201 1799206 1
2076 5052 1799216 1
2397 4869 1799226 1
2743 4664 1799236 1
3057 4496 1799246 1
3395 4364 1799256 1
3748 4256 1799266 1
4059 4206 1799276 1
4375 4206 1799286 1
4695 4231 1799296 1
4960 4310 1799306 1
5179 4415 1799316 1
5366 4537 1799326 1
5479 4653 1799336 1
5535 4783 1799346 1
5554 4922 1799356 1
5536 5032 1799366 1
5492 5074 1799376 1
5430 5074 1799386 1
5330 5014 1799396 1
5199 4886 1799406 1
5048 4711 1799416 1
4916 4544 1799426 1
4840 4391 1799436 1
4800 4248 1799446 1
4825 4117 1799456 1
4924 4014 1799466 1
5071 3930 1799476 1
5296 3909 1799486 1
5543 3949 1799496 1
5805 4029 1799506 1
6027 4143 1799516 1
6219 4281 1799526 1
6392 4436 1799536 1
6532 4525 1799546 1
6645 4537 1799556 1
6739 4498 1799566 1
6821 4383 1799576 1
6895 4245 1799586 1
6963 4092 1799596 1
7021 3983 1799606 1
7082 3931 1799616 1
7150 3916 1799626 1
7227 3958 1799636 1
7310 4035 1799646 1
7409 4136 1799656 1
7518 4206 1799666 1
7636 4271 1799676 1
7791 4328 1799686 1
7971 4356 1799696 1
8154 4365 1799706 1
8347 4365 1799716 1
8547 4365 1799726 1
8719 4343 1799736 1
8853 4307 1799746 1
8961 4272 1799756 1
9048 4259 1799766 1
9126 4259 1799776 1
9199 4280 1799786 1
9302 4323 1799796 1
9437 4382 1799806 1
9593 4441 1799816 1
9748 4482 1799826 1
9906 4510 1799836 1
10088 4576 1799846 1
10285 4700 1799856 1
10524 4863 1799866 1
10765 5081 1799876 1
