161
3200 7744 711593 0
3200 7744 711603 1
3115 7712 711613 1
3080 7695 711623 1
3049 7676 711633 1
3017 7628 711643 1
2984 7561 711653 1
2947 7439 711663 1
2906 7245 711673 1
2906 7245 711683 5
2792 6663 711693 5
2723 6234 711703 5
2644 5745 711713 5
2571 5249 711723 5
2501 4823 711733 5
2475 4444 711743 5
2475 4241 711753 5
2493 4153 711763 5
2535 4141 711773 5
2597 4162 711783 5
2597 4162 711793 1
3945 6902 712023 0
3945 6902 712033 1
3945 6902 712043 1
3945 6902 712053 1
4001 6998 712063 1
4126 7072 712073 1
4266 7144 712083 1
4415 7213 712093 1
4565 7274 712103 1
4720 7326 712113 1
4879 7352 712123 1
5002 7361 712133 1
5100 7329 712143 1
5182 7263 712153 1
5240 7175 712163 1
5262 7050 712173 1
5262 6895 712183 1
5234 6719 712193 1
5172 6534 712203 1
5086 6314 712213 1
4965 6071 712223 1
4788 5802 712233 1
4574 5519 712243 1
4317 5226 712253 1
4041 4925 712263 1
3752 4657 712273 1
3475 4412 712283 1
3249 4218 712293 1
3058 4095 712303 1
2899 4020 712313 1
2780 3993 712323 1
2688 4003 712333 1
2598 4037 712343 1
2501 4107 712353 1
2422 4225 712363 1
2358 4374 712373 1
2313 4541 712383 1
2305 4694 712393 1
2322 4838 712403 1
2396 4993 712413 1
2524 5146 712423 1
2687 5308 712433 1
2850 5476 712443 1
3047 5604 712453 1
3267 5666 712463 1
3461 5683 712473 1
3640 5608 712483 1
3640 5608 712493 5
3955 5283 712503 5
4098 5086 712513 5
4239 4896 712523 5
4361 4752 712533 5
4480 4636 712543 5
4598 4557 712553 5
4739 4484 712563 5
4882 4416 712573 5
5053 4360 712583 5
5242 4322 712593 5
5455 4297 712603 5
5670 4327 712613 5
5885 4405 712623 5
6059 4515 712633 5
6206 4643 712643 5
6335 4782 712653 5
6418 4929 712663 5
6471 5058 712673 5
6492 5196 712683 5
6487 5339 712693 5
6464 5470 712703 5
6407 5554 712713 5
6317 5607 712723 5
6206 5615 712733 5
6074 5575 712743 5
5945 5504 712753 5
5824 5387 712763 5
5715 5258 712773 5
5612 5120 712783 5
5559 4990 712793 5
5538 4855 712803 5
5538 4713 712813 5
5569 4591 712823 5
5629 4483 712833 5
5707 4398 712843 5
5820 4348 712853 5
5936 4322 712863 5
6055 4350 712873 5
6196 4423 712883 5
6346 4527 712893 5
6502 4654 712903 5
6655 4806 712913 5
6812 4974 712923 5
6940 5130 712933 5
7047 5274 712943 5
7125 5411 712953 5
7166 5460 712963 5
7183 5420 712973 5
7183 5322 712983 5
7183 5170 712993 5
7183 5039 713003 5
7227 4922 713013 5
7290 4831 713023 5
7367 4776 713033 5
7462 4746 713043 5
7574 4767 713053 5
7696 4825 713063 5
7822 4908 713073 5
7936 4990 713083 5
8043 5068 713093 5
8132 5117 713103 5
8217 5149 713113 5
8298 5167 713123 5
8393 5180 713133 5
8483 5180 713143 5
8569 5180 713153 5
8663 5164 713163 5
8763 5146 713173 5
8873 5123 713183 5
8988 5099 713193 5
9104 5075 713203 5
9221 5053 713213 5
9361 5043 713223 5
9515 5043 713233 5
9670 5068 713243 5
9829 5120 713253 5
9990 5189 713263 5
10149 5239 713273 5
10293 5305 713283 5
10439 5381 713293 5
10560 5416 713303 5
10664 5440 713313 5
10664 5440 713323 4
10825 5486 713333 4
10886 5536 713343 4
10927 5599 713353 4
10977 5687 713363 4
11032 5820 713373 4
11131 5982 713383 4
11241 6133 713393 4
11358 6283 713403 4
11465 6430 713413 4
