207
5867 5677 248847 0
5877 5569 248857 1
5865 5539 248867 1
5854 5515 248877 1
5849 5504 248887 1
5849 5504 248897 1
5849 5504 248907 1
5856 5516 248917 1
5872 5538 248927 1
5897 5599 248937 1
5924 5687 248947 1
5949 5792 248957 1
5966 5911 248967 1
5977 6025 248977 1
5977 6123 248987 1
5964 6211 248997 1
5946 6283 249007 1
5930 6326 249017 1
5914 6349 249027 1
5895 6369 249037 1
5870 6387 249047 1
5844 6387 249057 1
5803 6373 249067 1
5759 6337 249077 1
5712 6259 249087 1
5671 6152 249097 1
5631 6023 249107 1
5596 5875 249117 1
5571 5714 249127 1
5553 5548 249137 1
5553 5380 249147 1
5560 5209 249157 1
5589 5079 249167 1
5644 4976 249177 1
5715 4910 249187 1
5814 4870 249197 1
5904 4847 249207 1
5989 4847 249217 1
6066 4867 249227 1
6140 4891 249237 1
6211 4925 249247 1
6270 4977 249257 1
6322 5040 249267 1
6453 6005 249438 0
6531 5961 249448 1
6531 5961 249458 1
6540 5967 249468 1
6585 5995 249478 1
6652 6041 249488 1
6734 6093 249498 1
6818 6144 249508 1
6902 6176 249518 1
6842 5745 249628 0
6830 5557 249638 1
6807 5429 249648 1
6773 5293 249658 1
6762 5153 249668 1
6752 5066 249678 1
6745 5015 249688 1
6745 4987 249698 1
6751 4979 249708 1
6766 4990 249718 1
6796 5015 249728 1
7041 5686 249799 0
7153 5890 249809 1
7183 5931 249819 1
7201 5945 249829 1
7212 5945 249839 1
7217 5925 249849 1
7217 5850 249859 1
7206 5740 249869 1
7188 5607 249879 1
7172 5513 249889 1
7156 5434 249899 1
7141 5364 249909 1
7132 5341 249919 1
7132 5336 249929 1
7132 5342 249939 1
7143 5373 249949 1
7155 5430 249959 1
7170 5504 249969 1
7191 5589 249979 1
7219 5698 249989 1
7255 5822 249999 1
7309 5942 250009 1
7374 6020 250019 1
7432 6069 250029 1
7483 6097 250039 1
7529 6105 250049 1
7561 6100 250059 1
7588 6065 250069 1
7612 5975 250079 1
7612 5849 250089 1
7617 5743 250099 1
7617 5666 250109 1
7624 5609 250119 1
7632 5591 250129 1
7646 5591 250139 1
7665 5607 250149 1
8072 6360 250239 0
8144 6454 250249 1
8144 6460 250259 1
8125 6449 250269 1
8112 6424 250279 1
8089 6323 250289 1
8059 6172 250299 1
8039 6029 250309 1
8053 5932 250319 1
8090 5867 250329 1
8142 5830 250339 1
8189 5824 250349 1
8233 5839 250359 1
8261 5884 250369 1
8278 5945 250379 1
8288 6017 250389 1
8281 6100 250399 1
8254 6201 250409 1
8214 6315 250419 1
8158 6463 250429 1
8084 6627 250439 1
7999 6801 250449 1
7902 6981 250459 1
7798 7145 250469 1
7690 7282 250479 1
7592 7406 250489 1
7522 7490 250499 1
7470 7542 250509 1
7429 7573 250519 1
7391 7583 250529 1
7376 7589 250539 1
7376 7589 250549 1
7392 7579 250559 1
8536 6814 250720 0
8471 6712 250730 1
8412 6670 250740 1
8395 6625 250750 1
8407 6562 250760 1
8423 6488 250770 1
8443 6437 250780 1
8481 6398 250790 1
8529 6368 250800 1
8583 6356 250810 1
8637 6356 250820 1
8685 6356 250830 1
8728 6388 250840 1
8768 6437 250850 1
8799 6500 250860 1
8823 6580 250870 1
8840 6692 250880 1
8853 6826 250890 1
8863 6991 250900 1
8869 7117 250910 1
8878 7217 250920 1
8878 7283 250930 1
8860 7296 250940 1
8853 7274 250950 1
8831 7243 250960 1
8800 7157 250970 1
8759 7034 250980 1
8719 6817 250990 1
8680 6567 251000 1
8668 6295 251010 1
8673 5995 251020 1
8695 5674 251030 1
8720 5338 251040 1
8775 5078 251050 1
8848 4871 251060 1
8887 4699 251070 1
8930 4585 251080 1
8976 4481 251090 1
8976 4385 251100 1
8990 4333 251110 1
9012 4296 251120 1
8998 4270 251130 1
8954 4258 251140 1
8891 4269 251150 1
8762 4295 251160 1
8585 4323 251170 1
8377 4348 251180 1
8107 4369 251190 1
7801 4388 251200 1
7470 4402 251210 1
7105 4413 251220 1
6743 4418 251230 1
6383 4399 251240 1
6022 4365 251250 1
5682 4257 251260 1
5356 4093 251270 1
5034 3892 251280 1
4743 3678 251290 1
4472 3490 251300 1
4285 3384 251310 1
4181 3325 251320 1
4131 3313 251330 1
4173 3358 251340 1
4323 3441 251350 1
4546 3616 251360 1
4900 3872 251370 1
5325 4181 251380 1
5798 4560 251390 1
6344 4956 251400 1
6940 5364 251410 1
7570 5733 251420 1
8163 6088 251430 1
8731 6433 251440 1
9283 6718 251450 1
9761 6953 251460 1
