315
4671 5198 1436435 0
4671 5198 1436445 1
4686 5263 1436455 1
4686 5276 1436465 1
4686 5293 1436475 1
4720 5372 1436485 1
4765 5489 1436495 1
4820 5626 1436505 1
4862 5773 1436515 1
4895 5928 1436525 1
4895 6076 1436535 1
4870 6182 1436545 1
4820 6259 1436555 1
4723 6282 1436565 1
4588 6251 1436575 1
4427 6183 1436585 1
4251 6066 1436595 1
4066 5890 1436605 1
3875 5674 1436615 1
3743 5439 1436625 1
3612 5166 1436635 1
3527 4869 1436645 1
3473 4573 1436655 1
3480 4326 1436665 1
3562 4112 1436675 1
3693 3979 1436685 1
3863 3893 1436695 1
4085 3839 1436705 1
4342 3856 1436715 1
4604 3918 1436725 1
4869 4009 1436735 1
5111 4135 1436745 1
5335 4276 1436755 1
5501 4426 1436765 1
5616 4546 1436775 1
5697 4640 1436785 1
5725 4716 1436795 1
5725 4751 1436805 1
5702 4763 1436815 1
5873 5108 1437376 0
5909 5194 1437386 1
5919 5240 1437396 1
5928 5287 1437406 1
5943 5333 1437416 1
5957 5361 1437426 1
5963 5378 1437436 1
5963 5378 1437446 1
5963 5361 1437456 1
5968 5327 1437466 1
5951 5226 1437476 1
5922 5068 1437486 1
5867 4871 1437496 1
5809 4690 1437506 1
5748 4550 1437516 1
5718 4438 1437526 1
5739 4387 1437536 1
5795 4377 1437546 1
5876 4394 1437556 1
5961 4454 1437566 1
6054 4537 1437576 1
6150 4636 1437586 1
6247 4750 1437596 1
6336 4891 1437606 1
6420 5051 1437616 1
6495 5203 1437626 1
6546 5305 1437636 1
6580 5374 1437646 1
6574 5361 1437656 1
6574 5343 1437666 1
6535 5251 1437676 1
6476 5110 1437686 1
6416 4968 1437696 1
6361 4835 1437706 1
6317 4708 1437716 1
6292 4611 1437726 1
6280 4538 1437736 1
6292 4481 1437746 1
6310 4456 1437756 1
6338 4462 1437766 1
6372 4489 1437776 1
6410 4555 1437786 1
6452 4649 1437796 1
6497 4763 1437806 1
6540 4916 1437816 1
6583 5039 1437826 1
6615 5141 1437836 1
6639 5181 1437846 1
6634 5187 1437856 1
6634 5170 1437866 1
6629 5170 1437876 1
6611 5114 1437886 1
6582 5029 1437896 1
6555 4931 1437906 1
6563 4849 1437916 1
6593 4779 1437926 1
6667 4735 1437936 1
6775 4716 1437946 1
6906 4716 1437956 1
7024 4743 1437966 1
7142 4796 1437976 1
7249 4865 1437986 1
7349 4952 1437996 1
7404 5067 1438006 1
7420 5202 1438016 1
7409 5336 1438026 1
7380 5438 1438036 1
7338 5518 1438046 1
7288 5547 1438056 1
7242 5547 1438066 1
7198 5526 1438076 1
7156 5463 1438086 1
7101 5347 1438096 1
7038 5197 1438106 1
6991 5069 1438116 1
6963 4960 1438126 1
6947 4865 1438136 1
6960 4827 1438146 1
7003 4827 1438156 1
7065 4864 1438166 1
7155 4972 1438176 1
7255 5115 1438186 1
7362 5281 1438196 1
7453 5494 1438206 1
7529 5734 1438216 1
7594 5991 1438226 1
7649 6250 1438236 1
7705 6491 1438246 1
7735 6719 1438256 1
7748 6869 1438266 1
7739 6978 1438276 1
7725 7061 1438286 1
7707 7109 1438296 1
7700 7128 1438306 1
7700 7128 1438316 1
7700 7128 1438326 1
7700 7072 1438336 1
7683 6990 1438346 1
7652 6841 1438356 1
7620 6716 1438366 1
7596 6606 1438376 1
7635 5293 1438939 0
7730 5519 1438949 1
7754 5631 1438959 1
7796 5704 1438969 1
7825 5722 1438979 1
7832 5712 1438989 1
7832 5684 1438999 1
7822 5627 1439009 1
7806 5534 1439019 1
7784 5416 1439029 1
7772 5284 1439039 1
7761 5158 1439049 1
7753 5037 1439059 1
7748 4914 1439069 1
7748 4796 1439079 1
7780 4730 1439089 1
7827 4698 1439099 1
7906 4721 1439109 1
7985 4816 1439119 1
8082 4960 1439129 1
8191 5115 1439139 1
8311 5307 1439149 1
8426 5524 1439159 1
8538 5717 1439169 1
8606 5846 1439179 1
8634 5932 1439189 1
8634 5951 1439199 1
8622 5964 1439209 1
8613 5969 1439219 1
8607 5969 1439229 1
8607 5969 1439239 1
8607 5969 1439249 1
8615 5969 1439259 1
8622 5969 1439269 1
8628 5964 1439279 1
8633 5964 1439289 1
8645 5976 1439299 1
8656 5987 1439309 1
8668 5996 1439319 1
8668 6001 1439329 1
8668 6001 1439339 1
8668 6001 1439349 1
8668 6001 1439359 1
8668 6001 1439369 1
8668 6001 1439379 1
8668 5996 1439389 1
8660 5996 1439399 1
8660 5991 1439409 1
8660 5991 1439419 1
8660 5991 1439429 1
8660 5991 1439439 1
8660 5991 1439449 1
8660 5991 1439459 1
8660 5991 1439469 1
8660 5991 1439479 1
8655 5991 1439489 1
8655 5991 1439499 1
8655 5986 1439509 1
8650 5986 1439519 1
8650 5986 1439529 1
8643 5986 1439539 1
8643 5986 1439549 1
8643 5986 1439559 1
8643 5986 1439569 1
8643 5986 1439579 1
8643 5986 1439589 1
8643 5986 1439599 1
8643 5986 1439609 1
8643 5986 1439619 1
8637 5991 1439629 1
8637 5991 1439639 1
8627 5998 1439649 1
8627 5998 1439659 1
8627 5998 1439669 1
8627 6004 1439679 1
8627 6004 1439689 1
8627 6004 1439699 1
8627 6004 1439709 1
8627 6004 1439719 1
8627 6004 1439729 1
8627 6004 1439739 1
8627 6004 1439749 1
8627 6004 1439759 1
8627 6004 1439769 1
8627 6004 1439779 1
8627 6004 1439789 1
8627 6004 1439799 1
8627 6004 1439809 1
8627 6004 1439819 1
8627 6004 1439829 1
8627 6004 1439839 1
8627 6004 1439849 1
8627 6004 1439859 1
8627 5993 1439869 1
8633 5942 1439879 1
8612 5865 1439889 1
8573 5733 1439899 1
8517 5572 1439909 1
8440 5393 1439919 1
8350 5170 1439929 1
8259 4942 1439939 1
8170 4711 1439949 1
8076 4480 1439959 1
7977 4260 1439969 1
7891 4052 1439979 1
7792 3856 1439989 1
7676 3665 1439999 1
7568 3519 1440009 1
7446 3382 1440019 1
7314 3252 1440029 1
7166 3163 1440039 1
7018 3121 1440049 1
6846 3110 1440059 1
6657 3133 1440069 1
6444 3175 1440079 1
6205 3229 1440089 1
5948 3258 1440099 1
5688 3251 1440109 1
5404 3221 1440119 1
5105 3172 1440129 1
4856 3132 1440139 1
4619 3099 1440149 1
4389 3089 1440159 1
4202 3104 1440169 1
4020 3135 1440179 1
3872 3187 1440189 1
3746 3236 1440199 1
3598 3284 1440209 1
3454 3284 1440219 1
3305 3243 1440229 1
3152 3165 1440239 1
3034 3105 1440249 1
2975 3067 1440259 1
2955 3045 1440269 1
2971 3037 1440279 1
3016 3037 1440289 1
3079 3052 1440299 1
3149 3085 1440309 1
3217 3130 1440319 1
3265 3183 1440329 1
3299 3237 1440339 1
3309 3287 1440349 1
3309 3312 1440359 1
3301 3323 1440369 1
3301 3323 1440379 1
3307 3318 1440389 1
3338 3309 1440399 1
3388 3299 1440409 1
3477 3317 1440419 1
3644 3353 1440429 1
3864 3425 1440439 1
4147 3521 1440449 1
4503 3634 1440459 1
4907 3745 1440469 1
5319 3858 1440479 1
5755 3973 1440489 1
6218 4090 1440499 1
6690 4248 1440509 1
7192 4433 1440519 1
7726 4635 1440529 1
8282 4857 1440539 1
8840 5092 1440549 1
9341 5298 1440559 1
9805 5499 1440569 1
10214 5642 1440579 1
10538 5748 1440589 1
10805 5828 1440599 1
10960 5874 1440609 1
11010 5898 1440619 1
10991 5898 1440629 1
10908 5898 1440639 1
10810 5868 1440649 1
10701 5830 1440659 1
10631 5806 1440669 1
10596 5786 1440679 1
