201
5695 5944 478197 0
5695 5944 478207 1
5695 5944 478217 1
5695 5944 478227 1
5695 5944 478237 1
5695 5944 478247 1
5695 5944 478257 1
5707 6074 478267 1
5741 6176 478277 1
5768 6279 478287 1
5774 6382 478297 1
5766 6438 478307 1
5741 6490 478317 1
5702 6534 478327 1
5653 6551 478337 1
5599 6551 478347 1
5539 6515 478357 1
5475 6429 478367 1
5414 6308 478377 1
5352 6152 478387 1
5290 5994 478397 1
5235 5814 478407 1
5209 5621 478417 1
5199 5470 478427 1
5223 5314 478437 1
5267 5156 478447 1
5325 5041 478457 1
5404 4963 478467 1
5499 4909 478477 1
5605 4886 478487 1
5725 4886 478497 1
5847 4905 478507 1
5954 4957 478517 1
6049 5029 478527 1
6130 5114 478537 1
6388 6090 478708 0
6363 6015 478718 1
6324 6001 478728 1
6312 6006 478738 1
6340 6006 478748 1
6381 6012 478758 1
6431 6025 478768 1
6489 6043 478778 1
6552 6068 478788 1
6610 6089 478798 1
6664 6107 478808 1
6616 5859 478868 0
6539 5637 478878 1
6477 5518 478888 1
6431 5398 478898 1
6405 5273 478908 1
6391 5146 478918 1
6386 5064 478928 1
6396 5019 478938 1
6417 4999 478948 1
6450 5017 478958 1
6823 5802 479038 0
6925 5980 479048 1
6941 6004 479058 1
6941 6004 479068 1
6941 5958 479078 1
6927 5888 479088 1
6914 5749 479098 1
6900 5635 479108 1
6884 5538 479118 1
6871 5454 479128 1
6862 5392 479138 1
6855 5346 479148 1
6855 5306 479158 1
6855 5290 479168 1
6855 5290 479178 1
6869 5306 479188 1
6883 5374 479198 1
6897 5476 479208 1
6917 5604 479218 1
6946 5748 479228 1
6987 5903 479238 1
7021 5971 479248 1
7049 6000 479258 1
7083 6000 479268 1
7120 6005 479278 1
7162 5981 479288 1
7199 5941 479298 1
7232 5851 479308 1
7243 5741 479318 1
7243 5619 479328 1
7238 5509 479338 1
7244 5444 479348 1
7253 5408 479358 1
7270 5388 479368 1
7294 5396 479378 1
7652 5970 479449 0
7808 6214 479459 1
7850 6277 479469 1
7850 6320 479479 1
7826 6347 479489 1
7794 6342 479499 1
7745 6316 479509 1
7691 6238 479519 1
7633 6142 479529 1
7590 6034 479539 1
7571 5913 479549 1
7571 5811 479559 1
7600 5721 479569 1
7635 5668 479579 1
7676 5633 479589 1
7716 5611 479599 1
7755 5606 479609 1
7782 5606 479619 1
7801 5621 479629 1
7801 5645 479639 1
7801 5696 479649 1
7783 5766 479659 1
7751 5872 479669 1
7703 6020 479679 1
7643 6196 479689 1
7578 6434 479699 1
7507 6694 479709 1
7432 6968 479719 1
7348 7254 479729 1
7254 7424 479739 1
7154 7517 479749 1
7057 7517 479759 1
6984 7508 479769 1
6928 7494 479779 1
6886 7474 479789 1
6874 7463 479799 1
6882 7463 479809 1
6918 7429 479819 1
8212 6484 480050 0
8064 6551 480060 1
8024 6551 480070 1
7997 6541 480080 1
7986 6529 480090 1
7986 6452 480100 1
7986 6332 480110 1
7994 6190 480120 1
8040 6078 480130 1
8107 5987 480140 1
8188 5925 480150 1
8257 5890 480160 1
8317 5874 480170 1
8355 5881 480180 1
8378 5918 480190 1
8390 5976 480200 1
8400 6067 480210 1
8400 6177 480220 1
8395 6299 480230 1
8390 6438 480240 1
8390 6539 480250 1
8390 6614 480260 1
8385 6597 480270 1
8385 6579 480280 1
8385 6477 480290 1
8367 6319 480300 1
8333 6083 480310 1
8292 5785 480320 1
8268 5445 480330 1
8250 5056 480340 1
8267 4733 480350 1
8305 4454 480360 1
8327 4219 480370 1
8345 4052 480380 1
8340 3931 480390 1
8322 3825 480400 1
8295 3752 480410 1
8247 3701 480420 1
8184 3665 480430 1
8088 3650 480440 1
7956 3650 480450 1
7800 3650 480460 1
7579 3663 480470 1
7331 3679 480480 1
7065 3712 480490 1
6777 3757 480500 1
6435 3822 480510 1
6057 3890 480520 1
5692 3960 480530 1
5316 4031 480540 1
4933 4052 480550 1
4594 4036 480560 1
4238 3995 480570 1
3871 3889 480580 1
3583 3752 480590 1
3345 3594 480600 1
3140 3500 480610 1
3081 3479 480620 1
3133 3507 480630 1
3258 3608 480640 1
3471 3756 480650 1
3776 3935 480660 1
4143 4135 480670 1
4618 4383 480680 1
5184 4664 480690 1
5811 4989 480700 1
6476 5292 480710 1
7160 5581 480720 1
7857 5803 480730 1
8462 5993 480740 1
8993 6161 480750 1
9474 6283 480760 1
