230
4660 6248 759201 0
4660 6248 759211 1
4719 6349 759221 1
4727 6419 759231 1
4749 6488 759241 1
4773 6576 759251 1
4790 6677 759261 1
4790 6771 759271 1
4783 6863 759281 1
4752 6954 759291 1
4705 7027 759301 1
4646 7088 759311 1
4564 7130 759321 1
4462 7140 759331 1
4346 7130 759341 1
4220 7077 759351 1
4087 6964 759361 1
3948 6812 759371 1
3836 6654 759381 1
3737 6440 759391 1
3646 6190 759401 1
3549 5909 759411 1
3495 5615 759421 1
3470 5313 759431 1
3498 5048 759441 1
3578 4811 759451 1
3693 4593 759461 1
3825 4469 759471 1
3989 4424 759481 1
4175 4432 759491 1
4367 4495 759501 1
4562 4609 759511 1
4758 4758 759521 1
4907 4961 759531 1
5029 5128 759541 1
5133 5270 759551 1
5198 5385 759561 1
5226 5463 759571 1
5226 5516 759581 1
4973 5923 759712 0
5059 5958 759722 1
5077 6018 759732 1
5128 6055 759742 1
5206 6104 759752 1
5273 6156 759762 1
5332 6205 759772 1
5383 6237 759782 1
5429 6270 759792 1
5471 6303 759802 1
5507 6334 759812 1
5534 6362 759822 1
5448 6254 759902 0
5441 6022 759912 1
5441 5917 759922 1
5422 5826 759932 1
5422 5682 759942 1
5440 5536 759952 1
5455 5375 759962 1
5472 5205 759972 1
5495 5091 759982 1
5525 5041 759992 1
5563 5034 760002 1
5608 5078 760012 1
5798 5685 760072 0
5855 5858 760082 1
5855 5902 760092 1
5861 5895 760102 1
5861 5882 760112 1
5880 5815 760122 1
5896 5713 760132 1
5896 5713 760142 5
5922 5492 760152 5
5931 5391 760162 5
5944 5297 760172 5
5957 5238 760182 5
5972 5210 760192 5
5989 5204 760202 5
6013 5220 760212 5
6043 5282 760222 5
6076 5374 760232 5
6101 5469 760242 5
6120 5546 760252 5
6129 5611 760262 5
6129 5647 760272 5
6129 5657 760282 5
6129 5650 760292 5
6149 5615 760302 5
6176 5543 760312 5
6213 5446 760322 5
6253 5373 760332 5
6299 5335 760342 5
6360 5321 760352 5
6431 5388 760362 5
6431 5388 760372 4
6624 5665 760382 4
6722 5793 760392 4
6794 5918 760402 4
6856 6021 760412 4
6911 6112 760422 4
6911 6112 760433 5
7022 6190 760443 5
7035 6202 760453 5
7026 6212 760463 5
7026 6227 760473 5
7033 6263 760483 5
7033 6310 760493 5
7018 6340 760503 5
6998 6366 760513 5
6962 6366 760523 5
6905 6341 760533 5
6835 6257 760543 5
6738 6119 760553 5
6643 5944 760563 5
6582 5748 760573 5
6543 5624 760583 5
6557 5549 760593 5
6615 5538 760603 5
6701 5608 760613 5
6827 5731 760623 5
6934 5941 760633 5
7028 6161 760643 5
7101 6387 760653 5
7140 6614 760663 5
7157 6843 760673 5
7157 6843 760683 1
7109 7347 760693 1
7058 7578 760703 1
6990 7708 760713 1
6918 7772 760723 1
6843 7790 760733 1
6777 7749 760743 1
6701 7670 760753 1
6645 7521 760763 1
6605 7332 760773 1
6605 7332 760783 5
6617 6868 760793 5
6659 6615 760803 5
6739 6359 760813 5
6838 6102 760823 5
6950 5934 760833 5
7050 5829 760843 5
7150 5765 760853 5
7250 5753 760863 5
7350 5791 760873 5
7350 5791 760883 4
7504 5956 760893 4
7529 6049 760903 4
7517 6154 760913 4
7647 6935 761104 0
7739 6828 761114 1
7653 6741 761124 1
7622 6646 761134 1
7628 6536 761144 1
7628 6536 761154 5
7711 6357 761164 5
7768 6277 761174 5
7822 6220 761184 5
7871 6179 761194 5
7906 6162 761204 5
7934 6162 761214 5
7950 6181 761224 5
7968 6234 761234 5
7986 6342 761244 5
8009 6487 761254 5
8031 6665 761264 5
8049 6855 761274 5
8064 7053 761284 5
8055 7122 761294 5
8046 7131 761304 5
8037 7100 761314 5
8025 7019 761324 5
8017 6880 761334 5
8017 6703 761344 5
8030 6539 761354 5
8047 6348 761364 5
8069 6139 761374 5
8100 5898 761384 5
8140 5653 761394 5
8186 5427 761404 5
8239 5216 761414 5
8298 5083 761424 5
8326 4995 761434 5
8326 4938 761444 5
8309 4904 761454 5
8264 4869 761464 5
8182 4829 761474 5
8076 4782 761484 5
7930 4720 761494 5
7726 4653 761504 5
7482 4580 761514 5
7482 4580 761524 1
6871 4392 761534 1
6521 4268 761544 1
6147 4148 761554 1
5784 4055 761564 1
5438 3979 761574 1
5181 3963 761584 1
4983 3980 761594 1
4877 4020 761604 1
4828 4094 761614 1
4817 4225 761624 1
4858 4394 761634 1
4955 4580 761644 1
5089 4782 761654 1
5295 4994 761664 1
5562 5179 761674 1
5870 5360 761684 1
6174 5494 761694 1
6530 5599 761704 1
6920 5687 761714 1
7274 5784 761724 1
7666 5886 761734 1
7666 5886 761744 5
8509 6125 761754 5
8934 6267 761764 5
9310 6433 761774 5
9653 6561 761784 5
9956 6664 761794 5
10176 6739 761804 5
10340 6784 761814 5
10477 6809 761824 5
10578 6830 761834 5
10656 6857 761844 5
10731 6902 761854 5
10799 6957 761864 5
10861 7012 761874 5
10907 7060 761884 5
10919 7098 761894 5
10919 7098 761904 4
10806 7045 761914 4
