271
5071 4892 1430046 0
5071 4892 1430056 1
5071 4892 1430066 1
5071 4892 1430076 1
5071 4892 1430086 1
5071 4892 1430096 1
5071 4892 1430106 1
5071 4892 1430116 1
5071 4983 1430126 1
5094 5073 1430136 1
5120 5171 1430146 1
5129 5275 1430156 1
5129 5358 1430166 1
5093 5410 1430176 1
5044 5442 1430186 1
4985 5442 1430196 1
4907 5395 1430206 1
4808 5319 1430216 1
4695 5221 1430226 1
4554 5103 1430236 1
4436 4971 1430246 1
4332 4792 1430256 1
4255 4605 1430266 1
4201 4412 1430276 1
4161 4143 1430286 1
4119 3847 1430296 1
4104 3533 1430306 1
4104 3199 1430316 1
4127 2903 1430326 1
4185 2633 1430336 1
4269 2468 1430346 1
4398 2368 1430356 1
4583 2311 1430366 1
4806 2326 1430376 1
5030 2417 1430386 1
5277 2560 1430396 1
5527 2762 1430406 1
5772 2970 1430416 1
5948 3182 1430426 1
6079 3379 1430436 1
6475 4112 1430607 0
6477 4213 1430617 1
6471 4232 1430627 1
6471 4227 1430637 1
6478 4215 1430647 1
6489 4174 1430657 1
6489 4114 1430667 1
6482 3985 1430677 1
6462 3831 1430687 1
6432 3661 1430697 1
6396 3518 1430707 1
6364 3380 1430717 1
6331 3245 1430727 1
6307 3125 1430737 1
6290 3065 1430747 1
6319 3046 1430757 1
7098 4170 1430877 0
7098 4170 1430887 1
7027 4155 1430897 1
7018 4148 1430907 1
7025 4137 1430917 1
7033 4098 1430927 1
7038 4042 1430937 1
7032 3956 1430947 1
7020 3847 1430957 1
6995 3724 1430967 1
6962 3618 1430977 1
6923 3515 1430987 1
6876 3413 1430997 1
6850 3367 1431007 1
6850 3354 1431017 1
6858 3362 1431027 1
6876 3392 1431037 1
6911 3478 1431047 1
6956 3602 1431057 1
7014 3761 1431067 1
7074 3930 1431077 1
7135 4106 1431087 1
7195 4242 1431097 1
7233 4311 1431107 1
7257 4336 1431117 1
7266 4331 1431127 1
7279 4326 1431137 1
7300 4290 1431147 1
7329 4235 1431157 1
7339 4128 1431167 1
7339 4027 1431177 1
7344 3931 1431187 1
7356 3841 1431197 1
7376 3759 1431207 1
7395 3683 1431217 1
7412 3620 1431227 1
7424 3575 1431237 1
7435 3543 1431247 1
7445 3543 1431257 1
7472 3598 1431267 1
7527 3681 1431277 1
7600 3844 1431287 1
7698 4006 1431297 1
7797 4113 1431307 1
7864 4183 1431317 1
7909 4183 1431327 1
7928 4170 1431337 1
7936 4150 1431347 1
7936 4113 1431357 1
7936 4074 1431367 1
7945 4033 1431377 1
7957 4000 1431387 1
7976 3972 1431397 1
7998 3952 1431407 1
8016 3943 1431417 1
8033 3943 1431427 1
8045 3943 1431437 1
8056 3956 1431447 1
8065 3972 1431457 1
8071 4004 1431467 1
8071 4053 1431477 1
8071 4113 1431487 1
8078 4186 1431497 1
8078 4272 1431507 1
8090 4368 1431517 1
8098 4421 1431527 1
8098 4439 1431537 1
8089 4439 1431547 1
8083 4431 1431557 1
8035 4371 1431567 1
7959 4273 1431577 1
7851 4149 1431587 1
7756 4035 1431597 1
7669 3927 1431607 1
7656 3830 1431617 1
7688 3765 1431627 1
7750 3721 1431637 1
7844 3716 1431647 1
7947 3759 1431657 1
8055 3833 1431667 1
8163 3945 1431677 1
8273 4084 1431687 1
8352 4241 1431697 1
8410 4435 1431707 1
8436 4626 1431717 1
8458 4846 1431727 1
8477 5087 1431737 1
8517 5333 1431747 1
8560 5573 1431757 1
8613 5808 1431767 1
8672 5993 1431777 1
8700 6053 1431787 1
8710 6030 1431797 1
8710 5995 1431807 1
8710 5880 1431817 1
8670 5713 1431827 1
8597 5532 1431837 1
8534 5309 1431847 1
8475 5058 1431857 1
8423 4780 1431867 1
8376 4512 1431877 1
8337 4252 1431887 1
8304 3976 1431897 1
8276 3752 1431907 1
8311 3563 1431917 1
8388 3449 1431927 1
8470 3362 1431937 1
8546 3294 1431947 1
8619 3265 1431957 1
8666 3265 1431967 1
8685 3274 1431977 1
8685 3285 1431987 1
8685 3319 1431997 1
8676 3368 1432007 1
8664 3414 1432017 1
8653 3460 1432027 1
8838 4795 1432549 0
8899 4866 1432559 1
8894 4897 1432569 1
8873 4897 1432579 1
8883 4891 1432589 1
8894 4854 1432599 1
8904 4796 1432609 1
8889 4687 1432619 1
8860 4550 1432629 1
8825 4394 1432639 1
8809 4260 1432649 1
8809 4183 1432659 1
8831 4145 1432669 1
8862 4125 1432679 1
8911 4138 1432689 1
8970 4174 1432699 1
9048 4269 1432709 1
9129 4388 1432719 1
9212 4524 1432729 1
9293 4661 1432739 1
9365 4806 1432749 1
9432 4957 1432759 1
9475 5068 1432769 1
9495 5126 1432779 1
9500 5150 1432789 1
9500 5150 1432799 1
9500 5145 1432809 1
9494 5135 1432819 1
9494 5121 1432829 1
9469 5036 1432839 1
9435 4900 1432849 1
9387 4731 1432859 1
9325 4549 1432869 1
9253 4317 1432879 1
9186 4051 1432889 1
9117 3773 1432899 1
9044 3502 1432909 1
8967 3235 1432919 1
8892 3005 1432929 1
8819 2801 1432939 1
8748 2614 1432949 1
8677 2458 1432959 1
8583 2314 1432969 1
8473 2178 1432979 1
8352 2082 1432989 1
8196 2024 1432999 1
8041 1991 1433009 1
7854 1991 1433019 1
7645 1991 1433029 1
7419 1991 1433039 1
7160 1975 1433049 1
6879 1950 1433059 1
6562 1919 1433069 1
6248 1890 1433079 1
5936 1881 1433089 1
5638 1886 1433099 1
5349 1914 1433109 1
5076 1941 1433119 1
4848 1964 1433129 1
4649 1974 1433139 1
4439 1974 1433149 1
4274 1974 1433159 1
4140 1974 1433169 1
4069 1974 1433179 1
4060 1983 1433189 1
4091 1996 1433199 1
4192 2037 1433209 1
4360 2096 1433219 1
4572 2183 1433229 1
4886 2303 1433239 1
5203 2445 1433249 1
5592 2605 1433259 1
6028 2800 1433269 1
6506 3018 1433279 1
7014 3229 1433289 1
7541 3438 1433299 1
8100 3619 1433309 1
8607 3781 1433319 1
9079 3949 1433329 1
9489 4108 1433339 1
9860 4252 1433349 1
10206 4397 1433359 1
10500 4519 1433369 1
10735 4627 1433379 1
10930 4714 1433389 1
11089 4796 1433399 1
11187 4849 1433409 1
11243 4885 1433419 1
11243 4885 1433429 1
11224 4885 1433439 1
11191 4885 1433449 1
11122 4853 1433459 1
11037 4816 1433469 1
10942 4773 1433479 1
10866 4743 1433489 1
10796 4722 1433499 1
10747 4707 1433509 1
10711 4694 1433519 1
10695 4682 1433529 1
