197
4457 6146 1699293 0
4457 6146 1699303 1
4457 6146 1699313 1
4457 6146 1699323 1
4457 6146 1699333 1
4548 6189 1699343 1
4598 6247 1699353 1
4649 6319 1699363 1
4704 6422 1699373 1
4761 6536 1699383 1
4815 6657 1699393 1
4833 6758 1699403 1
4828 6834 1699413 1
4785 6893 1699423 1
4700 6931 1699433 1
4588 6922 1699443 1
4469 6882 1699453 1
4342 6791 1699463 1
4210 6698 1699473 1
4074 6558 1699483 1
3943 6388 1699493 1
3819 6141 1699503 1
3729 5906 1699513 1
3663 5680 1699523 1
3613 5456 1699533 1
3630 5276 1699543 1
3691 5125 1699553 1
3795 5058 1699563 1
3928 5048 1699573 1
4080 5075 1699583 1
4244 5146 1699593 1
4355 5220 1699603 1
4430 5296 1699613 1
4495 5364 1699623 1
4545 5403 1699633 1
5131 5790 1699844 0
5131 5790 1699854 1
5131 5790 1699864 1
5131 5790 1699874 1
5131 5790 1699884 1
5086 5627 1699894 1
5059 5469 1699904 1
5024 5275 1699914 1
4983 5146 1699924 1
4951 5063 1699934 1
4927 5010 1699944 1
4927 5010 1699954 1
4927 5020 1699964 1
4937 5045 1699974 1
5099 6148 1700094 0
5099 6148 1700104 1
5004 6217 1700114 1
4993 6234 1700124 1
5003 6261 1700134 1
5028 6295 1700144 1
5079 6332 1700154 1
5135 6343 1700164 1
5187 6338 1700174 1
5684 5952 1700314 0
5773 5969 1700324 1
5780 5993 1700334 1
5780 5981 1700344 1
5775 5963 1700354 1
5775 5899 1700364 1
5760 5806 1700374 1
5735 5682 1700384 1
5700 5557 1700394 1
5667 5435 1700404 1
5635 5356 1700414 1
5622 5302 1700424 1
5622 5296 1700434 1
5633 5307 1700444 1
5667 5330 1700454 1
5705 5400 1700464 1
5757 5484 1700474 1
5816 5578 1700484 1
5868 5670 1700494 1
5923 5782 1700504 1
5982 5908 1700514 1
6050 6023 1700524 1
6123 6089 1700534 1
6175 6122 1700544 1
6215 6122 1700554 1
6247 6110 1700564 1
6265 6089 1700574 1
6278 6061 1700584 1
6288 6004 1700594 1
6288 5928 1700604 1
6296 5822 1700614 1
6296 5716 1700624 1
6304 5610 1700634 1
6311 5567 1700644 1
6326 5567 1700654 1
6360 5608 1700664 1
7201 6270 1700805 0
7290 6223 1700815 1
7213 6261 1700825 1
7219 6298 1700835 1
7236 6357 1700845 1
7259 6431 1700855 1
7250 6477 1700865 1
7226 6520 1700875 1
7193 6561 1700885 1
7165 6581 1700895 1
7135 6576 1700905 1
7103 6554 1700915 1
7061 6511 1700925 1
7011 6437 1700935 1
6960 6343 1700945 1
6910 6234 1700955 1
6864 6124 1700965 1
6825 6024 1700975 1
6816 5931 1700985 1
6825 5854 1700995 1
6864 5807 1701005 1
6923 5781 1701015 1
6995 5781 1701025 1
7083 5801 1701035 1
7180 5843 1701045 1
7283 5900 1701055 1
7357 5957 1701065 1
7395 6014 1701075 1
7410 6114 1701085 1
7429 6242 1701095 1
7450 6457 1701105 1
7498 6723 1701115 1
7562 7022 1701125 1
7613 7356 1701135 1
7634 7586 1701145 1
7634 7748 1701155 1
7617 7795 1701165 1
7590 7788 1701175 1
7557 7744 1701185 1
7532 7672 1701195 1
7532 7599 1701205 1
7553 7525 1701215 1
8019 6803 1701576 0
8019 6803 1701586 1
7967 6736 1701596 1
7954 6719 1701606 1
7954 6608 1701616 1
7931 6483 1701626 1
7910 6350 1701636 1
7888 6251 1701646 1
7900 6174 1701656 1
7915 6112 1701666 1
7940 6088 1701676 1
7970 6095 1701686 1
8023 6123 1701696 1
8091 6195 1701706 1
8174 6303 1701716 1
8252 6436 1701726 1
8327 6574 1701736 1
8395 6681 1701746 1
8437 6767 1701756 1
8461 6805 1701766 1
8461 6814 1701776 1
8461 6804 1701786 1
8454 6797 1701796 1
8420 6736 1701806 1
8380 6640 1701816 1
8336 6429 1701826 1
8300 6120 1701836 1
8239 5747 1701846 1
8160 5337 1701856 1
8108 4965 1701866 1
8031 4618 1701876 1
7938 4364 1701886 1
7788 4142 1701896 1
7610 3942 1701906 1
7414 3794 1701916 1
7198 3684 1701926 1
6965 3599 1701936 1
6720 3540 1701946 1
6406 3502 1701956 1
6053 3479 1701966 1
5675 3474 1701976 1
5214 3496 1701986 1
4735 3537 1701996 1
4244 3599 1702006 1
3795 3664 1702016 1
3442 3730 1702026 1
3154 3791 1702036 1
2944 3858 1702046 1
2883 3928 1702056 1
2921 3991 1702066 1
3160 4116 1702076 1
3578 4282 1702086 1
4115 4463 1702096 1
4800 4642 1702106 1
5533 4864 1702116 1
6297 5116 1702126 1
7131 5431 1702136 1
7900 5725 1702146 1
8626 6006 1702156 1
9224 6114 1702166 1
9710 6139 1702176 1
