206
5304 5443 464207 0
5263 5373 464217 1
5258 5373 464227 1
5258 5384 464237 1
5271 5400 464247 1
5296 5447 464257 1
5330 5515 464267 1
5369 5596 464277 1
5405 5702 464287 1
5430 5821 464297 1
5449 5950 464307 1
5449 6064 464317 1
5437 6177 464327 1
5415 6266 464337 1
5396 6339 464347 1
5367 6379 464357 1
5327 6379 464367 1
5282 6342 464377 1
5230 6261 464387 1
5178 6151 464397 1
5127 6021 464407 1
5089 5872 464417 1
5057 5708 464427 1
5037 5533 464437 1
5028 5324 464447 1
5028 5115 464457 1
5046 4932 464467 1
5074 4767 464477 1
5124 4652 464487 1
5195 4588 464497 1
5280 4558 464507 1
5372 4558 464517 1
5465 4590 464527 1
5559 4646 464537 1
5655 4737 464547 1
5946 5593 464728 0
5946 5593 464738 1
5946 5593 464748 1
5946 5593 464758 1
5946 5593 464768 1
6034 5667 464778 1
6087 5695 464788 1
6148 5729 464798 1
6205 5767 464808 1
6240 5793 464818 1
6260 5799 464828 1
6265 5793 464838 1
6252 5755 464848 1
6227 5688 464858 1
6191 5602 464868 1
6154 5499 464878 1
6115 5367 464888 1
6081 5217 464898 1
6050 5079 464908 1
6027 4971 464918 1
6019 4883 464928 1
6019 4834 464938 1
6028 4815 464948 1
6622 5693 465058 0
6700 5749 465068 1
6690 5749 465078 1
6690 5744 465088 1
6665 5702 465098 1
6631 5636 465108 1
6601 5545 465118 1
6575 5443 465128 1
6557 5333 465138 1
6544 5230 465148 1
6537 5156 465158 1
6537 5101 465168 1
6537 5064 465178 1
6537 5044 465188 1
6537 5035 465198 1
6543 5035 465208 1
6543 5051 465218 1
6551 5078 465228 1
6560 5148 465238 1
6574 5258 465248 1
6598 5396 465258 1
6628 5535 465268 1
6659 5632 465278 1
6696 5701 465288 1
6736 5747 465298 1
6791 5789 465308 1
6855 5807 465318 1
6893 5807 465328 1
6919 5784 465338 1
6936 5723 465348 1
6944 5639 465358 1
6952 5539 465368 1
6961 5437 465378 1
6966 5328 465388 1
6966 5255 465398 1
6966 5206 465408 1
6966 5195 465418 1
6975 5203 465428 1
7006 5225 465438 1
7566 5996 465529 0
7570 6128 465539 1
7529 6160 465549 1
7488 6160 465559 1
7447 6142 465569 1
7385 6093 465579 1
7309 6025 465589 1
7240 5944 465599 1
7195 5869 465609 1
7167 5799 465619 1
7167 5733 465629 1
7174 5630 465639 1
7194 5536 465649 1
7235 5447 465659 1
7278 5394 465669 1
7324 5376 465679 1
7368 5382 465689 1
7407 5421 465699 1
7443 5478 465709 1
7473 5547 465719 1
7493 5621 465729 1
7506 5709 465739 1
7506 5806 465749 1
7495 5944 465759 1
7470 6097 465769 1
7433 6259 465779 1
7385 6456 465789 1
7330 6651 465799 1
7268 6837 465809 1
7202 7017 465819 1
7132 7195 465829 1
7076 7310 465839 1
7021 7357 465849 1
6976 7357 465859 1
6957 7357 465869 1
6950 7349 465879 1
6956 7335 465889 1
6966 7315 465899 1
8020 6372 466110 0
8020 6372 466120 1
7941 6301 466130 1
7911 6238 466140 1
7886 6162 466150 1
7864 6088 466160 1
7871 6013 466170 1
7902 5936 466180 1
7950 5869 466190 1
8001 5807 466200 1
8051 5766 466210 1
8101 5747 466220 1
8146 5747 466230 1
8183 5771 466240 1
8215 5835 466250 1
8234 5925 466260 1
8245 6020 466270 1
8251 6133 466280 1
8271 6259 466290 1
8293 6400 466300 1
8316 6495 466310 1
8322 6559 466320 1
8317 6559 466330 1
8295 6505 466340 1
8257 6422 466350 1
8209 6298 466360 1
8181 6132 466370 1
8154 5937 466380 1
8130 5666 466390 1
8108 5318 466400 1
8090 4918 466410 1
8081 4536 466420 1
8081 4240 466430 1
8104 4002 466440 1
8115 3862 466450 1
8115 3738 466460 1
8094 3625 466470 1
8082 3581 466480 1
8082 3545 466490 1
8034 3515 466500 1
7945 3501 466510 1
7827 3501 466520 1
7636 3501 466530 1
7414 3510 466540 1
7172 3540 466550 1
6907 3584 466560 1
6590 3664 466570 1
6238 3766 466580 1
5882 3883 466590 1
5518 3997 466600 1
5148 4053 466610 1
4839 4070 466620 1
4560 4024 466630 1
4300 3934 466640 1
4113 3815 466650 1
4012 3748 466660 1
3969 3748 466670 1
4012 3785 466680 1
4193 3912 466690 1
4467 4114 466700 1
4879 4365 466710 1
5371 4620 466720 1
5915 4917 466730 1
6535 5241 466740 1
7243 5543 466750 1
8010 5810 466760 1
8666 6054 466770 1
9227 6248 466780 1
9725 6404 466790 1
10117 6534 466800 1
10383 6595 466810 1
