201
4240 6261 1704771 0
4246 6196 1704781 1
4234 6212 1704791 1
4243 6269 1704801 1
4266 6308 1704811 1
4296 6366 1704821 1
4328 6438 1704831 1
4360 6519 1704841 1
4389 6596 1704851 1
4406 6666 1704861 1
4417 6714 1704871 1
4409 6749 1704881 1
4384 6770 1704891 1
4347 6785 1704901 1
4291 6769 1704911 1
4210 6735 1704921 1
4112 6660 1704931 1
4014 6541 1704941 1
3912 6394 1704951 1
3806 6202 1704961 1
3699 5978 1704971 1
3599 5732 1704981 1
3564 5540 1704991 1
3570 5395 1705001 1
3657 5281 1705011 1
3791 5223 1705021 1
3955 5233 1705031 1
4150 5289 1705041 1
4323 5390 1705051 1
4480 5491 1705061 1
4581 5593 1705071 1
4639 5665 1705081 1
4669 5704 1705091 1
4669 5722 1705101 1
5208 6024 1705282 0
5208 6024 1705292 1
5208 6024 1705302 1
5208 6024 1705312 1
5208 6024 1705322 1
5176 5876 1705332 1
5162 5771 1705342 1
5148 5655 1705352 1
5133 5561 1705362 1
5122 5500 1705372 1
5122 5462 1705382 1
5127 5462 1705392 1
5144 5482 1705402 1
5167 5512 1705412 1
5216 6466 1705532 0
5149 6487 1705542 1
5085 6509 1705552 1
5058 6526 1705562 1
5047 6540 1705572 1
5047 6554 1705582 1
5072 6575 1705592 1
5120 6601 1705602 1
5183 6607 1705612 1
5239 6607 1705622 1
5885 6575 1705782 0
5982 6586 1705792 1
5982 6570 1705802 1
5975 6549 1705812 1
5970 6481 1705822 1
5960 6405 1705832 1
5946 6323 1705842 1
5928 6249 1705852 1
5907 6174 1705862 1
5884 6095 1705872 1
5869 6035 1705882 1
5856 5988 1705892 1
5850 5967 1705902 1
5850 5967 1705912 1
5861 5967 1705922 1
5888 6006 1705932 1
5925 6079 1705942 1
5967 6178 1705952 1
6014 6281 1705962 1
6072 6383 1705972 1
6137 6467 1705982 1
6220 6540 1705992 1
6314 6605 1706002 1
6401 6665 1706012 1
6456 6693 1706022 1
6489 6701 1706032 1
6500 6687 1706042 1
6500 6633 1706052 1
6500 6553 1706062 1
6488 6446 1706072 1
6478 6338 1706082 1
6478 6269 1706092 1
6478 6228 1706102 1
6495 6211 1706112 1
6518 6211 1706122 1
6554 6211 1706132 1
7446 6746 1706263 0
7446 6746 1706273 1
7446 6746 1706283 1
7446 6746 1706293 1
7446 6746 1706303 1
7414 6832 1706313 1
7397 6869 1706323 1
7379 6899 1706333 1
7364 6913 1706343 1
7337 6913 1706353 1
7302 6905 1706363 1
7251 6888 1706373 1
7197 6856 1706383 1
7140 6816 1706393 1
7093 6769 1706403 1
7048 6717 1706413 1
7020 6641 1706423 1
7003 6552 1706433 1
7003 6458 1706443 1
7023 6367 1706453 1
7054 6300 1706463 1
7104 6247 1706473 1
7180 6238 1706483 1
7273 6278 1706493 1
7377 6351 1706503 1
7471 6455 1706513 1
7528 6554 1706523 1
7564 6648 1706533 1
7584 6744 1706543 1
7598 6872 1706553 1
7608 7020 1706563 1
7623 7182 1706573 1
7649 7377 1706583 1
7681 7593 1706593 1
7707 7743 1706603 1
7713 7812 1706613 1
7706 7827 1706623 1
7706 7827 1706633 1
7694 7783 1706643 1
7679 7712 1706653 1
7660 7614 1706663 1
8116 7180 1706994 0
8116 7180 1707004 1
8047 7185 1707014 1
8018 7199 1707024 1
7989 7130 1707034 1
7959 6977 1707044 1
7922 6767 1707054 1
7922 6596 1707064 1
7948 6469 1707074 1
7986 6371 1707084 1
8028 6346 1707094 1
8076 6366 1707104 1
8128 6417 1707114 1
8179 6503 1707124 1
8229 6599 1707134 1
8275 6703 1707144 1
8320 6795 1707154 1
8360 6886 1707164 1
8392 6977 1707174 1
8418 7054 1707184 1
8431 7091 1707194 1
8431 7102 1707204 1
8431 7093 1707214 1
8412 7019 1707224 1
8384 6903 1707234 1
8349 6719 1707244 1
8316 6488 1707254 1
8277 6226 1707264 1
8233 5936 1707274 1
8182 5628 1707284 1
8121 5308 1707294 1
8054 5014 1707304 1
7974 4742 1707314 1
7879 4484 1707324 1
7775 4265 1707334 1
7666 4111 1707344 1
7514 4001 1707354 1
7333 3932 1707364 1
7073 3892 1707374 1
6753 3872 1707384 1
6393 3865 1707394 1
5973 3870 1707404 1
5518 3884 1707414 1
5039 3909 1707424 1
4570 3955 1707434 1
4082 4015 1707444 1
3655 4082 1707454 1
3275 4143 1707464 1
2931 4210 1707474 1
2692 4283 1707484 1
2523 4363 1707494 1
2471 4443 1707504 1
2550 4526 1707514 1
2715 4652 1707524 1
3005 4805 1707534 1
3454 4979 1707544 1
4009 5150 1707554 1
4706 5340 1707564 1
5472 5544 1707574 1
6284 5715 1707584 1
7132 5885 1707594 1
7903 6037 1707604 1
8623 6179 1707614 1
9254 6348 1707624 1
9782 6526 1707634 1
10240 6711 1707644 1
