273
4033 7997 63478757 0
4060 8159 63478767 1
4088 8258 63478777 1
4118 8305 63478787 1
4149 8348 63478797 1
4195 8367 63478807 1
4244 8367 63478817 1
4294 8351 63478827 1
4366 8302 63478837 1
4443 8235 63478847 1
4528 8149 63478857 1
4618 8065 63478867 1
4709 7982 63478877 1
4783 7911 63478887 1
4846 7862 63478897 1
4886 7827 63478907 1
4909 7794 63478917 1
3787 7211 63479068 0
3844 7159 63479078 1
3861 7201 63479088 1
3922 7278 63479098 1
4012 7320 63479108 1
4129 7360 63479118 1
4245 7398 63479128 1
4357 7415 63479138 1
4441 7415 63479148 1
4507 7396 63479158 1
4538 7363 63479168 1
4545 7326 63479178 1
4536 7267 63479188 1
4512 7196 63479198 1
4484 7113 63479208 1
4452 7027 63479218 1
4424 6938 63479228 1
4392 6837 63479238 1
4356 6748 63479248 1
4313 6666 63479258 1
4267 6579 63479268 1
4218 6508 63479278 1
4189 6448 63479288 1
4189 6436 63479298 1
4213 6472 63479308 1
4282 6541 63479318 1
4374 6648 63479328 1
4482 6766 63479338 1
4588 6891 63479348 1
4695 7011 63479358 1
4779 7092 63479368 1
4848 7148 63479378 1
4886 7166 63479388 1
4898 7158 63479398 1
4892 7133 63479408 1
4855 7065 63479418 1
4783 6964 63479428 1
4687 6841 63479438 1
4576 6729 63479448 1
4464 6617 63479458 1
4350 6507 63479468 1
4259 6410 63479478 1
4192 6321 63479488 1
4141 6269 63479498 1
4132 6246 63479508 1
4158 6246 63479518 1
4206 6257 63479528 1
4283 6305 63479538 1
4377 6376 63479548 1
4482 6463 63479558 1
4587 6551 63479568 1
4693 6640 63479578 1
4796 6716 63479588 1
4856 6764 63479598 1
4888 6794 63479608 1
4888 6794 63479618 1
4845 6756 63479628 1
4091 6155 63479678 0
3738 5875 63479688 1
3593 5761 63479698 1
3496 5678 63479708 1
3431 5617 63479718 1
3416 5590 63479728 1
3446 5582 63479738 1
3507 5587 63479748 1
3618 5628 63479758 1
3761 5696 63479768 1
3926 5781 63479778 1
4099 5903 63479788 1
4277 6028 63479798 1
4459 6155 63479808 1
4617 6270 63479818 1
4749 6368 63479828 1
4863 6455 63479838 1
4938 6513 63479848 1
4912 6586 63479909 0
4805 6548 63479919 1
4742 6526 63479929 1
4690 6495 63479939 1
4652 6433 63479949 1
4622 6353 63479959 1
4607 6228 63479969 1
4607 6075 63479979 1
4616 5903 63479989 1
4631 5724 63479999 1
4647 5573 63480009 1
4656 5441 63480019 1
4656 5309 63480029 1
4656 5200 63480039 1
4646 5107 63480049 1
4636 5043 63480059 1
4624 5004 63480069 1
4617 4982 63480079 1
4609 4969 63480089 1
4595 4974 63480099 1
4576 4990 63480109 1
4517 5171 63480139 0
4478 5476 63480149 1
4465 5615 63480159 1
4456 5707 63480169 1
4456 5774 63480179 1
4449 5807 63480189 1
4449 5818 63480199 1
4432 5818 63480209 1
4411 5800 63480219 1
4356 5764 63480229 1
4289 5713 63480239 1
4214 5669 63480249 1
4143 5624 63480259 1
4075 5579 63480269 1
4015 5524 63480279 1
3964 5466 63480289 1
3923 5402 63480299 1
3886 5338 63480309 1
3852 5277 63480319 1
4022 5351 63480389 0
4373 5533 63480399 1
4505 5605 63480409 1
4647 5658 63480419 1
4791 5702 63480429 1
4900 5740 63480439 1
4984 5762 63480449 1
5059 5776 63480459 1
5113 5787 63480469 1
5154 5797 63480479 1
5187 5822 63480489 1
5215 5858 63480499 1
5239 5906 63480509 1
5325 6327 63480560 0
5371 6663 63480570 1
5396 6806 63480580 1
5435 6934 63480590 1
5474 7036 63480600 1
5512 7093 63480610 1
5542 7121 63480620 1
5566 7112 63480630 1
5588 7053 63480640 1
5593 6960 63480650 1
5586 6791 63480660 1
5556 6623 63480670 1
5504 6456 63480680 1
5437 6259 63480690 1
5363 6078 63480700 1
5289 5908 63480710 1
5214 5759 63480720 1
5181 5686 63480730 1
5181 5665 63480740 1
5202 5656 63480750 1
5263 5676 63480760 1
5365 5716 63480770 1
5495 5791 63480780 1
5652 5891 63480790 1
5823 6007 63480800 1
6003 6104 63480810 1
6162 6197 63480820 1
6307 6283 63480830 1
6442 6364 63480840 1
6538 6427 63480850 1
6548 6532 63480900 0
6415 6488 63480910 1
6346 6459 63480920 1
6279 6407 63480930 1
6229 6342 63480940 1
6190 6261 63480950 1
6165 6142 63480960 1
6143 5999 63480970 1
6128 5807 63480980 1
6128 5612 63480990 1
6128 5414 63481000 1
6128 5181 63481010 1
6128 4964 63481020 1
6135 4759 63481030 1
6129 4578 63481040 1
6116 4404 63481050 1
6098 4236 63481060 1
6073 4079 63481070 1
6044 3952 63481080 1
6023 3844 63481090 1
7731 7519 63481341 0
7741 7627 63481351 1
7732 7689 63481361 1
7737 7770 63481371 1
7751 7781 63481381 1
7778 7788 63481391 1
7805 7765 63481401 1
7834 7724 63481411 1
7834 7637 63481421 1
7826 7522 63481431 1
7793 7388 63481441 1
7750 7273 63481451 1
7699 7161 63481461 1
7653 7050 63481471 1
7584 6940 63481481 1
7499 6829 63481491 1
7427 6740 63481501 1
7358 6667 63481511 1
7458 6591 63481581 0
7749 6777 63481591 1
7917 6884 63481601 1
8060 6983 63481611 1
8187 7054 63481621 1
8304 7107 63481631 1
8400 7138 63481641 1
8472 7155 63481651 1
8529 7163 63481661 1
7648 6500 63481812 0
7753 6526 63481822 1
7796 6561 63481832 1
7878 6576 63481842 1
7985 6598 63481852 1
8096 6613 63481862 1
8213 6618 63481872 1
8283 6604 63481882 1
8319 6580 63481892 1
8324 6540 63481902 1
8281 6479 63481912 1
8205 6404 63481922 1
8095 6303 63481932 1
7954 6197 63481942 1
7793 6086 63481952 1
7634 5977 63481962 1
7501 5870 63481972 1
7385 5768 63481982 1
7307 5700 63481992 1
7272 5655 63482002 1
7266 5635 63482012 1
7300 5629 63482022 1
7375 5629 63482032 1
7478 5675 63482042 1
7626 5752 63482052 1
7824 5851 63482062 1
8056 5967 63482072 1
8283 6078 63482082 1
8514 6168 63482092 1
8718 6246 63482102 1
8901 6306 63482112 1
9043 6347 63482122 1
9131 6375 63482132 1
8595 6771 63482232 0
8533 6800 63482242 1
8506 6812 63482252 1
8501 6820 63482262 1
8511 6810 63482272 1
8532 6749 63482282 1
8553 6654 63482292 1
8574 6503 63482302 1
8592 6302 63482312 1
8592 6069 63482322 1
8592 5774 63482332 1
8570 5486 63482342 1
8544 5204 63482352 1
8516 4936 63482362 1
8498 4765 63482372 1
8481 4658 63482382 1
8466 4552 63482392 1
8453 4469 63482402 1
