386
2540 6663 23740309 0
2599 6686 23740319 1
2589 6726 23740329 1
2607 6733 23740339 1
2629 6741 23740349 1
2658 6747 23740359 1
2689 6747 23740369 1
2721 6747 23740379 1
2756 6747 23740389 1
2798 6753 23740399 1
2846 6753 23740409 1
2899 6753 23740419 1
2956 6753 23740429 1
3024 6741 23740439 1
3099 6731 23740449 1
3175 6723 23740459 1
3247 6716 23740469 1
3309 6704 23740479 1
3365 6692 23740489 1
3409 6677 23740499 1
3438 6659 23740509 1
3456 6638 23740519 1
3456 6612 23740529 1
3433 6579 23740539 1
3391 6521 23740549 1
3318 6447 23740559 1
3223 6357 23740569 1
3113 6271 23740579 1
3007 6187 23740589 1
2915 6105 23740599 1
2831 6032 23740609 1
2764 5964 23740619 1
2723 5923 23740629 1
2700 5905 23740639 1
2700 5905 23740649 1
2700 5905 23740659 1
2717 5934 23740669 1
2756 5971 23740679 1
2812 6039 23740689 1
2888 6106 23740700 1
2966 6173 23740710 1
3045 6224 23740720 1
3114 6271 23740730 1
3177 6292 23740740 1
3214 6297 23740750 1
3236 6289 23740760 1
3249 6257 23740770 1
3254 6210 23740780 1
3241 6132 23740790 1
3217 6025 23740800 1
3184 5899 23740810 1
3147 5761 23740820 1
3107 5643 23740830 1
3078 5539 23740840 1
3052 5442 23740850 1
3043 5361 23740860 1
3043 5291 23740870 1
3051 5259 23740880 1
3058 5252 23740890 1
3067 5263 23740900 1
3083 5329 23740910 1
3114 5438 23740920 1
3153 5575 23740930 1
3204 5708 23740940 1
3262 5844 23740950 1
3333 5983 23740960 1
3414 6086 23740970 1
3494 6163 23740980 1
3572 6222 23740990 1
3636 6258 23741000 1
3674 6268 23741010 1
3694 6261 23741020 1
3704 6242 23741030 1
3695 6202 23741040 1
3674 6149 23741050 1
3624 6067 23741060 1
3550 5952 23741070 1
3460 5816 23741071 1
3338 5666 23741081 1
3179 5475 23741091 1
2994 5256 23741101 1
2819 5025 23741111 1
2649 4793 23741121 1
2488 4606 23741131 1
2362 4448 23741141 1
2259 4302 23741151 1
2198 4215 23741161 1
2172 4168 23741171 1
2172 4162 23741181 1
2180 4181 23741191 1
2229 4218 23741201 1
2303 4322 23741211 1
2415 4466 23741221 1
2570 4638 23741231 1
2754 4857 23741241 1
2938 5081 23741251 1
3146 5308 23741261 1
3371 5526 23741271 1
3556 5687 23741281 1
3708 5810 23741291 1
3838 5895 23741301 1
3914 5937 23741311 1
3954 5950 23741321 1
3969 5926 23741331 1
3946 5852 23741341 1
3886 5746 23741351 1
3802 5622 23741361 1
3675 5453 23741371 1
3523 5255 23741381 1
3353 5036 23741391 1
3192 4814 23741401 1
3065 4641 23741411 1
2960 4502 23741421 1
2921 4397 23741431 1
2921 4329 23741441 1
2944 4287 23741451 1
3006 4287 23741461 1
3106 4332 23741471 1
3231 4412 23741481 1
3375 4525 23741491 1
3524 4647 23741501 1
3676 4775 23741511 1
3824 4915 23741521 1
3929 5037 23741531 1
4008 5146 23741541 1
4058 5246 23741551 1
4080 5343 23741561 1
4080 5414 23741571 1
4055 5469 23741581 1
4011 5493 23741591 1
3957 5493 23741601 1
3896 5475 23741611 1
3842 5438 23741621 1
3792 5401 23741631 1
3775 5364 23741641 1
3763 5327 23741651 1
3763 5273 23741661 1
3763 5214 23741671 1
3779 5149 23741681 1
3804 5079 23741691 1
3827 5002 23741701 1
3850 4918 23741711 1
3873 4827 23741721 1
3896 4733 23741731 1
3914 4639 23741741 1
3929 4546 23741751 1
3941 4446 23741761 1
3949 4342 23741771 1
3949 4235 23741781 1
3949 4142 23741791 1
3949 4059 23741801 1
3949 4005 23741811 1
3943 3970 23741821 1
3936 3948 23741831 1
3929 3943 23741841 1
3915 3953 23741851 1
3895 3973 23741861 1
3876 4010 23741871 1
3861 4060 23741881 1
3853 4120 23741891 1
3853 4188 23741901 1
3863 4271 23741911 1
3893 4365 23741921 1
3935 4477 23741931 1
3999 4617 23741941 1
4079 4776 23741951 1
4169 4956 23741961 1
4262 5109 23741971 1
4353 5245 23741981 1
4421 5419 23741991 1
4475 5549 23742001 1
4512 5650 23742011 1
4538 5743 23742021 1
4556 5830 23742031 1
4574 5907 23742041 1
4589 5962 23742051 1
4598 6003 23742061 1
4604 6037 23742071 1
4604 6070 23742081 1
4617 6111 23742091 1
4638 6157 23742101 1
4661 6185 23742111 1
4685 6238 23742121 1
4736 6308 23742131 1
4801 6394 23742141 1
4874 6480 23742151 1
4942 6567 23742161 1
5004 6630 23742171 1
5062 6679 23742181 1
5103 6718 23742191 1
5132 6745 23742201 1
5153 6769 23742211 1
5166 6784 23742221 1
5166 6792 23742231 1
5166 6792 23742241 1
5166 6792 23742251 1
5146 6792 23742261 1
5122 6777 23742271 1
5078 6746 23742281 1
5031 6700 23742291 1
4982 6652 23742301 1
4946 6600 23742311 1
4914 6545 23742321 1
4892 6488 23742331 1
4876 6427 23742341 1
4862 6356 23742351 1
4851 6276 23742361 1
4841 6178 23742371 1
4832 6069 23742381 1
4817 5935 23742391 1
4798 5792 23742401 1
4767 5642 23742411 1
4737 5509 23742421 1
4711 5371 23742431 1
4687 5237 23742441 1
4657 5106 23742451 1
4623 4979 23742461 1
4591 4872 23742471 1
4562 4779 23742481 1
4540 4721 23742491 1
4525 4694 23742501 1
4520 4687 23742511 1
4520 4694 23742521 1
4520 4748 23742531 1
4549 4834 23742541 1
4588 4961 23742551 1
4665 5095 23742561 1
4760 5235 23742571 1
4868 5384 23742581 1
4981 5527 23742591 1
5099 5660 23742601 1
5229 5790 23742611 1
5365 5922 23742621 1
5486 6059 23742631 1
5593 6184 23742641 1
5690 6303 23742651 1
5760 6400 23742661 1
5788 6438 23742671 1
5788 6438 23742681 1
5775 6431 23742691 1
5770 6431 23742701 1
5770 6431 23742711 1
5745 6414 23742721 1
5690 6371 23742731 1
5616 6308 23742741 1
5559 6239 23742751 1
5522 6168 23742761 1
5498 6091 23742771 1
5483 6008 23742781 1
5469 5910 23742791 1
5458 5802 23742801 1
5446 5708 23742811 1
5437 5615 23742821 1
5431 5520 23742831 1
5431 5425 23742841 1
5431 5326 23742851 1
5442 5226 23742861 1
5455 5124 23742871 1
5470 5021 23742881 1
5490 4898 23742891 1
5511 4761 23742901 1
5531 4650 23742911 1
5557 4538 23742921 1
5584 4417 23742931 1
5612 4292 23742941 1
5643 4164 23742951 1
5681 3984 23742961 1
5723 3770 23742971 1
5749 3667 23742981 1
5762 3533 23742991 1
5762 3378 23743001 1
5762 3253 23743011 1
5762 3165 23743021 1
5755 3102 23743031 1
6343 6705 23743344 0
6376 6728 23743354 1
6376 6728 23743364 1
6370 6728 23743374 1
6370 6699 23743384 1
6370 6657 23743394 1
6370 6601 23743404 1
6363 6531 23743414 1
6363 6451 23743424 1
6363 6365 23743434 1
6363 6285 23743444 1
6377 6222 23743454 1
6399 6170 23743464 1
6431 6136 23743474 1
6490 6122 23743484 1
6565 6122 23743494 1
6679 6159 23743504 1
6825 6227 23743514 1
6992 6316 23743524 1
7146 6404 23743534 1
7287 6489 23743544 1
7418 6552 23743554 1
7506 6602 23743564 1
7553 6627 23743574 1
7572 6637 23743584 1
7567 6637 23743594 1
7539 6628 23743604 1
6734 5883 23743694 0
6591 5678 23743704 1
6524 5602 23743714 1
6460 5548 23743724 1
6429 5511 23743734 1
6429 5484 23743744 1
6442 5469 23743754 1
6485 5461 23743764 1
6558 5473 23743774 1
6651 5501 23743784 1
6759 5541 23743794 1
6871 5567 23743804 1
6964 5592 23743814 1
7042 5601 23743824 1
7100 5601 23743834 1
7133 5576 23743844 1
7149 5527 23743854 1
7135 5462 23743864 1
7084 5343 23743874 1
7009 5208 23743884 1
6908 5063 23743894 1
6799 4923 23743904 1
6685 4780 23743914 1
6601 4664 23743924 1
6546 4566 23743934 1
6509 4491 23743944 1
6509 4444 23743954 1
6547 4416 23743964 1
6609 4416 23743974 1
6718 4450 23743984 1
6872 4506 23743994 1
7055 4596 23744004 1
7275 4712 23744014 1
7506 4845 23744024 1
7743 4982 23744034 1
7967 5114 23744044 1
8146 5238 23744054 1
8296 5360 23744064 1
8428 5461 23744074 1
8525 5550 23744084 1
8598 5626 23744094 1
8639 5696 23744104 1
8639 5756 23744114 1
8622 5808 23744124 1
8572 5853 23744134 1
8500 5878 23744144 1
8414 5888 23744154 1
8313 5888 23744164 1
8231 5888 23744174 1
8162 5879 23744184 1
8104 5872 23744194 1
8066 5865 23744204 1
8040 5857 23744214 1
8031 5848 23744224 1
8023 5818 23744234 1
8017 5776 23744244 1
8009 5724 23744254 1
8004 5671 23744264 1
8004 5603 23744274 1
7998 5525 23744284 1
7998 5432 23744294 1
7993 5333 23744295 1
7987 5237 23744305 1
7987 5145 23744315 1
7979 5047 23744325 1
7974 4947 23744335 1
7969 4842 23744345 1
7969 4731 23744355 1
7974 4628 23744365 1
7983 4530 23744375 1
7994 4414 23744385 1
8013 4302 23744395 1
8039 4194 23744405 1
8059 4087 23744415 1
8073 3971 23744425 1
8084 3838 23744435 1
8097 3707 23744445 1
8106 3577 23744455 1
8106 3425 23744465 1
8100 3279 23744475 1
8088 3136 23744485 1
8069 3013 23744495 1
8044 2902 23744505 1
8014 2800 23744515 1
7982 2730 23744525 1
