256
3506 8099 31713795 0
3838 8150 31713805 1
3844 8236 31713815 1
3870 8236 31713825 1
3910 8171 31713835 1
4039 8091 31713845 1
4191 8029 31713855 1
4358 7980 31713865 1
4512 7952 31713875 1
4606 7920 31713885 1
4661 7879 31713895 1
4661 7827 31713905 1
4600 7769 31713915 1
3586 7055 31714005 0
3660 7046 31714015 1
3680 7118 31714025 1
3741 7167 31714035 1
3828 7209 31714045 1
3928 7247 31714055 1
4030 7247 31714065 1
4136 7205 31714075 1
4216 7145 31714085 1
4279 7054 31714095 1
4287 6940 31714105 1
4249 6811 31714115 1
4181 6699 31714125 1
4079 6587 31714135 1
3976 6474 31714145 1
3871 6374 31714155 1
3809 6325 31714165 1
3798 6311 31714175 1
3822 6364 31714185 1
3910 6465 31714195 1
4028 6597 31714205 1
4166 6710 31714215 1
4297 6818 31714225 1
4391 6917 31714235 1
4461 6966 31714245 1
4485 6982 31714255 1
4485 6977 31714265 1
4459 6905 31714275 1
4388 6789 31714285 1
4255 6637 31714295 1
4080 6448 31714305 1
3885 6235 31714315 1
3702 6043 31714325 1
3528 5919 31714335 1
3464 5840 31714345 1
3472 5827 31714355 1
3527 5856 31714365 1
3654 5914 31714375 1
3820 6032 31714385 1
4013 6176 31714395 1
4226 6338 31714405 1
4416 6510 31714415 1
4591 6631 31714425 1
4731 6719 31714435 1
4810 6760 31714445 1
4157 6130 31714506 0
3790 5796 31714516 1
3689 5702 31714526 1
3625 5660 31714536 1
3648 5647 31714546 1
3708 5653 31714556 1
3792 5690 31714566 1
3908 5771 31714576 1
4039 5882 31714586 1
4181 6020 31714596 1
4330 6162 31714606 1
4470 6306 31714616 1
4580 6447 31714626 1
4674 6542 31714636 1
4720 6607 31714646 1
4728 6624 31714656 1
4711 6624 31714666 1
4683 6607 31714676 1
4637 6534 31714686 1
4578 6409 31714696 1
4530 6250 31714706 1
4497 6084 31714716 1
4473 5885 31714726 1
4449 5664 31714736 1
4419 5467 31714746 1
4386 5299 31714756 1
4363 5150 31714766 1
4344 5052 31714776 1
4332 4993 31714786 1
4327 4959 31714796 1
4327 4959 31714806 1
4327 4980 31714816 1
4327 5019 31714826 1
4309 5155 31714836 1
4309 5311 31714846 1
4303 5480 31714856 1
4295 5583 31714866 1
4281 5640 31714876 1
4262 5667 31714886 1
4237 5681 31714896 1
4197 5681 31714906 1
4146 5660 31714916 1
4078 5622 31714926 1
4005 5559 31714936 1
3928 5480 31714946 1
3844 5366 31714956 1
3754 5239 31714966 1
3661 5103 31714976 1
3620 5052 31714986 1
3664 5071 31714996 1
3764 5136 31715006 1
3918 5257 31715016 1
4125 5404 31715026 1
4368 5569 31715036 1
4583 5705 31715046 1
4770 5835 31715056 1
4938 5961 31715066 1
5065 6063 31715076 1
5187 6165 31715086 1
5306 6267 31715096 1
5522 6689 31715137 0
5539 6909 31715147 1
5503 6975 31715157 1
5457 7011 31715167 1
5404 7027 31715177 1
5347 7027 31715187 1
5288 6991 31715197 1
5225 6937 31715207 1
5158 6829 31715217 1
5122 6701 31715227 1
5103 6561 31715237 1
5096 6393 31715247 1
5096 6223 31715257 1
5096 6064 31715267 1
5081 5914 31715277 1
5058 5755 31715287 1
5023 5621 31715297 1
4990 5504 31715307 1
4963 5433 31715317 1
4963 5414 31715327 1
4973 5431 31715337 1
5012 5511 31715347 1
5125 5640 31715357 1
5286 5802 31715367 1
5470 5961 31715377 1
5668 6108 31715387 1
5875 6213 31715397 1
6035 6296 31715407 1
6173 6368 31715417 1
6296 6435 31715427 1
6389 6480 31715437 1
6434 6512 31715447 1
6448 6512 31715457 1
6427 6512 31715467 1
6367 6475 31715477 1
6281 6414 31715487 1
6177 6336 31715497 1
6088 6265 31715507 1
6010 6198 31715517 1
5952 6131 31715527 1
5923 6041 31715537 1
5913 5936 31715547 1
5922 5767 31715557 1
5949 5549 31715567 1
5988 5299 31715577 1
6036 4969 31715587 1
6079 4611 31715597 1
6119 4235 31715607 1
6135 3818 31715617 1
6130 3447 31715627 1
6110 3107 31715637 1
6078 2787 31715647 1
6048 2576 31715657 1
6018 2438 31715667 1
7752 6645 31715858 0
7156 7830 31716008 0
7304 7997 31716018 1
7338 8050 31716028 1
7338 8073 31716038 1
7369 8048 31716048 1
7412 7990 31716058 1
7464 7881 31716068 1
7507 7775 31716078 1
7528 7670 31716088 1
7535 7557 31716098 1
7502 7438 31716108 1
7436 7311 31716118 1
7349 7179 31716128 1
7238 7044 31716138 1
7129 6930 31716148 1
7049 6831 31716158 1
6987 6800 31716168 1
6964 6794 31716178 1
6983 6806 31716188 1
7030 6844 31716198 1
7135 6917 31716208 1
7282 7014 31716218 1
7457 7115 31716228 1
7632 7217 31716238 1
7792 7319 31716248 1
7942 7404 31716258 1
8042 7463 31716268 1
8113 7506 31716278 1
8164 7519 31716288 1
7450 6971 31716378 0
7351 6841 31716388 1
7358 6836 31716398 1
7380 6853 31716408 1
7467 6873 31716418 1
7558 6892 31716428 1
7659 6911 31716438 1
7764 6928 31716448 1
7833 6912 31716458 1
7859 6877 31716468 1
7859 6807 31716478 1
7805 6711 31716488 1
7728 6598 31716498 1
7633 6488 31716508 1
7544 6389 31716518 1
7459 6298 31716528 1
7381 6220 31716538 1
7303 6141 31716548 1
7225 6065 31716558 1
7186 6018 31716568 1
7173 5990 31716578 1
7208 5983 31716588 1
7324 6021 31716598 1
7495 6090 31716608 1
7728 6202 31716618 1
7966 6309 31716628 1
8208 6414 31716638 1
8399 6492 31716648 1
8532 6544 31716658 1
8626 6578 31716668 1
8675 6613 31716678 1
8700 6654 31716688 1
8708 6714 31716698 1
8698 6785 31716708 1
8656 6868 31716718 1
8593 6951 31716728 1
8509 7034 31716738 1
8421 7079 31716748 1
8329 7091 31716758 1
8251 7081 31716768 1
8177 7043 31716778 1
8132 6965 31716788 1
8105 6860 31716798 1
8105 6724 31716808 1
8125 6537 31716818 1
8165 6315 31716828 1
8207 6014 31716838 1
8237 5684 31716848 1
8258 5334 31716858 1
8253 4990 31716868 1
8227 4668 31716878 1
8188 4440 31716888 1
8127 4268 31716898 1
8043 4114 31716908 1
