654
2874 5617 46259587 0
2905 5604 46259597 1
2919 5604 46259607 1
2966 5578 46259617 1
3041 5544 46259627 1
3133 5511 46259637 1
3235 5482 46259647 1
3323 5454 46259657 1
3398 5425 46259667 1
3464 5390 46259677 1
3517 5353 46259687 1
3550 5310 46259697 1
3569 5263 46259707 1
3569 5202 46259717 1
3070 4893 46259858 0
3144 4928 46259868 1
3164 4977 46259878 1
3189 5003 46259888 1
3214 5013 46259898 1
3242 5013 46259908 1
3271 4993 46259918 1
3301 4956 46259928 1
3326 4897 46259938 1
3348 4814 46259948 1
3348 4716 46259958 1
3339 4623 46259968 1
3318 4531 46259978 1
3290 4439 46259988 1
3263 4348 46259998 1
3233 4266 46260008 1
3200 4189 46260018 1
3159 4119 46260028 1
3118 4068 46260038 1
3093 4030 46260048 1
3079 4009 46260058 1
3079 4003 46260068 1
3085 4003 46260078 1
3095 4020 46260088 1
3142 4070 46260098 1
3211 4145 46260108 1
3301 4250 46260118 1
3415 4377 46260128 1
3545 4519 46260138 1
3691 4628 46260148 1
3792 4699 46260158 1
3864 4744 46260168 1
3888 4751 46260178 1
3888 4730 46260188 1
3860 4691 46260198 1
3793 4601 46260208 1
3694 4488 46260218 1
3574 4360 46260228 1
3461 4229 46260238 1
3350 4105 46260248 1
3268 4008 46260258 1
3205 3926 46260268 1
3175 3883 46260278 1
3175 3867 46260288 1
3190 3867 46260298 1
3237 3899 46260308 1
3310 3958 46260318 1
3399 4037 46260328 1
3489 4106 46260338 1
3549 4141 46260348 1
3588 4153 46260358 1
3588 4136 46260368 1
3564 4082 46260378 1
3520 4003 46260388 1
3454 3893 46260398 1
3378 3774 46260408 1
3296 3648 46260418 1
3218 3555 46260428 1
3165 3490 46260438 1
3128 3443 46260448 1
3128 3443 46260458 1
3153 3460 46260468 1
3194 3496 46260478 1
3279 3573 46260488 1
3394 3669 46260498 1
3530 3779 46260508 1
3662 3874 46260518 1
3728 3897 46260528 1
3751 3871 46260538 1
3701 3783 46260548 1
3596 3656 46260558 1
3454 3502 46260568 1
3315 3311 46260578 1
3152 3097 46260588 1
2972 2867 46260598 1
2824 2675 46260608 1
2742 2577 46260618 1
2703 2543 46260628 1
2703 2543 46260638 1
2768 2593 46260648 1
2866 2672 46260658 1
3027 2830 46260668 1
3249 3007 46260678 1
3512 3198 46260688 1
3775 3394 46260698 1
3978 3531 46260708 1
4141 3628 46260718 1
4258 3686 46260728 1
4317 3714 46260738 1
4336 3723 46260748 1
4336 3723 46260758 1
4336 3723 46260768 1
4336 3723 46260778 1
4336 3723 46260788 1
4336 3723 46260798 1
4336 3723 46260808 1
4336 3723 46260818 1
4336 3723 46260828 1
4336 3723 46260838 1
4336 3723 46260848 1
4336 3723 46260858 1
4342 3728 46260868 1
4342 3728 46260878 1
4342 3728 46260888 1
4342 3728 46260898 1
4342 3728 46260908 1
4342 3728 46260918 1
4342 3728 46260928 1
4342 3728 46260938 1
4348 3733 46260948 1
4348 3733 46260958 1
4348 3733 46260968 1
4348 3733 46260978 1
4348 3733 46260988 1
4348 3733 46260998 1
4348 3733 46261008 1
4348 3733 46261018 1
4348 3733 46261028 1
4348 3733 46261038 1
4348 3733 46261048 1
4341 3742 46261058 1
4335 3747 46261068 1
4330 3754 46261078 1
4330 3763 46261088 1
4323 3772 46261098 1
4318 3781 46261108 1
4312 3789 46261118 1
4305 3799 46261128 1
4293 3807 46261138 1
4278 3817 46261148 1
4256 3829 46261158 1
4230 3846 46261168 1
4201 3862 46261178 1
4172 3885 46261188 1
4137 3913 46261198 1
4099 3940 46261208 1
4056 3966 46261218 1
4009 3988 46261228 1
3960 4005 46261238 1
3913 4020 46261248 1
3871 4033 46261258 1
3839 4045 46261268 1
3814 4056 46261278 1
3798 4066 46261288 1
3789 4071 46261298 1
3789 4071 46261308 1
3784 4071 46261318 1
3784 4071 46261328 1
3784 4071 46261338 1
3789 4071 46261348 1
3789 4065 46261358 1
3798 4055 46261368 1
3806 4040 46261378 1
3814 4016 46261388 1
3814 3985 46261398 1
3819 3948 46261408 1
3819 3907 46261418 1
3819 3867 46261428 1
3819 3827 46261438 1
3824 3788 46261448 1
3824 3747 46261458 1
3824 3713 46261468 1
3829 3683 46261478 1
3829 3647 46261488 1
3834 3608 46261498 1
3834 3561 46261508 1
3839 3507 46261518 1
3839 3434 46261528 1
3845 3349 46261538 1
3845 3252 46261548 1
3856 3164 46261558 1
3864 3083 46261568 1
3871 3003 46261578 1
3871 2920 46261588 1
3879 2830 46261598 1
3886 2737 46261608 1
3896 2650 46261618 1
3909 2566 46261628 1
3922 2478 46261638 1
3934 2373 46261648 1
3948 2258 46261658 1
3962 2158 46261668 1
3970 2083 46261678 1
3976 2026 46261688 1
3982 1976 46261698 1
3982 1938 46261708 1
3989 1909 46261718 1
3989 1886 46261728 1
3989 1864 46261738 1
3989 1844 46261748 1
3989 1827 46261758 1
3989 1815 46261768 1
3989 1807 46261778 1
3989 1807 46261788 1
3989 1807 46261798 1
3989 1807 46261808 1
3989 1807 46261818 1
3983 1807 46261828 1
3983 1814 46261838 1
3966 1822 46261820 1
3953 1836 46261830 1
3936 1850 46261840 1
3915 1872 46261850 1
3887 1900 46261860 1
3855 1946 46261870 1
3821 2012 46261880 1
3788 2091 46261890 1
3754 2189 46261900 1
3721 2285 46261910 1
3688 2355 46261920 1
3659 2408 46261930 1
3629 2445 46261940 1
3599 2476 46261950 1
3570 2497 46261960 1
3542 2512 46261970 1
3512 2521 46261980 1
3482 2521 46261990 1
3447 2521 46262000 1
3408 2509 46262010 1
3371 2492 46262020 1
3333 2469 46262030 1
3289 2427 46262040 1
3240 2373 46262050 1
3193 2294 46262060 1
3147 2212 46262070 1
3106 2147 46262080 1
3083 2094 46262090 1
3072 2054 46262100 1
3072 2014 46262110 1
3072 1974 46262120 1
3072 1933 46262130 1
3077 1890 46262140 1
3084 1847 46262150 1
3091 1811 46262160 1
3098 1779 46262170 1
3098 1763 46262180 1
3107 1763 46262190 1
3112 1763 46262200 1
3142 1788 46262210 1
3188 1869 46262220 1
3265 1986 46262230 1
3387 2166 46262240 1
3538 2388 46262250 1
3757 2639 46262260 1
3976 2914 46262270 1
4225 3169 46262280 1
4495 3412 46262290 1
4728 3600 46262300 1
4912 3765 46262310 1
5063 3915 46262320 1
5191 4043 46262330 1
5283 4134 46262340 1
5350 4201 46262350 1
5383 4235 46262360 1
5398 4264 46262370 1
5398 4284 46262380 1
5398 4302 46262390 1
5398 4315 46262400 1
5398 4324 46262410 1
5398 4329 46262420 1
5403 4329 46262430 1
5403 4337 46262440 1
5403 4342 46262450 1
5403 4342 46262460 1
5403 4348 46262470 1
5403 4348 46262480 1
5408 4348 46262490 1
5408 4354 46262500 1
5408 4354 46262510 1
5408 4354 46262520 1
5408 4354 46262530 1
5408 4354 46262540 1
5408 4354 46262550 1
5408 4354 46262560 1
5408 4354 46262570 1
5408 4354 46262580 1
5408 4354 46262590 1
5408 4354 46262600 1
5408 4354 46262610 1
5408 4354 46262620 1
5408 4354 46262630 1
5408 4354 46262640 1
5408 4354 46262650 1
5408 4354 46262660 1
5408 4354 46262670 1
5408 4354 46262680 1
5408 4354 46262690 1
5408 4354 46262700 1
5408 4354 46262712 1
5408 4354 46262722 1
5408 4354 46262732 1
5408 4354 46262742 1
5408 4354 46262752 1
5408 4354 46262762 1
5380 4362 46262772 1
5380 4362 46262782 1
5380 4362 46262792 1
5380 4362 46262802 1
5380 4362 46262812 1
5375 4362 46262822 1
5375 4368 46262832 1
5368 4373 46262842 1
5368 4373 46262852 1
5368 4380 46262862 1
5362 4380 46262872 1
5362 4385 46262882 1
5362 4385 46262892 1
5362 4385 46262902 1
5362 4385 46262912 1
5362 4385 46262922 1
5362 4385 46262932 1
5362 4385 46262942 1
5362 4385 46262952 1
5362 4385 46262962 1
5362 4385 46262972 1
5362 4385 46262982 1
5367 4385 46262992 1
5367 4385 46263002 1
5367 4385 46263012 1
5367 4385 46263022 1
5367 4385 46263032 1
5367 4385 46263042 1
5367 4385 46263052 1
5367 4385 46263062 1
5367 4385 46263072 1
5367 4385 46263082 1
5367 4385 46263092 1
5367 4385 46263102 1
5367 4385 46263112 1
5367 4385 46263122 1
5367 4385 46263132 1
5367 4385 46263142 1
5367 4380 46263142 1
5367 4380 46263152 1
5367 4380 46263162 1
5367 4380 46263172 1
5367 4380 46263182 1
5367 4380 46263192 1
5367 4380 46263202 1
5367 4380 46263212 1
5367 4380 46263222 1
5358 4342 46263232 1
5346 4324 46263242 1
5334 4308 46263252 1
5323 4292 46263262 1
5312 4279 46263272 1
5301 4263 46263282 1
5287 4247 46263292 1
5272 4225 46263302 1
5255 4203 46263312 1
5237 4179 46263322 1
5218 4152 46263332 1
5201 4119 46263342 1
5182 4075 46263352 1
5164 4020 46263362 1
5147 3954 46263372 1
5131 3880 46263382 1
5116 3790 46263392 1
5102 3690 46263402 1
5089 3600 46263412 1
5078 3495 46263422 1
5068 3379 46263432 1
5061 3254 46263442 1
5056 3140 46263452 1
5056 3049 46263462 1
5056 2971 46263472 1
5051 2897 46263482 1
5041 2824 46263492 1
5027 2752 46263502 1
5003 2680 46263512 1
4975 2630 46263522 1
4945 2596 46263532 1
4917 2573 46263542 1
4888 2562 46263552 1
4855 2562 46263562 1
4819 2562 46263572 1
4790 2571 46263582 1
4764 2587 46263592 1
4743 2608 46263602 1
4737 2635 46263612 1
4737 2667 46263622 1
4754 2721 46263632 1
4783 2792 46263642 1
4822 2874 46263652 1
4878 2969 46263662 1
4955 3077 46263672 1
5046 3195 46263682 1
5162 3334 46263692 1
5287 3470 46263702 1
5418 3580 46263712 1
5524 3674 46263722 1
5614 3745 46263732 1
5693 3811 46263742 1
5764 3867 46263752 1
5822 3908 46263762 1
5870 3940 46263772 1
5911 3969 46263782 1
5947 3996 46263792 1
5979 4016 46263802 1
6006 4031 46263812 1
6024 4041 46263822 1
6037 4047 46263832 1
6044 4047 46263842 1
6044 4047 46263852 1
6044 4052 46263862 1
6044 4052 46263872 1
6044 4052 46263882 1
6044 4052 46263892 1
6044 4043 46263902 1
6027 4026 46263912 1
6003 4002 46263922 1
5972 3970 46263932 1
5935 3935 46263942 1
5899 3899 46263952 1
5866 3866 46263962 1
5831 3835 46263972 1
5797 3803 46263982 1
5762 3771 46263992 1
5730 3739 46264002 1
5697 3707 46264012 1
5664 3662 46264022 1
5631 3611 46264032 1
5598 3534 46264042 1
5573 3442 46264052 1
5551 3316 46264062 1
5535 3170 46264072 1
5521 3010 46264082 1
5516 2856 46264092 1
5524 2718 46264102 1
5540 2590 46264112 1
5547 2470 46264122 1
5553 2345 46264132 1
5559 2201 46264142 1
5567 2046 46264152 1
5578 1886 46264162 1
5593 1717 46264172 1
5614 1541 46264182 1
5635 1407 46264192 1
5658 1271 46264202 1
5683 1136 46264212 1
5717 1025 46264222 1
5757 930 46264232 1
5784 857 46264242 1
5811 787 46264252 1
5832 720 46264262 1
5849 677 46264272 1
5862 634 46264282 1
5871 593 46264292 1
5877 571 46264302 1
5877 560 46264312 1
5882 560 46264322 1
5882 560 46264332 1
5882 560 46264342 1
5882 560 46264352 1
5882 560 46264362 1
5882 560 46264372 1
5882 560 46264382 1
5882 560 46264392 1
5890 560 46264394 1
5890 560 46264404 1
5918 588 46264414 1
7268 5547 46265806 0
7375 5540 46265816 1
7326 5567 46265826 1
7331 5567 46265836 1
7371 5557 46265846 1
7415 5521 46265856 1
7461 5450 46265866 1
7508 5356 46265876 1
7545 5256 46265886 1
7576 5140 46265896 1
7584 5014 46265906 1
7571 4872 46265916 1
7545 4749 46265926 1
7504 4638 46265936 1
7451 4536 46265946 1
7390 4433 46265956 1
7320 4326 46265966 1
7252 4244 46265976 1
7186 4180 46265986 1
7141 4140 46265996 1
7114 4116 46266006 1
7100 4104 46266016 1
7100 4098 46266026 1
7100 4098 46266036 1
7120 4107 46266046 1
7161 4139 46266056 1
7252 4198 46266066 1
7373 4275 46266076 1
7514 4378 46266086 1
7672 4482 46266096 1
7831 4586 46266106 1
7989 4660 46266116 1
8101 4713 46266126 1
8186 4751 46266136 1
8249 4779 46266146 1
8293 4804 46266156 1
8325 4823 46266166 1
8352 4836 46266176 1
8368 4847 46266186 1
8376 4852 46266196 1
8383 4852 46266206 1
8383 4857 46266216 1
7645 3947 46266757 0
7645 3947 46266767 1
7645 3947 46266777 1
7645 3947 46266787 1
7645 3947 46266797 1
7645 3947 46266807 1
7645 3947 46266817 1
7645 3947 46266827 1
7645 3947 46266837 1
7645 3947 46266847 1
7645 3947 46266857 1
7645 3947 46266867 1
7645 3947 46266877 1
7645 3947 46266887 1
7645 3947 46266897 1
7645 3947 46266907 1
7645 3947 46266917 1
7645 3947 46266927 1
7645 3947 46266937 1
7613 3931 46266947 1
7601 3921 46266957 1
7586 3907 46266967 1
7572 3890 46266977 1
7555 3871 46266987 1
7536 3848 46266997 1
7517 3821 46267007 1
7495 3791 46267017 1
7471 3757 46267027 1
7442 3720 46267037 1
7404 3677 46267047 1
7361 3635 46267057 1
7326 3598 46267067 1
7293 3565 46267077 1
7273 3540 46267087 1
7260 3516 46267097 1
7253 3492 46267107 1
7248 3471 46267117 1
7248 3450 46267127 1
7248 3428 46267137 1
7257 3406 46267147 1
7266 3391 46267157 1
7276 3381 46267167 1
7292 3375 46267177 1
7327 3382 46267187 1
7372 3397 46267197 1
7437 3430 46267207 1
7526 3481 46267217 1
7631 3545 46267227 1
7757 3611 46267237 1
7860 3671 46267247 1
7947 3695 46267257 1
7970 3695 46267267 1
7970 3687 46267277 1
7947 3653 46267287 1
7881 3603 46267297 1
7788 3526 46267307 1
7677 3421 46267317 1
7556 3297 46267327 1
7433 3168 46267337 1
7308 3063 46267347 1
7222 2975 46267357 1
7168 2893 46267367 1
7136 2830 46267377 1
7136 2781 46267387 1
7136 2740 46267397 1
7164 2699 46267407 1
7200 2675 46267417 1
7257 2662 46267427 1
7343 2662 46267437 1
7448 2696 46267447 1
7563 2744 46267457 1
7717 2845 46267467 1
7897 2969 46267477 1
8087 3108 46267487 1
8280 3246 46267497 1
8477 3382 46267507 1
8614 3477 46267517 1
8712 3546 46267527 1
8763 3579 46267537 1
8791 3607 46267547 1
8804 3623 46267557 1
8804 3634 46267567 1
8804 3641 46267577 1
8799 3646 46267587 1
8790 3654 46267597 1
8778 3664 46267607 1
8765 3676 46267617 1
8743 3698 46267627 1
8717 3729 46267637 1
8688 3766 46267647 1
8652 3802 46267657 1
8613 3839 46267667 1
8572 3874 46267677 1
8531 3902 46267687 1
8487 3921 46267697 1
8439 3933 46267707 1
8390 3933 46267717 1
8350 3933 46267727 1
8315 3933 46267737 1
8289 3921 46267747 1
8267 3909 46267757 1
8250 3892 46267767 1
8235 3875 46267777 1
8224 3853 46267787 1
8214 3826 46267797 1
8208 3795 46267807 1
8203 3760 46267817 1
8203 3720 46267827 1
8197 3677 46267837 1
8197 3628 46267847 1
8188 3570 46267857 1
8180 3505 46267867 1
8174 3422 46267877 1
8167 3327 46267887 1
8156 3222 46267897 1
8144 3118 46267907 1
8144 3016 46267917 1
8144 2912 46267927 1
8144 2806 46267937 1
8144 2692 46267947 1
8144 2573 46267957 1
8149 2448 46267967 1
8149 2301 46267977 1
8157 2139 46267987 1
8157 1966 46267997 1
8163 1773 46268007 1
8171 1567 46268017 1
8182 1408 46268027 1
8196 1240 46268037 1
8210 1065 46268047 1
8222 937 46268057 1
8237 810 46268067 1
8251 683 46268077 1
8263 580 46268087 1
8274 492 46268097 1
8288 415 46268107 1
8305 345 46268117 1
