342
3114 7693 73517442 0
3147 7714 73517452 1
3212 7693 73517462 1
3283 7682 73517472 1
3361 7682 73517482 1
3439 7648 73517492 1
3511 7615 73517502 1
3580 7577 73517512 1
3645 7538 73517522 1
3689 7499 73517532 1
3720 7457 73517542 1
3720 7410 73517552 1
3670 7348 73517562 1
3597 7277 73517572 1
3502 7202 73517582 1
3394 7120 73517592 1
3278 7026 73517602 1
3174 6948 73517612 1
3110 6881 73517622 1
3073 6866 73517632 1
3073 6866 73517642 1
3079 6874 73517652 1
3108 6908 73517662 1
3152 6969 73517672 1
3231 7047 73517682 1
3322 7125 73517692 1
3420 7194 73517702 1
3506 7233 73517712 1
3566 7254 73517722 1
3609 7248 73517732 1
3632 7212 73517742 1
3632 7157 73517752 1
3622 7058 73517762 1
3587 6926 73517772 1
3539 6772 73517782 1
3482 6645 73517792 1
3436 6531 73517802 1
3395 6427 73517812 1
3373 6335 73517822 1
3361 6277 73517832 1
3368 6243 73517842 1
3378 6243 73517852 1
3395 6279 73517862 1
3430 6346 73517872 1
3476 6464 73517882 1
3532 6603 73517892 1
3593 6755 73517902 1
3662 6901 73517912 1
3732 7006 73517922 1
3802 7084 73517932 1
3849 7119 73517942 1
3874 7130 73517952 1
3884 7124 73517962 1
3891 7102 73517972 1
3885 7065 73517982 1
3871 7017 73517992 1
3844 6955 73518002 1
3792 6869 73518012 1
3723 6767 73518022 1
3622 6659 73518032 1
3513 6537 73518042 1
3398 6406 73518052 1
3271 6252 73518062 1
3135 6108 73518072 1
2993 5970 73518082 1
2901 5869 73518092 1
2851 5817 73518102 1
2828 5798 73518112 1
2828 5798 73518122 1
2853 5840 73518132 1
2892 5909 73518142 1
2968 6001 73518152 1
3079 6107 73518163 1
3213 6223 73518173 1
3344 6293 73518183 1
3464 6395 73518193 1
3577 6519 73518203 1
3687 6590 73518213 1
3769 6635 73518223 1
3833 6663 73518233 1
3860 6663 73518243 1
3860 6647 73518253 1
3844 6610 73518263 1
3801 6541 73518273 1
3740 6469 73518283 1
3666 6380 73518293 1
3581 6281 73518303 1
3489 6162 73518313 1
3391 6038 73518323 1
3295 5905 73518333 1
3221 5801 73518343 1
3162 5716 73518353 1
3135 5665 73518363 1
3135 5642 73518373 1
3160 5642 73518383 1
3216 5661 73518393 1
3302 5720 73518403 1
3408 5802 73518413 1
3534 5917 73518423 1
3662 6011 73518433 1
3766 6092 73518443 1
3854 6152 73518453 1
3905 6196 73518463 1
3919 6229 73518473 1
3909 6253 73518483 1
3876 6277 73518493 1
3834 6302 73518503 1
3786 6311 73518513 1
3757 6311 73518523 1
3734 6316 73518533 1
3722 6316 73518543 1
3717 6316 73518553 1
3717 6316 73518563 1
3723 6316 73518573 1
3735 6287 73518583 1
3750 6247 73518593 1
3765 6182 73518603 1
3773 6090 73518613 1
3778 5979 73518623 1
3778 5839 73518633 1
3778 5709 73518643 1
3771 5585 73518653 1
3771 5481 73518663 1
3765 5395 73518673 1
3765 5321 73518683 1
3755 5278 73518693 1
3743 5257 73518703 1
3728 5251 73518713 1
3701 5256 73518723 1
3666 5279 73518733 1
3641 5313 73518743 1
3618 5352 73518753 1
3618 5407 73518763 1
3627 5472 73518773 1
3674 5573 73518783 1
3751 5707 73518793 1
3847 5864 73518803 1
3952 6039 73518813 1
4061 6197 73518823 1
4176 6343 73518833 1
4267 6470 73518843 1
4343 6569 73518853 1
4399 6649 73518863 1
4435 6717 73518873 1
4286 6968 73518924 0
4167 6949 73518934 1
4097 6949 73518944 1
4062 6949 73518954 1
4051 6949 73518964 1
4051 6964 73518974 1
4062 6979 73518984 1
4102 7012 73518994 1
4165 7051 73519004 1
4241 7093 73519014 1
4312 7130 73519024 1
4379 7156 73519034 1
4439 7174 73519044 1
4490 7184 73519054 1
4534 7176 73519064 1
4565 7157 73519074 1
4580 7116 73519084 1
4580 7034 73519094 1
4570 6926 73519104 1
4541 6787 73519114 1
4503 6649 73519124 1
4457 6512 73519134 1
4413 6348 73519144 1
4375 6200 73519154 1
4345 6064 73519164 1
4320 5943 73519174 1
4308 5851 73519184 1
4308 5778 73519194 1
4308 5754 73519204 1
4316 5754 73519214 1
4323 5763 73519224 1
4346 5828 73519234 1
4373 5934 73519244 1
4416 6067 73519254 1
4468 6201 73519264 1
4533 6321 73519274 1
4602 6431 73519284 1
4680 6534 73519294 1
4761 6617 73519304 1
4837 6688 73519314 1
4906 6750 73519324 1
4973 6807 73519334 1
5033 6853 73519344 1
5079 6879 73519354 1
5116 6892 73519364 1
5130 6880 73519374 1
5136 6845 73519384 1
5136 6796 73519394 1
5128 6733 73519404 1
5120 6648 73519414 1
5114 6548 73519424 1
5108 6406 73519434 1
5108 6232 73519444 1
5108 6037 73519454 1
5108 5800 73519464 1
5108 5584 73519474 1
5117 5382 73519484 1
5124 5163 73519494 1
5136 4966 73519504 1
5149 4784 73519514 1
5163 4647 73519524 1
5178 4552 73519534 1
5188 4484 73519544 1
5194 4455 73519554 1
5194 4470 73519564 1
6141 7736 73519925 0
6156 7765 73519935 1
6156 7776 73519945 1
6142 7776 73519955 1
6142 7776 73519965 1
6127 7765 73519975 1
6106 7744 73519985 1
6089 7712 73519995 1
6072 7655 73520005 1
6055 7582 73520015 1
6037 7483 73520025 1
6020 7385 73520035 1
6004 7289 73520045 1
5991 7203 73520055 1
5985 7132 73520065 1
5990 7070 73520075 1
6003 7024 73520085 1
6026 6990 73520095 1
6057 6964 73520105 1
6117 6971 73520115 1
6196 7007 73520125 1
6301 7063 73520135 1
6404 7125 73520145 1
6506 7192 73520155 1
6600 7262 73520165 1
6679 7322 73520176 1
6748 7365 73520186 1
6794 7398 73520196 1
6818 7410 73520206 1
6826 7417 73520216 1
6826 7417 73520226 1
6811 7406 73520236 1
6788 7365 73520246 1
6741 7302 73520256 1
6685 7222 73520266 1
6623 7116 73520276 1
6549 6992 73520286 1
6459 6847 73520296 1
6358 6721 73520306 1
6242 6608 73520316 1
6156 6505 73520326 1
6090 6431 73520336 1
6052 6377 73520346 1
6035 6354 73520356 1
6035 6346 73520366 1
6035 6346 73520376 1
6061 6369 73520386 1
6106 6414 73520396 1
6189 6475 73520406 1
6283 6538 73520416 1
6384 6597 73520426 1
6474 6636 73520436 1
6549 6664 73520446 1
6613 6673 73520456 1
6662 6678 73520466 1
6698 6665 73520476 1
6724 6641 73520486 1
6724 6596 73520496 1
6698 6532 73520506 1
6646 6456 73520516 1
6566 6354 73520526 1
6463 6247 73520536 1
6345 6131 73520546 1
6214 6008 73520556 1
6083 5878 73520566 1
6000 5784 73520576 1
5947 5715 73520586 1
5924 5677 73520596 1
5930 5654 73520606 1
5955 5640 73520616 1
6018 5645 73520626 1
6126 5678 73520636 1
6263 5731 73520646 1
6433 5817 73520656 1
6607 5918 73520666 1
6791 6029 73520676 1
6962 6129 73520686 1
7122 6227 73520696 1
7267 6331 73520706 1
7388 6440 73520716 1
7494 6535 73520726 1
7566 6626 73520736 1
7607 6696 73520746 1
7628 6754 73520756 1
7621 6793 73520766 1
7594 6827 73520776 1
7554 6851 73520786 1
7494 6866 73520796 1
7248 6902 73520827 0
7120 6935 73520837 1
7096 6943 73520847 1
7077 6943 73520857 1
7072 6943 73520867 1
7072 6943 73520877 1
7072 6943 73520887 1
7072 6906 73520897 1
7062 6853 73520907 1
7055 6790 73520917 1
7050 6725 73520927 1
7045 6654 73520937 1
7045 6577 73520947 1
7036 6491 73520957 1
7029 6386 73520967 1
7020 6270 73520977 1
7011 6153 73520987 1
7000 6036 73520997 1
6988 5917 73521007 1
6980 5795 73521017 1
6975 5686 73521027 1
6975 5588 73521037 1
6970 5482 73521047 1
6970 5365 73521057 1
6978 5240 73521067 1
6984 5121 73521077 1
6994 5005 73521087 1
7006 4891 73521097 1
7018 4774 73521107 1
7032 4667 73521117 1
7046 4568 73521127 1
7057 4459 73521137 1
7066 4346 73521147 1
7076 4226 73521157 1
7085 4104 73521167 1
7092 3978 73521177 1
7092 3849 73521187 1
7098 3713 73521197 1
7098 3573 73521207 1
7098 3435 73521217 1
7103 3297 73521227 1
7103 3159 73521237 1
7097 3035 73521247 1
7092 2930 73521257 1
7085 2838 73521267 1
