374
3811 7019 70448639 0
3811 7019 70448649 1
3811 7019 70448659 1
3811 7019 70448669 1
3844 7037 70448679 1
3865 7021 70448689 1
3890 6990 70448699 1
3917 6949 70448709 1
3944 6895 70448719 1
3970 6845 70448729 1
3996 6799 70448739 1
4020 6752 70448749 1
4042 6705 70448759 1
4063 6660 70448769 1
4082 6621 70448779 1
4090 6585 70448789 1
3322 5961 70448920 0
3281 5836 70448930 1
3247 5836 70448940 1
3247 5836 70448950 1
3280 5836 70448960 1
3317 5851 70448970 1
3359 5877 70448980 1
3411 5906 70448990 1
3469 5938 70449000 1
3532 5970 70449010 1
3598 6003 70449020 1
3669 6036 70449030 1
3743 6068 70449040 1
3802 6099 70449050 1
3851 6125 70449060 1
3885 6132 70449070 1
3900 6127 70449080 1
3900 6110 70449090 1
3892 6063 70449100 1
3869 5996 70449110 1
3837 5899 70449120 1
3797 5787 70449130 1
3753 5664 70449140 1
3707 5545 70449150 1
3659 5428 70449160 1
3614 5324 70449170 1
3585 5230 70449180 1
3564 5171 70449190 1
3558 5130 70449200 1
3558 5102 70449210 1
3575 5082 70449220 1
3604 5070 70449230 1
3647 5063 70449240 1
3693 5074 70449250 1
3746 5102 70449260 1
3797 5141 70449270 1
3849 5214 70449280 1
3908 5321 70449290 1
3974 5450 70449300 1
4047 5575 70449310 1
4117 5668 70449320 1
4183 5740 70449330 1
4214 5765 70449340 1
4220 5765 70449350 1
4209 5738 70449360 1
4179 5677 70449370 1
4132 5585 70449380 1
4074 5472 70449390 1
4020 5357 70449400 1
3971 5249 70449410 1
3945 5182 70449420 1
3933 5139 70449430 1
3941 5130 70449440 1
3967 5137 70449450 1
4005 5155 70449460 1
4065 5211 70449470 1
4141 5280 70449480 1
4228 5357 70449490 1
4309 5425 70449500 1
4366 5464 70449510 1
4406 5484 70449520 1
4416 5479 70449530 1
4407 5447 70449540 1
4384 5396 70449550 1
4334 5306 70449560 1
4265 5216 70449570 1
4183 5110 70449580 1
4087 4995 70449590 1
3995 4874 70449600 1
3921 4755 70449610 1
3857 4670 70449620 1
3817 4609 70449630 1
3801 4571 70449640 1
3801 4560 70449650 1
3826 4566 70449660 1
3877 4591 70449670 1
3944 4645 70449680 1
4037 4719 70449690 1
4150 4812 70449700 1
4277 4905 70449710 1
4390 4999 70449720 1
4489 5069 70449730 1
4578 5110 70449740 1
4636 5132 70449750 1
4657 5117 70449760 1
4657 5062 70449770 1
4611 4981 70449780 1
4551 4884 70449790 1
4480 4777 70449800 1
4401 4664 70449810 1
4312 4558 70449820 1
4217 4451 70449830 1
4123 4344 70449840 1
4036 4240 70449850 1
3981 4167 70449860 1
3946 4112 70449870 1
3941 4094 70449880 1
3959 4094 70449890 1
3992 4101 70449900 1
4054 4143 70449910 1
4142 4215 70449920 1
4246 4307 70449930 1
4345 4400 70449940 1
4438 4490 70449950 1
4527 4571 70449960 1
4604 4647 70449970 1
4668 4718 70449980 1
4723 4786 70449990 1
4757 4852 70450000 1
4765 4907 70450010 1
4756 4955 70450020 1
4724 4997 70450030 1
4688 5036 70450040 1
4649 5068 70450050 1
4623 5079 70450060 1
4601 5079 70450070 1
4588 5062 70450080 1
4576 5014 70450090 1
4565 4944 70450100 1
4560 4856 70450110 1
4560 4757 70450120 1
4565 4652 70450130 1
4574 4559 70450140 1
4587 4464 70450150 1
4602 4362 70450160 1
4623 4243 70450170 1
4643 4114 70450180 1
4662 3994 70450190 1
4680 3873 70450200 1
4694 3768 70450210 1
4706 3675 70450220 1
4706 3612 70450230 1
4698 3564 70450240 1
4684 3527 70450250 1
4658 3500 70450260 1
4621 3476 70450270 1
4577 3454 70450280 1
4522 3433 70450290 1
4465 3414 70450300 1
4406 3397 70450310 1
4355 3397 70450320 1
4305 3397 70450330 1
4269 3406 70450340 1
4243 3417 70450350 1
4232 3435 70450360 1
4226 3458 70450370 1
4247 3499 70450380 1
4284 3554 70450390 1
4343 3619 70450400 1
4420 3703 70450410 1
4509 3808 70450420 1
4613 3926 70450430 1
4722 4048 70450440 1
4839 4192 70450450 1
4952 4350 70450460 1
5061 4527 70450470 1
5188 4712 70450480 1
5318 4903 70450490 1
5435 5072 70450500 1
5543 5236 70450510 1
5633 5376 70450520 1
5704 5502 70450530 1
5762 5603 70450540 1
5796 5680 70450550 1
5805 5740 70450560 1
5798 5792 70450570 1
5779 5848 70450580 1
5748 5906 70450590 1
5709 5958 70450600 1
5671 5993 70450610 1
5635 6017 70450620 1
5600 6022 70450630 1
5566 6009 70450640 1
5531 5985 70450650 1
5494 5941 70450660 1
5464 5877 70450670 1
5440 5801 70450680 1
5431 5732 70450690 1
5431 5661 70450700 1
5431 5589 70450710 1
5438 5515 70450720 1
5447 5439 70450730 1
5456 5356 70450740 1
5468 5266 70450750 1
5480 5166 70450760 1
5493 5040 70450770 1
5498 4899 70450780 1
5498 4755 70450790 1
5490 4632 70450800 1
5476 4523 70450810 1
5458 4406 70450820 1
5435 4290 70450830 1
5408 4175 70450840 1
5379 4091 70450850 1
5356 4028 70450860 1
5336 3986 70450870 1
5325 3971 70450880 1
5325 3971 70450890 1
5325 3988 70450900 1
5336 4043 70450910 1
5369 4125 70450920 1
5414 4218 70450930 1
5483 4317 70450940 1
5557 4420 70450950 1
5648 4517 70450960 1
5749 4615 70450970 1
5859 4729 70450980 1
5963 4852 70450990 1
6061 4971 70451000 1
6157 5085 70451010 1
6257 5199 70451020 1
6342 5314 70451030 1
6416 5408 70451040 1
6471 5475 70451050 1
6502 5524 70451060 1
6516 5540 70451070 1
6516 5540 70451080 1
6505 5540 70451090 1
6492 5531 70451100 1
6473 5515 70451110 1
6450 5474 70451120 1
6424 5418 70451130 1
6400 5341 70451123 1
6373 5235 70451133 1
6346 5109 70451143 1
6325 4969 70451153 1
6309 4808 70451163 1
6297 4633 70451173 1
6302 4475 70451183 1
6317 4286 70451193 1
6338 4077 70451203 1
6356 3851 70451213 1
6373 3616 70451223 1
6388 3374 70451233 1
6405 3117 70451243 1
6424 2872 70451253 1
6450 2636 70451263 1
6476 2472 70451273 1
6501 2336 70451283 1
7673 6488 70452355 0
7691 6548 70452365 1
7728 6589 70452375 1
7777 6606 70452385 1
7835 6619 70452395 1
7895 6626 70452405 1
7939 6626 70452415 1
7972 6597 70452425 1
7991 6556 70452435 1
7985 6474 70452445 1
7961 6360 70452455 1
7907 6224 70452465 1
7822 6080 70452475 1
7715 5935 70452485 1
7620 5789 70452495 1
7528 5672 70452505 1
7444 5574 70452515 1
7366 5479 70452525 1
7307 5405 70452535 1
7260 5344 70452545 1
7249 5327 70452555 1
7262 5327 70452565 1
7291 5349 70452575 1
7360 5414 70452585 1
7458 5498 70452595 1
7576 5595 70452605 1
7711 5679 70452615 1
7855 5762 70452625 1
8005 5843 70452635 1
8139 5923 70452645 1
8274 6002 70452655 1
8410 6072 70452665 1
8524 6137 70452675 1
8626 6196 70452685 1
8701 6236 70452695 1
8747 6263 70452705 1
8773 6272 70452715 1
8773 6266 70452725 1
8751 6249 70452735 1
8003 5624 70452975 0
8067 5613 70452985 1
8062 5613 70452995 1
8046 5631 70453005 1
8021 5588 70453015 1
7975 5520 70453025 1
7915 5435 70453035 1
7828 5342 70453045 1
7742 5253 70453055 1
7676 5179 70453065 1
7622 5113 70453075 1
7590 5071 70453085 1
7582 5053 70453095 1
7590 5053 70453105 1
7625 5061 70453115 1
7689 5099 70453125 1
7773 5156 70453135 1
7874 5218 70453145 1
7964 5280 70453155 1
8046 5320 70453165 1
8101 5346 70453175 1
8126 5346 70453185 1
8131 5303 70453195 1
8106 5238 70453205 1
8056 5143 70453215 1
7989 5033 70453225 1
7909 4914 70453235 1
7819 4772 70453245 1
7723 4652 70453255 1
7637 4546 70453265 1
7555 4435 70453275 1
7498 4343 70453285 1
7455 4264 70453295 1
7447 4224 70453305 1
7471 4208 70453315 1
7516 4208 70453325 1
7599 4241 70453335 1
7719 4296 70453345 1
7863 4366 70453355 1
8027 4433 70453365 1
8196 4500 70453375 1
8386 4567 70453385 1
8587 4644 70453395 1
8784 4727 70453405 1
8986 4830 70453415 1
9147 4932 70453425 1
9279 5016 70453435 1
9399 5088 70453445 1
9468 5140 70453455 1
9503 5173 70453465 1
9510 5194 70453475 1
9495 5219 70453485 1
9464 5256 70453495 1
9415 5300 70453505 1
9341 5352 70453515 1
9249 5412 70453525 1
9151 5478 70453535 1
9053 5541 70453545 1
8956 5579 70453555 1
8865 5601 70453565 1
8800 5594 70453575 1
8752 5582 70453585 1
8713 5559 70453595 1
8680 5527 70453605 1
8664 5486 70453615 1
8658 5406 70453625 1
8664 5302 70453635 1
8677 5153 70453645 1
8701 4950 70453655 1
8732 4711 70453665 1
8762 4462 70453675 1
8790 4166 70453685 1
8815 3840 70453695 1
8839 3534 70453705 1
8884 3203 70453715 1
8944 2856 70453725 1
9013 2472 70453735 1
9068 2125 70453745 1
9111 1802 70453755 1
9146 1565 70453765 1
