408
2910 7064 34048599 0
2910 7064 34048609 1
2902 7098 34048619 1
2902 7123 34048629 1
2902 7129 34048639 1
2902 7123 34048649 1
2902 7123 34048659 1
2902 7123 34048669 1
2932 7115 34048679 1
2983 7086 34048689 1
3062 7040 34048699 1
3140 6972 34048709 1
3217 6899 34048719 1
3275 6820 34048729 1
3323 6739 34048739 1
3365 6668 34048749 1
3396 6606 34048759 1
3420 6551 34048769 1
3439 6507 34048779 1
3454 6474 34048789 1
3465 6449 34048799 1
3465 6437 34048809 1
3465 6437 34048819 1
3465 6437 34048829 1
2794 5666 34049120 0
2794 5666 34049130 1
2794 5666 34049140 1
2789 5660 34049150 1
2789 5660 34049160 1
2789 5654 34049170 1
2789 5654 34049180 1
2789 5654 34049190 1
2800 5654 34049200 1
2833 5685 34049210 1
2881 5730 34049220 1
2962 5810 34049230 1
3060 5896 34049240 1
3170 5987 34049250 1
3275 6059 34049260 1
3363 6125 34049270 1
3440 6168 34049280 1
3489 6199 34049290 1
3513 6212 34049300 1
3519 6220 34049310 1
3519 6220 34049320 1
3519 6220 34049330 1
3519 6220 34049340 1
3519 6210 34049350 1
3513 6196 34049360 1
3507 6177 34049370 1
3494 6159 34049380 1
3482 6141 34049390 1
3472 6129 34049400 1
3465 6121 34049410 1
3460 6107 34049420 1
3449 6071 34049430 1
3434 6021 34049440 1
3409 5941 34049450 1
3377 5835 34049460 1
3341 5713 34049470 1
3301 5603 34049480 1
3265 5501 34049490 1
3238 5404 34049500 1
3215 5301 34049510 1
3195 5199 34049520 1
3177 5110 34049530 1
3171 5028 34049540 1
3171 4973 34049550 1
3171 4939 34049560 1
3176 4919 34049570 1
3176 4919 34049580 1
3186 4919 34049590 1
3197 4914 34049600 1
3215 4919 34049610 1
3241 4939 34049620 1
3275 4970 34049630 1
3324 5023 34049640 1
3381 5098 34049650 1
3452 5187 34049660 1
3527 5301 34049670 1
3616 5427 34049680 1
3714 5561 34049690 1
3801 5666 34049700 1
3864 5743 34049710 1
3911 5801 34049720 1
3926 5820 34049730 1
3926 5820 34049740 1
3912 5806 34049750 1
3884 5776 34049760 1
3841 5715 34049770 1
3789 5633 34049780 1
3725 5536 34049790 1
3657 5417 34049800 1
3586 5284 34049810 1
3518 5151 34049820 1
3455 5031 34049830 1
3394 4921 34049840 1
3361 4845 34049850 1
3353 4799 34049860 1
3361 4772 34049870 1
3388 4757 34049880 1
3431 4764 34049890 1
3484 4786 34049900 1
3554 4843 34049910 1
3640 4913 34049920 1
3737 4991 34049930 1
3817 5066 34049940 1
3879 5117 34049950 1
3929 5152 34049960 1
3946 5152 34049970 1
3946 5152 34049980 1
3928 5107 34049990 1
3887 5032 34050000 1
3819 4916 34050010 1
3733 4779 34050020 1
3634 4629 34050030 1
3541 4486 34050040 1
3458 4339 34050050 1
3382 4184 34050060 1
3335 4076 34050070 1
3308 3997 34050080 1
3314 3960 34050090 1
3343 3950 34050100 1
3386 3959 34050110 1
3449 4011 34050120 1
3538 4110 34050130 1
3645 4240 34050140 1
3762 4402 34050150 1
3863 4537 34050160 1
3941 4655 34050170 1
4009 4786 34050180 1
4064 4902 34050190 1
4097 5007 34050200 1
4116 5046 34050210 1
4097 5068 34050220 1
4060 5079 34050230 1
4010 5079 34050240 1
3941 5057 34050250 1
3872 5024 34050260 1
3805 4975 34050270 1
3743 4920 34050280 1
3710 4857 34050290 1
3696 4777 34050300 1
3715 4686 34050310 1
3739 4564 34050320 1
3774 4422 34050330 1
3810 4266 34050340 1
3845 4094 34050350 1
3881 3921 34050360 1
3918 3747 34050370 1
3947 3575 34050380 1
3971 3419 34050390 1
3988 3273 34050400 1
3988 3114 34050410 1
3988 2986 34050420 1
3959 2880 34050430 1
3914 2777 34050440 1
3856 2716 34050450 1
3800 2683 34050460 1
3746 2690 34050470 1
3708 2743 34050480 1
3678 2827 34050490 1
3672 2957 34050500 1
3699 3134 34050510 1
3748 3342 34050520 1
3811 3596 34050530 1
3892 3891 34050540 1
3986 4213 34050550 1
4088 4547 34050560 1
4189 4816 34050570 1
4288 5043 34050580 1
4376 5215 34050590 1
4459 5378 34050600 1
4532 5536 34050610 1
4601 5675 34050620 1
4668 5816 34050630 1
4733 5958 34050640 1
4775 6072 34050650 1
4802 6145 34050660 1
4797 6190 34050670 1
4774 6213 34050680 1
4738 6232 34050690 1
4686 6244 34050700 1
4629 6244 34050710 1
4569 6238 34050720 1
4512 6229 34050730 1
4454 6203 34050740 1
4394 6167 34050750 1
4339 6098 34050760 1
4302 6003 34050770 1
4278 5892 34050780 1
4290 5760 34050790 1
4306 5623 34050800 1
4337 5484 34050810 1
4376 5313 34050820 1
4415 5141 34050830 1
4453 4970 34050840 1
4484 4800 34050850 1
4512 4632 34050860 1
4531 4453 34050870 1
4550 4267 34050880 1
4569 4049 34050890 1
4587 3832 34050900 1
4598 3617 34050910 1
4604 3456 34050920 1
4610 3329 34050930 1
4610 3204 34050940 1
4610 3114 34050950 1
4616 3048 34050960 1
4616 3021 34050970 1
4616 3021 34050980 1
4608 3038 34050990 1
4590 3093 34051000 1
4566 3177 34051010 1
4546 3280 34051020 1
4529 3380 34051030 1
4529 3478 34051040 1
4542 3570 34051050 1
4568 3679 34051060 1
4608 3800 34051070 1
4657 3945 34051080 1
4731 4135 34051090 1
4819 4354 34051100 1
4915 4594 34051110 1
5007 4790 34051120 1
5085 4957 34051130 1
5154 5048 34051140 1
5196 5120 34051150 1
5220 5179 34051160 1
5232 5234 34051170 1
5232 5286 34051180 1
5220 5328 34051190 1
5202 5366 34051200 1
5181 5380 34051210 1
5158 5368 34051220 1
5133 5339 34051230 1
5112 5268 34051240 1
5093 5165 34051250 1
5077 5042 34051260 1
5062 4865 34051270 1
5049 4667 34051280 1
5044 4454 34051290 1
5055 4222 34051300 1
5076 4005 34051310 1
5113 3798 34051320 1
5153 3629 34051330 1
5195 3484 34051340 1
5224 3354 34051350 1
5245 3227 34051360 1
5245 3122 34051370 1
5245 3032 34051380 1
5253 2999 34051390 1
5258 2992 34051400 1
5258 3002 34051410 1
5246 3047 34051420 1
5246 3147 34051430 1
5246 3283 34051440 1
6625 6549 34051783 0
6668 6605 34051793 1
6678 6640 34051803 1
6671 6675 34051813 1
6687 6693 34051823 1
6700 6701 34051833 1
6705 6701 34051843 1
6705 6701 34051853 1
6710 6701 34051863 1
6710 6694 34051873 1
6718 6694 34051883 1
6718 6688 34051893 1
6718 6688 34051903 1
6718 6680 34051913 1
6718 6640 34051923 1
6718 6578 34051933 1
6693 6446 34051943 1
6657 6288 34051953 1
6618 6113 34051963 1
6578 5938 34051973 1
6538 5759 34051983 1
6495 5593 34051993 1
6440 5437 34052003 1
6377 5238 34052013 1
6315 5054 34052023 1
6257 4881 34052033 1
6230 4749 34052043 1
6221 4681 34052053 1
6221 4655 34052063 1
6227 4650 34052073 1
6239 4667 34052083 1
6261 4698 34052094 1
6301 4784 34052104 1
6354 4890 34052114 1
6413 5010 34052124 1
6495 5133 34052134 1
6593 5267 34052144 1
6718 5409 34052154 1
6845 5531 34052164 1
6972 5627 34052174 1
7083 5707 34052184 1
7189 5772 34052194 1
7291 5833 34052204 1
7398 5884 34052214 1
7494 5930 34052224 1
7582 5972 34052234 1
7639 5997 34052244 1
7661 6012 34052254 1
7661 6012 34052264 1
7651 6012 34052274 1
7643 6020 34052284 1
7629 6020 34052294 1
7610 6020 34052304 1
7594 6012 34052314 1
7567 6000 34052324 1
7532 5979 34052334 1
7469 5941 34052344 1
7398 5893 34052354 1
7321 5854 34052364 1
7261 5822 34052374 1
7217 5795 34052384 1
7184 5773 34052394 1
7147 5746 34052404 1
7091 5690 34052414 1
7021 5617 34052424 1
6934 5525 34052434 1
6829 5418 34052444 1
6711 5300 34052454 1
6637 5222 34052464 1
6589 5157 34052474 1
6559 5100 34052484 1
6542 5046 34052494 1
6531 4999 34052504 1
6531 4957 34052514 1
6544 4925 34052524 1
6571 4912 34052534 1
6619 4912 34052544 1
6691 4939 34052554 1
6779 4970 34052564 1
6874 5005 34052574 1
6953 5021 34052584 1
7020 5034 34052594 1
7076 5045 34052604 1
7103 5045 34052614 1
7110 5045 34052624 1
7102 5037 34052634 1
7061 5001 34052644 1
6999 4945 34052654 1
6930 4884 34052664 1
6863 4820 34052674 1
6799 4756 34052684 1
6753 4694 34052694 1
6719 4636 34052704 1
6682 4574 34052714 1
6647 4513 34052724 1
6640 4474 34052734 1
6650 4448 34052744 1
6685 4425 34052754 1
6753 4418 34052764 1
6843 4418 34052774 1
6930 4418 34052784 1
6989 4418 34052794 1
7030 4403 34052804 1
7030 4384 34052814 1
6993 4328 34052824 1
6930 4247 34052834 1
6837 4155 34052844 1
6739 4063 34052854 1
6637 3972 34052864 1
6577 3909 34052874 1
6552 3864 34052884 1
6552 3843 34052894 1
6564 3843 34052904 1
6608 3854 34052914 1
6670 3901 34052924 1
6793 3999 34052934 1
6972 4131 34052944 1
7188 4327 34052954 1
7473 4545 34052964 1
7762 4777 34052974 1
7998 4985 34052984 1
8197 5126 34052994 1
8291 5223 34053004 1
8304 5338 34053014 1
8263 5408 34053024 1
8185 5447 34053034 1
8101 5459 34053044 1
8012 5446 34053054 1
7943 5416 34053064 1
7878 5371 34053074 1
7819 5305 34053084 1
7765 5226 34053094 1
7710 5101 34053104 1
7680 4937 34053114 1
7666 4748 34053124 1
7700 4557 34053134 1
7765 4324 34053144 1
7851 4062 34053154 1
7947 3775 34053164 1
8022 3517 34053174 1
8082 3279 34053184 1
8112 3045 34053194 1
8119 2847 34053204 1
8110 2673 34053214 1
8099 2547 34053224 1
8088 2462 34053234 1
8088 2405 34053244 1
8104 2398 34053254 1
8104 2420 34053264 1
8095 2462 34053274 1
8084 2554 34053284 1
