246
3785 7955 31718091 0
4039 8032 31718101 1
4049 8146 31718111 1
4092 8165 31718121 1
4157 8121 31718131 1
4256 8071 31718141 1
4394 8008 31718151 1
4558 7937 31718161 1
4742 7900 31718171 1
4859 7873 31718181 1
4930 7854 31718191 1
4960 7819 31718201 1
4948 7779 31718211 1
4118 7348 31718311 0
4317 7288 31718321 1
4341 7398 31718331 1
4296 7424 31718341 1
4351 7393 31718351 1
4432 7377 31718361 1
4530 7340 31718371 1
4608 7288 31718381 1
4643 7216 31718391 1
4648 7119 31718401 1
4594 7006 31718411 1
4502 6860 31718421 1
4385 6727 31718431 1
4261 6603 31718441 1
4169 6492 31718451 1
4097 6431 31718461 1
4089 6404 31718471 1
4135 6435 31718481 1
4216 6528 31718491 1
4352 6663 31718501 1
4494 6802 31718511 1
4643 6947 31718521 1
4791 7095 31718531 1
4888 7181 31718541 1
4954 7223 31718551 1
4979 7236 31718561 1
4973 7222 31718571 1
4945 7143 31718581 1
4850 7021 31718591 1
4693 6847 31718601 1
4494 6667 31718611 1
4285 6483 31718621 1
4100 6289 31718631 1
3930 6170 31718641 1
3878 6101 31718651 1
3884 6088 31718661 1
3929 6105 31718671 1
4030 6141 31718681 1
4170 6227 31718691 1
4337 6346 31718701 1
4516 6486 31718711 1
4695 6615 31718721 1
4869 6713 31718731 1
4980 6791 31718741 1
5052 6827 31718751 1
4697 6474 31718802 0
4251 6073 31718812 1
4023 5893 31718822 1
3876 5727 31718832 1
3784 5642 31718842 1
3767 5606 31718852 1
3806 5606 31718862 1
3883 5633 31718872 1
4003 5711 31718882 1
4164 5821 31718892 1
4351 5975 31718902 1
4538 6132 31718912 1
4725 6291 31718922 1
4869 6436 31718932 1
4984 6548 31718942 1
5055 6638 31718952 1
5080 6686 31718962 1
5073 6705 31718972 1
5042 6705 31718982 1
4992 6676 31718992 1
4930 6600 31719002 1
4869 6492 31719012 1
4813 6337 31719022 1
4765 6178 31719032 1
4737 6012 31719042 1
4720 5841 31719052 1
4715 5666 31719062 1
4715 5524 31719072 1
4715 5396 31719082 1
4715 5277 31719092 1
4715 5190 31719102 1
4722 5125 31719112 1
4722 5076 31719122 1
4727 5061 31719132 1
4727 5070 31719142 1
4715 5094 31719152 1
4694 5191 31719162 1
4677 5322 31719172 1
4659 5477 31719182 1
4637 5592 31719192 1
4613 5666 31719202 1
4589 5713 31719212 1
4561 5738 31719222 1
4529 5743 31719232 1
4487 5736 31719242 1
4430 5704 31719252 1
4364 5650 31719262 1
4282 5582 31719272 1
4201 5513 31719282 1
4150 5448 31719292 1
4118 5403 31719302 1
4128 5371 31719312 1
4189 5352 31719322 1
4284 5388 31719332 1
4436 5461 31719342 1
4621 5582 31719352 1
4827 5740 31719362 1
5009 5923 31719372 1
5190 6116 31719382 1
5369 6317 31719392 1
5513 6523 31719402 1
5637 6724 31719412 1
5742 6932 31719422 1
5809 7146 31719432 1
5850 7252 31719442 1
5850 7291 31719452 1
5850 7286 31719462 1
5843 7238 31719472 1
5817 7110 31719482 1
5774 6928 31719492 1
5719 6726 31719502 1
5657 6531 31719512 1
5595 6342 31719522 1
5524 6157 31719532 1
5445 5992 31719542 1
5367 5841 31719552 1
5319 5760 31719562 1
5291 5735 31719572 1
5291 5747 31719582 1
5337 5790 31719592 1
5418 5893 31719602 1
5570 6035 31719612 1
5766 6172 31719622 1
5991 6312 31719632 1
6197 6453 31719642 1
6406 6567 31719652 1
6576 6656 31719662 1
6718 6728 31719672 1
6816 6774 31719682 1
6858 6792 31719692 1
6863 6792 31719702 1
6824 6770 31719712 1
6742 6715 31719722 1
6630 6637 31719732 1
6515 6534 31719742 1
6404 6416 31719752 1
6331 6287 31719762 1
6282 6141 31719772 1
6264 5954 31719782 1
6272 5739 31719792 1
6297 5502 31719802 1
6339 5225 31719812 1
6382 4921 31719822 1
6424 4625 31719832 1
6453 4370 31719842 1
6475 4142 31719852 1
6475 3922 31719862 1
6456 3759 31719872 1
6434 3634 31719882 1
6426 3581 31719892 1
6448 3602 31719902 1
8229 7246 31720054 0
8172 7294 31720064 1
8133 7385 31720074 1
8090 7517 31720084 1
8090 7517 31720104 0
8160 7838 31720114 1
8178 7906 31720124 1
8178 7935 31720134 1
8178 7935 31720144 1
8187 7918 31720154 1
8204 7864 31720164 1
8219 7787 31720174 1
8219 7696 31720184 1
8209 7580 31720194 1
8167 7448 31720204 1
8089 7281 31720214 1
7986 7102 31720214 1
7865 6915 31720224 1
7792 6802 31720234 1
7750 6758 31720244 1
7763 6758 31720254 1
7838 6777 31720264 1
7954 6843 31720274 1
8100 6943 31720284 1
8249 7047 31720294 1
8401 7145 31720304 1
8547 7225 31720314 1
8663 7294 31720324 1
8763 7339 31720334 1
8542 7112 31720414 0
8377 6947 31720424 1
8323 6929 31720434 1
8301 6947 31720444 1
8318 6933 31720454 1
8362 6882 31720464 1
8404 6806 31720474 1
8421 6718 31720484 1
8421 6628 31720494 1
8394 6535 31720504 1
8346 6444 31720514 1
8283 6351 31720524 1
8216 6266 31720534 1
8149 6187 31720544 1
8087 6107 31720554 1
8029 6028 31720564 1
8009 5974 31720574 1
8014 5936 31720584 1
8067 5918 31720594 1
8182 5951 31720604 1
8339 6019 31720614 1
8556 6136 31720624 1
8774 6256 31720634 1
8997 6378 31720644 1
9174 6477 31720654 1
9321 6556 31720664 1
9448 6621 31720674 1
9524 6685 31720684 1
9566 6751 31720695 1
9566 6835 31720705 1
9509 6931 31720715 1
9424 7025 31720725 1
9318 7084 31720735 1
9233 7121 31720745 1
9162 7115 31720755 1
9116 7062 31720765 1
9088 6977 31720775 1
9073 6824 31720785 1
9094 6669 31720795 1
9117 6445 31720805 1
9144 6177 31720815 1
9171 5813 31720825 1
9198 5419 31720835 1
9224 5004 31720845 1
9240 4639 31720855 1
9250 4373 31720865 1
9237 4172 31720875 1
9201 3977 31720885 1
