240
4059 7717 31726052 0
4351 7820 31726062 1
4399 7898 31726072 1
4366 7911 31726082 1
4402 7897 31726092 1
4483 7865 31726102 1
4595 7837 31726112 1
4782 7809 31726122 1
4911 7785 31726132 1
5001 7765 31726142 1
4295 7098 31726273 0
4392 7083 31726283 1
4351 7110 31726293 1
4384 7148 31726303 1
4461 7156 31726313 1
4568 7140 31726323 1
4667 7108 31726333 1
4727 7053 31726343 1
4760 6960 31726353 1
4722 6843 31726363 1
4648 6719 31726373 1
4549 6594 31726383 1
4456 6467 31726393 1
4393 6369 31726403 1
4351 6289 31726413 1
4351 6275 31726423 1
4591 6543 31726463 0
4884 6823 31726473 1
4988 6955 31726483 1
5068 7030 31726493 1
5132 7068 31726503 1
5152 7063 31726513 1
5131 7004 31726523 1
5083 6909 31726533 1
4968 6737 31726543 1
4801 6557 31726553 1
4599 6373 31726563 1
4372 6157 31726573 1
4147 5965 31726583 1
3998 5790 31726593 1
3899 5713 31726603 1
3881 5679 31726613 1
3917 5673 31726623 1
3988 5715 31726633 1
4135 5830 31726643 1
4321 5993 31726653 1
4534 6168 31726663 1
4763 6342 31726673 1
4944 6471 31726683 1
5093 6570 31726693 1
5197 6609 31726703 1
4899 6220 31726753 0
4435 5778 31726763 1
4214 5578 31726773 1
4011 5405 31726783 1
3898 5276 31726793 1
3865 5219 31726803 1
3885 5210 31726813 1
3960 5236 31726823 1
4094 5323 31726833 1
4268 5452 31726843 1
4466 5607 31726853 1
4677 5776 31726863 1
4896 5954 31726873 1
5062 6110 31726883 1
5194 6231 31726893 1
5304 6329 31726903 1
5352 6394 31726913 1
5352 6435 31726923 1
5320 6459 31726933 1
5263 6459 31726943 1
5195 6426 31726953 1
5120 6370 31726963 1
5063 6271 31726973 1
5010 6145 31726983 1
4981 6001 31726993 1
4967 5827 31727003 1
4967 5660 31727013 1
4977 5497 31727023 1
4993 5321 31727033 1
4993 5163 31727043 1
5002 5016 31727053 1
5007 4906 31727063 1
5001 4812 31727073 1
4989 4728 31727083 1
4984 4694 31727093 1
4977 4687 31727103 1
4961 4697 31727113 1
4939 4754 31727123 1
4920 4879 31727133 1
4902 5050 31727143 1
4883 5180 31727153 1
4855 5266 31727163 1
4822 5322 31727173 1
4783 5346 31727183 1
4726 5339 31727193 1
4657 5311 31727203 1
4571 5261 31727213 1
4481 5194 31727223 1
4387 5116 31727233 1
4305 5037 31727243 1
4267 4977 31727253 1
4258 4930 31727263 1
4310 4917 31727273 1
4429 4975 31727283 1
4592 5081 31727284 1
4796 5243 31727294 1
4980 5431 31727304 1
5151 5637 31727314 1
5330 5827 31727324 1
5499 6036 31727334 1
5662 6259 31727344 1
5837 6515 31727354 1
5962 6733 31727364 1
6053 6926 31727374 1
6096 7015 31727384 1
6108 7035 31727394 1
6099 7008 31727404 1
6099 6930 31727414 1
6067 6783 31727424 1
6023 6591 31727434 1
5975 6411 31727444 1
5920 6230 31727454 1
5859 6045 31727464 1
5786 5852 31727474 1
5698 5672 31727484 1
5599 5504 31727494 1
5538 5425 31727504 1
5501 5396 31727514 1
5480 5396 31727524 1
5495 5457 31727534 1
5582 5557 31727544 1
5717 5687 31727554 1
5927 5837 31727564 1
6140 5978 31727574 1
6367 6113 31727584 1
6601 6212 31727594 1
6807 6307 31727604 1
6966 6384 31727614 1
7094 6451 31727624 1
7179 6495 31727634 1
7211 6514 31727644 1
7211 6514 31727654 1
7164 6514 31727664 1
7090 6484 31727674 1
6997 6435 31727684 1
6898 6354 31727694 1
6825 6253 31727704 1
6769 6139 31727714 1
6743 5979 31727725 1
6734 5771 31727735 1
6734 5532 31727745 1
6748 5208 31727755 1
6766 4819 31727765 1
6794 4386 31727775 1
6822 3979 31727785 1
6849 3660 31727795 1
6870 3400 31727805 1
6863 3172 31727815 1
6838 3007 31727825 1
6826 2883 31727835 1
8312 7949 31728105 0
8348 8017 31728115 1
8269 8106 31728125 1
8276 8113 31728135 1
8314 8076 31728145 1
8372 8011 31728155 1
8418 7895 31728165 1
8435 7786 31728175 1
8435 7681 31728185 1
8389 7562 31728195 1
8322 7431 31728205 1
8240 7293 31728215 1
8165 7155 31728225 1
8090 6997 31728235 1
8016 6827 31728245 1
7944 6691 31728255 1
7882 6660 31728336 0
8146 6776 31728346 1
8269 6877 31728356 1
8407 7009 31728366 1
8560 7104 31728376 1
8736 7196 31728386 1
8914 7287 31728396 1
9093 7367 31728406 1
9212 7413 31728416 1
9274 7437 31728426 1
9298 7422 31728436 1
8642 6867 31728496 0
8307 6611 31728506 1
8218 6559 31728516 1
8173 6535 31728526 1
8190 6535 31728536 1
8247 6535 31728546 1
8331 6548 31728556 1
8441 6574 31728566 1
8538 6582 31728576 1
8627 6582 31728586 1
8687 6548 31728596 1
8709 6493 31728606 1
8709 6422 31728616 1
8653 6331 31728626 1
8558 6221 31728636 1
8433 6098 31728646 1
8281 5946 31728656 1
8163 5814 31728666 1
8067 5696 31728676 1
8019 5624 31728686 1
8025 5598 31728696 1
8066 5604 31728706 1
8178 5648 31728716 1
8380 5750 31728726 1
8643 5892 31728736 1
8951 6042 31728746 1
9228 6183 31728756 1
9485 6303 31728766 1
9696 6412 31728776 1
9847 6503 31728786 1
9958 6577 31728796 1
10002 6641 31728806 1
10002 6713 31728816 1
9968 6797 31728826 1
9881 6890 31728836 1
9768 6978 31728846 1
9637 7037 31728856 1
9515 7076 31728866 1
9416 7076 31728876 1
9332 7037 31728886 1
9277 6972 31728896 1
9249 6829 31728906 1
9239 6660 31728916 1
9250 6473 31728926 1
9279 6223 31728936 1
9321 5913 31728946 1
9375 5562 31728956 1
9444 5161 31728966 1
9524 4768 31728976 1
9584 4381 31728986 1
9611 4068 31728996 1
9616 3777 31729006 1
