230
4392 8130 31734434 0
4622 8097 31734444 1
4622 8152 31734454 1
4673 8138 31734464 1
4748 8121 31734474 1
4868 8116 31734484 1
4994 8121 31734494 1
5124 8101 31734504 1
5226 8060 31734514 1
4645 7485 31734635 0
4744 7405 31734645 1
4744 7437 31734655 1
4703 7536 31734655 1
4760 7512 31734665 1
4823 7440 31734675 1
4887 7335 31734685 1
4950 7211 31734695 1
4984 7083 31734705 1
4993 6959 31734715 1
4986 6838 31734725 1
4975 6762 31734735 1
4961 6704 31734745 1
4944 6657 31734755 1
4937 6639 31734765 1
4937 6648 31734775 1
5057 6887 31734815 0
5259 7149 31734825 1
5341 7231 31734835 1
5408 7293 31734845 1
5450 7321 31734855 1
5464 7321 31734865 1
5458 7291 31734875 1
5411 7194 31734885 1
5304 7027 31734895 1
5158 6813 31734905 1
4985 6622 31734915 1
4791 6419 31734925 1
4582 6208 31734935 1
4405 6035 31734945 1
4297 5926 31734955 1
4235 5859 31734965 1
4247 5867 31734975 1
4313 5912 31734985 1
4415 5983 31734995 1
4559 6107 31735005 1
4736 6260 31735015 1
4934 6433 31735025 1
5109 6576 31735035 1
5284 6680 31735045 1
4888 6059 31735135 0
4561 5688 31735145 1
4475 5624 31735155 1
4438 5594 31735165 1
4474 5587 31735175 1
4557 5619 31735185 1
4671 5703 31735195 1
4823 5823 31735205 1
4971 5977 31735215 1
5116 6127 31735225 1
5275 6274 31735235 1
5429 6417 31735245 1
5554 6535 31735255 1
5662 6636 31735265 1
5722 6699 31735275 1
5732 6730 31735285 1
5709 6741 31735295 1
5661 6741 31735305 1
5604 6702 31735315 1
5540 6645 31735325 1
5482 6551 31735335 1
5441 6427 31735345 1
5411 6282 31735355 1
5389 6120 31735365 1
5371 5934 31735375 1
5371 5732 31735385 1
5387 5584 31735395 1
5405 5455 31735405 1
5424 5338 31735415 1
5436 5234 31735425 1
5443 5147 31735435 1
5443 5071 31735445 1
5443 5027 31735455 1
5434 5006 31735465 1
5418 5001 31735475 1
5386 5034 31735485 1
5342 5132 31735495 1
5310 5273 31735505 1
5278 5431 31735515 1
5250 5558 31735525 1
5224 5664 31735535 1
5198 5730 31735545 1
5172 5770 31735555 1
5145 5793 31735565 1
5110 5801 31735575 1
5072 5801 31735585 1
5019 5772 31735595 1
4955 5720 31735605 1
4883 5642 31735615 1
4797 5542 31735625 1
4719 5427 31735635 1
4646 5327 31735645 1
4631 5270 31735655 1
4677 5243 31735665 1
4763 5261 31735675 1
4895 5339 31735685 1
5052 5456 31735695 1
5225 5597 31735705 1
5412 5760 31735715 1
5590 5939 31735725 1
5763 6107 31735735 1
5923 6274 31735745 1
6055 6457 31735755 1
6167 6651 31735765 1
6261 6841 31735775 1
6314 7027 31735785 1
6339 7210 31735795 1
6333 7293 31735805 1
6311 7313 31735815 1
6277 7292 31735825 1
6216 7187 31735835 1
6158 7017 31735845 1
6103 6803 31735855 1
6065 6623 31735865 1
6030 6453 31735875 1
5997 6289 31735885 1
5965 6137 31735895 1
5919 5982 31735905 1
5864 5818 31735915 1
5784 5650 31735925 1
5742 5587 31735935 1
5725 5587 31735945 1
5740 5626 31735955 1
5818 5722 31735965 1
5937 5865 31735975 1
6115 6039 31735985 1
6321 6193 31735995 1
6545 6321 31736005 1
6748 6431 31736015 1
6920 6518 31736025 1
7072 6587 31736035 1
7182 6644 31736045 1
7249 6680 31736047 1
7286 6696 31736057 1
7274 6696 31736067 1
7225 6688 31736077 1
7152 6649 31736087 1
7068 6591 31736097 1
6989 6499 31736107 1
6936 6350 31736117 1
6898 6162 31736127 1
6880 5930 31736137 1
6880 5653 31736147 1
6880 5346 31736157 1
6901 4963 31736167 1
6925 4576 31736177 1
6949 4186 31736187 1
6971 3820 31736197 1
6977 3548 31736207 1
8294 8003 31736597 0
8509 8131 31736607 1
8501 8164 31736617 1
8491 8164 31736627 1
8506 8164 31736637 1
8537 8082 31736647 1
8571 7951 31736657 1
8571 7822 31736667 1
8526 7694 31736677 1
8455 7542 31736687 1
8344 7373 31736697 1
8223 7198 31736707 1
8095 7024 31736717 1
7989 6896 31736727 1
7937 6798 31736737 1
7920 6786 31736747 1
7952 6800 31736757 1
8026 6832 31736758 1
8127 6898 31736768 1
8252 6978 31736778 1
8398 7067 31736788 1
8558 7163 31736798 1
8720 7268 31736808 1
8880 7380 31736818 1
8997 7464 31736828 1
8428 7006 31736908 0
8204 6792 31736918 1
8137 6763 31736928 1
8153 6749 31736938 1
8212 6731 31736948 1
8299 6731 31736958 1
8418 6737 31736968 1
8517 6729 31736978 1
8602 6694 31736988 1
8643 6640 31736998 1
8643 6568 31737008 1
8627 6494 31737018 1
8572 6418 31737028 1
8491 6324 31737038 1
8392 6218 31737048 1
8309 6138 31737058 1
8267 6090 31737068 1
8252 6063 31737078 1
8287 6053 31737088 1
8382 6078 31737098 1
8517 6127 31737108 1
8718 6246 31737118 1
8954 6393 31737128 1
9214 6558 31737138 1
9444 6694 31737148 1
9623 6822 31737158 1
9767 6946 31737168 1
9836 7052 31737178 1
9836 7147 31737188 1
9798 7235 31737198 1
9729 7333 31737208 1
9638 7425 31737218 1
9533 7455 31737228 1
9439 7446 31737238 1
9377 7390 31737248 1
9336 7260 31737258 1
9320 7080 31737268 1
9334 6841 31737278 1
9369 6582 31737288 1
9401 6311 31737298 1
9417 5967 31737308 1
9422 5599 31737318 1
9417 5214 31737328 1
9396 4835 31737338 1
9364 4552 31737348 1
9328 4333 31737358 1
9276 4105 31737368 1
