174
4295 7058 695059 0
4295 7058 695069 1
4184 7175 695079 1
4184 7210 695089 1
4230 7218 695099 1
4303 7280 695109 1
4381 7353 695119 1
4461 7434 695129 1
4545 7493 695139 1
4621 7499 695149 1
4691 7470 695159 1
4750 7395 695169 1
4786 7290 695179 1
4806 7166 695189 1
4806 7041 695199 1
4785 6923 695209 1
4754 6810 695219 1
4717 6725 695229 1
4663 6638 695239 1
4598 6545 695249 1
3985 6150 695349 0
3985 6150 695359 1
3985 6150 695369 1
3935 6228 695379 1
3935 6228 695389 1
3949 6228 695399 1
3966 6228 695409 1
3988 6215 695419 1
4034 6178 695429 1
4094 6123 695439 1
4176 6037 695449 1
4255 5946 695459 1
4332 5849 695469 1
4404 5798 695479 1
4464 5777 695489 1
4517 5784 695499 1
4573 5825 695509 1
4629 5889 695519 1
4689 5986 695529 1
4755 6097 695539 1
4810 6218 695549 1
4858 6353 695559 1
4899 6487 695569 1
4941 6621 695579 1
4986 6735 695589 1
5029 6819 695599 1
5058 6884 695609 1
5077 6906 695619 1
5077 6886 695629 1
5066 6837 695639 1
5047 6755 695649 1
5017 6656 695659 1
4985 6546 695669 1
4951 6413 695679 1
4922 6242 695689 1
4898 6047 695699 1
4883 5817 695709 1
4870 5586 695719 1
4856 5386 695729 1
4840 5208 695739 1
4825 5132 695749 1
4825 5104 695759 1
4825 5104 695769 1
4840 5151 695779 1
4861 5244 695789 1
4887 5370 695799 1
4915 5481 695809 1
4943 5591 695819 1
4974 5704 695829 1
5008 5844 695839 1
5049 6000 695849 1
5098 6150 695859 1
5142 6264 695869 1
5183 6354 695879 1
5197 6354 695889 1
5197 6298 695899 1
5176 6204 695909 1
5142 6067 695919 1
5097 5926 695929 1
5044 5756 695939 1
4999 5568 695949 1
4956 5334 695959 1
4919 5095 695969 1
4889 4852 695979 1
4868 4659 695989 1
4855 4556 695999 1
4968 5648 696110 0
5146 5903 696120 1
5117 5981 696130 1
5182 6026 696140 1
5248 6085 696150 1
5315 6140 696160 1
5378 6179 696170 1
5448 6209 696180 1
5544 6244 696190 1
5657 6281 696200 1
5808 6319 696210 1
5954 6366 696220 1
6096 6418 696230 1
6261 6473 696240 1
6422 6534 696250 1
6581 6608 696260 1
6750 6690 696270 1
6920 6783 696280 1
7071 6880 696290 1
7209 6981 696300 1
7328 7057 696310 1
7402 7112 696320 1
7446 7153 696330 1
7460 7172 696340 1
7455 7183 696350 1
7436 7190 696360 1
5142 5556 696521 0
5012 5530 696531 1
4989 5537 696541 1
4999 5543 696551 1
5031 5565 696561 1
5067 5584 696571 1
5122 5596 696581 1
5190 5559 696591 1
5289 5491 696601 1
5412 5357 696611 1
5550 5193 696621 1
5709 5009 696631 1
5845 4880 696641 1
5965 4812 696651 1
6031 4784 696661 1
6060 4793 696671 1
6060 4833 696681 1
6042 4893 696691 1
6010 4976 696701 1
5972 5059 696711 1
5930 5141 696721 1
5893 5267 696731 1
5858 5422 696741 1
5858 5597 696751 1
5887 5770 696761 1
5941 5901 696771 1
6021 6006 696781 1
6102 6054 696791 1
6186 6062 696801 1
6244 6044 696811 1
6285 5995 696821 1
6295 5919 696831 1
6285 5826 696841 1
6261 5723 696851 1
6230 5615 696861 1
6199 5500 696871 1
6169 5384 696881 1
6154 5267 696891 1
6145 5187 696901 1
6157 5134 696911 1
6181 5125 696921 1
6244 5179 696931 1
6328 5276 696941 1
6426 5430 696951 1
6532 5568 696961 1
6639 5695 696971 1
6747 5786 696981 1
6854 5847 696991 1
6935 5887 697001 1
7000 5897 697011 1
7072 5903 697021 1
7147 5903 697031 1
7231 5897 697041 1
7323 5891 697051 1
7418 5880 697061 1
7501 5866 697071 1
7577 5860 697081 1
7641 5860 697091 1
7691 5868 697101 1
7732 5890 697111 1
7762 5923 697121 1
7782 5954 697131 1
