527
5875 7063 564932 0
5898 7094 564942 1
5885 7100 564952 1
5885 7105 564962 1
5885 7105 564972 1
5885 7105 564982 1
5885 7105 564992 1
5890 7105 565002 1
5890 7105 565012 1
5890 7105 565022 1
5897 7076 565032 1
5917 7036 565042 1
5949 6982 565052 1
5967 6912 565062 1
5980 6831 565072 1
5990 6775 565082 1
6008 6734 565092 1
6025 6703 565102 1
6036 6675 565112 1
6043 6649 565122 1
6050 6640 565132 1
6050 6640 565142 1
6050 6640 565152 1
6050 6647 565162 1
6043 6657 565172 1
6032 6691 565182 1
5139 6138 566935 0
5170 6185 566945 1
5161 6192 566955 1
5171 6198 566965 1
5187 6205 566975 1
5206 6212 566985 1
5224 6203 566995 1
5252 6191 567005 1
5282 6151 567015 1
5314 6095 567025 1
5336 5988 567035 1
5353 5892 567045 1
5365 5804 567055 1
5375 5726 567065 1
5384 5670 567075 1
5403 5628 567085 1
5416 5603 567095 1
5425 5588 567105 1
5425 5579 567115 1
5425 5579 567125 1
5425 5579 567135 1
5425 5584 567145 1
5425 5584 567155 1
5425 5592 567165 1
5425 5601 567175 1
5425 5613 567185 1
5425 5620 567195 1
5435 5640 567205 1
5464 5668 567215 1
5505 5727 567225 1
5581 5829 567235 1
5687 5960 567245 1
5812 6110 567255 1
5934 6260 567265 1
6060 6411 567275 1
6189 6529 567285 1
6316 6620 567295 1
6406 6692 567305 1
6473 6741 567315 1
6519 6786 567325 1
6547 6816 567335 1
6562 6837 567345 1
6572 6855 567355 1
6577 6862 567365 1
6577 6862 567375 1
6582 6862 567385 1
6582 6862 567395 1
6589 6862 567405 1
6589 6869 567415 1
6589 6869 567425 1
6589 6869 567435 1
6589 6863 567445 1
6584 6863 567455 1
6584 6858 567465 1
6584 6858 567475 1
6584 6853 567485 1
6584 6853 567495 1
6584 6853 567505 1
6584 6853 567515 1
6584 6853 567525 1
6584 6853 567535 1
6584 6853 567545 1
6579 6853 567555 1
6579 6853 567565 1
6579 6853 567575 1
6579 6853 567585 1
6579 6853 567595 1
6579 6853 567605 1
6579 6853 567615 1
6579 6853 567625 1
6579 6853 567635 1
6579 6848 567645 1
6579 6848 567655 1
6579 6848 567665 1
6579 6842 567675 1
6579 6842 567685 1
6579 6842 567695 1
6579 6842 567705 1
6579 6842 567715 1
6579 6842 567725 1
6579 6842 567735 1
6579 6842 567745 1
6579 6842 567755 1
6579 6842 567765 1
6579 6842 567775 1
6579 6842 567785 1
6579 6842 567795 1
6579 6842 567805 1
6579 6842 567815 1
6579 6842 567825 1
6579 6842 567835 1
6579 6842 567845 1
6579 6842 567855 1
6579 6842 567865 1
6579 6842 567875 1
6579 6842 567885 1
6579 6842 567895 1
6579 6842 567905 1
6579 6842 567915 1
6579 6842 567925 1
6579 6842 567935 1
6579 6842 567945 1
6579 6842 567955 1
6579 6848 567965 1
6579 6848 567975 1
6579 6848 567985 1
6579 6848 567995 1
6579 6848 568005 1
6579 6848 568015 1
6579 6848 568025 1
6579 6848 568035 1
6579 6848 568045 1
6579 6848 568055 1
6579 6848 568065 1
6579 6848 568075 1
6579 6848 568085 1
6579 6848 568095 1
6579 6848 568105 1
6579 6848 568115 1
6579 6848 568125 1
6579 6848 568135 1
6579 6848 568145 1
6579 6848 568155 1
6579 6848 568165 1
6579 6848 568175 1
6579 6848 568185 1
6579 6848 568195 1
6579 6848 568205 1
6579 6848 568215 1
6579 6848 568225 1
6579 6848 568235 1
6579 6848 568245 1
6579 6848 568255 1
6579 6848 568265 1
6579 6848 568275 1
6579 6848 568285 1
6579 6848 568295 1
6579 6848 568305 1
6579 6848 568315 1
6579 6848 568325 1
6579 6848 568335 1
6579 6848 568345 1
6579 6848 568355 1
6579 6848 568365 1
6579 6848 568375 1
6579 6848 568385 1
6579 6848 568395 1
6579 6848 568405 1
6579 6848 568415 1
6579 6848 568425 1
6579 6848 568435 1
6579 6848 568445 1
6579 6848 568455 1
6579 6848 568465 1
6579 6848 568475 1
6579 6848 568485 1
6579 6848 568495 1
6579 6848 568505 1
6579 6848 568515 1
6579 6848 568525 1
6579 6848 568535 1
6579 6848 568545 1
6579 6848 568555 1
6579 6848 568565 1
6579 6848 568575 1
6579 6848 568585 1
6579 6848 568595 1
6579 6848 568605 1
6579 6843 568615 1
6579 6837 568625 1
6567 6823 568635 1
6541 6763 568645 1
6495 6673 568655 1
6435 6567 568665 1
6379 6457 568675 1
6326 6339 568685 1
6274 6248 568695 1
6237 6174 568705 1
6211 6108 568715 1
6193 6053 568725 1
6174 6006 568735 1
6160 5971 568745 1
6154 5943 568755 1
6146 5921 568765 1
6136 5900 568775 1
6122 5876 568785 1
6105 5851 568795 1
6089 5826 568805 1
6077 5799 568815 1
6071 5788 568825 1
6071 5788 568835 1
6071 5793 568845 1
6077 5800 568855 1
6089 5810 568865 1
6106 5834 568875 1
6132 5864 568885 1
6160 5899 568895 1
6185 5918 568905 1
6208 5935 568915 1
6228 5949 568925 1
6250 5964 568935 1
6295 5993 568945 1
6355 6032 568955 1
6422 6078 568965 1
6487 6122 568975 1
6545 6160 568985 1
6598 6191 568995 1
6649 6223 569005 1
6699 6257 569015 1
6748 6289 569025 1
6792 6321 569035 1
6824 6350 569045 1
6847 6367 569055 1
6863 6375 569065 1
6863 6375 569075 1
6863 6375 569085 1
6858 6375 569095 1
6847 6367 569105 1
6833 6356 569115 1
6818 6345 569125 1
6802 6336 569135 1
6784 6312 569145 1
6756 6284 569155 1
6725 6247 569165 1
6688 6171 569175 1
6623 6070 569185 1
6540 5917 569195 1
6435 5732 569205 1
6309 5526 569215 1
6168 5288 569225 1
6066 5100 569235 1
5994 4945 569245 1
5942 4808 569255 1
5885 4686 569265 1
5815 4575 569275 1
5737 4467 569285 1
5643 4361 569295 1
5552 4257 569305 1
5468 4175 569315 1
5400 4118 569325 1
5343 4079 569335 1
5314 4063 569345 1
5300 4063 569355 1
5300 4069 569365 1
5300 4078 569375 1
5306 4115 569385 1
5322 4170 569395 1
6016 5450 569849 0
6016 5450 569859 1
6016 5450 569869 1
5986 5473 569879 1
5998 5473 569889 1
6012 5473 569899 1
6048 5473 569909 1
6097 5467 569919 1
6176 5448 569929 1
6283 5421 569939 1
6409 5391 569949 1
6530 5364 569959 1
6651 5339 569969 1
6777 5317 569979 1
6905 5298 569989 1
7032 5281 569999 1
7151 5281 570009 1
7295 5298 570019 1
7453 5329 570029 1
7590 5388 570039 1
7727 5460 570049 1
7841 5540 570059 1
7939 5606 570069 1
7996 5646 570079 1
8016 5669 570089 1
8011 5669 570099 1
8003 5674 570109 1
7987 5685 570119 1
7965 5694 570129 1
7928 5701 570139 1
7891 5701 570149 1
5641 4765 571832 0
5641 4765 571842 1
5674 4778 571852 1
5682 4778 571862 1
5725 4778 571872 1
5780 4784 571882 1
5844 4765 571892 1
5898 4740 571902 1
5956 4705 571912 1
6015 4663 571922 1
6073 4608 571932 1
6133 4547 571942 1
6186 4476 571952 1
6235 4422 571962 1
6277 4380 571972 1
6321 4346 571982 1
6349 4316 571992 1
6366 4301 572002 1
6366 4295 572012 1
6366 4295 572022 1
6366 4295 572032 1
6349 4311 572042 1
6321 4335 572052 1
6283 4379 572062 1
6239 4418 572072 1
6212 4450 572082 1
6195 4474 572092 1
6195 4493 572102 1
6222 4528 572112 1
6260 4583 572122 1
6321 4652 572132 1
6383 4731 572142 1
6445 4809 572152 1
6503 4887 572162 1
6562 4945 572172 1
6607 4971 572182 1
6642 4976 572192 1
6650 4963 572202 1
6650 4948 572212 1
6655 4916 572222 1
6655 4874 572232 1
6640 4829 572242 1
6625 4769 572252 1
6603 4698 572262 1
6565 4622 572272 1
6516 4543 572282 1
6481 4460 572292 1
6451 4407 572302 1
6442 4373 572312 1
6442 4352 572322 1
6456 4344 572332 1
6469 4344 572342 1
6502 4358 572352 1
6546 4385 572362 1
6599 4422 572372 1
6657 4467 572382 1
6730 4513 572392 1
6812 4558 572402 1
6897 4600 572412 1
6966 4633 572422 1
7025 4654 572432 1
7062 4668 572442 1
7073 4668 572452 1
7066 4668 572462 1
7066 4663 572472 1
7058 4663 572482 1
7050 4657 572492 1
7050 4657 572502 1
7050 4657 572512 1
7050 4657 572522 1
7050 4657 572532 1
7050 4657 572542 1
7050 4657 572552 1
7050 4657 572562 1
7050 4657 572572 1
7050 4657 572582 1
7050 4657 572592 1
7050 4657 572602 1
7050 4657 572612 1
7050 4657 572622 1
7050 4657 572632 1
7050 4657 572642 1
7050 4657 572652 1
7050 4657 572662 1
7050 4657 572672 1
7050 4657 572682 1
7050 4657 572692 1
7050 4657 572702 1
7050 4657 572712 1
7050 4657 572722 1
7050 4657 572732 1
7050 4657 572742 1
7050 4657 572752 1
7050 4657 572762 1
7050 4657 572772 1
7050 4657 572782 1
7050 4657 572792 1
7050 4657 572802 1
7050 4657 572812 1
7050 4657 572822 1
7050 4657 572832 1
7050 4657 572842 1
7050 4657 572852 1
7050 4657 572862 1
7050 4657 572872 1
7050 4657 572882 1
7050 4657 572892 1
7050 4657 572902 1
7050 4657 572912 1
7050 4657 572922 1
7050 4657 572932 1
7050 4657 572942 1
7050 4657 572952 1
7050 4657 572962 1
7050 4657 572972 1
7050 4657 572982 1
7050 4657 572992 1
7050 4657 573002 1
7050 4657 573012 1
7050 4657 573022 1
7050 4657 573032 1
7050 4657 573042 1
7050 4657 573052 1
7050 4657 573062 1
7050 4657 573072 1
7050 4657 573082 1
7050 4657 573092 1
7050 4657 573102 1
7050 4657 573112 1
7050 4657 573122 1
7050 4657 573132 1
7050 4657 573142 1
7050 4657 573152 1
7050 4657 573162 1
7050 4657 573172 1
7050 4657 573182 1
7050 4657 573192 1
7050 4657 573202 1
7050 4657 573212 1
7050 4657 573222 1
7050 4657 573232 1
7050 4657 573242 1
7050 4657 573252 1
7050 4657 573262 1
7050 4657 573272 1
7050 4657 573282 1
7050 4657 573292 1
7050 4657 573302 1
7050 4657 573312 1
7050 4657 573322 1
7050 4657 573332 1
7050 4657 573342 1
7050 4657 573352 1
7050 4657 573362 1
7050 4657 573372 1
7050 4657 573382 1
7050 4657 573392 1
7050 4657 573402 1
7050 4657 573412 1
7050 4657 573422 1
7050 4657 573432 1
7050 4657 573442 1
7050 4657 573452 1
7050 4657 573462 1
7050 4657 573472 1
7050 4657 573482 1
7050 4657 573492 1
7050 4657 573502 1
7050 4657 573512 1
7050 4657 573522 1
7050 4657 573532 1
7050 4657 573542 1
7050 4657 573552 1
7050 4657 573562 1
7050 4657 573572 1
7050 4657 573582 1
7050 4657 573592 1
7050 4657 573602 1
7050 4657 573612 1
7050 4657 573622 1
7050 4657 573632 1
7050 4657 573642 1
7050 4657 573652 1
7050 4657 573662 1
7050 4657 573672 1
7050 4657 573682 1
7050 4657 573692 1
7050 4657 573702 1
7050 4657 573712 1
7050 4657 573722 1
7050 4657 573732 1
7050 4657 573742 1
7050 4657 573752 1
7050 4657 573762 1
7050 4657 573772 1
7050 4657 573782 1
7050 4657 573792 1
7050 4657 573802 1
7050 4657 573812 1
7050 4657 573822 1
7050 4657 573832 1
7050 4657 573842 1
7050 4657 573852 1
7050 4657 573862 1
7050 4657 573872 1
7050 4657 573882 1
7050 4657 573892 1
7050 4657 573902 1
7050 4657 573912 1
7050 4657 573922 1
7050 4657 573932 1
7050 4657 573942 1
7050 4657 573952 1
7050 4657 573962 1
7050 4657 573972 1
7050 4657 573982 1
7050 4657 573992 1
7050 4657 574002 1
7050 4657 574012 1
7050 4657 574022 1
7050 4657 574032 1
7050 4657 574042 1
7050 4657 574052 1
