167
5769 6675 678966 0
5769 6675 678976 1
5769 6675 678986 1
5769 6675 678996 1
5758 6740 679006 1
5776 6774 679016 1
5803 6805 679026 1
5834 6832 679036 1
5864 6858 679046 1
5911 6878 679056 1
5969 6871 679066 1
6033 6848 679076 1
6097 6786 679086 1
6134 6703 679096 1
6154 6605 679106 1
6136 6495 679116 1
6093 6371 679126 1
5647 6014 679246 0
5685 6112 679256 1
5702 6139 679266 1
5718 6156 679276 1
5743 6165 679286 1
5768 6165 679296 1
5788 6148 679306 1
5813 6114 679316 1
5844 6042 679326 1
5863 5952 679336 1
5878 5849 679346 1
5890 5758 679356 1
5900 5679 679366 1
5907 5608 679376 1
5907 5549 679386 1
5914 5505 679396 1
5914 5472 679406 1
5914 5472 679416 1
5930 5493 679426 1
5960 5538 679436 1
6001 5647 679446 1
6050 5771 679456 1
6097 5904 679466 1
6140 6004 679476 1
6179 6084 679486 1
6230 6152 679496 1
6285 6223 679506 1
6347 6291 679516 1
6396 6338 679526 1
6436 6373 679536 1
6455 6373 679546 1
6455 6367 679556 1
6447 6333 679566 1
6426 6283 679576 1
6405 6222 679586 1
6383 6160 679596 1
6373 6101 679606 1
6362 6044 679616 1
6350 5968 679626 1
6333 5886 679636 1
6312 5792 679646 1
6287 5695 679656 1
6267 5608 679666 1
6251 5526 679676 1
6243 5460 679686 1
6243 5410 679696 1
6243 5370 679706 1
6255 5365 679716 1
6269 5370 679726 1
6291 5381 679736 1
6326 5427 679746 1
6368 5495 679756 1
6411 5578 679766 1
6452 5651 679776 1
6488 5719 679786 1
6521 5778 679796 1
6553 5833 679806 1
6585 5871 679816 1
6616 5897 679826 1
6642 5913 679836 1
6654 5913 679846 1
6654 5913 679856 1
6649 5886 679866 1
6633 5804 679876 1
6611 5685 679886 1
6586 5544 679896 1
6563 5350 679906 1
6542 5122 679916 1
6522 4864 679926 1
6504 4578 679936 1
6488 4273 679946 1
6471 3971 679956 1
6447 3721 679966 1
6420 3505 679976 1
6379 3349 679986 1
6338 3221 679996 1
6297 3112 680006 1
6268 3033 680016 1
6258 2996 680026 1
6258 2988 680036 1
6292 3003 680046 1
6566 5117 680178 0
6708 5234 680188 1
6787 5261 680198 1
6868 5289 680208 1
6963 5310 680218 1
7080 5327 680228 1
7212 5327 680238 1
7378 5293 680248 1
7548 5246 680258 1
7742 5202 680268 1
7950 5156 680278 1
8141 5133 680288 1
8317 5127 680298 1
8483 5133 680308 1
8594 5141 680318 1
8661 5151 680328 1
8698 5156 680338 1
8692 5156 680348 1
8651 5143 680358 1
6139 4444 680568 0
6139 4444 680578 1
6139 4444 680588 1
6139 4444 680598 1
6222 4437 680608 1
6281 4426 680618 1
6352 4382 680628 1
6424 4320 680638 1
6497 4246 680648 1
6566 4176 680658 1
6631 4114 680668 1
6691 4065 680678 1
6740 4034 680688 1
6781 4015 680698 1
6812 4015 680708 1
6836 4051 680718 1
6856 4112 680728 1
6878 4230 680738 1
6899 4367 680748 1
6923 4517 680758 1
6954 4620 680768 1
6981 4684 680778 1
7005 4722 680788 1
7025 4742 680798 1
7045 4753 680808 1
7066 4753 680818 1
7079 4748 680828 1
7087 4707 680838 1
7087 4646 680848 1
7087 4558 680858 1
7070 4445 680868 1
7053 4316 680878 1
7039 4189 680888 1
7029 4112 680898 1
7029 4068 680908 1
7046 4063 680918 1
7067 4093 680928 1
7088 4146 680938 1
7111 4238 680948 1
7138 4314 680958 1
7169 4379 680968 1
7203 4409 680978 1
7240 4422 680988 1
7301 4422 680998 1
7376 4427 681008 1
7465 4427 681018 1
7539 4427 681028 1
7603 4421 681038 1
7637 4406 681048 1
7664 4387 681058 1
