204
4628 6762 698774 0
4628 6762 698784 1
4628 6762 698794 1
4628 6762 698804 1
4628 6762 698814 1
4618 6840 698824 1
4659 6887 698834 1
4729 6941 698844 1
4798 6984 698854 1
4865 7002 698864 1
4930 7008 698874 1
4985 6990 698884 1
5034 6943 698894 1
5070 6876 698904 1
5087 6774 698914 1
5087 6654 698924 1
5077 6521 698934 1
5051 6381 698944 1
4477 6029 699075 0
4477 6029 699085 1
4477 6029 699095 1
4477 6029 699105 1
4477 6029 699115 1
4477 6029 699125 1
4477 6029 699135 1
4477 6029 699145 1
4477 6029 699155 1
4477 6029 699165 1
4477 6029 699175 1
4477 6029 699185 1
4477 6029 699195 1
4494 5966 699205 1
4521 5933 699215 1
4553 5894 699225 1
4592 5850 699235 1
4644 5795 699245 1
4704 5736 699255 1
4768 5689 699265 1
4814 5661 699275 1
4848 5645 699285 1
4864 5635 699295 1
4870 5635 699305 1
4870 5635 699315 1
4870 5635 699325 1
4870 5635 699335 1
4865 5661 699345 1
4865 5701 699355 1
4865 5780 699365 1
4876 5886 699375 1
4891 6009 699385 1
4914 6137 699395 1
4958 6280 699405 1
5014 6434 699415 1
5100 6592 699425 1
5208 6745 699435 1
5331 6891 699445 1
5429 6991 699455 1
5497 7061 699465 1
5545 7086 699475 1
5566 7092 699485 1
5572 7086 699495 1
5572 7070 699505 1
5560 7024 699515 1
5539 6957 699525 1
5509 6865 699535 1
5473 6753 699545 1
5436 6627 699555 1
5398 6488 699565 1
5366 6339 699575 1
5335 6184 699585 1
5307 6066 699595 1
5285 5974 699605 1
5272 5899 699615 1
5272 5846 699625 1
5272 5822 699635 1
5296 5822 699645 1
5329 5844 699655 1
5377 5908 699665 1
5430 5998 699675 1
5489 6075 699685 1
5548 6132 699695 1
5601 6177 699705 1
5651 6206 699715 1
5695 6231 699725 1
5735 6248 699735 1
5773 6260 699745 1
5795 6249 699755 1
5806 6222 699765 1
5806 6141 699775 1
5782 5992 699785 1
5730 5798 699795 1
5661 5557 699805 1
5597 5260 699815 1
5538 4925 699825 1
5488 4603 699835 1
5449 4317 699845 1
5419 4056 699855 1
5398 3887 699865 1
5398 3770 699875 1
5408 3688 699885 1
5300 4823 699996 0
5404 5078 700006 1
5428 5178 700016 1
5454 5264 700026 1
5507 5340 700036 1
5564 5419 700046 1
5623 5480 700056 1
5700 5528 700066 1
5796 5573 700076 1
5905 5613 700086 1
6013 5646 700096 1
6141 5679 700106 1
6282 5727 700116 1
6428 5785 700126 1
6577 5877 700136 1
6738 5978 700146 1
6907 6086 700156 1
7049 6184 700166 1
7177 6280 700176 1
7295 6355 700186 1
7391 6418 700196 1
7453 6463 700206 1
7492 6494 700216 1
7517 6516 700226 1
7533 6535 700236 1
7544 6553 700246 1
7551 6571 700256 1
7551 6583 700266 1
7538 6591 700276 1
5320 5141 700577 0
5320 5141 700587 1
5320 5141 700597 1
5320 5141 700607 1
5320 5141 700617 1
5320 5141 700627 1
5320 5141 700637 1
5320 5141 700647 1
5320 5141 700657 1
5320 5141 700667 1
5320 5141 700677 1
5320 5141 700687 1
5401 5080 700697 1
5495 4998 700707 1
5614 4866 700717 1
5779 4733 700727 1
5931 4600 700737 1
6074 4552 700747 1
6212 4552 700757 1
6328 4582 700767 1
6429 4649 700777 1
6474 4714 700787 1
6474 4745 700797 1
6043 4584 700857 0
5816 4585 700867 1
5690 4585 700877 1
5596 4595 700887 1
5537 4617 700897 1
5501 4651 700907 1
5501 4710 700917 1
5537 4806 700927 1
5592 4927 700937 1
5666 5040 700947 1
5753 5150 700957 1
5849 5256 700967 1
5930 5342 700977 1
6001 5416 700987 1
6065 5446 700997 1
6104 5446 701007 1
6121 5431 701017 1
6121 5349 701027 1
6110 5219 701037 1
6087 5057 701047 1
6056 4890 701057 1
6029 4719 701067 1
6005 4578 701077 1
5990 4460 701087 1
5985 4382 701097 1
5992 4339 701107 1
6008 4320 701117 1
6031 4320 701127 1
6062 4352 701137 1
6097 4402 701147 1
6136 4496 701157 1
6178 4628 701167 1
6230 4786 701177 1
6304 4948 701187 1
6393 5059 701197 1
6475 5136 701207 1
6552 5114 701217 1
6626 5034 701227 1
6685 4915 701237 1
6737 4803 701247 1
6785 4722 701257 1
6840 4661 701267 1
6895 4638 701277 1
6945 4656 701287 1
6991 4701 701297 1
7035 4793 701307 1
7071 4887 701317 1
7102 4980 701327 1
7123 5058 701337 1
7140 5129 701347 1
7154 5220 701357 1
7176 5336 701367 1
