188
5497 7685 408727 0
5497 7685 408737 1
5419 7793 408747 1
5409 7810 408757 1
5409 7817 408767 1
5431 7817 408777 1
5474 7809 408787 1
5534 7778 408797 1
5611 7731 408807 1
5675 7657 408817 1
5731 7563 408827 1
5766 7455 408837 1
5774 7364 408847 1
5763 7288 408857 1
5730 7223 408867 1
5690 7187 408877 1
5645 7181 408887 1
4837 7185 409018 0
4837 7185 409028 1
4837 7185 409038 1
4837 7185 409048 1
4829 7094 409058 1
4881 7024 409068 1
4949 6937 409078 1
5028 6839 409088 1
5113 6742 409098 1
5191 6650 409108 1
5251 6562 409118 1
5301 6499 409128 1
5332 6466 409138 1
5352 6452 409148 1
5364 6452 409158 1
5371 6463 409168 1
5378 6481 409178 1
5378 6516 409188 1
5378 6571 409198 1
5378 6639 409208 1
5391 6720 409218 1
5431 6832 409228 1
5488 6965 409238 1
5602 7101 409248 1
5770 7232 409258 1
5975 7353 409268 1
6194 7440 409278 1
6380 7506 409288 1
6544 7532 409298 1
6656 7532 409308 1
6722 7508 409318 1
6757 7467 409328 1
6757 7399 409338 1
6732 7313 409348 1
6682 7192 409358 1
6624 7057 409368 1
6571 6912 409378 1
6526 6801 409388 1
6489 6726 409398 1
6461 6676 409408 1
6440 6646 409418 1
5763 6586 409608 0
5763 6586 409618 1
5786 6720 409628 1
5762 6745 409638 1
5788 6711 409648 1
5804 6637 409658 1
5814 6522 409668 1
5784 6359 409678 1
5727 6163 409688 1
5651 5959 409698 1
5562 5784 409708 1
5477 5628 409718 1
5400 5521 409728 1
5354 5465 409738 1
5328 5444 409748 1
5328 5463 409758 1
5356 5535 409768 1
5404 5643 409778 1
5475 5766 409788 1
5549 5901 409798 1
5627 6044 409808 1
5707 6152 409818 1
5788 6256 409828 1
5861 6351 409838 1
5928 6422 409848 1
6002 6478 409858 1
6079 6507 409868 1
6162 6531 409878 1
6257 6531 409888 1
6359 6520 409898 1
6447 6492 409908 1
6532 6467 409918 1
6616 6445 409928 1
6693 6434 409938 1
6763 6434 409948 1
6829 6444 409958 1
6889 6468 409968 1
6932 6501 409978 1
6384 6291 410139 0
6384 6291 410149 1
6384 6291 410159 1
6310 6187 410169 1
6274 6019 410179 1
6247 5799 410189 1
6203 5664 410199 1
6136 5496 410209 1
6053 5307 410219 1
5932 5061 410229 1
5778 4779 410239 1
5602 4472 410249 1
5443 4156 410259 1
5304 3902 410269 1
5178 3689 410279 1
5091 3552 410289 1
5039 3478 410299 1
5009 3446 410309 1
5009 3457 410319 1
5036 3511 410329 1
5075 3594 410339 1
6004 5108 410440 0
6328 5384 410450 1
6451 5495 410460 1
6572 5582 410470 1
6722 5621 410480 1
6891 5655 410490 1
7050 5689 410500 1
7252 5726 410510 1
7482 5741 410520 1
7720 5733 410530 1
7961 5710 410540 1
8203 5686 410550 1
8457 5662 410560 1
8670 5640 410570 1
8855 5627 410580 1
9008 5619 410590 1
9109 5626 410600 1
9175 5637 410610 1
9182 5652 410620 1
5686 5053 410780 0
5518 5009 410790 1
5434 5020 410800 1
5387 5029 410810 1
5365 5037 410820 1
5372 5037 410830 1
5440 4988 410840 1
5549 4915 410850 1
5706 4788 410860 1
5882 4661 410870 1
6071 4542 410880 1
6255 4428 410890 1
6393 4334 410900 1
6501 4258 410910 1
6563 4193 410920 1
6597 4150 410930 1
6613 4135 410940 1
6613 4135 410950 1
6595 4170 410960 1
6573 4243 410970 1
6554 4345 410980 1
6549 4444 410990 1
6554 4546 411000 1
6587 4659 411010 1
6651 4779 411020 1
6736 4917 411030 1
6858 5031 411040 1
6972 5129 411050 1
7081 5197 411060 1
7175 5232 411070 1
7247 5246 411080 1
7305 5230 411090 1
7333 5183 411100 1
7333 5116 411110 1
7324 5011 411120 1
7288 4874 411130 1
7236 4716 411140 1
7172 4565 411150 1
7090 4412 411160 1
7000 4257 411170 1
6905 4112 411180 1
6829 3995 411190 1
6795 3896 411200 1
6789 3857 411210 1
6841 3847 411220 1
6949 3857 411230 1
7095 3898 411240 1
7300 3959 411250 1
7525 4034 411260 1
7762 4110 411270 1
7987 4186 411280 1
8185 4262 411290 1
