251
5313 6797 1591858 0
5313 6797 1591868 1
5313 6797 1591878 1
5283 6870 1591888 1
5283 6907 1591898 1
5283 6954 1591908 1
5283 7000 1591918 1
5308 7062 1591928 1
5347 7134 1591938 1
5410 7224 1591948 1
5484 7315 1591958 1
5564 7407 1591968 1
5632 7477 1591978 1
5688 7518 1591988 1
5736 7539 1591998 1
5772 7548 1592008 1
5800 7535 1592018 1
5823 7508 1592028 1
5832 7410 1592038 1
5815 7250 1592048 1
5781 7048 1592058 1
5746 6883 1592068 1
5714 6789 1592078 1
5685 6743 1592088 1
5658 6719 1592098 1
5633 6694 1592108 1
5607 6676 1592118 1
5585 6664 1592128 1
5560 6644 1592138 1
5534 6619 1592148 1
5102 6450 1592339 0
5102 6450 1592349 1
5018 6453 1592359 1
5018 6459 1592369 1
5025 6459 1592379 1
5035 6451 1592389 1
5050 6441 1592399 1
5069 6421 1592409 1
5097 6394 1592419 1
5133 6350 1592429 1
5177 6295 1592439 1
5228 6238 1592449 1
5284 6181 1592459 1
5339 6122 1592469 1
5386 6064 1592479 1
5429 6022 1592489 1
5459 5990 1592499 1
5483 5975 1592509 1
5504 5970 1592519 1
5521 5970 1592529 1
5531 5977 1592539 1
5537 5986 1592549 1
5537 5998 1592559 1
5537 6019 1592569 1
5528 6042 1592579 1
5528 6067 1592589 1
5528 6102 1592599 1
5548 6156 1592609 1
5580 6224 1592619 1
5628 6308 1592629 1
5682 6402 1592639 1
5740 6503 1592649 1
5798 6580 1592659 1
5858 6652 1592669 1
5920 6717 1592679 1
5987 6775 1592689 1
6058 6821 1592699 1
6119 6858 1592709 1
6173 6879 1592719 1
6207 6896 1592729 1
6223 6903 1592739 1
6223 6903 1592749 1
6223 6903 1592759 1
6223 6903 1592769 1
6216 6895 1592779 1
6216 6889 1592789 1
6199 6863 1592799 1
6180 6823 1592809 1
6153 6766 1592819 1
6117 6686 1592829 1
6074 6590 1592839 1
6035 6487 1592849 1
5999 6384 1592859 1
5970 6298 1592869 1
5949 6224 1592879 1
5934 6158 1592889 1
5920 6090 1592899 1
5909 6021 1592909 1
5904 5969 1592919 1
5904 5929 1592929 1
5912 5907 1592939 1
5921 5900 1592949 1
5932 5900 1592959 1
5948 5907 1592969 1
5967 5925 1592979 1
5991 5953 1592989 1
6021 5994 1592999 1
6060 6044 1593009 1
6106 6101 1593019 1
6156 6158 1593029 1
6206 6214 1593039 1
6248 6267 1593049 1
6284 6305 1593059 1
6309 6333 1593069 1
6328 6346 1593079 1
6343 6357 1593089 1
6358 6364 1593099 1
6370 6364 1593109 1
6381 6364 1593119 1
6381 6364 1593129 1
6381 6364 1593139 1
6381 6364 1593149 1
6381 6364 1593159 1
6372 6347 1593169 1
6355 6323 1593179 1
6340 6292 1593189 1
6327 6261 1593199 1
6320 6234 1593209 1
6320 6209 1593219 1
6320 6177 1593229 1
6326 6145 1593239 1
6326 6110 1593249 1
6318 6060 1593259 1
6295 6000 1593269 1
6262 5923 1593279 1
6224 5822 1593289 1
6174 5704 1593299 1
6116 5545 1593309 1
6051 5341 1593319 1
5975 5108 1593329 1
5891 4865 1593339 1
5791 4621 1593349 1
5696 4448 1593359 1
5641 4322 1593369 1
5610 4260 1593379 1
5610 4235 1593389 1
5610 4235 1593399 1
5626 4235 1593409 1
5651 4249 1593419 1
5680 4272 1593429 1
5712 4306 1593439 1
5748 4356 1593449 1
5783 4416 1593459 1
5816 4498 1593469 1
5851 4608 1593479 1
5883 4738 1593489 1
5918 4915 1593499 1
6005 5329 1593541 0
6120 5649 1593551 1
6167 5736 1593561 1
6208 5792 1593571 1
6244 5844 1593581 1
6279 5879 1593591 1
6316 5904 1593601 1
6347 5920 1593611 1
6373 5933 1593621 1
6396 5933 1593631 1
6409 5933 1593641 1
6416 5933 1593651 1
6431 5924 1593661 1
6470 5905 1593671 1
6524 5879 1593681 1
6619 5834 1593691 1
6762 5776 1593701 1
6938 5703 1593711 1
7125 5630 1593721 1
7324 5584 1593731 1
7530 5557 1593741 1
7697 5569 1593751 1
7848 5602 1593761 1
7989 5649 1593771 1
8107 5716 1593781 1
8218 5784 1593791 1
8325 5852 1593801 1
8397 5891 1593811 1
8431 5910 1593821 1
8440 5916 1593831 1
8431 5916 1593841 1
8394 5926 1593851 1
8339 5943 1593861 1
8270 5968 1593871 1
8190 5988 1593881 1
6081 5327 1594102 0
5993 5268 1594112 1
5963 5261 1594122 1
5951 5261 1594132 1
5951 5261 1594142 1
5957 5261 1594152 1
5987 5272 1594162 1
6033 5277 1594172 1
6086 5277 1594182 1
6157 5265 1594192 1
6239 5243 1594202 1
6339 5212 1594212 1
6441 5172 1594222 1
6547 5124 1594232 1
6637 5070 1594242 1
6717 5029 1594252 1
6773 4995 1594262 1
6804 4974 1594272 1
6818 4963 1594282 1
6818 4958 1594292 1
6818 4958 1594302 1
6800 4952 1594312 1
6771 4952 1594322 1
6730 4952 1594332 1
6682 4962 1594342 1
6638 4979 1594352 1
6597 5014 1594362 1
6561 5061 1594372 1
6530 5143 1594382 1
6506 5243 1594392 1
6491 5354 1594402 1
6491 5426 1594412 1
6491 5470 1594422 1
6514 5496 1594432 1
6558 5532 1594442 1
6619 5566 1594452 1
6699 5584 1594462 1
6779 5593 1594472 1
6858 5586 1594482 1
6904 5576 1594492 1
6929 5560 1594502 1
6940 5541 1594512 1
6940 5489 1594522 1
6928 5416 1594532 1
6912 5320 1594542 1
6897 5240 1594552 1
6883 5170 1594562 1
6868 5100 1594572 1
6850 5028 1594582 1
6831 4956 1594592 1
6816 4908 1594602 1
6816 4876 1594612 1
6816 4871 1594622 1
6829 4871 1594632 1
6865 4881 1594642 1
6917 4919 1594652 1
6982 4976 1594662 1
7061 5046 1594672 1
7150 5104 1594682 1
7238 5143 1594692 1
7317 5169 1594702 1
7390 5185 1594712 1
7443 5199 1594722 1
7479 5210 1594732 1
7504 5217 1594742 1
7511 5217 1594752 1
7511 5217 1594762 1
7506 5217 1594772 1
7488 5209 1594782 1
