199
6099 7982 425732 0
6099 7982 425742 1
6056 8046 425752 1
6029 8059 425762 1
6018 8059 425772 1
6018 8051 425782 1
6025 8045 425792 1
6067 8017 425802 1
6132 7976 425812 1
6213 7937 425822 1
6279 7883 425832 1
6334 7819 425842 1
6348 7765 425852 1
6342 7711 425862 1
6323 7655 425872 1
6299 7619 425882 1
6270 7595 425892 1
5504 7377 425992 0
5504 7377 426002 1
5423 7385 426012 1
5402 7404 426022 1
5434 7371 426032 1
5483 7287 426042 1
5543 7169 426052 1
5605 7023 426062 1
5669 6871 426072 1
5723 6715 426082 1
5769 6624 426092 1
5815 6565 426102 1
5840 6528 426112 1
5851 6528 426122 1
5841 6543 426132 1
5808 6578 426142 1
5759 6638 426152 1
5697 6715 426162 1
5636 6803 426172 1
5570 6894 426182 1
5501 6979 426192 1
5448 7061 426202 1
5425 7102 426212 1
5425 7135 426222 1
5451 7162 426232 1
5533 7213 426242 1
5651 7275 426252 1
5838 7344 426262 1
6027 7422 426272 1
6271 7510 426282 1
6550 7604 426292 1
6829 7675 426302 1
7078 7726 426312 1
7307 7765 426322 1
7462 7759 426332 1
7545 7714 426342 1
7581 7642 426352 1
7566 7517 426362 1
7499 7356 426372 1
7396 7172 426382 1
7274 7008 426392 1
7180 6875 426402 1
7104 6764 426412 1
7064 6709 426422 1
7047 6692 426432 1
7047 6700 426442 1
6392 6842 426513 0
6330 6958 426523 1
6330 7024 426533 1
6298 7046 426543 1
6272 7039 426553 1
6248 7002 426563 1
6225 6919 426573 1
6205 6805 426583 1
6185 6665 426593 1
6149 6498 426603 1
6102 6314 426613 1
6037 6144 426623 1
5974 6007 426633 1
5920 5891 426643 1
5893 5826 426653 1
5882 5826 426663 1
5902 5862 426673 1
5966 5953 426683 1
6058 6064 426693 1
6186 6188 426703 1
6326 6288 426713 1
6475 6432 426723 1
6581 6538 426733 1
6660 6605 426743 1
6722 6647 426753 1
6765 6659 426763 1
6800 6650 426773 1
6830 6620 426783 1
6874 6565 426793 1
6923 6494 426803 1
6979 6434 426813 1
7044 6397 426823 1
7112 6375 426833 1
7178 6380 426843 1
7224 6406 426853 1
7258 6445 426863 1
7264 6501 426873 1
7239 6555 426883 1
7194 6576 426893 1
7121 6576 426903 1
7043 6531 426913 1
6961 6466 426923 1
6893 6388 426933 1
6825 6308 426943 1
6746 6201 426953 1
6658 6076 426963 1
6545 5880 426973 1
6384 5627 426983 1
6192 5336 426993 1
5989 5002 427003 1
5768 4681 427013 1
5534 4368 427023 1
5335 4115 427033 1
5174 3958 427043 1
5038 3864 427053 1
4987 3849 427063 1
4987 3880 427073 1
5027 3941 427083 1
5126 4042 427093 1
5269 4175 427103 1
5441 4330 427113 1
5599 4496 427123 1
5747 4659 427133 1
5889 4843 427143 1
6021 5041 427153 1
6158 5218 427163 1
6310 5391 427173 1
6469 5516 427183 1
6632 5611 427193 1
6818 5680 427203 1
7019 5714 427213 1
7238 5726 427223 1
7479 5719 427233 1
7735 5699 427243 1
8019 5670 427253 1
8327 5637 427263 1
8650 5605 427273 1
9000 5574 427283 1
9305 5543 427293 1
9581 5533 427303 1
9808 5533 427313 1
9977 5540 427323 1
10106 5546 427333 1
10154 5554 427343 1
10143 5564 427353 1
5925 5091 427544 0
5824 5156 427554 1
5775 5219 427564 1
5752 5293 427574 1
5746 5330 427584 1
5782 5343 427594 1
5857 5343 427604 1
5957 5286 427614 1
6151 5195 427624 1
6334 5048 427634 1
6510 4855 427644 1
6684 4632 427654 1
6821 4397 427664 1
6933 4156 427674 1
7001 3975 427684 1
7045 3835 427694 1
7073 3755 427704 1
7097 3746 427714 1
7126 3785 427724 1
7164 3889 427734 1
7210 4027 427744 1
7263 4189 427754 1
7325 4384 427764 1
7391 4579 427774 1
7486 4777 427784 1
7599 4976 427794 1
7751 5125 427804 1
7914 5230 427814 1
8083 5306 427824 1
8243 5320 427834 1
8401 5283 427844 1
8515 5213 427854 1
8600 5112 427864 1
8617 4956 427874 1
8564 4764 427884 1
8463 4552 427894 1
8292 4311 427904 1
8118 4051 427914 1
7943 3823 427924 1
7790 3654 427934 1
7715 3525 427944 1
7691 3467 427954 1
7714 3429 427964 1
7812 3405 427974 1
7960 3389 427984 1
8140 3405 427994 1
8364 3442 428004 1
8616 3520 428014 1
8861 3618 428024 1
9060 3730 428034 1
9228 3849 428044 1
