154
5026 6910 255617 0
5026 6910 255627 1
5026 6910 255637 1
5013 6994 255647 1
5031 7037 255657 1
5053 7075 255667 1
5089 7117 255677 1
5134 7163 255687 1
5193 7183 255697 1
5255 7177 255707 1
5322 7155 255717 1
5382 7104 255727 1
5437 7049 255737 1
5471 6985 255747 1
5482 6915 255757 1
5477 6826 255767 1
5460 6724 255777 1
5422 6613 255787 1
5369 6498 255797 1
5007 6157 255857 0
4890 6149 255867 1
4835 6149 255877 1
4787 6139 255887 1
4765 6133 255897 1
4758 6133 255907 1
4765 6128 255917 1
4777 6108 255927 1
4798 6075 255937 1
4830 6024 255947 1
4870 5973 255957 1
4906 5919 255967 1
4938 5863 255977 1
4967 5805 255987 1
4989 5770 255997 1
5005 5751 256007 1
5018 5751 256017 1
5042 5780 256027 1
5069 5830 256037 1
5104 5921 256047 1
5150 6022 256057 1
5203 6129 256067 1
5254 6230 256077 1
5305 6327 256087 1
5358 6414 256097 1
5415 6482 256107 1
5471 6538 256117 1
5517 6582 256127 1
5557 6607 256137 1
5578 6620 256147 1
5578 6612 256157 1
5578 6598 256167 1
5564 6546 256177 1
5539 6472 256187 1
5504 6359 256197 1
5470 6246 256207 1
5437 6132 256217 1
5410 6029 256227 1
5389 5933 256237 1
5375 5847 256247 1
5367 5775 256257 1
5367 5712 256267 1
5367 5677 256277 1
5367 5670 256287 1
5396 5683 256297 1
5433 5751 256307 1
5487 5861 256317 1
5543 6000 256327 1
5600 6113 256337 1
5652 6222 256347 1
5703 6305 256357 1
5751 6372 256367 1
5787 6405 256377 1
5815 6411 256387 1
5827 6400 256397 1
5821 6329 256407 1
5804 6207 256417 1
5770 6050 256427 1
5714 5825 256437 1
5642 5568 256447 1
5592 5291 256457 1
5548 5010 256467 1
5521 4728 256477 1
5503 4477 256487 1
5481 4248 256497 1
5460 4074 256507 1
5441 3954 256517 1
5424 3871 256527 1
5411 3822 256537 1
5389 5113 256659 0
5582 5386 256669 1
5684 5480 256679 1
5814 5558 256689 1
5962 5632 256699 1
6132 5696 256709 1
6333 5753 256719 1
6555 5804 256729 1
6800 5855 256739 1
7051 5901 256749 1
7307 5941 256759 1
7541 5978 256769 1
7730 5993 256779 1
7888 6003 256789 1
7982 6003 256799 1
8029 6003 256809 1
8044 6003 256819 1
8030 5989 256829 1
7976 5960 256839 1
5223 5096 256979 0
5085 4950 256989 1
5073 4936 256999 1
5084 4948 257009 1
5143 4953 257019 1
5226 4926 257029 1
5326 4879 257039 1
5434 4794 257049 1
5543 4700 257059 1
5655 4601 257069 1
5745 4555 257079 1
5822 4545 257089 1
5850 4560 257099 1
5868 4614 257109 1
5880 4724 257119 1
5906 4871 257129 1
5935 5004 257139 1
5969 5130 257149 1
6005 5252 257159 1
6044 5337 257169 1
6081 5381 257179 1
6103 5397 257189 1
6115 5397 257199 1
6115 5339 257209 1
6098 5250 257219 1
6066 5131 257229 1
6031 5008 257239 1
5998 4878 257249 1
5972 4774 257259 1
5966 4688 257269 1
5972 4642 257279 1
5987 4636 257289 1
6029 4657 257299 1
6088 4754 257309 1
6176 4878 257319 1
6264 5020 257329 1
6345 5093 257339 1
6388 5132 257349 1
6409 5149 257359 1
6429 5119 257369 1
6470 5057 257379 1
6525 4974 257389 1
6591 4938 257399 1
6674 4944 257409 1
6768 4978 257419 1
6858 5057 257429 1
6935 5175 257439 1
