280
6364 7454 596778 0
6364 7454 596788 1
6372 7525 596798 1
6372 7531 596808 1
6372 7531 596818 1
6372 7531 596828 1
6380 7531 596838 1
6396 7531 596848 1
6424 7514 596858 1
6459 7482 596868 1
6498 7440 596878 1
6530 7392 596888 1
6560 7347 596898 1
6584 7306 596908 1
6604 7263 596918 1
6615 7222 596928 1
6625 7183 596938 1
6634 7132 596948 1
5751 6800 597979 0
5751 6800 597989 1
5751 6800 597999 1
5751 6800 598009 1
5775 6758 598019 1
5786 6731 598029 1
5795 6676 598039 1
5801 6603 598049 1
5801 6518 598059 1
5796 6440 598069 1
5796 6366 598079 1
5807 6317 598089 1
5823 6284 598099 1
5848 6261 598109 1
5877 6251 598119 1
5929 6268 598129 1
5995 6302 598139 1
6072 6362 598149 1
6150 6436 598159 1
6231 6520 598169 1
6307 6605 598179 1
6380 6691 598189 1
6461 6778 598199 1
6543 6860 598209 1
6625 6939 598219 1
6695 6992 598229 1
6758 7028 598239 1
6794 7048 598249 1
6813 7062 598259 1
6820 7062 598269 1
6820 7068 598279 1
6820 7068 598289 1
6820 7068 598299 1
6820 7068 598309 1
6820 7068 598319 1
6820 7068 598329 1
6826 7068 598339 1
6826 7068 598349 1
6826 7068 598359 1
6826 7068 598369 1
6826 7068 598379 1
6826 7068 598389 1
6826 7068 598399 1
6826 7068 598409 1
6826 7074 598419 1
6826 7074 598429 1
6826 7074 598439 1
6826 7074 598449 1
6826 7074 598459 1
6826 7074 598469 1
6826 7074 598479 1
6826 7074 598489 1
6826 7074 598499 1
6826 7074 598509 1
6826 7074 598519 1
6826 7074 598529 1
6826 7074 598539 1
6826 7074 598549 1
6826 7074 598559 1
6826 7074 598569 1
6826 7074 598579 1
6826 7074 598589 1
6826 7074 598599 1
6826 7074 598609 1
6826 7074 598619 1
6826 7074 598629 1
6826 7074 598639 1
6826 7074 598649 1
6826 7074 598659 1
6826 7074 598669 1
6826 7074 598679 1
6826 7074 598689 1
6826 7074 598699 1
6826 7074 598709 1
6826 7074 598719 1
6826 7074 598729 1
6826 7074 598739 1
6826 7074 598749 1
6826 7074 598759 1
6826 7074 598769 1
6826 7074 598779 1
6826 7074 598789 1
6826 7074 598799 1
6826 7074 598809 1
6826 7074 598819 1
6826 7074 598829 1
6826 7074 598839 1
6826 7074 598849 1
6826 7074 598859 1
6826 7074 598869 1
6826 7074 598879 1
6826 7074 598889 1
6826 7074 598899 1
6834 7074 598909 1
6844 7074 598919 1
6850 7074 598929 1
6850 7074 598939 1
6850 7074 598949 1
6850 7074 598959 1
6850 7074 598969 1
6850 7074 598979 1
6844 7069 598989 1
6839 7061 598999 1
6817 7025 599009 1
6775 6973 599019 1
6719 6887 599029 1
6656 6792 599039 1
6599 6691 599049 1
6551 6599 599059 1
6515 6520 599069 1
6485 6451 599079 1
6466 6387 599089 1
6449 6329 599099 1
6422 6275 599109 1
6387 6193 599119 1
6351 6117 599129 1
6322 6082 599139 1
6317 6073 599149 1
6326 6073 599159 1
6344 6098 599169 1
6385 6135 599179 1
6442 6207 599189 1
6504 6286 599199 1
6560 6371 599209 1
6611 6451 599219 1
6655 6512 599229 1
6702 6561 599239 1
6750 6616 599249 1
6819 6668 599259 1
6877 6711 599269 1
6928 6748 599279 1
6978 6782 599289 1
7013 6815 599299 1
7037 6825 599309 1
7048 6834 599319 1
7048 6842 599329 1
7048 6842 599339 1
7048 6842 599349 1
7048 6842 599359 1
7048 6847 599369 1
7048 6847 599379 1
7048 6847 599389 1
7048 6847 599399 1
7048 6847 599409 1
7048 6847 599419 1
7048 6847 599429 1
7048 6847 599439 1
7048 6847 599449 1
7043 6847 599459 1
7027 6841 599469 1
7001 6819 599479 1
6975 6785 599489 1
6945 6747 599499 1
6913 6689 599509 1
6881 6618 599519 1
6839 6524 599529 1
6791 6394 599539 1
6723 6240 599549 1
6643 6085 599559 1
6556 5918 599569 1
6449 5744 599579 1
6322 5581 599589 1
6182 5418 599599 1
6068 5255 599609 1
5978 5124 599619 1
5905 5011 599629 1
5826 4902 599639 1
5734 4799 599649 1
5634 4700 599659 1
5542 4625 599669 1
5454 4575 599679 1
5372 4541 599689 1
6506 6026 600183 0
6551 6002 600193 1
6562 6002 600203 1
6622 5994 600213 1
6708 5980 600223 1
6812 5956 600233 1
6910 5927 600243 1
6998 5900 600253 1
7079 5873 600263 1
7181 5844 600273 1
7309 5824 600283 1
7455 5810 600293 1
7601 5810 600303 1
7761 5829 600313 1
7931 5868 600323 1
8095 5921 600333 1
8262 5982 600343 1
8435 6049 600353 1
8610 6137 600363 1
8752 6229 600373 1
8856 6325 600383 1
8935 6381 600393 1
6430 5314 600763 0
6424 5404 600773 1
6430 5404 600783 1
6441 5397 600793 1
6466 5366 600803 1
6499 5319 600813 1
6517 5218 600823 1
6534 5113 600833 1
6548 5003 600843 1
6573 4896 600853 1
6607 4797 600863 1
6656 4699 600873 1
6705 4642 600883 1
6755 4624 600893 1
6796 4633 600903 1
6832 4670 600913 1
6865 4727 600923 1
6870 4797 600933 1
6855 4885 600943 1
6824 4970 600953 1
6790 5028 600963 1
6754 5069 600973 1
6731 5090 600983 1
6731 5116 600993 1
6746 5145 601003 1
6816 5213 601013 1
6921 5299 601023 1
7050 5398 601033 1
7175 5454 601043 1
7280 5482 601053 1
7371 5492 601063 1
7409 5476 601073 1
7421 5425 601083 1
7416 5351 601093 1
7377 5240 601103 1
7331 5138 601113 1
7281 5041 601123 1
7245 4962 601133 1
7225 4902 601143 1
7216 4854 601153 1
7205 4820 601163 1
7193 4785 601173 1
7182 4749 601183 1
7164 4711 601193 1
7143 4675 601203 1
7143 4660 601213 1
7152 4660 601223 1
7177 4660 601233 1
7233 4668 601243 1
7309 4688 601253 1
7399 4713 601263 1
7473 4736 601273 1
7534 4757 601283 1
7586 4776 601293 1
7640 4792 601303 1
7694 4802 601313 1
7747 4820 601323 1
7800 4843 601333 1
7831 4848 601343 1
7847 4848 601353 1
7847 4848 601363 1
7847 4848 601373 1
7847 4848 601383 1
7842 4848 601393 1
7837 4848 601403 1
7837 4843 601413 1
7837 4843 601423 1
7837 4843 601433 1
