177
5563 6702 635984 0
5563 6702 635994 1
5563 6702 636004 1
5563 6702 636014 1
5591 6784 636024 1
5631 6814 636034 1
5680 6843 636044 1
5737 6868 636054 1
5789 6877 636064 1
5838 6877 636074 1
5880 6856 636084 1
5920 6820 636094 1
5959 6773 636104 1
5983 6724 636114 1
5989 6674 636124 1
5984 6618 636134 1
5957 6556 636144 1
5913 6493 636154 1
5858 6420 636164 1
5792 6349 636174 1
5497 6306 636274 0
5497 6306 636284 1
5497 6306 636294 1
5497 6306 636304 1
5497 6306 636314 1
5497 6306 636324 1
5573 6291 636334 1
5598 6244 636344 1
5624 6183 636354 1
5639 6121 636364 1
5647 6066 636374 1
5647 6015 636384 1
5653 5966 636394 1
5653 5921 636404 1
5664 5880 636414 1
5673 5841 636424 1
5682 5821 636434 1
5689 5813 636444 1
5695 5824 636454 1
5717 5874 636464 1
5741 5950 636474 1
5764 6026 636484 1
5783 6096 636494 1
5801 6157 636504 1
5834 6213 636514 1
5871 6282 636524 1
5925 6360 636534 1
5987 6449 636544 1
6053 6521 636554 1
6109 6582 636564 1
6158 6613 636574 1
6186 6623 636584 1
6198 6623 636594 1
6198 6596 636604 1
6188 6549 636614 1
6166 6486 636624 1
6138 6414 636634 1
6103 6338 636644 1
6061 6255 636654 1
6013 6175 636664 1
5972 6098 636674 1
5934 6015 636684 1
5905 5933 636694 1
5884 5851 636704 1
5878 5806 636714 1
5878 5784 636724 1
5890 5784 636734 1
5902 5796 636744 1
5920 5826 636754 1
5942 5869 636764 1
5967 5916 636774 1
5998 5965 636784 1
6040 6025 636794 1
6088 6083 636804 1
6138 6137 636814 1
6178 6183 636824 1
6210 6210 636834 1
6231 6225 636844 1
6238 6225 636854 1
6238 6225 636864 1
6238 6209 636874 1
6238 6177 636884 1
6227 6133 636894 1
6215 6076 636904 1
6189 5995 636914 1
6150 5899 636924 1
6102 5752 636934 1
6053 5579 636944 1
6008 5389 636954 1
5971 5162 636964 1
5942 4960 636974 1
5919 4774 636984 1
5898 4598 636994 1
5876 4470 637004 1
5854 4373 637014 1
5838 4330 637024 1
5838 4342 637034 1
6166 5748 637146 0
6397 5828 637156 1
6522 5839 637166 1
6670 5839 637176 1
6866 5846 637186 1
7094 5846 637196 1
7369 5846 637206 1
7644 5839 637216 1
7871 5846 637226 1
8066 5854 637236 1
8204 5864 637246 1
8303 5864 637256 1
8376 5864 637266 1
8407 5864 637276 1
8407 5864 637286 1
8394 5864 637296 1
8336 5864 637306 1
5801 5153 637466 0
5801 5153 637476 1
5801 5153 637486 1
5801 5153 637496 1
5801 5153 637506 1
5801 5153 637516 1
5870 5152 637526 1
5924 5102 637536 1
5989 5024 637546 1
6065 4946 637556 1
6142 4868 637566 1
6204 4805 637576 1
6256 4752 637586 1
6279 4725 637596 1
6299 4711 637606 1
6317 4706 637616 1
6352 4731 637626 1
6390 4807 637636 1
6437 4916 637646 1
6494 5043 637656 1
6559 5181 637666 1
6621 5327 637676 1
6680 5427 637686 1
6727 5486 637696 1
6757 5517 637706 1
6775 5517 637716 1
6781 5517 637726 1
6781 5480 637736 1
6771 5418 637746 1
6741 5322 637756 1
6704 5209 637766 1
6663 5085 637776 1
6627 4977 637786 1
6593 4887 637796 1
6567 4810 637806 1
6552 4776 637816 1
6552 4770 637826 1
6573 4783 637836 1
6621 4845 637846 1
6674 4919 637856 1
6733 5002 637866 1
6791 5061 637876 1
6838 5094 637886 1
6879 5111 637896 1
6927 5117 637906 1
6990 5090 637916 1
6990 5090 637926 5
7132 5002 637936 5
7188 4979 637946 5
7234 4966 637956 5
7271 4972 637966 5
7302 5010 637976 5
7328 5070 637986 5
7328 5070 637996 4
7366 5349 638006 4
7378 5546 638016 4
7360 5762 638026 4
7350 6022 638036 4
7344 6312 638046 4
7319 6510 638056 4
7306 6616 638066 4
7300 6661 638076 4
7300 6661 638086 4
