179
5607 7354 402989 0
5607 7354 402999 1
5607 7354 403009 1
5607 7354 403019 1
5607 7354 403029 1
5686 7442 403039 1
5772 7472 403049 1
5839 7480 403059 1
5892 7450 403069 1
5923 7395 403079 1
5939 7297 403089 1
5945 7194 403099 1
5945 7121 403109 1
5929 7069 403119 1
5911 7055 403129 1
5430 7016 403239 0
5430 7016 403249 1
5430 7016 403259 1
5430 7016 403269 1
5430 7016 403279 1
5508 6896 403289 1
5538 6814 403299 1
5576 6742 403309 1
5619 6677 403319 1
5663 6640 403329 1
5698 6622 403339 1
5729 6622 403349 1
5743 6622 403359 1
5743 6635 403369 1
5743 6655 403379 1
5730 6690 403389 1
5710 6727 403399 1
5686 6765 403409 1
5652 6789 403419 1
5620 6812 403429 1
5591 6835 403439 1
5586 6855 403449 1
5595 6899 403459 1
5646 6960 403469 1
5744 7027 403479 1
5872 7101 403489 1
6026 7180 403499 1
6213 7269 403509 1
6423 7353 403519 1
6592 7429 403529 1
6717 7460 403539 1
6812 7460 403549 1
6856 7429 403559 1
6856 7366 403569 1
6822 7282 403579 1
6752 7172 403589 1
6687 7076 403599 1
6626 6989 403609 1
6584 6938 403619 1
6560 6905 403629 1
6548 6885 403639 1
6528 6856 403649 1
6013 6711 403760 0
6013 6711 403770 1
6013 6711 403780 1
6013 6711 403790 1
5977 6581 403800 1
5956 6473 403810 1
5921 6353 403820 1
5877 6225 403830 1
5826 6120 403840 1
5776 6042 403850 1
5757 5983 403860 1
5757 5966 403870 1
5785 5978 403880 1
5833 6009 403890 1
5895 6099 403900 1
5973 6215 403910 1
6063 6348 403920 1
6160 6456 403930 1
6253 6529 403940 1
6321 6578 403950 1
6371 6588 403960 1
6415 6572 403970 1
6461 6539 403980 1
6512 6501 403990 1
6573 6467 404000 1
6643 6441 404010 1
6725 6421 404020 1
6813 6414 404030 1
6887 6414 404040 1
6919 6429 404050 1
6924 6435 404060 1
6890 6454 404070 1
6820 6482 404080 1
6726 6497 404090 1
6633 6476 404100 1
6541 6432 404110 1
6451 6357 404120 1
6360 6259 404130 1
6263 6146 404140 1
6163 5998 404150 1
6060 5815 404160 1
5959 5610 404170 1
5848 5365 404180 1
5730 5096 404190 1
5585 4810 404200 1
5452 4533 404210 1
5327 4305 404220 1
5222 4110 404230 1
5161 4030 404240 1
5129 4001 404250 1
5129 4006 404260 1
5149 4041 404270 1
5189 4121 404280 1
6112 5811 404391 0
6377 6060 404401 1
6437 6102 404411 1
6462 6127 404421 1
6526 6063 404431 1
6617 5995 404441 1
6754 5920 404451 1
6926 5847 404461 1
7121 5776 404471 1
7378 5704 404481 1
7636 5603 404491 1
7636 5603 404501 5
8193 5386 404511 5
8436 5272 404521 5
8620 5184 404531 5
8765 5134 404541 5
8834 5110 404551 5
8852 5104 404561 5
8835 5111 404571 5
8759 5126 404581 5
8759 5126 404591 1
5535 5658 404802 0
5535 5658 404812 1
5513 5738 404822 1
5518 5728 404832 1
5579 5694 404842 1
5676 5601 404852 1
5843 5443 404862 1
6011 5243 404872 1
6179 5042 404882 1
6353 4869 404892 1
6473 4716 404902 1
6556 4629 404912 1
6594 4577 404922 1
6607 4548 404932 1
6607 4539 404942 1
6599 4539 404952 1
6589 4539 404962 1
6576 4553 404972 1
6562 4606 404982 1
6550 4685 404992 1
6555 4817 405002 1
6570 4969 405012 1
6617 5134 405022 1
6698 5274 405032 1
6801 5388 405042 1
6928 5485 405052 1
7056 5547 405062 1
7170 5574 405072 1
7274 5579 405082 1
7338 5565 405092 1
7358 5531 405102 1
7349 5485 405112 1
7302 5384 405122 1
7237 5248 405132 1
7159 5090 405142 1
7102 4929 405152 1
7046 4764 405162 1
7021 4640 405172 1
7015 4545 405182 1
7032 4498 405192 1
7076 4479 405202 1
7139 4479 405212 1
7222 4503 405222 1
7339 4540 405232 1
7479 4585 405242 1
7613 4613 405252 1
7732 4629 405262 1
7840 4636 405272 1
