351
3240 4912 63574244 0
3337 4914 63574254 1
3317 4953 63574264 1
3330 5025 63574274 1
3365 5055 63574284 1
3400 5093 63574295 1
3431 5136 63574305 1
3445 5171 63574315 1
3450 5204 63574325 1
3430 5232 63574335 1
3378 5237 63574345 1
3304 5226 63574355 1
3190 5167 63574365 1
3061 5072 63574375 1
2922 4954 63574385 1
2817 4825 63574395 1
2745 4711 63574405 1
2696 4630 63574415 1
2679 4565 63574425 1
2699 4512 63574435 1
2744 4477 63574445 1
2818 4453 63574455 1
2926 4453 63574465 1
3057 4472 63574475 1
3229 4509 63574485 1
3386 4542 63574495 1
3532 4573 63574505 1
3653 4596 63574515 1
3734 4610 63574525 1
3789 4616 63574535 1
3798 4616 63574545 1
3788 4616 63574555 1
3766 4616 63574565 1
3722 4626 63574575 1
3673 4635 63574585 1
3620 4656 63574595 1
3593 4688 63574605 1
3593 4727 63574615 1
3609 4789 63574625 1
3659 4859 63574635 1
3733 4934 63574645 1
3824 4996 63574655 1
3914 5052 63574665 1
4001 5081 63574675 1
4067 5095 63574685 1
4120 5084 63574695 1
4144 5050 63574705 1
4144 5000 63574715 1
4123 4933 63574725 1
4063 4851 63574735 1
3981 4759 63574745 1
3883 4688 63574755 1
3781 4626 63574765 1
3687 4570 63574775 1
3598 4531 63574785 1
3558 4514 63574795 1
3558 4514 63574805 1
3582 4519 63574815 1
3656 4558 63574825 1
3771 4619 63574835 1
3912 4695 63574845 1
4072 4786 63574855 1
4234 4887 63574865 1
4371 4964 63574875 1
4489 5003 63574885 1
4563 5016 63574895 1
4600 5002 63574905 1
4611 4961 63574915 1
4583 4903 63574925 1
4522 4817 63574935 1
4439 4730 63574945 1
4346 4655 63574955 1
4255 4589 63574965 1
4166 4529 63574975 1
4104 4494 63574985 1
4082 4475 63574995 1
4082 4475 63575005 1
4102 4503 63575015 1
4168 4544 63575025 1
4266 4617 63575035 1
4393 4706 63575045 1
4530 4806 63575055 1
4673 4897 63575065 1
4801 4953 63575075 1
4879 4985 63575085 1
4924 4985 63575095 1
4945 4956 63575105 1
4945 4918 63575115 1
4930 4850 63575125 1
4898 4781 63575135 1
4862 4714 63575145 1
4823 4662 63575155 1
4800 4617 63575165 1
4783 4594 63575175 1
4795 4594 63575185 1
4824 4605 63575195 1
4891 4650 63575205 1
4988 4718 63575215 1
5106 4801 63575225 1
5246 4889 63575235 1
5361 4964 63575245 1
5460 5003 63575255 1
5534 5022 63575265 1
5587 5013 63575275 1
5625 4985 63575285 1
5650 4945 63575295 1
5663 4893 63575305 1
5663 4838 63575315 1
5655 4779 63575325 1
5632 4728 63575335 1
5601 4682 63575345 1
5557 4637 63575355 1
5502 4596 63575365 1
5439 4558 63575375 1
5374 4527 63575385 1
5313 4500 63575395 1
5258 4475 63575405 1
5224 4463 63575415 1
5202 4463 63575425 1
5202 4463 63575435 1
5212 4478 63575445 1
5273 4526 63575455 1
5367 4596 63575465 1
5495 4672 63575475 1
5650 4756 63575485 1
5822 4845 63575495 1
5969 4927 63575505 1
6097 4989 63575515 1
6213 5039 63575525 1
6311 5067 63575535 1
6364 5067 63575545 1
6387 5059 63575555 1
6375 5019 63575565 1
6318 4943 63575575 1
6232 4843 63575585 1
6119 4732 63575595 1
6008 4639 63575605 1
5925 4557 63575615 1
5860 4493 63575625 1
5833 4445 63575635 1
5833 4407 63575645 1
5859 4377 63575655 1
5908 4361 63575665 1
5980 4355 63575675 1
6066 4371 63575685 1
6167 4402 63575695 1
6272 4444 63575705 1
6366 4486 63575715 1
6451 4528 63575725 1
6506 4569 63575735 1
6532 4615 63575745 1
6539 4665 63575755 1
6507 4728 63575757 1
6448 4796 63575767 1
6372 4868 63575777 1
6270 4927 63575787 1
6169 4966 63575797 1
6074 4992 63575807 1
6009 5007 63575817 1
5964 5019 63575827 1
5951 5025 63575837 1
5956 5025 63575847 1
5972 5025 63575857 1
6015 5019 63575867 1
6087 5019 63575877 1
6178 5019 63575887 1
6302 5030 63575897 1
6426 5038 63575907 1
6549 5046 63575917 1
6653 5053 63575927 1
6746 5053 63575937 1
6813 5047 63575947 1
6852 5039 63575957 1
6872 5025 63575967 1
6872 4990 63575977 1
6829 4943 63575987 1
6765 4864 63575997 1
6686 4780 63576007 1
6605 4692 63576017 1
6522 4624 63576027 1
6455 4567 63576037 1
6392 4517 63576047 1
6350 4481 63576057 1
6321 4463 63576067 1
6313 4458 63576077 1
6313 4458 63576087 1
6326 4472 63576097 1
6361 4490 63576107 1
6429 4537 63576117 1
6519 4604 63576127 1
6627 4684 63576137 1
6747 4780 63576147 1
6875 4871 63576157 1
6970 4958 63576167 1
7050 5002 63576177 1
7119 5020 63576187 1
7173 5020 63576197 1
7204 5007 63576207 1
7220 4988 63576217 1
7220 4952 63576227 1
7220 4907 63576237 1
7208 4848 63576247 1
7199 4790 63576257 1
7199 4736 63576257 1
7211 4697 63576267 1
7238 4665 63576277 1
7289 4654 63576287 1
7353 4654 63576297 1
7426 4671 63576307 1
7492 4696 63576317 1
7549 4733 63576327 1
7600 4779 63576337 1
7638 4838 63576347 1
7659 4895 63576357 1
7669 4923 63576367 1
7663 4933 63576377 1
7631 4926 63576387 1
7582 4883 63576397 1
7502 4816 63576407 1
7419 4751 63576417 1
7334 4693 63576427 1
7270 4641 63576437 1
7236 4604 63576447 1
7222 4581 63576457 1
7227 4568 63576467 1
7252 4561 63576477 1
7290 4575 63576487 1
7365 4603 63576497 1
7452 4646 63576507 1
7547 4695 63576517 1
7649 4747 63576527 1
7752 4809 63576537 1
7854 4870 63576547 1
7926 4905 63576557 1
7977 4924 63576567 1
7992 4924 63576577 1
7992 4896 63576587 1
7984 4857 63576597 1
7956 4793 63576607 1
7918 4733 63576617 1
7874 4677 63576627 1
7847 4637 63576637 1
7824 4610 63576647 1
7818 4591 63576657 1
7818 4591 63576667 1
7831 4591 63576677 1
7865 4597 63576687 1
7914 4620 63576697 1
7996 4655 63576707 1
8089 4699 63576717 1
8189 4733 63576727 1
8264 4762 63576737 1
8315 4762 63576747 1
8350 4756 63576757 1
8366 4732 63576767 1
8366 4703 63576777 1
8353 4665 63576787 1
8329 4629 63576797 1
8305 4594 63576807 1
8281 4569 63576817 1
8256 4555 63576827 1
8242 4548 63576837 1
8231 4548 63576847 1
8223 4548 63576857 1
8419 5153 63576958 0
8559 5133 63576968 1
8577 5151 63576978 1
8565 5196 63576988 1
8619 5183 63576998 1
8695 5150 63577008 1
8786 5105 63577018 1
8841 5080 63577028 1
8882 5056 63577038 1
8913 5034 63577048 1
8935 4999 63577058 1
8926 4932 63577068 1
8897 4843 63577078 1
8826 4731 63577088 1
8747 4637 63577098 1
8663 4555 63577108 1
8588 4480 63577118 1
8534 4431 63577128 1
8495 4399 63577138 1
8495 4399 63577148 1
8495 4415 63577158 1
8535 4450 63577168 1
8593 4507 63577178 1
8685 4567 63577188 1
8801 4630 63577198 1
8934 4677 63577208 1
9044 4707 63577218 1
9126 4725 63577228 1
9188 4718 63577238 1
9221 4695 63577248 1
9236 4661 63577258 1
9236 4615 63577268 1
9228 4573 63577278 1
9217 4534 63577288 1
9206 4508 63577298 1
9206 4497 63577308 1
9200 4497 63577318 1
9200 4505 63577328 1
9230 4531 63577338 1
9274 4568 63577348 1
9361 4624 63577358 1
9480 4705 63577368 1
9619 4802 63577378 1
9743 4898 63577388 1
9846 4951 63577398 1
9936 4976 63577408 1
9994 4971 63577418 1
10009 4937 63577428 1
9996 4885 63577438 1
9943 4800 63577448 1
9858 4714 63577458 1
9752 4623 63577468 1
9664 4533 63577478 1
9602 4443 63577488 1
9557 4371 63577498 1
9549 4310 63577508 1
9562 4273 63577518 1
9588 4255 63577528 1
9641 4255 63577538 1
9726 4267 63577548 1
9833 4299 63577558 1
9972 4343 63577568 1
10096 4384 63577569 1
10210 4424 63577579 1
10306 4470 63577589 1
10372 4521 63577599 1
10418 4580 63577609 1
10426 4650 63577619 1
10399 4728 63577629 1
10348 4825 63577639 1
10265 4920 63577649 1
10163 5013 63577659 1
10048 5090 63577669 1
9935 5141 63577679 1
9830 5175 63577689 1
9762 5188 63577699 1
9716 5188 63577709 1
9725 5188 63577719 1
9749 5159 63577729 1
9784 5125 63577739 1
9867 5086 63577749 1
9985 5064 63577759 1
10126 5041 63577769 1
10250 5025 63577779 1
10375 5015 63577789 1
10477 5007 63577799 1
10564 5000 63577809 1
