344
2863 5087 63585591 0
2960 5058 63585601 1
2960 5151 63585611 1
2934 5198 63585621 1
2934 5214 63585631 1
2934 5242 63585641 1
2929 5268 63585651 1
2906 5286 63585661 1
2856 5295 63585671 1
2787 5271 63585681 1
2697 5226 63585691 1
2587 5142 63585701 1
2463 5031 63585711 1
2366 4901 63585721 1
2317 4790 63585731 1
2301 4712 63585741 1
2327 4657 63585751 1
2384 4614 63585761 1
2462 4592 63585771 1
2574 4584 63585781 1
2704 4597 63585791 1
2845 4627 63585801 1
2991 4669 63585811 1
3143 4714 63585821 1
3276 4756 63585831 1
3395 4791 63585841 1
3474 4809 63585851 1
3511 4816 63585861 1
3519 4811 63585871 1
3507 4803 63585881 1
3473 4792 63585891 1
3423 4776 63585901 1
3368 4762 63585911 1
3316 4762 63585921 1
3283 4762 63585931 1
3261 4777 63585941 1
3261 4810 63585951 1
3288 4856 63585961 1
3338 4921 63585971 1
3420 4984 63585981 1
3506 5047 63585991 1
3597 5092 63586001 1
3674 5112 63586011 1
3743 5112 63586021 1
3782 5103 63586031 1
3806 5076 63586041 1
3820 5041 63586051 1
3810 4989 63586061 1
3770 4932 63586071 1
3711 4867 63586081 1
3621 4800 63586091 1
3527 4738 63586101 1
3431 4692 63586111 1
3353 4654 63586121 1
3305 4631 63586131 1
3276 4621 63586141 1
3276 4621 63586151 1
3312 4632 63586161 1
3369 4673 63586171 1
3464 4733 63586181 1
3583 4816 63586191 1
3718 4899 63586201 1
3841 4982 63586211 1
3951 5048 63586221 1
4052 5087 63586231 1
4120 5109 63586241 1
4155 5109 63586251 1
4169 5078 63586261 1
4156 5037 63586271 1
4113 4968 63586281 1
4049 4895 63586291 1
3977 4818 63586301 1
3908 4744 63586311 1
3844 4693 63586321 1
3800 4656 63586331 1
3771 4636 63586341 1
3771 4636 63586351 1
3771 4641 63586361 1
3817 4667 63586371 1
3883 4722 63586381 1
3979 4797 63586391 1
4101 4887 63586401 1
4241 4975 63586411 1
4355 5028 63586421 1
4435 5058 63586431 1
4493 5058 63586441 1
4520 5038 63586451 1
4525 5003 63586461 1
4516 4952 63586471 1
4487 4890 63586481 1
4446 4821 63586491 1
4398 4756 63586501 1
4356 4707 63586511 1
4316 4670 63586521 1
4304 4646 63586531 1
4311 4639 63586541 1
4352 4639 63586551 1
4432 4676 63586561 1
4538 4736 63586571 1
4669 4815 63586581 1
4799 4916 63586591 1
4929 5014 63586601 1
5025 5081 63586611 1
5101 5129 63586621 1
5163 5147 63586631 1
5197 5141 63586641 1
5210 5118 63586651 1
5210 5075 63586661 1
5203 5030 63586671 1
5197 4978 63586681 1
5192 4924 63586691 1
5199 4871 63586701 1
5207 4824 63586711 1
5217 4782 63586721 1
5224 4756 63586731 1
5230 4737 63586741 1
5230 4722 63586751 1
5213 4709 63586761 1
5194 4696 63586771 1
5165 4683 63586781 1
5137 4670 63586791 1
5108 4662 63586801 1
5077 4662 63586811 1
5051 4656 63586821 1
5030 4656 63586831 1
5019 4656 63586841 1
5032 4668 63586851 1
5816 5074 63586933 0
5959 5095 63586943 1
5971 5111 63586953 1
5963 5111 63586963 1
5955 5079 63586973 1
5928 5032 63586983 1
5887 4963 63586993 1
5822 4881 63587003 1
5751 4790 63587013 1
5676 4713 63587023 1
5626 4643 63587033 1
5597 4577 63587043 1
5582 4526 63587053 1
5589 4493 63587063 1
5620 4473 63587073 1
5666 4473 63587083 1
5745 4489 63587093 1
5833 4522 63587103 1
5928 4559 63587113 1
6007 4597 63587123 1
6073 4635 63587133 1
6130 4672 63587143 1
5751 5022 63587243 0
5584 5030 63587253 1
5525 5049 63587263 1
5498 5075 63587273 1
5498 5082 63587283 1
5515 5092 63587293 1
5567 5104 63587303 1
5646 5115 63587313 1
5743 5125 63587323 1
5856 5132 63587333 1
5965 5132 63587343 1
6070 5132 63587353 1
6181 5138 63587363 1
6282 5138 63587373 1
6572 5124 63587443 0
6572 5124 63587453 1
6541 5087 63587463 1
6512 5050 63587473 1
6469 4999 63587483 1
6423 4944 63587493 1
6374 4884 63587503 1
6328 4823 63587513 1
6282 4773 63587523 1
6241 4730 63587533 1
6207 4697 63587543 1
6183 4671 63587553 1
6168 4651 63587563 1
6162 4637 63587573 1
6162 4632 63587583 1
6167 4632 63587593 1
6179 4641 63587603 1
6219 4670 63587613 1
6277 4714 63587623 1
6361 4780 63587633 1
6448 4857 63587643 1
6547 4941 63587653 1
6653 5006 63587663 1
6754 5051 63587673 1
6844 5083 63587683 1
6927 5094 63587693 1
6982 5094 63587703 1
7018 5082 63587713 1
7040 5057 63587723 1
7049 5029 63587733 1
7049 4993 63587743 1
7042 4951 63587753 1
7032 4907 63587763 1
7023 4863 63587773 1
7031 4826 63587783 1
7049 4792 63587793 1
7096 4777 63587803 1
7161 4777 63587813 1
7239 4792 63587823 1
7318 4822 63587833 1
7394 4861 63587843 1
7450 4906 63587853 1
7492 4949 63587863 1
7516 4989 63587873 1
7516 5013 63587883 1
7502 5027 63587893 1
7466 5027 63587903 1
7396 5002 63587913 1
7303 4962 63587923 1
7183 4896 63587933 1
7098 4834 63587943 1
7035 4776 63587953 1
7000 4730 63587963 1
6987 4695 63587973 1
6987 4668 63587983 1
7015 4654 63587993 1
7065 4659 63588003 1
7130 4678 63588013 1
7225 4712 63588023 1
7325 4761 63588033 1
7432 4819 63588043 1
7528 4880 63588053 1
7618 4937 63588063 1
7689 4989 63588073 1
7735 5019 63588083 1
7764 5035 63588093 1
7764 5035 63588103 1
7755 5024 63588113 1
7737 4987 63588123 1
7683 4933 63588133 1
7623 4865 63588143 1
7559 4801 63588153 1
7514 4740 63588163 1
7474 4699 63588173 1
7450 4666 63588183 1
7435 4639 63588193 1
7435 4619 63588203 1
7435 4603 63588213 1
7451 4590 63588223 1
7482 4581 63588233 1
7523 4587 63588243 1
7587 4602 63588253 1
7668 4633 63588263 1
7761 4677 63588273 1
7869 4729 63588283 1
7978 4796 63588293 1
8070 4862 63588303 1
8149 4908 63588313 1
8213 4940 63588323 1
8250 4947 63588333 1
8268 4934 63588343 1
8268 4907 63588353 1
8250 4856 63588363 1
8220 4800 63588373 1
8184 4747 63588383 1
8148 4698 63588393 1
8114 4662 63588403 1
8084 4635 63588413 1
8061 4614 63588423 1
8047 4603 63588415 1
8041 4603 63588425 1
8041 4603 63588435 1
8326 5264 63588555 0
8502 5233 63588565 1
8516 5305 63588575 1
8476 5312 63588585 1
8527 5277 63588595 1
8590 5244 63588605 1
8661 5208 63588615 1
8702 5186 63588625 1
8724 5173 63588635 1
8732 5164 63588645 1
8753 5062 63588685 0
8715 5004 63588695 1
8687 4989 63588705 1
8652 4959 63588715 1
8613 4920 63588725 1
8571 4863 63588735 1
8528 4808 63588745 1
8488 4754 63588755 1
8450 4721 63588765 1
8435 4701 63588775 1
8424 4691 63588785 1
8424 4691 63588795 1
8430 4691 63588805 1
8448 4691 63588815 1
8490 4713 63588825 1
8548 4747 63588835 1
8641 4790 63588845 1
8740 4837 63588855 1
8833 4880 63588865 1
8920 4897 63588875 1
8980 4897 63588885 1
9011 4879 63588895 1
9022 4842 63588905 1
9013 4795 63588915 1
8994 4743 63588926 1
8967 4700 63588936 1
8942 4664 63588946 1
8917 4636 63588956 1
8907 4625 63588966 1
8907 4625 63588976 1
8912 4625 63588986 1
8924 4642 63588996 1
8973 4667 63589006 1
9044 4708 63589016 1
9149 4771 63589026 1
9270 4849 63589036 1
9402 4933 63589046 1
9532 5012 63589056 1
9635 5063 63589066 1
9721 5097 63589076 1
9762 5097 63589086 1
9771 5072 63589096 1
9758 5031 63589106 1
9713 4971 63589116 1
9647 4888 63589126 1
9568 4790 63589136 1
9477 4690 63589146 1
9390 4597 63589156 1
9306 4508 63589166 1
9252 4435 63589176 1
9234 4384 63589186 1
9239 4347 63589196 1
9273 4318 63589206 1
9348 4308 63589216 1
9451 4308 63589226 1
9584 4325 63589236 1
9718 4354 63589246 1
9849 4395 63589256 1
9978 4438 63589266 1
9309 5121 63589406 0
9269 5101 63589416 1
9293 5121 63589426 1
9325 5151 63589436 1
9362 5139 63589446 1
9487 5116 63589456 1
9624 5086 63589466 1
9770 5067 63589476 1
9915 5059 63589486 1
10039 5059 63589496 1
