335
3051 4942 63597157 0
3213 4942 63597167 1
3156 4998 63597177 1
3156 5084 63597187 1
3191 5127 63597197 1
3215 5167 63597207 1
3215 5198 63597217 1
3207 5219 63597227 1
3174 5234 63597237 1
3099 5220 63597247 1
2997 5188 63597257 1
2891 5118 63597267 1
2792 5031 63597277 1
2724 4932 63597287 1
2673 4841 63597297 1
2654 4763 63597307 1
2671 4693 63597317 1
2713 4643 63597327 1
2779 4615 63597337 1
2878 4602 63597347 1
3000 4617 63597357 1
3162 4653 63597367 1
3317 4704 63597377 1
3467 4752 63597387 1
3596 4799 63597397 1
3697 4831 63597407 1
3778 4852 63597417 1
3814 4858 63597427 1
3825 4858 63597437 1
3819 4858 63597447 1
3801 4858 63597457 1
3773 4858 63597467 1
3737 4858 63597477 1
3703 4858 63597487 1
3685 4877 63597497 1
3678 4908 63597507 1
3694 4951 63597517 1
3732 5006 63597527 1
3785 5061 63597537 1
3850 5115 63597547 1
3926 5168 63597557 1
4009 5203 63597567 1
4085 5227 63597577 1
4144 5227 63597587 1
4192 5211 63597597 1
4215 5182 63597607 1
4210 5136 63597617 1
4187 5085 63597627 1
4132 5027 63597637 1
4062 4967 63597647 1
3982 4910 63597657 1
3909 4860 63597667 1
3853 4814 63597677 1
3809 4787 63597687 1
3790 4775 63597697 1
3790 4775 63597707 1
3809 4787 63597717 1
3863 4832 63597727 1
3954 4899 63597737 1
4069 4978 63597747 1
4210 5055 63597757 1
4342 5128 63597767 1
4468 5179 63597777 1
4563 5216 63597787 1
4627 5221 63597797 1
4671 5202 63597807 1
4681 5168 63597817 1
4662 5114 63597827 1
4624 5047 63597837 1
4561 4971 63597847 1
4495 4897 63597857 1
4427 4837 63597867 1
4374 4787 63597877 1
4346 4763 63597887 1
4334 4757 63597897 1
4334 4764 63597907 1
4364 4798 63597917 1
4408 4854 63597927 1
4487 4924 63597937 1
4587 4995 63597947 1
4700 5063 63597957 1
4806 5107 63597967 1
4878 5135 63597977 1
4927 5135 63597987 1
4957 5118 63597997 1
4969 5085 63598007 1
4969 5037 63598017 1
4969 4987 63598027 1
4953 4933 63598037 1
4935 4892 63598047 1
4935 4861 63598057 1
4942 4845 63598067 1
4971 4854 63598077 1
5014 4879 63598087 1
5091 4929 63598097 1
5194 4993 63598107 1
5314 5066 63598117 1
5424 5140 63598127 1
5522 5208 63598137 1
5613 5252 63598147 1
5686 5283 63598157 1
5750 5283 63598167 1
5809 5260 63598177 1
5848 5223 63598187 1
5873 5178 63598197 1
5889 5132 63598207 1
5889 5085 63598217 1
5880 5038 63598227 1
5859 4993 63598237 1
5825 4949 63598247 1
5786 4916 63598257 1
5744 4889 63598267 1
5709 4866 63598277 1
5675 4853 63598287 1
5645 4845 63598297 1
5621 4840 63598307 1
5602 4840 63598317 1
5597 4855 63598327 1
5597 4875 63598337 1
5638 4922 63598347 1
5720 4990 63598357 1
5832 5071 63598367 1
5957 5154 63598377 1
6087 5234 63598387 1
6224 5310 63598397 1
6340 5359 63598407 1
6443 5391 63598417 1
6515 5405 63598427 1
6551 5391 63598437 1
6564 5359 63598447 1
6546 5302 63598457 1
6486 5221 63598467 1
6399 5124 63598477 1
6299 5029 63598487 1
6201 4935 63598497 1
6136 4853 63598507 1
6092 4779 63598517 1
6083 4739 63598527 1
6098 4712 63598537 1
6129 4695 63598547 1
6206 4695 63598557 1
6313 4719 63598567 1
6439 4752 63598577 1
6563 4802 63598587 1
6680 4857 63598597 1
6793 4915 63598607 1
6885 4965 63598617 1
6932 5015 63598627 1
6949 5064 63598637 1
6375 5256 63598690 0
6155 5281 63598700 1
6093 5310 63598710 1
6080 5335 63598720 1
6095 5350 63598730 1
6128 5358 63598740 1
6196 5364 63598750 1
6289 5364 63598760 1
6398 5364 63598770 1
6520 5369 63598780 1
6646 5369 63598790 1
6777 5374 63598800 1
6904 5374 63598810 1
6995 5379 63598820 1
7064 5379 63598830 1
7110 5379 63598840 1
7131 5373 63598850 1
7131 5365 63598860 1
7131 5340 63598870 1
7099 5303 63598880 1
7056 5242 63598890 1
7011 5178 63598900 1
6961 5110 63598910 1
6907 5044 63598920 1
6860 4993 63598930 1
6819 4952 63598940 1
6788 4929 63598950 1
6775 4919 63598960 1
6775 4919 63598970 1
6775 4919 63598980 1
6801 4944 63598990 1
6839 4984 63599000 1
6910 5042 63599010 1
6995 5113 63599020 1
7089 5192 63599030 1
7181 5258 63599040 1
7261 5305 63599050 1
7333 5339 63599060 1
7392 5350 63599070 1
7433 5341 63599080 1
7461 5320 63599090 1
7488 5290 63599100 1
7511 5257 63599110 1
7532 5218 63599120 1
7557 5180 63599130 1
7587 5143 63599140 1
7627 5110 63599150 1
7672 5092 63599160 1
7722 5084 63599170 1
7776 5084 63599180 1
7836 5096 63599190 1
7897 5114 63599200 1
7942 5137 63599210 1
7977 5163 63599220 1
7992 5190 63599230 1
7992 5225 63599240 1
7992 5257 63599250 1
7963 5280 63599260 1
7924 5280 63599270 1
7875 5271 63599280 1
7811 5234 63599290 1
7743 5184 63599300 1
7672 5126 63599310 1
7629 5076 63599320 1
7592 5032 63599330 1
7573 4991 63599340 1
7564 4961 63599350 1
7573 4941 63599360 1
7586 4927 63599370 1
7625 4927 63599380 1
7678 4955 63599390 1
7758 4996 63599400 1
7854 5049 63599410 1
7961 5105 63599420 1
8053 5163 63599430 1
8132 5213 63599440 1
8202 5244 63599450 1
8244 5263 63599460 1
8260 5263 63599470 1
8260 5255 63599480 1
8252 5225 63599490 1
8224 5181 63599500 1
8180 5131 63599510 1
8142 5083 63599520 1
8110 5044 63599530 1
8086 5012 63599540 1
8078 4991 63599550 1
8078 4983 63599560 1
8087 4983 63599570 1
8122 4995 63599580 1
8176 5022 63599590 1
8263 5059 63599600 1
8370 5105 63599610 1
8491 5150 63599620 1
8591 5192 63599630 1
8667 5215 63599640 1
8727 5227 63599650 1
8766 5208 63599660 1
8786 5185 63599670 1
8792 5152 63599680 1
8783 5117 63599690 1
8767 5083 63599700 1
8746 5057 63599710 1
8718 5035 63599720 1
8692 5021 63599730 1
8670 5013 63599740 1
8654 5008 63599750 1
8645 5008 63599760 1
8832 5528 63599851 0
8937 5527 63599861 1
8953 5572 63599871 1
8961 5572 63599881 1
9014 5550 63599891 1
9076 5519 63599901 1
9143 5489 63599911 1
9179 5459 63599921 1
9206 5440 63599931 1
9226 5427 63599941 1
9262 5406 63599951 1
9273 5380 63599961 1
9267 5341 63599971 1
9252 5290 63599981 1
9219 5231 63599991 1
9173 5170 63600001 1
9125 5110 63600011 1
9078 5059 63600021 1
9044 5013 63600031 1
9019 4981 63600041 1
9005 4962 63600051 1
8997 4953 63600061 1
8997 4953 63600071 1
9003 4969 63600081 1
9034 4994 63600091 1
9083 5034 63600101 1
9155 5079 63600111 1
9232 5127 63600121 1
9316 5164 63600131 1
9378 5183 63600141 1
9424 5190 63600151 1
9452 5177 63600161 1
9467 5160 63600171 1
9473 5123 63600181 1
9460 5076 63600191 1
9432 5025 63600201 1
9393 4973 63600211 1
9367 4932 63600221 1
9345 4898 63600231 1
9332 4881 63600241 1
9332 4881 63600251 1
9332 4881 63600261 1
9372 4915 63600271 1
9432 4959 63600281 1
9532 5013 63600291 1
9653 5082 63600301 1
9788 5165 63600311 1
9928 5257 63600321 1
10068 5350 63600331 1
10164 5412 63600341 1
10229 5453 63600351 1
10266 5453 63600361 1
10273 5428 63600371 1
10260 5379 63600381 1
10207 5299 63600391 1
10126 5205 63600401 1
10027 5103 63600411 1
9931 5002 63600422 1
9856 4911 63600432 1
9796 4826 63600442 1
9760 4759 63600452 1
9748 4720 63600462 1
9748 4701 63600472 1
9782 4686 63600482 1
9844 4686 63600492 1
9927 4694 63600502 1
10039 4713 63600512 1
10141 4742 63600522 1
10235 4778 63600532 1
10318 4826 63600542 1
9715 5499 63600662 0
9689 5478 63600672 1
9706 5504 63600682 1
9744 5480 63600692 1
9866 5453 63600702 1
10018 5421 63600712 1
10190 5390 63600722 1
10344 5373 63600732 1
