329
2365 5415 23941178 0
2375 5531 23941188 1
2375 5550 23941198 1
2367 5571 23941208 1
2355 5593 23941218 1
2333 5616 23941228 1
2305 5638 23941238 1
2267 5657 23941248 1
2219 5674 23941258 1
2163 5674 23941268 1
2084 5657 23941278 1
1998 5618 23941288 1
1908 5552 23941298 1
1820 5467 23941308 1
1734 5356 23941318 1
1651 5231 23941328 1
1574 5096 23941338 1
1531 4960 23941348 1
1508 4824 23941358 1
1524 4693 23941368 1
1582 4602 23941378 1
1667 4535 23941388 1
1777 4512 23941398 1
1922 4537 23941408 1
2089 4595 23941418 1
2255 4677 23941428 1
2408 4784 23941438 1
2552 4909 23941448 1
2687 5015 23941458 1
2780 5095 23941468 1
2844 5159 23941478 1
2874 5184 23941488 1
2874 5184 23941498 1
2858 5166 23941508 1
2828 5110 23941518 1
2789 5021 23941528 1
2744 4911 23941538 1
2716 4785 23941548 1
2730 4695 23941558 1
2772 4629 23941568 1
2830 4589 23941578 1
2916 4589 23941588 1
3021 4625 23941598 1
3129 4692 23941608 1
3232 4784 23941618 1
3308 4894 23941628 1
3367 4994 23941638 1
3395 5094 23941648 1
3383 5177 23941658 1
3345 5248 23941668 1
3275 5293 23941678 1
3179 5302 23941688 1
3066 5287 23941698 1
2960 5243 23941708 1
2889 5199 23941718 1
2840 5159 23941728 1
2829 5125 23941738 1
2851 5086 23941748 1
2894 5041 23941758 1
2977 5019 23941768 1
3105 5013 23941778 1
3262 5038 23941788 1
3427 5082 23941798 1
3595 5139 23941808 1
3771 5212 23941818 1
3905 5283 23941828 1
4009 5350 23941838 1
4095 5397 23941848 1
4145 5432 23941858 1
4172 5445 23941868 1
4167 5439 23941878 1
4140 5421 23941888 1
4097 5369 23941898 1
4037 5292 23941908 1
3974 5199 23941918 1
3909 5106 23941928 1
3862 5015 23941938 1
3816 4935 23941948 1
3776 4862 23941958 1
3763 4830 23941968 1
3763 4824 23941978 1
3780 4835 23941988 1
3816 4876 23941998 1
3867 4950 23942008 1
3939 5046 23942018 1
4016 5137 23942028 1
4101 5220 23942038 1
4177 5259 23942048 1
4247 5272 23942058 1
4291 5254 23942068 1
4313 5208 23942078 1
4319 5143 23942088 1
4310 5064 23942098 1
4299 4985 23942108 1
4286 4927 23942118 1
4300 4883 23942128 1
4319 4865 23942130 1
4362 4880 23942140 1
4420 4918 23942150 1
4502 4987 23942160 1
4607 5076 23942170 1
4726 5179 23942180 1
4845 5268 23942190 1
4947 5352 23942200 1
5038 5426 23942210 1
5116 5477 23942220 1
5171 5513 23942230 1
5210 5531 23942240 1
5219 5531 23942250 1
5212 5531 23942260 1
5193 5524 23942270 1
5146 5495 23942280 1
5084 5450 23942290 1
5013 5387 23942300 1
4947 5317 23942310 1
4902 5242 23942320 1
4872 5191 23942330 1
4856 5156 23942340 1
4873 5133 23942350 1
4911 5123 23942360 1
4970 5123 23942370 1
5053 5141 23942380 1
5153 5157 23942390 1
5251 5168 23942400 1
5320 5168 23942410 1
5369 5156 23942420 1
5387 5132 23942430 1
5367 5087 23942440 1
5322 5027 23942450 1
5244 4958 23942460 1
5171 4895 23942470 1
5101 4866 23942480 1
5096 4860 23942490 1
5096 4882 23942500 1
5128 4952 23942510 1
5186 5053 23942520 1
5290 5179 23942530 1
5399 5323 23942540 1
5532 5479 23942550 1
5678 5617 23942560 1
5836 5734 23942570 1
5955 5838 23942580 1
6049 5913 23942590 1
6123 5959 23942600 1
6170 5985 23942610 1
6199 5985 23942620 1
6206 5960 23942630 1
6195 5915 23942640 1
6171 5817 23942650 1
6131 5703 23942660 1
6093 5578 23942670 1
6056 5442 23942680 1
6040 5320 23942690 1
6051 5207 23942700 1
6081 5135 23942710 1
6134 5096 23942720 1
6212 5078 23942730 1
6307 5095 23942740 1
6399 5140 23942750 1
6471 5203 23942760 1
6529 5264 23942770 1
6545 5323 23942780 1
6517 5378 23942790 1
6460 5431 23942800 1
6370 5481 23942810 1
6245 5502 23942820 1
6096 5502 23942830 1
5945 5474 23942840 1
5802 5440 23942850 1
5721 5420 23942860 1
5678 5410 23942870 1
5673 5405 23942880 1
5726 5400 23942890 1
5817 5406 23942900 1
5951 5421 23942910 1
6124 5452 23942920 1
6323 5486 23942930 1
6518 5521 23942940 1
6706 5555 23942950 1
6890 5587 23942960 1
7010 5612 23942970 1
7164 5587 23943021 0
7107 5559 23943031 1
7061 5543 23943041 1
7024 5501 23943051 1
6988 5443 23943061 1
6955 5365 23943071 1
6928 5283 23943081 1
6904 5203 23943091 1
6890 5126 23943101 1
6884 5069 23943111 1
6884 5035 23943121 1
6896 5017 23943131 1
6907 5017 23943141 1
6921 5049 23943151 1
6954 5105 23943161 1
6998 5184 23943171 1
7047 5267 23943181 1
7110 5354 23943191 1
7182 5418 23943201 1
7273 5464 23943211 1
7384 5497 23943221 1
7508 5530 23943231 1
7636 5563 23943241 1
7762 5591 23943251 1
7860 5616 23943261 1
7940 5633 23943271 1
7977 5641 23943281 1
7985 5641 23943291 1
7985 5641 23943301 1
7948 5650 23943311 1
7897 5659 23943321 1
7828 5659 23943331 1
7765 5652 23943341 1
7705 5621 23943351 1
7654 5574 23943361 1
7608 5510 23943371 1
7572 5429 23943381 1
7545 5336 23943391 1
7525 5253 23943401 1
7525 5197 23943411 1
7546 5158 23943421 1
7576 5143 23943431 1
7607 5150 23943441 1
7654 5173 23943451 1
7710 5229 23943461 1
7774 5297 23943471 1
7835 5373 23943481 1
7897 5449 23943491 1
7937 5485 23943501 1
7959 5494 23943511 1
7972 5473 23943521 1
7982 5423 23943531 1
7990 5354 23943541 1
7997 5280 23943551 1
8007 5208 23943561 1
8020 5159 23943571 1
8043 5125 23943581 1
8071 5113 23943591 1
8106 5124 23943601 1
8156 5150 23943611 1
8214 5194 23943621 1
8509 5505 23943672 0
8590 5549 23943682 1
8590 5540 23943692 1
8583 5510 23943702 1
8570 5466 23943712 1
8548 5397 23943722 1
8522 5311 23943732 1
8493 5215 23943742 1
8470 5142 23943752 1
8460 5100 23943762 1
8460 5078 23943772 1
8468 5098 23943782 1
8482 5171 23943792 1
8620 5932 23943852 0
8720 6075 23943862 1
8730 6089 23943872 1
8730 6079 23943882 1
8750 6054 23943892 1
8771 6013 23943902 1
8988 5726 23943972 0
9048 5643 23943982 1
9048 5624 23943992 1
9054 5581 23944002 1
9054 5532 23944012 1
9049 5457 23944022 1
9037 5368 23944032 1
9025 5276 23944042 1
9012 5183 23944052 1
8998 5109 23944062 1
8998 5049 23944072 1
9006 5022 23944082 1
9024 5022 23944092 1
9049 5051 23944102 1
9095 5120 23944112 1
9158 5217 23944122 1
9232 5333 23944132 1
9308 5453 23944142 1
9383 5526 23944152 1
9441 5568 23944162 1
9487 5575 23944172 1
9514 5553 23944182 1
9535 5511 23944192 1
9551 5433 23944202 1
9551 5337 23944212 1
9544 5229 23944222 1
9528 5118 23944232 1
9528 5053 23944242 1
9541 5019 23944252 1
9573 5024 23944262 1
9617 5068 23944272 1
9682 5139 23944282 1
9760 5239 23944292 1
9859 5373 23944302 1
9970 5530 23944312 1
10090 5648 23944322 1
10185 5722 23944332 1
10259 5766 23944342 1
10320 5784 23944352 1
10350 5779 23944362 1
10361 5760 23944372 1
10361 5711 23944382 1
10345 5632 23944392 1
10333 5534 23944402 1
10321 5423 23944412 1
10326 5310 23944422 1
10355 5231 23944432 1
10401 5177 23944442 1
10464 5156 23944452 1
10533 5169 23944462 1
10600 5205 23944472 1
10663 5263 23944482 1
10692 5330 23944492 1
10682 5403 23944502 1
10645 5485 23944512 1
10579 5565 23944522 1
10479 5644 23944532 1
10355 5688 23944542 1
10225 5701 23944552 1
10104 5694 23944563 1
10023 5682 23944573 1
9966 5672 23944583 1
9978 5664 23944593 1
10055 5633 23944603 1
10175 5633 23944613 1
10413 5643 23944623 1
10765 5694 23944633 1
11194 5763 23944643 1
