366
1863 4646 23920388 0
1967 4630 23920398 1
1967 4635 23920408 1
1934 4656 23920418 1
1934 4678 23920428 1
1934 4707 23920438 1
1924 4742 23920448 1
1904 4788 23920458 1
1872 4831 23920468 1
1832 4866 23920478 1
1786 4891 23920488 1
1736 4891 23920498 1
1665 4881 23920508 1
1579 4837 23920518 1
1479 4761 23920528 1
1380 4664 23920538 1
1283 4529 23920548 1
1189 4391 23920558 1
1124 4252 23920568 1
1077 4093 23920578 1
1061 3953 23920588 1
1092 3826 23920598 1
1154 3736 23920608 1
1241 3696 23920618 1
1367 3689 23920628 1
1518 3743 23920638 1
1699 3837 23920648 1
1859 3957 23920658 1
2005 4069 23920668 1
2144 4178 23920678 1
2254 4277 23920688 1
2344 4368 23920698 1
2411 4427 23920708 1
2440 4464 23920718 1
2440 4464 23920728 1
2431 4443 23920738 1
2397 4399 23920748 1
2349 4306 23920758 1
2296 4196 23920768 1
2247 4076 23920778 1
2221 3964 23920788 1
2209 3875 23920798 1
2231 3801 23920808 1
2279 3763 23920818 1
2345 3774 23920828 1
2432 3818 23920838 1
2520 3899 23920848 1
2611 3990 23920858 1
2681 4087 23920868 1
2738 4186 23920878 1
2759 4284 23920888 1
2746 4379 23920898 1
2709 4444 23920908 1
2633 4489 23920918 1
2537 4494 23920928 1
2427 4466 23920938 1
2319 4416 23920948 1
2220 4358 23920958 1
2179 4328 23920968 1
2179 4317 23920978 1
2193 4286 23920988 1
2255 4265 23920998 1
2346 4252 23921008 1
2480 4273 23921018 1
2632 4308 23921028 1
2797 4353 23921038 1
2942 4417 23921048 1
3088 4483 23921058 1
3207 4551 23921068 1
3308 4597 23921078 1
3372 4639 23921088 1
3402 4665 23921098 1
3410 4681 23921108 1
3400 4681 23921118 1
3375 4661 23921128 1
3340 4623 23921138 1
3290 4548 23921148 1
3240 4449 23921158 1
3184 4335 23921168 1
3122 4210 23921178 1
3060 4095 23921188 1
3021 4020 23921198 1
2998 3968 23921208 1
2998 3962 23921218 1
3003 3977 23921228 1
3018 4006 23921238 1
3074 4089 23921248 1
3156 4203 23921258 1
3238 4337 23921268 1
3332 4453 23921278 1
3435 4522 23921288 1
3526 4560 23921298 1
3604 4566 23921308 1
3672 4541 23921318 1
3725 4495 23921328 1
3757 4435 23921338 1
3776 4362 23921348 1
3792 4280 23921358 1
3810 4205 23921368 1
3834 4153 23921378 1
3864 4116 23921388 1
3901 4108 23921398 1
3955 4130 23921408 1
4021 4173 23921418 1
4107 4246 23921428 1
4213 4345 23921438 1
4333 4461 23921448 1
4459 4577 23921458 1
4584 4688 23921468 1
4708 4789 23921470 1
4805 4883 23921480 1
4884 4948 23921490 1
4934 4996 23921500 1
4958 5018 23921510 1
4965 5018 23921520 1
4954 5018 23921530 1
4912 4990 23921540 1
4848 4928 23921550 1
4744 4841 23921560 1
4643 4734 23921570 1
4543 4648 23921580 1
4499 4575 23921590 1
4478 4521 23921600 1
4471 4488 23921610 1
4505 4469 23921620 1
4562 4459 23921630 1
4635 4459 23921640 1
4731 4467 23921650 1
4814 4461 23921660 1
4888 4451 23921670 1
4931 4438 23921680 1
4943 4406 23921690 1
4935 4354 23921700 1
4888 4289 23921710 1
4813 4214 23921720 1
4720 4147 23921730 1
4663 4121 23921740 1
4633 4121 23921750 1
4621 4141 23921760 1
4630 4205 23921770 1
4691 4298 23921780 1
4786 4412 23921790 1
4880 4534 23921800 1
4989 4661 23921810 1
5107 4792 23921820 1
5228 4923 23921830 1
5341 5055 23921840 1
5430 5143 23921850 1
5506 5202 23921860 1
5554 5241 23921870 1
5579 5259 23921880 1
5588 5254 23921890 1
5588 5235 23921900 1
5573 5177 23921910 1
5544 5083 23921920 1
5501 4965 23921930 1
5460 4831 23921940 1
5441 4709 23921950 1
5436 4594 23921960 1
5451 4505 23921970 1
5498 4451 23921980 1
5567 4420 23921990 1
5659 4420 23922000 1
5772 4454 23922010 1
5898 4511 23922020 1
5999 4585 23922030 1
6073 4653 23922040 1
6130 4718 23922050 1
6135 4768 23922060 1
6094 4815 23922070 1
6023 4854 23922080 1
5920 4881 23922090 1
5776 4872 23922100 1
5605 4840 23922110 1
5426 4758 23922120 1
5258 4700 23922130 1
5170 4659 23922140 1
5131 4646 23922150 1
5131 4641 23922160 1
5172 4641 23922170 1
5246 4652 23922180 1
5396 4684 23922190 1
5568 4732 23922200 1
5754 4784 23922210 1
5937 4840 23922220 1
6098 4898 23922230 1
6243 4943 23922240 1
6366 4984 23922250 1
6451 5008 23922260 1
6511 5021 23922270 1
6539 5021 23922280 1
6539 5010 23922290 1
6526 4994 23922300 1
6498 4974 23922310 1
6465 4958 23922320 1
6428 4943 23922330 1
6397 4932 23922340 1
6380 4923 23922350 1
6372 4915 23922360 1
6372 4893 23922370 1
6372 4848 23922380 1
6372 4789 23922390 1
6372 4720 23922400 1
6380 4650 23922410 1
6380 4576 23922420 1
6380 4518 23922430 1
6380 4470 23922440 1
6380 4452 23922450 1
6380 4452 23922460 1
6385 4464 23922470 1
6385 4506 23922471 1
6413 4575 23922481 1
6444 4661 23922491 1
6495 4739 23922501 1
6558 4815 23922511 1
6637 4883 23922521 1
6736 4933 23922531 1
6849 4972 23922541 1
6950 4995 23922551 1
7045 5013 23922561 1
7137 5024 23922571 1
7225 5031 23922581 1
7293 5031 23922591 1
7348 5031 23922601 1
7384 5031 23922611 1
7398 5031 23922621 1
7398 5031 23922631 1
7376 5031 23922641 1
7339 5038 23922651 1
7291 5053 23922661 1
7247 5074 23922671 1
7205 5074 23922681 1
7164 5074 23922691 1
7141 5057 23922701 1
7119 5036 23922711 1
7102 4993 23922721 1
7087 4935 23922731 1
7077 4850 23922741 1
7070 4766 23922751 1
7070 4689 23922761 1
7070 4637 23922771 1
7084 4599 23922781 1
7105 4582 23922791 1
7132 4592 23922801 1
7174 4620 23922811 1
7227 4679 23922812 1
7284 4753 23922822 1
7339 4837 23922832 1
7393 4904 23922842 1
7429 4935 23922852 1
7454 4943 23922862 1
7471 4925 23922872 1
7491 4889 23922882 1
7511 4840 23922892 1
7534 4791 23922902 1
7559 4744 23922912 1
7590 4719 23922922 1
7625 4707 23922932 1
7669 4714 23922942 1
7730 4746 23922952 1
7801 4795 23922962 1
7887 4861 23922972 1
7969 4937 23922982 1
8048 5020 23922992 1
8113 5070 23923002 1
8160 5084 23923012 1
8195 5074 23923022 1
8220 5049 23923032 1
8239 5003 23923042 1
8253 4943 23923052 1
8260 4873 23923062 1
8260 4804 23923072 1
8260 4738 23923082 1
8268 4691 23923092 1
8274 4655 23923102 1
8283 4647 23923112 1
8291 4658 23923122 1
8303 4681 23923132 1
8317 4738 23923142 1
8339 4828 23923152 1
8407 5165 23923192 0
8459 5354 23923202 1
8469 5400 23923212 1
8476 5428 23923222 1
8486 5446 23923232 1
8501 5452 23923242 1
8520 5452 23923252 1
8545 5440 23923262 1
8767 5392 23923333 0
8886 5370 23923343 1
8901 5364 23923353 1
8894 5364 23923363 1
8903 5355 23923373 1
8912 5342 23923383 1
8920 5311 23923393 1
8926 5269 23923403 1
8935 5212 23923413 1
8944 5133 23923423 1
8953 5039 23923433 1
8961 4942 23923443 1
8972 4845 23923453 1
8983 4771 23923463 1
9000 4712 23923473 1
9023 4689 23923483 1
9050 4694 23923493 1
9079 4717 23923503 1
9114 4758 23923513 1
9153 4809 23923523 1
9191 4866 23923533 1
9231 4927 23923543 1
9271 4990 23923553 1
9301 5054 23923563 1
9325 5105 23923573 1
9341 5136 23923583 1
9348 5154 23923593 1
9348 5154 23923603 1
9348 5154 23923613 1
9356 5154 23923623 1
9367 5135 23923633 1
9383 5109 23923643 1
9402 5073 23923653 1
9426 5034 23923663 1
9453 4990 23923673 1
9482 4940 23923683 1
9504 4892 23923693 1
9521 4853 23923703 1
9529 4819 23923713 1
9534 4792 23923723 1
9534 4786 23923733 1
9542 4795 23923743 1
9556 4833 23923753 1
9592 4902 23923763 1
9640 4991 23923773 1
9703 5106 23923783 1
9767 5201 23923793 1
9817 5284 23923803 1
9858 5332 23923813 1
9881 5359 23923823 1
9888 5371 23923833 1
9888 5365 23923843 1
9877 5355 23923853 1
9863 5306 23923863 1
9844 5232 23923873 1
9832 5156 23923883 1
9841 5082 23923883 1
9863 5024 23923893 1
9905 4976 23923903 1
9950 4950 23923913 1
10003 4950 23923923 1
10045 4958 23923933 1
10080 4985 23923943 1
10092 5016 23923953 1
10075 5050 23923963 1
10038 5086 23923973 1
9970 5133 23923983 1
9874 5188 23923993 1
9758 5231 23924003 1
9668 5249 23924013 1
9608 5249 23924023 1
9567 5249 23924033 1
9567 5249 23924043 1
9608 5241 23924053 1
9674 5230 23924063 1
9811 5235 23924074 1
10028 5251 23924084 1
10298 5298 23924094 1
