359
2597 4614 70536636 0
2578 4669 70536646 1
2558 4690 70536656 1
2533 4710 70536666 1
2473 4727 70536676 1
2417 4738 70536686 1
2363 4738 70536696 1
2308 4738 70536706 1
2262 4720 70536716 1
2206 4679 70536726 1
2142 4622 70536736 1
2080 4543 70536746 1
2023 4439 70536756 1
1986 4318 70536766 1
1960 4181 70536776 1
1945 4052 70536786 1
1954 3928 70536796 1
1979 3825 70536806 1
2034 3744 70536816 1
2109 3678 70536826 1
2197 3654 70536836 1
2294 3661 70536846 1
2414 3688 70536856 1
2550 3758 70536866 1
2693 3842 70536876 1
2795 3936 70536886 1
2870 4006 70536896 1
2921 4058 70536906 1
2940 4097 70536916 1
2940 4107 70536926 1
2921 4115 70536936 1
2892 4115 70536946 1
2855 4115 70536956 1
2817 4109 70536966 1
2785 4104 70536976 1
2765 4104 70536986 1
2756 4114 70536996 1
2756 4129 70537006 1
2764 4163 70537016 1
2782 4211 70537026 1
2808 4268 70537036 1
2841 4336 70537046 1
2882 4411 70537056 1
2932 4472 70537066 1
3004 4530 70537076 1
3090 4572 70537086 1
3196 4604 70537096 1
3293 4616 70537106 1
3383 4623 70537116 1
3454 4606 70537126 1
3502 4575 70537136 1
3534 4512 70537146 1
3541 4423 70537156 1
3526 4318 70537166 1
3497 4218 70537176 1
3459 4132 70537186 1
3413 4056 70537196 1
3362 4005 70537206 1
3314 3982 70537216 1
3269 3982 70537226 1
3226 3997 70537236 1
3199 4031 70537246 1
3194 4076 70537256 1
3203 4113 70537266 1
3230 4148 70537276 1
3275 4177 70537286 1
3331 4204 70537296 1
3402 4239 70537306 1
3490 4279 70537316 1
3588 4324 70537326 1
3712 4378 70537336 1
3821 4438 70537346 1
3920 4479 70537356 1
3996 4499 70537366 1
4051 4504 70537376 1
4092 4494 70537386 1
4120 4461 70537396 1
4132 4412 70537406 1
4132 4346 70537416 1
4117 4280 70537426 1
4098 4214 70537436 1
4077 4155 70537446 1
4059 4101 70537456 1
4045 4059 70537466 1
4045 4041 70537476 1
4045 4041 70537486 1
4058 4041 70537496 1
4101 4085 70537506 1
4163 4147 70537516 1
4249 4236 70537526 1
4337 4332 70537536 1
4425 4432 70537546 1
4499 4495 70537556 1
4563 4531 70537566 1
4600 4548 70537576 1
4614 4530 70537586 1
4614 4483 70537596 1
4595 4418 70537606 1
4578 4335 70537616 1
4560 4259 70537626 1
4560 4189 70537636 1
4565 4137 70537646 1
4592 4106 70537656 1
4631 4088 70537666 1
4705 4105 70537676 1
4800 4152 70537686 1
4909 4220 70537696 1
5020 4312 70537706 1
5131 4408 70537716 1
5244 4508 70537726 1
5336 4587 70537736 1
5413 4646 70537746 1
5463 4692 70537756 1
5480 4706 70537766 1
5475 4706 70537776 1
5462 4691 70537786 1
5430 4659 70537796 1
5385 4601 70537806 1
5340 4525 70537816 1
5305 4455 70537826 1
5298 4385 70537836 1
5305 4313 70537846 1
5328 4250 70537856 1
5356 4192 70537866 1
5388 4141 70537876 1
5419 4092 70537886 1
5435 4044 70537896 1
5441 4000 70537906 1
5427 3960 70537916 1
5394 3922 70537926 1
5347 3900 70537936 1
5294 3900 70537946 1
5244 3915 70537956 1
5203 3952 70537966 1
5197 4006 70537976 1
5212 4072 70537986 1
5257 4134 70537996 1
5315 4196 70538006 1
5382 4258 70538016 1
5451 4323 70538026 1
5521 4390 70538036 1
5596 4463 70538046 1
5684 4543 70538056 1
5781 4628 70538066 1
5880 4730 70538076 1
5975 4851 70538086 1
6052 4986 70538096 1
6117 5086 70538106 1
6167 5152 70538116 1
6192 5195 70538126 1
6199 5202 70538136 1
6199 5202 70538146 1
6185 5180 70538156 1
6166 5139 70538166 1
6129 5064 70538176 1
6090 4973 70538186 1
6050 4871 70538196 1
6007 4733 70538206 1
5960 4592 70538216 1
5910 4444 70538226 1
5878 4293 70538236 1
5865 4141 70538246 1
5865 4035 70538238 1
5883 3967 70538248 1
5907 3925 70538258 1
5944 3911 70538268 1
5997 3939 70538278 1
6059 3995 70538288 1
6119 4071 70538298 1
6149 4147 70538308 1
6160 4223 70538318 1
6141 4311 70538328 1
5988 4583 70538368 0
5865 4740 70538378 1
5802 4782 70538388 1
5746 4804 70538398 1
5713 4804 70538408 1
5692 4804 70538418 1
5692 4804 70538428 1
5731 4799 70538438 1
5792 4810 70538448 1
5901 4830 70538458 1
6010 4854 70538468 1
6118 4873 70538478 1
6234 4886 70538488 1
6354 4897 70538498 1
6741 4729 70538749 0
6774 4729 70538759 1
6783 4735 70538769 1
6783 4748 70538779 1
6798 4725 70538789 1
6809 4678 70538799 1
6809 4615 70538809 1
6794 4534 70538819 1
6769 4442 70538829 1
6745 4343 70538839 1
6724 4264 70538849 1
6709 4212 70538859 1
6699 4178 70538869 1
6699 4169 70538879 1
6699 4178 70538889 1
6699 4199 70538899 1
6721 4265 70538909 1
6755 4356 70538919 1
6816 4464 70538929 1
6882 4556 70538939 1
6946 4630 70538949 1
7007 4692 70538959 1
7066 4728 70538969 1
7135 4746 70538979 1
7612 4746 70539049 0
7740 4743 70539059 1
7767 4754 70539069 1
7777 4754 70539079 1
7752 4749 70539089 1
7705 4743 70539099 1
7644 4735 70539109 1
7580 4708 70539119 1
7517 4663 70539129 1
7457 4606 70539139 1
7401 4525 70539149 1
7351 4440 70539159 1
7326 4362 70539169 1
7317 4292 70539179 1
7333 4251 70539189 1
7371 4236 70539199 1
7424 4236 70539209 1
7488 4269 70539219 1
7553 4326 70539229 1
7621 4401 70539239 1
7675 4473 70539249 1
7721 4544 70539259 1
7763 4615 70539269 1
7792 4668 70539279 1
7812 4691 70539289 1
7812 4691 70539299 1
7817 4684 70539309 1
7817 4643 70539319 1
7811 4582 70539329 1
7811 4513 70539339 1
7817 4447 70539349 1
7855 4392 70539359 1
7913 4343 70539369 1
7983 4320 70539379 1
8064 4327 70539389 1
8148 4354 70539399 1
8239 4400 70539410 1
8332 4459 70539420 1
8428 4526 70539430 1
8503 4575 70539440 1
8564 4618 70539450 1
8598 4629 70539460 1
8611 4622 70539470 1
8611 4598 70539480 1
8611 4554 70539490 1
8591 4498 70539500 1
8568 4447 70539510 1
8549 4400 70539520 1
8531 4357 70539530 1
8516 4325 70539540 1
8504 4310 70539550 1
8491 4310 70539560 1
8478 4310 70539570 1
8470 4346 70539580 1
8469 4715 70539630 0
8490 4953 70539640 1
8495 5006 70539650 1
8500 5027 70539660 1
8506 5027 70539670 1
8520 5021 70539680 1
8547 4999 70539690 1
8578 4966 70539700 1
8607 4918 70539710 1
8946 4750 70539780 0
9038 4745 70539790 1
9058 4738 70539800 1
9058 4713 70539810 1
9045 4676 70539820 1
9033 4631 70539830 1
9008 4581 70539840 1
8973 4520 70539850 1
8944 4460 70539860 1
8916 4401 70539870 1
8891 4347 70539880 1
8872 4309 70539890 1
8866 4282 70539900 1
8866 4282 70539910 1
8876 4300 70539920 1
8915 4333 70539930 1
8974 4407 70539940 1
9041 4492 70539950 1
9111 4585 70539960 1
9188 4665 70539970 1
9251 4712 70539980 1
9306 4738 70539990 1
9341 4738 70540000 1
9353 4716 70540010 1
9353 4675 70540020 1
9327 4607 70540030 1
9306 4536 70540040 1
9285 4458 70540050 1
9277 4373 70540060 1
9277 4284 70540070 1
9277 4217 70540080 1
9300 4181 70540090 1
9332 4165 70540100 1
9379 4181 70540110 1
9454 4239 70540120 1
9547 4326 70540130 1
9650 4445 70540140 1
9754 4575 70540150 1
9862 4712 70540160 1
9956 4859 70540170 1
10040 5004 70540180 1
10112 5142 70540190 1
10146 5217 70540200 1
10154 5251 70540210 1
10159 5266 70540220 1
10152 5255 70540230 1
10136 5227 70540240 1
10097 5163 70540250 1
10044 5072 70540260 1
9982 4962 70540270 1
9905 4824 70540280 1
9829 4684 70540290 1
9770 4553 70540300 1
9723 4430 70540310 1
9706 4311 70540320 1
9724 4228 70540330 1
9766 4170 70540340 1
9833 4135 70540350 1
9919 4128 70540360 1
10018 4141 70540370 1
10107 4175 70540380 1
10189 4229 70540390 1
10265 4297 70540400 1
10331 4381 70540410 1
10387 4481 70540420 1
10437 4592 70540430 1
10461 4707 70540440 1
10461 4829 70540450 1
10436 4957 70540460 1
10373 5039 70540470 1
10291 5087 70540480 1
10195 5112 70540490 1
10091 5112 70540500 1
9993 5105 70540510 1
9898 5095 70540520 1
9851 5086 70540530 1
9839 5086 70540540 1
9850 5086 70540550 1
9868 5074 70540560 1
9913 5067 70540570 1
9975 5067 70540580 1
10050 5067 70540590 1
10128 5060 70540600 1
10212 5060 70540610 1
10325 5069 70540620 1
10458 5069 70540630 1
