629
3112 5552 34201499 0
3112 5552 34201509 1
3112 5552 34201519 1
3112 5599 34201529 1
3112 5599 34201539 1
3112 5604 34201549 1
3112 5604 34201559 1
3112 5610 34201569 1
3105 5615 34201579 1
3105 5622 34201589 1
3099 5622 34201599 1
3099 5627 34201609 1
3099 5627 34201619 1
3099 5627 34201629 1
3099 5633 34201639 1
3092 5633 34201649 1
3092 5638 34201659 1
3085 5638 34201669 1
3085 5638 34201679 1
3075 5644 34201689 1
3067 5644 34201699 1
3053 5649 34201709 1
3036 5649 34201719 1
3016 5649 34201729 1
2992 5649 34201739 1
2961 5649 34201749 1
2924 5639 34201759 1
2890 5632 34201769 1
2859 5625 34201779 1
2834 5617 34201789 1
2811 5608 34201799 1
2785 5592 34201809 1
2750 5569 34201819 1
2710 5524 34201829 1
2656 5465 34201839 1
2598 5391 34201849 1
2537 5302 34201859 1
2468 5204 34201869 1
2403 5104 34201879 1
2336 5001 34201889 1
2267 4877 34201899 1
2205 4741 34201909 1
2160 4626 34201919 1
2126 4508 34201929 1
2092 4380 34201939 1
2092 4247 34201949 1
2107 4149 34201959 1
2163 4066 34201969 1
2222 3992 34201979 1
2288 3944 34201989 1
2344 3912 34201999 1
2394 3891 34202009 1
2436 3882 34202019 1
2480 3891 34202029 1
2531 3913 34202039 1
2609 3978 34202049 1
2703 4064 34202059 1
2790 4164 34202069 1
2877 4283 34202079 1
2963 4414 34202089 1
3037 4554 34202099 1
3105 4686 34202109 1
3174 4812 34202119 1
3230 4934 34202129 1
3276 4997 34202139 1
3332 5058 34202149 1
3392 5114 34202159 1
3460 5164 34202169 1
3540 5214 34202179 1
3632 5263 34202189 1
3731 5311 34202199 1
3796 5339 34202209 1
3826 5352 34202219 1
3833 5352 34202229 1
3833 5352 34202239 1
3821 5352 34202249 1
3809 5327 34202259 1
3772 5295 34202269 1
3716 5262 34202279 1
3646 5225 34202289 1
3547 5179 34202299 1
3433 5122 34202309 1
3309 5041 34202319 1
3193 4945 34202329 1
3082 4810 34202339 1
3002 4655 34202349 1
2941 4488 34202359 1
2900 4297 34202369 1
2885 4127 34202379 1
2885 3972 34202389 1
2909 3880 34202399 1
2936 3814 34202409 1
2973 3765 34202419 1
3015 3743 34202429 1
3061 3755 34202439 1
3109 3790 34202449 1
3159 3861 34202459 1
3200 3954 34202469 1
3234 4062 34202479 1
3265 4208 34202489 1
3294 4382 34202499 1
3322 4574 34202509 1
3333 4742 34202519 1
3333 4905 34202529 1
3333 5010 34202539 1
3316 5078 34202549 1
3300 5169 34202559 1
3281 5216 34202569 1
3269 5234 34202579 1
3261 5240 34202589 1
3261 5240 34202599 1
3261 5234 34202609 1
3279 5180 34202619 1
3301 5095 34202629 1
3330 4985 34202639 1
3365 4881 34202649 1
3407 4780 34202659 1
3460 4718 34202669 1
3521 4678 34202679 1
3579 4652 34202689 1
3639 4646 34202699 1
3699 4667 34202709 1
3779 4705 34202719 1
3864 4784 34202729 1
3958 4897 34202739 1
4057 5032 34202749 1
4162 5165 34202759 1
4265 5289 34202769 1
4330 5370 34202779 1
4371 5426 34202789 1
4391 5453 34202799 1
4398 5462 34202809 1
4398 5462 34202819 1
4398 5462 34202829 1
4398 5462 34202839 1
4398 5457 34202849 1
4398 5457 34202859 1
4398 5446 34202869 1
4393 5392 34202879 1
4373 5308 34202889 1
4340 5171 34202899 1
4281 4999 34202909 1
4208 4803 34202919 1
4126 4625 34202929 1
4085 4498 34202939 1
4067 4405 34202949 1
4067 4338 34202959 1
4067 4295 34202969 1
4067 4267 34202979 1
4067 4267 34202989 1
4067 4279 34202999 1
4076 4294 34203009 1
4090 4383 34203019 1
4134 4515 34203029 1
4198 4677 34203039 1
4275 4871 34203049 1
4374 5054 34203059 1
4474 5229 34203069 1
4557 5350 34203079 1
4627 5430 34203089 1
4685 5483 34203099 1
4732 5510 34203109 1
4771 5510 34203119 1
4817 5502 34203129 1
4863 5469 34203139 1
4900 5404 34203149 1
4930 5317 34203159 1
4938 5215 34203169 1
4922 5091 34203179 1
4891 4952 34203189 1
4844 4790 34203199 1
4797 4654 34203209 1
4749 4535 34203219 1
4731 4455 34203229 1
4731 4398 34203239 1
4741 4356 34203249 1
4750 4337 34203259 1
4760 4331 34203269 1
4774 4331 34203279 1
4796 4360 34203289 1
4836 4426 34203299 1
4887 4518 34203309 1
4948 4640 34203319 1
5032 4796 34203329 1
5132 4976 34203339 1
5260 5151 34203349 1
5379 5302 34203359 1
5491 5437 34203369 1
5581 5523 34203379 1
5671 5605 34203389 1
5745 5663 34203399 1
5808 5707 34203409 1
5847 5730 34203419 1
5872 5748 34203429 1
5888 5755 34203439 1
5895 5748 34203449 1
5905 5732 34203459 1
5922 5705 34203469 1
5936 5649 34203479 1
5931 5573 34203489 1
5913 5461 34203499 1
5872 5320 34203509 1
5818 5159 34203519 1
5756 5007 34203529 1
5695 4868 34203539 1
5652 4737 34203549 1
5621 4647 34203559 1
5583 4571 34203569 1
5546 4505 34203579 1
5513 4467 34203589 1
5486 4456 34203599 1
5464 4463 34203609 1
5432 4492 34203619 1
5393 4559 34203629 1
5373 4651 34203639 1
5357 4738 34203649 1
5351 4793 34203659 1
5345 4827 34203669 1
5337 4827 34203679 1
5337 4827 34203689 1
5337 4827 34203699 1
5337 4827 34203709 1
5337 4803 34203719 1
5350 4764 34203729 1
5365 4709 34203739 1
5393 4637 34203749 1
5430 4553 34203759 1
5472 4466 34203769 1
5515 4393 34203779 1
5561 4330 34203789 1
5607 4294 34203799 1
5653 4282 34203809 1
5700 4287 34203819 1
5765 4329 34203829 1
5842 4399 34203839 1
5913 4488 34203849 1
5986 4603 34203859 1
6061 4752 34203869 1
6129 4924 34203879 1
6192 5099 34203889 1
6251 5294 34203899 1
6310 5503 34203909 1
6365 5702 34203919 1
6418 5900 34203929 1
6467 6069 34203939 1
6517 6219 34203949 1
6561 6354 34203959 1
6600 6456 34203969 1
6625 6535 34203979 1
6634 6568 34203989 1
6634 6577 34203999 1
6634 6571 34204009 1
6634 6571 34204019 1
6634 6571 34204029 1
6625 6558 34204039 1
6616 6518 34204049 1
6595 6460 34204059 1
6565 6365 34204069 1
6514 6231 34204079 1
6446 6070 34204089 1
6367 5869 34204099 1
6291 5675 34204109 1
6218 5485 34204119 1
6168 5277 34204129 1
6131 5078 34204139 1
6094 4884 34204149 1
6080 4713 34204159 1
6080 4604 34204169 1
6102 4537 34204179 1
6133 4497 34204189 1
6171 4488 34204199 1
6205 4500 34204209 1
6243 4547 34204219 1
6295 4617 34204229 1
6353 4702 34204239 1
6412 4799 34204249 1
6473 4916 34204259 1
6550 5047 34204269 1
6636 5170 34204279 1
6712 5289 34204289 1
6756 5361 34204299 1
6779 5403 34204309 1
6784 5423 34204319 1
6784 5431 34204329 1
6784 5431 34204339 1
6784 5431 34204349 1
6784 5438 34204359 1
6784 5438 34204369 1
6784 5438 34204379 1
6784 5438 34204389 1
6784 5443 34204399 1
6784 5443 34204409 1
6784 5443 34204419 1
6784 5443 34204429 1
6784 5443 34204439 1
6784 5443 34204449 1
6784 5443 34204459 1
6784 5443 34204469 1
6784 5443 34204479 1
6784 5443 34204489 1
6784 5448 34204499 1
6784 5448 34204509 1
6784 5448 34204519 1
6784 5448 34204529 1
6784 5448 34204539 1
6784 5448 34204549 1
6784 5448 34204559 1
6784 5448 34204569 1
6776 5458 34204579 1
6764 5469 34204589 1
6735 5492 34204599 1
6695 5524 34204609 1
6628 5556 34204619 1
6531 5584 34204629 1
6415 5605 34204639 1
6286 5621 34204649 1
6183 5632 34204659 1
6097 5641 34204669 1
6042 5649 34204679 1
6006 5657 34204689 1
5982 5662 34204699 1
5971 5662 34204709 1
5963 5668 34204719 1
5963 5668 34204729 1
5963 5668 34204739 1
5963 5668 34204749 1
5997 5668 34204759 1
6044 5660 34204769 1
6156 5668 34204779 1
6311 5686 34204789 1
6495 5708 34204799 1
6665 5728 34204809 1
6815 5747 34204819 1
6951 5758 34204829 1
7033 5767 34204839 1
7087 5767 34204849 1
7121 5773 34204859 1
7143 5773 34204869 1
7158 5778 34204879 1
7167 5783 34204889 1
7172 5783 34204899 1
7178 5783 34204909 1
7178 5783 34204919 1
7178 5783 34204929 1
7178 5783 34204939 1
7178 5783 34204949 1
7178 5772 34204959 1
7161 5716 34204969 1
7128 5630 34204979 1
7083 5505 34204989 1
7019 5348 34204999 1
6941 5171 34205009 1
6870 5019 34205019 1
6802 4892 34205029 1
6757 4781 34205039 1
6725 4708 34205049 1
6712 4663 34205059 1
6712 4638 34205069 1
6718 4632 34205079 1
6727 4637 34205089 1
6739 4649 34205099 1
6780 4711 34205109 1
6840 4810 34205119 1
6899 4933 34205129 1
6965 5063 34205139 1
7041 5182 34205149 1
7129 5332 34205159 1
7224 5507 34205169 1
7300 5584 34205179 1
7358 5637 34205189 1
7403 5674 34205199 1
7424 5688 34205209 1
7434 5693 34205219 1
7434 5693 34205229 1
7434 5688 34205239 1
7442 5683 34205249 1
7451 5674 34205259 1
7461 5636 34205269 1
7461 5580 34205279 1
7461 5498 34205289 1
7468 5403 34205299 1
7477 5300 34205309 1
7512 5231 34205319 1
7561 5187 34205329 1
7627 5161 34205339 1
7696 5161 34205349 1
7773 5175 34205359 1
7853 5207 34205369 1
7933 5242 34205379 1
7995 5285 34205389 1
8048 5334 34205399 1
8125 5411 34205409 1
8204 5485 34205419 1
8268 5525 34205429 1
8322 5543 34205439 1
8367 5551 34205449 1
8389 5551 34205459 1
8395 5551 34205469 1
8395 5551 34205479 1
8390 5551 34205489 1
8377 5551 34205499 1
8331 5563 34205509 1
8256 5570 34205519 1
8162 5570 34205529 1
8065 5551 34205539 1
7965 5512 34205549 1
7863 5435 34205559 1
7755 5316 34205569 1
7647 5168 34205579 1
7539 5010 34205554 1
7433 4851 34205564 1
7386 4746 34205574 1
7377 4677 34205584 1
7396 4643 34205594 1
7440 4643 34205604 1
7501 4659 34205614 1
7596 4722 34205624 1
7703 4809 34205634 1
7818 4913 34205644 1
7930 5024 34205654 1
8038 5146 34205664 1
8135 5275 34205674 1
8224 5406 34205684 1
8293 5524 34205694 1
8325 5578 34205704 1
8332 5594 34205714 1
8332 5594 34205724 1
8332 5600 34205734 1
8332 5600 34205744 1
8332 5600 34205754 1
8332 5600 34205764 1
8332 5600 34205774 1
8332 5600 34205784 1
8332 5600 34205794 1
8338 5600 34205804 1
8338 5600 34205814 1
8338 5600 34205824 1
8338 5593 34205834 1
8329 5581 34205844 1
8310 5539 34205854 1
8266 5478 34205864 1
8191 5368 34205874 1
8094 5222 34205884 1
7979 5053 34205894 1
7856 4863 34205904 1
7727 4716 34205914 1
7680 4597 34205924 1
7680 4530 34205934 1
7701 4487 34205944 1
7745 4459 34205954 1
7810 4459 34205964 1
7889 4498 34205974 1
7995 4563 34205984 1
8106 4658 34205985 1
8227 4794 34205995 1
8376 4958 34206005 1
8542 5128 34206015 1
8699 5293 34206025 1
8825 5452 34206035 1
8930 5543 34206045 1
8963 5590 34206055 1
8974 5607 34206065 1
8969 5619 34206075 1
8969 5624 34206085 1
8969 5624 34206095 1
8945 5611 34206105 1
8913 5533 34206115 1
8850 5412 34206125 1
8791 5245 34206135 1
8741 5084 34206145 1
8716 4928 34206155 1
8708 4804 34206165 1
8740 4725 34206175 1
8789 4676 34206185 1
8850 4662 34206195 1
8933 4673 34206205 1
9017 4701 34206215 1
9101 4744 34206225 1
9154 4810 34206235 1
9190 4891 34206245 1
9197 4977 34206255 1
8479 6193 34206366 0
8442 6081 34206376 1
8442 6116 34206386 1
8451 6116 34206396 1
8492 6099 34206406 1
8525 6099 34206416 1
8552 6099 34206426 1
8598 6099 34206436 1
8654 6099 34206446 1
8717 6074 34206456 1
9388 5228 34206826 0
9490 5247 34206836 1
9480 5269 34206846 1
9485 5269 34206856 1
9485 5262 34206866 1
9485 5257 34206876 1
9455 5201 34206886 1
9397 5093 34206896 1
9320 4950 34206906 1
9254 4802 34206916 1
9193 4666 34206926 1
9130 4548 34206936 1
9063 4439 34206946 1
9021 4357 34206956 1
8996 4306 34206966 1
8982 4275 34206976 1
8989 4275 34206986 1
8997 4306 34206996 1
9046 4359 34207006 1
9122 4463 34207016 1
9206 4590 34207026 1
9322 4732 34207036 1
9458 4913 34207046 1
9602 5071 34207056 1
9745 5215 34207066 1
9854 5318 34207076 1
9940 5370 34207086 1
9965 5387 34207096 1
9971 5387 34207106 1
9963 5369 34207116 1
9951 5345 34207126 1
9913 5247 34207136 1
9857 5123 34207146 1
9799 4983 34207156 1
9741 4829 34207166 1
9683 4688 34207176 1
9628 4557 34207186 1
9608 4469 34207196 1
9608 4406 34207206 1
9628 4360 34207216 1
9651 4341 34207226 1
9679 4354 34207236 1
9731 4388 34207246 1
9800 4464 34207256 1
9875 4564 34207266 1
9968 4681 34207276 1
10074 4842 34207286 1
10178 5015 34207296 1
10280 5197 34207306 1
10363 5371 34207316 1
10434 5541 34207326 1
10484 5679 34207336 1
10519 5798 34207346 1
10543 5884 34207356 1
10551 5931 34207366 1
10559 5951 34207376 1
10567 5960 34207386 1
10567 5968 34207396 1
10567 5968 34207406 1
10574 5975 34207416 1
10574 5975 34207426 1
10574 5975 34207436 1
10580 5981 34207446 1
10580 5981 34207456 1
10580 5981 34207466 1
10580 5981 34207476 1
10580 5981 34207486 1
10580 5981 34207496 1
10580 5981 34207506 1
10580 5981 34207516 1
10580 5981 34207526 1
10580 5981 34207536 1
10557 5944 34207546 1
10519 5866 34207556 1
10454 5760 34207566 1
10390 5655 34207576 1
10325 5522 34207586 1
10248 5370 34207596 1
10162 5167 34207606 1
10071 4959 34207616 1
9992 4742 34207626 1
9946 4573 34207636 1
9917 4435 34207646 1
9923 4312 34207656 1
9950 4219 34207666 1
9990 4146 34207676 1
10088 4084 34207686 1
10163 4070 34207696 1
10222 4089 34207706 1
10303 4114 34207716 1
10390 4165 34207726 1
10475 4233 34207736 1
10556 4327 34207746 1
10613 4428 34207756 1
10630 4535 34207766 1
10621 4614 34207776 1
10584 4679 34207786 1
10530 4734 34207796 1
10465 4795 34207806 1
10375 4861 34207816 1
10279 4930 34207826 1
10178 4999 34207836 1
10086 5066 34207846 1
10027 5128 34207856 1
9989 5186 34207866 1
9968 5239 34207876 1
9951 5288 34207886 1
9939 5335 34207896 1
9927 5367 34207906 1
9911 5391 34207916 1
9891 5407 34207926 1
9874 5421 34207936 1
9865 5429 34207946 1
9865 5429 34207956 1
9873 5429 34207966 1
9934 5429 34207976 1
10033 5429 34207986 1
10197 5422 34207996 1
10406 5422 34208006 1
10644 5422 34208016 1
10882 5448 34208026 1
11086 5478 34208036 1
11268 5511 34208046 1
11362 5530 34208056 1
11400 5547 34208066 1
11400 5552 34208076 1
11400 5552 34208086 1
11391 5552 34208096 1
11380 5561 34208106 1
11369 5561 34208116 1
11356 5568 34208126 1
11343 5568 34208136 1
11330 5573 34208146 1
11322 5573 34208156 1
11316 5579 34208166 1
11304 5584 34208176 1
11289 5591 34208186 1
11268 5597 34208196 1
