632
2036 5545 34180819 0
2091 5578 34180829 1
2097 5585 34180839 1
2107 5609 34180849 1
2124 5631 34180859 1
2138 5652 34180869 1
2138 5669 34180879 1
2138 5675 34180889 1
2138 5680 34180899 1
2138 5686 34180909 1
2138 5686 34180919 1
2129 5686 34180929 1
2116 5686 34180939 1
2092 5686 34180949 1
2060 5673 34180959 1
2008 5634 34180969 1
1944 5576 34180979 1
1871 5511 34180989 1
1802 5423 34180999 1
1727 5320 34181009 1
1649 5206 34181019 1
1572 5075 34181029 1
1499 4933 34181039 1
1447 4772 34181049 1
1407 4643 34181059 1
1385 4535 34181069 1
1380 4439 34181079 1
1385 4354 34181089 1
1399 4277 34181099 1
1418 4222 34181109 1
1446 4188 34181119 1
1481 4167 34181129 1
1534 4167 34181139 1
1597 4214 34181149 1
1689 4286 34181159 1
1780 4389 34181169 1
1871 4508 34181179 1
1971 4637 34181189 1
2088 4784 34181199 1
2216 4927 34181209 1
2340 5032 34181219 1
2466 5113 34181229 1
2612 5169 34181239 1
2770 5222 34181249 1
2909 5259 34181250 1
3051 5286 34181260 1
3199 5311 34181270 1
3321 5333 34181280 1
3426 5349 34181290 1
3509 5362 34181300 1
3558 5370 34181310 1
3583 5370 34181320 1
3583 5370 34181330 1
3583 5370 34181340 1
3583 5370 34181350 1
3555 5370 34181360 1
3495 5370 34181370 1
3411 5359 34181380 1
3307 5338 34181390 1
3205 5318 34181400 1
3109 5297 34181410 1
3017 5268 34181420 1
2925 5213 34181430 1
2825 5142 34181440 1
2719 5047 34181450 1
2617 4921 34181460 1
2521 4775 34181470 1
2451 4630 34181480 1
2397 4495 34181490 1
2369 4366 34181500 1
2361 4257 34181510 1
2367 4187 34181520 1
2397 4143 34181530 1
2428 4122 34181540 1
2462 4132 34181550 1
2516 4164 34181560 1
2583 4241 34181570 1
2669 4345 34181580 1
2754 4468 34181590 1
2837 4608 34181600 1
2924 4775 34181610 1
3012 4961 34181620 1
3098 5118 34181630 1
3170 5252 34181640 1
3234 5371 34181650 1
3274 5462 34181660 1
3305 5528 34181670 1
3329 5578 34181680 1
3329 5595 34181690 1
3329 5595 34181700 1
3329 5590 34181710 1
3329 5576 34181720 1
3310 5535 34181730 1
3287 5476 34181740 1
3270 5412 34181750 1
3249 5311 34181760 1
3222 5186 34181770 1
3191 5046 34181780 1
3149 4898 34181790 1
3128 4744 34181800 1
3121 4668 34181810 1
3135 4624 34181810 1
3135 4624 34181820 1
3180 4595 34181830 1
3206 4622 34181840 1
3270 4672 34181850 1
3348 4764 34181860 1
3436 4879 34181870 1
3546 5010 34181880 1
3688 5149 34181890 1
3850 5286 34181900 1
3968 5383 34181910 1
4060 5454 34181920 1
4134 5501 34181930 1
4185 5529 34181940 1
4208 5545 34181950 1
4208 5545 34181960 1
4208 5545 34181970 1
4208 5545 34181980 1
4208 5537 34181990 1
4186 5478 34182000 1
4158 5387 34182010 1
4102 5263 34182020 1
4031 5135 34182030 1
3951 4987 34182040 1
3867 4827 34182050 1
3785 4673 34182060 1
3709 4552 34182070 1
3669 4453 34182080 1
3653 4381 34182090 1
3653 4337 34182100 1
3653 4312 34182110 1
3653 4321 34182120 1
3660 4359 34182130 1
3701 4417 34182140 1
3765 4542 34182150 1
3836 4716 34182160 1
3946 4922 34182170 1
4081 5126 34182180 1
4240 5302 34182190 1
4370 5459 34182200 1
4480 5546 34182210 1
4539 5588 34182220 1
4573 5599 34182230 1
4589 5599 34182240 1
4616 5590 34182250 1
4644 5556 34182260 1
4675 5507 34182270 1
4683 5431 34182280 1
4675 5312 34182290 1
4614 5164 34182300 1
4532 5002 34182310 1
4437 4834 34182320 1
4363 4706 34182330 1
4334 4606 34182340 1
4334 4539 34182350 1
4348 4498 34182360 1
4370 4475 34182370 1
4398 4467 34182380 1
4432 4497 34182390 1
4492 4553 34182400 1
4568 4653 34182410 1
4671 4796 34182420 1
4803 4967 34182430 1
4953 5136 34182440 1
5095 5281 34182450 1
5221 5411 34182460 1
5335 5501 34182470 1
5428 5566 34182480 1
5500 5615 34182490 1
5558 5645 34182500 1
5604 5670 34182510 1
5626 5684 34182520 1
5632 5684 34182530 1
5643 5684 34182540 1
5653 5689 34182550 1
5664 5680 34182560 1
5679 5644 34182570 1
5690 5589 34182580 1
5676 5486 34182590 1
5647 5359 34182600 1
5616 5215 34182610 1
5566 5072 34182620 1
5504 4927 34182630 1
5418 4778 34182640 1
5331 4669 34182650 1
5242 4587 34182660 1
5186 4539 34182670 1
5160 4522 34182680 1
5154 4522 34182690 1
5136 4551 34182700 1
5122 4623 34182710 1
5115 4727 34182720 1
5115 4857 34182730 1
5127 4957 34182740 1
5121 5037 34182750 1
5114 5074 34182760 1
5107 5091 34182770 1
5107 5091 34182780 1
5107 5091 34182790 1
5107 5091 34182800 1
5107 5091 34182810 1
5107 5091 34182820 1
5107 5091 34182830 1
5107 5096 34182840 1
5107 5096 34182850 1
5107 5096 34182860 1
5107 5096 34182870 1
5107 5096 34182880 1
5101 5096 34182890 1
5101 5096 34182900 1
5101 5096 34182910 1
5101 5096 34182920 1
5101 5096 34182930 1
5101 5096 34182940 1
5101 5086 34182950 1
5107 5073 34182960 1
5113 5049 34182970 1
5118 5017 34182980 1
5118 4977 34182990 1
5131 4917 34183000 1
5140 4843 34183010 1
5150 4744 34183020 1
5161 4652 34183030 1
5171 4566 34183040 1
5180 4494 34183050 1
5189 4438 34183060 1
5199 4394 34183070 1
5213 4361 34183080 1
5226 4339 34183090 1
5238 4325 34183100 1
5258 4316 34183110 1
5279 4316 34183120 1
5304 4328 34183130 1
5341 4359 34183140 1
5385 4397 34183150 1
5412 4440 34183160 1
5422 4459 34183170 1
5422 4473 34183180 1
5422 4479 34183190 1
5422 4479 34183200 1
5422 4479 34183210 1
5422 4479 34183220 1
5422 4479 34183230 1
5422 4479 34183240 1
5422 4479 34183250 1
5422 4479 34183260 1
5422 4479 34183270 1
5422 4479 34183280 1
5422 4479 34183290 1
5422 4479 34183300 1
5422 4479 34183310 1
5434 4479 34183320 1
5458 4488 34183330 1
5492 4504 34183340 1
5547 4542 34183350 1
5607 4600 34183360 1
5688 4672 34183370 1
5781 4776 34183380 1
5878 4896 34183390 1
5954 5028 34183400 1
6015 5140 34183410 1
6076 5257 34183420 1
6134 5377 34183430 1
6189 5499 34183440 1
6257 5617 34183450 1
6330 5731 34183460 1
6398 5848 34183470 1
6460 5967 34183480 1
6516 6060 34183490 1
6563 6147 34183500 1
6605 6223 34183510 1
6639 6291 34183520 1
6661 6341 34183530 1
6675 6381 34183540 1
6692 6412 34183550 1
6700 6439 34183560 1
6700 6451 34183570 1
6709 6456 34183580 1
6709 6456 34183590 1
6709 6456 34183600 1
6709 6456 34183610 1
6709 6450 34183620 1
6709 6436 34183630 1
6701 6397 34183640 1
6672 6341 34183650 1
6625 6267 34183660 1
6566 6165 34183670 1
6473 6044 34183680 1
6365 5874 34183690 1
6246 5689 34183700 1
6124 5495 34183710 1
6023 5293 34183720 1
5935 5124 34183730 1
5866 4976 34183740 1
5801 4834 34183750 1
5745 4715 34183760 1
5705 4611 34183770 1
5675 4519 34183780 1
5655 4442 34183790 1
5637 4375 34183800 1
5632 4341 34183810 1
5632 4328 34183820 1
5632 4328 34183830 1
5639 4328 34183840 1
5639 4328 34183850 1
5664 4337 34183860 1
5697 4350 34183870 1
5738 4373 34183880 1
5788 4402 34183890 1
5846 4463 34183900 1
5909 4537 34183910 1
5953 4619 34183920 1
5985 4713 34183930 1
6009 4831 34183940 1
6022 4965 34183950 1
6022 5092 34183960 1
6017 5220 34183970 1
5994 5350 34183980 1
5952 5448 34183990 1
5898 5527 34184000 1
5841 5573 34184010 1
5786 5602 34184020 1
5732 5619 34184030 1
5699 5632 34184040 1
5681 5642 34184050 1
5673 5647 34184060 1
5673 5647 34184070 1
5673 5655 34184080 1
5679 5666 34184090 1
5728 5682 34184100 1
5804 5700 34184110 1
5942 5717 34184120 1
6140 5730 34184130 1
6379 5756 34184140 1
6634 5789 34184150 1
6826 5826 34184160 1
6977 5857 34184170 1
7022 5867 34184180 1
7032 5867 34184190 1
7019 5867 34184200 1
7019 5867 34184210 1
7005 5876 34184220 1
6988 5876 34184230 1
6970 5884 34184240 1
6962 5884 34184250 1
6956 5884 34184260 1
6956 5884 34184270 1
6956 5884 34184280 1
6935 5856 34184290 1
6904 5812 34184300 1
6856 5748 34184310 1
6801 5679 34184320 1
6741 5568 34184330 1
6653 5431 34184340 1
6548 5258 34184350 1
6432 5084 34184360 1
6322 4934 34184370 1
6247 4801 34184380 1
6195 4713 34184390 1
6167 4655 34184400 1
6156 4616 34184410 1
6156 4603 34184420 1
6156 4603 34184430 1
6156 4613 34184440 1
6183 4650 34184450 1
6220 4728 34184460 1
6280 4833 34184470 1
6361 4967 34184480 1
6457 5105 34184490 1
6568 5246 34184500 1
6656 5347 34184510 1
6728 5416 34184520 1
6776 5464 34184530 1
6799 5478 34184540 1
6805 5488 34184550 1
6813 5488 34184560 1
6823 5488 34184570 1
6837 5482 34184580 1
6855 5449 34184590 1
6872 5398 34184600 1
6880 5313 34184610 1
6880 5227 34184620 1
6887 5142 34184630 1
6906 5081 34184640 1
6935 5033 34184650 1
6985 4998 34184660 1
7039 4987 34184670 1
7111 4993 34184680 1
7194 5025 34184690 1
7283 5071 34184700 1
7354 5127 34184710 1
7414 5192 34184720 1
7471 5263 34184730 1
7511 5338 34184740 1
7540 5363 34184750 1
7560 5373 34184760 1
7587 5373 34184770 1
7624 5364 34184780 1
7664 5355 34184790 1
7707 5344 34184800 1
7747 5338 34184810 1
7768 5338 34184820 1
7778 5338 34184830 1
7778 5338 34184825 1
7778 5338 34184835 1
7769 5349 34184845 1
7758 5355 34184855 1
7736 5365 34184865 1
7692 5378 34184875 1
7634 5378 34184885 1
7568 5355 34184895 1
7481 5324 34184905 1
7381 5264 34184915 1
7274 5185 34184925 1
7175 5094 34184935 1
7094 4992 34184945 1
7023 4891 34184955 1
6966 4791 34184965 1
6945 4730 34184975 1
6945 4695 34184985 1
6962 4674 34184995 1
6999 4674 34185005 1
7050 4700 34185015 1
7137 4760 34185025 1
7218 4841 34185035 1
7294 4935 34185045 1
7391 5036 34185055 1
7484 5140 34185065 1
7574 5246 34185075 1
7644 5326 34185085 1
7682 5368 34185095 1
7699 5384 34185105 1
7699 5384 34185115 1
7699 5384 34185125 1
7699 5384 34185135 1
7699 5384 34185145 1
7699 5384 34185155 1
7699 5384 34185165 1
7699 5384 34185175 1
7699 5384 34185185 1
7699 5384 34185195 1
7699 5384 34185205 1
7699 5384 34185215 1
7699 5379 34185225 1
7690 5373 34185235 1
7679 5363 34185245 1
7655 5343 34185255 1
7623 5311 34185265 1
7574 5246 34185275 1
7506 5159 34185285 1
7424 5037 34185295 1
7329 4895 34185305 1
7240 4740 34185315 1
7187 4642 34185325 1
7155 4570 34185335 1
7155 4515 34185345 1
7181 4475 34185355 1
7218 4454 34185365 1
7273 4445 34185375 1
7360 4465 34185385 1
7467 4510 34185395 1
7581 4573 34185405 1
7695 4662 34185415 1
7832 4784 34185425 1
7984 4927 34185435 1
8099 5056 34185445 1
8174 5144 34185455 1
8223 5206 34185465 1
8234 5238 34185475 1
8234 5253 34185485 1
8234 5258 34185495 1
8229 5258 34185505 1
8229 5258 34185515 1
8229 5258 34185525 1
8229 5258 34185535 1
8211 5206 34185545 1
8176 5123 34185555 1
8116 4987 34185565 1
8056 4833 34185575 1
8022 4666 34185585 1
8005 4559 34185595 1
8013 4478 34185605 1
8043 4414 34185615 1
8087 4364 34185625 1
8156 4349 34185635 1
8240 4358 34185645 1
8334 4397 34185655 1
8397 4451 34185665 1
8426 4515 34185675 1
8432 4602 34185685 1
8289 6031 34185776 0
8161 6025 34185786 1
8119 6061 34185796 1
8119 6070 34185806 1
8119 6060 34185816 1
8124 6060 34185826 1
8135 6055 34185836 1
8166 6041 34185846 1
8761 5280 34186207 0
8887 5369 34186217 1
8898 5374 34186227 1
8884 5374 34186237 1
8875 5346 34186247 1
8844 5303 34186257 1
8799 5206 34186267 1
8722 5048 34186277 1
8621 4849 34186287 1
8505 4649 34186297 1
8396 4478 34186307 1
8293 4327 34186317 1
8195 4203 34186327 1
8148 4137 34186337 1
8134 4111 34186347 1
8143 4111 34186357 1
8160 4135 34186367 1
8219 4185 34186377 1
8306 4295 34186387 1
8398 4430 34186397 1
8504 4583 34186407 1
8620 4752 34186417 1
8733 4897 34186427 1
8820 5027 34186437 1
8889 5091 34186447 1
8940 5129 34186457 1
8973 5149 34186467 1
8994 5157 34186477 1
9019 5157 34186487 1
9046 5157 34186497 1
9076 5149 34186507 1
9101 5135 34186517 1
9122 5114 34186527 1
9132 5075 34186537 1
9123 5024 34186547 1
9100 4953 34186557 1
9066 4867 34186567 1
9026 4770 34186577 1
8983 4671 34186587 1
8924 4566 34186597 1
8863 4452 34186607 1
8801 4339 34186617 1
8768 4257 34186627 1
8761 4196 34186637 1
8772 4162 34186647 1
8791 4149 34186657 1
8811 4149 34186667 1
8828 4157 34186677 1
8895 4217 34186687 1
8998 4312 34186697 1
9092 4422 34186707 1
9206 4563 34186717 1
9333 4726 34186727 1
9490 4914 34186737 1
9629 5084 34186747 1
9756 5241 34186757 1
9869 5405 34186767 1
9955 5536 34186777 1
10023 5646 34186787 1
10076 5736 34186797 1
10119 5801 34186807 1
10154 5850 34186817 1
10181 5885 34186827 1
10193 5902 34186837 1
10193 5907 34186847 1
10200 5914 34186857 1
10200 5914 34186867 1
10200 5914 34186877 1
10200 5914 34186887 1
10200 5914 34186897 1
10179 5881 34186907 1
10146 5830 34186917 1
10058 5732 34186927 1
9940 5587 34186937 1
9801 5411 34186947 1
9672 5189 34186957 1
9576 4967 34186967 1
9501 4754 34186977 1
9451 4548 34186987 1
9431 4390 34186997 1
9431 4244 34187007 1
9439 4107 34187017 1
9453 3998 34187027 1
9478 3928 34187037 1
9514 3885 34187047 1
9553 3885 34187057 1
9593 3945 34187067 1
9664 4037 34187077 1
9730 4150 34187087 1
9792 4270 34187097 1
9854 4396 34187107 1
9879 4445 34187117 1
9879 4470 34187127 1
9879 4479 34187137 1
9871 4487 34187147 1
9858 4495 34187157 1
9845 4504 34187167 1
9828 4522 34187177 1
9809 4544 34187187 1
9789 4588 34187197 1
9758 4660 34187207 1
9720 4751 34187217 1
9643 4893 34187227 1
9514 5033 34187237 1
9351 5172 34187247 1
9178 5269 34187257 1
9046 5324 34187267 1
8940 5351 34187277 1
8879 5363 34187287 1
8854 5370 34187297 1
8854 5370 34187307 1
8854 5365 34187317 1
8891 5355 34187327 1
8946 5337 34187337 1
9081 5316 34187347 1
9311 5301 34187357 1
9604 5289 34187367 1
9937 5274 34187377 1
10210 5255 34187387 1
10443 5230 34187397 1
10595 5207 34187407 1
10669 5197 34187417 1
10690 5197 34187427 1
10690 5197 34187437 1
10685 5197 34187447 1
10677 5204 34187457 1
10669 5209 34187467 1
10663 5209 34187477 1
10663 5209 34187487 1
10663 5214 34187497 1
10663 5214 34187507 1
10663 5219 34187517 1
10657 5219 34187527 1
