313
3007 4806 31775664 0
3154 4871 31775674 1
3136 4921 31775684 1
3118 4982 31775694 1
3099 5003 31775704 1
3068 5046 31775714 1
2994 5046 31775724 1
2892 5002 31775734 1
2736 4880 31775744 1
2573 4726 31775754 1
2405 4552 31775764 1
2321 4412 31775774 1
2299 4294 31775784 1
2318 4192 31775794 1
2393 4135 31775804 1
2528 4124 31775814 1
2702 4145 31775824 1
2897 4201 31775834 1
3110 4268 31775844 1
3336 4343 31775854 1
3532 4399 31775864 1
3677 4436 31775874 1
3789 4461 31775884 1
3829 4461 31775894 1
3829 4461 31775904 1
3804 4447 31775914 1
3753 4432 31775924 1
3689 4420 31775934 1
3615 4425 31775944 1
3567 4439 31775954 1
3538 4475 31775964 1
3522 4530 31775974 1
3532 4598 31775984 1
3578 4685 31775994 1
3647 4784 31776004 1
3758 4891 31776014 1
3870 4985 31776024 1
3984 5048 31776034 1
4070 5090 31776044 1
4137 5090 31776054 1
4172 5068 31776064 1
4185 5027 31776074 1
4185 4957 31776084 1
4160 4872 31776094 1
4110 4778 31776104 1
4041 4692 31776114 1
3952 4615 31776124 1
3848 4543 31776134 1
3735 4483 31776144 1
3630 4441 31776154 1
3560 4412 31776164 1
3514 4412 31776174 1
3514 4439 31776184 1
3564 4483 31776194 1
3647 4563 31776204 1
3799 4658 31776214 1
3975 4764 31776224 1
4168 4871 31776234 1
4360 4945 31776244 1
4508 4996 31776254 1
4627 5008 31776264 1
4700 4991 31776274 1
4739 4954 31776284 1
4756 4889 31776294 1
4738 4807 31776304 1
4702 4713 31776314 1
4653 4636 31776324 1
4607 4574 31776334 1
4566 4522 31776344 1
4538 4491 31776354 1
4518 4476 31776364 1
4509 4476 31776374 1
4509 4482 31776384 1
4509 4518 31776394 1
4549 4571 31776404 1
4603 4657 31776414 1
4703 4761 31776424 1
4815 4878 31776434 1
4934 4958 31776444 1
5009 4987 31776454 1
5059 4982 31776464 1
5093 4956 31776474 1
5106 4907 31776484 1
5106 4842 31776494 1
5100 4770 31776504 1
5089 4712 31776514 1
5084 4664 31776524 1
5089 4635 31776534 1
5122 4630 31776544 1
5172 4642 31776554 1
5279 4691 31776564 1
5407 4770 31776574 1
5407 4770 31776585 0
5787 5047 31776595 1
5868 5091 31776605 1
5888 5091 31776615 1
5894 5067 31776625 1
5894 5025 31776635 1
5886 4955 31776645 1
5886 4881 31776655 1
5903 4801 31776665 1
5922 4737 31776675 1
5943 4685 31776685 1
5958 4645 31776695 1
5968 4615 31776705 1
5968 4591 31776715 1
5955 4567 31776725 1
5932 4543 31776735 1
5888 4519 31776745 1
5846 4507 31776755 1
5805 4501 31776765 1
5780 4508 31776775 1
5774 4530 31776785 1
5780 4561 31776795 1
5827 4614 31776805 1
5907 4693 31776815 1
6008 4790 31776825 1
6135 4901 31776835 1
6285 5009 31776845 1
6450 5108 31776855 1
6592 5177 31776865 1
6700 5226 31776875 1
6785 5243 31776885 1
6817 5227 31776895 1
6810 5190 31776905 1
6776 5107 31776915 1
6695 4994 31776925 1
6601 4861 31776935 1
6498 4737 31776945 1
6455 4646 31776955 1
6455 4578 31776965 1
6488 4527 31776975 1
6557 4504 31776985 1
6665 4504 31776995 1
6800 4533 31777005 1
6947 4584 31777015 1
7071 4648 31777025 1
7180 4713 31777035 1
7275 4785 31777045 1
7317 4862 31777055 1
7324 4937 31777065 1
7257 5008 31777076 1
7138 5074 31777086 1
6985 5134 31777096 1
6814 5189 31777106 1
6647 5237 31777116 1
6553 5264 31777126 1
6505 5278 31777136 1
6505 5278 31777146 1
6557 5278 31777156 1
6638 5278 31777166 1
6765 5283 31777176 1
6909 5290 31777186 1
7063 5300 31777196 1
7213 5313 31777206 1
7363 5325 31777216 1
7489 5334 31777216 1
7598 5334 31777226 1
7674 5334 31777236 1
7712 5327 31777246 1
7724 5302 31777256 1
7697 5264 31777266 1
7635 5193 31777276 1
7550 5099 31777286 1
7448 4990 31777296 1
7350 4878 31777306 1
7278 4767 31777316 1
7222 4687 31777326 1
7192 4629 31777336 1
7181 4598 31777346 1
7181 4588 31777356 1
7181 4588 31777366 1
7200 4622 31777376 1
7228 4682 31777386 1
7285 4762 31777396 1
7373 4874 31777406 1
7481 4992 31777416 1
7599 5113 31777426 1
7710 5195 31777436 1
7817 5215 31777446 1
7897 5195 31777456 1
7953 5156 31777466 1
7994 5112 31777476 1
8015 5062 31777486 1
8037 5014 31777496 1
8060 4978 31777506 1
8100 4949 31777516 1
8156 4938 31777526 1
8223 4946 31777536 1
8301 4968 31777546 1
8369 4994 31777556 1
8429 5025 31777566 1
8460 5059 31777576 1
8453 5090 31777586 1
8420 5121 31777596 1
8351 5121 31777606 1
8257 5105 31777616 1
8146 5046 31777626 1
8054 4966 31777636 1
7994 4873 31777646 1
7956 4788 31777656 1
7938 4729 31777666 1
7938 4687 31777676 1
7956 4671 31777686 1
7976 4671 31777696 1
8034 4690 31777706 1
8116 4743 31777716 1
8234 4812 31777726 1
8353 4891 31777736 1
8472 4959 31777746 1
8556 5024 31777756 1
8619 5053 31777766 1
8633 5060 31777776 1
8614 5028 31777786 1
8573 4961 31777796 1
8506 4870 31777806 1
8439 4776 31777816 1
8393 4709 31777826 1
8361 4661 31777836 1
8361 4639 31777846 1
8369 4634 31777856 1
8399 4641 31777866 1
8443 4673 31777876 1
8518 4718 31777886 1
8608 4773 31777896 1
8708 4840 31777906 1
8807 4905 31777916 1
8881 4961 31777926 1
8938 4980 31777936 1
8929 4980 31777946 1
8900 4935 31777956 1
8858 4857 31777966 1
8800 4755 31777976 1
8742 4665 31777986 1
8706 4599 31777996 1
8684 4548 31778006 1
8684 4526 31778016 1
8691 4526 31778026 1
8706 4542 31778036 1
8729 4593 31778046 1
9110 5479 31778137 0
9166 5453 31778147 1
9179 5439 31778157 1
9201 5430 31778167 1
9282 5399 31778177 1
9402 5353 31778187 1
9502 5324 31778197 1
9557 5305 31778207 1
9581 5292 31778217 1
9744 5216 31778267 0
9675 5044 31778277 1
9541 4980 31778287 1
9419 4877 31778307 1
9304 4747 31778317 1
9254 4652 31778327 1
9222 4588 31778337 1
9201 4545 31778347 1
9195 4536 31778357 1
9211 4548 31778367 1
9241 4575 31778377 1
9320 4634 31778387 1
9433 4712 31778397 1
9568 4804 31778407 1
9715 4894 31778417 1
9862 4946 31778427 1
9964 4974 31778437 1
10036 4945 31778447 1
10056 4875 31778457 1
10038 4778 31778467 1
9994 4664 31778477 1
9960 4586 31778487 1
9946 4532 31778488 1
9946 4505 31778498 1
9963 4505 31778508 1
10018 4535 31778518 1
10096 4594 31778528 1
10200 4671 31778538 1
10328 4760 31778548 1
10471 4885 31778558 1
10611 5004 31778568 1
10706 5120 31778578 1
10772 5145 31778588 1
10763 5127 31778598 1
10718 5081 31778608 1
10650 4982 31778618 1
10530 4847 31778628 1
10410 4688 31778638 1
10343 4569 31778648 1
10311 4471 31778658 1
10319 4387 31778668 1
10360 4327 31778678 1
10423 4307 31778688 1
10528 4314 31778698 1
10656 4356 31778708 1
10800 4401 31778718 1
10963 4448 31778728 1
11127 4500 31778738 1
11247 4563 31778748 1
11337 4633 31778758 1
11347 4723 31778768 1
11289 4835 31778778 1
11186 4962 31778788 1
11020 5077 31778798 1
10823 5170 31778808 1
10606 5249 31778818 1
10465 5279 31778828 1
10421 5279 31778838 1
10442 5266 31778848 1
10546 5234 31778858 1
10725 5205 31778868 1
10955 5179 31778878 1
11204 5152 31778888 1
11408 5123 31778898 1
