392
2570 5533 73574113 0
2522 5586 73574123 1
2478 5627 73574133 1
2426 5666 73574143 1
2383 5696 73574153 1
2333 5723 73574163 1
2278 5723 73574173 1
2213 5711 73574183 1
2144 5690 73574193 1
2072 5636 73574203 1
1999 5559 73574213 1
1927 5483 73574223 1
1859 5385 73574233 1
1809 5256 73574243 1
1772 5151 73574253 1
1767 5057 73574263 1
1792 4970 73574273 1
1836 4897 73574283 1
1916 4833 73574293 1
2042 4809 73574303 1
2198 4843 73574313 1
2374 4915 73574323 1
2551 5015 73574333 1
2729 5126 73574343 1
2871 5245 73574353 1
2990 5356 73574363 1
3108 5462 73574373 1
3192 5537 73574383 1
3254 5594 73574393 1
3274 5618 73574403 1
3274 5618 73574413 1
3251 5612 73574423 1
3217 5588 73574433 1
3159 5518 73574443 1
3086 5417 73574453 1
3020 5297 73574463 1
2974 5181 73574473 1
2941 5067 73574483 1
2936 4968 73574493 1
2963 4905 73574503 1
3011 4866 73574513 1
3102 4885 73574523 1
3205 4947 73574533 1
3317 5038 73574543 1
3413 5137 73574553 1
3490 5235 73574563 1
3553 5332 73574573 1
3585 5430 73574583 1
3585 5504 73574593 1
3565 5562 73574603 1
3505 5586 73574613 1
3420 5579 73574623 1
3318 5551 73574633 1
3204 5496 73574643 1
3119 5440 73574653 1
3053 5402 73574663 1
3045 5377 73574673 1
3073 5349 73574683 1
3124 5320 73574693 1
3226 5311 73574703 1
3356 5317 73574713 1
3505 5344 73574723 1
3673 5384 73574733 1
3827 5432 73574743 1
3972 5491 73574753 1
4107 5548 73574763 1
4220 5603 73574773 1
4318 5643 73574783 1
4369 5678 73574793 1
4381 5694 73574803 1
4366 5699 73574813 1
4330 5693 73574823 1
4279 5664 73574833 1
4218 5620 73574843 1
4160 5564 73574853 1
4100 5503 73574863 1
4039 5424 73574873 1
3990 5335 73574883 1
3943 5250 73574893 1
3898 5180 73574903 1
3873 5119 73574913 1
3861 5090 73574923 1
3869 5081 73574933 1
3895 5086 73574943 1
3933 5125 73574953 1
4001 5193 73574963 1
4071 5280 73574973 1
4148 5371 73574983 1
4231 5457 73574993 1
4310 5515 73575003 1
4386 5556 73575013 1
4448 5572 73575023 1
4503 5572 73575033 1
4553 5554 73575043 1
4595 5521 73575053 1
4624 5471 73575063 1
4644 5411 73575073 1
4652 5335 73575083 1
4652 5269 73575093 1
4658 5209 73575103 1
4658 5159 73575113 1
4658 5136 73575123 1
4671 5130 73575133 1
4688 5140 73575143 1
4729 5179 73575153 1
4785 5237 73575163 1
4847 5299 73575173 1
4920 5371 73575183 1
5012 5449 73575193 1
5112 5513 73575203 1
5211 5574 73575213 1
5308 5627 73575223 1
5386 5674 73575233 1
5450 5716 73575243 1
5498 5755 73575253 1
5521 5774 73575263 1
5526 5779 73575273 1
5513 5779 73575283 1
5476 5779 73575293 1
5422 5749 73575303 1
5356 5707 73575313 1
5295 5666 73575323 1
5243 5623 73575333 1
5198 5578 73575343 1
5158 5531 73575353 1
5145 5496 73575363 1
5145 5469 73575373 1
5177 5449 73575383 1
5224 5436 73575393 1
5282 5427 73575403 1
5355 5421 73575413 1
5429 5415 73575423 1
5491 5408 73575433 1
5546 5390 73575443 1
5570 5368 73575453 1
5570 5337 73575463 1
5556 5298 73575473 1
5507 5250 73575483 1
5438 5197 73575493 1
5355 5149 73575503 1
5304 5133 73575513 1
5276 5133 73575523 1
5262 5162 73575533 1
5809 5891 73575606 0
6092 6109 73575616 1
6215 6201 73575626 1
6319 6265 73575636 1
6397 6303 73575646 1
6457 6324 73575656 1
6486 6324 73575666 1
6486 6324 73575676 1
6481 6264 73575686 1
6444 6189 73575696 1
6391 6084 73575706 1
6327 5958 73575716 1
6264 5797 73575726 1
6204 5656 73575736 1
6175 5529 73575746 1
6167 5413 73575756 1
6184 5315 73575766 1
6231 5230 73575776 1
6299 5189 73575786 1
6405 5189 73575796 1
6515 5205 73575806 1
6631 5265 73575816 1
6748 5344 73575826 1
6840 5435 73575836 1
6915 5517 73575846 1
6938 5595 73575856 1
6919 5671 73575866 1
6872 5748 73575876 1
6772 5801 73575886 1
6636 5823 73575896 1
6476 5823 73575906 1
6292 5793 73575916 1
6123 5757 73575926 1
5964 5727 73575936 1
5874 5703 73575946 1
5831 5689 73575956 1
5820 5681 73575966 1
5848 5681 73575976 1
5923 5667 73575986 1
6028 5679 73575996 1
6208 5707 73576006 1
6409 5746 73576016 1
6623 5780 73576026 1
6820 5805 73576036 1
6984 5834 73576046 1
7126 5866 73576056 1
7249 5895 73576066 1
7348 5921 73576076 1
7432 5939 73576086 1
7469 5950 73576096 1
7474 5950 73576106 1
7458 5950 73576116 1
7426 5950 73576126 1
7393 5950 73576136 1
7359 5950 73576146 1
7338 5950 73576156 1
7319 5940 73576166 1
7305 5932 73576176 1
7290 5896 73576186 1
7273 5841 73576196 1
7252 5767 73576206 1
7232 5680 73576216 1
7213 5585 73576226 1
7188 5479 73576236 1
7160 5371 73576246 1
7140 5297 73576256 1
7134 5246 73576266 1
7134 5229 73576276 1
7140 5229 73576286 1
7140 5234 73576296 1
7150 5269 73576306 1
7179 5348 73576316 1
7223 5456 73576326 1
7285 5563 73576336 1
7351 5668 73576346 1
7426 5739 73576356 1
7508 5790 73576366 1
7606 5828 73576376 1
7715 5860 73576386 1
7832 5882 73576396 1
7952 5900 73576406 1
8052 5918 73576416 1
8138 5934 73576426 1
8224 5950 73576436 1
8311 5963 73576446 1
8386 5975 73576456 1
8452 5975 73576466 1
8496 5975 73576476 1
8522 5965 73576486 1
8535 5952 73576496 1
8535 5943 73576506 1
8514 5937 73576516 1
8478 5937 73576526 1
8431 5957 73576536 1
8375 5980 73576546 1
8314 5987 73576556 1
8254 5987 73576566 1
8197 5987 73576576 1
8151 5960 73576586 1
8116 5927 73576596 1
8082 5864 73576606 1
8047 5781 73576616 1
8011 5684 73576626 1
7980 5594 73576636 1
7956 5504 73576646 1
7934 5426 73576656 1
7934 5357 73576666 1
7953 5330 73576676 1
7983 5330 73576686 1
8016 5343 73576696 1
8070 5402 73576706 1
8136 5478 73576716 1
8195 5565 73576726 1
8255 5661 73576736 1
8317 5753 73576746 1
8360 5813 73576756 1
8391 5853 73576766 1
8396 5860 73576776 1
8396 5860 73576786 1
8396 5860 73576796 1
8396 5823 73576806 1
8386 5769 73576816 1
8373 5699 73576826 1
8364 5624 73576836 1
8355 5540 73576846 1
8370 5457 73576856 1
8400 5392 73576866 1
8444 5340 73576876 1
8509 5326 73576886 1
8589 5341 73576896 1
8678 5375 73576906 1
8770 5429 73576916 1
8867 5499 73576926 1
8966 5580 73576936 1
9044 5670 73576946 1
9107 5757 73576956 1
9150 5812 73576966 1
9169 5846 73576976 1
9169 5846 73576986 1
9169 5846 73576996 1
9156 5838 73577006 1
9136 5798 73577016 1
9106 5740 73577026 1
9078 5661 73577036 1
9051 5578 73577046 1
9026 5488 73577056 1
9003 5392 73577066 1
8997 5321 73577076 1
9002 5266 73577086 1
9020 5241 73577096 1
9039 5241 73577106 1
9060 5246 73577116 1
9082 5285 73577126 1
9096 5353 73577136 1
9107 5440 73577146 1
9107 5694 73577158 0
9112 5986 73577168 1
9123 6074 73577178 1
9135 6127 73577188 1
9151 6153 73577198 1
9177 6173 73577208 1
9213 6173 73577218 1
9261 6157 73577228 1
9327 6123 73577238 1
9404 6085 73577248 1
9478 6041 73577258 1
9631 5882 73577298 0
9681 5814 73577308 1
9681 5793 73577318 1
9673 5768 73577328 1
9655 5736 73577338 1
9630 5696 73577348 1
9599 5650 73577358 1
9564 5588 73577368 1
9537 5518 73577378 1
9510 5438 73577388 1
9484 5368 73577398 1
9477 5304 73577408 1
9482 5278 73577418 1
9495 5270 73577428 1
9510 5270 73577438 1
9545 5315 73577448 1
9594 5384 73577458 1
9657 5471 73577468 1
9725 5574 73577478 1
9814 5674 73577488 1
9915 5771 73577498 1
10010 5822 73577508 1
10088 5839 73577518 1
10155 5834 73577528 1
10211 5790 73577538 1
10254 5728 73577548 1
10287 5654 73577558 1
10306 5573 73577568 1
10315 5492 73577578 1
10315 5410 73577588 1
10327 5354 73577598 1
10340 5315 73577608 1
10360 5293 73577618 1
10389 5293 73577628 1
10439 5316 73577638 1
10503 5368 73577648 1
10580 5457 73577658 1
10678 5572 73577668 1
10791 5716 73577678 1
10919 5876 73577688 1
11035 6047 73577699 1
11143 6174 73577709 1
11219 6269 73577719 1
11266 6343 73577729 1
11294 6392 73577739 1
11302 6409 73577749 1
11302 6409 73577759 1
11285 6381 73577769 1
11251 6310 73577779 1
11205 6208 73577789 1
11152 6091 73577799 1
11099 5946 73577809 1
11049 5783 73577819 1
11009 5636 73577829 1
10978 5507 73577839 1
10990 5390 73577849 1
11029 5314 73577859 1
11088 5273 73577869 1
11161 5255 73577879 1
11243 5265 73577889 1
11329 5306 73577899 1
11412 5369 73577909 1
11483 5447 73577919 1
11547 5538 73577929 1
11583 5637 73577939 1
11583 5733 73577949 1
11548 5825 73577959 1
11471 5896 73577969 1
11355 5956 73577979 1
11214 5983 73577989 1
11044 5988 73577999 1
10876 5978 73578009 1
10709 5961 73578019 1
10622 5950 73578029 1
10598 5943 73578039 1
10616 5932 73578049 1
10682 5902 73578059 1
10819 5860 73578069 1
11002 5827 73578079 1
11208 5808 73578089 1
11449 5799 73578099 1
11714 5816 73578109 1
12012 5848 73578119 1
