294
2315 4440 31785157 0
2376 4460 31785167 1
2329 4549 31785177 1
2316 4570 31785187 1
2325 4613 31785197 1
2317 4672 31785207 1
2273 4715 31785217 1
2205 4715 31785227 1
2078 4695 31785237 1
1932 4606 31785247 1
1772 4464 31785257 1
1608 4286 31785267 1
1484 4096 31785277 1
1387 3941 31785287 1
1371 3809 31785297 1
1414 3721 31785307 1
1495 3677 31785317 1
1641 3662 31785327 1
1808 3682 31785337 1
1990 3729 31785347 1
2211 3795 31785357 1
2419 3870 31785367 1
2617 3941 31785377 1
2780 3980 31785387 1
2880 3999 31785397 1
2939 3994 31785407 1
2963 3984 31785417 1
2963 3973 31785427 1
2953 3963 31785437 1
2929 3951 31785447 1
2899 3951 31785457 1
2866 3957 31785467 1
2831 3982 31785477 1
2799 4031 31785487 1
2783 4095 31785497 1
2777 4168 31785507 1
2789 4253 31785517 1
2830 4346 31785527 1
2890 4437 31785537 1
2973 4513 31785547 1
3071 4578 31785557 1
3179 4613 31785567 1
3260 4613 31785577 1
3311 4599 31785587 1
3342 4557 31785597 1
3342 4479 31785607 1
3309 4377 31785617 1
3251 4252 31785627 1
3162 4142 31785637 1
3062 4043 31785647 1
2955 3958 31785657 1
2866 3896 31785667 1
2783 3849 31785677 1
2726 3832 31785687 1
2683 3840 31785697 1
2683 3866 31785707 1
2736 3932 31785717 1
2830 4028 31785727 1
3146 4268 31785748 0
3485 4468 31785758 1
3588 4517 31785768 1
3664 4527 31785778 1
3694 4513 31785788 1
3705 4484 31785798 1
3705 4419 31785808 1
3658 4330 31785818 1
3612 4226 31785828 1
3565 4148 31785838 1
3515 4080 31785848 1
3467 4020 31785858 1
3420 3974 31785868 1
3385 3951 31785878 1
3376 3944 31785888 1
3385 3951 31785898 1
3402 3993 31785908 1
3457 4058 31785918 1
3537 4155 31785928 1
3659 4269 31785938 1
3789 4395 31785948 1
3924 4492 31785958 1
4016 4537 31785968 1
4076 4548 31785978 1
4114 4528 31785988 1
4137 4479 31785998 1
4137 4410 31786008 1
4126 4320 31786018 1
4100 4239 31786028 1
4076 4165 31786038 1
4055 4108 31786048 1
4043 4068 31786058 1
4043 4039 31786068 1
4069 4033 31786078 1
4720 4572 31786149 0
4823 4607 31786159 1
4823 4607 31786169 1
4823 4591 31786179 1
4794 4528 31786189 1
4768 4437 31786199 1
4741 4345 31786209 1
4732 4258 31786219 1
4749 4186 31786229 1
4783 4122 31786239 1
4815 4074 31786249 1
4840 4042 31786259 1
4859 4020 31786269 1
4859 4012 31786279 1
4859 4007 31786289 1
4840 4007 31786299 1
4803 3999 31786309 1
4743 3999 31786319 1
4674 4008 31786329 1
4598 4019 31786339 1
4559 4042 31786349 1
4569 4074 31786359 1
5532 4739 31786429 0
5764 4842 31786439 1
5780 4851 31786449 1
5780 4837 31786459 1
5744 4764 31786469 1
5694 4649 31786479 1
5604 4505 31786489 1
5518 4368 31786499 1
5434 4249 31786509 1
5408 4142 31786519 1
5426 4072 31786529 1
5473 4021 31786539 1
5557 3983 31786549 1
5681 3978 31786559 1
5831 4001 31786569 1
5964 4044 31786579 1
6080 4097 31786589 1
6185 4155 31786599 1
6252 4217 31786609 1
5622 4717 31786689 0
5417 4837 31786699 1
5382 4898 31786709 1
5382 4898 31786719 1
5409 4903 31786729 1
5518 4908 31786739 1
5660 4908 31786749 1
5823 4902 31786759 1
5978 4902 31786769 1
6128 4902 31786779 1
6756 4892 31786850 0
6760 4797 31786860 1
6703 4759 31786870 1
6623 4739 31786880 1
6547 4659 31786890 1
6477 4566 31786900 1
6419 4464 31786910 1
6369 4368 31786920 1
6336 4288 31786930 1
6314 4220 31786940 1
6309 4181 31786950 1
6309 4163 31786960 1
6309 4158 31786970 1
6315 4169 31786980 1
6353 4220 31786990 1
6413 4298 31787000 1
6497 4401 31787010 1
6604 4514 31787020 1
6725 4633 31787030 1
6858 4728 31787040 1
6958 4774 31787050 1
7036 4788 31787060 1
7109 4764 31787070 1
7175 4727 31787080 1
7236 4681 31787090 1
7285 4646 31787100 1
7312 4621 31787110 1
7324 4603 31787120 1
7324 4585 31787130 1
7937 4538 31787711 0
7993 4605 31787721 1
7998 4672 31787731 1
7987 4703 31787741 1
7995 4732 31787751 1
8015 4780 31787761 1
8015 4842 31787771 1
7982 4877 31787781 1
7927 4877 31787791 1
7820 4844 31787801 1
7704 4748 31787811 1
7583 4647 31787821 1
7444 4551 31787831 1
7387 4461 31787841 1
7387 4394 31787851 1
7413 4336 31787861 1
7470 4284 31787871 1
7547 4263 31787881 1
7646 4275 31787891 1
7750 4309 31787901 1
7864 4375 31787911 1
7981 4451 31787921 1
8081 4534 31787931 1
8171 4609 31787941 1
8255 4680 31787951 1
8305 4745 31787961 1
8332 4774 31787971 1
8317 4780 31787981 1
8270 4755 31787991 1
8201 4670 31788001 1
8118 4544 31788011 1
8039 4420 31788021 1
7992 4315 31788031 1
7963 4224 31788041 1
7963 4170 31788051 1
7975 4143 31788061 1
8004 4134 31788071 1
8044 4150 31788081 1
8109 4197 31788091 1
8198 4264 31788101 1
8302 4348 31788111 1
8416 4433 31788121 1
8523 4520 31788122 1
8588 4589 31788132 1
8627 4615 31788142 1
8627 4615 31788152 1
8610 4577 31788162 1
8590 4498 31788172 1
8559 4389 31788182 1
8531 4281 31788192 1
8510 4204 31788202 1
8495 4147 31788212 1
8487 4122 31788222 1
8487 4122 31788232 1
8487 4136 31788242 1
8655 5017 31788342 0
8738 5003 31788352 1
8738 5040 31788362 1
8762 5026 31788372 1
8841 4994 31788382 1
8959 4951 31788392 1
9062 4924 31788402 1
9162 4904 31788432 0
9202 4870 31788442 1
9193 4835 31788452 1
9204 4795 31788462 1
9204 4753 31788472 1
9198 4708 31788482 1
9174 4641 31788492 1
9133 4559 31788502 1
9081 4461 31788512 1
9030 4368 31788522 1
8979 4278 31788532 1
8949 4211 31788542 1
8931 4175 31788552 1
8931 4159 31788562 1
8931 4159 31788572 1
8966 4194 31788582 1
9016 4249 31788592 1
9098 4329 31788602 1
9195 4416 31788612 1
9302 4507 31788622 1
9393 4564 31788632 1
9453 4579 31788642 1
9493 4565 31788652 1
9518 4519 31788662 1
9518 4439 31788672 1
9513 4337 31788682 1
9492 4241 31788692 1
9476 4178 31788702 1
9468 4137 31788712 1
9468 4122 31788722 1
9486 4128 31788732 1
9516 4148 31788742 1
9575 4202 31788752 1
9663 4283 31788762 1
10249 4945 31788823 0
10413 4982 31788833 1
10420 4987 31788843 1
10405 4925 31788853 1
10358 4819 31788863 1
10289 4649 31788873 1
10205 4475 31788883 1
10120 4298 31788893 1
10034 4109 31788903 1
9982 3947 31788913 1
9982 3803 31788923 1
10021 3708 31788933 1
10096 3672 31788943 1
10203 3672 31788953 1
10330 3725 31788963 1
10479 3799 31788973 1
10602 3890 31788983 1
10707 3978 31788993 1
10015 4994 31789083 0
9805 5044 31789093 1
9805 5074 31789103 1
9832 5059 31789113 1
10024 5027 31789123 1
10285 4984 31789133 1
10591 4962 31789143 1
10823 4949 31789153 1
