143
3995 6806 31984604 0
3946 6845 31984614 1
3946 6845 31984624 1
3946 6845 31984634 1
3946 6819 31984644 1
3946 6779 31984654 1
3956 6721 31984664 1
3965 6620 31984674 1
3978 6491 31984684 1
3992 6305 31984694 1
4006 6089 31984704 1
4022 5853 31984714 1
4041 5604 31984724 1
4064 5354 31984734 1
4091 5101 31984744 1
4120 4851 31984754 1
4147 4665 31984764 1
4161 4520 31984774 1
4167 4405 31984784 1
4149 4306 31984794 1
4114 4219 31984804 1
4067 4162 31984814 1
3991 4139 31984824 1
3881 4139 31984834 1
3749 4181 31984844 1
3563 4252 31984854 1
3368 4342 31984864 1
3168 4442 31984874 1
2962 4546 31984884 1
2781 4652 31984894 1
2617 4748 31984904 1
2476 4839 31984914 1
2382 4900 31984924 1
2319 4943 31984934 1
2294 4964 31984944 1
2294 4982 31984954 1
2313 4995 31984964 1
2389 5037 31984974 1
2529 5097 31984984 1
2712 5176 31984994 1
2922 5267 31985005 1
3185 5367 31985015 1
3483 5433 31985025 1
3789 5475 31985035 1
4071 5502 31985045 1
4337 5515 31985055 1
4586 5527 31985065 1
4801 5537 31985075 1
4994 5552 31985085 1
5153 5570 31985095 1
5313 5589 31985105 1
5449 5611 31985115 1
7175 6993 31985295 0
7157 6967 31985305 1
7157 6954 31985315 1
7149 6959 31985325 1
7203 6949 31985335 1
7297 6930 31985345 1
7399 6930 31985355 1
7502 6936 31985365 1
7608 6949 31985375 1
7716 6983 31985385 1
7819 6983 31985395 1
7868 6966 31985405 1
7883 6890 31985415 1
7793 6758 31985425 1
7613 6588 31985435 1
7373 6365 31985445 1
7097 6144 31985455 1
6866 5924 31985465 1
6665 5765 31985475 1
6598 5690 31985485 1
6610 5670 31985495 1
6674 5659 31985505 1
6802 5690 31985515 1
6968 5748 31985525 1
7159 5834 31985535 1
7392 5922 31985545 1
7576 6012 31985555 1
7728 6045 31985565 1
7825 6045 31985575 1
7860 6023 31985585 1
7853 5970 31985595 1
7776 5867 31985606 1
7646 5730 31985616 1
7480 5578 31985626 1
7262 5388 31985636 1
7043 5174 31985646 1
6824 4971 31985656 1
6624 4811 31985666 1
6520 4680 31985676 1
6479 4624 31985686 1
6495 4610 31985696 1
6582 4623 31985706 1
6716 4678 31985716 1
6924 4783 31985726 1
7134 4922 31985736 1
7372 5065 31985746 1
7628 5208 31985756 1
7843 5328 31985766 1
8006 5432 31985776 1
8134 5509 31985786 1
8222 5561 31985796 1
8266 5597 31985806 1
8004 5872 31985866 0
7755 6049 31985876 1
7639 6141 31985886 1
7549 6233 31985896 1
7475 6324 31985906 1
7436 6382 31985916 1
7417 6406 31985926 1
7412 6406 31985936 1
7412 6375 31985946 1
7412 6286 31985956 1
7399 6160 31985966 1
7383 5984 31985976 1
7349 5770 31985986 1
7295 5532 31985996 1
7228 5257 31986006 1
7166 4981 31986016 1
7109 4721 31986026 1
7061 4473 31986036 1
7047 4267 31986046 1
7057 4100 31986056 1
7106 3959 31986066 1
7207 3848 31986076 1
7342 3767 31986086 1
7541 3705 31986096 1
7798 3695 31986106 1
8094 3721 31986116 1
8426 3771 31986126 1
8786 3845 31986136 1
9164 3940 31986146 1
9462 4048 31986156 1
9706 4157 31986166 1
9913 4267 31986176 1
10033 4377 31986186 1
10084 4480 31986196 1
10084 4586 31986206 1
10047 4748 31986216 1
9983 4946 31986226 1
9904 5185 31986236 1
9835 5455 31986246 1
