115
3751 6382 63986687 0
3751 6382 63986697 1
3751 6382 63986707 1
3715 6395 63986717 1
3730 6352 63986727 1
3747 6222 63986737 1
3754 6034 63986747 1
3754 5633 63986757 1
3759 5227 63986767 1
3759 4864 63986777 1
3765 4533 63986787 1
3765 4220 63986797 1
3771 4050 63986807 1
3771 3976 63986817 1
3760 3933 63986827 1
3730 3921 63986837 1
3647 3931 63986847 1
3529 3984 63986857 1
3410 4080 63986867 1
3214 4205 63986877 1
2967 4368 63986887 1
2792 4530 63986897 1
2661 4634 63986907 1
2559 4699 63986917 1
2534 4722 63986927 1
2562 4732 63986937 1
2624 4732 63986947 1
2782 4785 63986957 1
3021 4863 63986967 1
3314 4958 63986977 1
3658 5056 63986987 1
4025 5157 63986997 1
4408 5261 63987007 1
4763 5350 63987017 1
5068 5433 63987027 1
6512 6580 63987128 0
6597 6620 63987138 1
6629 6671 63987148 1
6672 6681 63987158 1
6747 6665 63987168 1
6847 6638 63987178 1
6963 6610 63987188 1
7082 6580 63987198 1
7201 6549 63987208 1
7280 6492 63987218 1
7332 6419 63987228 1
7287 6302 63987238 1
7158 6155 63987248 1
6974 5987 63987258 1
6762 5797 63987268 1
6556 5656 63987278 1
6410 5548 63987288 1
6302 5475 63987298 1
6286 5445 63987308 1
6327 5445 63987318 1
6406 5445 63987328 1
6537 5482 63987338 1
6700 5534 63987348 1
6884 5578 63987358 1
7008 5589 63987368 1
7080 5577 63987378 1
7117 5534 63987388 1
7098 5423 63987398 1
7007 5267 63987408 1
6867 5078 63987418 1
6678 4885 63987428 1
6479 4685 63987438 1
6272 4504 63987448 1
6099 4336 63987458 1
6022 4221 63987468 1
6008 4169 63987478 1
6067 4160 63987488 1
6219 4186 63987498 1
6432 4284 63987508 1
6682 4429 63987518 1
6946 4586 63987528 1
7220 4733 63987538 1
7465 4866 63987548 1
7627 4994 63987558 1
7734 5079 63987568 1
7784 5164 63987578 1
7773 5247 63987588 1
7720 5356 63987598 1
7619 5482 63987608 1
7482 5620 63987618 1
7321 5770 63987628 1
7170 5929 63987638 1
7066 6059 63987648 1
6994 6123 63987658 1
6958 6142 63987668 1
6937 6115 63987678 1
6926 5997 63987688 1
6913 5819 63987689 1
6899 5585 63987699 1
6887 5286 63987709 1
6875 4943 63987719 1
6870 4643 63987729 1
6870 4412 63987739 1
6886 4228 63987749 1
6921 4057 63987759 1
6972 3932 63987769 1
7058 3837 63987779 1
7215 3779 63987789 1
7420 3779 63987799 1
7694 3829 63987809 1
8020 3953 63987819 1
8380 4134 63987829 1
8736 4352 63987839 1
9040 4567 63987849 1
9309 4746 63987859 1
9524 4902 63987869 1
9648 5035 63987879 1
9711 5168 63987889 1
9711 5302 63987899 1
9664 5538 63987909 1
