115
3545 6491 63983653 0
3545 6491 63983663 1
3517 6489 63983673 1
3512 6430 63983683 1
3512 6329 63983693 1
3522 6129 63983703 1
3537 5884 63983713 1
3559 5608 63983723 1
3583 5338 63983733 1
3599 5086 63983743 1
3610 4847 63983753 1
3618 4663 63983763 1
3618 4536 63983773 1
3606 4446 63983783 1
3585 4391 63983793 1
3542 4372 63983803 1
3485 4377 63983813 1
3395 4427 63983823 1
3279 4507 63983833 1
3145 4607 63983843 1
2987 4710 63983853 1
2852 4821 63983863 1
2733 4938 63983873 1
2646 5018 63983883 1
2605 5069 63983893 1
2595 5100 63983903 1
2632 5131 63983913 1
2741 5181 63983923 1
2897 5244 63983933 1
3123 5300 63983943 1
3385 5358 63983954 1
3671 5426 63983964 1
3955 5501 63983974 1
4226 5548 63983984 1
4488 5593 63983994 1
4740 5634 63984004 1
5828 6236 63984074 0
6009 6428 63984084 1
6035 6510 63984094 1
6067 6588 63984104 1
6138 6644 63984114 1
6232 6688 63984124 1
6376 6730 63984134 1
6515 6746 63984144 1
6650 6746 63984154 1
6753 6715 63984164 1
6813 6661 63984174 1
6844 6592 63984184 1
6815 6487 63984194 1
6725 6352 63984204 1
6595 6198 63984214 1
6444 6053 63984224 1
6292 5927 63984234 1
6139 5815 63984244 1
6078 5780 63984254 1
6071 5771 63984264 1
6100 5780 63984274 1
6196 5804 63984284 1
6339 5853 63984294 1
6513 5919 63984304 1
6665 5956 63984314 1
6774 5946 63984324 1
6854 5906 63984334 1
6860 5808 63984344 1
6777 5670 63984354 1
6635 5506 63984364 1
6442 5282 63984374 1
6231 5073 63984384 1
6009 4875 63984394 1
5858 4709 63984404 1
5782 4620 63984414 1
5755 4583 63984424 1
5793 4572 63984434 1
5918 4615 63984444 1
6100 4694 63984454 1
6364 4838 63984464 1
6628 4986 63984474 1
6856 5136 63984484 1
7060 5258 63984494 1
7200 5365 63984504 1
7290 5461 63984514 1
7347 5542 63984524 1
7347 5621 63984534 1
7307 5698 63984544 1
7233 5784 63984554 1
7133 5876 63984564 1
7036 5976 63984574 1
6940 6069 63984584 1
6883 6122 63984594 1
6856 6150 63984604 1
6850 6131 63984614 1
6841 6032 63984624 1
6831 5879 63984634 1
6812 5676 63984644 1
6786 5451 63984654 1
6758 5212 63984664 1
6730 4982 63984674 1
6703 4768 63984684 1
6692 4564 63984694 1
6714 4418 63984704 1
6759 4297 63984714 1
6873 4193 63984724 1
7029 4161 63984734 1
7213 4175 63984744 1
7495 4221 63984754 1
7814 4323 63984764 1
8157 4450 63984774 1
8449 4593 63984784 1
8673 4749 63984794 1
8852 4905 63984804 1
8949 5060 63984814 1
8970 5185 63984824 1
8940 5348 63984834 1
8877 5536 63984844 1
8810 5750 63984854 1
