154
3390 6504 24076112 0
3405 6595 24076122 1
3385 6644 24076132 1
3385 6644 24076142 1
3385 6644 24076152 1
3405 6624 24076162 1
3427 6589 24076172 1
3457 6513 24076182 1
3495 6381 24076192 1
3542 6213 24076202 1
3595 6006 24076212 1
3647 5781 24076222 1
3695 5543 24076232 1
3735 5285 24076242 1
3769 5022 24076252 1
3795 4755 24076262 1
3823 4488 24076272 1
3853 4274 24076282 1
3885 4099 24076292 1
3916 3949 24076302 1
3931 3840 24076312 1
3937 3775 24076322 1
3928 3740 24076332 1
3900 3727 24076342 1
3858 3750 24076352 1
3777 3797 24076362 1
3663 3873 24076372 1
3528 3951 24076382 1
3391 4031 24076392 1
3228 4094 24076402 1
3047 4146 24076412 1
2869 4192 24076422 1
2693 4243 24076432 1
2524 4297 24076442 1
2358 4352 24076452 1
2238 4401 24076462 1
2154 4448 24076472 1
2093 4494 24076482 1
2061 4533 24076492 1
2069 4576 24076493 1
2104 4643 24076503 1
2226 4725 24076513 1
2425 4839 24076523 1
2675 4949 24076533 1
2950 5056 24076543 1
3235 5119 24076553 1
3527 5177 24076563 1
3820 5225 24076573 1
4080 5268 24076583 1
4319 5310 24076593 1
4516 5345 24076603 1
4671 5379 24076613 1
4797 5413 24076623 1
4857 5446 24076633 1
5536 6601 24076843 0
5399 6613 24076853 1
5350 6613 24076863 1
5311 6625 24076873 1
5331 6625 24076883 1
5353 6625 24076893 1
5433 6630 24076903 1
5552 6636 24076913 1
5733 6644 24076923 1
5933 6653 24076933 1
6145 6661 24076943 1
6342 6669 24076953 1
6505 6675 24076963 1
6646 6675 24076973 1
6747 6675 24076983 1
6794 6656 24076993 1
6806 6625 24077003 1
6756 6571 24077013 1
6646 6479 24077023 1
6497 6363 24077033 1
6304 6231 24077043 1
6120 6107 24077053 1
5941 5988 24077063 1
5861 5924 24077073 1
5819 5878 24077083 1
5801 5845 24077093 1
5822 5820 24077103 1
5862 5801 24077113 1
5915 5785 24077123 1
6018 5801 24077133 1
6159 5846 24077143 1
6325 5910 24077153 1
6472 5959 24077163 1
6598 5991 24077173 1
6709 6011 24077183 1
6782 6011 24077193 1
6799 5990 24077203 1
6778 5955 24077214 1
6675 5858 24077224 1
6505 5747 24077234 1
6291 5626 24077244 1
6028 5486 24077254 1
5757 5337 24077264 1
5481 5183 24077274 1
5248 5073 24077284 1
5101 5004 24077294 1
5012 4963 24077304 1
4994 4948 24077314 1
5043 4955 24077324 1
5136 4976 24077334 1
5341 5041 24077344 1
5611 5131 24077354 1
5924 5238 24077364 1
6250 5350 24077374 1
6555 5460 24077384 1
6846 5564 24077394 1
7068 5659 24077404 1
7253 5750 24077414 1
7414 5824 24077424 1
7507 5887 24077434 1
7532 5921 24077444 1
7512 5952 24077454 1
7445 5979 24077464 1
7345 6003 24077474 1
7224 6037 24077484 1
7112 6078 24077494 1
7019 6131 24077504 1
6938 6193 24077514 1
6873 6260 24077524 1
6809 6327 24077534 1
6763 6391 24077544 1
6729 6448 24077554 1
6717 6481 24077564 1
6710 6499 24077574 1
6710 6499 24077584 1
6710 6469 24077594 1
6717 6413 24077604 1
6708 6291 24077614 1
6690 6146 24077624 1
6667 5986 24077634 1
6646 5794 24077644 1
6629 5615 24077654 1
6618 5445 24077664 1
6618 5250 24077674 1
6632 5059 24077684 1
6660 4872 24077694 1
6720 4701 24077704 1
6833 4574 24077714 1
6982 4477 24077724 1
7171 4421 24077734 1
7420 4421 24077744 1
7708 4456 24077754 1
8032 4535 24077764 1
8346 4644 24077774 1
8652 4772 24077784 1
8953 4934 24077794 1
9160 5085 24077804 1
9305 5228 24077814 1
9396 5394 24077824 1
9416 5585 24077834 1
