271
2467 6551 34296185 0
2520 6579 34296195 1
2511 6596 34296205 1
2503 6610 34296215 1
2503 6610 34296225 1
2503 6601 34296235 1
2511 6591 34296245 1
2520 6553 34296255 1
2535 6497 34296265 1
2560 6407 34296275 1
2589 6285 34296285 1
2618 6143 34296295 1
2642 5944 34296305 1
2662 5691 34296315 1
2679 5403 34296325 1
2700 5059 34296335 1
2728 4710 34296345 1
2766 4407 34296355 1
2811 4138 34296365 1
2854 3879 34296375 1
2884 3657 34296385 1
2905 3461 34296395 1
2915 3296 34296405 1
2915 3150 34296415 1
2906 3017 34296425 1
2888 2913 34296435 1
2858 2837 34296445 1
2820 2779 34296455 1
2768 2746 34296465 1
2689 2754 34296475 1
2593 2790 34296485 1
2469 2865 34296495 1
2321 2972 34296505 1
2157 3100 34296515 1
1965 3235 34296525 1
1792 3359 34296535 1
1632 3431 34296545 1
1482 3472 34296555 1
1368 3494 34296565 1
1279 3514 34296575 1
1226 3533 34296585 1
1208 3550 34296595 1
1214 3606 34296605 1
1295 3687 34296615 1
1478 3844 34296625 1
1729 4001 34296635 1
2032 4159 34296645 1
2416 4368 34296655 1
2854 4575 34296665 1
3330 4781 34296675 1
3841 4991 34296685 1
4374 5176 34296695 1
5837 6703 34297397 0
5830 6666 34297407 1
5830 6689 34297417 1
5830 6700 34297427 1
5830 6689 34297437 1
5830 6689 34297447 1
5830 6689 34297457 1
5830 6689 34297467 1
5830 6689 34297477 1
5830 6689 34297487 1
5830 6689 34297497 1
5830 6689 34297507 1
5830 6689 34297517 1
5830 6684 34297527 1
5830 6684 34297537 1
5830 6684 34297547 1
5830 6684 34297557 1
5830 6684 34297567 1
5825 6684 34297577 1
5819 6684 34297587 1
5813 6690 34297597 1
5813 6690 34297607 1
5805 6690 34297617 1
5805 6695 34297627 1
5805 6695 34297637 1
5805 6695 34297647 1
5798 6695 34297657 1
5798 6695 34297667 1
5798 6695 34297677 1
5798 6695 34297687 1
5798 6695 34297697 1
5793 6695 34297707 1
5793 6695 34297717 1
5793 6695 34297727 1
5793 6695 34297737 1
5793 6695 34297747 1
5793 6695 34297757 1
5793 6695 34297767 1
5793 6695 34297777 1
5793 6695 34297787 1
5793 6695 34297797 1
5793 6695 34297807 1
5793 6695 34297817 1
5793 6695 34297827 1
5793 6695 34297837 1
5793 6695 34297847 1
5793 6695 34297857 1
5793 6695 34297867 1
5793 6695 34297877 1
5793 6695 34297887 1
5793 6695 34297897 1
5793 6695 34297907 1
5793 6695 34297917 1
5788 6695 34297927 1
5788 6695 34297937 1
5788 6695 34297947 1
5788 6695 34297957 1
5788 6695 34297967 1
5788 6695 34297977 1
5788 6695 34297987 1
5788 6695 34297997 1
5788 6695 34298007 1
5788 6695 34298017 1
5788 6695 34298017 1
5788 6695 34298027 1
5788 6695 34298037 1
5788 6695 34298047 1
5832 6709 34298057 1
5870 6721 34298067 1
5918 6739 34298077 1
6003 6763 34298087 1
6112 6790 34298097 1
6305 6820 34298107 1
6468 6850 34298117 1
6611 6878 34298127 1
6775 6904 34298137 1
6903 6912 34298147 1
7008 6912 34298157 1
7078 6906 34298167 1
7123 6889 34298177 1
7151 6866 34298187 1
7162 6837 34298197 1
7156 6806 34298207 1
7139 6761 34298217 1
7092 6707 34298227 1
7011 6638 34298237 1
6908 6552 34298247 1
6745 6455 34298257 1
6569 6339 34298267 1
6385 6223 34298277 1
6185 6103 34298287 1
6008 5979 34298297 1
5846 5854 34298307 1
5688 5729 34298317 1
5572 5634 34298327 1
5484 5555 34298337 1
5435 5487 34298347 1
5424 5432 34298357 1
5439 5396 34298367 1
5491 5372 34298377 1
5590 5384 34298387 1
5720 5427 34298397 1
5895 5492 34298407 1
6077 5558 34298417 1
6263 5620 34298427 1
6455 5674 34298437 1
6632 5721 34298447 1
6800 5762 34298457 1
6942 5795 34298467 1
7023 5821 34298477 1
7063 5829 34298487 1
7063 5829 34298497 1
7038 5817 34298507 1
7002 5785 34298517 1
6928 5736 34298527 1
6823 5679 34298537 1
6697 5619 34298547 1
6585 5551 34298557 1
6469 5475 34298567 1
6349 5374 34298577 1
6197 5258 34298587 1
6047 5127 34298597 1
5898 4991 34298607 1
5760 4848 34298617 1
5654 4709 34298627 1
5570 4596 34298637 1
5518 4501 34298647 1
5471 4391 34298657 1
5432 4265 34298667 1
5396 4129 34298677 1
5381 4012 34298687 1
5381 3916 34298697 1
5405 3833 34298707 1
5451 3783 34298717 1
5510 3757 34298727 1
5591 3748 34298737 1
5709 3766 34298747 1
5851 3802 34298757 1
5990 3850 34298767 1
6149 3898 34298777 1
6321 3955 34298787 1
6505 4017 34298797 1
6692 4086 34298807 1
6880 4152 34298817 1
7039 4203 34298827 1
7191 4245 34298837 1
7338 4273 34298847 1
7454 4291 34298857 1
7536 4303 34298867 1
7595 4303 34298877 1
7623 4310 34298887 1
7632 4310 34298897 1
7632 4325 34298907 1
7624 4344 34298917 1
7614 4375 34298927 1
7601 4410 34298937 1
7587 4448 34298947 1
7574 4488 34298957 1
7560 4535 34298967 1
7539 4587 34298977 1
7514 4644 34298987 1
7477 4716 34298997 1
7433 4798 34299007 1
7383 4894 34299017 1
7322 4994 34299027 1
7255 5098 34299037 1
7183 5174 34299047 1
7101 5301 34299057 1
7004 5463 34299067 1
6898 5585 34299077 1
6768 5690 34299087 1
6668 5783 34299097 1
6589 5862 34299107 1
6538 5920 34299117 1
6502 5965 34299127 1
6476 5996 34299137 1
6461 6013 34299147 1
6452 6020 34299157 1
6452 6020 34299167 1
6458 6015 34299177 1
6468 5978 34299187 1
6481 5920 34299197 1
6494 5845 34299207 1
6512 5768 34299217 1
6518 5689 34299227 1
6518 5579 34299237 1
6504 5441 34299247 1
6491 5284 34299257 1
6477 5123 34299267 1
6477 4954 34299277 1
6486 4766 34299287 1
6494 4569 34299297 1
6503 4367 34299307 1
6496 4144 34299317 1
6479 3907 34299327 1
6453 3672 34299337 1
6453 3510 34299347 1
6476 3396 34299357 1
6511 3270 34299367 1
6561 3159 34299377 1
6621 3059 34299387 1
6683 2974 34299397 1
6764 2911 34299407 1
6857 2862 34299417 1
6951 2841 34299427 1
7079 2869 34299437 1
7230 2931 34299447 1
7441 3016 34299457 1
7685 3107 34299467 1
7950 3201 34299477 1
8187 3286 34299487 1
8426 3359 34299497 1
8642 3425 34299507 1
8841 3508 34299517 1
9007 3647 34299527 1
9111 3823 34299537 1
9174 4104 34299547 1
9145 4462 34299557 1
8979 4872 34299567 1
