127
3492 6253 63993898 0
3482 6213 63993908 1
3446 6247 63993918 1
3420 6167 63993928 1
3410 6007 63993938 1
3410 5793 63993948 1
3424 5587 63993958 1
3435 5330 63993968 1
3435 5038 63993978 1
3435 4742 63993988 1
3428 4477 63993998 1
3401 4234 63994008 1
3361 4005 63994018 1
3306 3837 63994028 1
3252 3710 63994038 1
3187 3662 63994048 1
3115 3662 63994058 1
3023 3683 63994068 1
2927 3774 63994078 1
2828 3905 63994088 1
2720 4064 63994098 1
2587 4230 63994108 1
2438 4390 63994118 1
2323 4547 63994128 1
2244 4645 63994138 1
2190 4705 63994148 1
2183 4741 63994158 1
2229 4758 63994168 1
2311 4786 63994178 1
2475 4821 63994188 1
2700 4874 63994198 1
2965 4943 63994208 1
3279 5024 63994218 1
3584 5096 63994228 1
3882 5147 63994238 1
4132 5185 63994248 1
4354 5207 63994258 1
4557 5228 63994268 1
5486 6117 63994359 0
5535 6255 63994369 1
5564 6312 63994379 1
5594 6372 63994389 1
5681 6407 63994399 1
5802 6422 63994409 1
5946 6422 63994419 1
6081 6405 63994429 1
6219 6382 63994439 1
6331 6348 63994449 1
6425 6306 63994459 1
6467 6256 63994469 1
6454 6184 63994479 1
6404 6099 63994489 1
6274 5981 63994499 1
6118 5852 63994509 1
5944 5716 63994519 1
5788 5610 63994529 1
5689 5536 63994539 1
5629 5484 63994549 1
5643 5467 63994559 1
5718 5474 63994559 1
5833 5498 63994569 1
5981 5554 63994579 1
6163 5624 63994589 1
6367 5703 63994599 1
6531 5758 63994609 1
6632 5777 63994619 1
6691 5772 63994629 1
6682 5730 63994639 1
6573 5626 63994649 1
6397 5482 63994659 1
6143 5287 63994669 1
5890 5093 63994679 1
5643 4899 63994689 1
5399 4724 63994699 1
5252 4609 63994709 1
5188 4535 63994719 1
5180 4493 63994729 1
5253 4475 63994739 1
5398 4475 63994749 1
5590 4516 63994759 1
5855 4580 63994769 1
6120 4660 63994779 1
6386 4750 63994789 1
6632 4852 63994799 1
6830 4963 63994809 1
6997 5049 63994819 1
7084 5122 63994829 1
7104 5186 63994839 1
7080 5256 63994849 1
6998 5342 63994859 1
6874 5438 63994869 1
6721 5554 63994879 1
6574 5678 63994889 1
6448 5808 63994899 1
6335 5942 63994909 1
6246 6016 63994919 1
6190 6051 63994929 1
6157 6041 63994939 1
6130 5957 63994949 1
6105 5825 63994959 1
6080 5653 63994969 1
6053 5439 63994979 1
6018 5198 63994989 1
5979 4954 63994999 1
5941 4703 63995009 1
5908 4475 63995019 1
5883 4265 63995029 1
5883 4069 63995039 1
5895 3915 63995049 1
5933 3790 63995060 1
6011 3699 63995070 1
6115 3655 63995080 1
6286 3643 63995090 1
6508 3679 63995100 1
6765 3758 63995110 1
7048 3865 63995120 1
7325 3970 63995130 1
7598 4071 63995140 1
7810 4163 63995150 1
7932 4224 63995160 1
7993 4266 63995170 1
7985 4303 63995180 1
7931 4371 63995190 1
7845 4461 63995200 1
7742 4567 63995210 1
7664 4731 63995220 1
7603 4933 63995230 1
