156
3056 6410 24067280 0
3086 6605 24067290 1
3054 6677 24067300 1
3054 6695 24067310 1
3048 6677 24067320 1
3053 6650 24067330 1
3060 6596 24067340 1
3070 6523 24067350 1
3085 6407 24067360 1
3103 6257 24067370 1
3125 6084 24067380 1
3156 5859 24067390 1
3188 5629 24067400 1
3224 5390 24067410 1
3263 5111 24067420 1
3302 4806 24067430 1
3345 4572 24067440 1
3388 4369 24067450 1
3425 4187 24067460 1
3457 4056 24067470 1
3470 3966 24067480 1
3470 3904 24067490 1
3451 3878 24067500 1
3409 3885 24067510 1
3332 3913 24067520 1
3231 3966 24067530 1
3101 4020 24067540 1
2961 4076 24067550 1
2813 4122 24067560 1
2665 4171 24067570 1
2523 4233 24067580 1
2384 4302 24067590 1
2270 4388 24067600 1
2160 4471 24067610 1
2059 4552 24067620 1
1991 4608 24067630 1
1945 4645 24067640 1
1928 4669 24067650 1
1952 4710 24067660 1
2003 4793 24067670 1
2139 4903 24067680 1
2347 5020 24067690 1
2604 5134 24067700 1
2912 5224 24067710 1
3221 5300 24067720 1
3502 5361 24067730 1
3764 5407 24067740 1
3957 5442 24067750 1
4124 5470 24067760 1
4273 5502 24067770 1
4368 5539 24067780 1
4420 5579 24067790 1
4443 5624 24067800 1
5391 6324 24067961 0
5349 6381 24067971 1
5326 6409 24067981 1
5318 6429 24067991 1
5318 6443 24068001 1
5340 6458 24068011 1
5400 6475 24068021 1
5486 6495 24068031 1
5620 6515 24068041 1
5795 6533 24068051 1
5998 6551 24068061 1
6209 6571 24068071 1
6423 6593 24068081 1
6599 6610 24068091 1
6748 6623 24068101 1
6851 6623 24068111 1
6890 6615 24068121 1
6885 6596 24068131 1
6798 6537 24068141 1
6642 6452 24068151 1
6439 6328 24068161 1
6177 6187 24068171 1
5948 6034 24068181 1
5740 5891 24068191 1
5631 5807 24068201 1
5584 5762 24068211 1
5579 5739 24068221 1
5592 5730 24068231 1
5649 5730 24068241 1
5734 5743 24068251 1
5889 5780 24068261 1
6047 5834 24068271 1
6216 5891 24068281 1
6392 5943 24068291 1
6546 5987 24068301 1
6655 6009 24068311 1
6735 6017 24068321 1
6757 6008 24068331 1
6716 5961 24068341 1
6634 5888 24068351 1
6484 5772 24068361 1
6264 5633 24068371 1
5996 5478 24068381 1
5708 5291 24068391 1
5440 5117 24068401 1
5184 4953 24068411 1
4982 4808 24068421 1
4833 4704 24068431 1
4719 4628 24068441 1
4663 4592 24068451 1
4681 4582 24068461 1
4748 4590 24068471 1
4888 4629 24068481 1
5114 4704 24068491 1
5396 4803 24068501 1
5730 4930 24068511 1
6078 5057 24068521 1
6434 5166 24068531 1
6763 5264 24068541 1
7024 5359 24068551 1
7239 5453 24068561 1
7435 5539 24068571 1
7557 5602 24068581 1
7630 5653 24068591 1
7622 5688 24068601 1
7550 5721 24068611 1
7435 5750 24068621 1
7290 5780 24068631 1
6924 5992 24068662 0
6749 6148 24068672 1
6684 6206 24068682 1
6645 6253 24068692 1
6629 6292 24068702 1
6629 6326 24068712 1
6629 6351 24068722 1
6629 6358 24068732 1
6629 6358 24068742 1
6638 6328 24068752 1
6644 6265 24068762 1
6636 6177 24068772 1
6618 6059 24068782 1
6590 5903 24068792 1
6555 5723 24068802 1
6516 5555 24068812 1
6482 5376 24068822 1
6467 5189 24068832 1
6467 5025 24068842 1
6479 4877 24068852 1
6518 4741 24068862 1
6573 4644 24068872 1
6657 4566 24068882 1
6784 4500 24068892 1
6940 4460 24068902 1
7115 4447 24068912 1
7337 4452 24068922 1
7589 4486 24068932 1
7856 4547 24068942 1
8111 4627 24068952 1
8357 4742 24068962 1
8620 4904 24068972 1
8841 5098 24068982 1
9034 5299 24068992 1
9125 5531 24069002 1
