206
3577 5676 64712221 0
3566 5701 64712231 1
3559 5733 64712241 1
3566 5765 64712251 1
3577 5796 64712261 1
3586 5826 64712271 1
3591 5838 64712281 1
3591 5838 64712291 1
3597 5838 64712301 1
3610 5803 64712311 1
3629 5751 64712321 1
3652 5668 64712331 1
3677 5544 64712341 1
3716 5394 64712351 1
3764 5202 64712361 1
3814 4974 64712371 1
3864 4723 64712381 1
3909 4479 64712391 1
3950 4227 64712401 1
3992 3970 64712411 1
4024 3783 64712421 1
4048 3659 64712431 1
4065 3577 64712441 1
4073 3522 64712451 1
4073 3494 64712461 1
4068 3483 64712471 1
4027 3478 64712481 1
3962 3487 64712491 1
3853 3505 64712501 1
3706 3550 64712511 1
3533 3616 64712521 1
3347 3695 64712531 1
3152 3783 64712541 1
2952 3866 64712551 1
2804 3926 64712561 1
2692 3974 64712571 1
2605 4005 64712581 1
2562 4033 64712591 1
2546 4056 64712601 1
2546 4077 64712611 1
2574 4118 64712621 1
2656 4173 64712631 1
2777 4247 64712641 1
2924 4333 64712651 1
3130 4428 64712661 1
3376 4522 64712671 1
3653 4602 64712681 1
3930 4672 64712691 1
4204 4716 64712701 1
4462 4746 64712711 1
4712 4767 64712721 1
4927 4787 64712731 1
5090 4802 64712741 1
5217 4810 64712751 1
5319 4810 64712761 1
5385 4810 64712771 1
5427 4810 64712781 1
5443 4801 64712791 1
5443 4801 64712801 1
5443 4801 64712811 1
5443 4801 64712821 1
5426 4801 64712831 1
5401 4809 64712841 1
5371 4822 64712851 1
6072 6106 64713332 0
6072 6106 64713342 1
6024 6113 64713352 1
6024 6135 64713362 1
6034 6157 64713372 1
6063 6180 64713382 1
6104 6202 64713392 1
6194 6234 64713402 1
6316 6273 64713412 1
6459 6309 64713422 1
6573 6338 64713432 1
6674 6357 64713442 1
6766 6365 64713452 1
6858 6365 64713462 1
6922 6356 64713472 1
6967 6337 64713482 1
6998 6308 64713492 1
7011 6258 64713502 1
7011 6193 64713512 1
6980 6101 64713522 1
6914 5983 64713532 1
6826 5849 64713542 1
6705 5710 64713552 1
6558 5565 64713562 1
6394 5396 64713572 1
6199 5212 64713582 1
6039 5068 64713592 1
5903 4946 64713602 1
5798 4839 64713612 1
5727 4762 64713622 1
5678 4727 64713632 1
5666 4721 64713642 1
5666 4721 64713652 1
5666 4729 64713662 1
5696 4744 64713672 1
5781 4819 64713682 1
5906 4922 64713692 1
6043 5044 64713702 1
6215 5168 64713712 1
6410 5288 64713722 1
6590 5400 64713732 1
6770 5505 64713742 1
6918 5573 64713752 1
7043 5617 64713762 1
7125 5642 64713772 1
7185 5642 64713782 1
7229 5637 64713792 1
7262 5607 64713802 1
7270 5557 64713812 1
7260 5493 64713822 1
7208 5399 64713833 1
7131 5299 64713843 1
7036 5189 64713853 1
6908 5057 64713863 1
6736 4912 64713873 1
6535 4738 64713883 1
6327 4573 64713893 1
6130 4414 64713903 1
5940 4241 64713913 1
5790 4092 64713923 1
5663 3958 64713933 1
5552 3833 64713943 1
5465 3732 64713953 1
5407 3646 64713963 1
5368 3600 64713973 1
5359 3581 64713983 1
5359 3581 64713993 1
5390 3581 64714003 1
5446 3624 64714013 1
5562 3689 64714023 1
5725 3795 64714033 1
5919 3919 64714043 1
6122 4056 64714053 1
6360 4191 64714063 1
6620 4328 64714073 1
6889 4467 64714083 1
7127 4579 64714093 1
7344 4670 64714103 1
7562 4747 64714113 1
7755 4824 64714123 1
7932 4882 64714133 1
8056 4927 64714143 1
8150 4953 64714153 1
8223 4968 64714163 1
8266 4976 64714173 1
8282 4976 64714183 1
8282 4976 64714193 1
8262 4976 64714203 1
8211 4976 64714213 1
8138 4965 64714223 1
6733 5706 64714414 0
6707 5715 64714424 1
6684 5738 64714434 1
6676 5750 64714444 1
6684 5750 64714454 1
6699 5750 64714464 1
6715 5742 64714474 1
6743 5709 64714484 1
6780 5660 64714494 1
6812 5583 64714504 1
6840 5463 64714514 1
6864 5315 64714524 1
6884 5155 64714534 1
6905 4987 64714544 1
6910 4791 64714554 1
6903 4579 64714564 1
6880 4366 64714574 1
6854 4163 64714584 1
6827 3966 64714594 1
6810 3795 64714604 1
6810 3666 64714614 1
6821 3565 64714624 1
6858 3500 64714634 1
6915 3463 64714644 1
6985 3444 64714654 1
7081 3460 64714664 1
7223 3514 64714674 1
7395 3593 64714684 1
7589 3685 64714694 1
7797 3798 64714704 1
8015 3925 64714714 1
8202 4036 64714724 1
8391 4144 64714734 1
8552 4246 64714744 1
8692 4339 64714754 1
8813 4422 64714764 1
8916 4484 64714774 1
9008 4532 64714784 1
9051 4559 64714794 1
9067 4572 64714804 1
9067 4577 64714814 1
9059 4577 64714824 1
9053 4577 64714834 1
9046 4577 64714844 1
9034 4577 64714854 1
9019 4577 64714864 1
9002 4577 64714874 1
8988 4577 64714884 1
8976 4577 64714894 1
8967 4577 64714904 1
8962 4577 64714914 1
8950 4585 64714924 1
