164
2982 6071 21694638 0
2982 6071 21694648 1
2997 6106 21694658 1
2976 6150 21694668 1
2976 6164 21694678 1
2976 6158 21694688 1
2983 6158 21694698 1
3005 6138 21694708 1
3033 6110 21694718 1
3073 6062 21694728 1
3120 6009 21694738 1
3172 5929 21694748 1
3227 5834 21694758 1
3281 5718 21694768 1
3334 5572 21694778 1
3389 5406 21694788 1
3437 5188 21694798 1
3479 4967 21694808 1
3506 4745 21694818 1
3523 4563 21694828 1
3532 4394 21694838 1
3532 4234 21694848 1
3522 4106 21694858 1
3510 4022 21694868 1
3495 3968 21694878 1
3464 3938 21694888 1
3423 3921 21694898 1
3352 3912 21694908 1
3249 3920 21694918 1
3125 3938 21694928 1
2966 3963 21694938 1
2791 3978 21694948 1
2605 3978 21694958 1
2407 3962 21694968 1
2254 3932 21694978 1
2130 3913 21694988 1
2041 3902 21694998 1
1978 3902 21695008 1
1931 3902 21695018 1
1889 3907 21695028 1
1851 3915 21695038 1
1823 3925 21695048 1
1811 3934 21695058 1
1811 3942 21695068 1
1825 3972 21695078 1
1867 4017 21695088 1
1927 4067 21695098 1
2004 4124 21695108 1
2121 4187 21695118 1
2264 4297 21695128 1
2495 4465 21695138 1
2848 4671 21695148 1
3282 4892 21695158 1
3780 5036 21695168 1
4238 5130 21695178 1
4670 5192 21695188 1
6683 6136 21696270 0
6691 6101 21696280 1
6647 6151 21696290 1
6642 6162 21696300 1
6660 6173 21696310 1
6694 6197 21696320 1
6746 6231 21696330 1
6822 6260 21696340 1
6914 6291 21696350 1
7040 6324 21696360 1
7198 6348 21696370 1
7377 6369 21696380 1
7538 6380 21696390 1
7663 6380 21696400 1
7763 6370 21696410 1
7840 6360 21696420 1
7884 6344 21696430 1
7905 6318 21696440 1
7893 6268 21696450 1
7832 6202 21696460 1
7738 6109 21696470 1
7615 5992 21696480 1
7460 5860 21696490 1
7284 5731 21696500 1
7109 5632 21696510 1
6980 5553 21696520 1
6881 5501 21696530 1
6853 5477 21696540 1
6870 5472 21696550 1
6917 5472 21696560 1
7037 5486 21696570 1
7196 5518 21696580 1
7381 5548 21696590 1
7521 5573 21696600 1
7622 5573 21696610 1
7696 5567 21696620 1
7733 5546 21696630 1
7733 5520 21696640 1
7716 5472 21696650 1
7651 5412 21696660 1
7547 5325 21696670 1
7416 5236 21696680 1
7249 5146 21696690 1
7082 5054 21696700 1
6939 4986 21696710 1
6812 4933 21696720 1
6713 4899 21696730 1
6637 4863 21696740 1
6577 4824 21696750 1
6541 4781 21696760 1
6522 4732 21696770 1
6513 4701 21696780 1
6528 4683 21696790 1
6579 4678 21696800 1
6653 4693 21696810 1
6772 4722 21696820 1
6892 4749 21696830 1
6974 4741 21696840 1
7030 4709 21696850 1
7060 4659 21696860 1
7085 4618 21696870 1
7107 4582 21696880 1
7182 4572 21696890 1
7362 4605 21696900 1
7611 4668 21696910 1
7949 4728 21696920 1
8236 4783 21696930 1
8490 4830 21696940 1
8714 4870 21696950 1
8907 4930 21696960 1
9078 5003 21696970 1
9241 5094 21696980 1
9394 5181 21696990 1
7825 5592 21697372 0
7825 5592 21697382 1
7825 5592 21697392 1
7825 5592 21697402 1
7834 5551 21697412 1
7815 5447 21697422 1
7789 5313 21697432 1
7754 5162 21697442 1
7745 4989 21697452 1
7752 4801 21697462 1
7767 4627 21697472 1
7778 4445 21697482 1
7786 4258 21697492 1
7792 4025 21697502 1
7800 3817 21697512 1
7813 3625 21697522 1
7857 3511 21697532 1
7921 3422 21697542 1
7986 3351 21697552 1
8065 3308 21697562 1
8153 3274 21697572 1
8247 3247 21697582 1
8356 3231 21697592 1
8475 3243 21697602 1
8586 3273 21697612 1
8723 3358 21697622 1
8876 3457 21697632 1
9095 3565 21697642 1
9346 3652 21697652 1
9618 3752 21697662 1
9903 3862 21697672 1
10128 4019 21697682 1
10312 4231 21697692 1
10462 4479 21697702 1
10549 4749 21697712 1
