148
4044 6201 31990242 0
4048 6306 31990252 1
4012 6381 31990262 1
4002 6429 31990272 1
4008 6429 31990282 1
4016 6407 31990292 1
4026 6377 31990302 1
4037 6319 31990312 1
4054 6243 31990322 1
4088 6108 31990332 1
4132 5910 31990342 1
4187 5670 31990352 1
4246 5425 31990362 1
4310 5146 31990372 1
4376 4844 31990382 1
4432 4605 31990392 1
4488 4411 31990402 1
4528 4246 31990412 1
4557 4102 31990422 1
4569 3997 31990432 1
4563 3918 31990442 1
4545 3878 31990452 1
4512 3867 31990462 1
4452 3875 31990472 1
4375 3931 31990482 1
4274 4024 31990492 1
4155 4141 31990502 1
4024 4273 31990512 1
3889 4400 31990522 1
3733 4501 31990532 1
3563 4586 31990542 1
3393 4630 31990552 1
3224 4636 31990562 1
3054 4618 31990572 1
2916 4577 31990582 1
2800 4532 31990592 1
2722 4508 31990602 1
2689 4501 31990612 1
2689 4501 31990622 1
2736 4536 31990632 1
2854 4593 31990642 1
3017 4683 31990652 1
3255 4791 31990662 1
3526 4910 31990672 1
3819 5021 31990682 1
4106 5127 31990692 1
4377 5197 31990702 1
4636 5246 31990712 1
4859 5264 31990722 1
5015 5264 31990732 1
5126 5247 31990742 1
5218 5219 31990752 1
6459 6723 31990903 0
6705 6795 31990913 1
6757 6834 31990923 1
6767 6852 31990933 1
6823 6843 31990943 1
6897 6816 31990953 1
6982 6792 31990963 1
7085 6770 31990973 1
7195 6749 31990983 1
7310 6716 31990993 1
7380 6680 31991003 1
7408 6636 31991013 1
7408 6561 31991023 1
7355 6466 31991033 1
7249 6330 31991043 1
7109 6191 31991053 1
6959 6046 31991063 1
6808 5894 31991073 1
6655 5782 31991083 1
6583 5698 31991093 1
6560 5658 31991103 1
6570 5638 31991113 1
6632 5632 31991123 1
6746 5651 31991123 1
6895 5694 31991133 1
7040 5753 31991143 1
7167 5815 31991153 1
7283 5844 31991163 1
7345 5850 31991173 1
7365 5829 31991183 1
7356 5772 31991193 1
7291 5691 31991203 1
7177 5569 31991213 1
7031 5411 31991223 1
6850 5230 31991233 1
6645 5045 31991243 1
6424 4852 31991253 1
6215 4653 31991263 1
6069 4520 31991273 1
5966 4424 31991283 1
5928 4354 31991293 1
5948 4334 31991303 1
6007 4344 31991313 1
6131 4374 31991323 1
6318 4456 31991333 1
6548 4563 31991343 1
6812 4686 31991353 1
7090 4823 31991363 1
7378 4960 31991373 1
7625 5062 31991383 1
7836 5142 31991393 1
8022 5199 31991403 1
8131 5239 31991413 1
8194 5268 31991423 1
8225 5293 31991433 1
7789 5620 31991494 0
7463 5818 31991504 1
7309 5941 31991514 1
7187 6057 31991524 1
7084 6144 31991534 1
7025 6212 31991544 1
6993 6238 31991554 1
6980 6238 31991564 1
6980 6223 31991574 1
6986 6152 31991584 1
6986 6025 31991594 1
6986 5861 31991604 1
6975 5660 31991614 1
6959 5457 31991624 1
6943 5223 31991634 1
6928 4970 31991644 1
6913 4708 31991654 1
6919 4483 31991664 1
6938 4283 31991674 1
6963 4110 31991684 1
6992 3980 31991694 1
7029 3879 31991704 1
7085 3805 31991714 1
7151 3761 31991724 1
7254 3736 31991734 1
7398 3745 31991744 1
7568 3778 31991754 1
7783 3827 31991764 1
8031 3882 31991774 1
8301 3939 31991784 1
8583 3998 31991794 1
8826 4071 31991804 1
9042 4143 31991814 1
9181 4228 31991824 1
9273 4323 31991834 1
9333 4406 31991844 1
9353 4486 31991854 1
9343 4566 31991864 1
9312 4665 31991874 1
9275 4775 31991884 1
9234 4920 31991894 1
