147
3973 6370 31997242 0
3981 6435 31997252 1
3973 6454 31997262 1
3968 6460 31997272 1
3968 6460 31997282 1
3968 6460 31997292 1
3968 6454 31997302 1
3973 6427 31997312 1
3979 6384 31997322 1
3987 6308 31997332 1
3997 6196 31997342 1
4008 6060 31997352 1
4018 5886 31997362 1
4029 5692 31997372 1
4044 5485 31997382 1
4064 5234 31997392 1
4086 4982 31997402 1
4110 4729 31997412 1
4132 4541 31997413 1
4144 4355 31997423 1
4149 4171 31997433 1
4144 4039 31997443 1
4126 3943 31997453 1
4100 3871 31997463 1
4073 3840 31997473 1
4028 3845 31997483 1
3970 3874 31997493 1
3895 3946 31997503 1
3795 4040 31997513 1
3679 4149 31997523 1
3540 4257 31997533 1
3396 4361 31997543 1
3249 4439 31997553 1
3097 4501 31997563 1
2980 4548 31997573 1
2887 4578 31997583 1
2822 4597 31997593 1
2795 4614 31997603 1
2795 4630 31997613 1
2837 4663 31997623 1
2938 4709 31997633 1
3077 4780 31997643 1
3267 4856 31997653 1
3493 4935 31997663 1
3742 4997 31997673 1
3967 5033 31997683 1
4200 5053 31997693 1
4439 5042 31997703 1
4639 5002 31997713 1
6325 6123 31997943 0
6339 6076 31997953 1
6304 6085 31997963 1
6243 6120 31997973 1
6266 6120 31997983 1
6293 6114 31997993 1
6324 6103 31998003 1
6403 6103 31998013 1
6514 6117 31998023 1
6650 6130 31998033 1
6788 6141 31998043 1
6926 6152 31998053 1
6994 6142 31998063 1
7018 6128 31998073 1
7012 6087 31998083 1
6955 6030 31998093 1
6848 5936 31998103 1
6708 5827 31998113 1
6565 5708 31998123 1
6426 5606 31998133 1
6321 5526 31998143 1
6236 5460 31998153 1
6222 5436 31998163 1
6240 5427 31998173 1
6280 5427 31998183 1
6368 5447 31998193 1
6484 5476 31998203 1
6618 5512 31998213 1
6739 5546 31998223 1
6836 5573 31998233 1
6918 5573 31998243 1
6949 5563 31998253 1
6941 5528 31998263 1
6908 5446 31998273 1
6808 5334 31998283 1
6666 5192 31998293 1
6496 5034 31998303 1
6308 4865 31998313 1
6126 4687 31998323 1
5947 4540 31998333 1
5801 4413 31998343 1
5727 4321 31998354 1
5700 4281 31998364 1
5727 4275 31998374 1
5815 4289 31998384 1
5943 4344 31998394 1
6107 4426 31998404 1
6316 4526 31998414 1
6555 4631 31998424 1
6766 4740 31998434 1
6945 4844 31998444 1
7102 4921 31998454 1
7211 4979 31998464 1
7278 5016 31998474 1
7316 5036 31998484 1
7308 5044 31998494 1
6929 5125 31998534 0
6632 5217 31998544 1
6506 5281 31998554 1
6394 5364 31998564 1
6325 5459 31998574 1
6294 5530 31998584 1
6289 5567 31998594 1
6284 5582 31998604 1
6284 5577 31998614 1
6290 5568 31998624 1
6297 5513 31998634 1
6302 5429 31998644 1
6297 5287 31998654 1
6288 5119 31998664 1
6257 4933 31998674 1
6227 4719 31998684 1
6198 4524 31998694 1
6172 4342 31998704 1
6147 4175 31998714 1
6155 4051 31998724 1
6182 3955 31998734 1
6240 3887 31998744 1
6336 3840 31998754 1
6458 3807 31998764 1
6613 3794 31998774 1
6811 3799 31998784 1
7038 3816 31998794 1
7272 3849 31998804 1
7514 3900 31998814 1
7760 3964 31998824 1
8002 4040 31998834 1
8213 4132 31998844 1
8403 4235 31998854 1
8587 4339 31998864 1
8746 4432 31998874 1
8888 4494 31998884 1
8998 4540 31998894 1
9060 4568 31998904 1
9090 4592 31998914 1
9090 4606 31998924 1
9070 4653 31998934 1
9030 4722 31998944 1
