148
3525 5786 32010832 0
3525 5786 32010842 1
3530 5786 32010852 1
3530 5786 32010862 1
3530 5781 32010872 1
3536 5770 32010882 1
3555 5729 32010892 1
3583 5670 32010902 1
3622 5569 32010912 1
3662 5418 32010922 1
3704 5235 32010932 1
3746 5046 32010942 1
3775 4837 32010952 1
3795 4615 32010962 1
3818 4416 32010972 1
3837 4215 32010982 1
3853 4013 32010992 1
3864 3844 32011002 1
3870 3705 32011012 1
3870 3587 32011022 1
3863 3502 32011032 1
3848 3442 32011042 1
3829 3399 32011052 1
3803 3380 32011062 1
3755 3380 32011072 1
3691 3396 32011082 1
3607 3442 32011092 1
3507 3513 32011102 1
3395 3601 32011112 1
3271 3700 32011122 1
3126 3805 32011132 1
2966 3915 32011142 1
2826 4002 32011152 1
2688 4085 32011162 1
2552 4161 32011172 1
2446 4240 32011182 1
2359 4323 32011192 1
2302 4408 32011202 1
2281 4470 32011212 1
2281 4528 32011222 1
2316 4566 32011232 1
2389 4594 32011242 1
2489 4615 32011252 1
2648 4632 32011262 1
2825 4645 32011272 1
3015 4665 32011282 1
3243 4688 32011292 1
3474 4717 32011302 1
3708 4744 32011312 1
3930 4764 32011322 1
4134 4776 32011332 1
4326 4764 32011342 1
4472 4738 32011352 1
4593 4701 32011362 1
4697 4664 32011372 1
6641 6444 32011533 0
6650 6382 32011543 1
6614 6411 32011553 1
6608 6417 32011563 1
6621 6407 32011573 1
6672 6388 32011583 1
6762 6369 32011593 1
6879 6362 32011603 1
7006 6362 32011613 1
7135 6362 32011623 1
7268 6362 32011633 1
7369 6350 32011643 1
7450 6311 32011653 1
7464 6255 32011663 1
7413 6169 32011673 1
7318 6042 32011683 1
7169 5889 32011693 1
7018 5730 32011703 1
6866 5596 32011713 1
6738 5478 32011723 1
6670 5377 32011733 1
6641 5322 32011743 1
6660 5297 32011753 1
6739 5286 32011763 1
6857 5307 32011773 1
7016 5350 32011783 1
7180 5404 32011793 1
7327 5454 32011803 1
7461 5468 32011813 1
7517 5459 32011823 1
7524 5422 32011833 1
7498 5341 32011843 1
7402 5231 32011853 1
7255 5097 32011863 1
7075 4935 32011873 1
6894 4754 32011883 1
6710 4598 32011893 1
6523 4439 32011903 1
6395 4309 32011913 1
6333 4198 32011923 1
6314 4145 32011933 1
6358 4120 32011943 1
6471 4113 32011953 1
6630 4153 32011963 1
6860 4232 32011973 1
7114 4337 32011983 1
7384 4453 32011993 1
7654 4564 32012003 1
7896 4657 32012013 1
8119 4739 32012023 1
8294 4815 32012033 1
8423 4872 32012043 1
8520 4916 32012053 1
8556 4944 32012063 1
7956 5145 32012134 0
7633 5251 32012144 1
7499 5331 32012154 1
7390 5417 32012164 1
7297 5508 32012174 1
7246 5576 32012184 1
7224 5609 32012194 1
7224 5619 32012204 1
7217 5619 32012214 1
7230 5577 32012224 1
7253 5515 32012234 1
7266 5368 32012244 1
7266 5185 32012254 1
7256 4977 32012264 1
7237 4734 32012274 1
7212 4505 32012284 1
7182 4286 32012294 1
7163 4063 32012304 1
7147 3856 32012314 1
7153 3661 32012324 1
7172 3537 32012334 1
7221 3441 32012344 1
7314 3364 32012354 1
7437 3318 32012364 1
7601 3302 32012374 1
7816 3302 32012384 1
8066 3350 32012394 1
8324 3422 32012404 1
8610 3512 32012414 1
8915 3623 32012424 1
9179 3756 32012434 1
9407 3904 32012444 1
9610 4034 32012454 1
9753 4134 32012464 1
9842 4213 32012474 1
9895 4276 32012484 1
9895 4331 32012494 1
9853 4382 32012504 1
9784 4471 32012514 1
