273
1594 3972 64041386 0
1485 4160 64041396 1
1366 4241 64041406 1
1264 4295 64041416 1
1172 4295 64041426 1
1084 4263 64041436 1
1020 4206 64041446 1
971 4111 64041456 1
951 3972 64041466 1
963 3803 64041476 1
995 3641 64041486 1
1050 3541 64041496 1
1121 3483 64041506 1
1202 3473 64041516 1
1286 3526 64041526 1
1372 3621 64041536 1
1467 3803 64041546 1
1570 4016 64041556 1
1652 4249 64041566 1
1719 4490 64041576 1
1750 4710 64041586 1
1758 4916 64041596 1
1751 5082 64041606 1
1742 5144 64041616 1
1734 5136 64041626 1
1720 5083 64041636 1
1700 4934 64041646 1
1694 4722 64041656 1
1694 4507 64041666 1
1709 4272 64041676 1
1735 4023 64041686 1
1775 3855 64041696 1
1831 3742 64041706 1
1898 3667 64041716 1
1982 3642 64041726 1
2089 3663 64041736 1
2212 3714 64041746 1
2329 3832 64041756 1
2433 3965 64041766 1
2527 4107 64041776 1
2597 4246 64041786 1
2636 4383 64041796 1
2654 4498 64041806 1
2631 4600 64041816 1
2598 4638 64041826 1
2557 4609 64041836 1
2513 4536 64041846 1
2473 4381 64041856 1
2459 4198 64041866 1
2459 3997 64041876 1
2482 3835 64041886 1
2528 3722 64041896 1
2590 3642 64041906 1
2672 3607 64041916 1
2755 3614 64041926 1
2843 3648 64041936 1
2939 3754 64041946 1
3042 3895 64041956 1
3147 4060 64041966 1
3225 4212 64041976 1
3286 4367 64041977 1
3331 4478 64041987 1
3360 4559 64041997 1
3378 4576 64042007 1
3390 4563 64042017 1
3402 4529 64042027 1
3402 4428 64042037 1
3402 4291 64042047 1
3392 4129 64042057 1
3376 3996 64042067 1
3358 3880 64042077 1
3344 3776 64042087 1
3331 3720 64042097 1
3331 3704 64042107 1
3331 3714 64042117 1
3345 3749 64042127 1
3381 3843 64042137 1
3434 3977 64042147 1
3513 4112 64042157 1
3596 4232 64042167 1
3675 4341 64042177 1
3749 4370 64042187 1
3794 4351 64042197 1
3826 4300 64042207 1
3850 4217 64042217 1
3861 4133 64042227 1
3867 4063 64042237 1
3867 4004 64042247 1
3872 3972 64042257 1
3872 3963 64042267 1
3881 3970 64042277 1
3890 3994 64042287 1
3935 4073 64042297 1
4002 4190 64042307 1
4093 4321 64042317 1
4186 4432 64042327 1
4279 4531 64042337 1
4324 4546 64042347 1
4350 4518 64042357 1
4364 4461 64042367 1
4375 4349 64042377 1
4390 4236 64042387 1
4414 4146 64042397 1
4449 4072 64042407 1
4507 4032 64042417 1
4580 4032 64042427 1
4678 4049 64042437 1
4786 4113 64042447 1
4900 4207 64042457 1
4996 4320 64042467 1
5064 4435 64042477 1
5114 4534 64042487 1
5128 4622 64042497 1
5113 4690 64042507 1
5079 4719 64042517 1
5037 4719 64042527 1
4992 4679 64042537 1
4946 4599 64042547 1
4915 4495 64042557 1
4908 4376 64042567 1
4916 4256 64042577 1
4941 4164 64042587 1
4987 4091 64042597 1
5047 4053 64042607 1
5128 4053 64042617 1
5231 4080 64042627 1
5348 4159 64042637 1
5471 4275 64042647 1
5597 4417 64042657 1
5726 4548 64042667 1
5852 4657 64042677 1
5934 4752 64042687 1
5989 4791 64042697 1
6013 4777 64042707 1
6013 4728 64042717 1
6001 4627 64042727 1
5962 4510 64042737 1
5915 4382 64042747 1
5862 4261 64042757 1
5818 4175 64042767 1
5780 4113 64042777 1
5769 4097 64042787 1
5774 4103 64042797 1
5798 4125 64042807 1
5864 4204 64042817 1
5958 4328 64042827 1
6096 4483 64042837 1
6250 4633 64042847 1
6414 4732 64042857 1
6524 4796 64042867 1
6594 4796 64042877 1
6637 4746 64042887 1
6653 4662 64042897 1
6644 4546 64042907 1
6619 4414 64042917 1
6595 4271 64042927 1
6573 4148 64042937 1
6557 4046 64042947 1
6563 3959 64042957 1
6581 3908 64042967 1
6636 3908 64042977 1
6744 3934 64042987 1
6888 4039 64042997 1
7058 4199 64043007 1
7264 4395 64043017 1
7494 4600 64043027 1
7687 4794 64043037 1
7822 4982 64043047 1
7918 5074 64043057 1
7928 5094 64043067 1
7887 5066 64043077 1
7812 4986 64043087 1
7710 4861 64043097 1
7610 4707 64043107 1
7540 4580 64043117 1
7489 4473 64043127 1
7489 4379 64043137 1
7528 4294 64043147 1
7595 4221 64043157 1
7668 4156 64043167 1
7740 4105 64043177 1
7779 4066 64043187 1
7796 4035 64043197 1
7780 4005 64043207 1
7724 3974 64043217 1
7642 3947 64043227 1
7535 3922 64043237 1
7433 3909 64043247 1
7334 3920 64043257 1
7274 3946 64043267 1
7720 4500 64043319 0
7992 4638 64043329 1
8077 4654 64043339 1
8113 4654 64043349 1
8133 4602 64043359 1
8142 4530 64043369 1
8142 4443 64043379 1
8135 4341 64043389 1
8122 4239 64043399 1
8112 4153 64043409 1
8104 4079 64043419 1
8104 4035 64043429 1
8104 4020 64043439 1
8117 4025 64043449 1
8146 4079 64043459 1
8188 4186 64043469 1
8251 4328 64043479 1
8434 4944 64043519 0
8473 5342 64043529 1
8461 5480 64043539 1
8443 5535 64043549 1
8431 5553 64043559 1
8431 5547 64043569 1
8431 5524 64043579 1
8442 5471 64043589 1
8453 5397 64043599 1
8466 5314 64043609 1
8498 5226 64043619 1
8992 4863 64043689 0
9034 4732 64043699 1
8994 4672 64043709 1
8946 4576 64043719 1
8892 4456 64043729 1
8848 4338 64043739 1
8824 4224 64043749 1
8812 4149 64043759 1
8828 4099 64043769 1
8876 4083 64043779 1
8946 4116 64043789 1
9036 4182 64043799 1
9136 4291 64043809 1
9242 4409 64043819 1
9312 4533 64043829 1
9334 4629 64043839 1
9325 4701 64043849 1
9267 4757 64043859 1
9185 4778 64043869 1
9088 4761 64043879 1
8993 4718 64043889 1
8904 4670 64043899 1
8863 4630 64043909 1
8851 4616 64043919 1
8903 4616 64043929 1
9006 4640 64043939 1
9143 4682 64043949 1
9329 4738 64043959 1
9520 4785 64043969 1
9715 4777 64043979 1
9865 4732 64043989 1
9963 4663 64043999 1
10026 4587 64044009 1
10040 4499 64044019 1
10025 4402 64044029 1
9990 4315 64044039 1
9948 4235 64044049 1
9912 4187 64044059 1
9898 4163 64044069 1
9898 4156 64044079 1
9926 4173 64044089 1
10001 4250 64044099 1
10106 4368 64044109 1
10259 4513 64044119 1
10417 4622 64044129 1
10579 4707 64044139 1
10681 4725 64044149 1
10750 4697 64044159 1
10798 4638 64044169 1
10816 4544 64044179 1
10816 4431 64044189 1
10796 4306 64044199 1
10780 4194 64044209 1
10769 4100 64044219 1
10782 4019 64044229 1
