270
2279 3843 64018263 0
2279 3799 64018273 1
2258 3815 64018283 1
2218 3838 64018293 1
2180 3860 64018303 1
2147 3913 64018313 1
2118 3987 64018323 1
2070 4090 64018333 1
2000 4197 64018343 1
1915 4307 64018353 1
1821 4358 64018363 1
1718 4319 64018373 1
1608 4220 64018383 1
1500 4059 64018393 1
1398 3856 64018403 1
1329 3625 64018413 1
1280 3430 64018423 1
1268 3265 64018433 1
1295 3119 64018443 1
1347 3070 64018453 1
1432 3091 64018463 1
1553 3158 64018473 1
1698 3337 64018483 1
1832 3583 64018493 1
1965 3874 64018503 1
2099 4209 64018513 1
2205 4553 64018523 1
2294 4903 64018533 1
2348 5163 64018543 1
2369 5287 64018553 1
2369 5321 64018563 1
2354 5285 64018573 1
2322 5148 64018583 1
2278 4944 64018593 1
2236 4672 64018603 1
2197 4397 64018613 1
2183 4121 64018623 1
2183 3883 64018633 1
2223 3699 64018643 1
2293 3551 64018653 1
2385 3462 64018663 1
2512 3425 64018673 1
2659 3425 64018683 1
2819 3480 64018693 1
2977 3589 64018703 1
3134 3733 64018713 1
3291 3923 64018723 1
3392 4108 64018733 1
3443 4281 64018743 1
3461 4412 64018753 1
3426 4517 64018763 1
3363 4522 64018773 1
3281 4436 64018783 1
3196 4289 64018793 1
3138 4107 64018803 1
3097 3919 64018813 1
3097 3720 64018823 1
3128 3577 64018833 1
3181 3472 64018843 1
3259 3397 64018853 1
3342 3368 64018863 1
3446 3368 64018873 1
3562 3435 64018883 1
3706 3557 64018893 1
3839 3717 64018903 1
3965 3920 64018913 1
4081 4102 64018923 1
4167 4270 64018933 1
4232 4349 64018943 1
4244 4349 64018953 1
4238 4308 64018963 1
4219 4190 64018973 1
4170 4030 64018983 1
4124 3842 64018993 1
4086 3680 64019003 1
4063 3569 64019013 1
4050 3493 64019023 1
4050 3466 64019033 1
4057 3466 64019043 1
4100 3493 64019053 1
4168 3601 64019063 1
4291 3779 64019073 1
4428 4003 64019083 1
4574 4182 64019093 1
4682 4275 64019103 1
4741 4310 64019113 1
4767 4273 64019123 1
4760 4185 64019133 1
4731 4063 64019143 1
4688 3947 64019153 1
4660 3864 64019163 1
4638 3802 64019173 1
4633 3783 64019183 1
4633 3788 64019193 1
4645 3810 64019203 1
4704 3910 64019213 1
4795 4041 64019223 1
4903 4192 64019233 1
5014 4326 64019243 1
5097 4388 64019253 1
5159 4403 64019263 1
5182 4350 64019273 1
5171 4229 64019283 1
5136 4063 64019293 1
5094 3893 64019303 1
5087 3733 64019313 1
5103 3627 64019323 1
5152 3554 64019333 1
5233 3510 64019343 1
5335 3510 64019353 1
5468 3550 64019363 1
5622 3634 64019373 1
5789 3760 64019383 1
5932 3915 64019393 1
6042 4066 64019403 1
6131 4213 64019413 1
6179 4353 64019423 1
6179 4439 64019433 1
6146 4491 64019443 1
6089 4484 64019453 1
6019 4398 64019463 1
5940 4260 64019473 1
5866 4083 64019483 1
5813 3902 64019493 1
5773 3743 64019503 1
5773 3601 64019513 1
5807 3512 64019523 1
5857 3466 64019533 1
5927 3449 64019543 1
6026 3486 64019553 1
6145 3584 64019563 1
6305 3723 64019555 1
6459 3910 64019565 1
6609 4085 64019575 1
6756 4253 64019585 1
6865 4402 64019595 1
6949 4461 64019605 1
6974 4461 64019615 1
6967 4406 64019625 1
6939 4294 64019635 1
6888 4142 64019645 1
6831 4005 64019655 1
6771 3878 64019665 1
6715 3758 64019675 1
6680 3681 64019685 1
6659 3643 64019695 1
6659 3631 64019705 1
6692 3631 64019715 1
6746 3690 64019725 1
6858 3781 64019735 1
6995 3928 64019745 1
7149 4076 64019755 1
7334 4224 64019765 1
7477 4328 64019775 1
7593 4364 64019785 1
7655 4355 64019795 1
7682 4287 64019805 1
7682 4175 64019815 1
7675 4035 64019825 1
7666 3907 64019835 1
7675 3798 64019845 1
7695 3701 64019855 1
7740 3647 64019865 1
7816 3630 64019875 1
7912 3639 64019885 1
8030 3709 64019895 1
8191 3840 64019905 1
8381 4013 64019915 1
8576 4192 64019925 1
8743 4373 64019935 1
8892 4556 64019945 1
8965 4656 64019955 1
8965 4687 64019965 1
8911 4673 64019975 1
8808 4616 64019985 1
8706 4516 64019995 1
8605 4388 64020005 1
8556 4266 64020015 1
8556 4165 64020025 1
8583 4077 64020035 1
8638 3991 64020045 1
8700 3903 64020055 1
8767 3813 64020065 1
8811 3725 64020075 1
8823 3661 64020085 1
8814 3612 64020095 1
8773 3573 64020105 1
8715 3545 64020115 1
8645 3525 64020125 1
8581 3525 64020135 1
8541 3546 64020145 1
8516 3578 64020155 1
8527 3630 64020165 1
9208 4313 64020236 0
9385 4342 64020246 1
9402 4303 64020256 1
9386 4211 64020266 1
9348 4083 64020276 1
9312 3961 64020286 1
9277 3841 64020296 1
9242 3736 64020306 1
9220 3640 64020316 1
9201 3581 64020326 1
9201 3559 64020336 1
9201 3559 64020346 1
9228 3611 64020356 1
9611 4794 64020426 0
9692 5124 64020436 1
9692 5205 64020446 1
9670 5249 64020456 1
9659 5269 64020466 1
9654 5269 64020476 1
9663 5237 64020486 1
9678 5189 64020496 1
9692 5111 64020506 1
9713 5014 64020516 1
10029 4581 64020566 0
10157 4513 64020576 1
10151 4498 64020586 1
10103 4413 64020596 1
10027 4281 64020606 1
9930 4130 64020616 1
9833 3958 64020626 1
9737 3771 64020636 1
9677 3620 64020646 1
9658 3522 64020656 1
9666 3460 64020666 1
9724 3442 64020676 1
9839 3485 64020686 1
9992 3569 64020696 1
10158 3713 64020706 1
10326 3881 64020716 1
10456 4064 64020726 1
10559 4206 64020736 1
10579 4305 64020746 1
10533 4375 64020756 1
10442 4375 64020766 1
10309 4330 64020776 1
10179 4247 64020786 1
10093 4175 64020796 1
10036 4129 64020806 1
10036 4101 64020816 1
10078 4083 64020826 1
10157 4083 64020836 1
10291 4102 64020846 1
10455 4112 64020856 1
10639 4095 64020866 1
10787 4060 64020876 1
10911 4002 64020886 1
11018 3938 64020896 1
11074 3864 64020906 1
11100 3795 64020916 1
11107 3730 64020926 1
11099 3694 64020936 1
11094 3675 64020946 1
11094 3668 64020956 1
11094 3673 64020966 1
11143 3726 64020976 1
11217 3811 64020986 1
11351 3952 64020996 1
11505 4060 64021006 1
11671 4147 64021016 1
11784 4172 64021026 1
11874 4151 64021036 1
11948 4100 64021046 1
12000 4017 64021056 1
12042 3922 64021066 1
12078 3820 64021076 1
12121 3720 64021086 1
12166 3643 64021096 1
