339
2129 4507 24197517 0
2162 4473 24197527 1
2162 4491 24197537 1
2157 4533 24197547 1
2157 4559 24197557 1
2151 4590 24197567 1
2139 4624 24197577 1
2126 4657 24197587 1
2108 4692 24197597 1
2087 4729 24197607 1
2057 4768 24197617 1
2022 4806 24197627 1
1983 4822 24197637 1
1944 4822 24197647 1
1890 4802 24197657 1
1826 4746 24197667 1
1743 4668 24197677 1
1650 4571 24197687 1
1550 4451 24197697 1
1468 4315 24197707 1
1411 4153 24197717 1
1370 3989 24197727 1
1359 3823 24197737 1
1384 3693 24197747 1
1433 3589 24197757 1
1508 3551 24197767 1
1604 3564 24197777 1
1713 3612 24197787 1
1806 3732 24197797 1
1892 3897 24197807 1
1973 4091 24197817 1
2048 4322 24197827 1
2117 4596 24197837 1
2182 4898 24197847 1
2230 5203 24197857 1
2276 5508 24197867 1
2320 5750 24197877 1
2328 5951 24197887 1
2328 6041 24197897 1
2321 6097 24197907 1
2321 6130 24197917 1
2311 6143 24197927 1
2304 6143 24197937 1
2304 6143 24197947 1
2297 6109 24197957 1
2281 6007 24197967 1
2256 5856 24197977 1
2231 5670 24197987 1
2209 5454 24197997 1
2209 5219 24198007 1
2218 4960 24198017 1
2244 4690 24198027 1
2274 4412 24198037 1
2331 4154 24198047 1
2405 3955 24198057 1
2489 3796 24198067 1
2576 3707 24198077 1
2672 3674 24198087 1
2744 3679 24198097 1
2798 3710 24198107 1
2861 3778 24198117 1
2922 3872 24198127 1
3054 4231 24198178 0
3030 4179 24198188 1
3008 4192 24198198 1
2982 4174 24198208 1
2972 4135 24198218 1
2972 4098 24198228 1
2985 4061 24198238 1
3013 4035 24198248 1
3045 4017 24198258 1
3096 4017 24198268 1
3157 4041 24198278 1
3214 4078 24198288 1
3265 4131 24198298 1
3311 4190 24198308 1
3345 4253 24198318 1
3359 4317 24198328 1
3359 4389 24198338 1
3345 4467 24198348 1
3321 4510 24198358 1
3290 4527 24198368 1
3245 4527 24198378 1
3196 4501 24198388 1
3145 4459 24198398 1
3098 4406 24198408 1
3069 4331 24198418 1
3053 4233 24198428 1
3053 4120 24198438 1
3087 4033 24198448 1
3140 3965 24198458 1
3212 3909 24198468 1
3303 3891 24198478 1
3406 3911 24198488 1
3513 3956 24198498 1
3623 4026 24198508 1
3738 4108 24198518 1
3821 4197 24198528 1
3883 4296 24198538 1
3932 4401 24198548 1
3967 4510 24198558 1
3993 4590 24198568 1
4001 4640 24198578 1
3994 4671 24198588 1
3978 4678 24198598 1
3959 4678 24198608 1
3941 4665 24198618 1
3923 4641 24198628 1
3909 4588 24198638 1
3897 4502 24198648 1
3892 4394 24198658 1
3892 4266 24198668 1
3892 4151 24198678 1
3892 4044 24198688 1
3886 3971 24198698 1
3902 3935 24198708 1
3931 3924 24198718 1
3952 3936 24198728 1
3981 3993 24198738 1
4019 4079 24198748 1
4055 4185 24198758 1
4090 4296 24198768 1
4131 4411 24198778 1
4171 4451 24198788 1
4199 4458 24198798 1
4220 4444 24198808 1
4235 4410 24198818 1
4245 4361 24198828 1
4252 4302 24198838 1
4252 4237 24198848 1
4257 4188 24198858 1
4257 4150 24198868 1
4257 4130 24198878 1
4263 4130 24198888 1
4263 4144 24198898 1
4293 4207 24198908 1
4334 4297 24198918 1
4381 4404 24198928 1
4426 4440 24198938 1
4463 4433 24198948 1
4495 4397 24198958 1
4532 4351 24198968 1
4568 4300 24198978 1
4601 4257 24198988 1
4633 4222 24198998 1
4664 4208 24199008 1
4699 4219 24199018 1
4740 4248 24199028 1
4780 4290 24199038 1
4823 4381 24199059 0
4856 4355 24199069 1
4867 4314 24199079 1
4875 4275 24199089 1
4896 4247 24199099 1
4917 4226 24199109 1
4941 4215 24199119 1
4968 4237 24199129 1
5012 4281 24199139 1
5070 4365 24199149 1
5138 4449 24199159 1
5194 4536 24199169 1
5234 4626 24199179 1
5263 4720 24199189 1
5263 4807 24199199 1
5236 4862 24199209 1
5194 4898 24199219 1
5151 4898 24199229 1
5098 4852 24199239 1
5038 4785 24199249 1
4989 4697 24199259 1
4959 4603 24199269 1
4942 4480 24199279 1
4942 4340 24199289 1
4953 4208 24199299 1
4980 4113 24199309 1
5039 4043 24199319 1
5119 4007 24199329 1
5212 4015 24199339 1
5328 4052 24199349 1
5446 4132 24199359 1
5565 4242 24199369 1
5667 4371 24199379 1
5757 4490 24199389 1
5832 4604 24199399 1
5877 4680 24199409 1
5903 4734 24199419 1
5896 4741 24199429 1
5884 4741 24199439 1
5869 4736 24199449 1
5849 4717 24199459 1
5829 4670 24199469 1
5808 4604 24199479 1
5785 4516 24199489 1
5776 4422 24199499 1
5776 4331 24199509 1
5776 4244 24199519 1
5790 4186 24199529 1
5808 4156 24199539 1
5825 4144 24199549 1
5838 4144 24199559 1
5850 4184 24199569 1
5877 4244 24199579 1
5900 4338 24199590 1
5920 4429 24199600 1
5949 4519 24199610 1
5978 4558 24199620 1
6006 4571 24199630 1
6032 4571 24199640 1
6061 4545 24199650 1
6089 4499 24199660 1
6117 4437 24199670 1
6139 4369 24199680 1
6156 4301 24199690 1
6171 4234 24199700 1
6190 4190 24199710 1
6210 4160 24199720 1
6228 4154 24199730 1
6259 4176 24199740 1
6307 4217 24199750 1
6501 4449 24199790 0
6609 4549 24199800 1
6654 4599 24199810 1
6682 4640 24199820 1
6699 4677 24199830 1
6707 4709 24199840 1
6702 4729 24199850 1
6688 4740 24199860 1
6662 4740 24199870 1
6626 4740 24199880 1
6582 4717 24199890 1
6535 4683 24199900 1
6491 4630 24199910 1
6448 4571 24199920 1
6423 4516 24199930 1
6418 4467 24199940 1
6426 4441 24199950 1
6451 4424 24199960 1
6496 4412 24199970 1
6554 4412 24199980 1
6622 4412 24199990 1
6692 4405 24200000 1
6762 4390 24200010 1
6812 4370 24200020 1
6829 4331 24200030 1
6823 4281 24200040 1
6786 4219 24200050 1
6734 4159 24200060 1
6671 4101 24200070 1
6618 4055 24200080 1
6601 4043 24200090 1
7337 4651 24200211 0
7337 4651 24200221 1
7337 4651 24200231 1
7350 4624 24200241 1
7339 4603 24200251 1
7326 4550 24200261 1
7313 4477 24200271 1
7300 4426 24200281 1
7291 4348 24200291 1
7285 4252 24200301 1
7285 4180 24200311 1
7296 4151 24200321 1
7319 4151 24200331 1
7339 4177 24200341 1
7364 4234 24200351 1
7395 4312 24200361 1
7421 4414 24200371 1
7433 4536 24200381 1
7438 4672 24200391 1
7438 4798 24200401 1
7438 4858 24200411 1
7438 4874 24200421 1
7438 4869 24200431 1
7446 4843 24200441 1
7465 4802 24200451 1
7493 4760 24200461 1
7525 4718 24200471 1
7558 4677 24200481 1
7586 4638 24200491 1
7603 4601 24200501 1
7613 4565 24200511 1
7613 4506 24200521 1
7613 4443 24200531 1
7618 4371 24200541 1
7631 4298 24200551 1
7649 4229 24200561 1
7676 4186 24200571 1
7714 4159 24200581 1
7759 4159 24200591 1
7812 4192 24200601 1
7857 4244 24200611 1
7897 4302 24200621 1
7923 4367 24200631 1
7923 4437 24200641 1
7917 4508 24200651 1
7876 4547 24200661 1
7825 4566 24200671 1
7767 4566 24200681 1
7719 4557 24200691 1
7675 4547 24200701 1
7662 4538 24200711 1
7668 4531 24200721 1
7688 4517 24200731 1
7732 4499 24200741 1
7792 4484 24200751 1
7877 4477 24200761 1
7965 4477 24200771 1
8058 4484 24200781 1
8155 4508 24200791 1
8251 4541 24200792 1
8329 4564 24200802 1
8397 4587 24200812 1
8444 4613 24200822 1
8468 4642 24200832 1
8476 4665 24200842 1
8476 4671 24200852 1
8476 4671 24200862 1
8471 4646 24200872 1
8463 4606 24200882 1
8452 4553 24200892 1
8438 4481 24200902 1
8423 4403 24200912 1
8407 4331 24200922 1
8407 4265 24200932 1
8402 4237 24200942 1
8410 4237 24200952 1
8422 4247 24200962 1
8454 4297 24200972 1
8499 4374 24200982 1
8548 4470 24200992 1
8599 4562 24201002 1
8655 4643 24201012 1
8704 4660 24201022 1
8749 4638 24201032 1
8803 4578 24201042 1
8857 4492 24201052 1
8905 4390 24201062 1
8950 4277 24201072 1
8974 4189 24201082 1
