326
3463 3903 68268404 0
3510 3877 68268414 1
3510 3877 68268424 1
3510 3894 68268434 1
3516 3903 68268444 1
3511 3914 68268454 1
3500 3937 68268464 1
3487 3968 68268474 1
3473 4005 68268484 1
3457 4048 68268494 1
3386 4096 68268504 1
3316 4110 68268514 1
3226 4130 68268524 1
3123 4154 68268534 1
2999 4086 68268544 1
2872 3944 68268554 1
2744 3753 68268564 1
2623 3544 68268574 1
2552 3362 68268584 1
2513 3197 68268594 1
2518 3090 68268604 1
2576 3040 68268614 1
2670 3029 68268624 1
2809 3088 68268634 1
2993 3209 68268644 1
3207 3371 68268654 1
3416 3544 68268664 1
3612 3768 68268674 1
3798 4026 68268684 1
3938 4299 68268694 1
4054 4572 68268704 1
4153 4845 68268714 1
4229 5069 68268724 1
4284 5236 68268734 1
4325 5364 68268744 1
4344 5441 68268754 1
4350 5476 68268764 1
4350 5482 68268774 1
4344 5482 68268784 1
4329 5440 68268794 1
4305 5374 68268804 1
4253 5228 68268814 1
4166 5002 68268824 1
4055 4722 68268834 1
3948 4417 68268844 1
3842 4100 68268854 1
3740 3775 68268864 1
3695 3555 68268874 1
3685 3392 68268884 1
3743 3267 68268894 1
3831 3176 68268904 1
3940 3146 68268914 1
4073 3158 68268924 1
4220 3222 68268934 1
4376 3325 68268944 1
4490 3454 68268954 1
4559 3604 68268964 1
4599 3758 68268974 1
4604 3916 68268984 1
4576 4032 68268994 1
4526 4102 68269004 1
4445 4142 68269014 1
4349 4137 68269024 1
4243 4097 68269034 1
4141 4033 68269044 1
4075 3932 68269054 1
4033 3792 68269064 1
4011 3627 68269074 1
4027 3495 68269084 1
4069 3381 68269094 1
4141 3278 68269104 1
4240 3207 68269114 1
4356 3190 68269124 1
4491 3210 68269134 1
4655 3277 68269144 1
4839 3365 68269154 1
4970 3466 68269164 1
5073 3570 68269174 1
5156 3673 68269184 1
5179 3775 68269194 1
5172 3842 68269204 1
5144 3879 68269214 1
5128 3895 68269224 1
5115 3901 68269234 1
5109 3901 68269244 1
5109 3901 68269254 1
5109 3901 68269264 1
5109 3901 68269274 1
5114 3868 68269284 1
5114 3816 68269294 1
5105 3706 68269304 1
5087 3578 68269314 1
5055 3437 68269324 1
5025 3305 68269334 1
5002 3198 68269344 1
4995 3107 68269354 1
4995 3073 68269364 1
5002 3068 68269374 1
5007 3083 68269384 1
5007 3134 68269394 1
5029 3228 68269404 1
5067 3351 68269414 1
5127 3500 68269424 1
5206 3658 68269434 1
5297 3821 68269444 1
5371 3900 68269454 1
5430 3938 68269464 1
5479 3948 68269474 1
5518 3932 68269484 1
5527 3864 68269494 1
5517 3762 68269504 1
5510 3630 68269514 1
5502 3504 68269524 1
5492 3382 68269534 1
5463 3263 68269544 1
5423 3192 68269554 1
5418 3154 68269564 1
5418 3148 68269574 1
5428 3163 68269584 1
5444 3191 68269594 1
5463 3255 68269604 1
5510 3347 68269614 1
5572 3459 68269624 1
5643 3581 68269634 1
5727 3723 68269644 1
5813 3879 68269654 1
5901 3965 68269664 1
5968 4009 68269674 1
6024 4024 68269684 1
6072 4005 68269694 1
6096 3938 68269704 1
6090 3839 68269714 1
6064 3696 68269724 1
6027 3559 68269734 1
5989 3427 68269744 1
5951 3294 68269754 1
5957 3198 68269764 1
5994 3128 68269774 1
6064 3094 68269784 1
6177 3114 68269794 1
6319 3170 68269804 1
6477 3258 68269814 1
6637 3362 68269824 1
6778 3478 68269834 1
6905 3593 68269844 1
6966 3705 68269854 1
6978 3810 68269864 1
6956 3873 68269874 1
6917 3910 68269884 1
6857 3910 68269894 1
6783 3862 68269904 1
6706 3786 68269914 1
6633 3663 68269924 1
6568 3539 68269934 1
6546 3434 68269944 1
6553 3342 68269954 1
6595 3276 68269964 1
6681 3250 68269974 1
6795 3250 68269984 1
6939 3295 68269994 1
7084 3356 68270004 1
7230 3429 68270014 1
7331 3498 68270024 1
7402 3576 68270034 1
7402 3576 68270037 0
7439 3820 68270047 1
7434 3866 68270057 1
7434 3866 68270067 1
7421 3833 68270077 1
7409 3784 68270087 1
7387 3683 68270097 1
7359 3577 68270107 1
7328 3445 68270117 1
7280 3299 68270127 1
7223 3146 68270137 1
7160 3023 68270147 1
7139 2919 68270157 1
7139 2875 68270167 1
7148 2875 68270177 1
7178 2900 68270187 1
7229 2978 68270197 1
7295 3096 68270207 1
7383 3240 68270217 1
7477 3423 68270227 1
7582 3600 68270237 1
7689 3774 68270247 1
7780 3879 68270257 1
7862 3935 68270267 1
7932 3958 68270277 1
7969 3949 68270287 1
7983 3897 68270297 1
7965 3817 68270307 1
7926 3702 68270317 1
7872 3593 68270327 1
7838 3487 68270337 1
7808 3386 68270347 1
7808 3317 68270357 1
7823 3270 68270367 1
7856 3260 68270377 1
7911 3291 68270387 1
7981 3349 68270397 1
8077 3436 68270407 1
8180 3541 68270417 1
8293 3659 68270427 1
8412 3800 68270437 1
8534 3897 68270447 1
8623 3965 68270457 1
8689 4001 68270467 1
8740 4010 68270477 1
8752 4002 68270487 1
8734 3963 68270497 1
8695 3903 68270507 1
8639 3829 68270517 1
8584 3751 68270527 1
8535 3675 68270537 1
8495 3606 68270547 1
8469 3542 68270557 1
8450 3476 68270567 1
8450 3423 68270577 1
8475 3380 68270587 1
8516 3345 68270597 1
8573 3302 68270607 1
8629 3255 68270617 1
8684 3267 68270627 1
8695 3247 68270637 1
8663 3205 68270647 1
8602 3168 68270657 1
8520 3137 68270667 1
8429 3109 68270677 1
8332 3089 68270687 1
8309 3089 68270697 1
8330 3106 68270707 1
8379 3169 68270717 1
8498 3274 68270727 1
8667 3408 68270737 1
8869 3547 68270747 1
9100 3687 68270757 1
9283 3827 68270767 1
9435 3922 68270777 1
9537 3972 68270787 1
9579 3993 68270797 1
9579 3993 68270807 1
9570 3983 68270817 1
9554 3961 68270827 1
9534 3929 68270837 1
9509 3897 68270847 1
9487 3861 68270857 1
9471 3794 68270867 1
9441 3709 68270877 1
9401 3611 68270887 1
9343 3488 68270897 1
9286 3348 68270907 1
9229 3202 68270917 1
9212 3090 68270927 1
9236 3000 68270937 1
9288 2958 68270947 1
9379 2958 68270957 1
9509 2992 68270967 1
9666 3052 68270977 1
9829 3130 68270987 1
9996 3219 68270997 1
10101 3306 68271007 1
9914 4540 68271128 0
9914 4540 68271138 1
9914 4540 68271148 1
9896 4515 68271158 1
9905 4493 68271168 1
9915 4463 68271178 1
9945 4428 68271188 1
10198 3654 68271419 0
10195 3743 68271429 1
10209 3801 68271439 1
10224 3840 68271449 1
10232 3874 68271459 1
10232 3874 68271469 1
10227 3861 68271479 1
10185 3792 68271489 1
10119 3690 68271499 1
10041 3567 68271509 1
9979 3452 68271519 1
9927 3372 68271529 1
9940 3316 68271539 1
9997 3297 68271549 1
10083 3324 68271559 1
10194 3383 68271569 1
10286 3469 68271579 1
10366 3551 68271589 1
10384 3629 68271599 1
10366 3703 68271609 1
10323 3774 68271619 1
10252 3839 68271629 1
10176 3857 68271639 1
10096 3847 68271649 1
10018 3813 68271659 1
9984 3775 68271669 1
9978 3741 68271679 1
10025 3712 68271689 1
10849 3915 68271769 0
10966 3890 68271779 1
10966 3890 68271789 1
10944 3859 68271799 1
10860 3767 68271809 1
10736 3633 68271819 1
10629 3493 68271829 1
10495 3347 68271839 1
10343 3191 68271849 1
10285 3086 68271859 1
10268 3014 68271869 1
10278 2993 68271879 1
10316 3015 68271889 1
10382 3066 68271899 1
10466 3154 68271909 1
10563 3274 68271919 1
10661 3416 68271929 1
10786 3565 68271939 1
10929 3688 68271949 1
11094 3793 68271959 1
11222 3812 68271969 1
11324 3772 68271979 1
11398 3693 68271989 1
11414 3576 68271999 1
11390 3442 68272009 1
11346 3298 68272019 1
11304 3154 68272029 1
11293 3051 68272039 1
11301 2975 68272049 1
