399
2609 5737 73661419 0
2609 5737 73661429 1
2599 5767 73661439 1
2593 5790 73661449 1
2581 5818 73661459 1
2564 5864 73661469 1
2548 5905 73661479 1
2528 5959 73661489 1
2512 6024 73661499 1
2495 6069 73661509 1
2474 6088 73661519 1
2452 6088 73661529 1
2415 6070 73661539 1
2366 6017 73661539 1
2310 5941 73661549 1
2250 5832 73661559 1
2192 5719 73661569 1
2135 5600 73661579 1
2087 5442 73661589 1
2045 5257 73661599 1
2031 5164 73661609 1
2031 5069 73661619 1
2070 5009 73661629 1
2124 4973 73661639 1
2189 4979 73661649 1
2258 5036 73661659 1
2343 5128 73661669 1
2439 5267 73661679 1
2536 5436 73661689 1
2633 5625 73661699 1
2735 5842 73661709 1
2839 6071 73661719 1
2925 6309 73661729 1
2998 6536 73661739 1
3062 6704 73661749 1
3102 6832 73661759 1
3125 6947 73661769 1
3136 7020 73661779 1
3128 7064 73661789 1
3111 7075 73661799 1
3088 7063 73661809 1
3060 7035 73661819 1
3025 6977 73661829 1
2984 6892 73661839 1
2945 6788 73661849 1
2905 6681 73661859 1
2863 6550 73661869 1
2819 6402 73661879 1
2788 6240 73661889 1
2760 6060 73661899 1
2739 5869 73661909 1
2745 5687 73661919 1
2768 5532 73661929 1
2821 5396 73661939 1
2896 5275 73661949 1
2985 5197 73661959 1
3098 5147 73661969 1
3218 5134 73661979 1
3342 5151 73661989 1
3444 5189 73661999 1
3543 5254 73662009 1
3641 5342 73662019 1
3733 5446 73662029 1
3799 5560 73662039 1
3847 5681 73662049 1
3883 5808 73662059 1
3892 5929 73662069 1
3884 5992 73662079 1
3854 6017 73662089 1
3813 6027 73662099 1
3765 6020 73662109 1
3708 6002 73662119 1
3649 5953 73662129 1
3589 5877 73662139 1
3549 5784 73662149 1
3526 5691 73662159 1
3514 5597 73662169 1
3520 5498 73662179 1
3542 5401 73662189 1
3575 5305 73662199 1
3634 5239 73662209 1
3708 5193 73662219 1
3792 5173 73662229 1
3892 5187 73662239 1
3997 5225 73662249 1
4109 5281 73662259 1
4218 5349 73662269 1
4309 5426 73662279 1
4388 5504 73662289 1
4464 5590 73662299 1
4526 5682 73662309 1
4579 5773 73662319 1
4617 5833 73662329 1
4630 5873 73662339 1
4630 5879 73662349 1
4619 5879 73662359 1
4611 5884 73662369 1
4596 5877 73662379 1
4576 5844 73662389 1
4549 5795 73662399 1
4522 5731 73662409 1
4496 5664 73662419 1
4470 5591 73662429 1
4447 5516 73662439 1
4430 5444 73662449 1
4415 5382 73662459 1
4404 5327 73662469 1
4398 5291 73662479 1
4398 5274 73662489 1
4398 5269 73662499 1
4409 5269 73662509 1
4417 5292 73662519 1
4445 5327 73662529 1
4485 5397 73662539 1
4528 5465 73662549 1
4572 5533 73662559 1
4608 5573 73662569 1
4638 5610 73662579 1
4669 5642 73662589 1
4692 5671 73662599 1
4709 5681 73662609 1
4721 5687 73662619 1
4733 5687 73662629 1
4747 5673 73662639 1
4760 5642 73662649 1
4760 5598 73662659 1
4760 5541 73662669 1
4760 5482 73662679 1
4753 5423 73662689 1
4753 5383 73662699 1
4753 5354 73662709 1
4753 5334 73662719 1
4753 5334 73662729 1
4760 5344 73662731 1
4760 5344 73662741 1
4777 5410 73662751 1
4804 5481 73662761 1
4833 5561 73662771 1
4873 5637 73662781 1
4919 5680 73662791 1
4955 5702 73662801 1
4982 5718 73662811 1
5002 5718 73662821 1
5013 5711 73662831 1
5025 5690 73662841 1
5040 5665 73662851 1
5055 5632 73662861 1
5069 5587 73662871 1
5081 5535 73662881 1
5093 5484 73662891 1
5108 5441 73662901 1
5125 5403 73662911 1
5143 5384 73662921 1
5158 5384 73662931 1
5172 5394 73662941 1
5191 5417 73662951 1
5207 5449 73662961 1
5218 5487 73662971 1
5227 5521 73662981 1
5235 5549 73662991 1
5240 5567 73663001 1
5240 5573 73663011 1
5246 5573 73663021 1
5246 5573 73663031 1
5256 5573 73663041 1
5265 5573 73663051 1
5277 5567 73663061 1
5307 5575 73663071 1
5350 5589 73663081 1
5401 5615 73663091 1
5452 5648 73663101 1
5501 5687 73663111 1
5540 5724 73663121 1
5574 5760 73663131 1
5606 5814 73663141 1
5637 5881 73663151 1
5658 5948 73663161 1
5673 6008 73663171 1
5667 6043 73663181 1
5650 6063 73663191 1
5626 6076 73663201 1
5592 6084 73663211 1
5559 6084 73663221 1
5528 6071 73663231 1
5499 6051 73663241 1
5474 6022 73663251 1
5454 5986 73663261 1
5438 5936 73663271 1
5429 5877 73663281 1
5429 5817 73663291 1
5437 5758 73663301 1
5453 5700 73663311 1
5474 5646 73663321 1
5504 5594 73663331 1
5539 5549 73663341 1
5589 5515 73663351 1
5648 5488 73663361 1
5723 5479 73663371 1
5814 5490 73663381 1
5916 5514 73663391 1
6016 5564 73663401 1
6119 5612 73663411 1
6226 5670 73663421 1
6335 5736 73663431 1
6426 5808 73663441 1
6504 5880 73663451 1
6567 5953 73663461 1
6609 5996 73663471 1
6637 6021 73663481 1
6647 6033 73663491 1
6647 6033 73663501 1
6629 6028 73663511 1
6613 6019 73663521 1
6597 5992 73663531 1
6583 5954 73663541 1
6566 5891 73663551 1
6548 5816 73663561 1
6532 5732 73663571 1
6521 5665 73663581 1
6521 5598 73663591 1
6515 5533 73663601 1
6515 5497 73663611 1
6525 5478 73663621 1
6535 5468 73663631 1
6546 5473 73663641 1
6559 5489 73663651 1
6575 5526 73663661 1
6603 5582 73663671 1
6639 5652 73663681 1
6683 5719 73663691 1
6727 5779 73663701 1
6772 5826 73663711 1
6818 5854 73663721 1
6866 5870 73663731 1
6906 5870 73663741 1
6941 5862 73663751 1
6973 5840 73663761 1
7001 5802 73663771 1
7027 5761 73663781 1
7050 5718 73663791 1
7074 5669 73663801 1
7100 5621 73663811 1
7130 5585 73663821 1
7162 5557 73663831 1
7200 5541 73663841 1
7244 5549 73663851 1
7301 5572 73663861 1
7367 5610 73663871 1
7432 5660 73663881 1
7497 5718 73663891 1
7567 5796 73663901 1
7639 5881 73663911 1
7695 5970 73663921 1
7739 6020 73663931 1
7757 6047 73663941 1
7757 6060 73663951 1
7757 6068 73663961 1
7742 6073 73663971 1
7716 6073 73663981 1
7682 6057 73663991 1
7641 6030 73664001 1
7601 5990 73664011 1
7562 5949 73664021 1
7526 5902 73664031 1
7492 5850 73664041 1
7463 5799 73664051 1
7441 5764 73664061 1
7441 5738 73664071 1
7447 5719 73664081 1
7463 5703 73664091 1
7486 5688 73664101 1
7521 5680 73664111 1
7561 5672 73664121 1
7605 5662 73664131 1
7650 5650 73664141 1
7686 5635 73664151 1
7717 5618 73664161 1
7732 5598 73664171 1
7732 5577 73664181 1
7727 5553 73664191 1
7702 5525 73664201 1
7656 5494 73664211 1
7595 5461 73664221 1
7535 5431 73664231 1
7496 5420 73664241 1
7471 5420 73664251 1
7471 5435 73664261 1
7487 5466 73664271 1
8141 5996 73664353 0
8251 6057 73664363 1
8269 6073 73664373 1
8278 6073 73664383 1
8278 6073 73664393 1
8278 6051 73664403 1
8258 6016 73664413 1
8235 5945 73664423 1
8211 5858 73664433 1
8190 5760 73664443 1
8176 5681 73664453 1
8166 5618 73664463 1
8166 5565 73664473 1
8181 5531 73664483 1
8191 5516 73664493 1
8203 5516 73664503 1
8220 5537 73664513 1
8242 5591 73664523 1
8272 5665 73664533 1
8300 5765 73664543 1
8324 5911 73664553 1
8347 6088 73664563 1
8367 6244 73664573 1
8388 6361 73664583 1
8404 6453 73664593 1
8416 6488 73664603 1
8432 6502 73664613 1
8450 6502 73664623 1
8472 6488 73664633 1
8497 6449 73664643 1
8524 6394 73664653 1
8556 6336 73664663 1
8666 6197 73664704 0
8702 6134 73664714 1
8709 6102 73664724 1
8709 6070 73664734 1
8693 6027 73664744 1
8672 5979 73664754 1
8647 5909 73664764 1
8618 5827 73664774 1
8602 5757 73664784 1
8589 5687 73664794 1
8584 5627 73664804 1
8584 5575 73664814 1
8602 5542 73664824 1
8629 5530 73664834 1
8663 5530 73664844 1
8708 5561 73664854 1
8754 5604 73664864 1
8801 5655 73664874 1
8834 5709 73664884 1
8861 5770 73664894 1
8872 5835 73664904 1
8864 5887 73664914 1
8844 5922 73664924 1
8811 5946 73664934 1
8776 5957 73664944 1
8740 5965 73664954 1
8713 5965 73664964 1
8705 5965 73664974 1
8705 5960 73664984 1
8725 5934 73664994 1
8747 5894 73665004 1
8793 5867 73665014 1
8854 5845 73665024 1
8937 5826 73665034 1
9024 5832 73665044 1
9119 5848 73665054 1
9217 5872 73665064 1
9317 5911 73665074 1
9417 5949 73665084 1
9486 5982 73665094 1
9536 6011 73665104 1
9567 6036 73665114 1
9583 6061 73665124 1
9588 6071 73665134 1
9581 6071 73665144 1
9571 6071 73665154 1
9560 6048 73665164 1
9538 6013 73665174 1
9517 5968 73665184 1
9496 5902 73665194 1
9469 5822 73665204 1
9439 5745 73665214 1
9414 5675 73665224 1
9391 5609 73665234 1
9373 5547 73665244 1
9373 5506 73665254 1
9373 5478 73665264 1
9386 5465 73665274 1
9404 5474 73665284 1
9430 5497 73665294 1
9471 5544 73665304 1
9522 5606 73665314 1
9571 5677 73665324 1
9623 5750 73665334 1
9675 5816 73665344 1
9726 5871 73665354 1
9769 5905 73665364 1
9812 5926 73665374 1
9840 5936 73665384 1
9858 5926 73665394 1
9868 5903 73665404 1
9868 5850 73665414 1
9851 5783 73665424 1
9831 5707 73665434 1
9811 5636 73665444 1
9792 5580 73665454 1
9785 5534 73665464 1
9785 5515 73665474 1
9785 5515 73665484 1
