393
2138 4703 73647229 0
2102 4708 73647239 1
2092 4729 73647249 1
2086 4758 73647259 1
2086 4795 73647269 1
2081 4847 73647279 1
2071 4905 73647289 1
2059 4966 73647299 1
2041 5000 73647309 1
2023 5044 73647319 1
2002 5096 73647329 1
1978 5103 73647339 1
1952 5088 73647349 1
1913 5059 73647359 1
1866 4984 73647369 1
1805 4867 73647379 1
1743 4723 73647389 1
1680 4584 73647399 1
1621 4444 73647409 1
1590 4305 73647419 1
1577 4202 73647429 1
1591 4123 73647439 1
1626 4093 73647449 1
1675 4098 73647459 1
1729 4126 73647469 1
1805 4219 73647479 1
1895 4351 73647489 1
1999 4509 73647499 1
2102 4688 73647509 1
2201 4903 73647519 1
2294 5142 73647529 1
2384 5368 73647539 1
2462 5564 73647549 1
2521 5739 73647559 1
2567 5871 73647569 1
2601 5973 73647579 1
2628 6056 73647589 1
2649 6132 73647599 1
2649 6162 73647609 1
2649 6162 73647619 1
2637 6152 73647629 1
2609 6097 73647639 1
2571 6012 73647649 1
2525 5900 73647659 1
2478 5767 73647669 1
2432 5619 73647679 1
2387 5447 73647689 1
2342 5256 73647699 1
2310 5053 73647709 1
2281 4834 73647719 1
2281 4637 73647729 1
2295 4456 73647739 1
2344 4290 73647749 1
2430 4180 73647759 1
2541 4108 73647769 1
2684 4079 73647779 1
2816 4089 73647789 1
2941 4125 73647799 1
3060 4190 73647809 1
3180 4280 73647819 1
3280 4387 73647829 1
3367 4503 73647839 1
3437 4619 73647849 1
3483 4731 73647859 1
3513 4835 73647869 1
3513 4898 73647879 1
3480 4935 73647889 1
3433 4944 73647899 1
3377 4932 73647909 1
3321 4906 73647919 1
3264 4858 73647929 1
3213 4784 73647939 1
3168 4692 73647949 1
3134 4590 73647959 1
3124 4488 73647969 1
3124 4384 73647979 1
3161 4290 73647989 1
3223 4204 73647999 1
3305 4152 73648009 1
3405 4133 73648019 1
3528 4133 73648029 1
3666 4175 73648039 1
3805 4230 73648049 1
3922 4296 73648059 1
4024 4374 73648069 1
4125 4450 73648079 1
4210 4523 73648089 1
4285 4594 73648099 1
4336 4660 73648109 1
4367 4721 73648119 1
4385 4757 73648129 1
4380 4777 73648139 1
4365 4786 73648149 1
4343 4781 73648159 1
4318 4767 73648169 1
4290 4746 73648179 1
4261 4720 73648189 1
4232 4684 73648199 1
4201 4631 73648209 1
4169 4567 73648219 1
4143 4496 73648229 1
4120 4427 73648239 1
4106 4358 73648249 1
4100 4307 73648259 1
4100 4267 73648269 1
4106 4247 73648279 1
4113 4240 73648289 1
4122 4240 73648299 1
4136 4260 73648309 1
4169 4313 73648319 1
4213 4390 73648329 1
4262 4469 73648339 1
4311 4540 73648349 1
4353 4579 73648359 1
4390 4600 73648369 1
4421 4600 73648379 1
4445 4583 73648389 1
4465 4553 73648399 1
4481 4502 73648409 1
4481 4446 73648419 1
4481 4384 73648429 1
4481 4325 73648439 1
4471 4279 73648449 1
4465 4241 73648459 1
4465 4230 73648469 1
4470 4230 73648479 1
4480 4239 73648489 1
4514 4289 73648499 1
4562 4366 73648509 1
4624 4462 73648519 1
4687 4526 73648529 1
4732 4555 73648539 1
4765 4560 73648549 1
4792 4549 73648559 1
4815 4534 73648569 1
4834 4511 73648579 1
4849 4485 73648589 1
4865 4454 73648599 1
4881 4422 73648609 1
4900 4387 73648610 1
4925 4348 73648620 1
4959 4308 73648630 1
5006 4287 73648640 1
5064 4278 73648650 1
5133 4294 73648660 1
5216 4327 73648670 1
5308 4371 73648680 1
5386 4416 73648690 1
5464 4465 73648700 1
5542 4517 73648710 1
5617 4574 73648720 1
5691 4638 73648730 1
5751 4706 73648741 1
5784 4768 73648751 1
5798 4827 73648761 1
5780 4867 73648771 1
5744 4897 73648781 1
5695 4908 73648791 1
5641 4908 73648801 1
5587 4891 73648811 1
5533 4860 73648821 1
5488 4825 73648831 1
5447 4771 73648841 1
5413 4707 73648851 1
5385 4630 73648861 1
5366 4553 73648871 1
5372 4478 73648881 1
5393 4408 73648891 1
5427 4342 73648901 1
5479 4291 73648911 1
5542 4265 73648921 1
5624 4257 73648931 1
5727 4270 73648941 1
5844 4309 73648951 1
5952 4366 73648961 1
6063 4432 73648971 1
6178 4501 73648981 1
6295 4571 73648991 1
6409 4648 73649001 1
6506 4734 73649011 1
6592 4825 73649021 1
6654 4899 73649031 1
6689 4938 73649041 1
6707 4953 73649051 1
6707 4953 73649061 1
6693 4959 73649071 1
6676 4959 73649081 1
6651 4935 73649091 1
6626 4905 73649101 1
6593 4852 73649111 1
6554 4782 73649121 1
6514 4701 73649131 1
6474 4616 73649141 1
6435 4531 73649151 1
6409 4456 73649161 1
6399 4389 73649171 1
6399 4347 73649181 1
6399 4321 73649191 1
6409 4305 73649201 1
6421 4305 73649211 1
6435 4326 73649221 1
6457 4361 73649231 1
6489 4422 73649241 1
6528 4496 73649251 1
6581 4580 73649261 1
6642 4655 73649271 1
6708 4713 73649281 1
6774 4760 73649291 1
6840 4799 73649301 1
6899 4824 73649311 1
6953 4840 73649321 1
6999 4848 73649331 1
7038 4836 73649341 1
7073 4812 73649351 1
7090 4761 73649361 1
7099 4705 73649371 1
7099 4640 73649381 1
7105 4571 73649391 1
7112 4500 73649401 1
7127 4431 73649411 1
7157 4385 73649421 1
7197 4353 73649431 1
7255 4338 73649441 1
7330 4355 73649451 1
7417 4394 73649461 1
7512 4447 73649471 1
7613 4514 73649481 1
7723 4590 73649491 1
7838 4670 73649501 1
7950 4749 73649511 1
8032 4825 73649521 1
8096 4884 73649531 1
8156 4932 73649541 1
8195 4963 73649551 1
8221 4988 73649561 1
8229 4998 73649571 1
8223 4998 73649581 1
8207 4998 73649591 1
8181 4998 73649601 1
8146 4979 73649611 1
8105 4956 73649621 1
8066 4925 73649631 1
8029 4886 73649641 1
7995 4839 73649651 1
7963 4787 73649661 1
7937 4744 73649671 1
7921 4707 73649681 1
7912 4678 73649691 1
7918 4654 73649701 1
7934 4634 73649711 1
7956 4618 73649721 1
7993 4606 73649731 1
8039 4598 73649732 1
8095 4591 73649742 1
8155 4583 73649752 1
8216 4570 73649762 1
8275 4550 73649772 1
8325 4525 73649782 1
8356 4497 73649792 1
8375 4459 73649802 1
8369 4415 73649812 1
8337 4360 73649822 1
8287 4305 73649832 1
8219 4248 73649842 1
8150 4211 73649852 1
8079 4186 73649862 1
8025 4186 73649872 1
7995 4204 73649882 1
7981 4237 73649892 1
8000 4291 73649902 1
8046 4356 73649912 1
9013 4928 73650053 0
9013 4928 73650063 1
9013 4928 73650073 1
9012 4953 73650083 1
9002 4953 73650093 1
8993 4944 73650103 1
8983 4930 73650113 1
8969 4906 73650123 1
8952 4858 73650133 1
8931 4794 73650143 1
8910 4719 73650153 1
8892 4644 73650163 1
8878 4567 73650173 1
8870 4506 73650183 1
8870 4454 73650193 1
8877 4423 73650203 1
8889 4411 73650213 1
8902 4411 73650223 1
8922 4446 73650233 1
8950 4507 73650243 1
8977 4586 73650253 1
9039 4991 73650283 0
9062 5253 73650293 1
9062 5328 73650303 1
9062 5360 73650313 1
9062 5372 73650323 1
9067 5372 73650333 1
9076 5364 73650343 1
9095 5341 73650353 1
9121 5308 73650363 1
9153 5270 73650373 1
9323 5034 73650443 0
9361 4969 73650453 1
9361 4960 73650463 1
9361 4942 73650473 1
9356 4923 73650483 1
9344 4889 73650493 1
9326 4846 73650503 1
9298 4785 73650513 1
9270 4721 73650523 1
9243 4654 73650533 1
9219 4575 73650543 1
9199 4496 73650553 1
9199 4426 73650563 1
9199 4362 73650573 1
9229 4319 73650583 1
9260 4312 73650593 1
9311 4330 73650603 1
9373 4375 73650613 1
9432 4433 73650623 1
9478 4500 73650633 1
9515 4571 73650643 1
9540 4649 73650653 1
9549 4731 73650663 1
9549 4789 73650673 1
9516 4831 73650683 1
9473 4863 73650693 1
9423 4885 73650703 1
9371 4892 73650713 1
9325 4892 73650723 1
9302 4876 73650733 1
9291 4863 73650743 1
9297 4833 73650753 1
9309 4792 73650763 1
9345 4749 73650773 1
9396 4707 73650783 1
9469 4675 73650793 1
9560 4648 73650803 1
9664 4641 73650813 1
9788 4652 73650823 1
9922 4675 73650833 1
10063 4705 73650843 1
10162 4734 73650853 1
10240 4760 73650863 1
10304 4786 73650873 1
10345 4812 73650883 1
10365 4834 73650893 1
10370 4852 73650903 1
10370 4860 73650913 1
10354 4860 73650923 1
10336 4854 73650933 1
10313 4840 73650943 1
10291 4819 73650953 1
10269 4792 73650963 1
10246 4750 73650973 1
10224 4700 73650983 1
10199 4630 73650993 1
10173 4557 73651003 1
10148 4481 73651013 1
10126 4407 73651023 1
10112 4351 73651033 1
10112 4306 73651043 1
10112 4284 73651053 1
10121 4275 73651063 1
10131 4275 73651073 1
10147 4291 73651083 1
10173 4327 73651093 1
10208 4377 73651103 1
10249 4449 73651113 1
10308 4534 73651123 1
10378 4629 73651133 1
10455 4705 73651143 1
10521 4757 73651153 1
10574 4792 73651163 1
10622 4819 73651173 1
10673 4843 73651183 1
10716 4848 73651193 1
10754 4843 73651203 1
10775 4817 73651213 1
10787 4768 73651223 1
10792 4704 73651233 1
10783 4628 73651243 1
10768 4547 73651253 1
10749 4459 73651263 1
10733 4368 73651273 1
10719 4277 73651283 1
10710 4206 73651293 1
10710 4149 73651303 1
10723 4112 73651313 1
10737 4097 73651323 1
10752 4097 73651333 1
10768 4113 73651343 1
