334
1849 4298 32094342 0
1819 4298 32094352 1
1803 4308 32094362 1
1781 4316 32094372 1
1756 4328 32094382 1
1728 4344 32094392 1
1693 4362 32094402 1
1653 4379 32094412 1
1604 4390 32094422 1
1554 4390 32094432 1
1504 4369 32094442 1
1465 4329 32094452 1
1430 4278 32094462 1
1401 4201 32094472 1
1388 4107 32094482 1
1388 4005 32094492 1
1394 3909 32094502 1
1416 3818 32094512 1
1446 3750 32094522 1
1485 3713 32094532 1
1529 3698 32094542 1
1580 3707 32094552 1
1642 3764 32094562 1
1710 3854 32094572 1
1772 3975 32094582 1
1838 4131 32094592 1
1909 4310 32094602 1
1978 4504 32094612 1
2038 4697 32094622 1
2091 4892 32094632 1
2124 5069 32094642 1
2140 5231 32094652 1
2145 5356 32094662 1
2145 5419 32094672 1
2145 5440 32094682 1
2139 5432 32094692 1
2139 5365 32094702 1
2139 5258 32094712 1
2128 5096 32094722 1
2117 4903 32094732 1
2108 4690 32094742 1
2108 4492 32094752 1
2108 4293 32094762 1
2141 4093 32094772 1
2185 3941 32094782 1
2249 3831 32094792 1
2319 3750 32094802 1
2400 3723 32094812 1
2497 3745 32094822 1
2603 3800 32094832 1
2716 3901 32094842 1
2820 4028 32094852 1
2906 4173 32094862 1
2982 4325 32094872 1
3028 4475 32094882 1
3046 4587 32094892 1
3046 4674 32094902 1
3017 4716 32094912 1
2978 4716 32094922 1
2930 4700 32094932 1
2877 4636 32094942 1
2828 4545 32094952 1
2798 4435 32094962 1
2779 4307 32094972 1
2779 4189 32094982 1
2800 4077 32094992 1
2830 3972 32095002 1
2877 3883 32095012 1
2928 3806 32095022 1
2997 3761 32095032 1
3075 3752 32095042 1
3167 3766 32095052 1
3262 3818 32095062 1
3359 3907 32095072 1
3457 4021 32095082 1
3556 4153 32095092 1
3645 4292 32095102 1
3726 4436 32095112 1
3786 4550 32095122 1
3828 4628 32095132 1
3859 4681 32095142 1
3868 4690 32095152 1
3868 4666 32095162 1
3868 4621 32095172 1
3858 4519 32095182 1
3831 4390 32095192 1
3794 4243 32095202 1
3759 4116 32095212 1
3727 4019 32095222 1
3701 3941 32095232 1
3694 3899 32095242 1
3700 3890 32095252 1
3714 3903 32095262 1
3758 3949 32095272 1
3822 4046 32095282 1
3912 4177 32095292 1
4007 4324 32095302 1
4109 4441 32095312 1
4202 4538 32095322 1
4288 4576 32095332 1
4341 4576 32095342 1
4372 4547 32095352 1
4389 4490 32095362 1
4389 4409 32095372 1
4378 4312 32095382 1
4355 4217 32095392 1
4330 4140 32095402 1
4310 4075 32095412 1
4297 4042 32095422 1
4297 4033 32095432 1
4302 4040 32095442 1
4302 4046 32095452 1
4332 4102 32095462 1
4376 4191 32095472 1
4439 4313 32095482 1
4519 4437 32095492 1
4611 4562 32095502 1
4700 4641 32095512 1
4764 4680 32095522 1
4812 4693 32095532 1
4830 4672 32095542 1
4830 4616 32095552 1
4824 4536 32095562 1
4809 4434 32095572 1
4794 4315 32095582 1
4780 4185 32095592 1
4785 4078 32095602 1
4811 3987 32095612 1
4850 3906 32095622 1
4910 3854 32095632 1
4992 3837 32095642 1
5088 3844 32095652 1
5207 3891 32095662 1
5326 3971 32095672 1
5445 4072 32095682 1
5554 4201 32095692 1
5657 4341 32095702 1
5739 4489 32095712 1
5785 4612 32095722 1
5806 4712 32095732 1
5792 4796 32095742 1
5754 4844 32095752 1
5701 4854 32095762 1
5635 4840 32095772 1
5571 4776 32095782 1
5507 4689 32095792 1
5458 4586 32095802 1
5412 4456 32095812 1
5382 4323 32095822 1
5362 4185 32095832 1
5362 4068 32095842 1
5383 3966 32095852 1
5417 3881 32095862 1
5474 3820 32095872 1
5548 3775 32095882 1
5634 3765 32095892 1
5730 3792 32095902 1
5832 3845 32095912 1
5938 3934 32095922 1
6032 4045 32095932 1
6120 4171 32095942 1
6204 4315 32095952 1
6283 4458 32095962 1
6345 4575 32095972 1
6395 4675 32095982 1
6430 4734 32095992 1
6447 4754 32096002 1
6452 4748 32096012 1
6458 4718 32096022 1
6451 4641 32096032 1
6436 4534 32096042 1
6398 4398 32096052 1
6350 4254 32096062 1
6295 4105 32096072 1
6246 3982 32096082 1
6202 3883 32096092 1
6180 3800 32096102 1
6171 3764 32096112 1
6183 3764 32096122 1
6216 3778 32096132 1
6262 3851 32096142 1
6356 3969 32096152 1
6455 4118 32096162 1
6564 4280 32096172 1
6677 4438 32096182 1
6788 4551 32096192 1
6878 4635 32096202 1
6955 4683 32096212 1
7002 4695 32096222 1
7032 4683 32096232 1
7051 4638 32096242 1
7051 4546 32096235 1
7034 4423 32096245 1
7003 4259 32096255 1
6966 4093 32096265 1
6931 3941 32096275 1
6919 3798 32096285 1
6919 3685 32096295 1
6948 3626 32096305 1
6995 3602 32096315 1
7055 3610 32096325 1
7147 3679 32096335 1
7278 3788 32096345 1
7434 3964 32096355 1
7596 4163 32096365 1
7760 4377 32096375 1
7926 4585 32096385 1
8054 4764 32096395 1
8156 4925 32096405 1
8226 5022 32096415 1
8254 5062 32096425 1
8254 5062 32096435 1
8233 5051 32096445 1
8177 4988 32096455 1
8099 4892 32096465 1
8011 4758 32096475 1
7925 4632 32096485 1
7842 4512 32096495 1
7798 4409 32096505 1
7779 4324 32096515 1
7800 4251 32096525 1
7847 4192 32096535 1
7911 4143 32096545 1
7953 4100 32096555 1
7978 4065 32096565 1
7991 4029 32096575 1
7982 3992 32096585 1
7952 3955 32096595 1
7908 3918 32096605 1
7845 3894 32096615 1
7784 3879 32096625 1
7727 3879 32096635 1
7688 3896 32096645 1
7660 3925 32096655 1
7654 3968 32096665 1
8522 4813 32096795 0
8571 4748 32096805 1
8551 4731 32096815 1
8551 4651 32096825 1
8551 4598 32096835 1
8558 4563 32096845 1
8558 4508 32096855 1
8558 4451 32096865 1
8558 4394 32096875 1
8542 4331 32096885 1
8530 4268 32096895 1
8520 4203 32096905 1
8514 4155 32096915 1
8514 4119 32096925 1
8514 4095 32096935 1
8514 4089 32096945 1
8523 4095 32096955 1
8529 4122 32096965 1
8541 4187 32096975 1
8563 4278 32096985 1
8592 4401 32096995 1
8696 5390 32097056 0
8715 5653 32097066 1
8715 5748 32097076 1
8705 5809 32097086 1
8705 5847 32097096 1
8705 5847 32097106 1
8705 5847 32097116 1
8715 5817 32097126 1
8732 5779 32097136 1
8749 5741 32097146 1
8763 5709 32097156 1
8777 5680 32097166 1
8788 5653 32097176 1
9208 5005 32097326 0
9228 4888 32097336 1
9208 4870 32097346 1
9169 4822 32097356 1
9154 4776 32097366 1
9140 4731 32097376 1
9126 4660 32097386 1
9109 4569 32097396 1
9091 4466 32097406 1
9074 4349 32097416 1
9062 4248 32097426 1
9071 4157 32097436 1
9092 4111 32097446 1
9137 4104 32097456 1
9213 4124 32097466 1
9310 4195 32097476 1
9432 4308 32097486 1
9537 4448 32097496 1
9631 4573 32097506 1
9682 4674 32097516 1
9692 4759 32097526 1
9674 4818 32097536 1
9622 4841 32097546 1
9551 4841 32097556 1
9467 4803 32097566 1
9376 4751 32097576 1
9290 4688 32097586 1
9241 4640 32097596 1
9214 4612 32097606 1
9227 4598 32097616 1
9284 4598 32097626 1
9371 4617 32097636 1
9517 4659 32097646 1
9666 4712 32097656 1
9831 4763 32097666 1
10004 4811 32097676 1
10139 4821 32097686 1
10242 4807 32097696 1
10323 4759 32097706 1
10369 4690 32097716 1
10379 4606 32097726 1
10365 4502 32097736 1
10323 4387 32097746 1
10269 4264 32097747 1
10206 4164 32097757 1
10159 4098 32097767 1
10138 4056 32097777 1
10133 4056 32097787 1
10151 4083 32097797 1
10216 4137 32097807 1
10311 4254 32097817 1
10455 4400 32097827 1
10607 4565 32097837 1
10765 4698 32097847 1
10898 4796 32097857 1
11000 4871 32097867 1
11080 4894 32097877 1
11113 4864 32097887 1
11113 4800 32097897 1
11088 4687 32097907 1
11035 4560 32097917 1
10975 4423 32097927 1
10909 4294 32097937 1
10881 4200 32097947 1
10897 4129 32097957 1
