202
1992 4944 21547006 0
1942 4906 21547016 1
1963 4920 21547026 1
1997 4953 21547036 1
2073 4996 21547046 1
2178 5060 21547056 1
2325 5184 21547066 1
2498 5349 21547076 1
2689 5503 21547086 1
2848 5636 21547096 1
3001 5754 21547106 1
3150 5872 21547116 1
3273 5982 21547126 1
3371 6068 21547136 1
3453 6142 21547146 1
3501 6200 21547156 1
3036 6528 21547256 0
3036 6528 21547266 1
3036 6528 21547276 1
3043 6487 21547286 1
3054 6419 21547296 1
3054 6294 21547306 1
3054 6121 21547316 1
3029 5916 21547326 1
2988 5679 21547336 1
2933 5439 21547346 1
2863 5197 21547356 1
2794 4951 21547366 1
2722 4738 21547376 1
2647 4547 21547386 1
2581 4402 21547396 1
2517 4295 21547406 1
2459 4213 21547416 1
2411 4200 21547426 1
2370 4262 21547436 1
2811 5205 21547526 0
3061 5162 21547536 1
3162 5091 21547546 1
3269 5011 21547556 1
3377 4889 21547566 1
3487 4759 21547576 1
3590 4623 21547586 1
3689 4507 21547596 1
3769 4418 21547606 1
3829 4348 21547616 1
3876 4299 21547626 1
3906 4287 21547636 1
3918 4300 21547646 1
3738 5227 21547737 0
3867 5379 21547747 1
3939 5474 21547757 1
4089 5589 21547767 1
4289 5738 21547777 1
4532 5910 21547787 1
4795 6077 21547797 1
5072 6240 21547807 1
5339 6394 21547817 1
5563 6521 21547827 1
5758 6630 21547837 1
5907 6709 21547847 1
6005 6771 21547857 1
5827 6930 21547927 0
5601 6709 21547937 1
5479 6534 21547947 1
5351 6331 21547957 1
5242 6109 21547967 1
5131 5848 21547977 1
5018 5611 21547987 1
4913 5391 21547997 1
4813 5182 21548007 1
4753 5057 21548017 1
4718 4987 21548027 1
4735 5000 21548037 1
4776 5076 21548047 1
4832 5195 21548057 1
4973 5487 21548087 0
5157 5685 21548097 1
5230 5700 21548107 1
5289 5681 21548117 1
5301 5603 21548127 1
5277 5491 21548137 1
5228 5356 21548147 1
5160 5219 21548157 1
5096 5101 21548167 1
5035 4997 21548177 1
5009 4945 21548187 1
5018 4958 21548197 1
5051 5015 21548207 1
5122 5143 21548217 1
5229 5269 21548227 1
5360 5394 21548237 1
5484 5447 21548247 1
5594 5455 21548257 1
5695 5433 21548257 1
5752 5375 21548267 1
5774 5311 21548277 1
5774 5254 21548287 1
5755 5203 21548297 1
5741 5195 21548307 1
5735 5238 21548317 1
5756 5316 21548327 1
5976 6205 21548378 0
6200 6511 21548388 1
6268 6564 21548398 1
6308 6564 21548408 1
6329 6540 21548418 1
6296 6442 21548428 1
6207 6288 21548438 1
6080 6097 21548448 1
5961 5915 21548458 1
5870 5785 21548468 1
5797 5691 21548478 1
5758 5666 21548488 1
5766 5692 21548498 1
5884 5837 21548528 0
6055 5900 21548538 1
6132 5846 21548548 1
6201 5773 21548558 1
6252 5688 21548568 1
6276 5613 21548578 1
6282 5538 21548588 1
6264 5461 21548598 1
6238 5427 21548608 1
6206 5421 21548618 1
6176 5460 21548628 1
6151 5547 21548638 1
6382 6926 21548708 0
6615 7242 21548718 1
6709 7322 21548728 1
6794 7363 21548738 1
6860 7363 21548748 1
6905 7345 21548758 1
6937 7308 21548768 1
6952 7249 21548778 1
6937 7159 21548788 1
6902 7048 21548798 1
6829 6911 21548808 1
6734 6773 21548818 1
6623 6653 21548828 1
6521 6546 21548838 1
6467 6482 21548848 1
6446 6460 21548858 1
6446 6465 21548868 1
6484 6506 21548878 1
6537 6582 21548888 1
6622 6682 21548898 1
6728 6777 21548908 1
6848 6841 21548918 1
6953 6885 21548928 1
7055 6885 21548938 1
7155 6820 21548948 1
7245 6719 21548958 1
7321 6543 21548968 1
7387 6287 21548978 1
7438 5979 21548988 1
7472 5639 21548998 1
7494 5340 21549008 1
7521 5068 21549018 1
7543 4841 21549028 1
7562 4690 21549038 1
7567 4590 21549048 1
7560 4567 21549058 1
7544 4602 21549068 1
7500 4677 21549078 1
6891 5575 21549139 0
6776 5694 21549149 1
6749 5763 21549159 1
6749 5824 21549169 1
6799 5901 21549179 1
6881 5989 21549189 1
6984 6070 21549199 1
7107 6146 21549209 1
7247 6218 21549219 1
7398 6282 21549229 1
7529 6321 21549239 1
7610 6343 21549249 1
7657 6330 21549259 1
7652 6277 21549269 1
7592 6198 21549279 1
7495 6083 21549289 1
7356 5935 21549299 1
7202 5766 21549309 1
7037 5636 21549319 1
6934 5543 21549329 1
6884 5474 21549339 1
6869 5458 21549349 1
6892 5474 21549359 1
6978 5512 21549369 1
7107 5608 21549379 1
7283 5724 21549389 1
7472 5854 21549399 1
7670 5960 21549409 1
7826 6007 21549419 1
7887 6016 21549429 1
7887 5936 21549439 1
7749 5766 21549449 1
7566 5537 21549459 1
7350 5300 21549469 1
7212 5170 21549479 1
7245 5111 21549489 1
7392 5183 21549499 1
7810 5457 21549509 1
