219
1844 5076 21526446 0
1766 4901 21526456 1
1725 4907 21526466 1
1733 4913 21526476 1
1782 4961 21526486 1
1858 5036 21526496 1
1992 5131 21526506 1
2173 5293 21526516 1
2384 5499 21526526 1
2617 5677 21526536 1
2835 5859 21526546 1
3044 6021 21526556 1
3237 6168 21526566 1
3381 6291 21526576 1
3493 6390 21526586 1
3559 6472 21526596 1
3568 6514 21526606 1
2903 6635 21526696 0
2886 6610 21526706 1
2894 6610 21526716 1
2914 6566 21526726 1
2930 6492 21526736 1
2940 6362 21526746 1
2946 6185 21526756 1
2940 5978 21526766 1
2914 5722 21526776 1
2874 5470 21526786 1
2824 5222 21526796 1
2769 4958 21526806 1
2710 4693 21526816 1
2640 4474 21526826 1
2572 4286 21526836 1
2512 4107 21526846 1
2470 3993 21526857 1
2439 3922 21526867 1
2429 3922 21526877 1
2716 4847 21526957 0
2922 5009 21526967 1
2999 5056 21526977 1
3057 5064 21526987 1
3147 5045 21526997 1
3240 5013 21527007 1
3343 4943 21527017 1
3454 4848 21527027 1
3574 4730 21527037 1
3702 4632 21527047 1
3810 4548 21527057 1
3904 4480 21527067 1
3988 4422 21527077 1
4063 4372 21527087 1
4131 4348 21527097 1
4187 4363 21527107 1
4372 5375 21527227 0
4506 5489 21527237 1
4605 5584 21527247 1
4749 5699 21527257 1
4924 5836 21527267 1
5120 5976 21527277 1
5334 6117 21527287 1
5561 6278 21527297 1
5769 6413 21527307 1
5927 6530 21527317 1
6051 6614 21527327 1
6156 6692 21527337 1
6233 6761 21527347 1
6150 6959 21527397 0
5951 6902 21527407 1
5841 6834 21527417 1
5724 6729 21527427 1
5607 6565 21527437 1
5492 6363 21527447 1
5377 6113 21527457 1
5262 5850 21527467 1
5149 5578 21527477 1
5045 5328 21527487 1
4964 5102 21527497 1
4897 4893 21527507 1
4881 4786 21527517 1
4901 4781 21527527 1
4946 4843 21527538 1
5012 4980 21527548 1
5083 5144 21527558 1
5166 5326 21527568 1
5257 5488 21527578 1
5343 5590 21527588 1
5426 5651 21527598 1
5480 5661 21527608 1
5504 5624 21527618 1
5504 5555 21527628 1
5486 5465 21527638 1
5448 5361 21527648 1
5399 5247 21527658 1
5358 5165 21527668 1
5343 5132 21527678 1
5343 5132 21527688 1
5375 5185 21527698 1
5447 5291 21527708 1
5546 5433 21527718 1
5658 5509 21527728 1
5771 5526 21527738 1
5855 5505 21527748 1
5919 5458 21527758 1
5946 5398 21527768 1
5946 5330 21527778 1
5934 5270 21527788 1
5922 5246 21527798 1
5915 5246 21527808 1
5915 5299 21527818 1
6182 6278 21527868 0
6370 6521 21527878 1
6412 6570 21527888 1
6434 6570 21527898 1
6434 6570 21527908 1
6422 6497 21527918 1
6365 6382 21527928 1
6274 6226 21527938 1
6161 6049 21527948 1
6056 5858 21527958 1
5979 5694 21527968 1
5921 5603 21527978 1
5900 5562 21527988 1
5919 5562 21527998 1
5964 5612 21528008 1
6039 5694 21528018 1
6117 5792 21528028 1
6202 5855 21528038 1
6287 5896 21528048 1
6354 5864 21528058 1
6408 5786 21528068 1
6443 5677 21528078 1
6464 5571 21528088 1
6475 5453 21528098 1
6460 5327 21528108 1
6447 5250 21528118 1
6439 5233 21528128 1
6439 5257 21528138 1
6439 5342 21528148 1
6497 6676 21528219 0
6652 7094 21528229 1
6725 7228 21528239 1
6792 7298 21528249 1
6867 7326 21528259 1
6928 7339 21528269 1
6980 7327 21528279 1
7030 7299 21528289 1
7068 7245 21528299 1
7098 7171 21528309 1
7098 7084 21528319 1
7071 6969 21528329 1
7016 6846 21528339 1
6949 6717 21528349 1
6882 6617 21528359 1
6815 6553 21528369 1
6777 6512 21528379 1
6768 6512 21528389 1
6777 6534 21528399 1
6808 6570 21528409 1
6863 6629 21528419 1
6933 6691 21528429 1
7014 6755 21528439 1
7101 6792 21528449 1
7199 6792 21528459 1
7303 6758 21528469 1
7405 6670 21528479 1
7487 6511 21528489 1
7558 6306 21528499 1
7616 6054 21528509 1
7652 5763 21528519 1
7672 5446 21528529 1
7687 5151 21528539 1
7702 4907 21528549 1
7715 4697 21528559 1
7726 4545 21528569 1
7726 4445 21528579 1
7713 4379 21528589 1
7694 4329 21528599 1
7681 4324 21528609 1
7652 4350 21528619 1
7612 4416 21528629 1
7559 4529 21528639 1
7143 5363 21528679 0
7021 5665 21528689 1
7000 5722 21528699 1
7010 5789 21528709 1
7041 5867 21528719 1
7101 5960 21528729 1
7195 6049 21528739 1
7311 6134 21528749 1
7430 6196 21528759 1
7539 6243 21528769 1
7642 6272 21528779 1
7722 6272 21528789 1
7754 6262 21528799 1
7754 6209 21528809 1
7691 6111 21528819 1
7592 5984 21528829 1
7469 5835 21528839 1
7333 5686 21528849 1
7201 5579 21528859 1
7127 5499 21528869 1
7090 5456 21528879 1
7095 5456 21528889 1
7159 5475 21528899 1
7261 5543 21528909 1
7417 5632 21528919 1
7578 5734 21528929 1
7745 5816 21528939 1
7909 5865 21528949 1
7996 5891 21528959 1
8034 5835 21528969 1
7988 5707 21528979 1
7869 5532 21528990 1
7702 5305 21529000 1
7560 5121 21529010 1
7491 4965 21529020 1
7471 4926 21529030 1
7608 5005 21529040 1
7952 5163 21529050 1
8435 5505 21529060 1
