195
2295 5077 21498556 0
2127 4909 21498566 1
2102 4898 21498576 1
2141 4938 21498586 1
2223 5016 21498596 1
2361 5143 21498606 1
2554 5302 21498616 1
2784 5481 21498626 1
2989 5635 21498636 1
3200 5772 21498646 1
3373 5901 21498656 1
3518 6009 21498666 1
3643 6103 21498676 1
3730 6184 21498686 1
3256 6531 21498786 0
3206 6475 21498796 1
3188 6447 21498806 1
3183 6375 21498816 1
3183 6261 21498826 1
3177 6120 21498836 1
3145 5895 21498846 1
3099 5637 21498856 1
3038 5357 21498866 1
2964 5041 21498876 1
2881 4720 21498886 1
2807 4458 21498896 1
2737 4236 21498906 1
2676 4047 21498916 1
2622 3924 21498926 1
2576 3846 21498936 1
2547 3841 21498946 1
2527 3922 21498956 1
2929 5101 21499037 0
3150 5174 21499047 1
3234 5174 21499057 1
3311 5120 21499067 1
3397 5028 21499077 1
3488 4929 21499087 1
3585 4815 21499097 1
3685 4691 21499107 1
3781 4587 21499117 1
3863 4502 21499127 1
3938 4431 21499137 1
4002 4409 21499147 1
4054 4429 21499157 1
4005 5200 21499237 0
4108 5368 21499247 1
4174 5472 21499257 1
4304 5601 21499267 1
4476 5744 21499277 1
4701 5910 21499287 1
4928 6088 21499297 1
5156 6234 21499307 1
5376 6377 21499317 1
5541 6485 21499327 1
5669 6572 21499337 1
5330 6724 21499427 0
5165 6468 21499437 1
5083 6322 21499447 1
5021 6140 21499457 1
4971 5928 21499467 1
4907 5697 21499477 1
4830 5482 21499487 1
4745 5258 21499497 1
4659 5029 21499507 1
4612 4872 21499517 1
4592 4793 21499527 1
4600 4767 21499537 1
4620 4806 21499547 1
4647 4902 21499557 1
4847 5482 21499607 0
4982 5621 21499617 1
5024 5612 21499627 1
5035 5566 21499637 1
5021 5478 21499647 1
4991 5365 21499657 1
4946 5235 21499667 1
4903 5121 21499677 1
4860 5035 21499687 1
4840 4967 21499697 1
4849 4958 21499707 1
4877 5003 21499717 1
4937 5084 21499727 1
5023 5197 21499737 1
5126 5262 21499747 1
5235 5295 21499757 1
5315 5323 21499767 1
5376 5270 21499777 1
5392 5163 21499787 1
5386 5068 21499797 1
5364 4995 21499807 1
5343 4936 21499817 1
5327 4929 21499827 1
5318 4979 21499837 1
5754 6361 21499918 0
5990 6560 21499928 1
6027 6582 21499938 1
6037 6564 21499948 1
6028 6491 21499958 1
5983 6381 21499968 1
5901 6226 21499978 1
5794 6057 21499988 1
5669 5880 21499998 1
5562 5708 21500008 1
5466 5617 21500018 1
5432 5580 21500028 1
5432 5580 21500038 1
5456 5638 21500048 1
5513 5728 21500058 1
5795 6133 21500098 0
5978 6142 21500108 1
6038 6068 21500118 1
6069 5902 21500128 1
6081 5714 21500138 1
6081 5511 21500148 1
6076 5315 21500158 1
6058 5195 21500168 1
6058 5126 21500178 1
6064 5120 21500188 1
6074 5171 21500198 1
6091 5260 21500208 1
6346 6854 21500288 0
6479 7050 21500298 1
6536 7107 21500308 1
6594 7130 21500318 1
6653 7130 21500328 1
6706 7114 21500338 1
6755 7061 21500348 1
6771 6983 21500358 1
6746 6847 21500368 1
6693 6718 21500378 1
6622 6593 21500388 1
6547 6469 21500398 1
6468 6369 21500408 1
6413 6286 21500418 1
6393 6264 21500428 1
6393 6272 21500438 1
6411 6300 21500448 1
6453 6377 21500458 1
6512 6461 21500468 1
6595 6550 21500478 1
6682 6610 21500488 1
6783 6632 21500498 1
6892 6632 21500508 1
6975 6582 21500518 1
7054 6454 21500528 1
7130 6273 21500538 1
7201 6007 21500548 1
7250 5714 21500558 1
7283 5404 21500568 1
7304 5096 21500578 1
7317 4832 21500588 1
7324 4597 21500598 1
7324 4393 21500608 1
7313 4233 21500618 1
7295 4103 21500628 1
7275 4083 21500638 1
7247 4135 21500648 1
7213 4234 21500658 1
6630 5189 21500719 0
6570 5379 21500729 1
6570 5494 21500739 1
6588 5626 21500749 1
6658 5729 21500759 1
6762 5833 21500769 1
6889 5938 21500779 1
7005 6014 21500789 1
7121 6071 21500799 1
7235 6116 21500809 1
7319 6141 21500819 1
7384 6130 21500829 1
7384 6095 21500839 1
7321 6002 21500849 1
7217 5867 21500859 1
7087 5703 21500869 1
6957 5561 21500879 1
6826 5433 21500889 1
6735 5315 21500899 1
6698 5253 21500909 1
6698 5231 21500919 1
6746 5231 21500929 1
6853 5294 21500939 1
6999 5387 21500949 1
7158 5503 21500959 1
7320 5590 21500969 1
7483 5634 21500979 1
7557 5650 21500989 1
7551 5604 21500999 1
7492 5481 21501009 1
7358 5306 21501019 1
7226 5122 21501029 1
7095 5011 21501039 1
7084 4949 21501049 1
7268 5006 21501059 1
7583 5248 21501069 1
