196
1733 4857 21531714 0
1667 4705 21531724 1
1642 4712 21531734 1
1665 4735 21531744 1
1719 4770 21531754 1
1800 4852 21531764 1
1947 4972 21531774 1
2137 5118 21531784 1
2351 5328 21531794 1
2558 5509 21531804 1
2760 5671 21531814 1
2907 5808 21531824 1
3038 5940 21531834 1
3158 6042 21531844 1
3235 6126 21531854 1
2547 6312 21531984 0
2576 6156 21531994 1
2595 6044 21532004 1
2615 5876 21532014 1
2620 5685 21532024 1
2614 5478 21532034 1
2588 5211 21532044 1
2545 4921 21532054 1
2490 4615 21532064 1
2431 4367 21532074 1
2374 4115 21532084 1
2324 3920 21532094 1
2283 3765 21532104 1
2253 3686 21532114 1
2228 3669 21532114 1
2209 3694 21532124 1
2357 4653 21532204 0
2550 4826 21532214 1
2645 4844 21532224 1
2733 4831 21532234 1
2826 4749 21532244 1
2919 4650 21532254 1
3020 4541 21532264 1
3122 4421 21532274 1
3223 4301 21532284 1
3312 4199 21532294 1
3396 4109 21532304 1
3473 4053 21532314 1
3547 4031 21532324 1
3620 4031 21532334 1
3961 5114 21532435 0
4131 5284 21532445 1
4175 5419 21532455 1
4286 5539 21532465 1
4435 5660 21532475 1
4608 5783 21532485 1
4801 5922 21532495 1
4973 6040 21532505 1
5129 6143 21532515 1
5282 6230 21532525 1
5407 6314 21532535 1
5504 6393 21532545 1
5373 6652 21532625 0
5188 6440 21532635 1
5082 6312 21532645 1
5003 6132 21532655 1
4928 5918 21532665 1
4854 5692 21532675 1
4778 5477 21532685 1
4696 5273 21532695 1
4620 5103 21532705 1
4581 4959 21532715 1
4565 4887 21532725 1
4584 4880 21532735 1
4609 4916 21532745 1
4831 5431 21532795 0
4950 5546 21532805 1
4985 5538 21532815 1
4998 5477 21532825 1
4984 5381 21532835 1
4952 5233 21532845 1
4904 5094 21532855 1
4856 4960 21532865 1
4825 4853 21532875 1
4805 4797 21532885 1
4805 4774 21532895 1
4826 4800 21532905 1
4869 4891 21532915 1
4938 5026 21532925 1
5021 5138 21532935 1
5114 5194 21532945 1
5214 5212 21532955 1
5293 5193 21532965 1
5357 5149 21532975 1
5388 5089 21532985 1
5398 5028 21532995 1
5393 4966 21533005 1
5393 4941 21533015 1
5388 4941 21533025 1
5794 6084 21533106 0
5964 6218 21533116 1
5999 6262 21533126 1
6010 6253 21533136 1
6010 6209 21533146 1
5959 6110 21533156 1
5879 5960 21533166 1
5776 5777 21533176 1
5659 5612 21533186 1
5570 5474 21533196 1
5500 5355 21533206 1
5485 5328 21533216 1
5502 5355 21533226 1
5694 5650 21533266 0
5887 5805 21533276 1
5965 5778 21533286 1
6029 5713 21533296 1
6075 5600 21533306 1
6099 5465 21533316 1
6109 5316 21533326 1
6092 5175 21533336 1
6077 5090 21533346 1
6070 5042 21533356 1
6070 5042 21533366 1
6076 5125 21533376 1
6085 5238 21533386 1
6188 6445 21533436 0
6365 6835 21533446 1
6437 6965 21533456 1
6511 7042 21533466 1
6591 7085 21533476 1
6677 7119 21533486 1
6759 7119 21533496 1
6819 7092 21533506 1
6865 7018 21533516 1
6877 6909 21533526 1
6859 6778 21533536 1
6820 6667 21533546 1
6751 6554 21533556 1
6672 6440 21533566 1
6587 6326 21533576 1
6520 6259 21533586 1
6491 6222 21533596 1
6491 6222 21533606 1
6497 6256 21533616 1
6533 6307 21533626 1
6588 6387 21533636 1
6666 6467 21533646 1
6749 6516 21533656 1
6842 6546 21533666 1
6940 6546 21533676 1
7032 6483 21533686 1
7114 6386 21533696 1
7188 6217 21533706 1
7259 5982 21533716 1
7311 5702 21533726 1
7350 5378 21533736 1
7387 5017 21533746 1
7424 4632 21533756 1
7459 4329 21533766 1
7490 4098 21533776 1
7506 3915 21533786 1
7513 3808 21533796 1
7506 3808 21533806 1
6800 5200 21533907 0
6709 5363 21533917 1
6683 5459 21533927 1
6696 5566 21533937 1
6748 5651 21533947 1
6826 5742 21533957 1
6926 5837 21533967 1
7041 5929 21533977 1
7167 6005 21533987 1
7300 6070 21533997 1
7407 6113 21534007 1
7496 6127 21534017 1
7529 6127 21534027 1
7509 6073 21534037 1
7454 5963 21534047 1
7353 5813 21534057 1
7227 5661 21534067 1
7084 5507 21534077 1
6976 5375 21534087 1
6910 5259 21534097 1
6873 5206 21534107 1
6873 5189 21534117 1
6924 5197 21534127 1
6999 5243 21534137 1
7112 5332 21534147 1
7259 5451 21534157 1
7428 5552 21534167 1
7566 5607 21534177 1
7646 5632 21534187 1
7688 5600 21534197 1
7642 5477 21534207 1
7508 5293 21534217 1
7314 5058 21534227 1
7112 4820 21534237 1
7000 4676 21534247 1
6947 4595 21534257 1
7057 4646 21534267 1
7415 4883 21534277 1
