193
2071 4941 21536470 0
2047 4863 21536480 1
2040 4872 21536490 1
2100 4918 21536500 1
2192 4988 21536510 1
2305 5069 21536520 1
2443 5195 21536530 1
2610 5352 21536540 1
2797 5508 21536550 1
2967 5658 21536560 1
3138 5798 21536570 1
3308 5937 21536580 1
3462 6077 21536590 1
3607 6197 21536611 1
3743 6315 21536621 1
3828 6429 21536631 1
3405 6614 21536711 0
3323 6546 21536721 1
3290 6483 21536731 1
3278 6402 21536741 1
3278 6308 21536751 1
3278 6174 21536761 1
3264 6013 21536771 1
3248 5790 21536781 1
3217 5558 21536791 1
3162 5320 21536801 1
3092 5037 21536811 1
3011 4749 21536821 1
2932 4525 21536831 1
2858 4346 21536841 1
2802 4189 21536851 1
2757 4112 21536861 1
2730 4089 21536871 1
3100 5300 21536961 0
3375 5353 21536971 1
3475 5314 21536981 1
3559 5262 21536991 1
3669 5157 21537001 1
3782 5030 21537011 1
3883 4888 21537021 1
3976 4728 21537031 1
4068 4605 21537041 1
4155 4507 21537051 1
4239 4414 21537061 1
4299 4358 21537071 1
4344 4326 21537081 1
4260 5150 21537181 0
4352 5264 21537191 1
4439 5397 21537201 1
4590 5520 21537211 1
4783 5649 21537222 1
4973 5783 21537232 1
5180 5930 21537242 1
5376 6054 21537252 1
5559 6164 21537262 1
5707 6256 21537272 1
5815 6331 21537282 1
5561 6460 21537372 0
5394 6157 21537382 1
5305 6006 21537392 1
5236 5816 21537402 1
5179 5599 21537412 1
5110 5409 21537422 1
5049 5238 21537432 1
5012 5079 21537442 1
4989 4962 21537452 1
4989 4897 21537462 1
5387 5631 21537552 0
5430 5556 21537562 1
5411 5475 21537572 1
5383 5385 21537582 1
5348 5289 21537602 1
5301 5171 21537612 1
5254 5076 21537622 1
5232 4997 21537632 1
5226 4966 21537642 1
5245 4981 21537652 1
5296 5026 21537662 1
5367 5125 21537672 1
5467 5240 21537682 1
5568 5367 21537692 1
5666 5422 21537702 1
5750 5437 21537712 1
5826 5426 21537722 1
5853 5380 21537732 1
5853 5317 21537742 1
5836 5243 21537752 1
5801 5173 21537762 1
5765 5121 21537772 1
5728 5080 21537782 1
5722 5089 21537792 1
6300 6437 21537872 0
6449 6460 21537882 1
6449 6460 21537892 1
6417 6376 21537902 1
6361 6248 21537912 1
6264 6089 21537922 1
6158 5908 21537932 1
6046 5727 21537942 1
5961 5612 21537952 1
5921 5541 21537962 1
5912 5521 21537972 1
5921 5544 21537982 1
6091 5782 21538023 0
6268 5894 21538033 1
6337 5853 21538043 1
6390 5775 21538053 1
6433 5664 21538063 1
6445 5550 21538073 1
6439 5412 21538083 1
6420 5260 21538093 1
6397 5166 21538103 1
6391 5138 21538113 1
6396 5154 21538123 1
6403 5227 21538133 1
6414 5357 21538143 1
6504 6324 21538193 0
6709 6826 21538203 1
6809 6957 21538213 1
6888 7033 21538223 1
6954 7073 21538233 1
7012 7090 21538243 1
7062 7080 21538253 1
7106 7040 21538263 1
7138 6980 21538273 1
7148 6887 21538283 1
7142 6785 21538293 1
7101 6678 21538303 1
7037 6563 21538313 1
6958 6446 21538323 1
6877 6326 21538333 1
6814 6253 21538343 1
6762 6212 21538353 1
6762 6212 21538363 1
6778 6251 21538373 1
6810 6311 21538383 1
6881 6418 21538393 1
6957 6520 21538403 1
7050 6619 21538413 1
7152 6670 21538423 1
7264 6688 21538433 1
7377 6683 21538443 1
7471 6628 21538453 1
7552 6480 21538463 1
7623 6270 21538473 1
7678 5954 21538483 1
7722 5580 21538493 1
7749 5167 21538503 1
7778 4750 21538513 1
7809 4491 21538523 1
7848 4337 21538533 1
7860 4151 21538543 1
7855 4077 21538553 1
7842 4077 21538563 1
7795 4108 21538573 1
7725 4200 21538583 1
7101 5188 21538654 0
7054 5401 21538664 1
7054 5535 21538674 1
7063 5690 21538684 1
7137 5819 21538684 1
7258 5948 21538694 1
7410 6052 21538704 1
7549 6139 21538714 1
7682 6199 21538724 1
7812 6231 21538734 1
7915 6245 21538744 1
7958 6228 21538754 1
7958 6164 21538764 1
7903 6069 21538774 1
7789 5931 21538784 1
7638 5772 21538794 1
7480 5599 21538804 1
7325 5425 21538814 1
7172 5302 21538824 1
7118 5214 21538834 1
7118 5195 21538844 1
7152 5216 21538854 1
7250 5263 21538864 1
7387 5371 21538874 1
7550 5494 21538884 1
7746 5628 21538894 1
7907 5718 21538904 1
8045 5745 21538914 1
8090 5729 21538924 1
8038 5635 21538934 1
7921 5454 21538944 1
7713 5214 21538954 1
7510 4990 21538964 1
7422 4878 21538974 1
7408 4841 21538984 1
7667 4997 21538994 1
8222 5349 21539004 1
