245
2170 4379 70657640 0
2031 4305 70657650 1
2001 4298 70657660 1
2001 4289 70657670 1
2045 4279 70657680 1
2109 4304 70657690 1
2215 4352 70657700 1
2363 4447 70657710 1
2540 4563 70657710 1
2746 4692 70657720 1
2925 4830 70657730 1
3086 4965 70657740 1
3246 5071 70657750 1
3360 5159 70657760 1
3443 5223 70657770 1
2971 5721 70657870 0
2917 5629 70657880 1
2878 5602 70657890 1
2864 5490 70657900 1
2851 5322 70657910 1
2839 5098 70657920 1
2811 4806 70657930 1
2775 4468 70657940 1
2719 4071 70657950 1
2641 3672 70657960 1
2547 3272 70657970 1
2469 2929 70657980 1
2397 2676 70657990 1
2345 2484 70658000 1
2305 2394 70658010 1
2280 2377 70658020 1
2595 4156 70658120 0
2745 4187 70658130 1
2817 4123 70658140 1
2894 4028 70658150 1
3000 3883 70658160 1
3123 3722 70658170 1
3265 3550 70658180 1
3411 3391 70658190 1
3573 3226 70658200 1
3744 3057 70658210 1
3888 2920 70658220 1
4021 2801 70658230 1
4146 2693 70658240 1
4256 2626 70658250 1
4936 4964 70658451 0
4805 4799 70658461 1
4734 4766 70658471 1
4699 4750 70658481 1
4689 4750 70658491 1
4712 4765 70658501 1
4789 4796 70658511 1
4903 4878 70658521 1
5052 4982 70658531 1
5233 5102 70658541 1
5435 5218 70658551 1
5604 5333 70658561 1
5749 5445 70658571 1
5756 6112 70658681 0
5725 6038 70658691 1
5697 5998 70658701 1
5650 5945 70658711 1
5588 5760 70658721 1
5535 5508 70658731 1
5472 5212 70658741 1
5402 4858 70658751 1
5327 4511 70658761 1
5237 4168 70658771 1
5137 3821 70658781 1
5035 3514 70658791 1
4939 3234 70658801 1
4854 2967 70658811 1
4795 2775 70658821 1
4753 2632 70658831 1
4753 2599 70658841 1
4789 2618 70658851 1
4845 2672 70658861 1
4939 2818 70658871 1
5067 3011 70658881 1
5217 3235 70658891 1
5379 3463 70658901 1
5523 3677 70658911 1
5654 3871 70658921 1
5783 4011 70658931 1
5870 4114 70658941 1
5930 4149 70658951 1
5953 4126 70658961 1
5953 4065 70658971 1
5930 3914 70658981 1
5882 3734 70658991 1
5819 3536 70659001 1
5746 3374 70659011 1
5678 3230 70659021 1
5629 3099 70659031 1
5593 3023 70659041 1
5585 2997 70659051 1
5599 3004 70659061 1
5627 3048 70659071 1
5695 3149 70659081 1
5785 3289 70659091 1
5889 3434 70659101 1
5974 3521 70659111 1
6040 3570 70659121 1
6092 3559 70659131 1
6133 3526 70659141 1
6174 3478 70659151 1
6216 3415 70659161 1
6257 3351 70659171 1
6296 3302 70659181 1
6334 3262 70659191 1
6368 3235 70659201 1
6399 3223 70659211 1
6428 3223 70659221 1
6555 5755 70659352 0
6688 6114 70659362 1
6703 6237 70659372 1
6723 6345 70659382 1
6745 6364 70659392 1
6740 6323 70659402 1
6689 6215 70659412 1
6607 6043 70659422 1
6491 5829 70659432 1
6361 5612 70659442 1
6222 5380 70659452 1
6099 5138 70659462 1
6015 4933 70659472 1
5957 4775 70659482 1
5940 4648 70659492 1
5964 4589 70659502 1
6014 4584 70659512 1
6106 4616 70659522 1
6229 4725 70659532 1
6372 4878 70659542 1
6495 5061 70659552 1
6594 5138 70659562 1
6677 5108 70659572 1
6742 5006 70659582 1
6787 4752 70659592 1
6818 4449 70659602 1
6818 4114 70659612 1
6813 3765 70659622 1
6794 3444 70659632 1
6782 3141 70659642 1
6772 2936 70659652 1
6772 2767 70659662 1
6780 2623 70659672 1
6799 2538 70659682 1
6939 5845 70659833 0
7011 6001 70659843 1
7026 6049 70659853 1
7081 6109 70659863 1
7162 6157 70659873 1
7268 6196 70659883 1
7380 6233 70659893 1
7491 6268 70659903 1
7598 6298 70659913 1
7690 6298 70659923 1
7755 6284 70659933 1
7803 6217 70659943 1
7803 6090 70659953 1
7738 5924 70659963 1
7638 5712 70659973 1
7532 5522 70659983 1
7430 5347 70659993 1
7362 5220 70660003 1
7314 5160 70660013 1
7309 5144 70660023 1
7334 5144 70660033 1
7379 5170 70660043 1
7455 5206 70660053 1
7548 5256 70660063 1
7652 5301 70660073 1
7737 5296 70660083 1
7804 5261 70660093 1
7859 5192 70660103 1
7893 5094 70660113 1
7915 4978 70660123 1
7928 4830 70660133 1
7948 4678 70660143 1
7972 4485 70660153 1
8002 4266 70660163 1
8034 3998 70660173 1
8068 3710 70660183 1
8108 3410 70660193 1
8163 3091 70660203 1
8227 2808 70660213 1
8308 2549 70660223 1
8383 2334 70660233 1
8455 2129 70660243 1
8516 1932 70660253 1
8565 1732 70660263 1
8605 1570 70660273 1
8632 1433 70660283 1
8638 1344 70660293 1
8630 1298 70660304 1
8598 1282 70660314 1
7545 4416 70660464 0
7508 4447 70660474 1
7478 4469 70660484 1
7463 4500 70660494 1
7463 4506 70660504 1
7479 4522 70660514 1
7532 4545 70660524 1
7621 4586 70660534 1
7734 4636 70660544 1
7878 4692 70660554 1
8009 4733 70660564 1
8131 4743 70660574 1
8227 4733 70660584 1
8281 4672 70660594 1
8307 4566 70660604 1
8267 4430 70660614 1
8196 4253 70660624 1
8104 4090 70660634 1
8022 3937 70660644 1
7945 3809 70660654 1
7898 3724 70660664 1
7869 3669 70660674 1
7869 3651 70660684 1
7906 3651 70660694 1
7967 3668 70660704 1
8060 3711 70660714 1
8176 3771 70660724 1
8308 3842 70660734 1
8422 3874 70660744 1
8491 3860 70660754 1
8531 3816 70660764 1
8538 3723 70660774 1
8505 3612 70660784 1
8445 3490 70660784 1
8357 3345 70660794 1
8256 3183 70660804 1
8147 3009 70660814 1
8056 2834 70660824 1
7970 2684 70660834 1
7923 2551 70660844 1
7900 2471 70660854 1
7927 2439 70660864 1
7996 2439 70660874 1
8094 2474 70660884 1
8230 2547 70660894 1
8406 2647 70660904 1
8608 2794 70660914 1
8832 2939 70660924 1
9058 3052 70660934 1
