239
2071 5141 84347565 0
2086 5098 84347575 1
2093 5117 84347585 1
2102 5172 84347595 1
2127 5179 84347605 1
2163 5187 84347615 1
2210 5202 84347625 1
2282 5223 84347635 1
2370 5273 84347635 1
2498 5352 84347645 1
2659 5451 84347655 1
2841 5555 84347665 1
3039 5675 84347675 1
3245 5807 84347685 1
3456 5960 84347695 1
3653 6086 84347705 1
3819 6194 84347715 1
3964 6291 84347725 1
4093 6371 84347735 1
4222 6440 84347745 1
4309 6504 84347755 1
4368 6561 84347765 1
4404 6613 84347775 1
4417 6657 84347785 1
4417 6728 84347795 1
4390 6816 84347805 1
4338 6904 84347815 1
4266 6996 84347825 1
4182 7090 84347835 1
4095 7184 84347845 1
4007 7278 84347855 1
3945 7348 84347865 1
3910 7402 84347875 1
3893 7402 84347885 1
3873 7339 84347895 1
3820 7238 84347905 1
3745 7011 84347915 1
3636 6704 84347925 1
3524 6343 84347935 1
3411 5947 84347945 1
3314 5593 84347955 1
3237 5268 84347965 1
3174 4966 84347975 1
3151 4724 84347985 1
3133 4523 84347995 1
3133 4368 84348005 1
3139 4249 84348015 1
3156 4154 84348025 1
3170 4124 84348035 1
3182 4145 84348045 1
3208 4201 84348055 1
3240 4412 84348065 1
3293 4707 84348075 1
3358 5059 84348085 1
3429 5425 84348095 1
3493 5648 84348105 1
3549 5775 84348115 1
3607 5812 84348125 1
3664 5793 84348135 1
3745 5737 84348145 1
3826 5626 84348155 1
3907 5449 84348165 1
4001 5228 84348175 1
4110 5023 84348185 1
4228 4799 84348195 1
4330 4563 84348205 1
4450 4399 84348215 1
4583 4256 84348225 1
4697 4126 84348235 1
4811 4029 84348245 1
5035 5615 84348466 0
4930 5472 84348476 1
4905 5515 84348486 1
4928 5523 84348496 1
5013 5568 84348506 1
5140 5637 84348516 1
5327 5736 84348526 1
5517 5866 84348536 1
5718 6018 84348546 1
5924 6154 84348556 1
6087 6299 84348566 1
6254 6450 84348576 1
6387 6592 84348586 1
6495 6728 84348596 1
6550 6852 84348606 1
6556 6971 84348616 1
6530 7038 84348626 1
6470 7070 84348636 1
6377 7040 84348646 1
6262 6913 84348656 1
6124 6722 84348666 1
5990 6466 84348676 1
5861 6155 84348686 1
5733 5807 84348696 1
5636 5554 84348706 1
5560 5338 84348716 1
5518 5148 84348726 1
5502 5048 84348736 1
5502 5015 84348746 1
5521 5028 84348756 1
5577 5043 84348766 1
5658 5140 84348776 1
5815 5291 84348786 1
5964 5515 84348796 1
6107 5684 84348806 1
6213 5816 84348816 1
6265 5858 84348826 1
6282 5849 84348836 1
6282 5807 84348846 1
6250 5676 84348856 1
6192 5481 84348866 1
6107 5244 84348876 1
6028 5049 84348886 1
5952 4914 84348896 1
5912 4818 84348906 1
5905 4795 84348916 1
5919 4800 84348926 1
5928 4824 84348936 1
5995 4922 84348946 1
6101 5044 84348956 1
6219 5181 84348966 1
6302 5274 84348976 1
6362 5280 84348986 1
6385 5229 84348996 1
6399 5174 84349006 1
6406 5115 84349016 1
6406 5054 84349026 1
6406 5033 84349036 1
6406 5033 84349046 1
6414 5043 84349056 1
6424 5055 84349066 1
6482 5155 84349076 1
6569 5313 84349086 1
6672 5537 84349096 1
6777 5733 84349106 1
6883 5911 84349116 1
6961 6085 84349126 1
7021 6238 84349136 1
7068 6376 84349146 1
7097 6485 84349156 1
7113 6565 84349166 1
7113 6627 84349176 1
7108 6643 84349186 1
7102 6643 84349196 1
7102 6643 84349206 1
7080 6627 84349216 1
7047 6514 84349226 1
6980 6336 84349236 1
6895 6100 84349246 1
6799 5853 84349256 1
6704 5599 84349266 1
6635 5417 84349276 1
6583 5293 84349286 1
6563 5209 84349296 1
6563 5209 84349306 1
6582 5235 84349316 1
6617 5282 84349326 1
6693 5433 84349336 1
6797 5548 84349346 1
6880 5640 84349347 1
6926 5629 84349357 1
6947 5552 84349367 1
6967 5432 84349377 1
6980 5226 84349387 1
6989 5015 84349397 1
6989 4786 84349407 1
6989 4547 84349417 1
6989 4367 84349427 1
6996 4205 84349437 1
7005 4055 84349447 1
7017 3941 84349457 1
7029 3899 84349467 1
7292 7054 84349618 0
7250 7035 84349628 1
7260 7046 84349638 1
7282 7012 84349648 1
7311 6947 84349658 1
7344 6799 84349668 1
7367 6604 84349678 1
7386 6377 84349688 1
7401 6085 84349698 1
7439 5781 84349708 1
7483 5470 84349718 1
7529 5173 84349728 1
7573 4876 84349738 1
7618 4578 84349748 1
7653 4358 84349758 1
7680 4163 84349768 1
7699 3984 84349778 1
7708 3856 84349788 1
7708 3813 84349798 1
7708 3826 84349808 1
7025 5881 84349918 0
6938 5916 84349928 1
6907 5916 84349938 1
6907 5923 84349948 1
6939 5915 84349958 1
6992 5903 84349968 1
7095 5891 84349978 1
7220 5880 84349988 1
7359 5880 84349998 1
7480 5880 84350008 1
7586 5873 84350018 1
7682 5862 84350028 1
7758 5822 84350038 1
7803 5764 84350048 1
7827 5679 84350058 1
7802 5558 84350068 1
7746 5414 84350078 1
7668 5278 84350088 1
7588 5155 84350098 1
7513 5042 84350108 1
7477 4987 84350118 1
7466 4973 84350128 1
7478 4986 84350138 1
7491 4986 84350148 1
7504 4996 84350158 1
7576 5051 84350168 1
7670 5139 84350178 1
7778 5230 84350188 1
7868 5288 84350198 1
7925 5325 84350208 1
7960 5325 84350218 1
7965 5302 84350228 1
7952 5257 84350238 1
7928 5145 84350248 1
7867 4991 84350258 1
7793 4808 84350268 1
7711 4612 84350278 1
7640 4453 84350288 1
7604 4320 84350298 1
7590 4253 84350308 1
7596 4217 84350318 1
7632 4202 84350328 1
7688 4194 84350338 1
7794 4239 84350348 1
7935 4320 84350358 1
8099 4439 84350368 1
8271 4558 84350378 1
