260
2433 5227 84332413 0
2348 5184 84332423 1
2320 5192 84332433 1
2311 5223 84332443 1
2311 5223 84332453 1
2318 5228 84332463 1
2353 5228 84332473 1
2409 5242 84332483 1
2502 5265 84332493 1
2644 5323 84332503 1
2819 5412 84332513 1
3018 5522 84332523 1
3233 5642 84332533 1
3458 5779 84332543 1
3679 5928 84332553 1
3872 6082 84332563 1
4046 6234 84332573 1
4212 6355 84332583 1
4321 6458 84332593 1
4392 6525 84332603 1
4416 6550 84332613 1
4425 6550 84332623 1
4425 6550 84332633 1
4411 6577 84332643 1
4380 6627 84332653 1
4336 6692 84332663 1
4284 6777 84332673 1
4226 6875 84332683 1
4164 7006 84332693 1
4099 7134 84332703 1
4033 7257 84332713 1
3967 7323 84332723 1
3928 7353 84332733 1
3897 7331 84332743 1
3870 7250 84332753 1
3827 7130 84332763 1
3757 6914 84332773 1
3670 6621 84332783 1
3558 6277 84332793 1
3450 5911 84332803 1
3344 5560 84332813 1
3267 5232 84332823 1
3213 4915 84332833 1
3173 4671 84332843 1
3158 4505 84332853 1
3150 4392 84332863 1
3150 4322 84332873 1
3163 4296 84332883 1
3163 4296 84332893 1
3163 4303 84332903 1
3175 4376 84332913 1
3217 4496 84332923 1
3278 4728 84332933 1
3345 5019 84332943 1
3421 5349 84332953 1
3504 5620 84332963 1
3570 5760 84332973 1
3630 5812 84332983 1
3685 5799 84332993 1
3736 5757 84333003 1
3787 5697 84333013 1
3838 5587 84333023 1
3898 5434 84333033 1
3972 5253 84333043 1
4055 5083 84333053 1
4166 4869 84333063 1
4276 4626 84333073 1
4384 4423 84333083 1
4475 4224 84333093 1
4570 4028 84333103 1
4666 3888 84333113 1
5114 5717 84333425 0
5032 5685 84333435 1
5024 5685 84333445 1
5067 5697 84333455 1
5172 5717 84333465 1
5314 5773 84333475 1
5480 5871 84333485 1
5651 5996 84333495 1
5819 6126 84333505 1
5985 6283 84333515 1
6146 6458 84333525 1
6294 6607 84333535 1
6433 6732 84333545 1
6518 6841 84333555 1
6559 6945 84333565 1
6570 7008 84333575 1
6543 7043 84333585 1
6487 7064 84333595 1
6411 7040 84333605 1
6307 6987 84333615 1
6193 6853 84333625 1
6073 6672 84333635 1
5967 6460 84333645 1
5864 6187 84333655 1
5767 5922 84333665 1
5680 5663 84333675 1
5624 5454 84333685 1
5588 5291 84333695 1
5581 5160 84333705 1
5589 5117 84333715 1
5607 5101 84333725 1
5632 5101 84333735 1
5686 5122 84333745 1
5758 5211 84333755 1
5868 5347 84333765 1
5983 5544 84333775 1
6106 5691 84333785 1
6213 5804 84333795 1
6310 5908 84333805 1
6354 5958 84333815 1
6379 5972 84333825 1
6391 5972 84333835 1
6391 5947 84333845 1
6378 5898 84333855 1
6350 5726 84333865 1
6286 5520 84333875 1
6221 5292 84333885 1
6156 5111 84333895 1
6128 5017 84333905 1
6120 4982 84333915 1
6125 4982 84333925 1
6133 4982 84333935 1
6146 4982 84333945 1
6195 5008 84333955 1
6266 5075 84333965 1
6366 5170 84333975 1
6447 5253 84333985 1
6514 5308 84333995 1
6556 5344 84334005 1
6598 5376 84334015 1
6639 5408 84334025 1
6678 5454 84334035 1
6725 5509 84334045 1
6774 5577 84334055 1
7064 6226 84334156 0
7091 6299 84334166 1
7091 6401 84334176 1
7096 6444 84334186 1
7096 6444 84334196 1
7096 6444 84334206 1
7096 6444 84334216 1
7087 6400 84334226 1
7049 6326 84334236 1
6989 6162 84334246 1
6911 5985 84334256 1
6833 5799 84334266 1
6757 5656 84334276 1
6689 5544 84334286 1
6648 5452 84334296 1
6623 5408 84334306 1
6623 5402 84334316 1
6631 5422 84334326 1
6670 5490 84334336 1
6732 5567 84334346 1
6803 5651 84334356 1
6861 5693 84334366 1
6911 5685 84334376 1
6947 5645 84334386 1
6973 5540 84334396 1
6992 5362 84334406 1
7013 5135 84334416 1
7032 4920 84334426 1
7053 4701 84334436 1
7079 4517 84334446 1
7109 4358 84334456 1
7133 4198 84334466 1
7150 4092 84334476 1
7165 4021 84334486 1
7176 3979 84334496 1
7321 7045 84334656 0
7321 7045 84334666 1
7321 7045 84334676 1
7321 7045 84334686 1
7321 7045 84334696 1
7327 6976 84334706 1
7362 6876 84334716 1
7409 6740 84334726 1
7468 6579 84334736 1
7525 6338 84334746 1
7570 6046 84334756 1
7608 5720 84334766 1
7642 5434 84334787 1
7679 5146 84334797 1
7718 4856 84334807 1
7752 4639 84334817 1
7782 4481 84334827 1
7811 4363 84334837 1
7823 4264 84334847 1
7823 4222 84334857 1
7823 4217 84334867 1
7823 4217 84334877 1
7793 4291 84334887 1
7741 4417 84334897 1
7668 4649 84334907 1
7596 4912 84334917 1
7528 5197 84334927 1
7445 5457 84334937 1
7352 5639 84334947 1
7256 5770 84334957 1
7163 5826 84334967 1
7096 5852 84334977 1
7044 5857 84334987 1
7010 5857 84334997 1
6999 5857 84335007 1
6999 5857 84335017 1
7020 5857 84335027 1
7079 5857 84335037 1
7164 5857 84335047 1
7301 5852 84335057 1
7424 5852 84335067 1
7537 5852 84335077 1
7620 5857 84335087 1
7703 5848 84335097 1
7762 5824 84335107 1
7806 5790 84335117 1
7827 5748 84335127 1
7818 5665 84335137 1
7788 5554 84335147 1
7733 5405 84335157 1
7677 5251 84335167 1
7621 5149 84335177 1
7580 5085 84335187 1
7564 5055 84335197 1
7564 5042 84335207 1
7564 5042 84335207 1
7564 5042 84335217 1
7599 5042 84335227 1
7650 5087 84335237 1
7735 5155 84335247 1
7821 5252 84335257 1
7904 5321 84335267 1
7950 5372 84335277 1
7973 5386 84335287 1
7983 5378 84335297 1
7975 5355 84335307 1
7954 5256 84335317 1
7907 5123 84335327 1
7842 4967 84335337 1
7765 4805 84335347 1
7716 4657 84335357 1
7690 4544 84335367 1
7679 4450 84335377 1
7688 4388 84335387 1
7701 4359 84335397 1
7736 4351 84335407 1
7784 4351 84335417 1
7859 4379 84335427 1
7944 4425 84335437 1
8035 4503 84335447 1
8124 4588 84335457 1
8226 4679 84335467 1
8336 4768 84335477 1
8435 4859 84335487 1
8502 4910 84335497 1
8547 4935 84335507 1
8576 4943 84335517 1
8593 4948 84335527 1
8602 4948 84335537 1
8613 4948 84335547 1
