267
1942 3902 70704687 0
1916 3852 70704697 1
1881 3889 70704707 1
1881 3896 70704717 1
1902 3883 70704727 1
1945 3878 70704737 1
2020 3894 70704747 1
2135 3924 70704757 1
2276 3997 70704767 1
2439 4099 70704777 1
2619 4221 70704787 1
2811 4360 70704797 1
2988 4497 70704807 1
3171 4634 70704817 1
3313 4748 70704827 1
3426 4850 70704837 1
3068 5212 70704928 0
2975 5165 70704938 1
2926 5133 70704948 1
2895 5109 70704958 1
2877 4999 70704968 1
2856 4818 70704978 1
2830 4589 70704988 1
2800 4334 70704998 1
2764 4046 70705008 1
2718 3737 70705018 1
2665 3467 70705028 1
2611 3196 70705038 1
2561 2974 70705048 1
2519 2785 70705058 1
2483 2650 70705068 1
2466 2592 70705078 1
2556 3593 70705148 0
2702 3889 70705158 1
2772 3962 70705168 1
2820 3975 70705178 1
2889 3922 70705188 1
2971 3825 70705198 1
3065 3674 70705208 1
3170 3516 70705218 1
3282 3353 70705228 1
3394 3169 70705238 1
3510 3014 70705248 1
3644 2878 70705258 1
3789 2741 70705268 1
3917 2631 70705278 1
4038 2538 70705288 1
4154 2469 70705298 1
4270 2428 70705308 1
4942 4481 70705589 0
4900 4421 70705599 1
4900 4450 70705609 1
4900 4510 70705619 1
4926 4526 70705629 1
4973 4554 70705639 1
5055 4590 70705649 1
5161 4636 70705659 1
5283 4692 70705669 1
5414 4756 70705679 1
5546 4844 70705689 1
5689 4935 70705699 1
5839 5029 70705709 1
5932 5100 70705719 1
6002 5157 70705729 1
5826 5546 70705829 0
5826 5546 70705839 1
5777 5563 70705849 1
5752 5539 70705859 1
5734 5494 70705869 1
5706 5351 70705879 1
5668 5166 70705889 1
5624 4954 70705899 1
5576 4703 70705909 1
5531 4473 70705919 1
5489 4257 70705929 1
5446 4033 70705939 1
5400 3806 70705949 1
5358 3619 70705959 1
5322 3461 70705969 1
5295 3349 70705979 1
5295 3292 70705989 1
5301 3272 70705999 1
5325 3283 70706009 1
5378 3346 70706019 1
5450 3444 70706029 1
5546 3578 70706039 1
5665 3724 70706049 1
5799 3878 70706059 1
5901 3998 70706069 1
5974 4067 70706079 1
6027 4103 70706089 1
6047 4088 70706099 1
6047 4026 70706109 1
6030 3934 70706119 1
5993 3780 70706129 1
5944 3618 70706139 1
5886 3450 70706149 1
5826 3306 70706159 1
5768 3191 70706169 1
5733 3095 70706179 1
5713 3047 70706189 1
5719 3031 70706199 1
5729 3036 70706209 1
5769 3071 70706219 1
5826 3158 70706229 1
5890 3281 70706239 1
5969 3424 70706249 1
6059 3532 70706259 1
6134 3618 70706269 1
6190 3658 70706279 1
6234 3672 70706289 1
6267 3672 70706299 1
6295 3657 70706309 1
6319 3633 70706319 1
6348 3602 70706329 1
6377 3565 70706339 1
6407 3527 70706349 1
6436 3493 70706359 1
6464 3462 70706369 1
6491 3440 70706379 1
6516 3430 70706389 1
6537 3430 70706399 1
7086 5507 70706540 0
7186 5639 70706550 1
7172 5680 70706560 1
7159 5662 70706570 1
7128 5612 70706580 1
7084 5493 70706590 1
7020 5318 70706600 1
6934 5105 70706610 1
6834 4882 70706620 1
6721 4675 70706630 1
6621 4478 70706640 1
6530 4292 70706650 1
6461 4136 70706660 1
6421 4001 70706670 1
6400 3914 70706680 1
6421 3877 70706690 1
6474 3877 70706700 1
6548 3916 70706710 1
6642 4014 70706720 1
6741 4149 70706730 1
6846 4292 70706740 1
6923 4387 70706750 1
6983 4450 70706760 1
7028 4433 70706770 1
7066 4333 70706780 1
7099 4177 70706790 1
7121 3981 70706800 1
7140 3758 70706810 1
7158 3517 70706820 1
7181 3262 70706830 1
7194 3016 70706840 1
7199 2776 70706850 1
7213 2559 70706860 1
7223 2379 70706870 1
7230 2225 70706880 1
7244 2076 70706890 1
7260 1970 70706900 1
7284 1894 70706910 1
7564 5241 70707071 0
7571 5317 70707081 1
7571 5337 70707091 1
7571 5347 70707101 1
7571 5347 70707111 1
7584 5360 70707121 1
7619 5385 70707131 1
7669 5420 70707141 1
7758 5483 70707151 1
7858 5542 70707161 1
7964 5595 70707171 1
8042 5619 70707181 1
8093 5625 70707191 1
8126 5591 70707201 1
8119 5488 70707211 1
8069 5338 70707221 1
7989 5146 70707231 1
7898 4969 70707241 1
7810 4801 70707251 1
7723 4675 70707261 1
7677 4593 70707271 1
7659 4541 70707281 1
7659 4528 70707291 1
7677 4534 70707301 1
7729 4553 70707311 1
7803 4581 70707321 1
7898 4607 70707331 1
7988 4600 70707341 1
8074 4572 70707351 1
8151 4514 70707361 1
8221 4421 70707371 1
8286 4305 70707381 1
8336 4162 70707391 1
8377 3994 70707401 1
8412 3809 70707411 1
8444 3582 70707421 1
8477 3338 70707431 1
8515 3083 70707441 1
8554 2785 70707451 1
8596 2505 70707461 1
8637 2237 70707471 1
8669 2010 70707481 1
8693 1811 70707491 1
8723 1630 70707501 1
8749 1499 70707511 1
8772 1395 70707521 1
8788 1308 70707531 1
8799 1251 70707541 1
8806 1226 70707551 1
8806 1226 70707561 1
8806 1226 70707571 1
8783 1268 70707581 1
7937 3493 70707722 0
7849 3476 70707732 1
7794 3460 70707742 1
7770 3444 70707752 1
7770 3465 70707762 1
7770 3475 70707772 1
7816 3475 70707782 1
7883 3512 70707792 1
7968 3567 70707802 1
8065 3637 70707812 1
8171 3724 70707822 1
8291 3836 70707832 1
8410 3964 70707842 1
8526 4061 70707852 1
8599 4106 70707862 1
8646 4116 70707872 1
8646 4072 70707882 1
8609 3974 70707892 1
8543 3839 70707902 1
8454 3676 70707912 1
8357 3536 70707922 1
8254 3412 70707932 1
8172 3288 70707942 1
8124 3206 70707952 1
8099 3153 70707962 1
8113 3153 70707972 1
8160 3179 70707982 1
8230 3222 70707992 1
8338 3308 70708002 1
8452 3391 70708012 1
8557 3452 70708022 1
8655 3499 70708032 1
8726 3515 70708042 1
8766 3493 70708052 1
8786 3445 70708062 1
8774 3356 70708072 1
8732 3246 70708082 1
8671 3123 70708092 1
8598 2997 70708102 1
8519 2870 70708112 1
8435 2744 70708122 1
8370 2640 70708132 1
8342 2549 70708142 1
8342 2504 70708152 1
8370 2486 70708162 1
8422 2486 70708172 1
8487 2505 70708182 1
8559 2540 70708192 1
8631 2584 70708202 1
8705 2628 70708212 1
8777 2673 70708222 1
8848 2718 70708232 1
8944 2766 70708242 1
9043 2831 70708252 1
9173 2909 70708262 1
