231
2424 4377 34622324 0
2379 4318 34622334 1
2359 4353 34622344 1
2336 4361 34622354 1
2329 4350 34622364 1
2322 4358 34622374 1
2317 4364 34622384 1
2317 4405 34622394 1
2360 4471 34622404 1
2434 4629 34622414 1
2594 4874 34622424 1
2826 5178 34622434 1
3107 5537 34622444 1
3455 5893 34622454 1
3795 6155 34622464 1
4130 6355 34622474 1
4382 6484 34622484 1
4524 6544 34622494 1
4593 6557 34622504 1
4599 6549 34622514 1
4569 6526 34622524 1
3502 6657 34622664 0
3583 6610 34622674 1
3591 6587 34622684 1
3573 6587 34622704 1
3594 6476 34622714 1
3616 6297 34622724 1
3638 6071 34622734 1
3660 5715 34622744 1
3696 5269 34622754 1
3740 4764 34622764 1
3780 4303 34622774 1
3817 3840 34622784 1
3851 3523 34622794 1
3887 3304 34622804 1
3923 3081 34622814 1
3961 2923 34622824 1
4003 2809 34622834 1
3892 4195 34622935 0
3890 4359 34622945 1
3866 4393 34622955 1
3866 4420 34622965 1
3909 4442 34622975 1
3983 4489 34622985 1
4125 4513 34622995 1
4330 4521 34623005 1
4576 4439 34623015 1
4829 4248 34623025 1
5028 3985 34623035 1
5192 3684 34623045 1
5344 3459 34623055 1
5469 3284 34623065 1
6367 5909 34623846 0
6295 5844 34623856 1
6250 5837 34623866 1
6235 5844 34623876 1
6235 5844 34623886 1
6272 5865 34623896 1
6339 5901 34623906 1
6428 5981 34623916 1
6562 6082 34623926 1
6749 6196 34623936 1
6972 6398 34623946 1
7184 6568 34623956 1
7401 6718 34623966 1
7553 6828 34623976 1
7660 6891 34623986 1
7682 6922 34623996 1
6965 7088 34624136 0
7020 7146 34624146 1
7020 7153 34624156 1
7004 7153 34624166 1
7012 7105 34624176 1
7012 7026 34624186 1
7012 6831 34624196 1
7001 6564 34624206 1
6984 6250 34624216 1
6968 5799 34624226 1
6951 5379 34624236 1
6933 4980 34624246 1
6926 4624 34624256 1
6926 4358 34624266 1
6937 4153 34624276 1
6963 3994 34624286 1
6997 3909 34624296 1
7034 3874 34624306 1
7072 3923 34624316 1
7110 4062 34624326 1
7148 4261 34624336 1
7188 4509 34624346 1
7244 4773 34624356 1
7311 5049 34624366 1
7386 5210 34624376 1
7453 5273 34624386 1
7497 5273 34624396 1
7527 5235 34624406 1
7554 5133 34624416 1
7574 4988 34624426 1
7588 4795 34624436 1
7588 4599 34624446 1
7588 4401 34624456 1
7595 4267 34624466 1
7602 4185 34624476 1
7625 4139 34624486 1
7658 4156 34624496 1
7700 4243 34624506 1
7762 4376 34624516 1
7836 4547 34624526 1
7934 4682 34624536 1
8009 4793 34624546 1
8069 4810 34624556 1
8107 4714 34624566 1
8120 4542 34624576 1
8120 4295 34624586 1
8097 4047 34624596 1
8086 3861 34624606 1
8081 3717 34624616 1
8113 3683 34624626 1
8135 7128 34625278 0
8143 7209 34625288 1
8143 7267 34625298 1
8143 7320 34625308 1
8160 7352 34625318 1
8172 7371 34625328 1
8172 7371 34625338 1
8172 7301 34625348 1
8150 7193 34625358 1
8098 6926 34625368 1
8024 6562 34625378 1
7936 6133 34625388 1
7859 5677 34625398 1
7789 5303 34625408 1
7773 4983 34625418 1
7784 4784 34625428 1
7814 4682 34625438 1
7850 4644 34625448 1
7885 4644 34625458 1
7950 5719 34625538 0
7991 5943 34625548 1
7996 5965 34625558 1
8003 5952 34625568 1
8030 5916 34625578 1
8069 5800 34625588 1
8124 5625 34625598 1
8199 5410 34625608 1
8288 5106 34625618 1
8388 4772 34625628 1
8485 4417 34625638 1
8577 4107 34625648 1
8667 3857 34625658 1
8756 3647 34625668 1
8833 3511 34625678 1
8901 3418 34625688 1
8237 6696 34626089 0
8237 6696 34626099 1
8179 6731 34626109 1
8160 6742 34626119 1
8160 6734 34626129 1
8184 6751 34626139 1
8257 6786 34626149 1
8362 6833 34626159 1
8514 6868 34626169 1
8667 6851 34626179 1
8820 6800 34626189 1
8943 6702 34626199 1
9048 6503 34626209 1
9087 6237 34626219 1
9098 5906 34626229 1
9091 5560 34626239 1
9091 5204 34626249 1
9122 4863 34626259 1
9165 4571 34626269 1
9211 4311 34626279 1
9263 4050 34626289 1
9327 3872 34626299 1
9408 3749 34626309 1
9499 3683 34626319 1
9563 3674 34626329 1
9595 3704 34626339 1
8659 5573 34626510 0
8659 5573 34626520 1
8609 5589 34626530 1
8551 5604 34626540 1
8545 5618 34626550 1
8569 5659 34626560 1
8612 5719 34626570 1
8702 5792 34626580 1
8825 5862 34626590 1
8969 5905 34626600 1
9078 5931 34626610 1
9149 5931 34626620 1
9194 5892 34626630 1
9194 5828 34626640 1
9165 5711 34626650 1
9113 5556 34626660 1
9058 5377 34626670 1
9005 5248 34626680 1
8982 5154 34626690 1
8982 5083 34626700 1
8999 5050 34626710 1
9041 5056 34626720 1
9097 5088 34626730 1
9177 5150 34626740 1
9261 5212 34626750 1
9333 5249 34626760 1
9395 5271 34626770 1
9409 5250 34626780 1
9390 5171 34626790 1
9349 5054 34626800 1
9293 4918 34626810 1
9240 4780 34626820 1
9214 4690 34626830 1
9205 4632 34626840 1
9210 4602 34626850 1
9221 4592 34626860 1
9270 4592 34626870 1
9341 4623 34626880 1
9469 4661 34626890 1
9581 4706 34626900 1
9682 4706 34626910 1
9717 4647 34626920 1
9691 4559 34626930 1
9625 4408 34626940 1
9515 4222 34626950 1
9382 4014 34626960 1
9234 3826 34626970 1
9156 3713 34626980 1
9164 3649 34626990 1
9228 3649 34627000 1
9367 3727 34627010 1
9571 3863 34627020 1
