157
3826 5962 21957816 0
3917 6027 21957826 1
3917 6063 21957836 1
3917 6103 21957846 1
3903 6144 21957856 1
3884 6182 21957866 1
3843 6234 21957876 1
3788 6296 21957886 1
3723 6334 21957896 1
3644 6340 21957906 1
3550 6324 21957916 1
3445 6235 21957926 1
3320 6102 21957936 1
3173 5939 21957946 1
3010 5714 21957957 1
2867 5458 21957967 1
2753 5182 21957977 1
2658 4884 21957987 1
2607 4589 21957997 1
2637 4361 21958007 1
2722 4177 21958017 1
2865 4097 21958027 1
3079 4111 21958037 1
3340 4189 21958047 1
3608 4314 21958057 1
3864 4468 21958067 1
4112 4642 21958077 1
5477 6632 21958157 0
5700 6979 21958167 1
5735 7118 21958177 1
5735 7197 21958187 1
5704 7214 21958197 1
5649 7190 21958207 1
5574 7100 21958217 1
5463 6933 21958227 1
5322 6715 21958237 1
5161 6440 21958247 1
5001 6109 21958257 1
4873 5740 21958267 1
4767 5402 21958277 1
4741 5062 21958287 1
4786 4797 21958297 1
4878 4583 21958307 1
5001 4468 21958317 1
5161 4417 21958327 1
5346 4410 21958337 1
5546 4462 21958347 1
5757 4570 21958357 1
5975 4716 21958367 1
6161 4909 21958377 1
6348 5105 21958387 1
6504 5304 21958397 1
6638 5548 21958407 1
6731 5689 21958417 1
6762 5762 21958427 1
6752 5800 21958437 1
6690 5800 21958447 1
6600 5763 21958457 1
6490 5687 21958467 1
6373 5572 21958477 1
6262 5431 21958487 1
6154 5264 21958497 1
6082 5122 21958507 1
6054 4996 21958517 1
6054 4918 21958527 1
6101 4879 21958537 1
6183 4866 21958547 1
6288 4913 21958557 1
6407 4996 21958567 1
6525 5104 21958577 1
6643 5212 21958587 1
6762 5276 21958597 1
6866 5310 21958607 1
6960 5301 21958617 1
7032 5269 21958627 1
7093 5221 21958637 1
7146 5179 21958647 1
7206 5155 21958657 1
7284 5143 21958667 1
8060 5901 21958748 0
8176 5992 21958758 1
8176 6008 21958768 1
8157 6022 21958778 1
8118 6008 21958788 1
8046 5953 21958798 1
7940 5872 21958808 1
7812 5766 21958818 1
7687 5672 21958828 1
7593 5585 21958838 1
7519 5518 21958848 1
7500 5477 21958858 1
7526 5454 21958868 1
7583 5444 21958878 1
7677 5455 21958888 1
7804 5481 21958898 1
7953 5498 21958908 1
8060 5510 21958918 1
8135 5510 21958928 1
8189 5496 21958938 1
8200 5469 21958948 1
8153 5413 21958958 1
8068 5336 21958968 1
7952 5245 21958978 1
7841 5179 21958988 1
7732 5157 21958998 1
9001 6062 21959108 0
9207 6168 21959118 1
9226 6186 21959128 1
9207 6177 21959138 1
9162 6147 21959148 1
9066 6086 21959158 1
8929 6005 21959168 1
8765 5908 21959178 1
8634 5810 21959188 1
8541 5743 21959198 1
8474 5697 21959208 1
8464 5679 21959218 1
8493 5673 21959228 1
8549 5673 21959238 1
8630 5684 21959248 1
8722 5692 21959258 1
8821 5697 21959268 1
8911 5685 21959278 1
8958 5662 21959288 1
8975 5619 21959298 1
8951 5562 21959308 1
8906 5496 21959318 1
8846 5434 21959328 1
8791 5385 21959338 1
9422 5633 21959429 0
9715 5718 21959429 1
9817 5762 21959439 1
9882 5805 21959449 1
9914 5847 21959459 1
9923 5906 21959469 1
9912 5975 21959479 1
9886 6060 21959489 1
9850 6119 21959499 1
9800 6161 21959509 1
9736 6161 21959519 1
9663 6117 21959529 1
9578 6052 21959539 1
9511 5964 21959549 1
9457 5861 21959559 1
9422 5749 21959569 1
9414 5666 21959579 1
9423 5614 21959589 1
9476 5584 21959599 1
9533 5570 21959609 1
9609 5586 21959619 1
9696 5621 21959629 1
9797 5675 21959639 1
9899 5696 21959649 1
10003 5696 21959659 1
10108 5663 21959669 1
10191 5603 21959679 1
10244 5525 21959689 1
