148
3867 5661 21840698 0
3859 5715 21840708 1
3808 5776 21840718 1
3756 5833 21840728 1
3698 5887 21840738 1
3622 5937 21840748 1
3539 5980 21840758 1
3456 6018 21840768 1
3358 6039 21840778 1
3249 5971 21840788 1
3116 5843 21840798 1
2982 5675 21840808 1
2847 5458 21840818 1
2730 5208 21840828 1
2615 4917 21840838 1
2581 4667 21840848 1
2599 4444 21840858 1
2697 4267 21840868 1
2836 4163 21840878 1
3002 4107 21840888 1
3244 4144 21840898 1
3513 4251 21840908 1
3800 4406 21840918 1
4062 4605 21840928 1
5432 6646 21841018 0
5428 6700 21841028 1
5355 6678 21841038 1
5268 6649 21841048 1
5160 6542 21841058 1
5037 6373 21841068 1
4900 6164 21841078 1
4742 5896 21841088 1
4569 5585 21841098 1
4444 5245 21841108 1
4378 4908 21841118 1
4351 4654 21841128 1
4407 4456 21841138 1
4510 4341 21841148 1
4643 4290 21841158 1
4824 4282 21841168 1
4996 4349 21841178 1
5161 4450 21841188 1
5348 4575 21841198 1
5504 4725 21841208 1
5638 4893 21841218 1
5737 5073 21841228 1
5793 5236 21841238 1
5820 5365 21841248 1
5797 5472 21841258 1
5741 5501 21841268 1
5662 5476 21841278 1
5565 5414 21841288 1
5469 5317 21841298 1
5388 5202 21841308 1
5316 5074 21841318 1
5256 4919 21841328 1
5223 4760 21841338 1
5209 4673 21841348 1
5253 4636 21841358 1
5312 4630 21841368 1
5380 4669 21841378 1
5454 4739 21841388 1
5529 4857 21841398 1
5607 4975 21841408 1
5681 5094 21841418 1
5756 5140 21841428 1
5833 5135 21841438 1
5892 5096 21841448 1
5940 5020 21841458 1
5973 4943 21841468 1
6006 4869 21841478 1
6622 5604 21841569 0
6752 5643 21841579 1
6759 5643 21841589 1
6751 5643 21841599 1
6706 5624 21841609 1
6636 5588 21841619 1
6539 5493 21841629 1
6435 5405 21841639 1
6327 5323 21841649 1
6247 5236 21841659 1
6217 5192 21841669 1
6217 5176 21841679 1
6273 5167 21841689 1
6368 5181 21841699 1
6489 5211 21841709 1
6623 5235 21841719 1
6760 5241 21841729 1
6862 5235 21841739 1
6941 5216 21841749 1
6967 5175 21841759 1
6945 5120 21841769 1
6892 5045 21841779 1
6789 4970 21841789 1
6689 4897 21841799 1
6592 4864 21841809 1
7679 5735 21841930 0
7787 5792 21841940 1
7767 5786 21841950 1
7719 5759 21841960 1
7639 5717 21841970 1
7526 5651 21841980 1
7392 5567 21841990 1
7256 5471 21842000 1
7170 5386 21842010 1
7116 5338 21842020 1
7116 5314 21842030 1
7160 5314 21842040 1
7235 5332 21842050 1
7351 5362 21842060 1
7469 5383 21842070 1
7567 5372 21842080 1
7650 5341 21842090 1
7687 5293 21842100 1
7677 5224 21842110 1
7635 5140 21842120 1
7565 5055 21842130 1
7498 4985 21842140 1
7432 4924 21842150 1
7398 4899 21842160 1
8289 5360 21842250 0
8510 5447 21842260 1
8568 5491 21842270 1
8606 5528 21842280 1
8589 5567 21842290 1
8553 5612 21842300 1
8503 5662 21842310 1
8458 5696 21842320 1
8410 5689 21842330 1
8353 5655 21842340 1
8291 5595 21842350 1
8252 5513 21842360 1
8231 5416 21842370 1
8223 5316 21842380 1
8239 5241 21842390 1
8259 5182 21842400 1
8300 5165 21842410 1
8354 5181 21842420 1
8421 5219 21842430 1
8498 5292 21842440 1
8582 5375 21842450 1
8650 5464 21842460 1
8716 5485 21842470 1
8780 5458 21842480 1
8863 5399 21842490 1
8955 5283 21842500 1
9052 5150 21842510 1
9134 5005 21842520 1
