148
3830 5219 21860927 0
3802 5337 21860937 1
3747 5416 21860947 1
3685 5489 21860957 1
3615 5554 21860967 1
3540 5614 21860977 1
3462 5624 21860987 1
3369 5584 21860997 1
3267 5512 21861007 1
3133 5356 21861017 1
2996 5153 21861027 1
2858 4920 21861037 1
2755 4627 21861047 1
2696 4361 21861057 1
2665 4114 21861067 1
2731 3934 21861077 1
2855 3822 21861087 1
3018 3755 21861097 1
3249 3807 21861107 1
3484 3938 21861117 1
3730 4121 21861127 1
3982 4366 21861137 1
5108 6031 21861207 0
5309 6282 21861217 1
5302 6319 21861227 1
5262 6302 21861237 1
5199 6247 21861247 1
5109 6167 21861257 1
5009 6028 21861267 1
4902 5825 21861277 1
4796 5579 21861287 1
4689 5260 21861297 1
4582 4948 21861307 1
4543 4641 21861317 1
4562 4411 21861327 1
4619 4226 21861337 1
4741 4072 21861347 1
4902 4019 21861357 1
5090 4047 21861367 1
5322 4130 21861377 1
5535 4289 21861387 1
5736 4455 21861397 1
5896 4626 21861407 1
6006 4793 21861417 1
6082 4956 21861427 1
6129 5117 21861437 1
6120 5139 21861447 1
6073 5149 21861457 1
5992 5149 21861467 1
5896 5096 21861477 1
5789 5020 21861487 1
5676 4932 21861497 1
5568 4813 21861508 1
5507 4703 21861518 1
5475 4599 21861528 1
5469 4508 21861538 1
5492 4448 21861548 1
5533 4408 21861558 1
5600 4408 21861568 1
5688 4452 21861578 1
5789 4532 21861588 1
5886 4635 21861598 1
5977 4735 21861608 1
6064 4829 21861618 1
6133 4837 21861628 1
6192 4789 21861638 1
6243 4697 21861648 1
6273 4600 21861658 1
6304 4532 21861668 1
6335 4484 21861678 1
7083 5440 21861768 0
7275 5468 21861778 1
7240 5468 21861788 1
7240 5456 21861808 1
7193 5426 21861818 1
7124 5381 21861828 1
7027 5310 21861838 1
6917 5227 21861848 1
6799 5137 21861858 1
6708 5068 21861868 1
6658 5015 21861878 1
6635 4973 21861888 1
6651 4955 21861898 1
6709 4946 21861908 1
6796 4946 21861918 1
6916 4946 21861928 1
7029 4946 21861938 1
7136 4938 21861948 1
7225 4916 21861958 1
7263 4881 21861968 1
7268 4815 21861978 1
7217 4737 21861988 1
7142 4652 21861998 1
7051 4574 21862008 1
6962 4527 21862018 1
8004 5308 21862119 0
8206 5422 21862129 1
8244 5460 21862139 1
8266 5460 21862149 1
8240 5460 21862159 1
8174 5432 21862169 1
8082 5386 21862179 1
7965 5315 21862189 1
7841 5235 21862199 1
7712 5148 21862209 1
7642 5078 21862219 1
7619 5035 21862229 1
7627 5010 21862239 1
7672 5004 21862249 1
7762 5016 21862259 1
7881 5039 21862269 1
7998 5049 21862279 1
8092 5035 21862289 1
8171 5005 21862299 1
8199 4947 21862309 1
8178 4860 21862319 1
8123 4755 21862329 1
8048 4664 21862339 1
7968 4572 21862349 1
7884 4517 21862359 1
9041 5085 21862469 0
9248 5116 21862479 1
9302 5169 21862489 1
9341 5202 21862499 1
9331 5248 21862509 1
9295 5303 21862519 1
9242 5360 21862529 1
9185 5408 21862539 1
9116 5413 21862549 1
9039 5393 21862559 1
8962 5300 21862569 1
8891 5184 21862579 1
8844 5054 21862589 1
8810 4915 21862599 1
8794 4806 21862609 1
8814 4718 21862619 1
8857 4680 21862629 1
8917 4680 21862639 1
8979 4715 21862649 1
9047 4784 21862659 1
9119 4868 21862669 1
9193 4961 21862679 1
9270 5016 21862689 1
9360 5016 21862699 1
9467 4971 21862709 1
9586 4868 21862719 1
9721 4751 21862729 1
9858 4624 21862739 1
