164
4046 4590 68118979 0
4096 4671 68118989 1
4096 4750 68118999 1
4108 4809 68119009 1
4108 4864 68119019 1
4082 4913 68119029 1
4047 4947 68119039 1
3988 4971 68119049 1
3904 4959 68119059 1
3802 4903 68119069 1
3653 4818 68119079 1
3485 4701 68119089 1
3305 4536 68119099 1
3104 4340 68119109 1
2939 4063 68119119 1
2798 3783 68119129 1
2747 3501 68119130 1
2780 3300 68119140 1
2868 3161 68119150 1
3042 3063 68119160 1
3294 3069 68119170 1
3599 3178 68119180 1
3946 3357 68119190 1
4313 3580 68119200 1
4693 3824 68119210 1
5018 4083 68119220 1
5521 5643 68119460 0
5421 5535 68119470 1
5329 5415 68119480 1
5217 5221 68119490 1
5082 4979 68119500 1
4973 4634 68119510 1
4882 4313 68119520 1
4838 4007 68119530 1
4828 3745 68119540 1
4840 3580 68119550 1
4883 3479 68119560 1
4958 3399 68119570 1
5053 3353 68119580 1
5177 3331 68119590 1
5955 3890 68119700 0
5989 3863 68119710 1
5979 3893 68119720 1
5969 3954 68119730 1
5969 4000 68119740 1
5946 4037 68119750 1
5911 4069 68119760 1
5867 4085 68119770 1
5810 4094 68119780 1
5745 4094 68119790 1
5689 4066 68119800 1
5634 4024 68119810 1
5583 3943 68119820 1
5539 3825 68119830 1
5518 3683 68119840 1
5512 3575 68119850 1
5528 3479 68119860 1
5565 3390 68119870 1
5617 3332 68119880 1
5690 3313 68119890 1
5780 3321 68119900 1
5882 3377 68119910 1
5972 3457 68119920 1
6047 3552 68119930 1
6113 3650 68119940 1
6165 3762 68119950 1
6195 3884 68119960 1
6211 3941 68119971 1
6211 3941 68119981 1
6211 3941 68119991 1
6216 3902 68120001 1
6223 3814 68120011 1
6233 3696 68120021 1
6247 3612 68120031 1
6270 3545 68120041 1
6304 3489 68120051 1
6347 3453 68120061 1
6398 3439 68120071 1
6456 3439 68120081 1
6920 4129 68120161 0
6958 4218 68120171 1
6953 4242 68120181 1
6953 4226 68120191 1
6928 4208 68120201 1
6891 4164 68120211 1
6830 4103 68120221 1
6772 4021 68120231 1
6715 3938 68120241 1
6685 3866 68120251 1
6679 3802 68120261 1
6688 3761 68120271 1
6726 3735 68120281 1
6788 3718 68120301 1
6867 3707 68120311 1
6941 3694 68120321 1
7016 3679 68120331 1
7090 3662 68120341 1
7135 3641 68120351 1
7163 3618 68120361 1
7163 3593 68120371 1
7128 3565 68120381 1
7075 3538 68120391 1
7032 3529 68120401 1
7017 3529 68120411 1
7017 3559 68120421 1
7664 4347 68120481 0
7825 4422 68120491 1
7818 4439 68120501 1
7775 4399 68120511 1
7707 4320 68120521 1
7622 4214 68120531 1
7538 4098 68120541 1
7459 3976 68120551 1
7420 3880 68120561 1
7406 3808 68120571 1
7423 3751 68120581 1
7471 3713 68120591 1
7539 3690 68120601 1
7638 3678 68120611 1
7737 3655 68120621 1
7833 3626 68120631 1
7878 3586 68120641 1
7891 3537 68120651 1
7840 3469 68120661 1
7762 3391 68120671 1
7665 3320 68120681 1
7582 3273 68120691 1
7528 3242 68120701 1
8678 4096 68120862 0
8701 4063 68120872 1
8655 4094 68120882 1
8655 4156 68120892 1
8662 4202 68120902 1
8673 4263 68120912 1
8673 4334 68120922 1
8659 4393 68120932 1
8636 4428 68120942 1
8597 4447 68120952 1
8547 4417 68120962 1
8464 4323 68120972 1
8379 4186 68120982 1
8292 4045 68120992 1
8234 3884 68121002 1
8211 3709 68121012 1
8211 3593 68121022 1
8255 3519 68121032 1
8339 3473 68121042 1
8449 3473 68121052 1
8577 3510 68121062 1
8709 3582 68121072 1
8835 3671 68121082 1
8956 3775 68121092 1
9020 3888 68121102 1
9056 4000 68121112 1
9073 4105 68121122 1
9059 4152 68121132 1
9044 4163 68121142 1
9029 4146 68121152 1
9018 4067 68121162 1
9018 3948 68121172 1
9018 3820 68121182 1
9057 3715 68121192 1
9108 3626 68121202 1
9205 3588 68121212 1
