154
3737 4513 33123251 0
3706 4546 33123261 1
3640 4574 33123271 1
3563 4585 33123281 1
3490 4596 33123291 1
3398 4602 33123301 1
3292 4555 33123311 1
3242 4475 33123321 1
3097 4386 33123331 1
2889 4223 33123341 1
2777 4010 33123351 1
2668 3757 33123361 1
2565 3502 33123372 1
2511 3242 33123382 1
2488 3045 33123392 1
2548 2890 33123402 1
2695 2847 33123412 1
2900 2930 33123422 1
3182 3096 33123432 1
4800 5865 33123542 0
4829 5980 33123552 1
4782 5957 33123562 1
4713 5908 33123572 1
4635 5792 33123582 1
4552 5644 33123592 1
4460 5474 33123602 1
4361 5210 33123612 1
4258 4908 33123622 1
4167 4581 33123632 1
4115 4253 33123642 1
4089 3917 33123652 1
4113 3576 33123662 1
4199 3330 33123672 1
4327 3154 33123682 1
4477 3026 33123692 1
4659 3014 33123702 1
4862 3068 33123712 1
5031 3165 33123722 1
5212 3329 33123732 1
5402 3510 33123742 1
5556 3702 33123752 1
5689 3924 33123762 1
5807 4125 33123772 1
5881 4312 33123782 1
5921 4479 33123792 1
5939 4574 33123802 1
5918 4621 33123812 1
5861 4627 33123822 1
5780 4587 33123832 1
5676 4517 33123842 1
5573 4399 33123852 1
5487 4246 33123862 1
5411 4070 33123872 1
5366 3898 33123882 1
5349 3721 33123892 1
5349 3582 33123902 1
5370 3470 33123912 1
5415 3411 33123922 1
5477 3404 33123932 1
5553 3433 33123942 1
5631 3517 33123952 1
5713 3645 33123962 1
5800 3803 33123972 1
5873 3962 33123982 1
5936 4040 33123992 1
5984 4065 33124002 1
6032 4026 33124012 1
6080 3942 33124022 1
6140 3827 33124032 1
6222 3727 33124042 1
6319 3665 33124052 1
6428 3628 33124062 1
6539 3616 33124072 1
7175 4715 33124173 0
7143 4708 33124183 1
7088 4691 33124193 1
7030 4657 33124203 1
6952 4612 33124213 1
6862 4526 33124223 1
6742 4411 33124233 1
6645 4278 33124243 1
6562 4169 33124253 1
6517 4089 33124263 1
6503 4029 33124273 1
6509 3991 33124283 1
6553 3971 33124293 1
6630 3964 33124303 1
6729 3964 33124313 1
6833 3955 33124323 1
6911 3937 33124333 1
6971 3910 33124343 1
7002 3869 33124353 1
7009 3819 33124363 1
6999 3742 33124373 1
6958 3663 33124383 1
6908 3582 33124393 1
6853 3526 33124403 1
7396 4493 33124493 0
7636 4616 33124503 1
7700 4666 33124513 1
7742 4674 33124523 1
7760 4680 33124533 1
7760 4655 33124543 1
7720 4612 33124553 1
7656 4529 33124563 1
7576 4429 33124573 1
7497 4317 33124583 1
7422 4218 33124593 1
7395 4158 33124603 1
7395 4123 33124613 1
7432 4109 33124623 1
7498 4109 33124633 1
7584 4121 33124643 1
7681 4116 33124653 1
7772 4091 33124663 1
7860 4054 33124673 1
7917 4001 33124683 1
7939 3942 33124693 1
7939 3856 33124703 1
7903 3753 33124713 1
7846 3657 33124723 1
7774 3589 33124733 1
7729 3540 33124743 1
7902 3863 33124804 0
8154 3953 33124814 1
8257 3972 33124824 1
8342 4016 33124834 1
8440 4077 33124844 1
8524 4141 33124854 1
8598 4212 33124864 1
8633 4289 33124874 1
8633 4365 33124884 1
8606 4439 33124894 1
8549 4486 33124904 1
8482 4517 33124914 1
8407 4490 33124924 1
8329 4415 33124934 1
8281 4309 33124944 1
8254 4187 33124954 1
8254 4064 33124964 1
8269 3955 33124974 1
8302 3855 33124984 1
8359 3792 33124994 1
8418 3774 33125004 1
8478 3787 33125014 1
8552 3860 33125024 1
8634 3944 33125034 1
8718 4035 33125044 1
8801 4088 33125054 1
8878 4081 33125064 1
8934 4035 33125074 1
8980 3933 33125084 1
9002 3821 33125094 1
9002 3703 33125104 1
