177
3278 4381 70777101 0
3315 4431 70777111 1
3325 4452 70777121 1
3325 4480 70777131 1
3318 4513 70777141 1
3305 4550 70777151 1
3281 4585 70777161 1
3236 4614 70777171 1
3176 4633 70777181 1
3080 4627 70777191 1
2976 4604 70777201 1
2867 4549 70777211 1
2772 4464 70777221 1
2678 4359 70777231 1
2587 4209 70777241 1
2523 4054 70777251 1
2476 3857 70777261 1
2445 3635 70777271 1
2430 3436 70777281 1
2430 3234 70777291 1
2441 3065 70777302 1
2480 2918 70777312 1
2534 2824 70777322 1
2618 2775 70777332 1
2718 2756 70777342 1
2829 2790 70777352 1
2946 2869 70777362 1
3067 2977 70777372 1
3195 3130 70777382 1
4262 6004 70777592 0
4194 5887 70777602 1
4146 5857 70777612 1
4110 5770 70777622 1
4082 5646 70777632 1
4034 5451 70777642 1
3979 5171 70777652 1
3920 4835 70777662 1
3869 4487 70777672 1
3823 4122 70777682 1
3790 3747 70777692 1
3783 3476 70777702 1
3793 3248 70777712 1
3848 3049 70777722 1
3940 2917 70777732 1
4057 2840 70777742 1
4212 2799 70777752 1
4368 2813 70777762 1
4518 2879 70777772 1
4664 2980 70777782 1
4814 3120 70777792 1
4933 3299 70777802 1
5032 3504 70777812 1
5116 3714 70777822 1
5176 3916 70777832 1
5221 4112 70777842 1
5216 4220 70777852 1
5175 4295 70777862 1
5110 4347 70777872 1
5033 4376 70777882 1
4950 4376 70777892 1
4862 4356 70777902 1
4773 4297 70777912 1
4690 4210 70777922 1
4610 4104 70777932 1
4555 3966 70777942 1
4530 3805 70777952 1
4524 3630 70777962 1
4540 3486 70777972 1
4576 3371 70777982 1
4624 3275 70777992 1
4698 3239 70778002 1
4775 3249 70778012 1
4858 3291 70778022 1
4941 3386 70778032 1
5014 3496 70778042 1
5079 3617 70778052 1
5121 3724 70778062 1
5142 3805 70778072 1
5149 3869 70778082 1
5149 3869 70778092 1
5149 3859 70778102 1
5149 3794 70778112 1
5149 3693 70778122 1
5149 3578 70778132 1
5164 3463 70778142 1
5197 3352 70778152 1
5240 3244 70778162 1
5296 3155 70778172 1
5355 3094 70778183 1
5434 3051 70778193 1
5524 3032 70778203 1
6522 4557 70778383 0
6467 4457 70778393 1
6420 4448 70778403 1
6365 4368 70778413 1
6308 4276 70778423 1
6265 4175 70778433 1
6243 4101 70778443 1
6236 4036 70778453 1
6255 3977 70778463 1
6292 3911 70778473 1
6340 3846 70778483 1
6397 3782 70778493 1
6455 3738 70778503 1
6514 3708 70778513 1
6552 3679 70778523 1
6577 3649 70778533 1
6569 3600 70778543 1
6530 3539 70778553 1
6469 3471 70778563 1
6396 3407 70778573 1
6321 3356 70778583 1
6244 3313 70778593 1
6189 3301 70778603 1
6172 3338 70778613 1
7206 4449 70778714 0
7388 4563 70778724 1
7435 4586 70778734 1
7443 4586 70778744 1
7428 4555 70778754 1
7398 4475 70778764 1
7340 4365 70778774 1
7278 4217 70778784 1
7214 4087 70778794 1
7180 3969 70778804 1
7180 3886 70778814 1
7197 3843 70778824 1
7254 3827 70778834 1
7334 3827 70778844 1
7429 3827 70778854 1
7519 3837 70778864 1
7581 3810 70778874 1
7623 3757 70778884 1
7628 3686 70778894 1
7600 3610 70778904 1
7550 3535 70778914 1
7492 3480 70778924 1
7435 3437 70778934 1
7400 3420 70778944 1
7378 3428 70778954 1
7383 3452 70778964 1
8508 4320 70779104 0
8510 4384 70779114 1
8485 4410 70779124 1
8452 4438 70779134 1
8411 4471 70779144 1
8365 4501 70779154 1
8328 4527 70779164 1
8305 4537 70779174 1
8290 4537 70779184 1
8264 4510 70779194 1
8226 4415 70779204 1
8179 4276 70779214 1
8129 4107 70779224 1
8083 3938 70779234 1
8059 3799 70779244 1
8048 3680 70779254 1
8065 3625 70779264 1
8097 3596 70779275 1
8139 3584 70779285 1
8199 3610 70779295 1
8265 3682 70779305 1
8339 3786 70779315 1
8410 3919 70779325 1
8457 4028 70779335 1
8490 4122 70779345 1
8490 4160 70779355 1
8490 4160 70779365 1
8482 4144 70779375 1
8458 4079 70779385 1
8435 3986 70779395 1
8413 3875 70779405 1
8418 3779 70779415 1
8450 3704 70779425 1
8501 3643 70779435 1
8573 3607 70779445 1
8667 3587 70779455 1
