161
4593 4021 33136370 0
4622 4119 33136380 1
4595 4149 33136390 1
4560 4173 33136400 1
4519 4199 33136410 1
4456 4226 33136420 1
4384 4234 33136430 1
4307 4204 33136440 1
4069 4149 33136450 1
3893 4045 33136460 1
3757 3890 33136470 1
3586 3702 33136480 1
3434 3487 33136490 1
3295 3197 33136500 1
3180 2858 33136510 1
3118 2538 33136520 1
3091 2313 33136530 1
3178 2152 33136540 1
3364 2106 33136550 1
3617 2184 33136560 1
3935 2344 33136570 1
4255 2585 33136580 1
5944 5407 33136681 0
5964 5494 33136691 1
5912 5439 33136701 1
5839 5332 33136711 1
5744 5191 33136721 1
5633 5045 33136731 1
5521 4838 33136741 1
5411 4591 33136751 1
5307 4327 33136761 1
5227 4042 33136771 1
5162 3744 33136781 1
5142 3480 33136791 1
5176 3216 33136801 1
5247 2994 33136811 1
5366 2802 33136821 1
5511 2705 33136821 1
5672 2699 33136831 1
5853 2754 33136841 1
6000 2863 33136851 1
6124 3002 33136861 1
6260 3161 33136871 1
6367 3306 33136881 1
6455 3477 33136891 1
6526 3666 33136901 1
6572 3812 33136911 1
6602 3920 33136921 1
6602 4002 33136931 1
6582 4035 33136941 1
6543 4042 33136951 1
6489 4032 33136961 1
6429 3981 33136971 1
6364 3880 33136981 1
6308 3745 33136991 1
6272 3601 33137001 1
6250 3474 33137011 1
6260 3358 33137021 1
6296 3261 33137031 1
6349 3213 33137041 1
6407 3199 33137051 1
6466 3226 33137061 1
6527 3298 33137071 1
6588 3400 33137081 1
6648 3501 33137091 1
6702 3597 33137101 1
6752 3655 33137111 1
6791 3690 33137121 1
6818 3683 33137131 1
6838 3643 33137141 1
6865 3580 33137151 1
6894 3514 33137161 1
6930 3464 33137171 1
6975 3424 33137181 1
7032 3406 33137191 1
7519 4038 33137272 0
7596 4133 33137282 1
7591 4149 33137292 1
7576 4184 33137302 1
7564 4184 33137312 1
7535 4172 33137322 1
7495 4133 33137332 1
7435 4075 33137342 1
7369 3989 33137352 1
7298 3898 33137362 1
7229 3798 33137372 1
7184 3717 33137382 1
7156 3650 33137392 1
7167 3622 33137402 1
7200 3614 33137412 1
7247 3619 33137422 1
7314 3631 33137432 1
7375 3642 33137442 1
7433 3642 33137452 1
7470 3623 33137462 1
7483 3593 33137472 1
7483 3548 33137482 1
7454 3493 33137492 1
7410 3425 33137502 1
7355 3356 33137512 1
7301 3299 33137522 1
7266 3252 33137532 1
7851 4177 33137632 0
8039 4240 33137642 1
8064 4294 33137652 1
8072 4294 33137662 1
8072 4294 33137672 1
8058 4289 33137682 1
8033 4244 33137692 1
7976 4176 33137702 1
7903 4090 33137712 1
7819 4004 33137722 1
7749 3920 33137732 1
7715 3862 33137742 1
7706 3820 33137752 1
7728 3793 33137762 1
7779 3781 33137772 1
7848 3781 33137782 1
7937 3781 33137792 1
8024 3781 33137802 1
8110 3781 33137812 1
8196 3762 33137822 1
8247 3730 33137832 1
8274 3687 33137842 1
8241 3619 33137852 1
8173 3534 33137862 1
8082 3451 33137872 1
7999 3378 33137882 1
7944 3312 33137892 1
8401 3705 33137973 0
8594 3771 33137983 1
8630 3817 33137993 1
8663 3864 33138003 1
8694 3910 33138013 1
8709 3979 33138023 1
8709 4064 33138033 1
8690 4132 33138043 1
8671 4199 33138053 1
8649 4229 33138063 1
8626 4235 33138073 1
8598 4207 33138083 1
8567 4128 33138093 1
8535 4014 33138103 1
8513 3889 33138113 1
8497 3767 33138123 1
8497 3678 33138133 1
8497 3611 33138143 1
8521 3584 33138153 1
8558 3590 33138163 1
8609 3617 33138173 1
8665 3681 33138183 1
8726 3753 33138193 1
8788 3830 33138203 1
8840 3865 33138213 1
8886 3865 33138223 1
8931 3835 33138233 1
8971 3790 33138243 1
9000 3745 33138253 1
9022 3708 33138263 1
9036 3678 33138273 1
9036 3658 33138283 1
