163
4766 4540 33139084 0
4602 4587 33139094 1
4495 4601 33139104 1
4372 4601 33139114 1
4237 4574 33139124 1
4082 4523 33139134 1
3933 4423 33139144 1
3792 4269 33139154 1
3648 4079 33139164 1
3522 3841 33139174 1
3411 3569 33139184 1
3238 3274 33139194 1
3134 2951 33139204 1
3076 2698 33139214 1
3103 2493 33139224 1
3216 2410 33139234 1
3385 2437 33139244 1
3645 2537 33139254 1
3931 2757 33139264 1
4235 3053 33139274 1
4529 3401 33139284 1
4828 3717 33139294 1
6215 5994 33139385 0
6240 5982 33139395 1
6173 5895 33139405 1
6103 5793 33139415 1
6025 5687 33139425 1
5942 5525 33139435 1
5844 5327 33139445 1
5722 5085 33139455 1
5585 4810 33139465 1
5482 4512 33139475 1
5413 4204 33139485 1
5366 3894 33139495 1
5382 3584 33139505 1
5465 3395 33139515 1
5593 3287 33139525 1
5761 3232 33139535 1
5918 3249 33139545 1
6067 3317 33139555 1
6217 3418 33139565 1
6366 3528 33139575 1
6488 3649 33139585 1
6592 3777 33139595 1
6669 3913 33139605 1
6730 4044 33139615 1
6780 4175 33139625 1
6805 4309 33139635 1
6805 4425 33139645 1
6781 4478 33139655 1
6732 4489 33139665 1
6667 4461 33139675 1
6592 4383 33139685 1
6519 4273 33139695 1
6448 4135 33139705 1
6383 3967 33139715 1
6343 3780 33139725 1
6317 3619 33139735 1
6338 3506 33139745 1
6387 3425 33139755 1
6455 3389 33139765 1
6529 3406 33139775 1
6604 3458 33139785 1
6681 3548 33139795 1
6749 3657 33139805 1
6810 3780 33139815 1
6868 3899 33139825 1
6916 3960 33139835 1
6956 3983 33139845 1
6981 3966 33139855 1
7009 3910 33139865 1
7041 3828 33139875 1
7079 3738 33139885 1
7125 3672 33139895 1
7181 3622 33139905 1
7246 3608 33139915 1
7327 3634 33139925 1
7700 4135 33139975 0
7812 4349 33139985 1
7849 4423 33139995 1
7857 4444 33140005 1
7845 4460 33140015 1
7820 4465 33140025 1
7773 4465 33140035 1
7711 4430 33140045 1
7638 4380 33140055 1
7562 4298 33140065 1
7489 4212 33140075 1
7423 4121 33140085 1
7362 4030 33140095 1
7334 3963 33140105 1
7326 3912 33140115 1
7360 3883 33140125 1
7417 3876 33140135 1
7488 3884 33140145 1
7564 3896 33140155 1
7638 3901 33140165 1
7692 3894 33140175 1
7734 3871 33140185 1
7743 3838 33140195 1
7716 3779 33140205 1
7665 3702 33140215 1
7585 3613 33140225 1
7508 3543 33140235 1
7458 3503 33140245 1
8175 4340 33140346 0
8460 4496 33140356 1
8499 4552 33140366 1
8521 4552 33140376 1
8531 4552 33140386 1
8524 4552 33140396 1
8487 4539 33140406 1
8431 4488 33140416 1
8347 4414 33140426 1
8254 4315 33140436 1
8155 4214 33140446 1
8084 4125 33140456 1
8037 4045 33140466 1
8005 3984 33140476 1
8005 3938 33140486 1
8035 3902 33140496 1
8093 3882 33140506 1
8175 3868 33140516 1
8266 3857 33140526 1
8362 3834 33140536 1
8430 3806 33140546 1
8469 3768 33140556 1
8489 3722 33140566 1
8473 3672 33140576 1
8437 3621 33140586 1
8388 3583 33140596 1
8360 3567 33140606 1
8891 3889 33140696 0
9090 3957 33140706 1
9153 4005 33140716 1
9196 4062 33140726 1
9215 4110 33140737 1
9215 4165 33140747 1
9193 4226 33140757 1
9155 4292 33140767 1
9109 4346 33140777 1
9067 4393 33140787 1
9025 4381 33140797 1
8986 4335 33140807 1
8962 4266 33140817 1
8947 4173 33140827 1
8947 4080 33140837 1
8947 3991 33140847 1
8965 3924 33140857 1
8988 3869 33140867 1
9021 3845 33140877 1
9065 3861 33140887 1
9122 3904 33140897 1
9187 3969 33140907 1
9247 4031 33140917 1
9291 4064 33140927 1
9325 4078 33140937 1
9342 4050 33140947 1
9359 3986 33140957 1
9372 3899 33140967 1
9381 3818 33140977 1
9386 3752 33140987 1
9386 3697 33140997 1
