164
2563 4074 63159435 0
2669 4120 63159445 1
2784 4196 63159455 1
2934 4305 63159465 1
3146 4485 63159475 1
3414 4703 63159485 1
3718 4946 63159495 1
4007 5189 63159505 1
4293 5399 63159515 1
4576 5586 63159525 1
4355 6351 63159645 0
4386 6194 63159655 1
4353 6131 63159665 1
4269 6090 63159675 1
4262 5920 63159685 1
4262 5690 63159695 1
4249 5420 63159705 1
4232 5105 63159715 1
4187 4796 63159725 1
4111 4492 63159735 1
4014 4194 63159745 1
3890 3941 63159755 1
3763 3717 63159765 1
3634 3607 63159775 1
3569 3554 63159785 1
4022 4662 63159885 0
4255 4633 63159895 1
4281 4650 63159905 1
4225 4702 63159915 1
4331 4690 63159925 1
4477 4610 63159935 1
4650 4486 63159945 1
4854 4285 63159955 1
5056 4103 63159965 1
5257 3935 63159975 1
5509 3843 63159985 1
5794 5661 63160146 0
5794 5565 63160156 1
5755 5596 63160166 1
5761 5559 63160176 1
5768 5477 63160186 1
5777 5252 63160196 1
5786 5001 63160206 1
5792 4733 63160216 1
5792 4557 63160226 1
5813 4437 63160236 1
5833 4355 63160246 1
5756 5679 63160356 0
5826 5807 63160366 1
5850 5917 63160376 1
5875 5936 63160386 1
5966 5971 63160396 1
6040 6018 63160406 1
6102 6038 63160416 1
6146 6028 63160426 1
6186 5999 63160436 1
6222 5916 63160446 1
6260 5773 63160456 1
6298 5590 63160466 1
6334 5361 63160476 1
6369 5155 63160486 1
6397 4964 63160496 1
6404 4869 63160506 1
6397 4838 63160516 1
6360 4851 63160526 1
6317 4889 63160536 1
6269 4965 63160546 1
6245 5067 63160556 1
6245 5198 63160566 1
6258 5323 63160576 1
6258 5445 63160586 1
6235 5445 63160596 1
6193 5360 63160606 1
6106 5219 63160616 1
6026 5033 63160626 1
5950 4899 63160636 1
5938 4800 63160646 1
5968 4767 63160656 1
6027 4797 63160666 1
6150 4868 63160676 1
6297 5007 63160686 1
6461 5143 63160696 1
6571 5246 63160706 1
6735 6633 63160917 0
6778 6613 63160927 1
6784 6630 63160937 1
6784 6601 63160947 1
6805 6541 63160957 1
6819 6415 63160967 1
6825 6236 63160977 1
6825 6022 63160987 1
6825 5727 63160997 1
6789 5411 63161007 1
6733 5082 63161017 1
6638 4706 63161027 1
6549 4404 63161037 1
6465 4152 63161047 1
6416 3970 63161057 1
6395 3862 63161067 1
6395 3803 63161077 1
6636 6662 63161187 0
6785 6860 63161197 1
6804 6953 63161207 1
6871 7031 63161217 1
6929 7073 63161227 1
6980 7125 63161237 1
7040 7183 63161247 1
7098 7243 63161257 1
7154 7278 63161267 1
7197 7297 63161277 1
7229 7283 63161287 1
7253 7237 63161297 1
7264 7170 63161307 1
7264 7078 63161317 1
7257 6968 63161327 1
7267 6846 63161337 1
7289 6766 63161347 1
7320 6692 63161357 1
7359 6622 63161367 1
7397 6511 63161377 1
7436 6340 63161387 1
7465 6129 63161397 1
7489 5854 63161407 1
7513 5547 63161417 1
7539 5218 63161427 1
7582 4876 63161437 1
7635 4564 63161447 1
7677 4271 63161457 1
7704 3934 63161467 1
7720 3578 63161477 1
7743 3209 63161487 1
7773 2844 63161497 1
7813 2563 63161507 1
7860 2339 63161517 1
7903 2159 63161527 1
7918 2044 63161537 1
7918 1973 63161547 1
7898 1950 63161557 1
7846 1981 63161567 1
7772 2049 63161577 1
7674 2186 63161587 1
7556 2389 63161597 1
7424 2635 63161607 1
7279 2974 63161617 1
7138 3350 63161627 1
7032 3752 63161637 1
6948 4143 63161647 1
6920 4462 63161657 1
6928 4734 63161667 1
6961 4939 63161677 1
7016 5077 63161688 1
7072 5170 63161698 1
7133 5211 63161708 1
7177 5202 63161718 1
7210 5160 63161728 1
7171 5069 63161738 1
7093 4928 63161748 1
6988 4753 63161758 1
6953 4666 63161768 1
6967 4603 63161778 1
7013 4556 63161788 1
7126 4556 63161798 1
7301 4617 63161808 1
7516 4715 63161818 1
