171
492 5807 17393436 0
631 5837 17393446 1
671 5906 17393456 1
800 5994 17393466 1
973 6150 17393476 1
1174 6325 17393486 1
1433 6512 17393496 1
1696 6703 17393506 1
1888 6892 17393516 1
2030 7038 17393526 1
2129 7158 17393536 1
2180 7248 17393546 1
2198 7335 17393556 1
2198 7417 17393566 1
2165 7497 17393576 1
2112 7571 17393586 1
2032 7633 17393596 1
1941 7690 17393606 1
1843 7743 17393616 1
1754 7796 17393617 1
1681 7809 17393627 1
1618 7796 17393637 1
1599 7789 17393647 1
1599 7741 17393657 1
1599 7665 17393667 1
1611 7505 17393677 1
1619 7289 17393687 1
1625 7036 17393697 1
1610 6733 17393707 1
1582 6419 17393717 1
1530 6098 17393727 1
1463 5754 17393737 1
1385 5488 17393747 1
1329 5274 17393757 1
1314 5155 17393767 1
1325 5116 17393777 1
1600 6461 17393877 0
1628 6469 17393887 1
1619 6477 17393897 1
1598 6483 17393907 1
1667 6435 17393917 1
1753 6335 17393927 1
1851 6200 17393937 1
1979 6043 17393947 1
2138 5881 17393957 1
2318 5716 17393967 1
2521 5629 17393977 1
2757 5591 17393987 1
3206 7399 17394157 0
3261 7363 17394167 1
3172 7437 17394177 1
3152 7489 17394187 1
3177 7489 17394197 1
3197 7459 17394207 1
3231 7400 17394217 1
3275 7247 17394227 1
3296 7032 17394237 1
3311 6759 17394247 1
3321 6522 17394257 1
3321 6308 17394267 1
3326 6213 17394277 1
3331 6188 17394287 1
3331 6211 17394297 1
3340 6276 17394307 1
3340 6393 17394317 1
3334 6546 17394327 1
3317 6686 17394337 1
3293 6830 17394347 1
3271 7020 17394357 1
3256 7241 17394367 1
3256 7465 17394377 1
3275 7689 17394387 1
3317 7816 17394397 1
3352 7878 17394407 1
3383 7872 17394417 1
3422 7807 17394427 1
3451 7703 17394437 1
3472 7526 17394447 1
3483 7329 17394457 1
3490 7118 17394467 1
3490 6954 17394477 1
3514 6844 17394487 1
3530 6769 17394497 1
3544 6756 17394508 1
3544 6756 17394518 1
3544 6756 17394528 1
3501 6832 17394538 1
3478 6910 17394548 1
3459 7004 17394558 1
3453 7084 17394568 1
3453 7096 17394578 1
3453 7063 17394588 1
3453 6958 17394598 1
3458 6836 17394608 1
3458 6702 17394618 1
3488 6650 17394628 1
3526 6642 17394638 1
3583 6664 17394648 1
3654 6727 17394658 1
3794 8140 17394758 0
3905 8203 17394768 1
3883 8210 17394778 1
3888 8199 17394788 1
3911 8157 17394798 1
3926 8060 17394808 1
3933 7927 17394818 1
3933 7820 17394828 1
3952 7713 17394838 1
3959 7535 17394848 1
3959 7310 17394858 1
3959 6993 17394868 1
3941 6639 17394878 1
3920 6260 17394888 1
3886 5942 17394898 1
3858 5768 17394908 1
3833 5691 17394918 1
3833 5691 17394928 1
3833 5775 17394938 1
3858 5910 17394948 1
3819 7643 17395019 0
3799 8273 17395029 1
3819 8502 17395039 1
3812 8711 17395049 1
3840 8831 17395059 1
3890 8893 17395069 1
3953 8927 17395079 1
3995 8932 17395089 1
4023 8917 17395099 1
4037 8909 17395109 1
4048 8898 17395119 1
4058 8866 17395129 1
4079 8821 17395139 1
4118 8741 17395149 1
4170 8608 17395159 1
4246 8440 17395169 1
4313 8225 17395179 1
4373 7969 17395189 1
4421 7687 17395199 1
4470 7392 17395209 1
4523 7070 17395219 1
4581 6731 17395229 1
4650 6418 17395239 1
4725 6063 17395249 1
4780 5681 17395259 1
4802 5392 17395269 1
4802 5161 17395279 1
4782 4970 17395289 1
4759 4886 17395299 1
4733 4860 17395309 1
4708 4874 17395319 1
4659 4929 17395329 1
4594 5051 17395339 1
4520 5218 17395349 1
4426 5465 17395359 1
4318 5758 17395369 1
4194 6082 17395379 1
4075 6467 17395389 1
4016 6839 17395399 1
3996 7202 17395409 1
4043 7370 17395419 1
4124 7412 17395429 1
4228 7370 17395439 1
4318 7240 17395449 1
4344 7050 17395459 1
4326 6820 17395469 1
4261 6643 17395479 1
4186 6527 17395489 1
4105 6453 17395499 1
4105 6453 17395509 1
4185 6504 17395519 1
4320 6595 17395529 1
