154
2670 3833 63171071 0
2700 3784 63171081 1
2720 3797 63171091 1
2784 3848 63171101 1
2906 3943 63171111 1
3066 4068 63171121 1
3329 4245 63171131 1
3626 4448 63171141 1
3946 4669 63171151 1
4237 4875 63171161 1
4500 5062 63171171 1
4743 5237 63171181 1
4903 5424 63171191 1
5014 5590 63171201 1
5091 5742 63171211 1
5144 5890 63171221 1
4866 6247 63171292 0
4797 6181 63171302 1
4769 6148 63171312 1
4743 6082 63171322 1
4720 5994 63171332 1
4695 5801 63171342 1
4652 5540 63171352 1
4599 5235 63171362 1
4519 4852 63171372 1
4416 4482 63171382 1
4298 4122 63171392 1
4167 3843 63171402 1
4071 3671 63171412 1
3999 3570 63171422 1
4354 4485 63171532 0
4561 4485 63171542 1
4540 4491 63171552 1
4630 4450 63171562 1
4793 4328 63171572 1
4937 4153 63171582 1
5099 3967 63171592 1
5274 3788 63171602 1
5449 3691 63171612 1
5984 5651 63171792 0
6123 5546 63171802 1
6136 5563 63171812 1
6107 5487 63171822 1
6137 5348 63171832 1
6157 5166 63171842 1
6169 4943 63171852 1
6190 4694 63171862 1
6224 4498 63171872 1
6267 4341 63171882 1
6035 5578 63171993 0
6182 5779 63172003 1
6161 5893 63172013 1
6221 6027 63172023 1
6334 6066 63172033 1
6450 6077 63172043 1
6541 6069 63172053 1
6614 6029 63172063 1
6676 5957 63172073 1
6737 5864 63172083 1
6796 5737 63172093 1
6862 5574 63172103 1
6911 5387 63172113 1
6949 5152 63172123 1
6974 4942 63172133 1
6966 4749 63172143 1
6935 4673 63172153 1
6879 4646 63172163 1
6807 4653 63172173 1
6725 4689 63172183 1
6668 4769 63172193 1
6637 4878 63172203 1
6637 4878 63172223 0
6631 5297 63172233 1
6631 5279 63172243 1
6612 5223 63172253 1
6577 5143 63172263 1
6528 5014 63172273 1
6484 4885 63172283 1
6472 4814 63172293 1
6482 4783 63172303 1
6529 4773 63172313 1
6625 4819 63172323 1
6754 4902 63172333 1
6896 5006 63172343 1
7545 6714 63172513 0
7594 6730 63172523 1
7570 6735 63172533 1
7570 6715 63172543 1
7585 6678 63172553 1
7585 6580 63172563 1
7576 6401 63172573 1
7561 6168 63172583 1
7543 5797 63172593 1
7504 5422 63172603 1
7452 5002 63172613 1
7379 4555 63172623 1
7296 4223 63172633 1
7205 3968 63172643 1
7127 3765 63172653 1
7074 3669 63172663 1
7687 7214 63172834 0
7708 7335 63172844 1
7694 7462 63172854 1
7673 7615 63172864 1
7699 7659 63172874 1
7743 7674 63172884 1
7799 7674 63172894 1
7870 7652 63172904 1
7932 7629 63172914 1
7988 7599 63172924 1
8023 7565 63172934 1
8043 7525 63172944 1
8053 7477 63172954 1
8053 7425 63172964 1
8053 7369 63172974 1
8053 7308 63172984 1
8061 7216 63172994 1
8074 7106 63173004 1
8088 6932 63173014 1
8103 6720 63173024 1
8117 6483 63173034 1
8129 6202 63173034 1
8140 5934 63173044 1
8164 5674 63173054 1
8191 5453 63173064 1
8220 5177 63173074 1
8255 4865 63173084 1
8295 4512 63173094 1
8344 4092 63173104 1
8400 3627 63173114 1
8464 3243 63173124 1
8532 2901 63173134 1
8585 2586 63173144 1
8614 2403 63173154 1
8628 2275 63173164 1
8633 2183 63173174 1
8633 2129 63173184 1
8619 2097 63173194 1
8601 2081 63173204 1
7406 4594 63173325 0
7521 4805 63173335 1
7574 4953 63173345 1
7611 5075 63173355 1
7730 5181 63173365 1
7869 5260 63173375 1
8158 5121 63173415 0
8042 4699 63173425 1
7925 4539 63173435 1
7790 4430 63173445 1
7723 4354 63173455 1
7723 4345 63173465 1
7772 4376 63173475 1
7949 4435 63173485 1
8148 4547 63173495 1
