235
2984 4165 84987014 0
2984 4165 84987024 1
2984 4165 84987034 1
3034 4172 84987044 1
3085 4191 84987054 1
3170 4229 84987064 1
3287 4297 84987074 1
3426 4386 84987084 1
3611 4501 84987094 1
3807 4616 84987104 1
4011 4748 84987114 1
4243 4891 84987124 1
4460 5059 84987134 1
4668 5212 84987144 1
4836 5354 84987154 1
4962 5468 84987164 1
5061 5538 84987174 1
5121 5580 84987184 1
5142 5591 84987194 1
5142 5591 84987204 1
5134 5591 84987214 1
5134 5591 84987224 1
5101 5600 84987234 1
5052 5622 84987244 1
4994 5641 84987254 1
4922 5660 84987264 1
4840 5683 84987274 1
4521 5749 84987315 0
4382 5774 84987325 1
4336 5784 84987335 1
4308 5792 84987345 1
4295 5799 84987355 1
4295 5799 84987365 1
4295 5799 84987375 1
4305 5790 84987385 1
4326 5769 84987395 1
4353 5737 84987405 1
4374 5655 84987415 1
4392 5541 84987425 1
4408 5362 84987435 1
4408 5160 84987445 1
4399 4944 84987455 1
4380 4730 84987465 1
4346 4530 84987475 1
4291 4312 84987485 1
4223 4078 84987495 1
4133 3893 84987505 1
4043 3747 84987515 1
3953 3626 84987525 1
3875 3541 84987535 1
3802 3487 84987545 1
3744 3453 84987555 1
3694 3441 84987565 1
3663 3436 84987575 1
3636 3436 84987585 1
3617 3436 84987595 1
3609 3436 84987605 1
4416 4901 84987765 0
4416 4901 84987775 1
4416 4901 84987785 1
4416 4901 84987795 1
4416 4901 84987805 1
4428 4848 84987815 1
4461 4807 84987825 1
4519 4737 84987835 1
4597 4662 84987845 1
4688 4572 84987855 1
4787 4473 84987865 1
4882 4382 84987875 1
4975 4289 84987885 1
5095 4224 84987895 1
5230 4179 84987905 1
5381 4169 84987915 1
5537 4188 84987925 1
5698 4227 84987935 1
5836 4257 84987945 1
5959 4269 84987955 1
5649 5653 84988336 0
5657 5705 84988346 1
5657 5705 84988356 1
5657 5705 84988366 1
5672 5672 84988376 1
5698 5616 84988386 1
5721 5494 84988396 1
5734 5342 84988406 1
5741 5169 84988416 1
5747 5010 84988426 1
5755 4888 84988436 1
5765 4791 84988446 1
5774 4732 84988456 1
5782 4711 84988466 1
5790 5511 84988547 0
5827 5665 84988557 1
5833 5699 84988567 1
5847 5721 84988577 1
5862 5740 84988587 1
5878 5754 84988597 1
5898 5754 84988607 1
5924 5754 84988617 1
5944 5744 84988627 1
5957 5730 84988637 1
5988 5692 84988647 1
6019 5638 84988657 1
6050 5562 84988667 1
6078 5450 84988677 1
6103 5315 84988687 1
6123 5178 84988697 1
6137 5048 84988707 1
6147 4924 84988717 1
6157 4823 84988727 1
6164 4748 84988737 1
6164 4690 84988747 1
6164 4677 84988757 1
6164 4677 84988767 1
6164 4677 84988777 1
6143 4677 84988787 1
6106 4709 84988797 1
6044 4758 84988807 1
5981 4840 84988817 1
5918 4932 84988827 1
5860 5031 84988837 1
5802 5101 84988847 1
5746 5147 84988857 1
5713 5176 84988867 1
5694 5205 84988877 1
5694 5219 84988887 1
5694 5219 84988897 1
5722 5244 84988907 1
5765 5266 84988917 1
5827 5288 84988927 1
5879 5281 84988937 1
5924 5241 84988947 1
5959 5180 84988957 1
5977 5082 84988967 1
5984 4980 84988977 1
5976 4870 84988987 1
5966 4790 84988997 1
5955 4731 84989007 1
5955 4723 84989017 1
5955 4723 84989027 1
5955 4731 84989037 1
5991 4816 84989047 1
6045 4984 84989057 1
6122 5207 84989067 1
6204 5424 84989077 1
6290 5610 84989087 1
6347 5775 84989097 1
6385 5900 84989107 1
6410 5979 84989117 1
6417 6028 84989127 1
6417 6040 84989137 1
6407 6049 84989147 1
6407 6049 84989157 1
6407 6049 84989167 1
6407 6049 84989177 1
6407 6049 84989187 1
6407 6003 84989197 1
6431 5932 84989207 1
6443 5751 84989217 1
6449 5520 84989227 1
6440 5257 84989237 1
6424 4986 84989247 1
6403 4741 84989257 1
6397 4513 84989267 1
6397 4323 84989277 1
6397 4171 84989287 1
6397 4045 84989297 1
6407 3972 84989307 1
6407 3953 84989317 1
6641 6664 84989548 0
6674 6601 84989558 1
6700 6530 84989568 1
6730 6470 84989578 1
6762 6335 84989588 1
6790 6149 84989598 1
6816 5961 84989608 1
6840 5757 84989618 1
6866 5543 84989628 1
6890 5303 84989638 1
6911 5067 84989648 1
6930 4833 84989658 1
6947 4574 84989668 1
6970 4312 84989678 1
6998 3998 84989688 1
7035 3650 84989698 1
7073 3444 84989708 1
7108 3223 84989718 1
7135 2992 84989728 1
7159 2837 84989738 1
7174 2721 84989748 1
7185 2630 84989758 1
7193 2603 84989768 1
7193 2597 84989778 1
7193 2604 84989788 1
7193 2604 84989798 1
7193 2604 84989808 1
7193 2604 84989818 1
7193 2604 84989828 1
7193 2610 84989838 1
7153 2674 84989848 1
7084 2779 84989858 1
6998 2970 84989868 1
6249 4886 84990009 0
6267 5009 84990019 1
6258 5039 84990029 1
6258 5054 84990039 1
6253 5054 84990049 1
6253 5054 84990059 1
6253 5054 84990069 1
6281 5063 84990079 1
6346 5091 84990089 1
6435 5133 84990099 1
6529 5204 84990109 1
6622 5273 84990119 1
6698 5338 84990129 1
6762 5364 84990139 1
6805 5364 84990149 1
6826 5340 84990159 1
6832 5271 84990169 1
6809 5172 84990179 1
6760 5041 84990189 1
6694 4909 84990199 1
6634 4775 84990209 1
6577 4641 84990219 1
6535 4525 84990229 1
6503 4425 84990239 1
6489 4337 84990249 1
6489 4313 84990259 1
6502 4304 84990269 1
6527 4304 84990279 1
6574 4325 84990289 1
6635 4381 84990299 1
6729 4461 84990309 1
6836 4535 84990319 1
6952 4599 84990329 1
