169
4715 3577 17388549 0
4593 3533 17388559 1
4509 3539 17388569 1
4486 3539 17388579 1
4525 3554 17388589 1
4604 3577 17388599 1
4800 3660 17388609 1
5052 3801 17388619 1
5340 3982 17388629 1
5685 4185 17388639 1
6031 4392 17388649 1
6287 4603 17388659 1
6483 4732 17388669 1
6589 4831 17388679 1
6627 4911 17388689 1
5830 5625 17388810 0
5878 5547 17388820 1
5878 5514 17388830 1
5901 5495 17388840 1
5944 5373 17388850 1
5988 5190 17388860 1
5983 4967 17388870 1
5944 4651 17388880 1
5867 4280 17388890 1
5751 3873 17388900 1
5610 3469 17388910 1
5483 3130 17388920 1
5356 2834 17388930 1
5274 2657 17388940 1
5222 2582 17388950 1
5451 3673 17389040 0
5611 3819 17389050 1
5648 3813 17389060 1
5663 3792 17389070 1
5726 3701 17389080 1
5822 3578 17389090 1
5940 3434 17389100 1
6129 3271 17389110 1
6364 3104 17389120 1
6671 2985 17389130 1
7022 2899 17389140 1
7402 2884 17389150 1
7714 5204 17389360 0
7734 5174 17389370 1
7727 5179 17389380 1
7707 5203 17389390 1
7726 5066 17389401 1
7748 4857 17389411 1
7773 4600 17389421 1
7800 4323 17389431 1
7800 4042 17389441 1
7770 3758 17389451 1
7770 3594 17389461 1
7770 3521 17389471 1
7770 3509 17389481 1
7770 3540 17389491 1
7758 3629 17389501 1
7742 3756 17389511 1
7710 3923 17389521 1
7682 4108 17389531 1
7657 4794 17389571 0
7712 5257 17389581 1
7760 5414 17389591 1
7818 5505 17389601 1
7873 5551 17389611 1
7912 5551 17389621 1
7940 5526 17389631 1
7969 5485 17389641 1
7998 5418 17389651 1
8006 5277 17389661 1
7999 5086 17389671 1
7999 4821 17389681 1
8005 4527 17389691 1
8035 4213 17389701 1
8077 3946 17389711 1
8111 3772 17389721 1
8125 3661 17389731 1
8125 3655 17389741 1
8103 3688 17389751 1
8073 3747 17389761 1
8037 3854 17389771 1
8014 3982 17389781 1
7995 4300 17389811 0
7963 4530 17389821 1
7908 4466 17389831 1
7826 4319 17389841 1
7779 4117 17389851 1
7779 3977 17389861 1
7814 3904 17389871 1
7902 3876 17389881 1
8011 3910 17389891 1
8133 3982 17389901 1
8242 4080 17389911 1
8292 4163 17389921 1
8303 4220 17389931 1
8612 5873 17390082 0
8564 5845 17390092 1
8554 5851 17390102 1
8554 5851 17390112 1
8554 5822 17390122 1
8563 5775 17390132 1
8579 5684 17390142 1
8604 5521 17390152 1
8633 5311 17390152 1
8633 5026 17390162 1
8621 4689 17390172 1
8562 4318 17390182 1
8466 3927 17390192 1
8344 3590 17390202 1
8224 3290 17390212 1
8131 3047 17390222 1
8057 2891 17390232 1
8029 2792 17390242 1
8029 2767 17390252 1
8485 6161 17390382 0
8631 6274 17390392 1
8626 6352 17390402 1
8639 6402 17390412 1
8665 6433 17390422 1
8714 6466 17390432 1
8778 6501 17390442 1
8853 6538 17390452 1
8925 6554 17390462 1
8975 6529 17390472 1
9010 6476 17390482 1
9045 6366 17390492 1
9058 6185 17390502 1
9058 5957 17390512 1
9077 5691 17390522 1
9099 5419 17390532 1
9122 5144 17390542 1
9145 4830 17390552 1
9167 4516 17390562 1
9190 4134 17390572 1
9224 3708 17390582 1
9243 3299 17390592 1
9252 2871 17390602 1
9272 2430 17390612 1
9272 2096 17390622 1
9272 1833 17390632 1
9256 1618 17390642 1
9242 1515 17390652 1
9223 1451 17390662 1
9200 1413 17390672 1
9171 1418 17390682 1
9114 1483 17390692 1
9038 1589 17390702 1
8951 1797 17390712 1
8851 2068 17390722 1
8741 2380 17390732 1
8654 2759 17390742 1
8585 3173 17390752 1
8529 3610 17390762 1
8493 4012 17390772 1
8505 4327 17390782 1
8550 4584 17390792 1
8597 4683 17390802 1
8647 4690 17390812 1
8703 4635 17390822 1
8756 4518 17390832 1
8762 4363 17390842 1
8738 4183 17390852 1
8686 4017 17390862 1
8639 3884 17390872 1
8595 3773 17390882 1
8607 3720 17390892 1
8696 3720 17390902 1
8837 3745 17390912 1
9064 3847 17390922 1
