123
2049 6163 63205761 0
2049 6163 63205771 1
1994 6212 63205781 1
1994 6187 63205791 1
2035 6110 63205801 1
2111 5865 63205811 1
2192 5471 63205821 1
2272 4977 63205831 1
2348 4385 63205841 1
2423 3819 63205851 1
2452 3271 63205861 1
2452 2864 63205871 1
2420 2623 63205881 1
2407 2493 63205891 1
2407 2481 63205901 1
2138 5513 63206052 0
2420 5699 63206062 1
2462 5748 63206072 1
2581 5781 63206082 1
2752 5742 63206092 1
2946 5654 63206102 1
3159 5551 63206112 1
3385 5398 63206122 1
3545 5212 63206132 1
3650 5060 63206142 1
3717 4908 63206152 1
3684 4757 63206162 1
3579 4622 63206172 1
3426 4458 63206182 1
3233 4275 63206192 1
3040 4103 63206202 1
2846 4011 63206212 1
2730 3972 63206222 1
2635 3978 63206232 1
2553 4031 63206242 1
2497 4116 63206252 1
2463 4231 63206262 1
2444 4341 63206262 1
2437 4395 63206272 1
2444 4415 63206282 1
2460 4392 63206292 1
2507 4348 63206302 1
2579 4291 63206312 1
2668 4222 63206322 1
2791 4165 63206332 1
2962 4115 63206342 1
3164 4051 63206352 1
3395 3949 63206362 1
3647 3821 63206372 1
3913 3657 63206382 1
4122 3539 63206392 1
4289 3451 63206402 1
4427 3406 63206412 1
4519 3385 63206422 1
4582 3379 63206432 1
4626 3379 63206442 1
4652 3391 63206452 1
4271 4033 63206542 0
4406 4066 63206552 1
4439 4156 63206562 1
4444 4156 63206572 1
4527 4093 63206582 1
4626 3991 63206592 1
4736 3871 63206602 1
4833 3739 63206612 1
4915 3699 63206622 1
4987 3713 63206632 1
5056 3764 63206642 1
5110 3871 63206652 1
5155 3986 63206662 1
5162 4107 63206672 1
5123 4225 63206682 1
5052 4341 63206692 1
4954 4385 63206702 1
4856 4385 63206712 1
4752 4285 63206722 1
4644 4167 63206732 1
4604 4036 63206742 1
5926 4866 63206883 0
5997 4820 63206893 1
5912 4853 63206903 1
5812 4794 63206913 1
5702 4673 63206923 1
5585 4468 63206933 1
5512 4306 63206943 1
5467 4173 63206953 1
5472 4074 63206963 1
5526 4027 63206973 1
5613 4015 63206983 1
5731 4010 63206993 1
5849 3998 63207003 1
5964 3975 63207013 1
6046 3940 63207023 1
6109 3877 63207033 1
6124 3795 63207043 1
6091 3694 63207053 1
6027 3616 63207063 1
5961 3553 63207073 1
5901 3521 63207083 1
5855 3521 63207093 1
5817 3545 63207103 1
5817 3625 63207113 1
6054 4460 63207163 0
6288 4692 63207173 1
6341 4726 63207183 1
6341 4726 63207193 1
6317 4695 63207203 1
6280 4612 63207213 1
6194 4493 63207223 1
6154 4351 63207233 1
6145 4272 63207233 1
6183 4220 63207243 1
6272 4187 63207253 1
6394 4161 63207263 1
6515 4132 63207273 1
6614 4097 63207283 1
6697 4038 63207293 1
6743 3962 63207303 1
6735 3858 63207313 1
6691 3747 63207323 1
6615 3631 63207333 1
6533 3551 63207343 1
6446 3494 63207353 1
