169
2330 5416 65648694 0
2360 5515 65648704 1
2309 5573 65648714 1
2318 5618 65648724 1
2347 5589 65648734 1
2388 5501 65648744 1
2435 5374 65648754 1
2475 5146 65648764 1
2510 4799 65648774 1
2540 4374 65648784 1
2565 3875 65648794 1
2586 3366 65648804 1
2599 2850 65648814 1
2594 2458 65648824 1
2577 2262 65648834 1
2555 2196 65648844 1
2547 2153 65648854 1
2547 2147 65648864 1
2547 2165 65648874 1
2522 4860 65649054 0
2490 4810 65649064 1
2446 4847 65649074 1
2446 4899 65649084 1
2477 4971 65649094 1
2538 5086 65649104 1
2653 5230 65649114 1
2783 5392 65649124 1
2922 5514 65649134 1
3073 5609 65649144 1
3208 5637 65649154 1
3333 5591 65649164 1
3424 5496 65649174 1
3489 5321 65649184 1
3537 5087 65649194 1
3537 4813 65649204 1
3493 4488 65649214 1
3420 4160 65649224 1
3317 3829 65649234 1
3192 3597 65649244 1
3052 3432 65649254 1
2916 3313 65649264 1
2810 3239 65649274 1
2725 3229 65649284 1
2664 3263 65649294 1
2634 3336 65649304 1
2625 3424 65649314 1
2656 3521 65649324 1
2692 3599 65649334 1
2724 3654 65649344 1
2752 3695 65649354 1
2777 3721 65649364 1
2804 3752 65649374 1
2835 3787 65649384 1
2867 3818 65649394 1
2898 3845 65649404 1
2918 3866 65649414 1
2930 3877 65649424 1
2930 3882 65649434 1
2930 3882 65649444 1
2930 3882 65649454 1
2930 3870 65649464 1
2960 3811 65649474 1
3002 3720 65649484 1
3081 3577 65649494 1
3194 3372 65649504 1
3329 3126 65649514 1
3451 2911 65649524 1
3569 2736 65649534 1
3684 2589 65649544 1
3804 2490 65649554 1
3899 2422 65649564 1
3978 2375 65649574 1
4029 2358 65649584 1
4059 2349 65649594 1
4076 2349 65649604 1
4088 2342 65649614 1
4100 2342 65649624 1
4116 2342 65649634 1
4138 2351 65649644 1
4186 2390 65649654 1
4248 2468 65649664 1
4327 2571 65649674 1
4410 2699 65649684 1
4499 2840 65649694 1
4585 2990 65649704 1
4635 3059 65649714 1
4663 3089 65649724 1
4673 3089 65649734 1
4673 3089 65649744 1
4665 3071 65649754 1
4693 3045 65649764 1
4739 2980 65649774 1
4798 2890 65649786 1
4850 2791 65649796 1
4906 2703 65649806 1
4958 2657 65649816 1
5004 2637 65649826 1
5061 2637 65649836 1
5141 2691 65649846 1
5235 2782 65649856 1
5325 2914 65649866 1
5381 3055 65649876 1
5413 3203 65649886 1
5372 3377 65649896 1
5266 3520 65649906 1
5116 3642 65649916 1
4941 3705 65649926 1
4739 3705 65649936 1
4518 3658 65649946 1
4376 3596 65649956 1
4277 3539 65649966 1
4206 3499 65649976 1
4172 3468 65649986 1
4172 3468 65649996 1
4184 3468 65650006 1
4232 3468 65650016 1
4296 3473 65650026 1
5999 4059 65650236 0
6058 4160 65650246 1
6017 4233 65650256 1
6004 4336 65650266 1
5982 4323 65650276 1
5953 4275 65650286 1
5923 4203 65650296 1
5900 4116 65650306 1
5909 4008 65650316 1
5938 3885 65650326 1
6000 3751 65650336 1
6079 3630 65650346 1
6170 3524 65650356 1
6276 3424 65650366 1
6335 3342 65650376 1
6363 3258 65650386 1
6363 3172 65650396 1
6338 3100 65650406 1
6291 3037 65650416 1
6211 2985 65650426 1
6127 2953 65650436 1
6039 2935 65650446 1
5986 2952 65650456 1
5938 2994 65650466 1
5917 3052 65650476 1
5917 3124 65650486 1
5947 3194 65650496 1
6917 4109 65650587 0
7076 4240 65650597 1
7089 4296 65650607 1
7075 4317 65650617 1
7056 4317 65650627 1
7007 4274 65650637 1
6939 4190 65650647 1
6864 4078 65650657 1
6807 3967 65650667 1
6799 3853 65650677 1
6816 3737 65650687 1
6878 3647 65650697 1
6964 3574 65650707 1
7066 3507 65650717 1
7174 3448 65650727 1
7283 3395 65650737 1
7345 3345 65650747 1
7376 3287 65650757 1
7368 3214 65650767 1
7316 3133 65650777 1
7235 3056 65650787 1
7129 2982 65650797 1
7017 2926 65650807 1
6901 2907 65650817 1
6818 2912 65650827 1
