164
1999 5862 65626742 0
2110 6021 65626752 1
2110 6129 65626762 1
2146 6257 65626772 1
2159 6316 65626782 1
2159 6316 65626792 1
2166 6282 65626802 1
2174 6155 65626812 1
2168 5887 65626822 1
2152 5524 65626832 1
2146 5022 65626842 1
2146 4491 65626852 1
2168 3941 65626862 1
2206 3495 65626872 1
2213 3211 65626882 1
2213 3034 65626892 1
2200 2925 65626902 1
2200 2877 65626912 1
2194 2869 65626922 1
2194 2869 65626932 1
2391 5416 65627103 0
2320 5371 65627113 1
2287 5377 65627123 1
2277 5412 65627133 1
2277 5467 65627143 1
2323 5567 65627153 1
2412 5704 65627163 1
2531 5865 65627173 1
2704 6057 65627183 1
2864 6204 65627193 1
3015 6320 65627203 1
3167 6361 65627213 1
3293 6336 65627223 1
3401 6268 65627233 1
3493 6149 65627243 1
3557 5973 65627253 1
3603 5758 65627263 1
3590 5512 65627273 1
3524 5205 65627283 1
3423 4858 65627293 1
3299 4568 65627303 1
3144 4338 65627313 1
2967 4149 65627323 1
2829 4028 65627333 1
2734 3972 65627343 1
2667 3959 65627353 1
2632 3970 65627363 1
2617 3990 65627373 1
2617 4015 65627383 1
2630 4070 65627393 1
2665 4148 65627403 1
2715 4242 65627413 1
2755 4336 65627423 1
2797 4427 65627433 1
2842 4500 65627443 1
2877 4563 65627453 1
2906 4602 65627463 1
2923 4625 65627473 1
2934 4637 65627483 1
2940 4637 65627493 1
2962 4603 65627503 1
3008 4543 65627513 1
3070 4405 65627523 1
3166 4213 65627533 1
3284 3986 65627543 1
3416 3753 65627553 1
3556 3533 65627563 1
3700 3322 65627573 1
3809 3119 65627583 1
3893 2957 65627593 1
3970 2823 65627603 1
4022 2752 65627613 1
4057 2720 65627623 1
4099 2714 65627633 1
4146 2732 65627643 1
4212 2789 65627653 1
4289 2872 65627663 1
4388 3007 65627673 1
4499 3184 65627683 1
4617 3389 65627693 1
4732 3576 65627703 1
4804 3702 65627713 1
4847 3788 65627723 1
4854 3799 65627733 1
4854 3799 65627743 1
4854 3789 65627753 1
4862 3733 65627763 1
4874 3638 65627773 1
4903 3516 65627783 1
4943 3386 65627793 1
4995 3258 65627803 1
5049 3177 65627813 1
5097 3128 65627823 1
5139 3105 65627833 1
5179 3105 65627843 1
5219 3127 65627853 1
5251 3197 65627863 1
5277 3327 65627873 1
5268 3497 65627883 1
5211 3675 65627893 1
5121 3830 65627903 1
5009 3969 65627913 1
4887 4022 65627923 1
4759 4042 65627933 1
4629 4042 65627943 1
4539 4042 65627953 1
4475 4042 65627963 1
4453 4042 65627973 1
4453 4042 65627983 1
4461 4042 65627993 1
4499 4049 65628003 1
6411 4626 65628265 0
6482 4675 65628275 1
6435 4781 65628285 1
6352 4797 65628295 1
6298 4753 65628305 1
6239 4658 65628315 1
6176 4568 65628325 1
6133 4481 65628335 1
6116 4383 65628345 1
6116 4280 65628355 1
6144 4170 65628365 1
6203 4067 65628375 1
6283 3968 65628385 1
6369 3876 65628395 1
6452 3791 65628405 1
6517 3712 65628415 1
6570 3652 65628425 1
6588 3605 65628435 1
6582 3567 65628445 1
6561 3498 65628455 1
6503 3428 65628465 1
6427 3368 65628475 1
6338 3315 65628485 1
6260 3292 65628495 1
6205 3292 65628505 1
6165 3299 65628515 1
6141 3326 65628525 1
6149 3372 65628535 1
7485 4795 65628645 0
7659 4988 65628655 1
7659 5045 65628665 1
7621 5097 65628675 1
7601 5097 65628685 1
7521 5066 65628695 1
7400 4978 65628705 1
7298 4866 65628715 1
7236 4739 65628725 1
7200 4613 65628735 1
7200 4484 65628745 1
7252 4349 65628755 1
7333 4236 65628765 1
7431 4139 65628775 1
7519 4055 65628785 1
7599 3971 65628795 1
7661 3893 65628805 1
7690 3820 65628815 1
7697 3725 65628825 1
7658 3636 65628835 1
7579 3552 65628845 1
7474 3464 65628855 1
7371 3411 65628865 1
7304 3381 65628875 1
7260 3370 65628885 1
