163
2030 6098 24477199 0
2060 6146 24477209 1
2052 6172 24477219 1
2058 6201 24477229 1
2073 6167 24477239 1
2095 6129 24477249 1
2122 6028 24477259 1
2143 5888 24477269 1
2164 5700 24477279 1
2186 5474 24477289 1
2208 5223 24477299 1
2226 4908 24477309 1
2242 4578 24477319 1
2252 4237 24477329 1
2262 3881 24477339 1
2276 3633 24477339 1
2289 3457 24477349 1
2300 3330 24477359 1
2300 3263 24477369 1
2300 3237 24477379 1
2276 3265 24477389 1
2239 3370 24477399 1
2016 5145 24477479 0
2105 5604 24477489 1
2165 5813 24477499 1
2234 5977 24477509 1
2319 6136 24477519 1
2395 6225 24477529 1
2466 6268 24477539 1
2558 6308 24477549 1
2661 6313 24477559 1
2770 6296 24477569 1
2869 6239 24477579 1
2959 6119 24477589 1
3043 5957 24477599 1
3097 5748 24477609 1
3109 5511 24477619 1
3093 5255 24477629 1
3039 5009 24477639 1
2969 4793 24477649 1
2889 4598 24477659 1
2804 4460 24477669 1
2711 4370 24477679 1
2612 4312 24477689 1
2499 4302 24477699 1
2403 4335 24477709 1
2318 4396 24477719 1
2275 4433 24477729 1
2261 4465 24477739 1
2266 4485 24477749 1
2296 4500 24477759 1
2368 4510 24477769 1
2468 4494 24477779 1
2623 4460 24477789 1
2807 4369 24477799 1
3009 4261 24477809 1
3222 4143 24477819 1
3412 4057 24477829 1
3587 3987 24477839 1
3757 3929 24477849 1
3876 3869 24477859 1
3962 3825 24477869 1
4032 3792 24477879 1
4075 3785 24477889 1
4101 3801 24477899 1
4101 3833 24477909 1
4289 4983 24478060 0
4350 5037 24478070 1
4350 5053 24478080 1
4350 5053 24478090 1
4342 5043 24478100 1
4331 5006 24478110 1
4315 4936 24478120 1
4295 4843 24478130 1
4287 4725 24478140 1
4287 4603 24478150 1
4287 4478 24478160 1
4287 4331 24478170 1
4300 4191 24478180 1
4320 4100 24478190 1
4357 4038 24478200 1
4405 4029 24478210 1
4454 4066 24478220 1
4510 4134 24478230 1
4555 4235 24478240 1
4590 4349 24478251 1
4601 4472 24478261 1
4591 4588 24478271 1
4566 4667 24478281 1
4516 4721 24478291 1
4443 4737 24478301 1
4354 4730 24478311 1
4257 4709 24478321 1
4162 4672 24478331 1
4112 4649 24478341 1
4091 4636 24478351 1
4115 4629 24478361 1
4189 4621 24478371 1
4297 4637 24478381 1
4439 4669 24478391 1
4609 4704 24478401 1
4797 4752 24478411 1
4957 4809 24478421 1
5567 5111 24478471 0
5685 5204 24478481 1
5714 5229 24478491 1
5709 5244 24478501 1
5693 5255 24478511 1
5669 5261 24478521 1
5634 5261 24478531 1
5592 5243 24478541 1
5546 5209 24478551 1
5492 5162 24478561 1
5435 5101 24478571 1
5377 5024 24478581 1
5322 4936 24478591 1
5285 4853 24478601 1
5259 4792 24478611 1
5274 4745 24478621 1
5311 4717 24478631 1
5363 4702 24478641 1
5436 4695 24478651 1
5510 4687 24478661 1
5586 4673 24478671 1
5648 4654 24478681 1
5700 4635 24478691 1
5720 4606 24478701 1
5706 4559 24478711 1
5669 4501 24478721 1
5601 4429 24478731 1
5533 4367 24478741 1
5464 4311 24478751 1
5408 4279 24478761 1
5375 4284 24478771 1
5356 4313 24478781 1
5377 4378 24478791 1
6116 5206 24478881 0
6314 5377 24478891 1
6387 5438 24478901 1
6427 5465 24478911 1
6442 5475 24478921 1
6442 5475 24478931 1
6432 5467 24478941 1
6404 5457 24478951 1
6363 5415 24478961 1
6304 5352 24478971 1
6227 5263 24478981 1
6138 5166 24478991 1
6072 5065 24479001 1
6046 4997 24479011 1
6046 4959 24479021 1
6094 4940 24479031 1
6179 4933 24479041 1
6288 4933 24479051 1
6405 4941 24479061 1
6518 4927 24479072 1
6611 4909 24479082 1
6693 4861 24479092 1
6715 4795 24479102 1
6654 4681 24479112 1
6537 4529 24479122 1
6339 4351 24479132 1
6147 4172 24479142 1
