127
2754 6398 63208615 0
2706 6332 63208625 1
2663 6332 63208635 1
2671 6292 63208645 1
2701 6215 63208655 1
2745 6065 63208665 1
2802 5793 63208675 1
2857 5440 63208685 1
2900 4979 63208695 1
2934 4465 63208705 1
2978 3915 63208715 1
3022 3468 63208725 1
3071 3139 63208735 1
3130 2890 63208745 1
3193 2737 63208755 1
3253 2648 63208765 1
3297 2602 63208775 1
3332 2594 63208785 1
3347 2615 63208795 1
3339 2655 63208805 1
3316 2782 63208815 1
3249 2942 63208825 1
2892 3626 63208856 0
2639 4242 63208866 1
2515 4579 63208876 1
2437 4925 63208886 1
2416 5200 63208896 1
2432 5409 63208906 1
2527 5574 63208916 1
2691 5691 63208926 1
2901 5769 63208936 1
3129 5820 63208946 1
3359 5820 63208956 1
3566 5761 63208966 1
3757 5655 63208976 1
3901 5529 63208986 1
4019 5355 63208996 1
4119 5148 63209006 1
4154 4941 63209016 1
4104 4729 63209026 1
3998 4513 63209036 1
3821 4279 63209046 1
3598 4075 63209056 1
3343 3892 63209066 1
3143 3790 63209076 1
2994 3748 63209086 1
2879 3748 63209096 1
2811 3798 63209106 1
2781 3858 63209116 1
2775 3924 63209126 1
2805 3942 63209136 1
2871 3930 63209146 1
2960 3898 63209156 1
3099 3821 63209166 1
3273 3733 63209176 1
3471 3639 63209186 1
3741 3580 63209196 1
4012 3553 63209206 1
4293 3547 63209216 1
4581 3564 63209226 1
4777 3578 63209236 1
4886 3578 63209246 1
4937 3578 63209256 1
4948 3578 63209266 1
4579 3954 63209346 0
4663 3929 63209356 1
4648 3909 63209366 1
4636 3897 63209376 1
4660 3848 63209386 1
4707 3774 63209396 1
4788 3696 63209406 1
4872 3676 63209416 1
4959 3694 63209426 1
5040 3770 63209436 1
5077 3863 63209446 1
5084 3968 63209456 1
5046 4103 63209466 1
4987 4210 63209476 1
4914 4299 63209486 1
4847 4312 63209496 1
4794 4269 63209506 1
4750 4190 63209516 1
4720 4056 63209526 1
5987 4873 63209677 0
6027 4799 63209687 1
5946 4799 63209697 1
5867 4784 63209707 1
5774 4670 63209717 1
5671 4489 63209727 1
5596 4314 63209737 1
5532 4167 63209747 1
5476 4040 63209757 1
5488 3984 63209767 1
5556 3957 63209777 1
5661 3950 63209787 1
5809 3958 63209797 1
5937 3964 63209807 1
6052 3964 63209817 1
6132 3953 63209827 1
6181 3925 63209837 1
6209 3879 63209847 1
6202 3804 63209857 1
6168 3709 63209867 1
6115 3638 63209877 1
6082 3604 63209887 1
6066 3594 63209897 1
6066 3615 63209907 1
6294 4322 63209947 0
6509 4648 63209957 1
6530 4693 63209967 1
6530 4704 63209977 1
6523 4686 63209987 1
6487 4609 63209997 1
6443 4494 63210007 1
6394 4394 63210017 1
6388 4328 63210027 1
6417 4284 63210037 1
6468 4257 63210047 1
6546 4230 63210057 1
6627 4203 63210067 1
6714 4146 63210077 1
6773 4053 63210087 1
6814 3935 63210097 1
6805 3783 63210107 1
6768 3683 63210117 1
6712 3618 63210127 1
6663 3583 63210137 1
