110
2347 5596 21859705 0
2360 5634 21859715 1
2288 5650 21859725 1
2280 5589 21859735 1
2302 5478 21859745 1
2343 5275 21859755 1
2380 4969 21859765 1
2399 4594 21859775 1
2406 4176 21859785 1
2406 3762 21859795 1
2406 3351 21859805 1
2424 3019 21859815 1
2460 2822 21859825 1
2508 2715 21859835 1
2708 5598 21860026 0
2766 5613 21860036 1
2752 5652 21860046 1
2812 5665 21860056 1
2920 5665 21860066 1
3065 5653 21860076 1
3235 5641 21860086 1
3422 5621 21860096 1
3612 5590 21860106 1
3795 5552 21860116 1
3920 5500 21860126 1
4008 5429 21860136 1
4070 5346 21860146 1
4096 5244 21860156 1
4096 5115 21860166 1
4064 4969 21860176 1
4002 4815 21860186 1
3921 4668 21860196 1
3816 4543 21860206 1
3660 4432 21860216 1
3471 4328 21860226 1
3283 4248 21860236 1
3103 4184 21860246 1
2929 4161 21860256 1
2816 4148 21860266 1
2774 4143 21860276 1
2774 4143 21860286 1
2810 4156 21860296 1
2917 4178 21860306 1
3074 4204 21860316 1
3275 4204 21860326 1
3479 4190 21860336 1
3703 4128 21860346 1
3940 4018 21860356 1
4132 3875 21860366 1
4295 3709 21860376 1
4439 3557 21860386 1
4577 3415 21860396 1
4717 3250 21860406 1
5420 4040 21860997 0
5365 4023 21861007 1
5312 4017 21861017 1
5254 3942 21861027 1
5221 3821 21861037 1
5216 3650 21861047 1
5229 3498 21861057 1
5279 3358 21861067 1
5364 3277 21861077 1
5471 3272 21861087 1
5599 3319 21861097 1
5715 3415 21861107 1
5822 3533 21861117 1
5868 3667 21861127 1
5883 3812 21861137 1
5877 3928 21861147 1
5826 4026 21861157 1
5720 4095 21861167 1
5576 4113 21861177 1
5441 4096 21861187 1
5332 4011 21861197 1
5241 3906 21861207 1
6555 4158 21861478 0
6470 4175 21861488 1
6416 4219 21861498 1
6381 4200 21861508 1
6381 4138 21861518 1
6409 4074 21861528 1
6452 4026 21861538 1
6504 3988 21861548 1
6550 3965 21861558 1
6593 3940 21861568 1
6624 3909 21861578 1
6639 3870 21861588 1
6639 3813 21861598 1
6624 3744 21861608 1
6583 3661 21861618 1
6528 3559 21861628 1
6453 3444 21861638 1
6376 3330 21861648 1
7725 4236 21861899 0
7661 4217 21861909 1
7567 4230 21861919 1
7488 4243 21861929 1
7418 4191 21861939 1
7355 4133 21861949 1
7316 4081 21861959 1
7338 4036 21861969 1
7401 3996 21861979 1
7527 3956 21861989 1
7658 3915 21861999 1
7791 3851 21862009 1
7857 3771 21862019 1
7843 3673 21862029 1
7775 3555 21862039 1
7655 3424 21862049 1
7520 3283 21862059 1
