135
3770 6596 63218880 0
3703 6586 63218890 1
3644 6644 63218900 1
3569 6735 63218910 1
3557 6741 63218920 1
3565 6729 63218930 1
3586 6706 63218940 1
3632 6611 63218950 1
3682 6401 63218960 1
3737 6115 63218970 1
3774 5721 63218980 1
3798 5265 63218990 1
3821 4768 63219000 1
3833 4356 63219010 1
3838 3986 63219020 1
3838 3645 63219030 1
3847 3470 63219040 1
3854 3357 63219050 1
3866 3285 63219060 1
3885 3262 63219070 1
3934 3275 63219080 1
4001 3311 63219090 1
3651 4896 63219181 0
3529 5364 63219191 1
3519 5591 63219201 1
3519 5837 63219211 1
3582 5944 63219221 1
3698 5995 63219231 1
3850 6010 63219241 1
4018 5971 63219251 1
4209 5892 63219261 1
4416 5786 63219271 1
4614 5698 63219281 1
4775 5608 63219291 1
4911 5511 63219301 1
4984 5391 63219311 1
4984 5257 63219321 1
4936 5120 63219331 1
4816 4979 63219341 1
4628 4820 63219351 1
4395 4650 63219361 1
4165 4532 63219371 1
3983 4465 63219381 1
3832 4432 63219391 1
3723 4432 63219401 1
3649 4460 63219411 1
3598 4501 63219421 1
3589 4530 63219431 1
3604 4546 63219441 1
3634 4553 63219451 1
3702 4543 63219461 1
3793 4513 63219471 1
3900 4471 63219481 1
4042 4433 63219491 1
4232 4404 63219501 1
4455 4380 63219511 1
4698 4330 63219521 1
4941 4275 63219531 1
5149 4199 63219541 1
5334 4110 63219551 1
5476 4028 63219561 1
5582 3972 63219571 1
5663 3934 63219581 1
5738 3924 63219591 1
5813 3946 63219601 1
5855 3989 63219611 1
5660 4302 63219661 0
5482 4490 63219671 1
5412 4578 63219681 1
5364 4615 63219691 1
5349 4615 63219701 1
5355 4608 63219711 1
5380 4537 63219721 1
5409 4426 63219731 1
5444 4281 63219741 1
5491 4205 63219751 1
5543 4174 63219761 1
5614 4196 63219771 1
5697 4266 63219781 1
5785 4368 63219781 1
5849 4491 63219791 1
5898 4605 63219801 1
5885 4713 63219811 1
5826 4777 63219821 1
5735 4787 63219831 1
5614 4761 63219841 1
5501 4674 63219851 1
5394 4570 63219861 1
5364 4456 63219871 1
6980 5059 63220052 0
6967 5024 63220062 1
6939 5003 63220072 1
6899 4975 63220082 1
6852 4945 63220092 1
6785 4911 63220102 1
6706 4848 63220112 1
6618 4767 63220122 1
6498 4661 63220132 1
6362 4541 63220142 1
6216 4413 63220152 1
6137 4305 63220162 1
6137 4234 63220172 1
6181 4187 63220182 1
6328 4169 63220192 1
6514 4184 63220202 1
6725 4222 63220212 1
6937 4255 63220222 1
7091 4286 63220232 1
7205 4280 63220242 1
7260 4251 63220252 1
7254 4204 63220262 1
7208 4125 63220272 1
7109 4024 63220282 1
6987 3910 63220292 1
6849 3819 63220302 1
7493 5188 63220422 0
7644 5103 63220432 1
7644 5137 63220442 1
7577 5087 63220452 1
7496 4981 63220462 1
7409 4805 63220472 1
7315 4663 63220482 1
7267 4544 63220492 1
7250 4486 63220502 1
7290 4458 63220512 1
7396 4449 63220522 1
7545 4438 63220532 1
7703 4419 63220542 1
7831 4387 63220552 1
7939 4337 63220562 1
7967 4275 63220572 1
7918 4200 63220582 1
7818 4090 63220592 1
7662 3958 63220602 1
7507 3834 63220612 1
