114
6362 7229 17427706 0
6402 7194 17427716 1
6373 7204 17427726 1
6316 7118 17427736 1
6352 6907 17427746 1
6426 6612 17427756 1
6524 6195 17427766 1
6619 5768 17427776 1
6688 5334 17427786 1
6740 4919 17427796 1
6748 4662 17427806 1
6733 4511 17427816 1
6702 4449 17427826 1
6680 4423 17427836 1
6680 4423 17427846 1
6708 7243 17427966 0
7010 7347 17427976 1
7108 7399 17427986 1
7170 7361 17427996 1
7306 7272 17428006 1
7447 7148 17428016 1
7559 6995 17428026 1
7651 6844 17428036 1
7698 6695 17428046 1
7698 6564 17428056 1
7668 6433 17428066 1
7591 6302 17428076 1
7485 6195 17428086 1
7360 6103 17428096 1
7218 6035 17428106 1
7109 6004 17428116 1
7022 5998 17428126 1
6980 6018 17428136 1
6980 6062 17428146 1
7004 6121 17428156 1
7069 6164 17428166 1
7163 6147 17428176 1
7277 6091 17428186 1
7421 5948 17428196 1
7565 5763 17428206 1
7708 5549 17428216 1
7871 5349 17428226 1
8037 5223 17428236 1
8192 5146 17428246 1
8338 5117 17428256 1
8456 5112 17428266 1
8528 5122 17428276 1
8568 5149 17428286 1
8688 5502 17428347 0
8799 5668 17428357 1
8824 5701 17428367 1
8830 5696 17428377 1
8846 5634 17428387 1
8856 5534 17428397 1
8862 5381 17428407 1
8883 5266 17428417 1
8927 5176 17428427 1
8985 5151 17428437 1
9065 5195 17428447 1
9145 5285 17428457 1
9207 5427 17428467 1
9257 5566 17428477 1
9236 5698 17428487 1
9174 5825 17428497 1
9085 5949 17428507 1
8974 5975 17428517 1
8836 5915 17428527 1
8679 5799 17428537 1
8588 5673 17428547 1
8562 5565 17428557 1
8578 5470 17428567 1
9988 6285 17428667 0
10146 6361 17428677 1
10146 6377 17428687 1
10115 6370 17428697 1
10065 6319 17428707 1
9970 6239 17428717 1
9861 6133 17428727 1
9743 6027 17428737 1
9670 5925 17428747 1
9647 5846 17428757 1
9657 5781 17428767 1
9735 5734 17428777 1
9872 5694 17428787 1
10047 5659 17428797 1
10189 5620 17428807 1
10275 5579 17428817 1
10324 5531 17428827 1
10324 5477 17428837 1
10255 5396 17428847 1
10145 5298 17428857 1
10021 5222 17428867 1
9930 5173 17428877 1
10741 6351 17428977 0
10918 6374 17428987 1
10888 6358 17428997 1
10849 6343 17429007 1
10804 6247 17429017 1
10753 6129 17429027 1
10707 5996 17429037 1
10702 5893 17429047 1
10722 5823 17429057 1
10788 5774 17429067 1
10880 5740 17429077 1
10989 5703 17429087 1
11089 5641 17429097 1
11153 5565 17429107 1
11192 5463 17429117 1
11192 5346 17429127 1
11162 5218 17429137 1
11114 5141 17429147 1
11062 5088 17429157 1
10996 5051 17429167 1
10921 5027 17429177 1
