323
3047 5297 35038452 0
3124 5200 35038462 1
3063 5221 35038472 1
3051 5208 35038482 1
3039 5182 35038492 1
3026 5147 35038502 1
3026 5137 35038512 1
3026 5126 35038522 1
3037 5112 35038532 1
3045 5076 35038542 1
3067 5026 35038552 1
3082 4930 35038562 1
3091 4801 35038572 1
3100 4649 35038582 1
3112 4485 35038592 1
3130 4274 35038602 1
3155 4033 35038612 1
3183 3756 35038622 1
3195 3493 35038632 1
3195 3239 35038642 1
3188 3003 35038652 1
3169 2815 35038662 1
3142 2659 35038672 1
3117 2568 35038682 1
3080 2491 35038692 1
3036 2424 35038702 1
2982 2370 35038712 1
2923 2338 35038722 1
2860 2321 35038732 1
2790 2327 35038742 1
2721 2360 35038752 1
2645 2410 35038762 1
2563 2498 35038772 1
2518 2602 35038782 1
2498 2718 35038792 1
2498 2803 35038802 1
2508 2859 35038812 1
2527 2897 35038822 1
2555 2926 35038832 1
2598 2955 35038842 1
2652 2981 35038852 1
2716 3004 35038862 1
2781 2999 35038872 1
2860 2976 35038882 1
2948 2918 35038892 1
3051 2831 35038902 1
3158 2725 35038912 1
3270 2617 35038922 1
3374 2530 35038932 1
3473 2458 35038942 1
3579 2405 35038952 1
3689 2371 35038962 1
3791 2351 35038972 1
3886 2357 35038982 1
3961 2385 35038992 1
4028 2429 35039002 1
4089 2499 35039012 1
4146 2608 35039022 1
4195 2742 35039032 1
4239 2920 35039042 1
4274 3102 35039052 1
4288 3287 35039062 1
4288 3447 35039072 1
4265 3607 35039082 1
4230 3770 35039092 1
4188 3941 35039102 1
4139 4106 35039112 1
4091 4262 35039122 1
4044 4449 35039132 1
3992 4658 35039142 1
3937 4807 35039152 1
3869 4921 35039162 1
3790 5012 35039172 1
3704 5083 35039182 1
3592 5137 35039192 1
3479 5179 35039202 1
3364 5206 35039212 1
3251 5215 35039222 1
3137 5215 35039232 1
3021 5189 35039242 1
2921 5149 35039252 1
2826 5098 35039262 1
2740 5036 35039272 1
2662 4952 35039282 1
2590 4853 35039292 1
2537 4714 35039302 1
2495 4574 35039312 1
2465 4404 35039322 1
2459 4215 35039332 1
2468 4046 35039342 1
2517 3892 35039352 1
2610 3748 35039362 1
2733 3651 35039372 1
2867 3588 35039382 1
3021 3547 35039392 1
3188 3532 35039402 1
3320 3532 35039412 1
3418 3546 35039422 1
3492 3572 35039432 1
3545 3606 35039442 1
3579 3645 35039452 1
3599 3676 35039462 1
3599 3686 35039472 1
4295 2704 35040255 0
4309 2684 35040265 1
4309 2690 35040275 1
4309 2690 35040285 1
4315 2673 35040295 1
4334 2647 35040305 1
4362 2620 35040315 1
4398 2606 35040325 1
4440 2601 35040335 1
4486 2611 35040345 1
4540 2651 35040355 1
4599 2710 35040365 1
4659 2798 35040375 1
4709 2885 35040385 1
4753 3008 35040395 1
4777 3154 35040405 1
4793 3323 35040415 1
4803 3451 35040425 1
4803 3553 35040435 1
4803 3616 35040445 1
4791 3654 35040455 1
4791 3675 35040465 1
4785 3683 35040475 1
4785 3683 35040485 1
4777 3683 35040495 1
4777 3683 35040505 1
4777 3671 35040515 1
4777 3613 35040525 1
4783 3526 35040535 1
4793 3400 35040545 1
4805 3250 35040555 1
4821 3085 35040565 1
4843 2942 35040575 1
4872 2816 35040585 1
4915 2702 35040595 1
4967 2619 35040605 1
5025 2563 35040615 1
5083 2525 35040625 1
5138 2507 35040635 1
5186 2507 35040645 1
5231 2524 35040655 1
5273 2562 35040665 1
5320 2642 35040675 1
5375 2749 35040685 1
5433 2870 35040695 1
5490 2985 35040705 1
5526 3090 35040715 1
5549 3190 35040725 1
5549 3296 35040735 1
5529 3405 35040745 1
5504 3509 35040755 1
5477 3612 35040765 1
5450 3676 35040775 1
5427 3715 35040785 1
5407 3733 35040795 1
5383 3733 35040805 1
5354 3713 35040815 1
5306 3658 35040825 1
5263 3569 35040835 1
5223 3458 35040845 1
5211 3324 35040855 1
5227 3185 35040865 1
5261 3042 35040875 1
5315 2937 35040885 1
5373 2855 35040895 1
5439 2788 35040905 1
5508 2747 35040915 1
5568 2728 35040925 1
5623 2728 35040935 1
5677 2755 35040945 1
5733 2807 35040955 1
5783 2873 35040965 1
5829 2965 35040975 1
5856 3091 35040985 1
5878 3240 35040995 1
5896 3426 35041005 1
5907 3609 35041015 1
5907 3786 35041025 1
5907 3958 35041035 1
5893 4090 35041045 1
5884 4197 35041055 1
5876 4371 35041065 1
5876 4506 35041075 1
5876 4616 35041085 1
5876 4716 35041095 1
5885 4780 35041105 1
5885 4820 35041115 1
5885 4829 35041125 1
5885 4834 35041135 1
5885 4834 35041145 1
5880 4828 35041155 1
5880 4819 35041165 1
5875 4770 35041175 1
5864 4696 35041185 1
5844 4589 35041195 1
5822 4456 35041205 1
5799 4306 35041215 1
5790 4137 35041225 1
5802 3965 35041235 1
5829 3776 35041245 1
5870 3577 35041255 1
5915 3411 35041265 1
5965 3244 35041275 1
6014 3088 35041285 1
6063 2940 35041295 1
6115 2813 35041305 1
6168 2712 35041315 1
6220 2629 35041325 1
6267 2566 35041335 1
6310 2534 35041345 1
6353 2523 35041355 1
6395 2530 35041365 1
6436 2584 35041375 1
6506 2670 35041385 1
6577 2797 35041395 1
6650 2930 35041405 1
6718 3067 35041415 1
6765 3179 35041425 1
6798 3286 35041435 1
6808 3384 35041445 1
6799 3478 35041455 1
6776 3564 35041465 1
6730 3642 35041475 1
6689 3711 35041485 1
6652 3742 35041495 1
6637 3749 35041505 1
6623 3735 35041515 1
6593 3673 35041525 1
6553 3579 35041535 1
6525 3452 35041545 1
6501 3304 35041555 1
6501 3143 35041565 1
6515 3030 35041575 1
6549 2946 35041585 1
6601 2882 35041595 1
6666 2827 35041605 1
6751 2793 35041615 1
6837 2774 35041625 1
6920 2786 35041635 1
6986 2826 35041645 1
7044 2886 35041655 1
7095 2974 35041665 1
7145 3087 35041675 1
7193 3218 35041685 1
7234 3334 35041695 1
7264 3447 35041705 1
7286 3537 35041715 1
7296 3613 35041725 1
7302 3672 35041735 1
7302 3704 35041745 1
7302 3717 35041755 1
7302 3717 35041765 1
7302 3708 35041775 1
7302 3664 35041785 1
7297 3595 35041795 1
7297 3502 35041805 1
7297 3374 35041815 1
7297 3222 35041825 1
7297 3085 35041835 1
7310 2969 35041845 1
7320 2866 35041855 1
7320 2790 35041865 1
7312 2739 35041875 1
7312 2705 35041885 1
7312 2705 35041895 1
7305 2726 35041905 1
7294 2760 35041915 1
7286 2859 35041925 1
7295 3002 35041935 1
7315 3174 35041945 1
7354 3349 35041955 1
7392 3475 35041965 1
7428 3568 35041975 1
7468 3638 35041985 1
7512 3702 35041995 1
7561 3757 35042005 1
7611 3811 35042015 1
7675 3866 35042025 1
7738 3916 35042035 1
7805 3959 35042045 1
7878 4001 35042055 1
7951 4043 35042065 1
8020 4069 35042075 1
8074 4124 35042085 1
8104 4174 35042095 1
8117 4211 35042105 1
5780 4139 35042498 0
5740 4113 35042508 1
5704 4169 35042518 1
5677 4189 35042528 1
5655 4189 35042538 1
5637 4194 35042548 1
5631 4199 35042558 1
5631 4199 35042568 1
5631 4199 35042578 1
5631 4199 35042588 1
5631 4193 35042598 1
5661 4188 35042608 1
5708 4179 35042618 1
5816 4170 35042628 1
5961 4185 35042638 1
6130 4214 35042648 1
6250 4245 35042658 1
6373 4273 35042668 1
6497 4298 35042678 1
6569 4315 35042688 1
6603 4326 35042698 1
6612 4326 35042708 1
6607 4326 35042718 1
6575 4332 35042728 1
4778 4488 35043019 0
4883 4369 35043029 1
4892 4369 35043039 1
4864 4419 35043049 1
4859 4409 35043059 1
4859 4409 35043069 1
4859 4409 35043079 1
4859 4402 35043089 1
4872 4396 35043099 1
4894 4383 35043109 1
