230
2116 2957 59364171 0
2116 2957 59364181 1
2116 2957 59364191 1
2085 2999 59364201 1
2078 2961 59364211 1
2072 2905 59364221 1
2067 2838 59364231 1
2067 2758 59364241 1
2067 2660 59364251 1
2085 2551 59364261 1
2106 2401 59364271 1
2123 2218 59364281 1
2137 2014 59364291 1
2137 1821 59364301 1
2117 1659 59364311 1
2092 1517 59364321 1
2066 1421 59364331 1
2027 1352 59364341 1
1980 1301 59364351 1
1917 1282 59364361 1
1842 1292 59364371 1
1759 1322 59364381 1
1675 1375 59364391 1
1597 1451 59364401 1
1522 1543 59364411 1
1483 1632 59364421 1
1473 1717 59364431 1
1483 1769 59364431 1
1511 1802 59364441 1
1568 1828 59364451 1
1643 1828 59364461 1
1745 1808 59364471 1
1853 1771 59364481 1
1981 1733 59364491 1
2121 1692 59364501 1
2248 1671 59364511 1
2362 1664 59364521 1
2468 1690 59364531 1
2574 1749 59364541 1
2668 1831 59364551 1
2754 1927 59364561 1
2802 2047 59364571 1
2819 2184 59364581 1
2819 2370 59364591 1
2796 2552 59364601 1
2756 2725 59364611 1
2703 2847 59364621 1
2615 2937 59364631 1
2507 2977 59364641 1
2386 2996 59364651 1
2248 2996 59364661 1
2111 2970 59364671 1
1978 2935 59364681 1
1881 2894 59364691 1
1807 2848 59364701 1
1757 2801 59364711 1
1731 2746 59364721 1
2794 1665 59364982 0
2783 1698 59364992 1
2783 1724 59365002 1
2777 1724 59365012 1
2777 1730 59365022 1
2784 1730 59365032 1
2789 1722 59365042 1
2810 1705 59365052 1
2841 1674 59365062 1
2883 1634 59365072 1
2931 1601 59365082 1
2988 1573 59365092 1
3064 1548 59365102 1
3152 1534 59365112 1
3242 1527 59365122 1
3328 1527 59365132 1
3406 1540 59365142 1
3480 1568 59365152 1
3545 1604 59365162 1
3603 1655 59365172 1
3657 1718 59365182 1
3700 1789 59365192 1
3727 1848 59365202 1
3744 1923 59365212 1
3750 2009 59365222 1
3750 2043 59365232 1
3750 2054 59365242 1
3750 2054 59365252 1
3750 2046 59365262 1
3750 2011 59365272 1
3750 1956 59365282 1
3761 1902 59365292 1
3775 1849 59365302 1
3796 1796 59365312 1
3823 1747 59365322 1
3867 1695 59365332 1
3920 1644 59365342 1
3997 1606 59365352 1
4091 1577 59365362 1
4195 1556 59365372 1
4309 1556 59365382 1
4419 1577 59365392 1
4525 1616 59365402 1
4622 1670 59365412 1
4701 1734 59365422 1
4769 1808 59365432 1
4803 1892 59365442 1
4803 1983 59365452 1
4790 2063 59365462 1
4756 2117 59365472 1
4722 2154 59365482 1
4687 2163 59365492 1
4652 2146 59365502 1
4615 2112 59365512 1
4577 2049 59365522 1
4561 1985 59365532 1
4561 1918 59365542 1
4581 1849 59365552 1
4618 1778 59365562 1
4661 1712 59365572 1
4715 1650 59365582 1
4779 1604 59365592 1
4847 1564 59365602 1
4919 1527 59365612 1
4999 1506 59365622 1
5086 1497 59365632 1
5177 1497 59365642 1
5271 1515 59365652 1
5351 1550 59365662 1
5422 1596 59365672 1
5484 1663 59365682 1
5535 1755 59365692 1
5579 1864 59365702 1
5616 1989 59365712 1
5650 2136 59365722 1
5682 2298 59365732 1
5702 2429 59365742 1
5702 2524 59365752 1
5689 2596 59365762 1
5668 2648 59365772 1
5649 2679 59365782 1
5632 2697 59365792 1
5632 2697 59365802 1
5623 2697 59365812 1
5616 2657 59365822 1
5605 2591 59365832 1
5597 2490 59365842 1
5597 2372 59365852 1
5602 2242 59365862 1
5610 2121 59365872 1
5625 2013 59365882 1
5647 1914 59365892 1
5677 1820 59365893 1
5740 1726 59365903 1
5823 1644 59365913 1
5926 1571 59365923 1
6033 1522 59365933 1
6145 1489 59365943 1
6255 1468 59365953 1
6350 1468 59365963 1
6435 1490 59365973 1
6496 1521 59365983 1
6533 1567 59365993 1
6554 1629 59366003 1
6540 1702 59366013 1
6511 1782 59366023 1
6472 1855 59366033 1
6436 1897 59366043 1
6404 1920 59366053 1
6380 1925 59366063 1
6362 1925 59366073 1
6349 1909 59366083 1
6338 1867 59366093 1
6346 1807 59366103 1
6367 1740 59366113 1
6404 1673 59366123 1
6456 1609 59366133 1
6519 1560 59366143 1
6586 1520 59366153 1
6657 1483 59366163 1
6734 1466 59366173 1
6821 1466 59366183 1
6906 1475 59366193 1
6976 1499 59366203 1
7037 1532 59366213 1
7090 1571 59366223 1
7129 1620 59366233 1
7158 1676 59366243 1
7171 1727 59366253 1
7171 1755 59366263 1
7171 1769 59366273 1
7166 1769 59366283 1
7166 1769 59366293 1
7160 1757 59366303 1
7160 1745 59366313 1
7153 1733 59366323 1
7153 1726 59366333 1
7148 1726 59366343 1
7148 1726 59366353 1
7148 1726 59366363 1
7148 1739 59366373 1
7155 1755 59366383 1
7187 1779 59366393 1
7232 1817 59366403 1
7292 1864 59366413 1
7368 1913 59366423 1
7454 1962 59366433 1
7533 2012 59366443 1
7596 2048 59366453 1
7649 2072 59366463 1
7686 2087 59366473 1
7715 2094 59366483 1
4854 2646 59366694 0
4843 2610 59366704 1
4826 2623 59366714 1
4833 2649 59366724 1
4858 2640 59366734 1
4942 2629 59366744 1
5029 2615 59366754 1
5191 2598 59366764 1
5401 2581 59366774 1
5628 2571 59366784 1
5840 2571 59366794 1
6042 2571 59366804 1
6174 2563 59366814 1
6248 2563 59366824 1
3720 3208 59367005 0
3632 3172 59367015 1
3561 3235 59367025 1
3475 3223 59367035 1
3438 3208 59367045 1
3428 3202 59367055 1
3435 3202 59367065 1
