226
3536 4653 37857562 0
3536 4653 37857572 1
3549 4679 37857582 1
3537 4679 37857592 1
3537 4667 37857602 1
3544 4651 37857612 1
3556 4609 37857622 1
3571 4550 37857632 1
3602 4452 37857642 1
3643 4309 37857652 1
3680 4135 37857662 1
3718 3956 37857672 1
3738 3759 37857682 1
3746 3549 37857692 1
3746 3368 37857702 1
3723 3186 37857712 1
3682 3042 37857722 1
3629 2923 37857732 1
3571 2832 37857742 1
3510 2769 37857752 1
3447 2726 37857762 1
3374 2710 37857772 1
3294 2731 37857782 1
3228 2778 37857792 1
3169 2847 37857802 1
3123 2938 37857812 1
3098 3045 37857822 1
3086 3136 37857832 1
3086 3198 37857842 1
3110 3240 37857852 1
3148 3270 37857862 1
3196 3279 37857872 1
3277 3274 37857882 1
3381 3240 37857892 1
3497 3183 37857902 1
3626 3112 37857912 1
3764 3053 37857922 1
3882 3013 37857932 1
4004 2986 37857942 1
4131 2976 37857952 1
4243 2996 37857962 1
4345 3037 37857972 1
4437 3105 37857982 1
4504 3201 37857992 1
4555 3315 37858002 1
4576 3466 37858012 1
4566 3641 37858022 1
4536 3832 37858032 1
4474 4026 37858042 1
4378 4171 37858052 1
4258 4284 37858062 1
4089 4363 37858072 1
3921 4401 37858083 1
3754 4411 37858093 1
3572 4383 37858103 1
3417 4351 37858113 1
3281 4311 37858123 1
3168 4265 37858133 1
4524 3139 37858494 0
4501 3222 37858504 1
4480 3215 37858514 1
4470 3223 37858524 1
4470 3223 37858534 1
4461 3214 37858544 1
4473 3208 37858554 1
4498 3173 37858564 1
4534 3119 37858574 1
4588 3055 37858584 1
4655 2991 37858594 1
4726 2929 37858604 1
4798 2881 37858614 1
4873 2842 37858624 1
4945 2821 37858634 1
5029 2821 37858644 1
5116 2838 37858654 1
5206 2877 37858664 1
5303 2928 37858674 1
5374 2986 37858684 1
5426 3045 37858694 1
5462 3119 37858704 1
5479 3203 37858714 1
5484 3290 37858724 1
5484 3348 37858734 1
5474 3387 37858744 1
5465 3401 37858754 1
5465 3401 37858764 1
5465 3393 37858774 1
5471 3354 37858784 1
5484 3280 37858794 1
5501 3183 37858804 1
5545 3110 37858814 1
5591 3042 37858824 1
5655 2977 37858834 1
5729 2918 37858844 1
5823 2871 37858854 1
5934 2831 37858864 1
6055 2801 37858874 1
6184 2801 37858884 1
6310 2820 37858894 1
6434 2844 37858904 1
6511 2882 37858914 1
6567 2930 37858924 1
6609 2987 37858934 1
6609 3056 37858944 1
6585 3133 37858954 1
6542 3207 37858964 1
6483 3253 37858974 1
6429 3280 37858984 1
6384 3280 37858994 1
6345 3252 37859004 1
6320 3214 37859014 1
6303 3154 37859024 1
6303 3092 37859034 1
6320 3029 37859044 1
6352 2970 37859054 1
6392 2913 37859064 1
6449 2868 37859074 1
6518 2837 37859084 1
6596 2815 37859094 1
6690 2809 37859104 1
6795 2809 37859114 1
6907 2816 37859124 1
7000 2844 37859134 1
7081 2882 37859144 1
7150 2926 37859154 1
7212 2978 37859164 1
7270 3044 37859174 1
7314 3120 37859184 1
7342 3228 37859194 1
7360 3368 37859204 1
7360 3529 37859214 1
7360 3688 37859224 1
7360 3827 37859234 1
7372 3952 37859244 1
7380 3987 37859254 1
7380 3996 37859264 1
7380 3988 37859274 1
7380 3962 37859284 1
7371 3890 37859294 1
7366 3788 37859304 1
7366 3683 37859314 1
7361 3576 37859324 1
7361 3460 37859334 1
7361 3329 37859344 1
7375 3195 37859354 1
7386 3083 37859364 1
7425 2984 37859374 1
7483 2888 37859384 1
7533 2814 37859394 1
7599 2756 37859404 1
7675 2702 37859414 1
7765 2683 37859424 1
7857 2688 37859434 1
7950 2712 37859444 1
7999 2747 37859454 1
8020 2790 37859464 1
8020 2846 37859474 1
8006 2916 37859484 1
7968 2996 37859494 1
7914 3067 37859504 1
7845 3117 37859514 1
7798 3152 37859524 1
7765 3152 37859534 1
7760 3152 37859544 1
7760 3122 37859554 1
7753 3072 37859564 1
7773 3013 37859574 1
7809 2957 37859584 1
7872 2912 37859594 1
7951 2873 37859604 1
8040 2848 37859614 1
8119 2831 37859624 1
8199 2819 37859634 1
8280 2805 37859644 1
8349 2805 37859654 1
8408 2823 37859664 1
8464 2840 37859674 1
8505 2852 37859684 1
8535 2865 37859694 1
8564 2879 37859704 1
8574 2885 37859714 1
8574 2895 37859724 1
8568 2907 37859734 1
8559 2927 37859744 1
8545 2958 37859754 1
8540 2996 37859764 1
8535 3049 37859774 1
8535 3108 37859784 1
8548 3172 37859794 1
8576 3224 37859804 1
8611 3261 37859814 1
8653 3289 37859824 1
8708 3308 37859834 1
8766 3322 37859844 1
8825 3322 37859854 1
8913 3331 37859864 1
9011 3337 37859874 1
9116 3347 37859884 1
9220 3363 37859894 1
9313 3384 37859904 1
9398 3407 37859914 1
6905 3696 37860126 0
6912 3651 37860136 1
6903 3651 37860146 1
6884 3681 37860156 1
6873 3681 37860166 1
6867 3689 37860176 1
6867 3689 37860186 1
6867 3697 37860196 1
6867 3697 37860206 1
6905 3704 37860216 1
6958 3704 37860226 1
7046 3704 37860236 1
7162 3704 37860246 1
7297 3704 37860256 1
7443 3696 37860266 1
7566 3689 37860276 1
7673 3682 37860286 1
7749 3682 37860296 1
5682 4379 37860486 0
5691 4326 37860496 1
5651 4387 37860506 1
5593 4509 37860516 1
5577 4509 37860526 1
5577 4509 37860536 1
5585 4509 37860546 1
