341
3246 5054 35046764 0
3228 5017 35046774 1
3217 5069 35046784 1
3209 5083 35046794 1
3209 5071 35046804 1
3203 5071 35046814 1
3203 5077 35046824 1
3203 5077 35046834 1
3215 5069 35046844 1
3230 5046 35046854 1
3245 5013 35046864 1
3260 4959 35046874 1
3267 4873 35046884 1
3267 4765 35046894 1
3274 4646 35046904 1
3274 4495 35046914 1
3281 4323 35046924 1
3289 4137 35046934 1
3295 3967 35046944 1
3301 3807 35046954 1
3301 3645 35046964 1
3290 3503 35046974 1
3279 3374 35046984 1
3261 3201 35046994 1
3239 3049 35047004 1
3214 2912 35047014 1
3185 2804 35047024 1
3152 2717 35047034 1
3111 2645 35047044 1
3060 2586 35047054 1
3001 2542 35047064 1
2939 2507 35047074 1
2873 2490 35047084 1
2804 2490 35047094 1
2731 2513 35047104 1
2658 2564 35047114 1
2584 2652 35047124 1
2535 2765 35047134 1
2512 2883 35047144 1
2506 2996 35047154 1
2517 3076 35047164 1
2542 3135 35047174 1
2575 3174 35047184 1
2617 3212 35047194 1
2663 3229 35047204 1
2715 3229 35047214 1
2772 3229 35047224 1
2844 3215 35047234 1
2926 3188 35047244 1
3025 3149 35047254 1
3138 3103 35047264 1
3259 3045 35047274 1
3370 2980 35047284 1
3470 2910 35047294 1
3562 2835 35047304 1
3650 2764 35047314 1
3738 2710 35047324 1
3815 2667 35047334 1
3885 2655 35047344 1
3966 2682 35047354 1
4050 2736 35047364 1
4138 2829 35047374 1
4229 2943 35047384 1
4321 3072 35047394 1
4378 3202 35047404 1
4422 3349 35047414 1
4456 3508 35047424 1
4486 3665 35047434 1
4497 3837 35047444 1
4497 4020 35047454 1
4478 4175 35047464 1
4442 4330 35047474 1
4394 4481 35047484 1
4337 4625 35047494 1
4273 4752 35047504 1
4203 4868 35047514 1
4128 4948 35047524 1
4045 5001 35047534 1
3957 5035 35047544 1
3861 5041 35047554 1
3743 5059 35047564 1
3610 5086 35047574 1
3478 5086 35047584 1
3361 5081 35047594 1
3255 5068 35047604 1
3154 5047 35047614 1
3055 5004 35047624 1
2960 4946 35047634 1
2870 4841 35047644 1
2783 4732 35047654 1
2721 4639 35047664 1
2673 4558 35047674 1
2641 4463 35047684 1
2627 4344 35047694 1
2627 4210 35047704 1
2642 4082 35047714 1
2691 3974 35047724 1
2762 3880 35047734 1
2854 3807 35047744 1
2970 3763 35047754 1
3103 3738 35047764 1
3265 3755 35047774 1
3427 3798 35047784 1
3592 3859 35047794 1
4848 2776 35049989 0
4848 2776 35049999 1
4819 2749 35050009 1
4804 2749 35050019 1
4790 2719 35050029 1
4780 2682 35050039 1
4775 2635 35050049 1
4783 2602 35050059 1
4800 2581 35050069 1
4822 2570 35050079 1
4846 2581 35050089 1
4895 2607 35050099 1
4958 2680 35050109 1
5025 2773 35050119 1
5088 2880 35050129 1
5149 2972 35050139 1
5213 3111 35050149 1
5277 3282 35050159 1
5333 3448 35050169 1
5386 3609 35050179 1
5425 3735 35050189 1
5447 3841 35050199 1
5458 3910 35050209 1
5458 3950 35050219 1
5453 3971 35050229 1
5448 3982 35050239 1
5448 3988 35050249 1
5442 3988 35050259 1
5442 3988 35050269 1
5424 3945 35050279 1
5399 3883 35050289 1
5377 3798 35050299 1
5352 3694 35050309 1
5325 3578 35050319 1
5304 3452 35050329 1
5288 3304 35050339 1
5282 3142 35050349 1
5287 2979 35050359 1
5302 2831 35050369 1
5325 2693 35050379 1
5354 2601 35050389 1
5387 2528 35050399 1
5425 2469 35050409 1
5467 2431 35050419 1
5511 2414 35050429 1
5556 2414 35050439 1
5622 2430 35050449 1
5701 2479 35050459 1
5797 2549 35050469 1
5887 2629 35050479 1
5972 2731 35050489 1
6058 2849 35050499 1
6144 2973 35050509 1
6227 3117 35050519 1
6309 3274 35050529 1
6363 3408 35050539 1
6390 3510 35050549 1
6399 3590 35050559 1
6387 3646 35050569 1
6365 3698 35050579 1
6335 3744 35050589 1
6291 3777 35050599 1
6242 3803 35050609 1
6190 3812 35050619 1
6149 3797 35050629 1
6112 3766 35050639 1
6075 3683 35050649 1
6035 3580 35050659 1
6006 3464 35050669 1
5980 3321 35050679 1
5975 3179 35050689 1
5984 3038 35050699 1
6010 2918 35050709 1
6060 2811 35050719 1
6126 2739 35050729 1
6205 2690 35050739 1
6289 2657 35050749 1
6373 2649 35050759 1
6455 2661 35050769 1
6538 2687 35050779 1
6617 2741 35050789 1
6692 2820 35050799 1
6773 2916 35050809 1
6856 3042 35050819 1
6941 3193 35050829 1
7006 3360 35050839 1
7071 3543 35050849 1
7125 3741 35050859 1
7171 3949 35050869 1
7211 4117 35050879 1
7242 4311 35050889 1
7266 4523 35050899 1
7291 4673 35050909 1
7312 4789 35050919 1
7329 4882 35050929 1
7338 4934 35050939 1
7338 4965 35050949 1
7338 4983 35050959 1
7338 4988 35050969 1
7338 4988 35050979 1
7338 4988 35050989 1
7338 4988 35050999 1
7343 4983 35051009 1
7338 4967 35051019 1
7321 4924 35051029 1
7297 4863 35051039 1
7249 4770 35051049 1
7199 4677 35051059 1
7147 4584 35051069 1
7106 4471 35051079 1
7069 4341 35051089 1
7038 4200 35051099 1
7006 4040 35051109 1
6972 3847 35051119 1
6937 3633 35051129 1
6918 3459 35051139 1
6918 3280 35051149 1
6932 3104 35051159 1
6960 2931 35051169 1
7003 2782 35051160 1
7056 2660 35051170 1
7113 2555 35051180 1
7172 2479 35051190 1
7231 2437 35051200 1
7290 2419 35051210 1
7351 2437 35051220 1
7424 2502 35051230 1
7509 2599 35051240 1
7601 2734 35051250 1
7689 2881 35051260 1
7771 3035 35051270 1
7835 3166 35051280 1
7889 3295 35051290 1
7922 3422 35051300 1
7944 3539 35051310 1
7959 3655 35051320 1
7959 3770 35051330 1
7959 3852 35051340 1
7953 3882 35051350 1
7948 3877 35051360 1
7948 3877 35051370 1
7923 3848 35051380 1
7888 3801 35051390 1
7846 3743 35051400 1
7804 3682 35051410 1
7755 3594 35051420 1
7700 3489 35051430 1
7656 3361 35051440 1
7616 3224 35051450 1
7586 3081 35051460 1
7586 2970 35051470 1
7599 2886 35051480 1
7637 2819 35051490 1
7680 2769 35051500 1
7745 2744 35051510 1
7823 2736 35051520 1
7917 2764 35051530 1
8000 2814 35051540 1
8076 2880 35051550 1
8145 2974 35051561 1
8217 3076 35051571 1
8289 3183 35051581 1
8347 3344 35051591 1
8396 3457 35051601 1
8427 3537 35051611 1
8444 3617 35051621 1
8452 3672 35051631 1
8452 3710 35051641 1
8452 3736 35051651 1
8452 3744 35051661 1
8452 3744 35051671 1
8452 3733 35051681 1
8446 3671 35051691 1
8435 3572 35051701 1
8404 3441 35051711 1
8371 3303 35051721 1
8337 3160 35051731 1
8316 3056 35051741 1
8300 2982 35051751 1
8292 2927 35051761 1
8287 2893 35051771 1
8287 2884 35051781 1
8293 2891 35051791 1
8300 2906 35051801 1
8309 2969 35051811 1
8344 3065 35051821 1
8400 3210 35051831 1
8471 3374 35051841 1
8554 3551 35051851 1
8636 3698 35051861 1
8715 3804 35051871 1
8755 3882 35051881 1
8772 3907 35051891 1
8772 3907 35051901 1
8772 3898 35051911 1
8772 3861 35051921 1
8772 3779 35051931 1
8778 3667 35051941 1
8805 3599 35051951 1
8844 3552 35051961 1
8892 3518 35051971 1
8945 3506 35051981 1
9007 3529 35051991 1
9088 3575 35052001 1
9182 3642 35052011 1
9258 3728 35052021 1
9310 3826 35052031 1
9347 3905 35052041 1
9354 3946 35052051 1
6467 4153 35052382 0
6541 4057 35052392 1
6541 4052 35052402 1
6504 4103 35052412 1
6520 4094 35052422 1
6604 4094 35052432 1
6733 4094 35052442 1
6948 4114 35052452 1
7168 4138 35052462 1
7390 4166 35052472 1
7592 4187 35052482 1
7754 4207 35052492 1
7889 4221 35052502 1
7976 4236 35052512 1
8019 4247 35052522 1
8032 4256 35052532 1
8022 4256 35052542 1
7977 4256 35052552 1
5649 4635 35052783 0
5757 4533 35052793 1
5773 4519 35052803 1
5759 4519 35052813 1
5768 4556 35052823 1
5773 4562 35052833 1
5773 4549 35052843 1
5783 4549 35052853 1
5802 4544 35052863 1
5826 4536 35052873 1
