220
2103 2670 59376018 0
2265 2692 59376028 1
2216 2708 59376038 1
2190 2733 59376048 1
2179 2694 59376058 1
2169 2656 59376068 1
2161 2618 59376078 1
2161 2559 59376088 1
2166 2465 59376098 1
2177 2347 59376108 1
2186 2167 59376118 1
2181 1979 59376128 1
2169 1785 59376138 1
2139 1602 59376148 1
2096 1462 59376158 1
2044 1352 59376168 1
1989 1263 59376178 1
1935 1205 59376188 1
1882 1169 59376198 1
1819 1169 59376208 1
1749 1196 59376218 1
1687 1247 59376228 1
1629 1326 59376238 1
1578 1412 59376248 1
1552 1504 59376258 1
1540 1569 59376268 1
1557 1615 59376278 1
1610 1648 59376288 1
1688 1666 59376298 1
1781 1645 59376308 1
1894 1597 59376318 1
2021 1535 59376328 1
2169 1473 59376338 1
2304 1429 59376348 1
2430 1396 59376358 1
2547 1384 59376368 1
2648 1402 59376378 1
2738 1439 59376388 1
2811 1502 59376398 1
2869 1595 59376408 1
2918 1709 59376418 1
2937 1866 59376428 1
2931 2049 59376438 1
2907 2250 59376448 1
2858 2440 59376458 1
2780 2572 59376468 1
2683 2666 59376478 1
2554 2738 59376488 1
2429 2773 59376498 1
2310 2783 59376508 1
2199 2772 59376518 1
2092 2746 59376528 1
2011 2711 59376538 1
1947 2673 59376548 1
1905 2630 59376558 1
2751 1662 59376849 0
2800 1672 59376859 1
2789 1677 59376869 1
2783 1677 59376879 1
2789 1656 59376889 1
2801 1630 59376899 1
2822 1598 59376909 1
2851 1562 59376919 1
2898 1523 59376929 1
2955 1483 59376939 1
3028 1445 59376949 1
3106 1416 59376959 1
3192 1394 59376969 1
3277 1387 59376979 1
3360 1402 59376989 1
3437 1431 59376999 1
3505 1476 59377009 1
3568 1530 59377019 1
3625 1589 59377029 1
3672 1666 59377039 1
3712 1747 59377049 1
3733 1831 59377059 1
3745 1874 59377069 1
3750 1893 59377079 1
3750 1893 59377089 1
3750 1893 59377099 1
3750 1883 59377109 1
3744 1838 59377119 1
3744 1772 59377129 1
3754 1705 59377139 1
3774 1637 59377149 1
3799 1580 59377159 1
3830 1530 59377169 1
3876 1484 59377179 1
3931 1444 59377189 1
4014 1408 59377199 1
4127 1384 59377209 1
4259 1384 59377219 1
4394 1391 59377229 1
4518 1419 59377239 1
4634 1456 59377249 1
4731 1498 59377259 1
4794 1546 59377269 1
4834 1606 59377279 1
4839 1673 59377289 1
4813 1761 59377299 1
4765 1846 59377309 1
4698 1900 59377319 1
4632 1936 59377329 1
4585 1943 59377339 1
4549 1931 59377349 1
4530 1907 59377359 1
4515 1851 59377369 1
4522 1772 59377379 1
4541 1678 59377389 1
4581 1595 59377399 1
4626 1528 59377409 1
4693 1473 59377419 1
4774 1420 59377430 1
4865 1383 59377440 1
4958 1358 59377450 1
5057 1349 59377460 1
5159 1359 59377470 1
5270 1383 59377480 1
5386 1422 59377490 1
5483 1470 59377500 1
5563 1524 59377510 1
5632 1599 59377520 1
5690 1699 59377530 1
5732 1816 59377540 1
5763 1953 59377550 1
5782 2109 59377560 1
5795 2278 59377570 1
5804 2419 59377580 1
5804 2498 59377590 1
5793 2537 59377600 1
5777 2551 59377610 1
5754 2542 59377620 1
5715 2518 59377630 1
5666 2464 59377640 1
5621 2387 59377650 1
5595 2295 59377660 1
5582 2168 59377670 1
5589 2039 59377680 1
5611 1907 59377690 1
5642 1776 59377700 1
5684 1663 59377710 1
5747 1562 59377720 1
5825 1494 59377730 1
5900 1445 59377740 1
5969 1409 59377750 1
6035 1389 59377760 1
6088 1383 59377770 1
6140 1383 59377780 1
6190 1401 59377790 1
6249 1427 59377800 1
6304 1462 59377810 1
6337 1502 59377820 1
6357 1555 59377830 1
6348 1616 59377840 1
6324 1696 59377850 1
6289 1753 59377860 1
6244 1796 59377870 1
6201 1811 59377880 1
6165 1811 59377890 1
6139 1802 59377900 1
6121 1770 59377910 1
6108 1723 59377920 1
6096 1665 59377930 1
6096 1603 59377940 1
6112 1541 59377950 1
6136 1479 59377960 1
6178 1423 59377970 1
6231 1373 59377980 1
6299 1335 59377990 1
6372 1317 59378000 1
6454 1312 59378010 1
6534 1329 59378020 1
6611 1358 59378030 1
6677 1395 59378040 1
6736 1444 59378050 1
6791 1496 59378060 1
6846 1551 59378070 1
6894 1596 59378080 1
6936 1612 59378090 1
6958 1612 59378100 1
6970 1587 59378110 1
6976 1545 59378120 1
6982 1489 59378130 1
6982 1420 59378140 1
6982 1349 59378150 1
6982 1303 59378160 1
6982 1275 59378170 1
6989 1275 59378180 1
6989 1284 59378190 1
7009 1305 59378200 1
7038 1349 59378210 1
7071 1404 59378220 1
7104 1466 59378230 1
7141 1525 59378240 1
7195 1578 59378250 1
7261 1622 59378260 1
7348 1661 59378270 1
7429 1696 59378280 1
7507 1723 59378290 1
7552 1744 59378300 1
4977 2184 59378451 0
4988 2090 59378461 1
5023 2112 59378471 1
5057 2162 59378481 1
5185 2157 59378491 1
5344 2163 59378501 1
5524 2176 59378511 1
5702 2188 59378521 1
5885 2201 59378531 1
6070 2215 59378541 1
6250 2232 59378551 1
6426 2250 59378561 1
6529 2266 59378571 1
3822 3015 59378742 0
3717 2915 59378752 1
3672 2964 59378762 1
3641 3012 59378772 1
3636 3023 59378782 1
3647 3011 59378792 1
