267
2745 5058 37803835 0
2763 5023 37803845 1
2747 5052 37803855 1
2740 5052 37803865 1
2740 5028 37803875 1
2740 4994 37803885 1
2732 4951 37803895 1
2732 4888 37803905 1
2724 4811 37803915 1
2731 4731 37803925 1
2743 4651 37803935 1
2764 4563 37803945 1
2788 4438 37803955 1
2816 4291 37803965 1
2842 4142 37803975 1
2867 3994 37803985 1
2877 3846 37803995 1
2877 3695 37804005 1
2860 3580 37804015 1
2833 3488 37804025 1
2801 3392 37804035 1
2761 3311 37804045 1
2722 3239 37804055 1
2667 3185 37804065 1
2602 3152 37804075 1
2535 3133 37804085 1
2462 3133 37804095 1
2384 3158 37804105 1
2314 3197 37804115 1
2250 3270 37804125 1
2209 3353 37804135 1
2180 3443 37804145 1
2169 3509 37804155 1
2176 3557 37804165 1
2195 3593 37804175 1
2230 3617 37804185 1
2270 3622 37804195 1
2319 3614 37804205 1
2394 3574 37804215 1
2486 3522 37804225 1
2602 3463 37804235 1
2722 3411 37804245 1
2845 3369 37804255 1
2963 3334 37804265 1
3085 3321 37804275 1
3211 3329 37804285 1
3333 3352 37804295 1
3443 3415 37804306 1
3550 3493 37804316 1
3653 3582 37804326 1
3750 3681 37804336 1
3811 3816 37804346 1
3847 3974 37804356 1
3864 4142 37804366 1
3854 4339 37804376 1
3825 4556 37804386 1
3765 4727 37804396 1
3670 4898 37804406 1
3551 5009 37804416 1
3426 5080 37804426 1
3273 5110 37804436 1
3100 5121 37804446 1
2925 5121 37804456 1
2775 5106 37804466 1
2642 5087 37804476 1
2518 5059 37804486 1
2421 5024 37804496 1
2341 4982 37804506 1
2269 4923 37804516 1
2223 4854 37804526 1
3775 3696 37805027 0
3792 3708 37805037 1
3770 3708 37805047 1
3770 3708 37805057 1
3764 3699 37805067 1
3764 3691 37805077 1
3764 3672 37805087 1
3780 3647 37805097 1
3805 3611 37805107 1
3837 3570 37805117 1
3871 3531 37805127 1
3906 3495 37805137 1
3937 3459 37805147 1
3965 3429 37805157 1
4001 3403 37805167 1
4040 3383 37805177 1
4086 3383 37805187 1
4156 3395 37805197 1
4240 3428 37805207 1
4325 3473 37805217 1
4395 3527 37805227 1
4456 3583 37805237 1
4511 3644 37805247 1
4553 3708 37805257 1
4585 3789 37805267 1
4606 3866 37805277 1
4614 3922 37805287 1
4614 3967 37805297 1
4614 3996 37805307 1
4604 4019 37805317 1
4596 4031 37805327 1
4596 4031 37805337 1
4590 4031 37805347 1
4590 4031 37805357 1
4598 4006 37805367 1
4606 3963 37805377 1
4613 3908 37805387 1
4622 3854 37805397 1
4629 3799 37805407 1
4629 3743 37805417 1
4629 3694 37805427 1
4629 3649 37805437 1
4623 3608 37805447 1
4639 3570 37805457 1
4664 3535 37805467 1
4701 3502 37805477 1
4753 3476 37805487 1
4816 3455 37805497 1
4882 3442 37805507 1
4954 3442 37805517 1
5029 3459 37805527 1
5103 3484 37805537 1
5185 3525 37805547 1
5271 3578 37805557 1
5339 3631 37805567 1
5393 3696 37805577 1
5426 3769 37805587 1
5441 3835 37805597 1
5441 3883 37805607 1
5433 3920 37805617 1
5408 3937 37805627 1
5373 3950 37805637 1
5331 3950 37805647 1
5289 3943 37805657 1
5249 3924 37805667 1
5212 3890 37805677 1
5190 3847 37805687 1
5178 3783 37805697 1
5178 3714 37805707 1
5178 3658 37805717 1
5196 3611 37805727 1
5215 3564 37805737 1
5248 3523 37805747 1
5291 3486 37805757 1
5345 3453 37805767 1
5420 3430 37805777 1
5509 3413 37805787 1
5606 3413 37805797 1
5707 3428 37805807 1
5813 3451 37805817 1
5896 3483 37805827 1
5964 3527 37805837 1
6027 3578 37805847 1
6080 3638 37805857 1
6126 3727 37805867 1
6160 3835 37805877 1
6180 3975 37805887 1
6191 4140 37805897 1
6191 4321 37805907 1
6191 4507 37805917 1
6191 4639 37805927 1
6191 4734 37805937 1
6181 4796 37805947 1
6171 4826 37805957 1
6160 4836 37805967 1
6152 4836 37805977 1
6152 4802 37805987 1
6144 4747 37805997 1
6144 4656 37806007 1
6144 4548 37806017 1
6144 4428 37806027 1
6144 4286 37806037 1
6144 4159 37806047 1
6134 4043 37806057 1
6134 3939 37806067 1
6134 3845 37806077 1
6148 3758 37806087 1
6171 3681 37806097 1
6221 3622 37806107 1
6289 3574 37806117 1
6381 3534 37806127 1
6473 3512 37806137 1
6563 3502 37806147 1
6634 3502 37806157 1
6693 3515 37806167 1
6735 3536 37806177 1
6764 3568 37806187 1
6784 3613 37806197 1
6784 3666 37806207 1
6765 3734 37806217 1
6728 3806 37806227 1
6685 3882 37806237 1
6642 3913 37806247 1
6598 3922 37806257 1
6564 3916 37806267 1
6532 3887 37806277 1
6500 3843 37806287 1
6489 3788 37806297 1
6503 3724 37806307 1
6533 3668 37806317 1
6591 3627 37806327 1
6669 3595 37806337 1
6761 3576 37806347 1
6857 3568 37806357 1
6938 3568 37806367 1
7010 3573 37806377 1
7086 3579 37806387 1
7144 3595 37806397 1
7190 3618 37806407 1
7238 3648 37806417 1
7279 3677 37806427 1
7314 3701 37806437 1
7338 3721 37806447 1
7345 3721 37806457 1
7340 3721 37806467 1
7340 3708 37806477 1
7340 3680 37806487 1
7327 3643 37806497 1
7320 3621 37806507 1
7320 3606 37806517 1
7320 3597 37806509 1
7330 3597 37806519 1
7344 3608 37806529 1
7360 3628 37806539 1
7391 3662 37806549 1
7416 3710 37806559 1
7436 3767 37806569 1
7457 3836 37806579 1
7478 3903 37806589 1
7500 3954 37806599 1
7531 3994 37806609 1
7581 4028 37806619 1
7643 4058 37806629 1
7724 4086 37806639 1
7816 4113 37806649 1
7914 4130 37806659 1
5614 4490 37807190 0
5589 4499 37807200 1
5580 4506 37807210 1
5574 4506 37807220 1
5574 4506 37807230 1
5574 4498 37807240 1
5574 4498 37807250 1
5613 4492 37807260 1
5653 4492 37807270 1
5714 4492 37807280 1
5795 4506 37807290 1
5889 4516 37807300 1
5991 4525 37807310 1
6113 4531 37807320 1
6247 4531 37807330 1
6392 4524 37807340 1
6528 4517 37807350 1
6644 4508 37807360 1
6750 4502 37807370 1
6823 4497 37807380 1
6856 4497 37807390 1
6862 4502 37807400 1
6862 4502 37807410 1
6826 4517 37807420 1
4730 5072 37807751 0
4750 5032 37807761 1
4750 5055 37807771 1
4750 5090 37807781 1
4744 5090 37807791 1
4749 5090 37807801 1
4749 5097 37807811 1
