237
3095 5489 21983894 0
3095 5489 21983904 1
3072 5534 21983914 1
3064 5534 21983924 1
3064 5522 21983934 1
3064 5495 21983944 1
3058 5456 21983954 1
3058 5390 21983964 1
3048 5298 21983974 1
3039 5188 21983984 1
3028 5053 21983994 1
3011 4897 21984004 1
2995 4728 21984014 1
2980 4592 21984024 1
2963 4455 21984034 1
2935 4306 21984044 1
2899 4149 21984054 1
2853 4001 21984064 1
2801 3865 21984074 1
2745 3737 21984084 1
2692 3644 21984094 1
2643 3585 21984104 1
2602 3549 21984114 1
2571 3549 21984124 1
2538 3575 21984134 1
2504 3620 21984144 1
2484 3696 21984154 1
2466 3796 21984164 1
2466 3911 21984174 1
2475 4004 21984184 1
2490 4074 21984184 1
2508 4129 21984194 1
2529 4166 21984204 1
2552 4189 21984214 1
2579 4202 21984224 1
2616 4207 21984234 1
2666 4194 21984244 1
2725 4168 21984254 1
2778 4115 21984264 1
2835 4035 21984274 1
2899 3937 21984284 1
2969 3832 21984294 1
3042 3730 21984304 1
3117 3667 21984314 1
3193 3629 21984324 1
3270 3616 21984334 1
3349 3621 21984344 1
3428 3637 21984354 1
3493 3667 21984364 1
3550 3714 21984374 1
3593 3773 21984384 1
3622 3856 21984394 1
3641 3946 21984404 1
3653 4040 21984414 1
3658 4147 21984424 1
3658 4282 21984434 1
3641 4437 21984444 1
3606 4579 21984454 1
3558 4718 21984464 1
3486 4850 21984474 1
3403 4976 21984484 1
3312 5093 21984494 1
3216 5187 21984504 1
3117 5267 21984514 1
3015 5314 21984524 1
2937 5342 21984534 1
2862 5358 21984544 1
2796 5366 21984554 1
2733 5374 21984564 1
2673 5367 21984574 1
2618 5352 21984584 1
3500 4170 21985096 0
3435 4150 21985106 1
3419 4155 21985116 1
3428 4136 21985126 1
3453 4123 21985136 1
3499 4128 21985146 1
3570 4146 21985156 1
3657 4211 21985166 1
3761 4305 21985176 1
3857 4419 21985186 1
3946 4529 21985196 1
4024 4636 21985206 1
4092 4718 21985216 1
4134 4786 21985226 1
4162 4827 21985236 1
4180 4835 21985246 1
4180 4820 21985256 1
4180 4783 21985266 1
4171 4731 21985276 1
4148 4670 21985286 1
4125 4608 21985296 1
4101 4545 21985306 1
4083 4480 21985316 1
4067 4408 21985326 1
4060 4331 21985336 1
4060 4247 21985346 1
4070 4164 21985356 1
4085 4102 21985366 1
4109 4054 21985376 1
4152 4018 21985386 1
4207 3999 21985396 1
4267 3992 21985406 1
4329 4001 21985416 1
4395 4028 21985426 1
4461 4066 21985436 1
4527 4108 21985446 1
4588 4164 21985456 1
4645 4229 21985466 1
4692 4305 21985476 1
4725 4380 21985486 1
4749 4454 21985496 1
4749 4496 21985506 1
4738 4520 21985516 1
4711 4531 21985526 1
4661 4521 21985536 1
4604 4489 21985546 1
4542 4442 21985556 1
4491 4380 21985566 1
4452 4313 21985576 1
4422 4240 21985586 1
4405 4172 21985596 1
4405 4108 21985606 1
4405 4047 21985616 1
4432 4001 21985626 1
4459 3965 21985636 1
4506 3934 21985646 1
4564 3916 21985656 1
4634 3907 21985666 1
4716 3907 21985676 1
4805 3930 21985686 1
4875 3965 21985696 1
4941 4018 21985706 1
5005 4084 21985716 1
5062 4159 21985726 1
5118 4232 21985736 1
5174 4314 21985746 1
5228 4402 21985756 1
5283 4505 21985766 1
5336 4627 21985776 1
5387 4763 21985786 1
5446 4928 21985796 1
5505 5065 21985806 1
5553 5184 21985816 1
5593 5273 21985826 1
5609 5338 21985836 1
5616 5388 21985846 1
5616 5430 21985856 1
5610 5458 21985866 1
5601 5476 21985876 1
5591 5481 21985886 1
5575 5481 21985896 1
5545 5449 21985906 1
5505 5395 21985916 1
5452 5283 21985926 1
5402 5140 21985936 1
5358 4976 21985946 1
5327 4800 21985956 1
5305 4640 21985966 1
5291 4504 21985976 1
5280 4379 21985986 1
5270 4254 21985996 1
5275 4139 21986006 1
5293 4032 21986016 1
5319 3942 21986026 1
5355 3871 21986036 1
5393 3814 21986046 1
5437 3776 21986056 1
5488 3776 21986066 1
5569 3796 21986076 1
5670 3865 21986086 1
5775 3949 21986096 1
5849 4042 21986106 1
5902 4116 21986116 1
5916 4163 21986126 1
5911 4192 21986136 1
5893 4209 21986146 1
5848 4221 21986156 1
5789 4210 21986166 1
5721 4184 21986176 1
5657 4143 21986186 1
5622 4105 21986196 1
5605 4068 21986206 1
5612 4031 21986216 1
5643 3993 21986226 1
5690 3958 21986236 1
5751 3944 21986246 1
5826 3944 21986256 1
5911 3975 21986266 1
5999 4026 21986276 1
6083 4091 21986286 1
6142 4133 21986296 1
6185 4146 21986306 1
6203 4139 21986316 1
6210 4111 21986326 1
6210 4064 21986336 1
6195 4005 21986346 1
6169 3934 21986356 1
6135 3872 21986366 1
6109 3815 21986376 1
6099 3797 21986386 1
6099 3797 21986396 1
6099 3797 21986406 1
6107 3817 21986416 1
6136 3861 21986426 1
6180 3925 21986436 1
6264 4002 21986446 1
6350 4075 21986456 1
6439 4143 21986466 1
6532 4195 21986476 1
6627 4236 21986486 1
6702 4261 21986496 1
6764 4282 21986506 1
6794 4297 21986516 1
6806 4311 21986526 1
6806 4325 21986536 1
5181 4916 21986748 0
5152 4849 21986758 1
5073 4871 21986768 1
5061 4914 21986778 1
5117 4930 21986788 1
5219 4951 21986798 1
5370 4976 21986808 1
5535 4996 21986818 1
5710 5013 21986828 1
5869 5023 21986838 1
5966 5023 21986848 1
6021 5014 21986858 1
6055 5003 21986868 1
6055 4993 21986878 1
3787 5265 21987129 0
3897 5220 21987139 1
3863 5275 21987149 1
3852 5295 21987159 1
3852 5303 21987169 1
3859 5303 21987179 1
3867 5303 21987189 1
