345
3122 6931 24784040 0
3136 6973 24784050 1
3141 6982 24784060 1
3146 6990 24784070 1
3146 6996 24784080 1
3146 7001 24784090 1
3146 7001 24784100 1
3151 7006 24784110 1
3151 7006 24784120 1
3151 7006 24784130 1
3157 7006 24784140 1
3162 7000 24784150 1
3162 7000 24784160 1
3169 6991 24784170 1
3176 6982 24784180 1
3182 6965 24784190 1
3189 6941 24784200 1
3199 6909 24784210 1
3209 6868 24784220 1
3219 6823 24784230 1
3231 6778 24784240 1
3244 6729 24784250 1
3258 6654 24784260 1
3275 6561 24784270 1
3294 6504 24784280 1
3314 6406 24784290 1
3335 6281 24784300 1
3357 6164 24784310 1
3374 6044 24784320 1
3387 5918 24784330 1
3396 5791 24784340 1
3396 5664 24784350 1
3396 5547 24784360 1
3384 5428 24784370 1
3370 5308 24784380 1
3352 5188 24784390 1
3330 5092 24784400 1
3299 5012 24784410 1
3261 4939 24784420 1
3215 4876 24784430 1
3160 4819 24784440 1
3099 4768 24784450 1
3044 4739 24784460 1
2991 4724 24784470 1
2940 4718 24784480 1
2892 4718 24784490 1
2852 4734 24784500 1
2823 4746 24784510 1
2803 4767 24784520 1
2789 4794 24784530 1
2780 4826 24784540 1
2780 4861 24784550 1
2780 4897 24784560 1
2796 4926 24784570 1
2813 4952 24784580 1
2836 4974 24784590 1
2865 4993 24784600 1
2909 5007 24784610 1
2961 5018 24784620 1
3018 5030 24784630 1
3089 5037 24784640 1
3168 5050 24784650 1
3251 5067 24784660 1
3336 5087 24784670 1
3425 5111 24784680 1
3517 5137 24784690 1
3614 5169 24784700 1
3714 5207 24784710 1
3812 5249 24784720 1
3902 5294 24784730 1
3990 5350 24784740 1
4078 5414 24784750 1
4164 5482 24784760 1
4248 5555 24784770 1
4318 5631 24784780 1
4372 5705 24784790 1
4416 5779 24784800 1
4441 5854 24784810 1
4453 5934 24784820 1
4453 6015 24784830 1
4453 6097 24784840 1
4438 6181 24784850 1
4419 6262 24784860 1
4387 6345 24784870 1
4342 6429 24784880 1
4288 6496 24784890 1
4219 6557 24784900 1
4136 6609 24784910 1
4043 6651 24784920 1
3949 6686 24784930 1
3851 6700 24784940 1
3751 6700 24784950 1
3630 6690 24784960 1
3533 6675 24784970 1
3451 6656 24784980 1
3391 6637 24784990 1
3336 6617 24785000 1
3292 6595 24785010 1
3255 6571 24785020 1
3228 6553 24785030 1
3215 6540 24785040 1
3215 6532 24785050 1
3210 6525 24785060 1
3210 6520 24785070 1
3218 6520 24785080 1
3230 6520 24785090 1
3261 6531 24785100 1
4712 5578 24785392 0
4704 5601 24785402 1
4690 5608 24785412 1
4676 5608 24785422 1
4676 5608 24785432 1
4676 5608 24785442 1
4676 5608 24785452 1
4676 5608 24785462 1
4676 5602 24785472 1
4676 5588 24785482 1
4676 5570 24785492 1
4669 5548 24785502 1
4669 5520 24785512 1
4663 5484 24785522 1
4663 5441 24785532 1
4663 5396 24785542 1
4674 5351 24785552 1
4687 5313 24785562 1
4711 5278 24785572 1
4749 5249 24785582 1
4795 5227 24785592 1
4854 5210 24785602 1
4917 5215 24785612 1
4987 5233 24785622 1
5058 5260 24785632 1
5128 5293 24785642 1
5197 5332 24785652 1
5263 5376 24785662 1
5323 5412 24785672 1
5380 5447 24785682 1
5418 5479 24785692 1
5438 5505 24785702 1
5447 5528 24785712 1
5447 5552 24785722 1
5440 5580 24785733 1
5429 5610 24785743 1
5415 5632 24785753 1
5399 5651 24785763 1
5382 5662 24785773 1
5369 5669 24785783 1
5358 5669 24785793 1
5348 5676 24785803 1
5337 5676 24785813 1
5324 5676 24785823 1
5312 5676 24785833 1
5296 5668 24785843 1
5278 5654 24785853 1
5260 5637 24785863 1
5244 5616 24785873 1
5231 5592 24785883 1
5221 5562 24785893 1
5215 5527 24785903 1
5215 5488 24785913 1
5228 5449 24785923 1
5244 5411 24785933 1
5267 5372 24785943 1
5298 5340 24785953 1
5339 5311 24785963 1
5386 5291 24785973 1
5441 5280 24785983 1
5503 5280 24785993 1
5569 5280 24786003 1
5637 5285 24786013 1
5709 5298 24786023 1
5781 5318 24786033 1
5850 5343 24786043 1
5909 5372 24786053 1
5964 5408 24786063 1
6016 5448 24786073 1
6064 5492 24786083 1
6108 5540 24786093 1
6144 5595 24786103 1
6177 5656 24786113 1
6207 5726 24786123 1
6231 5809 24786133 1
6255 5901 24786143 1
6278 5989 24786153 1
6293 6058 24786163 1
6302 6115 24786173 1
6302 6135 24786183 1
6302 6177 24786193 1
6295 6234 24786203 1
6284 6271 24786213 1
6269 6310 24786223 1
6252 6351 24786223 1
6239 6386 24786233 1
6228 6408 24786243 1
6223 6422 24786253 1
6223 6422 24786263 1
6217 6427 24786273 1
6217 6427 24786283 1
6217 6412 24786293 1
6208 6386 24786303 1
6200 6348 24786313 1
6194 6305 24786323 1
6188 6249 24786333 1
6182 6186 24786343 1
6182 6117 24786353 1
6177 6048 24786363 1
6177 5980 24786373 1
6177 5899 24786383 1
6184 5817 24786393 1
6194 5737 24786403 1
6209 5669 24786413 1
6232 5606 24786423 1
6263 5548 24786433 1
6303 5497 24786443 1
6348 5452 24786453 1
6399 5414 24786463 1
6455 5383 24786473 1
6518 5358 24786483 1
6587 5343 24786493 1
6664 5343 24786503 1
6746 5343 24786513 1
6833 5366 24786523 1
6919 5396 24786533 1
6997 5434 24786543 1
7071 5474 24786553 1
7138 5512 24786563 1
7190 5548 24786573 1
7233 5579 24786583 1
7256 5609 24786593 1
7265 5642 24786603 1
7265 5677 24786613 1
7247 5712 24786623 1
7226 5736 24786633 1
7202 5754 24786643 1
7175 5762 24786653 1
7146 5762 24786663 1
7115 5757 24786673 1
7088 5750 24786683 1
7062 5742 24786693 1
7039 5731 24786703 1
7023 5715 24786713 1
7010 5693 24786723 1
7005 5670 24786733 1
7005 5641 24786743 1
7013 5612 24786753 1
7026 5579 24786763 1
7046 5545 24786773 1
7071 5515 24786783 1
7099 5487 24786793 1
7132 5465 24786803 1
7171 5447 24786813 1
7217 5431 24786823 1
7268 5423 24786834 1
7332 5423 24786844 1
7404 5428 24786854 1
7464 5437 24786864 1
7524 5451 24786874 1
7584 5468 24786884 1
7644 5491 24786894 1
7701 5514 24786904 1
7756 5541 24786914 1
7803 5570 24786924 1
7843 5602 24786934 1
7879 5643 24786944 1
7908 5691 24786954 1
7925 5737 24786964 1
7935 5766 24786974 1
7935 5785 24786984 1
7943 5785 24786994 1
7943 5785 24787004 1
7943 5785 24787014 1
7943 5785 24787024 1
7943 5785 24787034 1
7935 5774 24787044 1
7935 5754 24787054 1
7927 5727 24787064 1
7927 5693 24787074 1
7927 5657 24787084 1
7934 5618 24787094 1
7940 5575 24787104 1
7946 5532 24787114 1
7955 5489 24787124 1
7966 5447 24787134 1
7980 5404 24787144 1
7990 5368 24787154 1
7998 5348 24787164 1
8005 5339 24787174 1
8005 5339 24787184 1
8005 5339 24787194 1
8010 5348 24787204 1
8010 5377 24787214 1
8010 5419 24787224 1
8015 5471 24787234 1
8015 5528 24787244 1
8026 5582 24787254 1
8039 5622 24787264 1
8056 5654 24787274 1
8076 5678 24787284 1
8102 5698 24787294 1
8136 5714 24787304 1
8177 5731 24787314 1
8230 5747 24787324 1
8291 5766 24787334 1
8358 5786 24787344 1
8421 5811 24787354 1
8469 5837 24787364 1
8509 5863 24787374 1
8532 5888 24787384 1
8532 5907 24787394 1
8509 5923 24787404 1
6206 5977 24787716 0
6148 5995 24787726 1
6114 5995 24787736 1
6092 6018 24787746 1
6073 6053 24787756 1
6057 6066 24787766 1
6042 6081 24787776 1
6042 6081 24787786 1
6013 6106 24787796 1
6002 6113 24787806 1
5995 6119 24787816 1
5995 6119 24787826 1
5995 6119 24787836 1
5995 6119 24787846 1
6009 6113 24787856 1
6050 6113 24787866 1
6108 6123 24787876 1
6198 6136 24787886 1
6304 6148 24787896 1
6421 6158 24787906 1
6522 6166 24787916 1
6612 6173 24787926 1
6694 6182 24787936 1
6758 6191 24787946 1
4815 6809 24788427 0
4815 6809 24788437 1
4842 6785 24788447 1
4854 6778 24788457 1
4871 6772 24788467 1
4886 6766 24788477 1
4901 6761 24788487 1
4910 6761 24788497 1
4915 6761 24788507 1
4915 6761 24788517 1
4928 6761 24788527 1
