292
2915 5431 22004373 0
2945 5451 22004383 1
2945 5509 22004393 1
2927 5521 22004403 1
2927 5521 22004413 1
2927 5513 22004423 1
2927 5491 22004433 1
2927 5427 22004443 1
2910 5334 22004453 1
2893 5236 22004463 1
2877 5121 22004473 1
2862 4996 22004483 1
2849 4849 22004493 1
2840 4701 22004503 1
2830 4572 22004513 1
2820 4455 22004523 1
2801 4331 22004533 1
2778 4221 22004543 1
2751 4120 22004553 1
2717 4035 22004563 1
2677 3973 22004573 1
2637 3927 22004583 1
2598 3888 22004593 1
2558 3865 22004603 1
2513 3854 22004613 1
2466 3866 22004623 1
2411 3912 22004633 1
2362 3981 22004643 1
2316 4055 22004653 1
2301 4126 22004663 1
2301 4188 22004673 1
2309 4242 22004683 1
2325 4289 22004693 1
2341 4317 22004703 1
2358 4332 22004713 1
2378 4340 22004723 1
2403 4340 22004733 1
2434 4324 22004743 1
2471 4303 22004753 1
2518 4280 22004763 1
2573 4251 22004773 1
2640 4216 22004783 1
2713 4174 22004793 1
2766 4126 22004803 1
2815 4072 22004813 1
2860 4022 22004823 1
2901 3980 22004833 1
2947 3943 22004843 1
3002 3908 22004853 1
3077 3877 22004863 1
3165 3848 22004873 1
3258 3827 22004883 1
3350 3827 22004893 1
3424 3841 22004903 1
3486 3871 22004913 1
3526 3900 22004923 1
3555 3946 22004933 1
3576 4004 22004943 1
3594 4072 22004953 1
3602 4144 22004963 1
3602 4220 22004973 1
3594 4305 22004983 1
3586 4387 22004993 1
3572 4468 22005003 1
3553 4538 22005013 1
3523 4603 22005023 1
3482 4659 22005033 1
3433 4709 22005043 1
3367 4756 22005053 1
3295 4802 22005063 1
3219 4848 22005073 1
3142 4894 22005083 1
3066 4944 22005093 1
2995 4994 22005103 1
2927 5041 22005113 1
2861 5085 22005123 1
2799 5120 22005133 1
2740 5147 22005143 1
2678 5166 22005153 1
2615 5180 22005163 1
2566 5189 22005173 1
2535 5197 22005183 1
2517 5197 22005193 1
2509 5203 22005203 1
2503 5203 22005213 1
3476 3952 22005946 0
3442 3950 22005956 1
3442 3950 22005966 1
3442 3950 22005976 1
3442 3950 22005986 1
3458 3950 22005996 1
3474 3950 22006006 1
3507 3959 22006016 1
3550 3954 22006026 1
3614 3984 22006036 1
3683 4037 22006046 1
3760 4082 22006056 1
3837 4143 22006066 1
3909 4216 22006076 1
3978 4291 22006086 1
4044 4363 22006096 1
4092 4434 22006106 1
4117 4466 22006116 1
4127 4477 22006126 1
4127 4477 22006136 1
4122 4468 22006146 1
4114 4461 22006156 1
4092 4428 22006166 1
4068 4379 22006176 1
4043 4307 22006186 1
4029 4236 22006196 1
4018 4166 22006206 1
4018 4094 22006216 1
4013 4022 22006226 1
4013 3964 22006236 1
4018 3915 22006246 1
4024 3881 22006256 1
4037 3850 22006266 1
4059 3820 22006276 1
4089 3794 22006286 1
4134 3772 22006296 1
4190 3754 22006306 1
4249 3747 22006316 1
4311 3759 22006326 1
4381 3784 22006336 1
4450 3818 22006346 1
4518 3852 22006356 1
4571 3893 22006366 1
4615 3939 22006376 1
4652 3994 22006386 1
4690 4058 22006396 1
4728 4127 22006406 1
4749 4185 22006416 1
4758 4228 22006426 1
4758 4262 22006436 1
4758 4287 22006446 1
4749 4298 22006456 1
4735 4298 22006466 1
4704 4298 22006476 1
4662 4274 22006486 1
4609 4239 22006496 1
4561 4196 22006506 1
4532 4154 22006516 1
4514 4112 22006526 1
4506 4063 22006536 1
4499 4008 22006546 1
4499 3950 22006556 1
4499 3895 22006566 1
4509 3845 22006576 1
4524 3799 22006586 1
4550 3769 22006596 1
4583 3746 22006606 1
4631 3728 22006616 1
4687 3718 22006626 1
4745 3718 22006636 1
4803 3728 22006646 1
4857 3756 22006656 1
4907 3784 22006666 1
4952 3816 22006676 1
4997 3851 22006686 1
5041 3887 22006696 1
5098 3933 22006706 1
5159 3986 22006716 1
5225 4046 22006726 1
5282 4111 22006736 1
5334 4180 22006746 1
5386 4266 22006756 1
5439 4373 22006766 1
5494 4495 22006776 1
5553 4614 22006786 1
5617 4733 22006796 1
5681 4849 22006806 1
5731 4956 22006816 1
5771 5022 22006826 1
5794 5064 22006836 1
5804 5103 22006846 1
5804 5125 22006856 1
5798 5137 22006866 1
5786 5137 22006876 1
5770 5137 22006886 1
5754 5119 22006896 1
5731 5090 22006906 1
5704 5033 22006916 1
5686 4956 22006926 1
5669 4865 22006936 1
5645 4742 22006946 1
5615 4621 22006956 1
5577 4501 22006966 1
5541 4374 22006976 1
5506 4258 22006986 1
5481 4149 22006996 1
5462 4065 22007006 1
5453 3984 22007016 1
5459 3905 22007026 1
5474 3822 22007036 1
5501 3742 22007046 1
5540 3687 22007056 1
5586 3648 22007066 1
5642 3624 22007076 1
5720 3619 22007086 1
5813 3628 22007087 1
5905 3654 22007097 1
5999 3696 22007107 1
6077 3749 22007117 1
6144 3814 22007127 1
6181 3875 22007137 1
6202 3926 22007147 1
6211 3965 22007157 1
6202 3999 22007167 1
6176 4034 22007177 1
6139 4068 22007187 1
6095 4083 22007197 1
6056 4083 22007207 1
6027 4077 22007217 1
5997 4051 22007227 1
5965 4013 22007237 1
5958 3968 22007247 1
5958 3902 22007257 1
5974 3823 22007267 1
5974 3735 22007277 1
5974 3673 22007287 1
5999 3629 22007297 1
6033 3592 22007307 1
6079 3574 22007317 1
6145 3568 22007327 1
6223 3579 22007337 1
6302 3606 22007347 1
6376 3644 22007357 1
6446 3703 22007367 1
6515 3776 22007377 1
6593 3858 22007387 1
6673 3927 22007397 1
6736 3964 22007407 1
6785 3981 22007417 1
6825 3995 22007427 1
6855 4008 22007437 1
6878 4020 22007447 1
6901 4030 22007457 1
6921 4040 22007467 1
6940 4050 22007477 1
6949 4050 22007487 1
6944 4050 22007497 1
6930 4032 22007507 1
6924 4011 22007517 1
6919 3984 22007527 1
6902 3925 22007537 1
6878 3846 22007547 1
6854 3761 22007557 1
6838 3686 22007567 1
6833 3616 22007577 1
6810 3547 22007587 1
6775 3488 22007597 1
6765 3457 22007607 1
6758 3444 22007617 1
6758 3444 22007627 1
6758 3444 22007637 1
6758 3451 22007647 1
6768 3478 22007657 1
6785 3533 22007667 1
6826 3608 22007677 1
6883 3718 22007687 1
6956 3839 22007697 1
7034 3967 22007707 1
7117 4057 22007717 1
7196 4093 22007727 1
7260 4093 22007737 1
7318 4125 22007747 1
7378 4125 22007757 1
7441 4113 22007767 1
7511 4108 22007777 1
7573 4101 22007787 1
7629 4093 22007797 1
7662 4093 22007807 1
5229 4817 22008089 0
5176 4777 22008099 1
5150 4800 22008109 1
5113 4813 22008119 1
5204 4825 22008129 1
5356 4832 22008139 1
5549 4837 22008149 1
5785 4837 22008159 1
6010 4849 22008169 1
6227 4860 22008179 1
6383 4852 22008189 1
6485 4846 22008199 1
6552 4846 22008209 1
6569 4840 22008219 1
3866 5159 22008559 0
3914 5112 22008569 1
3852 5166 22008579 1
3827 5185 22008589 1
3827 5185 22008599 1
