221
2111 2864 59368317 0
2153 2847 59368327 1
2126 2896 59368337 1
2097 2903 59368347 1
2088 2883 59368357 1
2076 2867 59368367 1
2063 2819 59368377 1
2057 2750 59368387 1
2066 2646 59368397 1
2086 2541 59368407 1
2106 2406 59368417 1
2118 2251 59368427 1
2125 2082 59368437 1
2115 1912 59368437 1
2094 1742 59368447 1
2066 1596 59368457 1
2036 1493 59368467 1
1997 1419 59368477 1
1951 1351 59368487 1
1892 1306 59368497 1
1813 1277 59368507 1
1721 1277 59368517 1
1619 1315 59368527 1
1534 1371 59368537 1
1459 1448 59368547 1
1398 1528 59368557 1
1365 1611 59368567 1
1350 1674 59368577 1
1360 1720 59368587 1
1401 1754 59368597 1
1462 1774 59368607 1
1553 1758 59368617 1
1670 1719 59368627 1
1805 1652 59368637 1
1941 1583 59368647 1
2079 1525 59368657 1
2217 1476 59368667 1
2332 1445 59368677 1
2433 1436 59368687 1
2528 1442 59368697 1
2624 1476 59368707 1
2722 1532 59368717 1
2800 1603 59368727 1
2864 1702 59368737 1
2904 1826 59368747 1
2919 1967 59368757 1
2919 2139 59368767 1
2890 2338 59368777 1
2839 2555 59368787 1
2771 2710 59368797 1
2667 2815 59368807 1
2541 2888 59368817 1
2400 2925 59368827 1
2265 2939 59368837 1
2122 2939 59368847 1
1974 2926 59368857 1
1849 2913 59368867 1
1751 2897 59368877 1
1670 2862 59368887 1
1602 2816 59368897 1
1561 2748 59368907 1
1538 2662 59368917 1
2935 1682 59369288 0
2915 1653 59369298 1
2910 1661 59369308 1
2910 1661 59369318 1
2919 1653 59369328 1
2935 1634 59369338 1
2963 1607 59369348 1
3012 1574 59369358 1
3074 1540 59369368 1
3152 1506 59369378 1
3228 1483 59369388 1
3302 1469 59369398 1
3376 1462 59369408 1
3452 1470 59369418 1
3533 1489 59369428 1
3614 1515 59369438 1
3693 1551 59369448 1
3760 1596 59369458 1
3810 1648 59369468 1
3849 1714 59369478 1
3873 1781 59369488 1
3890 1850 59369498 1
3903 1894 59369508 1
3903 1912 59369518 1
3908 1912 59369528 1
3908 1912 59369538 1
3908 1883 59369548 1
3913 1839 59369558 1
3919 1778 59369568 1
3927 1719 59369578 1
3945 1661 59369588 1
3971 1610 59369598 1
4010 1566 59369608 1
4058 1527 59369618 1
4126 1488 59369628 1
4211 1453 59369638 1
4307 1422 59369648 1
4415 1406 59369658 1
4523 1414 59369668 1
4632 1438 59369678 1
4732 1479 59369688 1
4827 1532 59369698 1
4892 1594 59369708 1
4926 1662 59369718 1
4939 1737 59369728 1
4921 1816 59369738 1
4891 1871 59369748 1
4854 1902 59369758 1
4815 1918 59369768 1
4778 1918 59369778 1
4746 1911 59369788 1
4718 1890 59369798 1
4702 1845 59369808 1
4702 1783 59369818 1
4720 1709 59369828 1
4755 1634 59369838 1
4792 1577 59369848 1
4834 1532 59369858 1
4884 1497 59369868 1
4951 1468 59369878 1
5028 1443 59369888 1
5120 1434 59369898 1
5225 1445 59369908 1
5338 1470 59369918 1
5449 1512 59369928 1
5542 1568 59369938 1
5622 1634 59369948 1
5682 1723 59369958 1
5733 1828 59369968 1
5778 1943 59369978 1
5794 2074 59369988 1
5794 2223 59369998 1
5794 2383 59370008 1
5801 2490 59370018 1
5801 2545 59370028 1
5801 2566 59370038 1
5791 2566 59370048 1
5774 2541 59370058 1
5750 2496 59370068 1
5716 2398 59370078 1
5691 2288 59370088 1
5681 2170 59370098 1
5681 2058 59370108 1
5681 1949 59370118 1
5681 1842 59370128 1
5702 1736 59370138 1
5729 1644 59370148 1
5786 1561 59370149 1
5866 1505 59370159 1
5961 1464 59370169 1
6061 1434 59370179 1
6162 1424 59370189 1
6264 1434 59370199 1
6351 1458 59370209 1
6429 1489 59370219 1
6477 1527 59370229 1
6500 1570 59370239 1
6507 1626 59370249 1
6489 1697 59370259 1
6449 1778 59370269 1
6395 1827 59370279 1
6348 1849 59370289 1
6305 1849 59370299 1
6278 1834 59370309 1
6260 1793 59370319 1
6254 1737 59370329 1
6275 1664 59370339 1
6315 1602 59370349 1
6382 1548 59370359 1
6462 1509 59370369 1
6550 1478 59370379 1
6625 1453 59370389 1
6700 1436 59370399 1
6784 1422 59370409 1
6873 1409 59370419 1
6929 1392 59370429 1
6967 1376 59370439 1
6992 1365 59370449 1
6998 1358 59370459 1
6998 1358 59370469 1
6993 1390 59370479 1
6985 1433 59370489 1
6976 1495 59370499 1
6967 1569 59370509 1
6967 1650 59370519 1
6967 1733 59370529 1
6972 1787 59370539 1
6985 1821 59370549 1
7002 1835 59370559 1
7022 1845 59370569 1
7066 1845 59370579 1
7125 1845 59370589 1
7233 1845 59370599 1
7363 1845 59370609 1
7508 1845 59370619 1
7609 1845 59370629 1
7662 1845 59370639 1
4969 2136 59370820 0
5019 2151 59370830 1
4999 2209 59370840 1
4994 2209 59370850 1
4994 2209 59370860 1
5001 2209 59370870 1
5001 2203 59370880 1
5038 2194 59370890 1
5092 2188 59370900 1
5202 2188 59370910 1
5336 2188 59370920 1
5485 2198 59370930 1
5621 2210 59370940 1
5757 2220 59370950 1
5864 2230 59370960 1
3827 2908 59371171 0
3753 2889 59371181 1
3709 2951 59371191 1
3700 2951 59371201 1
3712 2951 59371211 1
3712 2951 59371221 1
3721 2951 59371231 1
