264
3354 7097 85361763 0
3367 7134 85361773 1
3367 7134 85361783 1
3358 7134 85361793 1
3358 7134 85361803 1
3365 7119 85361813 1
3377 7066 85361823 1
3393 6988 85361833 1
3410 6882 85361843 1
3426 6776 85361853 1
3442 6665 85361863 1
3449 6546 85361873 1
3449 6405 85361883 1
3442 6253 85361893 1
3431 6116 85361903 1
3419 5990 85361913 1
3408 5872 85361923 1
3396 5770 85361933 1
3381 5705 85361943 1
3364 5666 85361953 1
3337 5638 85361963 1
3300 5622 85361973 1
3256 5615 85361983 1
3210 5631 85361993 1
3165 5669 85362003 1
3121 5721 85362013 1
3092 5785 85362023 1
3073 5847 85362033 1
3073 5905 85362043 1
3073 5948 85362053 1
3079 5981 85362054 1
3079 5981 85362064 1
3103 6006 85362074 1
3123 6006 85362084 1
3152 6012 85362094 1
3188 6012 85362104 1
3237 6012 85362114 1
3295 6002 85362124 1
3348 5991 85362134 1
3404 5965 85362144 1
3464 5931 85362154 1
3526 5897 85362164 1
3590 5862 85362174 1
3661 5833 85362184 1
3734 5807 85362194 1
3807 5794 85362204 1
3875 5794 85362214 1
3951 5812 85362224 1
4036 5851 85362234 1
4132 5902 85362244 1
4234 5961 85362254 1
4320 6024 85362264 1
4395 6094 85362274 1
4450 6170 85362284 1
4483 6240 85362294 1
4500 6325 85362304 1
4500 6420 85362314 1
4471 6518 85362324 1
4432 6611 85362334 1
4371 6688 85362344 1
4293 6755 85362354 1
4204 6816 85362364 1
4094 6856 85362374 1
3983 6882 85362384 1
3870 6888 85362394 1
3750 6877 85362404 1
3616 6856 85362414 1
3473 6831 85362424 1
3349 6806 85362434 1
3230 6788 85362444 1
3133 6774 85362454 1
3048 6767 85362464 1
3007 6760 85362474 1
2993 6760 85362484 1
2998 6760 85362494 1
3012 6730 85362504 1
4433 6036 85362825 0
4433 6036 85362835 1
4433 6036 85362845 1
4433 6036 85362855 1
4433 6036 85362865 1
4475 5987 85362875 1
4508 5951 85362885 1
4545 5913 85362895 1
4589 5885 85362905 1
4648 5864 85362915 1
4717 5859 85362925 1
4791 5873 85362935 1
4858 5901 85362945 1
4919 5952 85362955 1
4982 6012 85362965 1
5046 6078 85362975 1
5101 6145 85362985 1
5148 6207 85362995 1
5174 6266 85363005 1
5186 6304 85363015 1
5186 6320 85363025 1
5186 6320 85363035 1
5186 6320 85363045 1
5186 6320 85363055 1
5186 6315 85363065 1
5195 6305 85363075 1
5209 6277 85363085 1
5226 6237 85363095 1
5242 6188 85363105 1
5255 6133 85363115 1
5267 6070 85363125 1
5283 5998 85363135 1
5302 5918 85363145 1
5330 5848 85363155 1
5368 5785 85363165 1
5421 5746 85363175 1
5484 5728 85363185 1
5565 5728 85363195 1
5661 5752 85363205 1
5766 5795 85363215 1
5854 5849 85363225 1
5917 5909 85363235 1
5962 5967 85363245 1
5989 6024 85363255 1
6001 6091 85363265 1
6001 6163 85363275 1
5995 6234 85363285 1
5975 6284 85363295 1
5947 6319 85363305 1
5925 6337 85363315 1
5903 6351 85363325 1
5883 6351 85363335 1
5865 6351 85363345 1
5848 6336 85363355 1
5831 6299 85363365 1
5815 6247 85363375 1
5800 6194 85363385 1
5800 6141 85363395 1
5800 6083 85363405 1
5812 6017 85363415 1
5831 5946 85363425 1
5852 5876 85363435 1
5885 5807 85363445 1
5926 5774 85363455 1
5980 5758 85363465 1
6037 5758 85363475 1
6118 5786 85363485 1
6213 5863 85363495 1
6323 5970 85363505 1
6429 6089 85363515 1
6521 6223 85363525 1
6606 6367 85363535 1
6680 6520 85363545 1
6755 6671 85363555 1
6803 6774 85363565 1
6833 6847 85363575 1
6833 6911 85363585 1
6821 6945 85363595 1
6802 6958 85363605 1
6786 6966 85363615 1
6772 6971 85363625 1
6765 6971 85363635 1
6760 6964 85363645 1
6755 6935 85363655 1
6749 6891 85363665 1
6741 6819 85363675 1
6724 6744 85363685 1
6702 6640 85363695 1
6679 6518 85363705 1
6654 6381 85363715 1
6630 6240 85363725 1
6630 6117 85363735 1
6639 6007 85363745 1
6670 5909 85363755 1
6717 5826 85363765 1
6775 5754 85363775 1
6853 5706 85363785 1
6924 5677 85363795 1
6990 5660 85363805 1
7055 5660 85363815 1
7119 5697 85363825 1
7181 5750 85363835 1
7238 5843 85363845 1
7288 5956 85363855 1
7333 6083 85363865 1
7352 6174 85363875 1
7357 6248 85363885 1
7352 6310 85363895 1
7332 6354 85363905 1
7306 6392 85363915 1
7275 6418 85363925 1
7253 6434 85363935 1
7233 6442 85363945 1
7218 6442 85363955 1
7206 6442 85363965 1
7196 6442 85363975 1
7185 6427 85363985 1
7169 6390 85363995 1
7149 6337 85364005 1
7134 6281 85364015 1
7122 6221 85364025 1
7116 6154 85364035 1
7116 6081 85364045 1
7121 6018 85364055 1
7141 5961 85364065 1
7170 5917 85364075 1
7216 5879 85364085 1
7269 5844 85364095 1
7331 5821 85364105 1
7397 5815 85364115 1
7460 5821 85364125 1
7522 5843 85364135 1
7576 5884 85364145 1
7622 5939 85364155 1
7662 6010 85364165 1
7690 6082 85364175 1
7709 6154 85364185 1
7722 6191 85364195 1
7722 6201 85364205 1
7722 6194 85364215 1
7722 6194 85364225 1
7722 6194 85364235 1
7722 6187 85364245 1
7727 6167 85364255 1
7738 6136 85364265 1
7748 6099 85364275 1
7758 6056 85364285 1
7758 6006 85364295 1
7750 5957 85364305 1
7750 5926 85364315 1
7750 5905 85364325 1
7750 5905 85364335 1
7750 5905 85364345 1
7750 5913 85364355 1
7750 5922 85364365 1
7770 6000 85364375 1
7802 6066 85364385 1
7843 6125 85364395 1
7886 6175 85364405 1
7933 6221 85364415 1
7986 6258 85364425 1
8050 6291 85364435 1
8122 6318 85364445 1
8202 6339 85364455 1
8285 6353 85364465 1
8369 6362 85364475 1
8442 6368 85364485 1
8508 6368 85364495 1
6297 6618 85364778 0
6352 6638 85364788 1
6396 6630 85364798 1
6457 6621 85364808 1
6526 6621 85364818 1
6618 6616 85364828 1
6741 6624 85364838 1
6885 6630 85364848 1
7005 6630 85364858 1
7130 6637 85364868 1
7257 6647 85364878 1
7378 6660 85364888 1
5313 6964 85365158 0
5313 6964 85365168 1
5313 6964 85365178 1
5313 6964 85365188 1
5338 6951 85365198 1
5358 6928 85365208 1
5389 6893 85365218 1
5428 6853 85365228 1
