288
2168 2902 59428693 0
2168 2902 59428703 1
2139 2922 59428713 1
2118 2929 59428723 1
2096 2936 59428733 1
2076 2949 59428743 1
2058 2964 59428753 1
2038 2973 59428763 1
2016 2980 59428773 1
1985 2980 59428783 1
1941 2965 59428793 1
1888 2937 59428803 1
1820 2884 59428813 1
1741 2804 59428823 1
1655 2706 59428833 1
1561 2616 59428843 1
1482 2522 59428853 1
1414 2419 59428863 1
1351 2292 59428873 1
1294 2150 59428883 1
1261 2010 59428893 1
1243 1865 59428903 1
1249 1710 59428913 1
1280 1584 59428923 1
1327 1477 59428933 1
1407 1402 59428943 1
1525 1348 59428953 1
1669 1307 59428963 1
1819 1294 59428973 1
1973 1302 59428983 1
2130 1324 59428993 1
2288 1362 59429003 1
2407 1410 59429013 1
2508 1466 59429023 1
2597 1526 59429033 1
2663 1597 59429043 1
2695 1675 59429053 1
2704 1772 59429063 1
2681 1865 59429073 1
2639 1934 59429083 1
2585 1988 59429093 1
2525 2016 59429103 1
2460 2027 59429113 1
2392 2027 59429123 1
2341 2021 59429133 1
2296 2015 59429143 1
2273 2010 59429153 1
2262 2010 59429163 1
2262 2010 59429173 1
2269 2010 59429183 1
2278 2010 59429193 1
2304 1998 59429203 1
2348 1988 59429213 1
2405 1974 59429223 1
2475 1959 59429233 1
2545 1945 59429243 1
2617 1931 59429253 1
2676 1926 59429263 1
2728 1926 59429273 1
2767 1935 59429283 1
2797 1946 59429293 1
2820 1960 59429303 1
2829 1965 59429313 1
2829 1965 59429323 1
2829 1970 59429333 1
2829 1970 59429343 1
2829 1970 59429353 1
2829 1964 59429363 1
2829 1959 59429373 1
2837 1933 59429383 1
2849 1894 59429393 1
2860 1834 59429403 1
2860 1752 59429413 1
2860 1655 59429423 1
2860 1557 59429433 1
2852 1471 59429443 1
2852 1394 59429453 1
2852 1332 59429463 1
2869 1290 59429473 1
3730 1934 59430035 0
3730 1934 59430045 1
3730 1934 59430055 1
3730 1934 59430065 1
3704 1924 59430075 1
3694 1875 59430085 1
3688 1808 59430095 1
3701 1717 59430105 1
3724 1623 59430115 1
3756 1526 59430125 1
3790 1447 59430135 1
3827 1380 59430145 1
3870 1322 59430155 1
3919 1290 59430165 1
3984 1290 59430175 1
4059 1311 59430185 1
4144 1361 59430195 1
4218 1423 59430205 1
4284 1494 59430215 1
4325 1574 59430225 1
4351 1656 59430235 1
4367 1740 59430245 1
4375 1789 59430255 1
4375 1809 59430265 1
4375 1809 59430275 1
4375 1809 59430285 1
4375 1809 59430295 1
4381 1779 59430305 1
4381 1733 59430315 1
4391 1671 59430325 1
4398 1609 59430335 1
4407 1551 59430345 1
4418 1495 59430355 1
4432 1441 59430365 1
4448 1400 59430375 1
4479 1367 59430385 1
4520 1347 59430395 1
4582 1339 59430405 1
4645 1339 59430415 1
5608 1678 59430616 0
5650 1699 59430626 1
5658 1711 59430636 1
5658 1724 59430646 1
5667 1737 59430656 1
5676 1751 59430666 1
5676 1764 59430676 1
5676 1778 59430686 1
5664 1795 59430696 1
5646 1813 59430706 1
5622 1833 59430716 1
5591 1851 59430726 1
5555 1863 59430736 1
5516 1868 59430746 1
5480 1858 59430756 1
5449 1839 59430766 1
5423 1798 59430776 1
5401 1734 59430786 1
5387 1656 59430796 1
5387 1584 59430806 1
5396 1520 59430816 1
5423 1461 59430826 1
5461 1420 59430836 1
5521 1398 59430846 1
5599 1390 59430856 1
5688 1412 59430866 1
5776 1453 59430876 1
5837 1507 59430886 1
5880 1579 59430896 1
5902 1688 59430906 1
5911 1821 59430916 1
5911 1958 59430926 1
5911 2140 59430936 1
5903 2352 59430946 1
5890 2486 59430956 1
5881 2567 59430966 1
5876 2614 59430976 1
5876 2634 59430986 1
5870 2634 59430996 1
5870 2621 59431006 1
5886 2557 59431016 1
5908 2447 59431026 1
5938 2306 59431036 1
5968 2168 59431046 1
5983 2043 59431056 1
5989 1928 59431066 1
5989 1811 59431076 1
5989 1694 59431086 1
5989 1593 59431096 1
6006 1503 59431106 1
6926 1698 59431517 0
6943 1757 59431527 1
6935 1783 59431537 1
6929 1798 59431547 1
6923 1807 59431557 1
6918 1807 59431567 1
6918 1813 59431577 1
6918 1813 59431587 1
6918 1782 59431597 1
6930 1731 59431607 1
6949 1652 59431617 1
6971 1579 59431627 1
6991 1511 59431637 1
7002 1454 59431647 1
7008 1411 59431657 1
7008 1378 59431667 1
7008 1368 59431677 1
7008 1368 59431687 1
7008 1376 59431697 1
7008 1398 59431707 1
7008 1460 59431717 1
7013 1547 59431727 1
7020 1652 59431737 1
7033 1751 59431747 1
7055 1822 59431757 1
7082 1874 59431767 1
7114 1904 59431777 1
7154 1933 59431787 1
7205 1943 59431797 1
7265 1943 59431807 1
7334 1926 59431817 1
7412 1909 59431827 1
7496 1888 59431837 1
8090 1835 59432118 0
8090 1835 59432128 1
8090 1835 59432138 1
8090 1835 59432148 1
8090 1835 59432158 1
8090 1835 59432168 1
8090 1835 59432178 1
8090 1835 59432188 1
8090 1835 59432198 1
8090 1835 59432208 1
8099 1774 59432218 1
8093 1721 59432228 1
8098 1668 59432238 1
8104 1615 59432248 1
8114 1568 59432258 1
8129 1523 59432268 1
8149 1479 59432278 1
8175 1445 59432288 1
8209 1417 59432298 1
8251 1407 59432308 1
8297 1407 59432318 1
8347 1421 59432328 1
8401 1454 59432338 1
8445 1504 59432348 1
8481 1565 59432358 1
8510 1653 59432368 1
8530 1759 59432378 1
8545 1876 59432388 1
8561 1946 59432398 1
8567 1978 59432408 1
8567 1986 59432418 1
8567 1981 59432428 1
8557 1936 59432438 1
8546 1864 59432448 1
8546 1765 59432458 1
8541 1666 59432468 1
8555 1571 59432478 1
8577 1494 59432488 1
8607 1428 59432498 1
8642 1381 59432508 1
8705 1350 59432518 1
8786 1329 59432528 1
8890 1329 59432538 1
9533 1864 59432799 0
9563 1885 59432809 1
9576 1899 59432819 1
9576 1899 59432829 1
9608 1907 59432839 1
9615 1907 59432849 1
9615 1907 59432859 1
9615 1893 59432869 1
9606 1862 59432879 1
9598 1817 59432889 1
9592 1756 59432899 1
9586 1684 59432909 1
9581 1604 59432919 1
9581 1530 59432929 1
9581 1467 59432939 1
9581 1411 59432949 1
9589 1376 59432959 1
9597 1361 59432969 1
9605 1361 59432979 1
9614 1376 59432989 1
9629 1419 59432999 1
9649 1481 59433009 1
9664 1553 59433019 1
9676 1644 59433029 1
9692 1747 59433039 1
9720 1814 59433049 1
9756 1859 59433059 1
9799 1889 59433069 1
9842 1905 59433079 1
9886 1917 59433089 1
9917 1910 59433099 1
9940 1892 59433109 1
9961 1853 59433119 1
9975 1796 59433129 1
9983 1726 59433139 1
9977 1648 59433149 1
9967 1579 59433159 1
9953 1521 59433169 1
9953 1467 59433179 1
9953 1420 59433189 1
9993 1384 59433199 1
10055 1356 59433209 1
10163 1350 59433219 1
10298 1358 59433229 1
