405
3668 5163 58676251 0
3668 5163 58676261 1
3668 5163 58676271 1
3668 5163 58676281 1
3697 5168 58676291 1
3697 5168 58676301 1
3697 5168 58676311 1
3697 5168 58676321 1
3697 5174 58676331 1
3697 5180 58676341 1
3697 5189 58676351 1
3697 5202 58676361 1
3697 5220 58676371 1
3697 5241 58676381 1
3697 5268 58676391 1
3697 5297 58676401 1
3685 5328 58676411 1
3669 5365 58676421 1
3650 5401 58676431 1
3608 5436 58676441 1
3551 5459 58676451 1
3491 5477 58676461 1
3435 5477 58676471 1
3352 5462 58676481 1
3248 5429 58676491 1
3149 5378 58676501 1
3052 5316 58676511 1
2956 5253 58676521 1
2871 5187 58676531 1
2788 5116 58676541 1
2708 5026 58676551 1
2632 4925 58676561 1
2560 4796 58676571 1
2507 4672 58676581 1
2464 4551 58676591 1
2440 4422 58676601 1
2421 4284 58676611 1
2421 4140 58676621 1
2421 4004 58676631 1
2432 3866 58676641 1
2444 3725 58676652 1
2462 3622 58676662 1
2486 3544 58676672 1
2516 3461 58676682 1
2560 3387 58676692 1
2614 3320 58676702 1
2679 3263 58676712 1
2744 3214 58676722 1
2812 3171 58676732 1
2882 3144 58676742 1
2956 3132 58676752 1
3033 3132 58676762 1
3116 3141 58676772 1
3206 3174 58676782 1
3297 3220 58676792 1
3375 3269 58676802 1
3445 3313 58676812 1
3497 3349 58676822 1
3535 3378 58676832 1
3563 3407 58676842 1
3575 3438 58676852 1
3575 3474 58676862 1
3557 3511 58676872 1
3533 3550 58676882 1
3506 3596 58676892 1
3476 3647 58676902 1
3461 3707 58676912 1
3451 3749 58676922 1
3451 3780 58676932 1
3468 3799 58676942 1
3496 3818 58676952 1
3533 3836 58676962 1
3585 3847 58676972 1
3647 3859 58676982 1
3724 3874 58676992 1
3795 3890 58677002 1
3862 3895 58677012 1
3923 3895 58677022 1
3975 3895 58677032 1
4022 3881 58677042 1
4054 3870 58677052 1
4073 3859 58677062 1
4084 3841 58677072 1
4084 3821 58677082 1
4084 3782 58677092 1
4069 3717 58677102 1
4049 3634 58677112 1
4024 3535 58677122 1
3996 3433 58677132 1
3977 3325 58677142 1
3959 3219 58677152 1
3945 3115 58677162 1
3936 3021 58677172 1
3930 2944 58677182 1
3930 2878 58677192 1
3930 2833 58677202 1
3940 2806 58677212 1
3945 2790 58677222 1
3950 2779 58677232 1
3955 2774 58677242 1
3962 2774 58677252 1
3972 2774 58677262 1
3999 2803 58677272 1
5103 3572 58677513 0
5169 3580 58677523 1
5169 3588 58677533 1
5144 3596 58677543 1
5153 3609 58677553 1
5163 3626 58677563 1
5172 3632 58677573 1
5172 3632 58677583 1
5172 3632 58677593 1
5172 3623 58677603 1
5166 3586 58677613 1
5155 3530 58677623 1
5145 3464 58677633 1
5137 3397 58677643 1
5137 3335 58677653 1
5137 3277 58677663 1
5137 3224 58677673 1
5148 3170 58677683 1
5161 3125 58677693 1
5180 3087 58677703 1
5202 3063 58677713 1
5223 3049 58677723 1
5242 3041 58677733 1
5260 3036 58677743 1
5282 3036 58677753 1
5305 3051 58677763 1
5333 3066 58677773 1
5366 3099 58677783 1
5401 3144 58677793 1
5435 3196 58677803 1
5467 3267 58677813 1
5497 3350 58677823 1
5526 3429 58677833 1
5549 3493 58677843 1
5568 3547 58677853 1
5586 3583 58677863 1
5594 3599 58677873 1
5594 3599 58677883 1
5594 3604 58677893 1
5594 3604 58677903 1
5594 3595 58677913 1
5594 3558 58677923 1
5586 3501 58677933 1
5586 3435 58677943 1
5586 3376 58677953 1
5594 3321 58677963 1
5606 3266 58677973 1
5623 3211 58677983 1
5645 3158 58677993 1
5672 3112 58678003 1
5697 3071 58678013 1
5722 3047 58678023 1
5739 3031 58678033 1
5750 3021 58678043 1
5759 3021 58678053 1
5771 3021 58678063 1
6644 3533 58678254 0
6715 3545 58678264 1
6728 3551 58678274 1
6728 3559 58678284 1
6743 3569 58678294 1
6765 3589 58678304 1
6783 3610 58678314 1
6796 3633 58678324 1
6796 3652 58678334 1
6796 3671 58678344 1
6789 3690 58678354 1
6776 3709 58678364 1
6754 3727 58678374 1
6725 3740 58678384 1
6698 3740 58678394 1
6671 3740 58678404 1
6643 3719 58678414 1
6613 3692 58678424 1
6584 3661 58678434 1
6556 3627 58678444 1
6528 3588 58678454 1
6514 3555 58678464 1
6502 3526 58678474 1
6490 3487 58678484 1
6490 3448 58678494 1
6477 3407 58678504 1
6468 3365 58678514 1
6468 3325 58678524 1
6468 3293 58678534 1
6477 3261 58678544 1
6485 3230 58678554 1
6497 3203 58678564 1
6512 3174 58678574 1
6530 3152 58678584 1
6550 3136 58678594 1
6572 3126 58678604 1
6597 3126 58678614 1
6624 3126 58678624 1
6657 3139 58678634 1
6692 3158 58678644 1
6730 3182 58678654 1
6769 3216 58678664 1
6809 3257 58678674 1
6845 3302 58678684 1
6879 3351 58678694 1
6910 3416 58678704 1
6941 3493 58678714 1
6968 3588 58678724 1
6993 3706 58678734 1
7020 3839 58678744 1
7049 3984 58678754 1
7081 4129 58678764 1
7109 4274 58678774 1
7133 4379 58678784 1
7142 4436 58678794 1
7142 4461 58678804 1
7142 4461 58678814 1
7142 4469 58678824 1
7142 4469 58678834 1
7129 4464 58678844 1
7113 4419 58678854 1
7085 4348 58678864 1
7060 4242 58678874 1
7041 4136 58678884 1
7027 4027 58678894 1
7014 3918 58678904 1
7004 3790 58678914 1
7004 3662 58678924 1
7011 3555 58678934 1
7031 3463 58678944 1
7064 3386 58678954 1
7096 3316 58678964 1
7126 3251 58678974 1
7159 3196 58678984 1
7189 3138 58678994 1
7219 3091 58679004 1
7249 3051 58679014 1
7273 3026 58679024 1
7292 3013 58679034 1
8123 3547 58679266 0
8148 3547 58679276 1
8157 3552 58679286 1
8166 3552 58679296 1
8185 3547 58679306 1
8205 3538 58679316 1
8218 3525 58679326 1
8226 3504 58679336 1
8235 3467 58679346 1
8244 3421 58679356 1
8254 3378 58679366 1
8259 3339 58679376 1
8259 3304 58679386 1
8259 3278 58679396 1
8259 3257 58679406 1
8265 3239 58679416 1
8258 3232 58679426 1
8258 3232 58679436 1
8258 3226 58679446 1
8258 3226 58679456 1
8258 3226 58679466 1
8253 3233 58679476 1
8253 3248 58679486 1
8253 3269 58679496 1
8253 3304 58679506 1
8268 3348 58679516 1
8285 3398 58679526 1
8320 3461 58679536 1
8366 3528 58679546 1
8424 3598 58679556 1
8484 3653 58679566 1
8552 3692 58679576 1
8626 3720 58679586 1
8706 3738 58679596 1
8793 3753 58679606 1
8888 3760 58679616 1
8986 3760 58679626 1
9070 3746 58679636 1
9145 3733 58679646 1
9214 3720 58679656 1
9266 3709 58679666 1
9306 3703 58679676 1
9329 3703 58679686 1
9346 3693 58679696 1
9358 3686 58679706 1
9363 3686 58679716 1
9363 3686 58679726 1
9363 3681 58679736 1
9363 3681 58679746 1
9363 3681 58679756 1
9363 3681 58679766 1
9336 3695 58679776 1
9321 3707 58679786 1
9855 3620 58680157 0
9855 3620 58680167 1
9855 3620 58680177 1
9855 3620 58680187 1
9855 3620 58680197 1
9855 3620 58680207 1
9855 3620 58680217 1
9838 3575 58680227 1
9838 3544 58680237 1
9828 3502 58680247 1
9822 3455 58680257 1
9822 3406 58680267 1
9822 3361 58680277 1
9822 3318 58680287 1
9835 3278 58680297 1
9847 3244 58680307 1
9860 3215 58680317 1
9872 3190 58680327 1
9884 3171 58680337 1
9901 3157 58680347 1
9918 3146 58680357 1
9937 3146 58680367 1
9961 3157 58680377 1
9992 3177 58680387 1
10025 3204 58680397 1
10061 3237 58680407 1
10102 3282 58680417 1
10141 3340 58680427 1
10179 3407 58680437 1
10216 3477 58680447 1
10248 3543 58680457 1
10268 3585 58680467 1
10280 3614 58680477 1
10280 3614 58680487 1
10280 3614 58680497 1
10280 3614 58680507 1
10272 3596 58680517 1
10261 3573 58680527 1
10247 3544 58680537 1
10234 3508 58680547 1
10224 3466 58680557 1
10224 3422 58680567 1
10219 3375 58680577 1
10219 3322 58680587 1
10231 3281 58680597 1
10244 3249 58680607 1
10263 3201 58680617 1
10287 3159 58680627 1
10314 3122 58680637 1
10342 3091 58680647 1
10370 3067 58680657 1
10396 3047 58680667 1
10420 3032 58680677 1
10443 3024 58680687 1
10460 3024 58680697 1
10474 3024 58680707 1
10490 3044 58680717 1
10509 3074 58680727 1
10932 3399 58680898 0
10958 3399 58680908 1
10970 3399 58680918 1
10981 3399 58680928 1
10997 3399 58680938 1
11012 3399 58680948 1
11027 3399 58680958 1
11037 3393 58680968 1
11045 3385 58680978 1
11056 3372 58680988 1
11062 3351 58680998 1
11062 3324 58681008 1
11067 3287 58681018 1
11067 3245 58681028 1
11056 3201 58681038 1
11049 3158 58681048 1
11041 3124 58681058 1
11033 3096 58681068 1
11025 3072 58681078 1
11018 3058 58681088 1
11018 3050 58681098 1
11018 3050 58681108 1
11018 3050 58681118 1
11018 3050 58681128 1
11018 3064 58681138 1
11041 3091 58681148 1
11068 3127 58681158 1
11102 3178 58681168 1
11139 3240 58681178 1
11181 3309 58681188 1
11229 3380 58681198 1
11285 3451 58681208 1
11345 3504 58681218 1
11405 3546 58681228 1
11450 3567 58681238 1
11485 3575 58681248 1
11521 3575 58681258 1
11552 3570 58681268 1
11580 3565 58681278 1
11602 3555 58681288 1
11616 3538 58681298 1
11625 3496 58681308 1
11630 3440 58681318 1
11637 3380 58681328 1
11646 3329 58681338 1
11651 3283 58681348 1
11651 3247 58681358 1
11656 3214 58681368 1
11656 3183 58681378 1
11656 3153 58681388 1
11662 3127 58681398 1
11670 3104 58681408 1
11680 3087 58681418 1
11689 3080 58681428 1
11689 3080 58681438 1
11689 3091 58681448 1
