270
1778 3641 37929506 0
1801 3681 37929516 1
1809 3701 37929526 1
1809 3721 37929536 1
1809 3743 37929546 1
1809 3768 37929556 1
1790 3791 37929566 1
1768 3809 37929576 1
1731 3824 37929586 1
1686 3833 37929596 1
1635 3833 37929606 1
1574 3833 37929616 1
1509 3809 37929626 1
1440 3778 37929636 1
1362 3727 37929646 1
1284 3674 37929656 1
1207 3603 37929666 1
1141 3521 37929676 1
1081 3405 37929686 1
1036 3245 37929696 1
998 3056 37929706 1
979 2865 37929716 1
984 2669 37929726 1
1004 2514 37929736 1
1063 2389 37929746 1
1142 2275 37929756 1
1233 2188 37929766 1
1337 2118 37929776 1
1472 2082 37929786 1
1628 2082 37929796 1
1779 2097 37929806 1
1913 2134 37929816 1
2036 2186 37929826 1
2143 2248 37929836 1
2216 2310 37929846 1
2265 2372 37929856 1
2282 2435 37929866 1
2269 2509 37929876 1
2237 2591 37929886 1
2188 2666 37929896 1
2142 2737 37929906 1
2103 2783 37929916 1
2083 2814 37929926 1
2074 2826 37929936 1
2074 2826 37929946 1
2074 2826 37929956 1
2074 2826 37929966 1
2105 2808 37929976 1
2148 2785 37929986 1
2215 2763 37929996 1
2303 2748 37930006 1
2406 2739 37930016 1
2501 2725 37930026 1
2585 2714 37930036 1
2662 2704 37930046 1
2710 2704 37930056 1
2737 2696 37930066 1
2751 2690 37930076 1
2756 2690 37930086 1
2756 2690 37930096 1
2756 2685 37930106 1
2756 2662 37930116 1
2756 2627 37930126 1
2745 2578 37930136 1
2735 2527 37930146 1
2722 2472 37930147 1
2710 2414 37930157 1
2700 2368 37930167 1
2707 2330 37930177 1
2724 2304 37930187 1
3590 2781 37930647 0
3578 2837 37930657 1
3561 2837 37930667 1
3555 2854 37930677 1
3555 2880 37930687 1
3550 2885 37930697 1
3550 2885 37930707 1
3550 2885 37930717 1
3555 2857 37930727 1
3568 2807 37930737 1
3584 2696 37930747 1
3600 2594 37930757 1
3618 2498 37930767 1
3638 2405 37930777 1
3664 2327 37930787 1
3698 2258 37930797 1
3746 2212 37930807 1
3803 2188 37930817 1
3871 2180 37930827 1
3943 2207 37930837 1
4015 2254 37930838 1
4085 2314 37930848 1
4152 2376 37930858 1
4197 2441 37930868 1
4227 2509 37930878 1
4236 2582 37930888 1
4236 2649 37930898 1
4236 2712 37930908 1
4236 2743 37930918 1
4236 2750 37930928 1
4236 2740 37930938 1
4236 2716 37930948 1
4230 2659 37930958 1
4235 2581 37930968 1
4241 2503 37930978 1
4262 2430 37930988 1
4293 2361 37930998 1
4342 2299 37931008 1
4420 2260 37931018 1
4517 2236 37931028 1
5662 2528 37931388 0
5702 2551 37931398 1
5710 2566 37931408 1
5710 2577 37931418 1
5704 2591 37931428 1
5687 2607 37931438 1
5658 2626 37931448 1
5622 2643 37931458 1
5580 2660 37931468 1
5533 2669 37931478 1
5483 2659 37931488 1
5431 2636 37931498 1
5379 2593 37931508 1
5326 2533 37931518 1
5287 2462 37931528 1
5268 2372 37931538 1
5263 2280 37931548 1
5284 2205 37931558 1
5329 2143 37931568 1
5390 2109 37931578 1
5475 2109 37931588 1
5564 2120 37931598 1
5661 2169 37931608 1
5757 2234 37931618 1
5829 2310 37931628 1
5886 2394 37931638 1
5910 2491 37931648 1
5918 2598 37931658 1
5918 2731 37931668 1
5902 2882 37931678 1
5892 3045 37931688 1
5883 3172 37931698 1
5874 3244 37931708 1
5866 3280 37931718 1
5859 3285 37931728 1
5854 3264 37931738 1
5841 3225 37931748 1
5823 3113 37931759 1
5813 2978 37931769 1
5827 2828 37931779 1
5857 2662 37931789 1
5896 2530 37931799 1
5936 2422 37931809 1
5991 2321 37931819 1
6055 2239 37931829 1
6985 2580 37932099 0
6971 2625 37932109 1
6963 2648 37932119 1
6955 2672 37932129 1
6967 2679 37932139 1
6981 2684 37932149 1
6998 2684 37932159 1
7013 2675 37932169 1
7028 2638 37932179 1
7054 2584 37932189 1
7081 2492 37932199 1
7102 2401 37932209 1
7118 2313 37932219 1
7126 2246 37932229 1
7131 2192 37932239 1
7131 2164 37932249 1
7137 2157 37932259 1
7137 2165 37932269 1
7137 2194 37932279 1
7146 2256 37932289 1
7146 2341 37932299 1
7152 2426 37932309 1
7152 2511 37932320 1
7152 2597 37932330 1
7162 2656 37932340 1
7186 2710 37932350 1
7220 2744 37932360 1
7265 2768 37932370 1
7325 2777 37932380 1
7395 2771 37932390 1
7476 2756 37932400 1
8316 2818 37932760 0
8374 2833 37932770 1
8383 2843 37932780 1
8378 2843 37932790 1
8378 2833 37932800 1
8378 2795 37932810 1
8363 2736 37932820 1
8345 2658 37932830 1
8345 2579 37932840 1
8345 2498 37932850 1
8354 2414 37932860 1
8380 2340 37932870 1
8416 2271 37932880 1
8467 2222 37932890 1
8523 2193 37932900 1
8589 2178 37932910 1
8663 2188 37932920 1
8741 2220 37932930 1
8819 2266 37932940 1
8883 2318 37932950 1
8937 2373 37932960 1
8967 2431 37932970 1
8978 2497 37932980 1
8978 2572 37932990 1
8962 2652 37933000 1
8946 2732 37933010 1
8929 2774 37933020 1
8923 2792 37933030 1
8923 2792 37933040 1
8918 2757 37933050 1
8918 2699 37933060 1
8924 2621 37933070 1
8944 2542 37933080 1
8966 2463 37933091 1
8992 2380 37933101 1
9022 2298 37933111 1
9056 2217 37933121 1
9098 2153 37933131 1
9166 2099 37933141 1
9250 2071 37933151 1
10184 2684 37933592 0
10184 2748 37933602 1
10173 2800 37933612 1
10165 2827 37933622 1
10172 2840 37933632 1
10181 2845 37933642 1
10193 2845 37933652 1
10204 2819 37933662 1
10215 2784 37933672 1
10226 2722 37933682 1
10238 2659 37933692 1
10249 2594 37933702 1
10258 2516 37933712 1
10258 2430 37933722 1
10258 2350 37933732 1
10252 2279 37933742 1
10252 2215 37933752 1
10252 2179 37933762 1
10259 2164 37933772 1
10266 2164 37933782 1
10275 2171 37933792 1
10290 2211 37933802 1
10310 2272 37933812 1
10327 2350 37933822 1
10342 2445 37933832 1
10357 2551 37933842 1
10383 2663 37933852 1
10429 2762 37933862 1
10489 2852 37933872 1
10549 2892 37933882 1
10609 2903 37933892 1
10663 2895 37933902 1
10711 2857 37933912 1
10741 2782 37933922 1
10749 2682 37933932 1
10741 2588 37933942 1
10715 2494 37933952 1
10697 2400 37933962 1
10684 2323 37933972 1
10702 2256 37933982 1
10740 2199 37933992 1
10792 2155 37934002 1
10866 2119 37934012 1
10976 2095 37934022 1
