266
1900 2188 59440811 0
1906 2289 59440821 1
1898 2289 59440831 1
1879 2304 59440841 1
1867 2322 59440851 1
1851 2344 59440861 1
1833 2369 59440871 1
1806 2390 59440881 1
1779 2404 59440891 1
1750 2410 59440901 1
1710 2410 59440911 1
1664 2392 59440921 1
1586 2366 59440931 1
1503 2321 59440941 1
1417 2271 59440951 1
1333 2199 59440961 1
1249 2115 59440971 1
1167 2018 59440981 1
1092 1886 59440991 1
1021 1732 59441001 1
971 1559 59441011 1
936 1393 59441021 1
936 1236 59441031 1
975 1107 59441041 1
1041 1000 59441051 1
1140 932 59441061 1
1257 894 59441071 1
1387 875 59441081 1
1530 886 59441091 1
1659 918 59441101 1
1779 963 59441111 1
1865 1017 59441121 1
1923 1076 59441131 1
1961 1138 59441141 1
1961 1218 59441151 1
1927 1304 59441161 1
1876 1393 59441171 1
1832 1466 59441181 1
1790 1533 59441191 1
1760 1572 59441201 1
1737 1594 59441211 1
1720 1605 59441221 1
1708 1612 59441231 1
1708 1612 59441241 1
1708 1607 59441251 1
1721 1597 59441261 1
1760 1575 59441271 1
1816 1546 59441281 1
1888 1526 59441291 1
1961 1513 59441301 1
2037 1506 59441311 1
2113 1506 59441321 1
2166 1506 59441331 1
2204 1506 59441341 1
2217 1506 59441351 1
2217 1506 59441361 1
2217 1506 59441371 1
2217 1506 59441381 1
2217 1506 59441391 1
2217 1499 59441401 1
2217 1467 59441411 1
2217 1420 59441421 1
2208 1359 59441431 1
2202 1280 59441441 1
2187 1190 59441451 1
2174 1107 59441461 1
2164 1035 59441462 1
2164 971 59441472 1
2164 920 59441482 1
3219 1361 59441932 0
3238 1405 59441942 1
3222 1432 59441952 1
3210 1432 59441962 1
3204 1439 59441972 1
3197 1439 59441982 1
3189 1439 59441992 1
3183 1409 59442002 1
3178 1367 59442012 1
3186 1294 59442022 1
3199 1217 59442032 1
3219 1135 59442042 1
3242 1065 59442052 1
3279 1002 59442062 1
3324 950 59442072 1
3370 915 59442082 1
3417 892 59442092 1
3470 892 59442102 1
3526 905 59442112 1
3586 935 59442122 1
3646 974 59442132 1
3698 1025 59442142 1
3744 1085 59442152 1
3766 1161 59442162 1
3776 1232 59442172 1
3776 1301 59442182 1
3770 1334 59442192 1
3761 1349 59442202 1
3751 1349 59442212 1
3751 1349 59442222 1
3751 1349 59442232 1
3751 1334 59442242 1
3757 1287 59442252 1
3770 1220 59442262 1
3792 1149 59442272 1
3818 1085 59442282 1
3844 1025 59442292 1
3872 968 59442302 1
3905 926 59442312 1
3957 893 59442322 1
4021 874 59442332 1
5136 1132 59442563 0
5136 1132 59442573 1
5151 1197 59442583 1
5156 1219 59442593 1
5172 1219 59442603 1
5196 1239 59442613 1
5209 1258 59442623 1
5209 1279 59442633 1
5209 1313 59442643 1
5183 1346 59442653 1
5147 1379 59442663 1
5102 1399 59442673 1
5053 1404 59442683 1
5001 1399 59442693 1
4947 1380 59442703 1
4906 1342 59442713 1
4868 1291 59442723 1
4850 1209 59442733 1
4845 1127 59442743 1
4866 1059 59442753 1
4908 1001 59442763 1
4965 959 59442773 1
5038 936 59442783 1
5122 926 59442793 1
5214 937 59442803 1
5296 968 59442813 1
5362 1013 59442823 1
5418 1081 59442833 1
5455 1194 59442843 1
5480 1336 59442853 1
5498 1508 59442863 1
5508 1682 59442873 1
5518 1858 59442883 1
5518 1966 59442893 1
5518 2024 59442903 1
5511 2050 59442913 1
5503 2050 59442923 1
5496 2050 59442933 1
5491 1983 59442943 1
5491 1881 59442953 1
5499 1739 59442963 1
5515 1592 59442973 1
5529 1464 59442983 1
5541 1351 59442993 1
5550 1245 59443003 1
5566 1157 59443013 1
5587 1080 59443023 1
6430 1200 59443415 0
6467 1259 59443425 1
6467 1271 59443435 1
6467 1257 59443445 1
6467 1249 59443455 1
6467 1217 59443465 1
6467 1168 59443475 1
6481 1106 59443485 1
6496 1036 59443495 1
6512 961 59443505 1
6528 901 59443515 1
6535 857 59443525 1
6535 825 59443535 1
6541 813 59443545 1
6541 813 59443555 1
6552 818 59443565 1
6564 856 59443575 1
6584 921 59443585 1
6608 1005 59443595 1
6627 1096 59443605 1
6650 1182 59443615 1
6687 1258 59443625 1
6731 1306 59443635 1
6783 1338 59443645 1
6837 1357 59443655 1
6894 1357 59443665 1
6953 1357 59443675 1
7012 1340 59443685 1
7625 1204 59443915 0
7617 1285 59443925 1
7617 1291 59443935 1
7617 1291 59443945 1
7617 1291 59443955 1
7642 1291 59443965 1
7656 1266 59443975 1
7667 1228 59443985 1
7680 1167 59443995 1
7695 1109 59444005 1
7712 1054 59444015 1
7733 998 59444025 1
7759 952 59444035 1
7789 913 59444045 1
7826 884 59444055 1
7877 871 59444065 1
7936 871 59444075 1
7986 890 59444085 1
8037 922 59444095 1
8082 963 59444105 1
8124 1014 59444115 1
8152 1080 59444125 1
8170 1155 59444135 1
8180 1241 59444145 1
8180 1296 59444155 1
8180 1330 59444165 1
8180 1339 59444175 1
8180 1339 59444185 1
8180 1339 59444195 1
8180 1298 59444205 1
8180 1234 59444215 1
8180 1157 59444225 1
8191 1086 59444235 1
8206 1020 59444245 1
8225 956 59444255 1
8252 904 59444256 1
8289 862 59444266 1
8344 827 59444276 1
8410 806 59444286 1
8491 798 59444296 1
9097 1303 59444486 0
9144 1327 59444496 1
9153 1334 59444506 1
9153 1326 59444516 1
9153 1309 59444526 1
9160 1275 59444536 1
9160 1238 59444546 1
9166 1191 59444556 1
9166 1138 59444566 1
9173 1083 59444576 1
9173 1030 59444586 1
9166 980 59444596 1
9160 931 59444606 1
9160 897 59444616 1
9160 878 59444626 1
9160 869 59444636 1
9160 869 59444646 1
9171 880 59444656 1
9194 908 59444666 1
9227 948 59444676 1
9256 1002 59444686 1
9279 1066 59444696 1
9298 1148 59444706 1
9331 1225 59444716 1
9370 1292 59444726 1
9416 1333 59444736 1
9464 1357 59444746 1
9497 1357 59444756 1
9521 1350 59444766 1
9550 1318 59444776 1
9579 1272 59444786 1
9596 1202 59444796 1
9606 1132 59444806 1
9600 1062 59444816 1
9590 1001 59444826 1
9577 945 59444836 1
9577 899 59444846 1
9607 859 59444856 1
9657 823 59444866 1
9741 805 59444876 1
9856 799 59444886 1
