378
2302 5515 24942298 0
2302 5515 24942308 1
2302 5515 24942318 1
2302 5515 24942328 1
2302 5515 24942338 1
2285 5547 24942348 1
2277 5552 24942358 1
2267 5561 24942368 1
2257 5574 24942378 1
2242 5589 24942388 1
2223 5604 24942398 1
2196 5620 24942408 1
2159 5639 24942418 1
2114 5656 24942428 1
2059 5671 24942438 1
1999 5679 24942448 1
1935 5679 24942458 1
1862 5656 24942468 1
1789 5620 24942478 1
1705 5567 24942488 1
1613 5492 24942498 1
1514 5402 24942508 1
1416 5286 24942518 1
1322 5163 24942528 1
1230 5028 24942538 1
1158 4883 24942548 1
1098 4732 24942558 1
1058 4590 24942568 1
1040 4454 24942578 1
1040 4283 24942588 1
1063 4123 24942598 1
1112 3971 24942608 1
1177 3830 24942618 1
1264 3711 24942628 1
1375 3608 24942638 1
1501 3541 24942648 1
1639 3496 24942658 1
1767 3467 24942668 1
1886 3462 24942678 1
2001 3476 24942688 1
2128 3504 24942698 1
2249 3545 24942708 1
2355 3601 24942718 1
2453 3666 24942728 1
2538 3735 24942738 1
2609 3801 24942748 1
2670 3857 24942758 1
2708 3903 24942768 1
2723 3942 24942778 1
2723 3979 24942788 1
2698 4017 24942798 1
2655 4056 24942808 1
2600 4089 24942818 1
2542 4115 24942828 1
2480 4130 24942838 1
2415 4136 24942848 1
2345 4136 24942858 1
2273 4123 24942868 1
2199 4110 24942878 1
2136 4098 24942888 1
2077 4087 24942898 1
2040 4079 24942908 1
2017 4072 24942918 1
2011 4072 24942928 1
2011 4072 24942938 1
2011 4072 24942948 1
2019 4072 24942958 1
2052 4072 24942968 1
2110 4084 24942978 1
2185 4109 24942988 1
2275 4144 24942998 1
2367 4187 24943008 1
2464 4227 24943018 1
2562 4265 24943028 1
2660 4303 24943038 1
2741 4325 24943048 1
2811 4341 24943058 1
2863 4347 24943068 1
2902 4347 24943078 1
2933 4340 24943088 1
2950 4318 24943098 1
2964 4285 24943108 1
2975 4229 24943118 1
2983 4156 24943128 1
2983 4073 24943138 1
2983 3969 24943148 1
2983 3846 24943158 1
2983 3710 24943168 1
2989 3594 24943178 1
2989 3502 24943188 1
2989 3427 24943198 1
2996 3384 24943208 1
2996 3363 24943218 1
2996 3358 24943228 1
2996 3358 24943238 1
2996 3392 24943248 1
3939 4112 24943600 0
3939 4112 24943610 1
3926 4137 24943620 1
3920 4145 24943630 1
3920 4151 24943640 1
3920 4151 24943650 1
3915 4151 24943660 1
3915 4151 24943670 1
3909 4151 24943680 1
3904 4151 24943690 1
3904 4151 24943700 1
3896 4144 24943710 1
3896 4144 24943720 1
3886 4134 24943730 1
3879 4126 24943740 1
3870 4115 24943750 1
3864 4099 24943760 1
3858 4079 24943770 1
3858 4037 24943780 1
3858 3983 24943790 1
3858 3910 24943800 1
3872 3832 24943810 1
3890 3749 24943820 1
3914 3669 24943830 1
3945 3605 24943840 1
3978 3551 24943850 1
4012 3513 24943860 1
4051 3493 24943870 1
4093 3485 24943880 1
4137 3490 24943890 1
4181 3518 24943900 1
4225 3561 24943910 1
4265 3619 24943920 1
4302 3683 24943930 1
4336 3752 24943940 1
4362 3836 24943950 1
4382 3919 24943960 1
4395 4000 24943970 1
4404 4084 24943980 1
4410 4143 24943990 1
4416 4187 24944000 1
4416 4203 24944010 1
4416 4213 24944020 1
4416 4213 24944030 1
4411 4213 24944040 1
4411 4203 24944050 1
4411 4165 24944060 1
4411 4107 24944070 1
4420 4027 24944080 1
4438 3944 24944090 1
4462 3855 24944100 1
4484 3763 24944110 1
4506 3686 24944120 1
4528 3621 24944130 1
4547 3570 24944140 1
4565 3531 24944150 1
4576 3499 24944160 1
4587 3485 24944170 1
4600 3485 24944180 1
5684 3975 24944471 0
5679 4004 24944481 1
5669 4020 24944491 1
5659 4043 24944501 1
5648 4066 24944511 1
5635 4089 24944521 1
5619 4113 24944531 1
5604 4138 24944541 1
5584 4166 24944551 1
5560 4195 24944561 1
5533 4224 24944571 1
5503 4243 24944581 1
5472 4258 24944591 1
5444 4258 24944601 1
5415 4245 24944611 1
5387 4215 24944621 1
5357 4159 24944631 1
5325 4087 24944641 1
5300 3990 24944651 1
5280 3882 24944661 1
5280 3766 24944671 1
5292 3664 24944681 1
5316 3602 24944691 1
5341 3567 24944701 1
5371 3562 24944711 1
5405 3585 24944721 1
5442 3628 24944731 1
5483 3706 24944741 1
5523 3810 24944751 1
5561 3932 24944761 1
5600 4067 24944771 1
5633 4219 24944781 1
5663 4382 24944791 1
5693 4539 24944801 1
5716 4671 24944811 1
5733 4786 24944821 1
5733 4890 24944831 1
5727 4964 24944841 1
5715 5017 24944851 1
5693 5053 24944861 1
5670 5083 24944871 1
5645 5095 24944881 1
5628 5095 24944891 1
5613 5080 24944901 1
5604 5031 24944911 1
5604 4959 24944921 1
5604 4854 24944931 1
5615 4730 24944941 1
5635 4594 24944951 1
5662 4450 24944961 1
5692 4290 24944971 1
5724 4119 24944981 1
5759 3981 24944991 1
5799 3858 24945001 1
5841 3745 24945011 1
5874 3657 24945021 1
5901 3595 24945031 1
5932 3550 24945041 1
5963 3511 24945051 1
5994 3481 24945061 1
6020 3457 24945071 1
6042 3449 24945081 1
6071 3460 24945091 1
6104 3484 24945101 1
6581 4147 24945202 0
6636 4203 24945212 1
6636 4230 24945222 1
6636 4256 24945232 1
6636 4278 24945242 1
6636 4289 24945252 1
6636 4294 24945262 1
6636 4294 24945272 1
6636 4294 24945282 1
6636 4294 24945292 1
6636 4294 24945302 1
6636 4294 24945312 1
6636 4294 24945322 1
6636 4294 24945332 1
6643 4305 24945342 1
6643 4319 24945352 1
6643 4334 24945362 1
6643 4346 24945372 1
6643 4346 24945382 1
6643 4351 24945392 1
6643 4351 24945402 1
6643 4351 24945412 1
6643 4351 24945422 1
6643 4351 24945432 1
6643 4351 24945442 1
6643 4346 24945452 1
6643 4346 24945462 1
6643 4346 24945472 1
6634 4341 24945482 1
6634 4336 24945492 1
6627 4329 24945502 1
6627 4318 24945512 1
6621 4302 24945522 1
6621 4264 24945532 1
6621 4214 24945532 1
6621 4137 24945542 1
6621 4057 24945552 1
6634 3971 24945562 1
6648 3881 24945572 1
6666 3787 24945582 1
6686 3693 24945592 1
6704 3624 24945602 1
6721 3571 24945612 1
6733 3542 24945622 1
6743 3530 24945632 1
6743 3530 24945642 1
6750 3540 24945652 1
6755 3582 24945662 1
6762 3645 24945672 1
6762 3735 24945682 1
6762 3852 24945692 1
6769 3988 24945702 1
6792 4100 24945712 1
6827 4173 24945722 1
6859 4219 24945732 1
6893 4256 24945742 1
6932 4279 24945752 1
6973 4293 24945762 1
7020 4288 24945772 1
7067 4283 24945782 1
7112 4276 24945792 1
7154 4276 24945802 1
7193 4276 24945812 1
7229 4285 24945822 1
7261 4293 24945832 1
8098 4195 24946073 0
8062 4195 24946083 1
8052 4195 24946093 1
8040 4195 24946103 1
8032 4195 24946113 1
8023 4186 24946123 1
8014 4170 24946133 1
8004 4145 24946143 1
7994 4113 24946153 1
7987 4077 24946163 1
7987 4026 24946173 1
7987 3965 24946183 1
7987 3889 24946193 1
7993 3810 24946203 1
8002 3725 24946213 1
8012 3661 24946223 1
8029 3611 24946233 1
8048 3581 24946243 1
8073 3565 24946253 1
8099 3559 24946263 1
8126 3565 24946273 1
8156 3589 24946283 1
8188 3625 24946293 1
8221 3677 24946303 1
8254 3741 24946313 1
8287 3812 24946323 1
8312 3893 24946333 1
8333 3973 24946343 1
8346 4053 24946353 1
8356 4116 24946363 1
8364 4168 24946373 1
8364 4197 24946383 1
8356 4211 24946393 1
8351 4216 24946403 1
8342 4216 24946414 1
8342 4216 24946424 1
8324 4175 24946434 1
8317 4126 24946444 1
8317 4066 24946454 1
8327 3999 24946464 1
8345 3929 24946474 1
8366 3858 24946484 1
8386 3781 24946494 1
8405 3703 24946504 1
8428 3638 24946514 1
8443 3582 24946524 1
8453 3551 24946534 1
8474 3532 24946544 1
8494 3522 24946554 1
8514 3531 24946564 1
9228 4075 24946814 0
9216 4107 24946824 1
9210 4116 24946834 1
9210 4125 24946844 1
9210 4133 24946854 1
9210 4133 24946864 1
9210 4133 24946874 1
9210 4120 24946884 1
9210 4081 24946894 1
9210 4025 24946904 1
9203 3954 24946914 1
9203 3878 24946924 1
9203 3794 24946934 1
9203 3704 24946944 1
9203 3636 24946954 1
9203 3581 24946964 1
9211 3545 24946974 1
9211 3525 24946984 1
9218 3517 24946994 1
9218 3517 24947004 1
9225 3534 24947014 1
9233 3562 24947024 1
9244 3614 24947034 1
9255 3681 24947044 1
9268 3758 24947054 1
9288 3851 24947064 1
9316 3924 24947074 1
9349 3985 24947084 1
9383 4030 24947095 1
9420 4058 24947105 1
9456 4075 24947115 1
9491 4075 24947125 1
9523 4056 24947135 1
9551 4021 24947145 1
9576 3966 24947155 1
9595 3890 24947165 1
9609 3800 24947175 1
9623 3705 24947185 1
9633 3620 24947195 1
9639 3554 24947205 1
9647 3499 24947215 1
9647 3470 24947225 1
9647 3463 24947235 1
9647 3471 24947245 1
