258
1823 3480 37941573 0
1921 3518 37941583 1
1931 3538 37941593 1
1936 3538 37941603 1
1936 3544 37941613 1
1936 3551 37941623 1
1928 3560 37941633 1
1915 3569 37941643 1
1902 3582 37941653 1
1886 3597 37941663 1
1869 3614 37941673 1
1849 3628 37941683 1
1817 3637 37941693 1
1778 3629 37941703 1
1719 3608 37941713 1
1643 3569 37941723 1
1556 3524 37941733 1
1473 3466 37941743 1
1389 3387 37941753 1
1305 3295 37941763 1
1225 3184 37941773 1
1151 3069 37941783 1
1086 2931 37941793 1
1041 2779 37941803 1
1009 2610 37941813 1
1009 2458 37941823 1
1045 2317 37941833 1
1106 2179 37941843 1
1207 2065 37941853 1
1312 1967 37941863 1
1451 1901 37941873 1
1611 1864 37941883 1
1773 1847 37941893 1
1922 1847 37941903 1
2063 1868 37941913 1
2190 1903 37941923 1
2283 1949 37941933 1
2354 2006 37941943 1
2400 2071 37941953 1
2415 2143 37941963 1
2409 2226 37941973 1
2373 2317 37941983 1
2328 2403 37941993 1
2276 2470 37942003 1
2233 2525 37942013 1
2194 2560 37942023 1
2175 2580 37942033 1
2167 2590 37942043 1
2167 2590 37942053 1
2167 2590 37942063 1
2196 2578 37942073 1
2245 2553 37942083 1
2325 2519 37942093 1
2409 2483 37942103 1
2499 2459 37942113 1
2592 2443 37942123 1
2688 2443 37942133 1
2760 2456 37942143 1
2816 2472 37942153 1
2847 2485 37942163 1
2862 2494 37942173 1
2862 2494 37942183 1
2862 2494 37942193 1
2853 2481 37942203 1
2837 2466 37942213 1
2812 2428 37942223 1
2791 2384 37942233 1
2779 2318 37942243 1
2774 2240 37942253 1
2774 2167 37942263 1
2781 2101 37942273 1
2797 2040 37942283 1
2819 1991 37942293 1
3959 2508 37942715 0
3959 2508 37942725 1
3925 2522 37942735 1
3917 2494 37942745 1
3917 2450 37942755 1
3912 2388 37942765 1
3919 2313 37942775 1
3933 2227 37942785 1
3953 2139 37942795 1
3978 2052 37942805 1
4007 1984 37942815 1
4044 1927 37942825 1
4088 1889 37942835 1
4145 1877 37942845 1
4211 1882 37942855 1
4279 1913 37942865 1
4338 1956 37942875 1
4392 2008 37942885 1
4443 2071 37942895 1
4485 2144 37942905 1
4521 2225 37942915 1
4541 2299 37942925 1
4552 2353 37942935 1
4558 2394 37942945 1
4558 2410 37942955 1
4553 2410 37942965 1
4553 2410 37942975 1
4548 2402 37942985 1
4548 2362 37942995 1
4539 2302 37943005 1
4553 2226 37943015 1
4572 2150 37943025 1
4599 2077 37943035 1
4642 2013 37943045 1
4695 1955 37943055 1
4766 1912 37943065 1
4840 1882 37943075 1
6226 2200 37943406 0
6316 2319 37943416 1
6327 2319 37943426 1
6336 2325 37943436 1
6336 2333 37943446 1
6328 2346 37943456 1
6309 2364 37943466 1
6280 2380 37943476 1
6243 2400 37943486 1
6202 2422 37943496 1
6160 2444 37943506 1
6116 2462 37943516 1
6069 2472 37943526 1
6024 2472 37943536 1
5981 2464 37943546 1
5941 2436 37943556 1
5903 2397 37943566 1
5871 2335 37943576 1
5848 2257 37943586 1
5837 2168 37943596 1
5844 2092 37943606 1
5863 2038 37943616 1
5904 1998 37943626 1
5951 1973 37943636 1
6007 1973 37943646 1
6067 1989 37943656 1
6127 2026 37943666 1
6177 2074 37943676 1
6221 2130 37943686 1
6251 2205 37943696 1
6271 2301 37943706 1
6283 2410 37943716 1
6295 2536 37943726 1
6308 2690 37943736 1
6323 2864 37943746 1
6331 3014 37943756 1
6331 3089 37943766 1
6331 3114 37943776 1
6331 3114 37943786 1
6331 3079 37943796 1
6326 3022 37943806 1
6326 2882 37943816 1
6331 2731 37943826 1
6355 2572 37943836 1
6390 2433 37943846 1
6431 2302 37943856 1
6487 2177 37943866 1
6552 2080 37943876 1
7519 2400 37944277 0
7563 2461 37944287 1
7568 2489 37944297 1
7561 2496 37944307 1
7561 2496 37944317 1
7561 2496 37944327 1
7561 2483 37944337 1
7561 2438 37944347 1
7567 2373 37944357 1
7575 2279 37944367 1
7588 2185 37944377 1
7602 2115 37944387 1
7614 2061 37944397 1
7624 2033 37944407 1
7630 2023 37944417 1
7630 2023 37944427 1
7637 2046 37944437 1
7658 2103 37944447 1
7683 2185 37944457 1
7709 2269 37944467 1
7734 2354 37944477 1
7760 2439 37944487 1
7797 2490 37944497 1
7841 2518 37944507 1
7890 2531 37944517 1
7941 2531 37944527 1
8010 2512 37944537 1
9089 2465 37944838 0
9088 2546 37944848 1
9063 2546 37944858 1
9063 2546 37944868 1
9070 2541 37944878 1
9076 2511 37944888 1
9076 2467 37944898 1
9082 2399 37944908 1
9096 2316 37944918 1
9114 2223 37944928 1
9138 2135 37944938 1
9165 2062 37944948 1
9200 2000 37944958 1
9243 1958 37944968 1
9301 1935 37944978 1
9369 1924 37944988 1
9441 1937 37944998 1
9501 1966 37945008 1
9552 2005 37945018 1
9596 2055 37945028 1
9623 2118 37945038 1
9638 2191 37945048 1
9638 2280 37945058 1
9638 2370 37945068 1
9638 2460 37945078 1
9638 2505 37945088 1
9643 2521 37945098 1
9643 2521 37945108 1
9643 2496 37945118 1
9652 2438 37945128 1
9658 2356 37945138 1
9678 2264 37945148 1
9706 2179 37945158 1
9757 2098 37945168 1
9809 2029 37945178 1
9908 1984 37945188 1
10773 2545 37945489 0
10823 2560 37945499 1
10807 2560 37945509 1
10807 2567 37945519 1
10807 2567 37945529 1
10816 2539 37945539 1
10825 2503 37945549 1
10834 2439 37945569 1
10843 2358 37945579 1
10843 2265 37945589 1
10843 2175 37945599 1
10843 2108 37945609 1
10838 2057 37945619 1
10831 2025 37945629 1
10824 2015 37945639 1
10824 2021 37945649 1
10834 2035 37945659 1
10862 2076 37945669 1
10904 2136 37945679 1
10956 2201 37945689 1
11005 2274 37945699 1
11049 2352 37945709 1
11089 2399 37945719 1
11119 2421 37945729 1
11142 2426 37945739 1
11159 2415 37945749 1
11173 2382 37945759 1
11173 2335 37945769 1
11173 2263 37945779 1
11173 2190 37945789 1
11167 2117 37945799 1
11173 2056 37945809 1
11188 2001 37945819 1
11209 1959 37945829 1
11258 1932 37945839 1
11326 1916 37945849 1
11443 1916 37945859 1
