257
2554 6085 85521363 0
2568 6153 85521373 1
2563 6176 85521383 1
2553 6195 85521393 1
2538 6214 85521403 1
2515 6238 85521413 1
2487 6265 85521423 1
2449 6295 85521433 1
2399 6325 85521443 1
2342 6355 85521453 1
2266 6367 85521463 1
2164 6367 85521473 1
2045 6335 85521483 1
1914 6261 85521493 1
1786 6158 85521503 1
1678 6050 85521513 1
1583 5942 85521523 1
1507 5831 85521533 1
1436 5717 85521543 1
1392 5608 85521553 1
1364 5480 85521563 1
1364 5340 85521573 1
1388 5185 85521583 1
1426 5034 85521593 1
1500 4887 85521603 1
1578 4725 85521613 1
1679 4584 85521623 1
1793 4479 85521633 1
1918 4391 85521643 1
2066 4364 85521653 1
2228 4396 85521663 1
2374 4467 85521673 1
2510 4573 85521683 1
2638 4679 85521693 1
2734 4799 85521703 1
2803 4928 85521713 1
2854 5050 85521723 1
2885 5163 85521733 1
2891 5270 85521743 1
2879 5388 85521753 1
2847 5464 85521763 1
2811 5511 85521773 1
2771 5535 85521783 1
2731 5542 85521793 1
2682 5542 85521803 1
2626 5511 85521813 1
2582 5480 85521823 1
2568 5467 85521833 1
2573 5467 85521843 1
2573 5467 85521853 1
2579 5467 85521863 1
2579 5467 85521873 1
2600 5462 85521883 1
2639 5439 85521893 1
2693 5408 85521903 1
2765 5385 85521913 1
2838 5372 85521923 1
2917 5366 85521933 1
2999 5366 85521943 1
3092 5371 85521953 1
3173 5384 85521963 1
3246 5406 85521973 1
3287 5427 85521983 1
3304 5434 85521993 1
3304 5434 85522003 1
3304 5429 85522013 1
3297 5429 85522023 1
3287 5369 85522033 1
3277 5275 85522043 1
3267 5163 85522053 1
3260 5051 85522063 1
3254 4910 85522073 1
3254 4751 85522083 1
3254 4661 85522093 1
3262 4577 85522103 1
3283 4497 85522113 1
4191 5256 85522394 0
4129 5297 85522404 1
4107 5323 85522414 1
4090 5323 85522424 1
4090 5313 85522434 1
4090 5313 85522444 1
4095 5313 85522454 1
4095 5247 85522464 1
4115 5145 85522474 1
4139 5018 85522484 1
4166 4877 85522494 1
4198 4728 85522504 1
4232 4631 85522514 1
4287 4572 85522524 1
4347 4539 85522534 1
4423 4546 85522544 1
4508 4597 85522554 1
4605 4678 85522564 1
4694 4789 85522574 1
4778 4914 85522584 1
4832 5049 85522594 1
4865 5155 85522604 1
4884 5222 85522614 1
4884 5263 85522624 1
4874 5288 85522634 1
4865 5293 85522644 1
4865 5285 85522654 1
4865 5285 85522664 1
4859 5241 85522674 1
4859 5169 85522684 1
4864 5058 85522694 1
4877 4961 85522704 1
4907 4873 85522714 1
4948 4764 85522724 1
4992 4694 85522734 1
5055 4651 85522744 1
6307 5189 85522945 0
6232 5229 85522955 1
6178 5265 85522965 1
6134 5299 85522975 1
6091 5327 85522985 1
6052 5348 85522995 1
6021 5343 85523005 1
5997 5323 85523015 1
5972 5272 85523025 1
5957 5188 85523035 1
5951 5082 85523045 1
5951 4982 85523055 1
5976 4914 85523065 1
6008 4867 85523075 1
6056 4845 85523085 1
6107 4872 85523095 1
6161 4932 85523105 1
6233 5047 85523115 1
6305 5194 85523125 1
6371 5363 85523135 1
6420 5547 85523145 1
6459 5726 85523155 1
6488 5910 85523165 1
6494 6098 85523175 1
6484 6207 85523185 1
6476 6244 85523195 1
6470 6232 85523205 1
6465 6207 85523215 1
6448 6115 85523225 1
6424 5979 85523235 1
6415 5808 85523245 1
6420 5661 85523255 1
6434 5531 85523265 1
6442 5344 85523275 1
6453 5176 85523285 1
6466 5020 85523295 1
6499 4896 85523305 1
6537 4796 85523315 1
7247 5449 85523626 0
7205 5504 85523636 1
7197 5524 85523646 1
7197 5524 85523656 1
7197 5516 85523666 1
7208 5483 85523676 1
7222 5416 85523686 1
7236 5326 85523696 1
7245 5226 85523706 1
7251 5140 85523716 1
7258 5063 85523726 1
7265 5012 85523736 1
7265 4988 85523746 1
7265 4983 85523756 1
7274 4988 85523766 1
7274 4988 85523776 1
7280 5012 85523786 1
7280 5048 85523796 1
7308 5106 85523806 1
7336 5162 85523816 1
7369 5218 85523826 1
7406 5272 85523836 1
7464 5331 85523846 1
7535 5392 85523856 1
7595 5423 85523866 1
7656 5448 85523876 1
7710 5453 85523886 1
7759 5446 85523896 1
7810 5431 85523906 1
7861 5413 85523916 1
7912 5393 85523926 1
7957 5374 85523936 1
8000 5357 85523946 1
8050 5349 85523956 1
8102 5349 85523966 1
8156 5344 85523976 1
8211 5344 85523986 1
8261 5337 85523996 1
8567 5342 85524307 0
8475 5351 85524317 1
8475 5351 85524327 1
8475 5359 85524337 1
8475 5359 85524347 1
8488 5327 85524357 1
8508 5280 85524367 1
8529 5194 85524377 1
8550 5107 85524387 1
8571 5030 85524397 1
8599 4960 85524407 1
8636 4911 85524417 1
8682 4890 85524427 1
8733 4890 85524437 1
8799 4930 85524447 1
8876 5003 85524457 1
8960 5097 85524467 1
9017 5188 85524477 1
9055 5274 85524487 1
9081 5350 85524497 1
9090 5390 85524507 1
9090 5408 85524517 1
9090 5408 85524527 1
9090 5401 85524537 1
9079 5401 85524547 1
9069 5339 85524557 1
9057 5254 85524567 1
9044 5152 85524577 1
9056 5085 85524587 1
9084 5018 85524597 1
9118 4962 85524607 1
9156 4914 85524617 1
9949 5361 85524788 0
9909 5376 85524798 1
9889 5390 85524808 1
9884 5385 85524818 1
9884 5385 85524828 1
9893 5385 85524838 1
9913 5375 85524848 1
9944 5340 85524858 1
9974 5286 85524868 1
9992 5214 85524878 1
10002 5133 85524888 1
10008 5045 85524898 1
10016 4963 85524908 1
10030 4909 85524918 1
10048 4873 85524928 1
10074 4873 85524938 1
10108 4899 85524948 1
10147 4952 85524958 1
10201 5033 85524968 1
10254 5126 85524978 1
10306 5227 85524988 1
10350 5323 85524998 1
10390 5386 85525008 1
10409 5426 85525018 1
10409 5426 85525028 1
10409 5426 85525038 1
10409 5400 85525048 1
10409 5362 85525058 1
10409 5290 85525068 1
10419 5215 85525078 1
10430 5134 85525088 1
10449 5048 85525098 1
10472 4961 85525108 1
10510 4886 85525118 1
10558 4818 85525128 1
10618 4773 85525138 1
10683 4752 85525148 1
