488
1663 4521 64236597 0
1645 4552 64236607 1
1626 4572 64236617 1
1618 4588 64236627 1
1618 4598 64236637 1
1613 4598 64236647 1
1613 4598 64236657 1
1613 4598 64236667 1
1608 4590 64236677 1
1608 4549 64236687 1
1602 4488 64236697 1
1607 4391 64236707 1
1617 4274 64236717 1
1638 4145 64236727 1
1667 4023 64236737 1
1700 3916 64236747 1
1734 3819 64236757 1
1769 3750 64236767 1
1799 3711 64236777 1
1829 3693 64236787 1
1860 3693 64236797 1
1896 3721 64236807 1
1936 3769 64236817 1
1980 3846 64236827 1
2017 3930 64236837 1
2051 4018 64236847 1
2073 4102 64236857 1
2084 4181 64236867 1
2084 4227 64236877 1
2091 4253 64236887 1
2091 4253 64236897 1
2100 4253 64236907 1
2110 4213 64236917 1
2132 4154 64236927 1
2156 4064 64236937 1
2183 3971 64236947 1
2214 3870 64236957 1
2248 3763 64236967 1
2290 3680 64236977 1
2341 3612 64236987 1
2402 3564 64236997 1
2472 3543 64237007 1
2550 3543 64237017 1
2635 3568 64237027 1
2724 3626 64237037 1
2811 3705 64237047 1
2890 3825 64237057 1
2966 3957 64237067 1
3039 4098 64237077 1
3085 4228 64237087 1
3114 4354 64237097 1
3114 4458 64237107 1
3100 4550 64237117 1
3072 4614 64237127 1
3035 4663 64237137 1
2992 4702 64237147 1
2945 4730 64237157 1
2899 4755 64237167 1
2856 4776 64237177 1
2815 4794 64237187 1
2788 4808 64237197 1
2771 4817 64237207 1
2764 4822 64237217 1
2764 4822 64237227 1
2764 4822 64237237 1
2771 4822 64237247 1
4061 3951 64237538 0
4086 4010 64237548 1
4093 4046 64237558 1
4099 4092 64237568 1
4112 4144 64237578 1
4112 4197 64237588 1
4096 4250 64237598 1
4070 4302 64237608 1
4036 4350 64237618 1
3997 4382 64237628 1
3951 4404 64237638 1
3908 4409 64237648 1
3869 4391 64237658 1
3834 4359 64237668 1
3803 4302 64237678 1
3775 4223 64237688 1
3753 4130 64237698 1
3737 4034 64237708 1
3737 3945 64237718 1
3746 3861 64237728 1
3765 3796 64237738 1
3786 3752 64237748 1
3810 3723 64237758 1
3834 3717 64237768 1
3860 3731 64237778 1
3889 3758 64237788 1
3919 3810 64237798 1
3945 3871 64237808 1
3969 3937 64237818 1
3990 4000 64237828 1
4001 4061 64237838 1
4001 4094 64237848 1
4006 4110 64237858 1
4006 4110 64237868 1
4006 4110 64237878 1
4006 4078 64237888 1
4018 4030 64237898 1
4031 3958 64237908 1
4051 3886 64237918 1
4078 3823 64237928 1
4113 3767 64237938 1
4163 3730 64237948 1
4222 3710 64237958 1
4278 3701 64237968 1
4330 3707 64237978 1
4380 3732 64237988 1
4427 3769 64237998 1
4462 3805 64238008 1
4488 3839 64238018 1
4664 4207 64238199 0
4713 4233 64238209 1
4720 4251 64238219 1
4715 4272 64238229 1
4735 4272 64238239 1
4750 4272 64238249 1
4761 4240 64238259 1
4771 4187 64238269 1
4780 4112 64238279 1
4788 4024 64238289 1
4788 3927 64238299 1
4797 3830 64238309 1
4804 3737 64238319 1
4813 3680 64238329 1
4823 3646 64238339 1
4829 3633 64238349 1
4829 3633 64238359 1
4834 3633 64238369 1
4842 3666 64238379 1
4859 3737 64238389 1
4880 3833 64238399 1
4901 3937 64238409 1
4922 4040 64238419 1
4944 4123 64238429 1
4968 4193 64238439 1
4993 4239 64238449 1
5019 4266 64238459 1
5045 4281 64238469 1
5072 4273 64238479 1
5099 4245 64238489 1
5126 4205 64238499 1
5152 4144 64238509 1
5181 4079 64238519 1
5211 4007 64238529 1
5243 3931 64238539 1
5275 3853 64238549 1
5307 3782 64238559 1
5338 3715 64238569 1
5372 3676 64238579 1
5406 3652 64238589 1
5440 3637 64238599 1
5488 3646 64238609 1
5544 3675 64238619 1
5606 3717 64238629 1
5671 3792 64238639 1
5738 3879 64238649 1
5805 3973 64238659 1
5853 4063 64238669 1
5888 4153 64238679 1
5904 4242 64238689 1
5904 4308 64238699 1
5892 4344 64238709 1
5878 4360 64238719 1
5849 4360 64238729 1
5810 4330 64238739 1
5769 4285 64238749 1
5729 4223 64238759 1
5704 4156 64238769 1
5688 4079 64238779 1
5688 3998 64238789 1
5695 3918 64238799 1
5719 3856 64238809 1
5753 3806 64238819 1
5803 3777 64238829 1
5858 3772 64238839 1
5919 3782 64238849 1
5986 3819 64238859 1
6054 3876 64238869 1
6125 3947 64238879 1
6184 4029 64238889 1
6234 4108 64238899 1
6261 4183 64238909 1
6269 4238 64238919 1
6264 4281 64238929 1
6249 4303 64238939 1
6234 4309 64238949 1
6220 4304 64238959 1
6206 4292 64238969 1
6192 4258 64238979 1
6179 4210 64238989 1
6171 4137 64238999 1
6171 4041 64239009 1
6171 3931 64239019 1
6187 3787 64239029 1
6204 3630 64239039 1
6232 3464 64239049 1
6269 3273 64239059 1
6303 3077 64239069 1
6336 2899 64239079 1
6369 2735 64239089 1
6388 2594 64239099 1
6398 2491 64239109 1
6398 2413 64239119 1
6398 2349 64239129 1
6393 2304 64239139 1
6383 2272 64239149 1
6349 2259 64239159 1
6300 2265 64239169 1
6224 2283 64239179 1
6139 2307 64239189 1
6048 2342 64239199 1
5970 2385 64239209 1
5910 2433 64239219 1
5861 2482 64239229 1
5832 2533 64239239 1
5806 2583 64239249 1
5786 2632 64239259 1
5769 2676 64239269 1
5755 2726 64239279 1
5745 2780 64239289 1
5740 2832 64239299 1
5740 2882 64239309 1
5747 2924 64239319 1
5756 2957 64239329 1
5761 2981 64239339 1
5761 2996 64239349 1
5761 3005 64239359 1
5761 3005 64239369 1
5761 3011 64239379 1
5761 3011 64239389 1
5761 3011 64239399 1
5761 3011 64239409 1
5761 3011 64239419 1
7733 4060 64240142 0
7758 4173 64240152 1
7753 4220 64240162 1
7748 4282 64240172 1
7748 4346 64240182 1
7735 4411 64240192 1
7712 4460 64240202 1
7680 4505 64240212 1
7644 4540 64240222 1
7606 4568 64240232 1
7529 4573 64240242 1
7453 4565 64240252 1
7376 4531 64240262 1
7291 4465 64240272 1
7203 4377 64240282 1
7136 4254 64240292 1
7092 4126 64240302 1
7064 3985 64240312 1
7064 3826 64240322 1
7096 3656 64240332 1
7141 3525 64240342 1
7209 3419 64240352 1
7287 3331 64240362 1
7371 3276 64240372 1
7455 3260 64240382 1
7544 3270 64240392 1
7641 3320 64240402 1
7736 3394 64240412 1
7820 3484 64240422 1
7897 3569 64240432 1
7944 3650 64240442 1
7970 3692 64240452 1
7982 3710 64240462 1
7982 3710 64240472 1
7982 3710 64240482 1
7982 3710 64240492 1
7982 3701 64240502 1
7982 3689 64240512 1
7982 3676 64240522 1
7982 3665 64240532 1
7721 3817 64240693 0
7681 3830 64240703 1
7668 3852 64240713 1
7649 3862 64240723 1
7649 3868 64240733 1
7658 3868 64240743 1
7674 3884 64240753 1
7720 3898 64240763 1
7785 3913 64240773 1
7861 3921 64240783 1
7931 3921 64240793 1
7998 3921 64240803 1
8053 3906 64240813 1
8102 3887 64240823 1
8146 3863 64240833 1
8181 3832 64240843 1
8208 3790 64240853 1
8230 3733 64240863 1
8238 3668 64240873 1
8233 3589 64240883 1
8218 3505 64240893 1
8204 3410 64240903 1
8187 3309 64240913 1
8169 3202 64240923 1
8161 3118 64240933 1
8155 3048 64240943 1
8155 2994 64240953 1
8155 2961 64240963 1
8155 2942 64240973 1
8155 2942 64240983 1
8155 2951 64240993 1
8160 2968 64241003 1
8169 3012 64241013 1
8845 3644 64241283 0
8891 3624 64241293 1
8900 3650 64241303 1
8900 3665 64241313 1
8916 3684 64241323 1
8921 3706 64241333 1
8921 3732 64241343 1
8912 3767 64241353 1
8900 3807 64241363 1
8884 3844 64241373 1
8858 3881 64241383 1
8826 3914 64241393 1
8790 3938 64241403 1
8752 3954 64241413 1
8716 3954 64241423 1
8681 3939 64241433 1
8645 3905 64241443 1
8609 3842 64241453 1
8577 3761 64241463 1
8546 3676 64241473 1
8521 3588 64241483 1
8502 3492 64241493 1
8502 3402 64241503 1
8511 3317 64241513 1
8535 3258 64241523 1
8561 3221 64241533 1
8591 3200 64241543 1
8623 3200 64241553 1
8658 3230 64241563 1
8705 3277 64241573 1
8760 3352 64241583 1
8811 3432 64241593 1
8852 3515 64241603 1
8886 3592 64241613 1
8906 3642 64241623 1
8914 3674 64241633 1
8914 3674 64241643 1
8914 3674 64241653 1
8914 3674 64241663 1
8914 3644 64241673 1
8907 3597 64241683 1
8902 3537 64241693 1
8910 3477 64241703 1
8923 3415 64241713 1
8946 3366 64241723 1
8975 3325 64241733 1
9009 3297 64241743 1
9043 3289 64241753 1
9077 3294 64241763 1
9120 3325 64241773 1
9169 3377 64241783 1
9212 3442 64241793 1
9248 3510 64241803 1
9280 3578 64241813 1
9307 3642 64241823 1
9327 3699 64241833 1
9343 3733 64241843 1
9357 3752 64241853 1
9365 3752 64241864 1
9365 3752 64241874 1
9365 3752 64241884 1
9386 3690 64241894 1
9392 3637 64241904 1
9392 3580 64241914 1
9397 3519 64241924 1
9397 3456 64241934 1
9402 3403 64241944 1
9402 3356 64241954 1
9410 3319 64241964 1
9415 3300 64241974 1
9421 3293 64241984 1
9429 3299 64241994 1
9442 3332 64242004 1
9472 3383 64242014 1
9510 3438 64242024 1
9540 3499 64242034 1
9571 3564 64242044 1
9598 3614 64242054 1
9622 3643 64242064 1
9639 3659 64242074 1
9653 3664 64242084 1
9665 3664 64242094 1
9678 3655 64242104 1
9690 3626 64242114 1
9698 3585 64242124 1
9698 3528 64242134 1
9707 3474 64242144 1
9712 3422 64242154 1
9718 3379 64242164 1
9726 3341 64242174 1
9740 3306 64242184 1
9759 3281 64242194 1
9785 3270 64242204 1
9820 3270 64242214 1
9867 3281 64242224 1
9923 3311 64242234 1
9985 3352 64242244 1
10051 3406 64242254 1
10116 3466 64242264 1
10180 3530 64242274 1
10236 3594 64242284 1
10277 3668 64242294 1
10308 3750 64242304 1
10315 3832 64242314 1
10299 3884 64242324 1
10267 3915 64242334 1
10248 3921 64242344 1
10229 3921 64242354 1
10212 3921 64242364 1
10190 3905 64242374 1
10166 3882 64242384 1
10141 3850 64242394 1
10116 3798 64242404 1
10092 3734 64242414 1
10077 3678 64242424 1
10077 3621 64242434 1
10086 3571 64242444 1
10107 3525 64242454 1
10131 3492 64242464 1
10162 3469 64242474 1
10198 3454 64242484 1
10238 3454 64242494 1
10280 3467 64242504 1
10324 3491 64242514 1
10368 3529 64242524 1
10402 3571 64242534 1
10430 3615 64242544 1
10445 3659 64242554 1
10445 3700 64242564 1
10445 3735 64242574 1
10440 3761 64242584 1
10440 3774 64242594 1
10440 3774 64242604 1
10440 3774 64242614 1
10440 3769 64242624 1
10435 3757 64242634 1
10430 3732 64242644 1
10422 3698 64242654 1
10416 3654 64242664 1
10410 3602 64242674 1
10410 3542 64242684 1
10410 3476 64242694 1
10410 3402 64242704 1
10405 3320 64242714 1
10405 3226 64242724 1
10405 3124 64242734 1
10410 3021 64242744 1
10410 2898 64242754 1
10410 2762 64242764 1
10404 2623 64242774 1
10404 2517 64242784 1
10392 2433 64242794 1
10380 2363 64242804 1
10372 2299 64242814 1
10356 2238 64242824 1
10334 2187 64242834 1
10300 2151 64242844 1
10259 2124 64242854 1
10214 2114 64242864 1
10168 2114 64242874 1
10112 2127 64242884 1
10050 2154 64242894 1
9971 2200 64242904 1
9888 2258 64242914 1
9801 2321 64242924 1
9757 2369 64242934 1
9736 2408 64242944 1
9730 2465 64242954 1
9737 2522 64242964 1
9758 2589 64242974 1
9787 2662 64242984 1
9814 2757 64242994 1
9837 2850 64243004 1
9856 2936 64243014 1
9870 2993 64243024 1
9880 3032 64243034 1
9888 3055 64243044 1
