414
1943 5793 35088107 0
1950 5856 35088117 1
1927 5878 35088127 1
1921 5890 35088137 1
1916 5890 35088147 1
1908 5890 35088157 1
1899 5856 35088167 1
1904 5792 35088177 1
1904 5686 35088187 1
1911 5551 35088197 1
1911 5398 35088207 1
1917 5225 35088217 1
1917 5063 35088227 1
1941 4908 35088237 1
1976 4790 35088247 1
2022 4735 35088257 1
2083 4721 35088267 1
2144 4742 35088277 1
2205 4811 35088287 1
2262 4912 35088297 1
2316 5012 35088307 1
2357 5110 35088317 1
2387 5202 35088327 1
2410 5284 35088337 1
2422 5337 35088347 1
2422 5371 35088357 1
2414 5376 35088367 1
2405 5356 35088377 1
2393 5320 35088387 1
2378 5242 35088397 1
2378 5142 35088407 1
2396 5027 35088417 1
2425 4910 35088427 1
2470 4792 35088437 1
2533 4713 35088447 1
2608 4661 35088457 1
2706 4651 35088467 1
2797 4675 35088477 1
2883 4721 35088487 1
2976 4808 35088497 1
3065 4911 35088507 1
3137 5026 35088517 1
3200 5135 35088527 1
3234 5231 35088537 1
3245 5319 35088547 1
3240 5412 35088557 1
3204 5508 35088567 1
3138 5607 35088577 1
3051 5700 35088587 1
2965 5788 35088597 1
2901 5865 35088607 1
2852 5894 35088617 1
2819 5894 35088627 1
2788 5865 35088637 1
2766 5824 35088647 1
3697 5006 35088788 0
3786 4956 35088798 1
3797 4975 35088808 1
3808 5017 35088818 1
3818 5067 35088828 1
3812 5118 35088838 1
3797 5170 35088848 1
3778 5222 35088858 1
3748 5275 35088868 1
3710 5330 35088878 1
3668 5377 35088888 1
3631 5395 35088898 1
3595 5395 35088908 1
3558 5368 35088918 1
3519 5318 35088928 1
3482 5252 35088938 1
3448 5177 35088948 1
3418 5097 35088958 1
3402 5005 35088968 1
3394 4910 35088978 1
3403 4832 35088988 1
3418 4764 35088998 1
3451 4734 35089008 1
3495 4726 35089018 1
3552 4734 35089028 1
3611 4774 35089038 1
3671 4839 35089048 1
3731 4921 35089058 1
3773 4984 35089068 1
3804 5042 35089078 1
3821 5090 35089088 1
3826 5126 35089098 1
3826 5146 35089108 1
3810 5155 35089118 1
3791 5145 35089128 1
3766 5115 35089138 1
3742 5071 35089148 1
3721 5016 35089158 1
3710 4958 35089168 1
3717 4894 35089178 1
3736 4831 35089188 1
3769 4779 35089198 1
3807 4734 35089208 1
3855 4712 35089218 1
3917 4717 35089228 1
3988 4739 35089238 1
4069 4788 35089248 1
4151 4851 35089258 1
4222 4923 35089268 1
4285 4994 35089278 1
4332 5060 35089288 1
4359 5107 35089298 1
4372 5143 35089308 1
4372 5169 35089318 1
4366 5193 35089328 1
4354 5211 35089338 1
4338 5227 35089348 1
4322 5236 35089358 1
4306 5236 35089368 1
4296 5236 35089378 1
4287 5229 35089388 1
4280 5217 35089398 1
4272 5197 35089408 1
4262 5168 35089418 1
4252 5116 35089428 1
4241 5050 35089438 1
4229 4980 35089448 1
4222 4915 35089458 1
4217 4868 35089468 1
4217 4830 35089478 1
4224 4814 35089488 1
4230 4814 35089498 1
4237 4814 35089508 1
4248 4843 35089518 1
4266 4892 35089528 1
4291 4957 35089538 1
4320 5030 35089548 1
4352 5100 35089558 1
4384 5163 35089568 1
4413 5202 35089578 1
4441 5226 35089588 1
4466 5236 35089598 1
4492 5242 35089608 1
4514 5242 35089618 1
4534 5220 35089628 1
4547 5190 35089638 1
4556 5131 35089648 1
4563 5067 35089658 1
4576 5001 35089668 1
4595 4937 35089678 1
4632 4875 35089688 1
4680 4838 35089698 1
4753 4817 35089708 1
4823 4827 35089718 1
4890 4871 35089728 1
4955 4937 35089738 1
5019 5011 35089748 1
5081 5090 35089758 1
5132 5173 35089768 1
5159 5245 35089778 1
5170 5314 35089788 1
5152 5376 35089798 1
5119 5419 35089808 1
5075 5449 35089818 1
5029 5449 35089828 1
4978 5422 35089838 1
4924 5381 35089848 1
4879 5328 35089858 1
4848 5276 35089868 1
4827 5226 35089878 1
4827 5167 35089888 1
4844 5121 35089898 1
4879 5083 35089908 1
4939 5064 35089918 1
5003 5064 35089928 1
5073 5083 35089938 1
5134 5116 35089948 1
5189 5164 35089958 1
5240 5221 35089968 1
5268 5266 35089978 1
5281 5305 35089988 1
5281 5333 35089998 1
5270 5353 35090008 1
5256 5367 35090018 1
5242 5373 35090028 1
5220 5373 35090038 1
5192 5351 35090048 1
5163 5315 35090058 1
5136 5255 35090068 1
5116 5158 35090078 1
5100 5037 35090088 1
5087 4868 35090098 1
5080 4680 35090108 1
5080 4480 35090118 1
5065 4292 35090128 1
5048 4113 35090138 1
5024 3978 35090148 1
4993 3871 35090158 1
4957 3799 35090168 1
4916 3766 35090178 1
4871 3758 35090188 1
4824 3791 35090198 1
4766 3866 35090208 1
4698 3968 35090218 1
4622 4105 35090228 1
4571 4240 35090238 1
4561 4373 35090248 1
4577 4457 35090258 1
4622 4526 35090268 1
4694 4584 35090278 1
4785 4634 35090288 1
4879 4680 35090298 1
5004 4719 35090308 1
5150 4756 35090318 1
7014 5497 35090660 0
7097 5517 35090670 1
7115 5576 35090680 1
7137 5618 35090690 1
7157 5667 35090700 1
7164 5722 35090710 1
7164 5770 35090720 1
7149 5815 35090730 1
7124 5855 35090740 1
7089 5890 35090750 1
7037 5917 35090760 1
6978 5917 35090770 1
6914 5903 35090780 1
6825 5837 35090790 1
6724 5743 35090800 1
6615 5630 35090810 1
6526 5484 35090820 1
6466 5300 35090830 1
6424 5092 35090840 1
6419 4914 35090850 1
6453 4789 35090860 1
6512 4700 35090870 1
6601 4667 35090880 1
6711 4667 35090890 1
6835 4692 35090891 1
6935 4739 35090901 1
7015 4811 35090911 1
7081 4900 35090921 1
7125 4975 35090931 1
6755 5303 35091011 0
6710 5238 35091021 1
6683 5208 35091031 1
6683 5217 35091041 1
6691 5252 35091051 1
6710 5262 35091061 1
6752 5275 35091071 1
6809 5289 35091081 1
6872 5305 35091091 1
6923 5321 35091101 1
6967 5338 35091111 1
7006 5357 35091121 1
7029 5367 35091131 1
7041 5374 35091141 1
7041 5374 35091151 1
7041 5374 35091161 1
7041 5345 35091171 1
7025 5303 35091181 1
7011 5243 35091191 1
6997 5169 35091201 1
6984 5086 35091211 1
6972 5003 35091221 1
6963 4931 35091231 1
6963 4866 35091241 1
6963 4820 35091251 1
6968 4790 35091261 1
6977 4770 35091271 1
6992 4761 35091281 1
7013 4761 35091291 1
7043 4775 35091301 1
7535 4972 35091382 0
7642 5094 35091392 1
7663 5147 35091402 1
7663 5196 35091412 1
7653 5244 35091422 1
7624 5291 35091432 1
7586 5332 35091442 1
7542 5366 35091452 1
7497 5378 35091462 1
7451 5378 35091472 1
7398 5341 35091482 1
7341 5291 35091492 1
7282 5231 35091502 1
7233 5157 35091512 1
7204 5082 35091522 1
7188 5004 35091532 1
7203 4927 35091542 1
7243 4880 35091552 1
7300 4852 35091562 1
7371 4857 35091572 1
7443 4894 35091582 1
7514 4952 35091592 1
7576 5018 35091602 1
7632 5082 35091612 1
7680 5145 35091622 1
7710 5194 35091632 1
7727 5223 35091642 1
7727 5239 35091652 1
7715 5239 35091662 1
7696 5239 35091672 1
7672 5212 35091682 1
7651 5176 35091692 1
7632 5126 35091702 1
7622 5062 35091712 1
7617 4989 35091722 1
7623 4915 35091732 1
7647 4858 35091742 1
7682 4812 35091752 1
7733 4795 35091762 1
7791 4801 35091772 1
7862 4823 35091782 1
7930 4867 35091792 1
7994 4925 35091802 1
8052 4993 35091812 1
8111 5058 35091822 1
8156 5119 35091832 1
8190 5171 35091842 1
8209 5213 35091852 1
8214 5236 35091862 1
8209 5246 35091872 1
8200 5256 35091882 1
8189 5265 35091892 1
8177 5272 35091902 1
8177 5272 35091912 1
8170 5277 35091922 1
8161 5277 35091932 1
8148 5250 35091942 1
8127 5214 35091952 1
8107 5161 35091962 1
8082 5095 35091972 1
8054 5021 35091982 1
8034 4952 35091992 1
8017 4897 35092002 1
8017 4852 35092012 1
8024 4830 35092022 1
8037 4830 35092032 1
8052 4830 35092042 1
8074 4870 35092052 1
8103 4926 35092062 1
8136 4996 35092072 1
8170 5061 35092082 1
8203 5121 35092092 1
8233 5172 35092102 1
8261 5204 35092112 1
8282 5223 35092122 1
8301 5230 35092132 1
8318 5222 35092142 1
8332 5203 35092152 1
8348 5159 35092162 1
8366 5109 35092172 1
8388 5054 35092182 1
8427 5008 35092192 1
8475 4968 35092202 1
8552 4932 35092212 1
8628 4918 35092222 1
8705 4938 35092232 1
8780 4981 35092242 1
8855 5052 35092252 1
8933 5129 35092262 1
8977 5211 35092272 1
8999 5293 35092282 1
8999 5378 35092292 1
8968 5464 35092302 1
8923 5526 35092312 1
8869 5542 35092322 1
8815 5528 35092332 1
8761 5493 35092342 1
8718 5438 35092352 1
8681 5370 35092362 1
8652 5253 35092372 1
8644 5187 35092382 1
8649 5155 35092392 1
8677 5105 35092402 1
8717 5074 35092412 1
8765 5057 35092422 1
8815 5057 35092432 1
8865 5083 35092442 1
8915 5119 35092452 1
8953 5180 35092462 1
8983 5240 35092472 1
9006 5296 35092482 1
9019 5349 35092492 1
9026 5394 35092502 1
9020 5415 35092512 1
9012 5422 35092522 1
9003 5422 35092532 1
8988 5389 35092542 1
8972 5342 35092552 1
8956 5262 35092562 1
8937 5148 35092572 1
8915 5012 35092582 1
8890 4830 35092592 1
8890 4620 35092602 1
8869 4392 35092612 1
8843 4203 35092622 1
8804 4041 35092632 1
8751 3897 35092642 1
8688 3773 35092652 1
8620 3687 35092662 1
8549 3627 35092672 1
8475 3599 35092682 1
8406 3610 35092692 1
8334 3648 35092702 1
8258 3733 35092712 1
8179 3852 35092722 1
8136 3994 35092732 1
8130 4118 35092742 1
8148 4245 35092752 1
8204 4373 35092762 1
8306 4488 35092772 1
8438 4597 35092782 1
8596 4696 35092792 1
8754 4767 35092802 1
8898 4821 35092812 1
9033 4848 35092822 1
9130 4859 35092832 1
