392
1858 5253 8245068 0
1869 5348 8245078 1
1856 5419 8245088 1
1856 5469 8245098 1
1856 5506 8245108 1
1856 5522 8245118 1
1856 5522 8245128 1
1856 5522 8245138 1
1856 5502 8245148 1
1848 5409 8245158 1
1841 5265 8245168 1
1841 5115 8245178 1
1841 4962 8245188 1
1853 4806 8245198 1
1874 4687 8245208 1
1912 4593 8245218 1
1960 4552 8245228 1
2072 4545 8245238 1
2134 4562 8245248 1
2162 4622 8245258 1
2221 4709 8245268 1
2268 4814 8245278 1
2307 4921 8245288 1
2331 5004 8245298 1
2342 5072 8245308 1
2342 5121 8245318 1
2342 5147 8245328 1
2342 5157 8245338 1
2336 5157 8245348 1
2336 5144 8245358 1
2336 5079 8245368 1
2350 4980 8245378 1
2380 4856 8245388 1
2420 4728 8245398 1
2479 4639 8245408 1
2544 4577 8245418 1
2620 4550 8245428 1
2701 4557 8245438 1
2781 4588 8245448 1
2855 4655 8245458 1
2923 4756 8245468 1
2985 4879 8245478 1
3039 5002 8245488 1
3071 5110 8245498 1
3087 5207 8245508 1
3073 5304 8245518 1
3035 5404 8245528 1
2981 5506 8245538 1
2923 5587 8245548 1
2874 5635 8245558 1
2841 5661 8245568 1
2816 5668 8245578 1
2794 5668 8245588 1
2772 5637 8245598 1
3523 4791 8245719 0
3586 4829 8245729 1
3573 4861 8245739 1
3565 4924 8245749 1
3549 4988 8245759 1
3528 5054 8245769 1
3514 5116 8245779 1
3498 5176 8245789 1
3478 5231 8245799 1
3456 5261 8245809 1
3434 5276 8245819 1
3413 5276 8245829 1
3388 5256 8245839 1
3360 5223 8245849 1
3333 5165 8245859 1
3308 5092 8245869 1
3290 5009 8245879 1
3279 4914 8245889 1
3288 4832 8245899 1
3310 4758 8245909 1
3348 4717 8245919 1
3386 4700 8245929 1
3428 4700 8245939 1
3471 4716 8245949 1
3512 4754 8245959 1
3547 4806 8245969 1
3579 4872 8245979 1
3600 4935 8245989 1
3611 4976 8245999 1
3616 5005 8246009 1
3616 5010 8246019 1
3610 5010 8246029 1
3601 5010 8246039 1
3587 4984 8246049 1
3576 4941 8246059 1
3570 4875 8246069 1
3576 4807 8246079 1
3592 4737 8246089 1
3618 4693 8246099 1
3659 4664 8246109 1
3710 4654 8246119 1
3773 4666 8246129 1
3836 4692 8246139 1
3899 4746 8246149 1
3951 4810 8246159 1
3994 4881 8246169 1
4031 4945 8246179 1
4051 4994 8246189 1
4059 5032 8246199 1
4059 5054 8246209 1
4050 5070 8246219 1
4038 5076 8246229 1
4024 5076 8246239 1
4008 5067 8246249 1
3991 5037 8246259 1
3973 4993 8246269 1
3963 4933 8246279 1
3955 4876 8246289 1
3955 4820 8246299 1
3955 4776 8246309 1
3955 4750 8246319 1
3955 4735 8246329 1
3963 4735 8246339 1
3968 4742 8246349 1
3979 4753 8246359 1
3995 4803 8246369 1
4012 4866 8246379 1
4028 4939 8246389 1
4048 5009 8246399 1
4064 5070 8246409 1
4077 5105 8246419 1
4089 5125 8246429 1
4096 5125 8246439 1
4104 5125 8246449 1
4117 5109 8246450 1
4117 5109 8246460 1
4156 5053 8246470 1
4178 5009 8246480 1
4207 4957 8246490 1
4239 4901 8246500 1
4280 4845 8246510 1
4340 4801 8246520 1
4412 4765 8246530 1
4501 4758 8246540 1
4599 4773 8246550 1
4704 4802 8246560 1
4798 4849 8246570 1
4862 4909 8246580 1
4907 4979 8246590 1
4936 5045 8246600 1
4944 5099 8246610 1
4939 5146 8246620 1
4912 5195 8246630 1
4867 5243 8246640 1
4811 5290 8246650 1
4752 5301 8246660 1
4693 5286 8246670 1
4653 5254 8246680 1
4624 5200 8246690 1
4610 5126 8246700 1
4601 5039 8246710 1
4613 4962 8246720 1
4636 4905 8246730 1
4686 4862 8246740 1
4739 4845 8246750 1
4798 4852 8246760 1
4843 4876 8246770 1
4879 4921 8246780 1
4903 4973 8246790 1
4912 5031 8246801 1
4912 5074 8246811 1
4902 5101 8246821 1
4888 5118 8246831 1
4872 5118 8246841 1
4857 5098 8246851 1
4845 5058 8246861 1
4839 4977 8246871 1
4839 4852 8246881 1
4833 4697 8246891 1
4824 4530 8246901 1
4810 4350 8246911 1
4789 4162 8246921 1
4754 4003 8246931 1
4710 3852 8246941 1
4655 3706 8246951 1
4597 3597 8246961 1
4537 3535 8246971 1
4495 3505 8246981 1
4455 3512 8246991 1
4404 3578 8247001 1
4344 3684 8247011 1
4300 3858 8247021 1
4294 4057 8247031 1
4313 4274 8247041 1
4362 4450 8247051 1
4427 4582 8247061 1
4503 4684 8247071 1
4594 4755 8247081 1
4689 4782 8247091 1
4790 4782 8247101 1
6913 5260 8247442 0
7076 5392 8247452 1
7065 5462 8247462 1
7104 5532 8247472 1
7128 5604 8247482 1
7142 5678 8247492 1
7133 5730 8247502 1
7111 5779 8247512 1
7080 5820 8247522 1
7024 5859 8247532 1
6945 5873 8247542 1
6850 5873 8247552 1
6733 5824 8247562 1
6616 5729 8247572 1
6498 5601 8247582 1
6389 5441 8247592 1
6305 5254 8247602 1
6238 5048 8247612 1
6230 4872 8247622 1
6262 4736 8247632 1
6321 4627 8247642 1
6398 4564 8247652 1
6487 4532 8247662 1
6585 4522 8247672 1
6684 4533 8247682 1
6780 4559 8247692 1
6849 4595 8247702 1
6900 4638 8247712 1
6915 4688 8247722 1
6906 4744 8247732 1
6564 5139 8247792 0
6514 5164 8247802 1
6491 5164 8247812 1
6481 5171 8247822 1
6495 5182 8247832 1
6519 5197 8247842 1
6563 5214 8247852 1
6625 5214 8247862 1
6700 5214 8247872 1
6768 5208 8247882 1
6821 5196 8247892 1
6863 5184 8247902 1
6884 5172 8247912 1
6895 5158 8247922 1
6900 5143 8247932 1
6900 5106 8247942 1
6888 5057 8247952 1
6878 4989 8247962 1
6863 4915 8247972 1
6850 4834 8247982 1
6841 4754 8247992 1
6841 4698 8248002 1
6841 4658 8248012 1
6847 4638 8248022 1
6858 4628 8248032 1
6872 4628 8248042 1
6890 4628 8248052 1
6915 4658 8248062 1
6947 4697 8248072 1
7631 4975 8248163 0
7746 5042 8248173 1
7760 5070 8248183 1
7760 5104 8248193 1
7754 5143 8248203 1
7742 5186 8248213 1
7717 5221 8248223 1
7682 5253 8248233 1
7641 5279 8248243 1
7586 5279 8248253 1
7522 5262 8248263 1
7451 5214 8248273 1
7382 5145 8248283 1
7316 5063 8248293 1
7274 4976 8248303 1
7246 4893 8248313 1
7246 4813 8248323 1
7276 4756 8248333 1
7329 4730 8248343 1
7401 4725 8248353 1
7479 4749 8248363 1
7556 4795 8248373 1
7630 4855 8248383 1
7685 4918 8248393 1
7725 4976 8248403 1
7756 5026 8248413 1
7775 5065 8248423 1
7781 5095 8248433 1
7781 5115 8248443 1
7771 5121 8248453 1
7757 5121 8248463 1
7739 5097 8248473 1
7715 5049 8248483 1
7693 4983 8248493 1
7676 4914 8248503 1
7676 4846 8248513 1
7692 4794 8248523 1
7721 4754 8248533 1
7767 4734 8248543 1
7824 4734 8248553 1
7893 4741 8248563 1
7954 4772 8248573 1
8007 4818 8248583 1
8056 4875 8248593 1
8092 4934 8248603 1
8121 4993 8248613 1
8145 5050 8248623 1
8159 5104 8248633 1
8164 5152 8248643 1
8164 5191 8248653 1
8158 5208 8248663 1
8145 5208 8248673 1
8126 5202 8248683 1
8105 5172 8248693 1
8082 5127 8248703 1
8058 5068 8248713 1
8043 4995 8248723 1
8030 4913 8248733 1
8023 4843 8248743 1
8023 4793 8248753 1
8023 4757 8248763 1
8040 4747 8248773 1
8059 4758 8248783 1
8084 4782 8248793 1
8114 4847 8248803 1
8146 4922 8248813 1
8179 5005 8248823 1
8211 5077 8248833 1
8235 5130 8248843 1
8254 5171 8248853 1
8272 5192 8248863 1
8283 5192 8248873 1
8289 5185 8248883 1
8297 5145 8248893 1
8303 5088 8248903 1
8308 5019 8248913 1
8326 4953 8248923 1
8358 4894 8248933 1
8400 4840 8248943 1
8462 4802 8248953 1
8544 4783 8248963 1
8639 4776 8248973 1
8751 4800 8248983 1
8865 4843 8248993 1
8961 4900 8249003 1
9043 4955 8249013 1
9097 5017 8249023 1
9124 5083 8249033 1
9133 5150 8249043 1
9108 5215 8249053 1
9058 5276 8249063 1
8990 5327 8249073 1
8920 5354 8249083 1
8853 5365 8249093 1
8801 5357 8249103 1
8757 5325 8249113 1
8724 5277 8249123 1
8696 5251 8249133 1
8678 5201 8249143 1
8678 5136 8249144 1
8695 5089 8249154 1
8734 5052 8249164 1
8791 5021 8249174 1
8861 5013 8249184 1
8932 5023 8249194 1
8978 5046 8249204 1
9008 5074 8249214 1
9026 5102 8249224 1
9026 5129 8249234 1
9015 5142 8249244 1
9002 5152 8249254 1
8985 5152 8249264 1
8966 5135 8249274 1
8945 5091 8249284 1
8926 5010 8249294 1
8908 4904 8249304 1
8899 4744 8249314 1
8892 4553 8249324 1
8892 4341 8249334 1
8863 4141 8249344 1
8821 3967 8249354 1
8781 3811 8249364 1
8721 3675 8249374 1
8648 3575 8249384 1
8571 3498 8249394 1
8503 3452 8249404 1
8447 3446 8249414 1
8396 3467 8249424 1
8325 3532 8249434 1
8278 3649 8249444 1
8248 3802 8249454 1
8253 3960 8249464 1
8300 4097 8249474 1
8374 4220 8249484 1
8474 4356 8249494 1
8579 4481 8249504 1
8695 4576 8249514 1
8814 4656 8249524 1
8929 4716 8249534 1
