504
1820 5544 35615542 0
1838 5572 35615552 1
1833 5583 35615562 1
1833 5596 35615572 1
1833 5596 35615582 1
1833 5588 35615592 1
1833 5560 35615602 1
1833 5518 35615612 1
1840 5464 35615622 1
1852 5372 35615632 1
1868 5255 35615642 1
1892 5110 35615652 1
1917 4950 35615662 1
1944 4779 35615672 1
1972 4647 35615682 1
2001 4549 35615692 1
2026 4474 35615702 1
2048 4426 35615712 1
2068 4400 35615722 1
2082 4390 35615732 1
2092 4390 35615742 1
2113 4443 35615752 1
2136 4524 35615762 1
2163 4647 35615772 1
2190 4789 35615782 1
2212 4945 35615792 1
2231 5029 35615802 1
2243 5072 35615812 1
2254 5089 35615822 1
2263 5089 35615832 1
2291 5064 35615842 1
2323 5024 35615852 1
2371 4962 35615862 1
2427 4886 35615872 1
2484 4800 35615882 1
2544 4728 35615892 1
2613 4675 35615902 1
2694 4635 35615912 1
2783 4618 35615922 1
2872 4630 35615932 1
2957 4661 35615942 1
3029 4721 35615952 1
3094 4803 35615962 1
3142 4899 35615972 1
3170 5027 35615982 1
3185 5186 35615992 1
3185 5365 35616002 1
3174 5537 35616012 1
3150 5670 35616022 1
3085 5776 35616032 1
2998 5852 35616042 1
2896 5899 35616052 1
2798 5928 35616062 1
2721 5928 35616072 1
2659 5934 35616082 1
2628 5934 35616092 1
2618 5934 35616102 1
2618 5934 35616112 1
2628 5934 35616122 1
2640 5920 35616132 1
4048 5226 35616654 0
4048 5226 35616664 1
4022 5229 35616674 1
4027 5249 35616684 1
4027 5265 35616694 1
4036 5301 35616704 1
4044 5343 35616714 1
4052 5389 35616724 1
4047 5430 35616734 1
4035 5471 35616744 1
4003 5510 35616754 1
3967 5534 35616764 1
3929 5547 35616774 1
3882 5547 35616784 1
3836 5526 35616794 1
3793 5490 35616804 1
3753 5411 35616814 1
3712 5297 35616824 1
3691 5161 35616834 1
3683 5019 35616844 1
3696 4893 35616854 1
3715 4778 35616864 1
3746 4706 35616874 1
3784 4659 35616884 1
3824 4630 35616894 1
3868 4625 35616904 1
3907 4643 35616914 1
3943 4677 35616924 1
3977 4749 35616934 1
4005 4850 35616944 1
4030 4970 35616954 1
4045 5083 35616964 1
4054 5179 35616974 1
4059 5265 35616984 1
4059 5324 35616994 1
4059 5359 35617004 1
4059 5379 35617014 1
4059 5379 35617024 1
4059 5379 35617034 1
4052 5352 35617044 1
4052 5306 35617054 1
4047 5203 35617064 1
4047 5072 35617074 1
4069 4923 35617084 1
4108 4799 35617094 1
4156 4713 35617104 1
4213 4653 35617114 1
4267 4623 35617124 1
4312 4615 35617134 1
4351 4623 35617144 1
4382 4650 35617154 1
4413 4712 35617164 1
4444 4797 35617174 1
4477 4909 35617184 1
4505 5025 35617194 1
4529 5145 35617204 1
4551 5259 35617214 1
4565 5350 35617224 1
4573 5425 35617234 1
4573 5458 35617244 1
4573 5470 35617254 1
4568 5470 35617264 1
4568 5456 35617274 1
4563 5394 35617284 1
4563 5297 35617294 1
4563 5153 35617304 1
4558 5008 35617314 1
4558 4887 35617324 1
4566 4782 35617334 1
4579 4712 35617344 1
4590 4672 35617354 1
4600 4653 35617364 1
4606 4653 35617374 1
4612 4666 35617384 1
4618 4696 35617394 1
4628 4779 35617404 1
4637 4892 35617414 1
4644 5026 35617424 1
4667 5176 35617434 1
4700 5325 35617444 1
4746 5436 35617454 1
4786 5522 35617464 1
4822 5567 35617474 1
4834 5585 35617484 1
4841 5585 35617494 1
4841 5574 35617504 1
4864 5526 35617514 1
4888 5453 35617524 1
4918 5343 35617534 1
4949 5230 35617544 1
4980 5113 35617554 1
5009 5005 35617564 1
5038 4902 35617574 1
5066 4812 35617584 1
5090 4743 35617594 1
5110 4688 35617604 1
5133 4657 35617614 1
5149 4647 35617624 1
5160 4647 35617634 1
5179 4674 35617644 1
5197 4731 35617654 1
5213 4812 35617664 1
5227 4926 35617674 1
5245 5061 35617684 1
5270 5209 35617694 1
5301 5334 35617704 1
5335 5420 35617714 1
5364 5479 35617724 1
5391 5514 35617734 1
5420 5535 35617744 1
5449 5546 35617754 1
5494 5546 35617764 1
5549 5551 35617774 1
5595 5544 35617784 1
5626 5534 35617794 1
5648 5526 35617804 1
5653 5526 35617814 1
5653 5520 35617824 1
5648 5520 35617834 1
5637 5520 35617844 1
5609 5520 35617854 1
5570 5520 35617864 1
5526 5520 35617874 1
5482 5528 35617884 1
5438 5528 35617894 1
5392 5516 35617904 1
5352 5469 35617914 1
5311 5398 35617924 1
5267 5287 35617934 1
5224 5164 35617944 1
5200 5034 35617954 1
5188 4924 35617964 1
5196 4839 35617974 1
5220 4770 35617984 1
5255 4728 35617994 1
5297 4705 35618004 1
5341 4696 35618014 1
5386 4705 35618024 1
5431 4744 35618034 1
5474 4803 35618044 1
5510 4894 35618054 1
5543 5004 35618064 1
5565 5127 35618074 1
5586 5260 35618084 1
5606 5382 35618094 1
5620 5496 35618104 1
5630 5561 35618114 1
5638 5604 35618124 1
5638 5633 35618134 1
5638 5633 35618144 1
5638 5638 35618154 1
5633 5631 35618164 1
5624 5584 35618174 1
5610 5510 35618184 1
5597 5392 35618194 1
5588 5255 35618204 1
5588 5105 35618214 1
5594 4945 35618224 1
5608 4780 35618234 1
5629 4611 35618244 1
5651 4456 35618254 1
5666 4301 35618264 1
5676 4146 35618274 1
5685 4013 35618284 1
5690 3894 35618294 1
5690 3781 35618304 1
5685 3695 35618314 1
5672 3626 35618324 1
5653 3580 35618334 1
5621 3557 35618344 1
5573 3549 35618354 1
5513 3549 35618364 1
5440 3589 35618374 1
5351 3647 35618384 1
5251 3744 35618394 1
5152 3843 35618404 1
5060 3943 35618414 1
4982 4022 35618424 1
4913 4082 35618434 1
4868 4130 35618444 1
4838 4158 35618454 1
4833 4174 35618464 1
4833 4181 35618474 1
4844 4194 35618484 1
4862 4208 35618494 1
4884 4223 35618504 1
4904 4233 35618514 1
4923 4244 35618524 1
7172 6046 35619418 0
7212 6031 35619428 1
7207 6055 35619438 1
7207 6065 35619448 1
7207 6065 35619458 1
7207 6078 35619468 1
7215 6093 35619478 1
7215 6112 35619488 1
7226 6130 35619498 1
7233 6149 35619508 1
7242 6166 35619518 1
7242 6184 35619528 1
7236 6201 35619538 1
7219 6221 35619548 1
7189 6240 35619558 1
7150 6258 35619568 1
7100 6272 35619578 1
7047 6284 35619588 1
6992 6284 35619598 1
6934 6284 35619608 1
6870 6249 35619618 1
6803 6201 35619628 1
6727 6123 35619638 1
6654 6015 35619648 1
6589 5886 35619658 1
6548 5704 35619668 1
6521 5518 35619678 1
6521 5329 35619688 1
6558 5143 35619698 1
6615 5000 35619708 1
6688 4884 35619718 1
6776 4796 35619728 1
6875 4751 35619738 1
6963 4735 35619748 1
7045 4754 35619758 1
7122 4810 35619768 1
7193 4890 35619778 1
7247 4976 35619788 1
7289 5059 35619798 1
7302 5136 35619808 1
7292 5204 35619818 1
7267 5268 35619828 1
7222 5330 35619838 1
7163 5389 35619848 1
7094 5430 35619858 1
7029 5459 35619868 1
6982 5470 35619878 1
6948 5470 35619888 1
6933 5452 35619898 1
6921 5427 35619908 1
6926 5403 35619918 1
6940 5379 35619928 1
6975 5364 35619938 1
7032 5364 35619948 1
7103 5377 35619958 1
7182 5395 35619968 1
7258 5409 35619978 1
7303 5418 35619988 1
7328 5411 35619998 1
7341 5394 35620008 1
7355 5342 35620018 1
7369 5249 35620028 1
7383 5128 35620038 1
7397 5002 35620048 1
7410 4882 35620058 1
7422 4793 35620068 1
7435 4723 35620078 1
7443 4684 35620088 1
7449 4665 35620098 1
7449 4659 35620108 1
7455 4659 35620118 1
7460 4681 35620128 1
7460 4709 35620138 1
7460 4746 35620148 1
7817 5670 35620749 0
7855 5675 35620759 1
7855 5687 35620769 1
7849 5687 35620779 1
7849 5687 35620789 1
7844 5700 35620799 1
7844 5714 35620809 1
7852 5741 35620819 1
7865 5775 35620829 1
7878 5813 35620839 1
7878 5848 35620849 1
7865 5882 35620859 1
7840 5911 35620869 1
7800 5932 35620879 1
7749 5932 35620889 1
7708 5932 35620899 1
7651 5892 35620909 1
7582 5817 35620919 1
7532 5716 35620929 1
7483 5592 35620939 1
7437 5447 35620949 1
7409 5287 35620959 1
7392 5149 35620969 1
7406 5062 35620979 1
7436 5009 35620989 1
7477 4989 35620999 1
7530 5008 35621009 1
7587 5052 35621019 1
7648 5126 35621029 1
7706 5211 35621039 1
7750 5304 35621049 1
7786 5412 35621059 1
7816 5507 35621069 1
7843 5593 35621079 1
7867 5659 35621089 1
7883 5696 35621099 1
7890 5713 35621109 1
7890 5713 35621119 1
7890 5707 35621129 1
7876 5666 35621139 1
7859 5602 35621149 1
7830 5501 35621159 1
7802 5372 35621169 1
7775 5225 35621179 1
7775 5117 35621189 1
7788 5041 35621199 1
7813 4986 35621209 1
7853 4960 35621219 1
7905 4965 35621229 1
7965 4991 35621239 1
8027 5048 35621249 1
8089 5123 35621259 1
8145 5211 35621269 1
8197 5322 35621279 1
8247 5435 35621289 1
8286 5550 35621299 1
8318 5629 35621309 1
8339 5677 35621319 1
8346 5705 35621329 1
8346 5705 35621339 1
8346 5705 35621349 1
8336 5677 35621359 1
8322 5628 35621369 1
8301 5534 35621379 1
8278 5402 35621389 1
8253 5245 35621399 1
8241 5114 35621409 1
8235 5023 35621419 1
8240 4959 35621429 1
8252 4932 35621439 1
8264 4924 35621449 1
8276 4929 35621459 1
8288 4968 35621469 1
8309 5031 35621479 1
8331 5109 35621489 1
8354 5213 35621499 1
8377 5337 35621509 1
8413 5475 35621519 1
8453 5568 35621529 1
8491 5630 35621539 1
8526 5671 35621549 1
8547 5687 35621559 1
8560 5687 35621569 1
8567 5676 35621579 1
8579 5625 35621589 1
8588 5529 35621599 1
8595 5403 35621609 1
8603 5265 35621619 1
8623 5141 35621629 1
8645 5060 35621639 1
8672 5002 35621649 1
8695 4967 35621659 1
8717 4952 35621669 1
8733 4952 35621679 1
8749 4966 35621689 1
8764 5004 35621699 1
8783 5058 35621709 1
8801 5134 35621719 1
8818 5243 35621729 1
8849 5373 35621739 1
8894 5494 35621749 1
8947 5574 35621759 1
8988 5628 35621769 1
9026 5647 35621779 1
9062 5642 35621789 1
9104 5622 35621799 1
9148 5595 35621809 1
9193 5567 35621819 1
9231 5541 35621821 1
9265 5526 35621831 1
9285 5516 35621841 1
9293 5516 35621851 1
9293 5516 35621861 1
9293 5516 35621871 1
9272 5533 35621881 1
9247 5553 35621891 1
9218 5577 35621901 1
9191 5596 35621911 1
9165 5612 35621921 1
9146 5620 35621931 1
9125 5620 35621941 1
9088 5608 35621951 1
9040 5581 35621961 1
8982 5533 35621971 1
8924 5456 35621981 1
8865 5360 35621991 1
8830 5251 35622001 1
8798 5148 35622011 1
8789 5049 35622021 1
8795 4965 35622031 1
8817 4906 35622041 1
8843 4864 35622051 1
8876 4848 35622061 1
8912 4857 35622071 1
8950 4884 35622081 1
8987 4932 35622091 1
9023 4998 35622101 1
9058 5076 35622111 1
9091 5179 35622121 1
9129 5305 35622131 1
9168 5446 35622141 1
9193 5546 35622151 1
9209 5605 35622161 1
9214 5637 35622171 1
9214 5653 35622181 1
9214 5658 35622191 1
9214 5658 35622201 1
9208 5646 35622211 1
9198 5599 35622221 1
9183 5528 35622231 1
9165 5423 35622241 1
9148 5283 35622251 1
9136 5121 35622261 1
9128 4950 35622271 1
9123 4768 35622281 1
9117 4578 35622291 1
9106 4414 35622301 1
9092 4259 35622311 1
9074 4110 35622321 1
9050 3991 35622331 1
9021 3894 35622341 1
8985 3811 35622351 1
8938 3749 35622361 1
8883 3722 35622371 1
8831 3722 35622381 1
8776 3747 35622391 1
8707 3803 35622401 1
8629 3879 35622411 1
8560 3990 35622421 1
8497 4111 35622431 1
8455 4240 35622441 1
8424 4362 35622451 1
8416 4452 35622461 1
8410 4520 35622471 1
8410 4554 35622481 1
8410 4571 35622491 1
8410 4577 35622501 1
8410 4577 35622511 1
8410 4577 35622521 1
8410 4577 35622531 1
8410 4577 35622541 1
8410 4577 35622551 1
