392
1729 5231 8251117 0
1736 5316 8251127 1
1725 5394 8251137 1
1703 5436 8251147 1
1696 5453 8251157 1
1696 5459 8251167 1
1696 5459 8251177 1
1696 5413 8251187 1
1696 5332 8251197 1
1690 5171 8251207 1
1679 5001 8251217 1
1672 4826 8251227 1
1681 4681 8251237 1
1700 4591 8251247 1
1737 4539 8251257 1
1780 4515 8251267 1
1834 4526 8251277 1
1898 4561 8251287 1
1970 4643 8251297 1
2042 4757 8251307 1
2113 4892 8251317 1
2158 5002 8251327 1
2184 5074 8251337 1
2196 5122 8251347 1
2196 5122 8251357 1
2196 5122 8251367 1
2196 5083 8251377 1
2254 5013 8251387 1
2264 4880 8251397 1
2239 4743 8251407 1
2281 4639 8251417 1
2338 4559 8251427 1
2405 4520 8251437 1
2485 4520 8251447 1
2572 4555 8251457 1
2667 4627 8251467 1
2761 4737 8251477 1
2841 4872 8251487 1
2915 5012 8251497 1
2973 5133 8251507 1
2999 5241 8251517 1
3004 5338 8251527 1
2977 5431 8251537 1
2918 5517 8251547 1
2838 5599 8251557 1
2745 5673 8251567 1
2655 5739 8251577 1
2568 5775 8251587 1
2528 5792 8251597 1
2494 5784 8251607 1
2469 5752 8251617 1
3409 4860 8251748 0
3520 4895 8251758 1
3531 4932 8251768 1
3524 4996 8251778 1
3524 5062 8251788 1
3503 5130 8251798 1
3476 5188 8251808 1
3444 5240 8251818 1
3409 5281 8251828 1
3372 5300 8251838 1
3333 5306 8251848 1
3295 5290 8251858 1
3257 5252 8251868 1
3214 5199 8251878 1
3170 5123 8251888 1
3132 5031 8251898 1
3116 4929 8251908 1
3116 4829 8251918 1
3144 4758 8251928 1
3179 4706 8251938 1
3225 4686 8251948 1
3279 4692 8251958 1
3341 4715 8251968 1
3401 4765 8251978 1
3460 4833 8251988 1
3505 4913 8251998 1
3533 4970 8252008 1
3550 5001 8252018 1
3550 5015 8252028 1
3535 5015 8252038 1
3515 5015 8252048 1
3494 4985 8252058 1
3473 4944 8252068 1
3467 4883 8252078 1
3467 4823 8252088 1
3492 4764 8252098 1
3519 4727 8252108 1
3560 4703 8252118 1
3610 4694 8252128 1
3672 4705 8252138 1
3740 4729 8252148 1
3803 4776 8252158 1
3854 4835 8252168 1
3900 4901 8252178 1
3934 4962 8252188 1
3954 5006 8252198 1
3965 5040 8252208 1
3965 5067 8252218 1
3965 5091 8252228 1
3958 5107 8252238 1
3946 5117 8252248 1
3934 5117 8252258 1
3922 5117 8252268 1
3909 5104 8252278 1
3895 5069 8252288 1
3879 5019 8252298 1
3864 4961 8252308 1
3850 4903 8252318 1
3838 4849 8252328 1
3831 4809 8252338 1
3831 4776 8252348 1
3831 4770 8252358 1
3831 4770 8252368 1
3845 4775 8252378 1
3863 4808 8252388 1
3887 4862 8252398 1
3915 4931 8252408 1
3942 4991 8252418 1
3963 5030 8252428 1
3980 5056 8252438 1
3988 5061 8252448 1
3997 5061 8252458 1
4011 5048 8252468 1
4030 5014 8252478 1
4057 4967 8252488 1
4091 4917 8252498 1
4145 4866 8252508 1
4211 4815 8252518 1
4282 4781 8252528 1
4353 4759 8252538 1
4416 4759 8252548 1
4474 4772 8252558 1
4531 4802 8252568 1
4579 4853 8252578 1
4621 4913 8252589 1
4656 4979 8252599 1
4677 5043 8252609 1
4689 5104 8252619 1
4681 5162 8252629 1
4653 5221 8252639 1
4612 5259 8252649 1
4561 5283 8252659 1
4510 5283 8252669 1
4459 5257 8252679 1
4418 5221 8252689 1
4381 5173 8252699 1
4359 5110 8252709 1
4344 5036 8252719 1
4344 4969 8252729 1
4366 4915 8252739 1
4401 4869 8252749 1
4444 4844 8252759 1
4492 4844 8252769 1
4537 4850 8252779 1
4579 4879 8252789 1
4612 4920 8252799 1
4630 4969 8252809 1
4639 5010 8252819 1
4639 5038 8252829 1
4628 5058 8252839 1
4612 5066 8252849 1
4598 5066 8252859 1
4584 5060 8252869 1
4571 5018 8252879 1
4558 4954 8252889 1
4546 4850 8252899 1
4536 4729 8252909 1
4523 4596 8252919 1
4509 4462 8252920 1
4497 4328 8252930 1
4483 4196 8252940 1
4461 4084 8252950 1
4434 3984 8252960 1
4389 3893 8252970 1
4335 3817 8252980 1
4275 3752 8252990 1
4222 3716 8253000 1
4171 3716 8253010 1
4123 3738 8253020 1
4075 3815 8253030 1
4027 3947 8253040 1
4005 4115 8253050 1
3999 4321 8253060 1
4017 4525 8253070 1
4061 4678 8253080 1
4121 4797 8253090 1
6353 5007 8253380 0
6339 5067 8253390 1
6360 5103 8253400 1
6388 5129 8253410 1
6409 5188 8253420 1
6424 5270 8253430 1
6435 5339 8253440 1
6435 5405 8253450 1
6424 5469 8253460 1
6403 5518 8253470 1
6362 5564 8253480 1
6311 5591 8253490 1
6254 5607 8253500 1
6182 5600 8253510 1
6101 5543 8253520 1
6015 5452 8253530 1
5923 5288 8253540 1
5835 5094 8253550 1
5770 4879 8253560 1
5720 4673 8253570 1
5720 4530 8253580 1
5762 4428 8253590 1
5833 4372 8253600 1
5915 4363 8253610 1
6012 4386 8253620 1
6119 4443 8253630 1
6221 4511 8253640 1
6298 4587 8253650 1
6357 4650 8253660 1
6373 4694 8253670 1
6356 4726 8253680 1
5977 4835 8253741 0
5896 4830 8253751 1
5869 4830 8253761 1
5869 4839 8253771 1
5877 4854 8253781 1
5901 4876 8253791 1
5931 4902 8253801 1
5974 4922 8253811 1
6027 4941 8253821 1
6085 4957 8253831 1
6143 4973 8253841 1
6201 4985 8253851 1
6245 4992 8253861 1
6279 4992 8253871 1
6294 4972 8253881 1
6294 4943 8253891 1
6294 4883 8253901 1
6272 4807 8253911 1
6251 4721 8253921 1
6229 4652 8253931 1
6210 4589 8253941 1
6203 4529 8253951 1
6203 4486 8253961 1
6215 4457 8253971 1
6226 4438 8253981 1
6241 4424 8253991 1
6256 4418 8254001 1
6275 4418 8254011 1
6300 4428 8254021 1
6331 4450 8254031 1
6378 4481 8254041 1
6668 4577 8254081 0
6833 4666 8254091 1
6887 4725 8254101 1
6922 4790 8254111 1
6947 4856 8254121 1
6957 4922 8254131 1
6957 4969 8254141 1
6937 5013 8254151 1
6906 5047 8254161 1
6866 5061 8254171 1
6816 5061 8254181 1
6759 5038 8254191 1
6697 4996 8254201 1
6642 4942 8254211 1
6588 4871 8254221 1
6552 4788 8254231 1
6527 4697 8254241 1
6527 4618 8254251 1
6544 4561 8254261 1
6578 4519 8254271 1
6636 4506 8254281 1
6709 4524 8254291 1
6792 4562 8254301 1
6870 4623 8254311 1
6923 4687 8254321 1
6960 4753 8254331 1
6985 4811 8254341 1
6995 4850 8254351 1
6995 4876 8254361 1
6988 4893 8254371 1
6973 4905 8254381 1
6953 4905 8254391 1
6932 4888 8254401 1
6912 4857 8254411 1
6894 4804 8254421 1
6880 4742 8254431 1
6875 4675 8254441 1
6880 4619 8254451 1
6903 4582 8254461 1
6938 4557 8254471 1
6991 4551 8254481 1
7047 4563 8254491 1
7106 4587 8254501 1
7163 4621 8254511 1
7214 4666 8254521 1
7261 4718 8254531 1
7299 4782 8254541 1
7325 4845 8254551 1
7343 4906 8254561 1
7351 4948 8254571 1
7351 4977 8254581 1
7341 4987 8254591 1
7328 4993 8254601 1
7315 4993 8254611 1
7299 4966 8254621 1
7276 4926 8254631 1
7249 4863 8254641 1
7227 4798 8254651 1
7208 4732 8254661 1
7198 4690 8254671 1
7198 4662 8254681 1
7198 4650 8254691 1
7198 4650 8254701 1
7212 4650 8254711 1
7229 4674 8254721 1
7264 4726 8254731 1
7310 4799 8254741 1
7353 4875 8254751 1
7386 4940 8254761 1
7413 4978 8254771 1
7428 5001 8254781 1
7434 5001 8254791 1
7434 5001 8254801 1
7445 4980 8254811 1
7455 4954 8254821 1
7465 4917 8254831 1
7482 4878 8254841 1
7503 4833 8254851 1
7541 4779 8254861 1
7588 4733 8254871 1
7656 4694 8254881 1
7747 4663 8254891 1
7854 4656 8254901 1
7958 4664 8254911 1
8059 4701 8254921 1
8157 4774 8254931 1
8251 4870 8254941 1
8318 4964 8254951 1
8366 5053 8254961 1
8366 5135 8254971 1
8328 5199 8254981 1
8262 5250 8254991 1
8190 5270 8255001 1
8122 5260 8255011 1
8062 5231 8255021 1
8021 5205 8255031 1
7991 5180 8255041 1
7960 5151 8255051 1
7943 5120 8255061 1
7934 5074 8255071 1
7943 5028 8255081 1
7967 4988 8255091 1
8001 4952 8255101 1
8037 4934 8255111 1
8073 4934 8255121 1
8109 4945 8255131 1
8141 4969 8255141 1
8171 5008 8255151 1
8194 5056 8255161 1
8204 5093 8255171 1
8204 5127 8255181 1
8194 5142 8255191 1
8183 5142 8255201 1
8172 5142 8255211 1
8159 5098 8255221 1
8147 5035 8255231 1
8138 4937 8255241 1
8131 4797 8255251 1
8120 4628 8255261 1
8106 4441 8255271 1
8074 4236 8255281 1
8029 4020 8255291 1
7976 3833 8255301 1
7915 3671 8255311 1
7840 3526 8255321 1
7755 3428 8255331 1
7687 3368 8255341 1
7633 3334 8255351 1
7588 3334 8255361 1
7533 3388 8255371 1
7478 3471 8255381 1
7444 3593 8255391 1
7423 3740 8255401 1
7455 3905 8255411 1
7527 4056 8255421 1
7625 4208 8255431 1
7757 4362 8255441 1
7900 4489 8255451 1
8051 4598 8255461 1
8169 4676 8255471 1
8256 4710 8255481 1
8321 4710 8255491 1
8359 4710 8255501 1
