437
1746 5749 35101356 0
1746 5809 35101366 1
1746 5836 35101376 1
1746 5858 35101386 1
1746 5863 35101396 1
1746 5858 35101406 1
1746 5831 35101416 1
1735 5768 35101426 1
1725 5681 35101436 1
1715 5551 35101446 1
1705 5425 35101456 1
1699 5301 35101466 1
1699 5143 35101476 1
1711 4995 35101486 1
1731 4854 35101496 1
1760 4749 35101506 1
1792 4694 35101516 1
1824 4672 35101526 1
1856 4664 35101536 1
1894 4678 35101546 1
1939 4706 35101556 1
1986 4758 35101566 1
2034 4831 35101576 1
2080 4917 35101586 1
2120 4986 35101596 1
2155 5050 35101606 1
2187 5104 35101616 1
2210 5150 35101626 1
2226 5174 35101636 1
2233 5185 35101646 1
2239 5185 35101656 1
2245 5177 35101666 1
2252 5152 35101676 1
2257 5117 35101686 1
2257 5068 35101696 1
2269 5013 35101706 1
2280 4947 35101716 1
2297 4866 35101726 1
2323 4774 35101736 1
2359 4705 35101746 1
2407 4649 35101756 1
2464 4602 35101766 1
2531 4583 35101776 1
2608 4592 35101786 1
2689 4619 35101796 1
2766 4670 35101806 1
2829 4744 35101816 1
2887 4833 35101826 1
2942 4933 35101836 1
2984 5029 35101846 1
3017 5110 35101856 1
3026 5183 35101866 1
3007 5253 35101876 1
2968 5322 35101886 1
2913 5392 35101896 1
2850 5460 35101906 1
2781 5523 35101916 1
2723 5564 35101926 1
2677 5591 35101936 1
2638 5598 35101946 1
2605 5586 35101956 1
3590 4820 35102297 0
3617 4850 35102307 1
3624 4875 35102317 1
3631 4899 35102327 1
3641 4942 35102337 1
3641 4998 35102347 1
3641 5042 35102357 1
3641 5084 35102367 1
3629 5116 35102377 1
3616 5142 35102387 1
3596 5161 35102397 1
3568 5175 35102407 1
3535 5175 35102417 1
3501 5162 35102427 1
3465 5133 35102437 1
3428 5082 35102447 1
3389 5012 35102457 1
3355 4929 35102467 1
3328 4844 35102477 1
3317 4756 35102487 1
3317 4693 35102497 1
3330 4647 35102507 1
3362 4617 35102517 1
3404 4608 35102527 1
3457 4614 35102537 1
3513 4642 35102547 1
3573 4685 35102557 1
3622 4739 35102567 1
3663 4794 35102577 1
3692 4846 35102587 1
3709 4891 35102597 1
3719 4918 35102607 1
3714 4933 35102617 1
3702 4942 35102627 1
3685 4942 35102637 1
3665 4942 35102647 1
3643 4909 35102657 1
3620 4862 35102667 1
3600 4805 35102677 1
3594 4749 35102687 1
3594 4697 35102697 1
3618 4655 35102707 1
3656 4616 35102717 1
3705 4589 35102727 1
3767 4580 35102737 1
3831 4580 35102747 1
3900 4612 35102757 1
3974 4656 35102767 1
4048 4709 35102777 1
4113 4777 35102787 1
4172 4848 35102797 1
4212 4920 35102807 1
4234 4965 35102817 1
4245 5005 35102827 1
4237 5039 35102837 1
4221 5068 35102847 1
4199 5088 35102857 1
4182 5100 35102867 1
4165 5100 35102877 1
4150 5100 35102878 1
4150 5100 35102888 1
4123 5055 35102898 1
4110 5005 35102908 1
4097 4932 35102918 1
4086 4858 35102928 1
4076 4779 35102938 1
4070 4722 35102948 1
4070 4680 35102958 1
4070 4657 35102968 1
4084 4649 35102978 1
4098 4649 35102988 1
4120 4680 35102998 1
4149 4727 35103008 1
4182 4788 35103018 1
4212 4855 35103028 1
4239 4921 35103038 1
4262 4969 35103048 1
4280 5004 35103058 1
4294 5024 35103068 1
4304 5024 35103078 1
4314 5024 35103088 1
4325 5001 35103098 1
4340 4967 35103108 1
4356 4924 35103118 1
4377 4876 35103128 1
4409 4828 35103138 1
4459 4780 35103148 1
4519 4750 35103158 1
4593 4734 35103168 1
4672 4734 35103178 1
4757 4769 35103188 1
4827 4821 35103198 1
4888 4896 35103208 1
4946 4973 35103218 1
4984 5051 35103228 1
5009 5105 35103238 1
5009 5136 35103248 1
4981 5153 35103258 1
4938 5229 35103268 1
4895 5256 35103278 1
4852 5250 35103288 1
4811 5225 35103298 1
4772 5179 35103308 1
4735 5119 35103319 1
4714 5048 35103329 1
4699 4984 35103339 1
4709 4926 35103349 1
4733 4885 35103359 1
4772 4861 35103369 1
4812 4848 35103379 1
4855 4856 35103389 1
4894 4884 35103399 1
4931 4925 35103409 1
4967 4975 35103419 1
4997 5024 35103429 1
5020 5067 35103439 1
5038 5091 35103449 1
5038 5102 35103459 1
5038 5102 35103469 1
5038 5102 35103479 1
5038 5095 35103489 1
5031 5069 35103499 1
5022 5028 35103509 1
5012 4968 35103519 1
5003 4884 35103529 1
4990 4785 35103539 1
4973 4685 35103549 1
4951 4554 35103559 1
4924 4403 35103569 1
4893 4218 35103579 1
4857 4044 35103589 1
4821 3878 35103599 1
4786 3745 35103609 1
4751 3664 35103619 1
4720 3617 35103629 1
4693 3599 35103639 1
4668 3599 35103649 1
4633 3615 35103659 1
4592 3663 35103669 1
4550 3754 35103679 1
4514 3873 35103689 1
4481 4006 35103699 1
4474 4133 35103709 1
4499 4235 35103719 1
4544 4322 35103729 1
4612 4400 35103739 1
4704 4462 35103749 1
4811 4514 35103759 1
4926 4552 35103769 1
5051 4586 35103779 1
6709 5371 35104270 0
6803 5433 35104280 1
6830 5469 35104290 1
6855 5505 35104300 1
6866 5540 35104310 1
6866 5572 35104320 1
6866 5598 35104330 1
6849 5619 35104340 1
6827 5636 35104350 1
6800 5651 35104360 1
6765 5663 35104370 1
6725 5671 35104380 1
6676 5671 35104390 1
6618 5666 35104400 1
6553 5647 35104410 1
6488 5601 35104420 1
6418 5539 35104430 1
6345 5447 35104440 1
6278 5333 35104450 1
6215 5204 35104460 1
6184 5079 35104470 1
6173 4950 35104480 1
6190 4816 35104490 1
6241 4707 35104500 1
6314 4615 35104510 1
6392 4560 35104520 1
6468 4533 35104530 1
6538 4525 35104540 1
6604 4536 35104550 1
6662 4563 35104560 1
6708 4601 35104570 1
6747 4651 35104580 1
6771 4702 35104590 1
6780 4753 35104600 1
6423 5100 35104691 0
6410 5041 35104701 1
6400 5041 35104711 1
6400 5075 35104721 1
6419 5075 35104731 1
6444 5082 35104741 1
6481 5082 35104751 1
6527 5082 35104761 1
6577 5076 35104771 1
6625 5076 35104781 1
6666 5081 35104791 1
6702 5086 35104801 1
6726 5092 35104811 1
6741 5100 35104821 1
6751 5105 35104831 1
6751 5105 35104841 1
6751 5111 35104851 1
6751 5111 35104861 1
6740 5111 35104871 1
6730 5111 35104881 1
6718 5101 35104891 1
6709 5076 35104901 1
6700 5042 35104911 1
6691 4988 35104921 1
6684 4928 35104931 1
6676 4857 35104941 1
6671 4783 35104951 1
6666 4706 35104961 1
6666 4646 35104971 1
6666 4596 35104981 1
6672 4554 35104991 1
6678 4525 35105001 1
6683 4511 35105011 1
6690 4511 35105021 1
6697 4511 35105031 1
6715 4524 35105041 1
7287 4762 35105141 0
7379 4793 35105151 1
7388 4824 35105161 1
7381 4859 35105171 1
7381 4896 35105181 1
7381 4932 35105191 1
7369 4968 35105201 1
7352 5002 35105211 1
7323 5037 35105221 1
7287 5072 35105231 1
7244 5090 35105241 1
7203 5098 35105251 1
7165 5083 35105261 1
7126 5053 35105271 1
7086 5013 35105281 1
7056 4961 35105291 1
7030 4894 35105301 1
7012 4817 35105311 1
7007 4732 35105321 1
7012 4671 35105331 1
7031 4626 35105341 1
7058 4601 35105351 1
7095 4596 35105361 1
7137 4605 35105371 1
7189 4637 35105381 1
7246 4684 35105391 1
7300 4741 35105401 1
7351 4801 35105412 1
7388 4858 35105422 1
7408 4894 35105432 1
7416 4918 35105442 1
7410 4918 35105452 1
7400 4918 35105462 1
7387 4906 35105472 1
7372 4878 35105482 1
7358 4842 35105492 1
7346 4795 35105502 1
7337 4744 35105512 1
7337 4697 35105522 1
7337 4654 35105532 1
7358 4622 35105542 1
7388 4599 35105552 1
7428 4581 35105562 1
7484 4581 35105572 1
7550 4599 35105582 1
7621 4634 35105592 1
7694 4681 35105602 1
7769 4739 35105612 1
7836 4804 35105622 1
7898 4867 35105632 1
7931 4912 35105642 1
7944 4944 35105652 1
7944 4963 35105662 1
7933 4981 35105672 1
7916 4997 35105682 1
7895 5012 35105692 1
7878 5026 35105702 1
7863 5034 35105712 1
7852 5034 35105722 1
7844 5034 35105732 1
7835 5026 35105742 1
7822 5004 35105752 1
7805 4973 35105762 1
7787 4927 35105772 1
7770 4873 35105782 1
7758 4801 35105792 1
7748 4737 35105802 1
7741 4678 35105812 1
7741 4629 35105822 1
7741 4600 35105832 1
7741 4585 35105842 1
7752 4585 35105852 1
7764 4592 35105862 1
7785 4612 35105872 1
7811 4658 35105882 1
7840 4713 35105892 1
7875 4775 35105902 1
7907 4833 35105912 1
7932 4887 35105922 1
7954 4923 35105932 1
7976 4948 35105942 1
7996 4948 35105952 1
8015 4948 35105962 1
8035 4928 35105972 1
8057 4896 35105982 1
8081 4858 35105992 1
8111 4819 35106002 1
8148 4777 35106012 1
8203 4749 35106022 1
8269 4731 35106032 1
8353 4725 35106042 1
8439 4731 35106052 1
8528 4746 35106062 1
8617 4800 35106072 1
8703 4871 35106082 1
8787 4954 35106083 1
8858 5028 35106093 1
8903 5092 35106103 1
8930 5150 35106113 1
8919 5199 35106123 1
8879 5252 35106133 1
8819 5309 35106143 1
8762 5335 35106153 1
8706 5340 35106163 1
8649 5330 35106173 1
8591 5295 35106183 1
8546 5246 35106193 1
8506 5189 35106203 1
8477 5119 35106213 1
8466 5048 35106223 1
8466 4990 35106233 1
8489 4942 35106243 1
8519 4911 35106253 1
8564 4901 35106263 1
8618 4901 35106273 1
8675 4929 35106283 1
8730 4962 35106293 1
8779 5002 35106303 1
8823 5043 35106313 1
8855 5082 35106323 1
8872 5117 35106333 1
8878 5146 35106343 1
8878 5167 35106353 1
8867 5178 35106363 1
8857 5178 35106373 1
8843 5160 35106383 1
8829 5130 35106393 1
8816 5078 35106403 1
8802 5005 35106413 1
8788 4917 35106423 1
8772 4785 35106433 1
8755 4647 35106443 1
8747 4471 35106453 1
8740 4272 35106463 1
8727 4092 35106473 1
8711 3928 35106483 1
8684 3775 35106493 1
8648 3638 35106503 1
8606 3536 35106513 1
8553 3457 35106523 1
8489 3398 35106533 1
8418 3363 35106543 1
8338 3344 35106553 1
8258 3358 35106563 1
8178 3409 35106573 1
8113 3486 35106583 1
8068 3599 35106593 1
8036 3733 35106603 1
8036 3882 35106613 1
8066 3974 35106623 1
8109 4060 35106633 1
8173 4135 35106643 1
8254 4199 35106653 1
8346 4252 35106663 1
8441 4298 35106673 1
8532 4340 35106683 1
