504
1060 5420 22320558 0
1045 5456 22320568 1
1025 5498 22320578 1
1007 5498 22320588 1
993 5498 22320598 1
970 5463 22320608 1
940 5405 22320618 1
922 5303 22320628 1
909 5179 22320638 1
914 5040 22320648 1
929 4887 22320658 1
951 4731 22320668 1
978 4611 22320678 1
1013 4516 22320688 1
1059 4462 22320698 1
1111 4432 22320708 1
1158 4418 22320718 1
1202 4418 22320728 1
1245 4460 22320738 1
1302 4522 22320748 1
1378 4645 22320758 1
1466 4780 22320768 1
1532 4923 22320778 1
1568 5002 22320788 1
1585 5039 22320798 1
1585 5049 22320808 1
1585 5049 22320818 1
1585 5041 22320828 1
1585 5002 22320838 1
1585 4941 22320848 1
1585 4852 22320858 1
1592 4747 22320868 1
1599 4632 22320878 1
1614 4522 22320888 1
1637 4426 22320898 1
1676 4340 22320908 1
1725 4290 22320918 1
1791 4274 22320928 1
1873 4280 22320938 1
1966 4329 22320948 1
2075 4394 22320958 1
2163 4469 22320968 1
2236 4540 22320969 1
2296 4611 22320979 1
2342 4697 22320989 1
2379 4793 22320999 1
2405 4917 22321009 1
2415 5066 22321019 1
2415 5231 22321029 1
2393 5430 22321039 1
2358 5603 22321049 1
2314 5760 22321059 1
2280 5874 22321069 1
2260 5939 22321079 1
2248 5971 22321089 1
2241 5988 22321099 1
2235 5981 22321109 1
3278 4980 22321509 0
3266 5042 22321519 1
3254 5054 22321529 1
3239 5061 22321539 1
3197 5055 22321549 1
3127 5021 22321559 1
3039 4970 22321569 1
2964 4893 22321579 1
2894 4810 22321589 1
2854 4718 22321599 1
2832 4622 22321609 1
2832 4522 22321619 1
2851 4455 22321629 1
2879 4409 22321639 1
2917 4391 22321649 1
2972 4417 22321659 1
3038 4473 22321669 1
3107 4567 22321679 1
3173 4668 22321689 1
3213 4773 22321699 1
3237 4860 22321709 1
3237 4911 22321719 1
3224 4937 22321729 1
3207 4942 22321739 1
3186 4923 22321749 1
3163 4889 22321759 1
3139 4821 22321769 1
3126 4746 22321779 1
3126 4666 22321789 1
3131 4585 22321799 1
3144 4522 22321809 1
3159 4472 22321819 1
3176 4431 22321829 1
3200 4400 22321839 1
3229 4377 22321849 1
3260 4359 22321859 1
3295 4351 22321869 1
3334 4351 22321879 1
3365 4356 22321889 1
3392 4374 22321899 1
3424 4400 22321909 1
3459 4449 22321919 1
3502 4506 22321929 1
3550 4568 22321939 1
3597 4623 22321949 1
3640 4675 22321959 1
3681 4717 22321960 1
3713 4752 22321970 1
3731 4770 22321980 1
3740 4777 22321990 1
3740 4777 22322000 1
3740 4777 22322010 1
3745 4735 22322020 1
3740 4672 22322030 1
3727 4596 22322040 1
3715 4517 22322050 1
3707 4460 22322060 1
3707 4418 22322070 1
3707 4405 22322080 1
3707 4405 22322090 1
3707 4412 22322100 1
3729 4454 22322110 1
3758 4522 22322120 1
3790 4607 22322130 1
3820 4679 22322140 1
3850 4748 22322150 1
3879 4811 22322160 1
3908 4856 22322170 1
3936 4890 22322180 1
3955 4898 22322190 1
3969 4889 22322200 1
3984 4870 22322210 1
3994 4836 22322220 1
4000 4793 22322230 1
4005 4743 22322240 1
4005 4693 22322250 1
4005 4644 22322260 1
4005 4594 22322270 1
4005 4546 22322280 1
4015 4498 22322290 1
4026 4460 22322300 1
4037 4428 22322310 1
4049 4405 22322320 1
4060 4387 22322330 1
4069 4372 22322340 1
4078 4359 22322350 1
4085 4349 22322360 1
4090 4342 22322370 1
4090 4335 22322380 1
4096 4335 22322390 1
4101 4335 22322400 1
4101 4328 22322410 1
4113 4328 22322420 1
4122 4328 22322430 1
4133 4328 22322440 1
4147 4328 22322450 1
4162 4335 22322460 1
4178 4335 22322470 1
4194 4343 22322480 1
4213 4349 22322490 1
4237 4357 22322500 1
4267 4367 22322510 1
4301 4381 22322520 1
4341 4399 22322530 1
4391 4425 22322540 1
4446 4458 22322550 1
4505 4495 22322560 1
4572 4538 22322570 1
4644 4587 22322580 1
4715 4639 22322590 1
4788 4692 22322600 1
4844 4756 22322610 1
4888 4827 22322620 1
4928 4896 22322630 1
4953 4959 22322640 1
4968 5014 22322650 1
4968 5069 22322660 1
4958 5125 22322670 1
4936 5170 22322680 1
4908 5212 22322690 1
4885 5234 22322700 1
4866 5245 22322710 1
4851 5245 22322720 1
4826 5223 22322730 1
4794 5184 22322740 1
4745 5129 22322750 1
4697 5072 22322760 1
4649 5015 22322770 1
4615 4971 22322780 1
4586 4934 22322790 1
4566 4897 22322800 1
4552 4855 22322810 1
4540 4803 22322820 1
4533 4756 22322830 1
4527 4713 22322840 1
4527 4678 22322850 1
4521 4652 22322860 1
4521 4632 22322870 1
4526 4613 22322880 1
4533 4595 22322890 1
4546 4578 22322900 1
4560 4566 22322910 1
4573 4555 22322920 1
4585 4555 22322930 1
4615 4560 22322940 1
4655 4575 22322950 1
4710 4611 22322960 1
4756 4645 22322970 1
4797 4679 22322980 1
4820 4696 22322990 1
4831 4708 22323000 1
4831 4708 22323010 1
4831 4708 22323020 1
4831 4708 22323030 1
4831 4708 22323040 1
4831 4708 22323050 1
4831 4708 22323060 1
4831 4701 22323070 1
4831 4692 22323080 1
4831 4677 22323090 1
4825 4638 22323100 1
4825 4585 22323110 1
4818 4509 22323120 1
4818 4428 22323130 1
4818 4330 22323140 1
4806 4223 22323150 1
4785 4103 22323160 1
4730 3966 22323170 1
4661 3818 22323180 1
4582 3673 22323190 1
4505 3565 22323200 1
4447 3482 22323210 1
4401 3436 22323220 1
4378 3419 22323230 1
4357 3419 22323240 1
4341 3431 22323250 1
4326 3482 22323260 1
4356 3560 22323270 1
4414 3711 22323280 1
4532 3899 22323290 1
4667 4113 22323300 1
4814 4293 22323310 1
4918 4443 22323320 1
5006 4572 22323330 1
5083 4648 22323340 1
7200 5893 22324293 0
7181 5939 22324303 1
7145 5995 22324313 1
7116 6048 22324323 1
7085 6101 22324333 1
7029 6154 22324343 1
6957 6147 22324353 1
6866 6147 22324363 1
6751 6147 22324373 1
6621 6088 22324383 1
6510 5986 22324393 1
6396 5854 22324403 1
6272 5685 22324413 1
6143 5515 22324423 1
6039 5322 22324433 1
5983 5114 22324443 1
5960 4942 22324453 1
5995 4814 22324463 1
6070 4715 22324473 1
6171 4677 22324483 1
6296 4671 22324493 1
6421 4686 22324503 1
6549 4727 22324513 1
6681 4804 22324523 1
6819 4904 22324533 1
6913 4987 22324543 1
6977 5051 22324553 1
7010 5102 22324563 1
6778 5251 22324664 0
6744 5178 22324674 1
6730 5164 22324684 1
6710 5159 22324694 1
6727 5146 22324704 1
6762 5137 22324714 1
6808 5142 22324724 1
6878 5157 22324734 1
6948 5187 22324744 1
7020 5215 22324754 1
7076 5242 22324764 1
7122 5252 22324774 1
7141 5257 22324784 1
7152 5251 22324794 1
7157 5237 22324804 1
7157 5184 22324814 1
7157 5106 22324824 1
7138 5002 22324834 1
7118 4879 22324844 1
7096 4743 22324854 1
7072 4642 22324864 1
7058 4557 22324874 1
7048 4484 22324884 1
7048 4430 22324894 1
7053 4401 22324904 1
7062 4390 22324914 1
7072 4390 22324924 1
8131 4928 22325245 0
8108 4964 22325255 1
8077 5011 22325265 1
8035 5078 22325275 1
8006 5116 22325285 1
7975 5150 22325295 1
7940 5150 22325305 1
7885 5124 22325315 1
7815 5062 22325325 1
7741 4973 22325335 1
7672 4866 22325345 1
7627 4740 22325355 1
7596 4631 22325365 1
7596 4533 22325375 1
7629 4468 22325385 1
7678 4439 22325395 1
7742 4439 22325405 1
7827 4481 22325415 1
7927 4570 22325425 1
8007 4689 22325435 1
8061 4806 22325445 1
8097 4893 22325455 1
8107 4961 22325465 1
8107 4983 22325475 1
8090 4990 22325485 1
8076 4990 22325495 1
8055 4961 22325505 1
8029 4914 22325515 1
8013 4852 22325525 1
8003 4779 22325535 1
8003 4703 22325545 1
8010 4626 22325555 1
8026 4550 22325565 1
8048 4483 22325575 1
8071 4423 22325585 1
8092 4382 22325595 1
8111 4358 22325605 1
8130 4345 22325615 1
8151 4345 22325625 1
8196 4383 22325635 1
8255 4438 22325645 1
8333 4525 22325655 1
8408 4613 22325665 1
8481 4703 22325675 1
8532 4775 22325685 1
8571 4826 22325695 1
8602 4864 22325705 1
8618 4886 22325715 1
8630 4902 22325725 1
8639 4907 22325735 1
8639 4907 22325745 1
8639 4907 22325755 1
8639 4876 22325765 1
8639 4829 22325775 1
8615 4735 22325785 1
8585 4641 22325795 1
8557 4546 22325805 1
8533 4470 22325815 1
8518 4406 22325825 1
8511 4378 22325835 1
8511 4369 22325845 1
8511 4369 22325855 1
8511 4386 22325865 1
8525 4437 22325875 1
8554 4513 22325885 1
8587 4587 22325895 1
8622 4664 22325905 1
8660 4745 22325915 1
8700 4828 22325925 1
8748 4914 22325935 1
8801 4978 22325945 1
8860 5028 22325955 1
8900 5052 22325965 1
8929 5052 22325975 1
8947 5040 22325985 1
8953 5015 22325995 1
8953 4969 22326005 1
8937 4908 22326015 1
8920 4836 22326025 1
8901 4757 22326035 1
8894 4674 22326045 1
8894 4604 22326055 1
8901 4548 22326065 1
8917 4501 22326075 1
8936 4480 22326085 1
8954 4470 22326095 1
8967 4470 22326105 1
8978 4470 22326115 1
8999 4470 22326125 1
9025 4483 22326135 1
9057 4498 22326145 1
9087 4515 22326155 1
9115 4533 22326165 1
9144 4559 22326175 1
9173 4592 22326185 1
9204 4630 22326195 1
9250 4671 22326205 1
9306 4715 22326215 1
9368 4760 22326225 1
9428 4802 22326235 1
9468 4837 22326245 1
9496 4861 22326255 1
9521 4885 22326265 1
9540 4910 22326275 1
9556 4933 22326285 1
9573 4954 22326295 1
9586 4970 22326305 1
9597 4981 22326306 1
9597 4981 22326316 1
9597 4981 22326326 1
9597 4981 22326336 1
9597 4981 22326346 1
9597 4981 22326356 1
9597 4981 22326366 1
9597 4981 22326376 1
9597 4981 22326386 1
9597 4981 22326396 1
9615 5017 22326406 1
9620 5029 22326416 1
9620 5039 22326426 1
9628 5046 22326436 1
9633 5046 22326446 1
9638 5090 22326456 1
9646 5119 22326466 1
9646 5141 22326476 1
9651 5178 22326486 1
9646 5217 22326496 1
9634 5257 22326506 1
9617 5289 22326516 1
9593 5318 22326526 1
9568 5340 22326536 1
9542 5353 22326546 1
9514 5358 22326556 1
9480 5344 22326566 1
9443 5319 22326576 1
9405 5284 22326586 1
9362 5244 22326596 1
9316 5198 22326606 1
9277 5153 22326616 1
9240 5109 22326626 1
9218 5069 22326636 1
9206 5033 22326646 1
9206 4996 22326656 1
9211 4958 22326666 1
9221 4926 22326676 1
9229 4899 22326686 1
9237 4878 22326696 1
9245 4861 22326706 1
9251 4846 22326716 1
9251 4832 22326726 1
9259 4819 22326736 1
9259 4807 22326746 1
9269 4795 22326756 1
9275 4787 22326766 1
9282 4782 22326776 1
9293 4775 22326786 1
9315 4775 22326796 1
9344 4768 22326806 1
9379 4775 22326816 1
9414 4787 22326826 1
9441 4802 22326836 1
9463 4826 22326846 1
9490 4857 22326856 1
9518 4892 22326866 1
9547 4927 22326876 1
9575 4958 22326886 1
9589 4970 22326896 1
9595 4970 22326906 1
9595 4970 22326916 1
9595 4970 22326926 1
9595 4959 22326936 1
9590 4947 22326946 1
9590 4935 22326956 1
9584 4922 22326966 1
9579 4907 22326976 1
9574 4889 22326986 1
9568 4855 22326996 1
9559 4805 22327006 1
9547 4744 22327016 1
9539 4690 22327026 1
9532 4633 22327036 1
9525 4557 22327046 1
9516 4469 22327056 1
9509 4363 22327066 1
9489 4238 22327076 1
9461 4100 22327086 1
9414 3969 22327096 1
9367 3866 22327106 1
9321 3783 22327116 1
9288 3741 22327126 1
9255 3724 22327136 1
9224 3724 22327146 1
9195 3742 22327156 1
9167 3772 22327166 1
9142 3809 22327176 1
9124 3861 22327186 1
9142 3943 22327196 1
9182 4046 22327206 1
9288 4201 22327216 1
9417 4369 22327226 1
9560 4547 22327236 1
9692 4666 22327246 1
9802 4752 22327256 1
9897 4816 22327266 1
9957 4850 22327276 1
9998 4884 22327286 1
10026 4920 22327296 1
