490
1990 5005 22337653 0
2007 5058 22337663 1
1960 5112 22337673 1
1945 5123 22337683 1
1930 5106 22337693 1
1905 5055 22337703 1
1872 4967 22337713 1
1841 4855 22337723 1
1815 4717 22337733 1
1807 4579 22337743 1
1807 4426 22337753 1
1822 4264 22337763 1
1842 4120 22337773 1
1872 4032 22337783 1
1908 3981 22337793 1
1949 3969 22337803 1
2000 3994 22337813 1
2075 4045 22337823 1
2164 4145 22337833 1
2245 4255 22337843 1
2311 4372 22337853 1
2366 4441 22337863 1
2395 4466 22337873 1
2408 4466 22337883 1
2408 4449 22337893 1
2417 4410 22337903 1
2424 4353 22337913 1
2432 4246 22337923 1
2451 4134 22337933 1
2482 4017 22337943 1
2524 3919 22337953 1
2574 3834 22337963 1
2649 3788 22337973 1
2741 3782 22337983 1
2835 3804 22337993 1
2935 3855 22338003 1
3028 3932 22338013 1
3114 4027 22338023 1
3182 4132 22338033 1
3235 4254 22338043 1
3278 4387 22338053 1
3305 4518 22338063 1
3315 4649 22338063 1
3315 4796 22338073 1
3294 4955 22338083 1
3278 5096 22338093 1
3268 5184 22338103 1
3268 5238 22338113 1
3261 5197 22338123 1
3261 5188 22338133 1
3253 5201 22338143 1
4194 4411 22338474 0
4194 4458 22338484 1
4175 4477 22338494 1
4148 4494 22338504 1
4102 4504 22338514 1
4041 4492 22338524 1
3971 4466 22338534 1
3914 4412 22338544 1
3861 4337 22338554 1
3818 4248 22338564 1
3786 4142 22338574 1
3770 4053 22338584 1
3765 3976 22338594 1
3775 3923 22338604 1
3790 3896 22338614 1
3815 3887 22338624 1
3849 3903 22338634 1
3892 3954 22338644 1
3940 4028 22338654 1
3978 4092 22338664 1
4010 4152 22338674 1
4032 4203 22338684 1
4044 4249 22338694 1
4049 4287 22338704 1
4049 4303 22338714 1
4049 4303 22338724 1
4049 4303 22338734 1
4049 4303 22338744 1
4049 4272 22338754 1
4049 4224 22338764 1
4049 4158 22338774 1
4049 4090 22338784 1
4049 4016 22338794 1
4049 3953 22338804 1
4057 3898 22338814 1
4068 3845 22338824 1
4083 3803 22338834 1
4103 3769 22338844 1
4122 3750 22338854 1
4142 3744 22338864 1
4163 3744 22338874 1
4202 3770 22338884 1
4244 3804 22338894 1
4290 3846 22338904 1
4332 3880 22338914 1
4371 3912 22338924 1
4410 3943 22338934 1
4449 3977 22338944 1
4488 4013 22338954 1
4524 4053 22338964 1
4561 4099 22338974 1
4601 4150 22338984 1
4642 4196 22338994 1
4673 4237 22339004 1
4696 4259 22339014 1
4703 4269 22339024 1
4703 4258 22339034 1
4703 4242 22339044 1
4703 4215 22339054 1
4696 4152 22339064 1
4673 4066 22339074 1
4641 3975 22339084 1
4623 3907 22339094 1
4614 3854 22339104 1
4608 3820 22339114 1
4608 3809 22339124 1
4608 3809 22339134 1
4608 3817 22339144 1
4614 3851 22339154 1
4642 3905 22339164 1
4686 3989 22339174 1
4748 4078 22339184 1
4810 4171 22339194 1
4865 4256 22339204 1
4916 4318 22339214 1
4951 4365 22339224 1
4973 4380 22339234 1
4987 4380 22339244 1
4994 4359 22339254 1
4999 4331 22339264 1
4999 4290 22339274 1
4999 4241 22339284 1
4999 4176 22339294 1
4990 4111 22339304 1
4990 4046 22339314 1
4984 3985 22339324 1
4984 3929 22339334 1
4994 3877 22339344 1
5006 3841 22339354 1
5019 3818 22339364 1
5033 3805 22339374 1
5049 3805 22339384 1
5067 3805 22339394 1
5080 3805 22339404 1
5090 3810 22339414 1
5097 3815 22339424 1
5104 3815 22339434 1
5104 3820 22339444 1
5110 3820 22339454 1
5110 3820 22339464 1
5110 3820 22339474 1
5110 3820 22339484 1
5110 3820 22339494 1
5115 3820 22339504 1
5115 3820 22339514 1
5115 3820 22339524 1
5115 3825 22339534 1
5115 3825 22339544 1
5115 3825 22339554 1
5115 3825 22339564 1
5115 3825 22339574 1
5115 3825 22339584 1
5115 3825 22339594 1
5122 3825 22339604 1
5133 3825 22339614 1
5158 3816 22339624 1
5190 3808 22339634 1
5233 3808 22339644 1
5271 3808 22339654 1
5305 3817 22339664 1
5337 3840 22339674 1
5374 3874 22339684 1
5427 3938 22339694 1
5488 4001 22339704 1
5543 4064 22339714 1
5598 4123 22339724 1
5649 4185 22339734 1
5696 4250 22339744 1
5743 4318 22339754 1
5766 4368 22339764 1
5773 4407 22339774 1
5778 4455 22339784 1
5778 4497 22339794 1
5769 4532 22339804 1
5755 4562 22339814 1
5735 4588 22339824 1
5712 4606 22339834 1
5681 4614 22339844 1
5634 4603 22339854 1
5577 4581 22339864 1
5508 4528 22339874 1
5448 4465 22339884 1
5393 4396 22339894 1
5359 4329 22339904 1
5343 4275 22339914 1
5338 4231 22339924 1
5332 4193 22339934 1
5327 4152 22339944 1
5327 4107 22339954 1
5327 4060 22339964 1
5327 4014 22339974 1
5327 3976 22339984 1
5327 3944 22339994 1
5327 3934 22340004 1
5338 3934 22340014 1
5353 3934 22340024 1
5385 3942 22340034 1
5426 3956 22340044 1
5466 3973 22340054 1
5492 3980 22340064 1
5508 3980 22340074 1
5525 3987 22340084 1
5543 3994 22340094 1
5561 4004 22340104 1
5585 4012 22340114 1
5600 4019 22340124 1
5608 4019 22340134 1
5608 3997 22340144 1
5608 3964 22340154 1
5596 3896 22340164 1
5569 3807 22340174 1
5544 3704 22340184 1
5499 3571 22340194 1
5441 3391 22340204 1
5364 3181 22340214 1
5284 2988 22340224 1
5201 2864 22340234 1
5150 2785 22340244 1
5110 2754 22340254 1
5077 2760 22340264 1
5053 2790 22340274 1
5053 2881 22340284 1
5061 3001 22340294 1
5111 3140 22340304 1
5212 3326 22340314 1
5348 3511 22340324 1
5503 3695 22340334 1
5671 3875 22340344 1
5847 4006 22340354 1
5962 4104 22340364 1
6049 4155 22340374 1
6118 4167 22340384 1
8019 5350 22341198 0
7907 5371 22341208 1
7811 5461 22341218 1
7719 5527 22341228 1
7638 5577 22341238 1
7563 5610 22341248 1
7487 5584 22341258 1
7398 5520 22341268 1
7303 5397 22341278 1
7203 5249 22341288 1
7124 5085 22341298 1
7059 4923 22341308 1
7019 4749 22341318 1
7003 4567 22341328 1
7003 4434 22341338 1
7034 4343 22341348 1
7091 4279 22341358 1
7165 4256 22341368 1
7264 4263 22341378 1
7358 4290 22341388 1
7448 4337 22341398 1
7516 4386 22341408 1
7570 4437 22341418 1
7614 4493 22341428 1
7655 4554 22341438 1
7699 4618 22341448 1
7744 4678 22341458 1
7632 4809 22341558 0
7643 4743 22341568 1
7587 4755 22341578 1
7563 4755 22341588 1
7563 4749 22341598 1
7563 4754 22341608 1
7584 4780 22341618 1
7619 4820 22341628 1
7670 4857 22341638 1
7726 4888 22341648 1
7792 4907 22341658 1
7848 4919 22341668 1
7896 4919 22341678 1
7919 4905 22341688 1
7926 4888 22341698 1
7926 4845 22341708 1
7908 4784 22341718 1
7880 4693 22341728 1
7842 4596 22341738 1
7817 4492 22341748 1
7795 4384 22341758 1
7777 4275 22341768 1
7761 4165 22341778 1
7750 4080 22341788 1
7750 4009 22341798 1
7756 3957 22341808 1
7767 3932 22341818 1
7776 3924 22341828 1
7782 3924 22341838 1
7791 3940 22341848 1
7802 3960 22341858 1
8846 4708 22342189 0
8794 4765 22342199 1
8753 4782 22342209 1
8712 4788 22342219 1
8669 4777 22342229 1
8618 4745 22342239 1
8563 4699 22342249 1
8499 4630 22342259 1
8438 4547 22342269 1
8386 4455 22342279 1
8358 4356 22342289 1
8344 4276 22342299 1
8361 4210 22342309 1
8392 4176 22342319 1
8431 4167 22342329 1
8476 4176 22342339 1
8523 4212 22342349 1
8573 4282 22342359 1
8627 4375 22342369 1
8681 4474 22342379 1
8722 4572 22342389 1
8755 4644 22342399 1
8763 4699 22342409 1
8763 4723 22342419 1
8754 4729 22342429 1
8746 4723 22342439 1
8730 4706 22342449 1
8709 4652 22342459 1
8693 4573 22342469 1
8679 4495 22342479 1
8671 4417 22342489 1
8671 4351 22342499 1
8671 4294 22342509 1
8671 4251 22342519 1
8681 4208 22342529 1
8692 4166 22342539 1
8707 4132 22342549 1
8723 4108 22342559 1
8739 4090 22342570 1
8739 4090 22342580 1
8764 4083 22342590 1
8788 4089 22342600 1
8814 4100 22342610 1
8847 4113 22342620 1
8885 4128 22342630 1
8928 4153 22342640 1
8969 4186 22342650 1
9006 4225 22342660 1
9042 4277 22342670 1
9078 4328 22342680 1
9110 4381 22342690 1
9140 4436 22342700 1
9176 4485 22342710 1
9213 4530 22342720 1
9251 4567 22342730 1
9270 4599 22342740 1
9277 4605 22342750 1
9277 4599 22342760 1
9277 4586 22342770 1
9277 4570 22342780 1
9277 4525 22342790 1
9265 4460 22342800 1
9249 4381 22342810 1
9230 4299 22342820 1
9213 4234 22342830 1
9198 4182 22342840 1
9191 4157 22342850 1
9191 4151 22342860 1
9191 4157 22342870 1
9202 4184 22342880 1
9233 4240 22342890 1
9277 4316 22342900 1
9323 4395 22342910 1
9372 4474 22342920 1
9423 4554 22342930 1
9476 4622 22342940 1
9531 4684 22342950 1
9572 4718 22342960 1
9603 4735 22342970 1
9614 4735 22342980 1
9622 4725 22342990 1
9627 4700 22343000 1
9627 4666 22343010 1
9627 4605 22343020 1
9611 4529 22343030 1
9593 4442 22343040 1
9581 4370 22343050 1
9581 4312 22343060 1
9581 4263 22343070 1
9593 4225 22343080 1
9612 4196 22343090 1
9638 4172 22343100 1
9666 4160 22343110 1
9695 4160 22343120 1
9719 4160 22343130 1
9741 4172 22343140 1
9765 4191 22343150 1
9791 4217 22343160 1
9822 4241 22343170 1
9858 4269 22343180 1
9896 4301 22343190 1
9937 4332 22343200 1
9979 4359 22343210 1
10020 4388 22343220 1
10062 4419 22343230 1
10104 4450 22343240 1
10138 4479 22343250 1
10166 4502 22343260 1
10187 4520 22343270 1
10201 4529 22343280 1
10209 4540 22343290 1
10219 4553 22343300 1
10228 4561 22343310 1
10235 4567 22343320 1
10235 4567 22343330 1
10235 4567 22343340 1
10240 4567 22343350 1
10240 4575 22343360 1
10240 4581 22343370 1
10247 4587 22343380 1
10247 4595 22343390 1
10255 4604 22343400 1
10262 4617 22343410 1
10273 4640 22343420 1
10286 4669 22343430 1
10299 4706 22343440 1
10306 4748 22343450 1
10306 4793 22343460 1
10306 4836 22343470 1
10291 4877 22343480 1
10270 4913 22343490 1
10244 4949 22343500 1
10215 4984 22343510 1
10184 4999 22343520 1
10164 4999 22343530 1
10144 4999 22343540 1
10122 4975 22343550 1
10080 4936 22343560 1
10024 4876 22343570 1
9973 4814 22343580 1
9918 4749 22343590 1
9860 4697 22343600 1
9828 4654 22343610 1
9815 4615 22343620 1
9815 4579 22343630 1
9831 4544 22343640 1
9848 4512 22343650 1
9868 4485 22343660 1
9888 4462 22343670 1
9907 4443 22343680 1
9925 4428 22343690 1
9952 4415 22343700 1
9981 4415 22343710 1
10016 4427 22343720 1
10062 4453 22343730 1
10109 4485 22343740 1
10145 4512 22343750 1
10175 4535 22343760 1
10189 4545 22343770 1
10194 4551 22343780 1
10194 4551 22343790 1
10194 4541 22343800 1
10194 4535 22343810 1
10194 4535 22343820 1
10194 4514 22343830 1
10183 4474 22343840 1
10167 4419 22343850 1
10153 4335 22343860 1
10124 4229 22343870 1
10086 4109 22343880 1
10030 3971 22343890 1
9960 3820 22343900 1
9881 3661 22343910 1
9817 3544 22343920 1
9756 3451 22343930 1
9700 3373 22343940 1
9645 3317 22343950 1
9595 3295 22343960 1
9557 3295 22343970 1
9546 3317 22343980 1
9552 3408 22343990 1
9620 3547 22344000 1
9751 3743 22344010 1
9924 3966 22344020 1
10116 4208 22344030 1
10283 4386 22344040 1
10434 4500 22344050 1
10533 4572 22344060 1
10599 4607 22344070 1
