430
1840 5274 8209627 0
1840 5320 8209637 1
1840 5374 8209647 1
1833 5398 8209657 1
1833 5417 8209667 1
1823 5426 8209677 1
1823 5426 8209687 1
1823 5426 8209697 1
1823 5420 8209707 1
1823 5355 8209717 1
1823 5251 8209727 1
1823 5122 8209737 1
1831 4992 8209747 1
1840 4862 8209757 1
1858 4731 8209767 1
1882 4641 8209777 1
1911 4579 8209787 1
1947 4556 8209797 1
1987 4551 8209807 1
2030 4559 8209817 1
2075 4594 8209827 1
2120 4649 8209837 1
2160 4718 8209847 1
2199 4797 8209857 1
2226 4875 8209867 1
2249 4936 8209877 1
2270 4987 8209887 1
2284 5023 8209897 1
2292 5041 8209907 1
2292 5047 8209917 1
2297 5047 8209927 1
2297 5041 8209937 1
2310 5003 8209947 1
2326 4942 8209957 1
2349 4838 8209967 1
2389 4749 8209977 1
2442 4670 8209987 1
2507 4622 8209997 1
2574 4601 8210007 1
2645 4601 8210017 1
2719 4623 8210027 1
2786 4670 8210037 1
2850 4733 8210047 1
2900 4821 8210057 1
2941 4914 8210067 1
2975 5010 8210077 1
2990 5099 8210087 1
2990 5188 8210097 1
2968 5275 8210107 1
2945 5361 8210117 1
2919 5416 8210127 1
2892 5451 8210137 1
2866 5475 8210147 1
2837 5484 8210157 1
2806 5484 8210167 1
2780 5484 8210177 1
2755 5484 8210187 1
2733 5477 8210197 1
3751 4867 8210368 0
3744 4915 8210378 1
3709 4948 8210388 1
3691 4985 8210398 1
3675 5029 8210408 1
3662 5078 8210418 1
3649 5110 8210428 1
3634 5137 8210438 1
3609 5155 8210448 1
3578 5165 8210458 1
3547 5165 8210468 1
3507 5142 8210478 1
3460 5105 8210488 1
3418 5045 8210498 1
3380 4968 8210508 1
3352 4879 8210518 1
3346 4780 8210528 1
3352 4694 8210538 1
3380 4644 8210548 1
3412 4614 8210558 1
3455 4601 8210568 1
3503 4609 8210578 1
3554 4630 8210588 1
3606 4674 8210598 1
3650 4731 8210608 1
3688 4797 8210618 1
3709 4855 8210628 1
3719 4896 8210638 1
3719 4925 8210648 1
3714 4937 8210658 1
3708 4945 8210668 1
3701 4945 8210678 1
3687 4930 8210688 1
3670 4906 8210698 1
3658 4869 8210708 1
3649 4823 8210718 1
3649 4764 8210728 1
3649 4711 8210738 1
3665 4662 8210748 1
3698 4615 8210758 1
3742 4577 8210768 1
3792 4544 8210778 1
3848 4535 8210788 1
3921 4550 8210798 1
4003 4581 8210808 1
4087 4629 8210818 1
4170 4687 8210828 1
4236 4752 8210838 1
4292 4820 8210848 1
4327 4880 8210858 1
4345 4924 8210868 1
4351 4959 8210878 1
4351 4979 8210888 1
4339 4991 8210898 1
4326 4999 8210908 1
4314 5004 8210918 1
4304 5004 8210928 1
4297 5004 8210938 1
4291 5004 8210948 1
4284 4997 8210958 1
4277 4972 8210968 1
4268 4934 8210978 1
4257 4876 8210988 1
4246 4803 8210998 1
4237 4721 8211008 1
4231 4652 8211018 1
4231 4603 8211028 1
4231 4568 8211038 1
4239 4551 8211048 1
4245 4551 8211058 1
4250 4551 8211068 1
4259 4571 8211078 1
4270 4617 8211088 1
4281 4681 8211098 1
4293 4747 8211108 1
4307 4807 8211118 1
4324 4863 8211128 1
4345 4894 8211138 1
4367 4920 8211148 1
4390 4937 8211158 1
4414 4946 8211168 1
4438 4946 8211178 1
4458 4946 8211188 1
4477 4939 8211198 1
4488 4923 8211208 1
4494 4887 8211218 1
4494 4838 8211228 1
4494 4774 8211238 1
4494 4716 8211248 1
4494 4661 8211258 1
4508 4618 8211268 1
4529 4582 8211278 1
4558 4550 8211288 1
4592 4532 8211298 1
4646 4526 8211308 1
4712 4526 8211318 1
4792 4539 8211328 1
4863 4566 8211338 1
4929 4604 8211348 1
4995 4653 8211358 1
5056 4716 8211368 1
5113 4789 8211378 1
5164 4864 8211388 1
5196 4932 8211398 1
5214 4987 8211408 1
5208 5037 8211418 1
5186 5086 8211428 1
5153 5133 8211438 1
5118 5155 8211448 1
5083 5164 8211458 1
5042 5149 8211468 1
4997 5102 8211478 1
4947 5033 8211488 1
4903 4942 8211498 1
4862 4851 8211508 1
4849 4762 8211518 1
4857 4699 8211528 1
4879 4650 8211538 1
4920 4621 8211548 1
4967 4611 8211558 1
5026 4611 8211568 1
5089 4640 8211578 1
5153 4681 8211588 1
5199 4732 8211598 1
5234 4783 8211608 1
5249 4832 8211618 1
5249 4874 8211628 1
5249 4900 8211638 1
5240 4918 8211648 1
5232 4927 8211658 1
5220 4936 8211668 1
5205 4929 8211678 1
5188 4911 8211688 1
5171 4863 8211698 1
5153 4776 8211708 1
5142 4663 8211718 1
5131 4527 8211728 1
5122 4385 8211738 1
5114 4227 8211748 1
5103 4060 8211758 1
5082 3915 8211768 1
5055 3769 8211778 1
5019 3625 8211788 1
4978 3509 8211798 1
4933 3410 8211808 1
4895 3340 8211818 1
4860 3307 8211828 1
4829 3300 8211838 1
4780 3336 8211848 1
4719 3419 8211858 1
4670 3533 8211868 1
4639 3660 8211878 1
4619 3784 8211888 1
4602 3901 8211898 1
4602 3988 8211908 1
4608 4056 8211918 1
4631 4132 8211928 1
4658 4190 8211938 1
7016 4843 8212351 0
7118 4973 8212361 1
7153 5054 8212371 1
7186 5133 8212381 1
7218 5214 8212391 1
7232 5296 8212401 1
7232 5387 8212411 1
7212 5449 8212421 1
7176 5491 8212431 1
7130 5517 8212441 1
7078 5517 8212451 1
7016 5496 8212461 1
6942 5433 8212471 1
6860 5331 8212481 1
6758 5204 8212491 1
6662 5054 8212501 1
6595 4874 8212511 1
6546 4673 8212521 1
6529 4496 8212531 1
6558 4368 8212541 1
6617 4273 8212551 1
6699 4215 8212561 1
6795 4194 8212571 1
6900 4194 8212581 1
6986 4233 8212591 1
7059 4282 8212601 1
7123 4340 8212611 1
7168 4397 8212621 1
7195 4452 8212631 1
7211 4500 8212641 1
6952 4684 8212702 0
6859 4687 8212712 1
6803 4664 8212722 1
6781 4664 8212732 1
6788 4670 8212742 1
6798 4677 8212752 1
6809 4683 8212762 1
6845 4683 8212772 1
6898 4692 8212782 1
6960 4700 8212792 1
7022 4700 8212802 1
7079 4694 8212812 1
7133 4694 8212822 1
7180 4694 8212832 1
7210 4694 8212842 1
7229 4694 8212852 1
7239 4686 8212862 1
7239 4660 8212872 1
7239 4622 8212882 1
7223 4559 8212892 1
7210 4491 8212902 1
7195 4421 8212912 1
7185 4351 8212922 1
7177 4283 8212932 1
7177 4231 8212942 1
7172 4189 8212952 1
7177 4169 8212962 1
7186 4163 8212972 1
7195 4163 8212982 1
7204 4172 8212992 1
7213 4192 8213002 1
7225 4221 8213012 1
7818 4451 8213122 0
7896 4519 8213132 1
7904 4547 8213142 1
7912 4586 8213152 1
7920 4639 8213162 1
7920 4698 8213172 1
7908 4742 8213182 1
7881 4782 8213192 1
7844 4802 8213202 1
7801 4810 8213212 1
7750 4782 8213222 1
7698 4736 8213232 1
7648 4677 8213242 1
7601 4618 8213252 1
7563 4556 8213262 1
7542 4489 8213272 1
7531 4421 8213282 1
7540 4356 8213293 1
7573 4313 8213303 1
7623 4283 8213313 1
7681 4273 8213323 1
7747 4284 8213333 1
7817 4308 8213343 1
7878 4342 8213353 1
7929 4388 8213363 1
7973 4441 8213373 1
8010 4495 8213383 1
8034 4541 8213393 1
8048 4576 8213403 1
8054 4596 8213413 1
8054 4606 8213423 1
8040 4606 8213433 1
8024 4601 8213443 1
8007 4586 8213453 1
7989 4555 8213463 1
7973 4515 8213473 1
7960 4463 8213483 1
7954 4412 8213493 1
7959 4361 8213503 1
7971 4317 8213513 1
7993 4283 8213523 1
8029 4257 8213533 1
8074 4257 8213543 1
8132 4257 8213553 1
8192 4272 8213563 1
8251 4305 8213573 1
8305 4347 8213583 1
8355 4394 8213593 1
8394 4450 8213603 1
8426 4505 8213613 1
8454 4558 8213623 1
8474 4607 8213633 1
8486 4646 8213643 1
8493 4665 8213653 1
8493 4672 8213663 1
8493 4672 8213673 1
8487 4672 8213683 1
8479 4645 8213693 1
8467 4607 8213703 1
8455 4549 8213713 1
8439 4481 8213723 1
8421 4406 8213733 1
8412 4341 8213743 1
8405 4290 8213753 1
8405 4249 8213763 1
8410 4236 8213773 1
8420 4236 8213783 1
8431 4256 8213793 1
8446 4297 8213803 1
8468 4366 8213813 1
8495 4454 8213823 1
8523 4525 8213833 1
8544 4565 8213843 1
8559 4585 8213853 1
8569 4585 8213863 1
8578 4585 8213873 1
8587 4576 8213883 1
8600 4560 8213893 1
8615 4535 8213903 1
8635 4501 8213913 1
8662 4460 8213923 1
8690 4420 8213924 1
8734 4382 8213934 1
8788 4338 8213944 1
8840 4304 8213954 1
8899 4276 8213964 1
8972 4235 8213974 1
9056 4230 8213984 1
9148 4248 8213994 1
9239 4307 8214004 1
9331 4379 8214014 1
9419 4460 8214024 1
9481 4546 8214034 1
9529 4641 8214044 1
9553 4742 8214054 1
9553 4845 8214064 1
9535 4901 8214074 1
9501 4927 8214084 1
9455 4939 8214094 1
9400 4939 8214104 1
9345 4925 8214114 1
9291 4903 8214124 1
9241 4865 8214134 1
9192 4817 8214144 1
9145 4750 8214154 1
9115 4679 8214164 1
9103 4601 8214174 1
9103 4524 8214184 1
9130 4445 8214194 1
9180 4388 8214204 1
9245 4347 8214214 1
9334 4355 8214224 1
9403 4371 8214234 1
9458 4392 8214244 1
9494 4427 8214254 1
9517 4473 8214264 1
9531 4527 8214274 1
9531 4574 8214284 1
9518 4619 8214294 1
9500 4659 8214304 1
9488 4695 8214314 1
9476 4710 8214324 1
9464 4710 8214334 1
9452 4683 8214344 1
9435 4627 8214354 1
9416 4553 8214364 1
9404 4455 8214374 1
9396 4334 8214384 1
9396 4197 8214394 1
9396 4061 8214404 1
9402 3920 8214414 1
9415 3773 8214424 1
9422 3623 8214434 1
9427 3479 8214444 1
9413 3338 8214454 1
9387 3199 8214464 1
9348 3081 8214474 1
9307 3000 8214484 1
9264 2944 8214494 1
9222 2927 8214504 1
9174 2940 8214514 1
9123 2972 8214524 1
9069 3045 8214534 1
9018 3140 8214544 1
8970 3251 8214554 1
8950 3355 8214564 1
8934 3459 8214574 1
8934 3561 8214584 1
8952 3652 8214594 1
8983 3738 8214604 1
9035 3807 8214614 1
9102 3862 8214624 1
