465
2070 5811 25059887 0
2070 5811 25059897 1
2070 5811 25059907 1
2070 5811 25059917 1
2070 5811 25059927 1
2070 5811 25059937 1
2070 5811 25059947 1
2043 5838 25059957 1
2043 5838 25059967 1
2036 5838 25059977 1
2031 5838 25059987 1
2023 5838 25059997 1
2011 5829 25060007 1
1995 5812 25060017 1
1980 5786 25060027 1
1962 5746 25060037 1
1942 5696 25060047 1
1922 5630 25060057 1
1902 5560 25060067 1
1886 5475 25060077 1
1876 5381 25060087 1
1876 5283 25060097 1
1876 5203 25060107 1
1888 5134 25060117 1
1911 5096 25060127 1
1947 5079 25060137 1
1989 5079 25060147 1
2042 5106 25060157 1
2099 5165 25060167 1
2156 5243 25060177 1
2203 5334 25060187 1
2245 5431 25060197 1
2279 5532 25060207 1
2306 5621 25060217 1
2327 5690 25060227 1
2340 5746 25060237 1
2345 5775 25060247 1
2345 5783 25060257 1
2345 5778 25060267 1
2345 5778 25060277 1
2345 5749 25060287 1
2345 5708 25060297 1
2351 5646 25060307 1
2362 5566 25060317 1
2377 5473 25060327 1
2402 5358 25060337 1
2433 5244 25060347 1
2472 5136 25060357 1
2522 5056 25060367 1
2580 4990 25060377 1
2646 4938 25060387 1
2718 4915 25060397 1
2784 4915 25060407 1
2846 4932 25060417 1
2916 4976 25060427 1
2987 5036 25060437 1
3059 5119 25060447 1
3130 5229 25060457 1
3192 5357 25060467 1
3247 5514 25060477 1
3293 5685 25060487 1
3333 5865 25060497 1
3368 6037 25060507 1
3384 6161 25060517 1
3372 6253 25060527 1
3341 6305 25060537 1
3301 6353 25060547 1
3258 6391 25060557 1
3212 6420 25060567 1
3171 6438 25060577 1
3135 6443 25060587 1
3107 6443 25060597 1
3093 6434 25060607 1
3088 6426 25060617 1
3088 6399 25060627 1
3110 6359 25060637 1
3145 6309 25060647 1
3210 6256 25060657 1
3924 5289 25061249 0
3924 5289 25061259 1
3935 5324 25061269 1
3940 5324 25061279 1
3940 5336 25061289 1
3946 5348 25061299 1
3946 5359 25061309 1
3953 5370 25061319 1
3953 5381 25061329 1
3958 5396 25061339 1
3958 5413 25061349 1
3951 5438 25061359 1
3939 5469 25061369 1
3922 5504 25061379 1
3901 5534 25061389 1
3877 5559 25061399 1
3850 5575 25061409 1
3820 5581 25061419 1
3792 5581 25061429 1
3762 5562 25061439 1
3731 5532 25061449 1
3695 5475 25061459 1
3661 5397 25061469 1
3627 5304 25061479 1
3607 5207 25061489 1
3592 5113 25061499 1
3592 5042 25061509 1
3598 4984 25061519 1
3617 4953 25061529 1
3648 4941 25061539 1
3684 4941 25061549 1
3727 4976 25061559 1
3773 5036 25061569 1
3818 5114 25061579 1
3857 5200 25061589 1
3892 5288 25061599 1
3921 5378 25061609 1
3943 5441 25061619 1
3961 5472 25061629 1
3961 5482 25061639 1
3961 5482 25061649 1
3961 5451 25061659 1
3961 5406 25061669 1
3961 5335 25061679 1
3961 5260 25061689 1
3979 5190 25061699 1
4006 5126 25061709 1
4046 5083 25061719 1
4100 5067 25061729 1
4163 5067 25061739 1
4231 5098 25061749 1
4295 5142 25061759 1
4347 5197 25061769 1
4392 5263 25061779 1
4419 5333 25061789 1
4433 5405 25061799 1
4439 5466 25061809 1
4439 5508 25061819 1
4439 5538 25061829 1
4433 5548 25061839 1
4427 5548 25061849 1
4417 5543 25061859 1
4404 5508 25061869 1
4389 5457 25061879 1
4375 5379 25061889 1
4367 5300 25061899 1
4367 5219 25061909 1
4367 5159 25061910 1
4378 5111 25061920 1
4387 5084 25061930 1
4396 5069 25061940 1
4403 5061 25061950 1
4409 5066 25061960 1
4421 5090 25061970 1
4435 5126 25061980 1
4455 5185 25061990 1
4479 5253 25062000 1
4510 5326 25062010 1
4547 5382 25062020 1
4586 5418 25062030 1
4619 5441 25062040 1
4649 5441 25062050 1
4678 5436 25062060 1
4705 5407 25062070 1
4731 5364 25062080 1
4757 5310 25062090 1
4783 5254 25062100 1
4808 5197 25062110 1
4833 5147 25062120 1
4858 5101 25062130 1
4887 5073 25062140 1
4914 5054 25062150 1
4942 5040 25062160 1
4970 5054 25062170 1
4996 5083 25062180 1
5020 5121 25062190 1
5043 5168 25062200 1
5057 5222 25062210 1
5071 5281 25062220 1
5081 5336 25062230 1
5087 5389 25062240 1
5087 5436 25062250 1
5081 5473 25062260 1
5073 5505 25062270 1
5055 5530 25062280 1
5032 5547 25062290 1
5005 5553 25062300 1
4976 5553 25062310 1
4947 5530 25062320 1
4921 5499 25062330 1
4896 5441 25062340 1
4873 5357 25062350 1
4853 5255 25062360 1
4840 5159 25062370 1
4835 5078 25062380 1
4842 5007 25062390 1
4856 4967 25062400 1
4878 4947 25062410 1
4899 4940 25062420 1
4922 4947 25062430 1
4944 4974 25062440 1
4966 5015 25062450 1
4983 5066 25062460 1
4998 5126 25062470 1
5010 5192 25062480 1
5019 5234 25062490 1
5027 5247 25062500 1
5027 5240 25062510 1
5022 5216 25062520 1
5022 5163 25062530 1
5022 5091 25062540 1
5022 5002 25062550 1
5031 4876 25062560 1
5031 4725 25062570 1
5031 4591 25062580 1
5031 4471 25062590 1
5031 4361 25062600 1
5025 4251 25062610 1
5019 4166 25062620 1
5010 4097 25062630 1
4993 4074 25062640 1
4970 4074 25062650 1
4922 4092 25062660 1
4860 4125 25062670 1
4788 4159 25062680 1
4716 4194 25062690 1
4649 4213 25062700 1
4606 4232 25062710 1
4576 4265 25062720 1
4547 4307 25062730 1
4541 4372 25062740 1
4550 4458 25062750 1
4596 4559 25062760 1
4667 4662 25062770 1
4754 4772 25062780 1
4840 4887 25062790 1
4919 4984 25062800 1
4994 5062 25062810 1
5051 5128 25062820 1
5086 5170 25062830 1
5971 5739 25063512 0
6002 5752 25063522 1
6009 5767 25063532 1
6009 5782 25063542 1
6021 5804 25063552 1
6029 5831 25063562 1
6029 5863 25063572 1
6035 5895 25063582 1
6035 5930 25063592 1
6035 5966 25063602 1
6023 5990 25063612 1
6004 6011 25063622 1
5982 6026 25063632 1
5957 6026 25063642 1
5921 6011 25063652 1
5876 5968 25063662 1
5826 5890 25063672 1
5760 5790 25063682 1
5691 5680 25063692 1
5621 5556 25063702 1
5563 5422 25063712 1
5525 5281 25063722 1
5500 5146 25063732 1
5513 5015 25063742 1
5555 4920 25063752 1
5615 4852 25063762 1
5708 4803 25063772 1
5814 4803 25063782 1
5928 4828 25063792 1
6020 4870 25063802 1
6099 4919 25063812 1
6168 4968 25063822 1
6230 5018 25063832 1
6264 5057 25063842 1
6278 5084 25063852 1
6266 5102 25063862 1
6235 5118 25063872 1
6191 5133 25063882 1
6126 5142 25063892 1
6048 5150 25063902 1
5960 5150 25063912 1
5889 5150 25063922 1
5836 5150 25063932 1
5794 5150 25063942 1
5783 5150 25063952 1
5790 5150 25063962 1
5808 5173 25063972 1
5853 5205 25063982 1
5918 5240 25063992 1
5995 5275 25064002 1
6071 5311 25064012 1
6143 5339 25064022 1
6211 5365 25064032 1
6263 5382 25064042 1
6294 5382 25064052 1
6310 5373 25064062 1
6327 5339 25064072 1
6327 5279 25064082 1
6321 5203 25064092 1
6301 5104 25064102 1
6279 4987 25064112 1
6256 4858 25064122 1
6241 4738 25064132 1
6233 4654 25064142 1
6233 4593 25064152 1
6241 4558 25064162 1
6246 4542 25064172 1
6252 4542 25064182 1
6260 4557 25064192 1
6694 4974 25064293 0
6756 4984 25064303 1
6767 4997 25064313 1
6777 5014 25064323 1
6777 5030 25064333 1
6772 5048 25064343 1
6764 5067 25064353 1
6757 5085 25064363 1
6751 5103 25064373 1
6751 5120 25064383 1
6744 5135 25064393 1
6744 5153 25064403 1
6738 5172 25064413 1
6727 5192 25064423 1
6709 5212 25064433 1
6686 5231 25064443 1
6658 5240 25064453 1
6627 5235 25064463 1
6599 5221 25064473 1
6571 5185 25064483 1
6544 5126 25064493 1
6518 5053 25064503 1
6496 4962 25064513 1
6481 4879 25064523 1
6481 4802 25064533 1
6499 4759 25064543 1
6529 4748 25064553 1
6564 4759 25064563 1
6608 4810 25064573 1
6654 4874 25064583 1
6699 4948 25064593 1
6728 5017 25064603 1
6747 5087 25064613 1
6757 5134 25064623 1
6757 5165 25064633 1
6757 5175 25064643 1
6757 5183 25064653 1
6752 5190 25064663 1
6752 5190 25064673 1
6752 5190 25064683 1
6752 5190 25064693 1
6752 5190 25064703 1
6752 5190 25064713 1
6752 5190 25064723 1
6752 5190 25064733 1
6752 5184 25064743 1
6752 5176 25064753 1
6752 5148 25064763 1
6752 5110 25064773 1
6760 5061 25064783 1
6771 5010 25064793 1
6787 4958 25064803 1
6809 4906 25064813 1
6843 4855 25064823 1
6886 4819 25064833 1
6940 4793 25064843 1
7005 4800 25064853 1
7077 4829 25064863 1
7144 4872 25064873 1
7203 4928 25064883 1
7256 4989 25064893 1
7295 5053 25064903 1
7318 5108 25064913 1
7329 5158 25064923 1
7329 5199 25064933 1
7315 5222 25064943 1
7298 5234 25064953 1
7274 5234 25064963 1
7252 5221 25064973 1
7233 5195 25064983 1
7218 5144 25064993 1
7204 5077 25065003 1
7191 4999 25065013 1
7184 4929 25065023 1
7184 4875 25065033 1
7179 4831 25065043 1
7185 4812 25065053 1
7193 4812 25065063 1
7204 4812 25065073 1
7222 4846 25065083 1
7256 4909 25065093 1
7298 4991 25065103 1
7343 5069 25065113 1
7388 5111 25065114 1
7429 5128 25065124 1
7468 5128 25065134 1
7504 5104 25065144 1
7535 5068 25065154 1
7562 5018 25065164 1
7579 4967 25065174 1
7597 4915 25065184 1
7618 4871 25065194 1
7647 4831 25065204 1
7687 4809 25065214 1
7742 4809 25065224 1
7805 4829 25065234 1
7877 4860 25065244 1
7940 4900 25065254 1
7987 4945 25065264 1
8027 4991 25065274 1
8051 5045 25065284 1
8060 5104 25065294 1
8060 5174 25065304 1
8047 5226 25065314 1
8028 5265 25065324 1
8004 5340 25065334 1
7974 5368 25065344 1
7943 5368 25065354 1
7912 5345 25065364 1
7869 5294 25065374 1
7824 5222 25065384 1
7778 5122 25065394 1
7742 5017 25065404 1
7723 4915 25065414 1
7716 4818 25065424 1
7733 4753 25065434 1
7755 4721 25065444 1
7786 4711 25065454 1
7821 4730 25065464 1
7856 4776 25065474 1
7893 4841 25065484 1
7918 4920 25065494 1
7936 4998 25065504 1
7947 5052 25065514 1
7952 5090 25065524 1
7952 5074 25065534 1
7952 5031 25065544 1
7943 4971 25065554 1
7935 4860 25065564 1
7930 4735 25065574 1
7930 4600 25065584 1
7908 4438 25065594 1
7881 4286 25065604 1
7864 4140 25065614 1
7849 4019 25065624 1
7839 3920 25065634 1
7818 3835 25065644 1
7790 3801 25065654 1
7742 3794 25065664 1
7680 3804 25065674 1
7609 3821 25065684 1
7525 3836 25065694 1
7431 3849 25065704 1
7329 3867 25065714 1
7240 3908 25065724 1
7174 3961 25065734 1
7124 4044 25065744 1
7105 4167 25065754 1
7131 4316 25065764 1
7188 4489 25065774 1
7292 4630 25065784 1
7419 4751 25065794 1
7561 4846 25065804 1
7710 4909 25065814 1
7868 4951 25065824 1
8031 4979 25065834 1
8163 5004 25065845 1
8265 5023 25065855 1
