246
2959 6040 35196262 0
2959 5998 35196272 1
2947 5998 35196282 1
2942 5998 35196292 1
2942 5998 35196302 1
2942 6011 35196312 1
2942 6029 35196322 1
2967 6059 35196332 1
2999 6082 35196342 1
3054 6100 35196352 1
3114 6157 35196362 1
3182 6190 35196372 1
3250 6208 35196382 1
3316 6223 35196392 1
3377 6234 35196402 1
3422 6234 35196412 1
3456 6234 35196422 1
3479 6223 35196432 1
3496 6209 35196442 1
3509 6191 35196452 1
3518 6167 35196462 1
3528 6143 35196472 1
3534 6119 35196482 1
3534 6091 35196492 1
3534 6057 35196502 1
3534 6019 35196512 1
3534 5975 35196522 1
3534 5930 35196532 1
3526 5878 35196542 1
3521 5815 35196552 1
3516 5752 35196562 1
3516 5689 35196572 1
3511 5612 35196582 1
3511 5507 35196592 1
3511 5384 35196602 1
3511 5248 35196612 1
3511 5120 35196622 1
3519 5020 35196632 1
3524 4936 35196642 1
3524 4874 35196652 1
3529 4837 35196662 1
3529 4817 35196672 1
3529 4817 35196682 1
3529 4817 35196692 1
3524 4822 35196702 1
3514 4833 35196712 1
3492 4860 35196722 1
3461 4911 35196732 1
3423 4977 35196742 1
3372 5060 35196752 1
3320 5143 35196762 1
3267 5226 35196772 1
3233 5280 35196782 1
3215 5313 35196792 1
3207 5331 35196802 1
3207 5343 35196812 1
3207 5356 35196822 1
3229 5374 35196832 1
3259 5396 35196842 1
3308 5404 35196852 1
3367 5404 35196862 1
3433 5404 35196872 1
3497 5404 35196882 1
3552 5393 35196892 1
3600 5381 35196902 1
3630 5362 35196912 1
3644 5320 35196922 1
3644 5263 35196932 1
3629 5181 35196942 1
3593 5084 35196952 1
3545 4976 35196962 1
3491 4849 35196972 1
3437 4721 35196982 1
3383 4639 35196992 1
3357 4588 35197002 1
3350 4578 35197012 1
3356 4585 35197022 1
3378 4604 35197032 1
3433 4681 35197042 1
3510 4792 35197052 1
3618 4927 35197062 1
3751 5062 35197072 1
3901 5196 35197082 1
4800 5523 35197354 0
4811 5561 35197364 1
4811 5574 35197374 1
4811 5588 35197384 1
4806 5604 35197394 1
4806 5616 35197404 1
4806 5623 35197414 1
4806 5623 35197424 1
4806 5623 35197434 1
4806 5590 35197444 1
4816 5543 35197454 1
4816 5461 35197464 1
4810 5378 35197474 1
4804 5291 35197484 1
4799 5226 35197494 1
4799 5175 35197504 1
4799 5145 35197514 1
4799 5131 35197524 1
4807 5131 35197534 1
4814 5131 35197544 1
4823 5152 35197554 1
4838 5189 35197564 1
4856 5255 35197574 1
4870 5350 35197584 1
4912 5871 35197634 0
4942 5958 35197644 1
4951 5990 35197654 1
4960 6023 35197664 1
4977 6057 35197674 1
4997 6082 35197684 1
5022 6103 35197694 1
5053 6116 35197704 1
5088 6123 35197714 1
5125 6128 35197724 1
5164 6128 35197734 1
5201 6135 35197744 1
5237 6135 35197754 1
5271 6135 35197764 1
5304 6129 35197774 1
5330 6119 35197784 1
5356 6103 35197794 1
5377 6084 35197804 1
5394 6062 35197814 1
5409 6035 35197824 1
5420 6004 35197834 1
5429 5968 35197844 1
5436 5924 35197854 1
5444 5872 35197864 1
5455 5808 35197874 1
5467 5743 35197884 1
5478 5678 35197894 1
5489 5598 35197904 1
5500 5515 35197914 1
5511 5423 35197924 1
5522 5327 35197934 1
5535 5232 35197944 1
5549 5147 35197954 1
5563 5068 35197964 1
5574 5003 35197974 1
5583 4950 35197984 1
5590 4904 35197994 1
5590 4874 35198004 1
5597 4851 35198014 1
5597 4832 35198024 1
5597 4832 35198034 1
5597 4827 35198044 1
5590 4827 35198054 1
5579 4832 35198064 1
5556 4851 35198074 1
5525 4879 35198084 1
5488 4927 35198094 1
5437 5003 35198104 1
5372 5099 35198114 1
5297 5225 35198124 1
5176 5654 35198185 0
5217 5684 35198195 1
5244 5694 35198205 1
5268 5700 35198215 1
5288 5700 35198225 1
5305 5683 35198235 1
5314 5652 35198245 1
5314 5611 35198255 1
5301 5553 35198265 1
5274 5494 35198275 1
5247 5434 35198285 1
5211 5379 35198295 1
5170 5332 35198305 1
5131 5291 35198315 1
5097 5268 35198325 1
5068 5268 35198335 1
5041 5278 35198345 1
5011 5321 35198355 1
4986 5400 35198365 1
4967 5504 35198375 1
4967 5569 35198385 1
4973 5603 35198395 1
4983 5616 35198405 1
4996 5616 35198415 1
5013 5616 35198425 1
5048 5597 35198435 1
5093 5568 35198445 1
5151 5531 35198455 1
5214 5491 35198465 1
5276 5452 35198475 1
5335 5418 35198485 1
5389 5388 35198495 1
5443 5369 35198505 1
5497 5363 35198515 1
5549 5363 35198525 1
5850 5860 35198606 0
5850 5860 35198616 1
5850 5860 35198626 1
5850 5860 35198636 1
5863 5795 35198646 1
5872 5732 35198656 1
5886 5654 35198666 1
5902 5580 35198676 1
5919 5510 35198686 1
5936 5457 35198696 1
5954 5418 35198706 1
5967 5388 35198716 1
5977 5376 35198726 1
5989 5387 35198736 1
6003 5414 35198746 1
6019 5475 35198756 1
6033 5554 35198766 1
6100 6117 35198826 0
6165 6187 35198836 1
6175 6194 35198846 1
6175 6199 35198856 1
6184 6199 35198866 1
6194 6187 35198876 1
6209 6164 35198886 1
6230 6131 35198896 1
6255 6090 35198906 1
6281 6045 35198916 1
6306 5982 35198926 1
6326 5908 35198936 1
6342 5804 35198946 1
6357 5698 35198956 1
6376 5565 35198966 1
6397 5416 35198976 1
6415 5261 35198986 1
6431 5120 35198996 1
6446 4988 35199006 1
6457 4858 35199016 1
6468 4747 35199026 1
6478 4648 35199036 1
6486 4572 35199046 1
6495 4509 35199056 1
6501 4455 35199066 1
6506 4416 35199076 1
6506 4394 35199086 1
6506 4384 35199096 1
6506 4384 35199106 1
6506 4384 35199116 1
6495 4384 35199126 1
6479 4417 35199136 1
6437 4473 35199146 1
6368 4547 35199156 1
6281 4653 35199166 1
6143 4793 35199176 1
5945 4956 35199186 1
