221
1919 5527 25282847 0
2000 5497 25282857 1
1960 5462 25282867 1
1960 5501 25282877 1
1960 5512 25282887 1
1955 5504 25282897 1
1947 5515 25282907 1
1936 5527 25282917 1
1924 5538 25282927 1
1911 5550 25282937 1
1895 5560 25282947 1
1875 5573 25282957 1
1852 5587 25282967 1
1828 5601 25282977 1
1805 5613 25282987 1
1782 5622 25282997 1
1768 5632 25283007 1
1757 5632 25283017 1
1752 5637 25283027 1
1752 5637 25283037 1
1752 5637 25283047 1
1766 5657 25283057 1
1805 5689 25283067 1
1863 5745 25283077 1
1951 5819 25283087 1
2056 5906 25283097 1
2172 5973 25283107 1
2275 6026 25283117 1
2365 6069 25283127 1
2446 6095 25283137 1
2509 6107 25283147 1
2558 6107 25283157 1
2597 6099 25283167 1
2627 6086 25283177 1
2650 6048 25283187 1
2668 5996 25283197 1
2676 5895 25283207 1
2676 5771 25283217 1
2660 5631 25283227 1
2652 5475 25283237 1
2644 5301 25283247 1
2639 5114 25283257 1
2634 4942 25283267 1
2634 4786 25283277 1
2634 4640 25283287 1
2634 4566 25283297 1
2641 4532 25283307 1
2641 4526 25283317 1
2641 4526 25283327 1
2630 4554 25283337 1
2427 4782 25283418 0
2372 4787 25283428 1
2345 4794 25283438 1
2317 4804 25283448 1
2302 4826 25283458 1
2289 4847 25283468 1
2280 4867 25283478 1
2280 4885 25283488 1
2280 4904 25283498 1
2291 4924 25283508 1
2312 4953 25283518 1
2356 4991 25283528 1
2415 5034 25283538 1
2491 5084 25283548 1
2573 5132 25283558 1
2661 5179 25283568 1
2743 5212 25283578 1
2808 5225 25283588 1
2863 5225 25283598 1
2906 5207 25283608 1
2929 5162 25283618 1
2938 5100 25283628 1
2925 5008 25283638 1
2888 4892 25283648 1
2835 4759 25283658 1
2766 4629 25283668 1
2691 4510 25283678 1
2613 4399 25283688 1
2554 4313 25283698 1
2518 4260 25283709 1
2496 4230 25283719 1
2491 4222 25283729 1
2486 4222 25283739 1
2486 4222 25283749 1
2479 4222 25283759 1
2473 4222 25283769 1
2466 4217 25283779 1
2466 4217 25283789 1
2466 4217 25283799 1
2466 4217 25283809 1
2473 4217 25283819 1
2489 4217 25283829 1
2514 4217 25283839 1
2527 4222 25283849 1
2542 4222 25283859 1
2558 4237 25283869 1
2604 4258 25283879 1
2687 4332 25283889 1
2794 4448 25283899 1
2924 4592 25283909 1
3068 4737 25283919 1
3220 4877 25283929 1
3348 4960 25283939 1
4227 6058 25284209 0
4189 6035 25284219 1
4176 6027 25284229 1
4167 6012 25284239 1
4167 5966 25284249 1
4167 5899 25284259 1
4172 5781 25284269 1
4186 5661 25284279 1
4198 5517 25284289 1
4209 5359 25284299 1
4209 5192 25284309 1
4217 5049 25284319 1
4217 4921 25284329 1
4226 4826 25284339 1
4233 4768 25284349 1
4242 4735 25284359 1
4242 4735 25284369 1
4242 4761 25284379 1
4234 4807 25284389 1
4228 4901 25284399 1
4220 5013 25284409 1
4210 5137 25284419 1
4198 5277 25284429 1
4188 5424 25284439 1
4188 5575 25284449 1
4205 5680 25284459 1
4223 5761 25284469 1
4243 5827 25284479 1
4269 5891 25284489 1
4302 5951 25284499 1
4344 6000 25284509 1
4391 6040 25284519 1
4441 6065 25284529 1
4495 6080 25284539 1
4552 6080 25284549 1
4609 6058 25284559 1
4665 6022 25284569 1
4721 5944 25284579 1
4767 5827 25284589 1
4806 5683 25284599 1
4834 5529 25284609 1
4850 5358 25284619 1
4857 5175 25284629 1
4857 5033 25284639 1
4851 4911 25284649 1
4843 4802 25284659 1
4828 4732 25284669 1
4814 4693 25284679 1
4799 4676 25284689 1
4770 4686 25284699 1
4731 4733 25284709 1
4692 4806 25284719 1
4656 4913 25284729 1
4621 5026 25284739 1
4602 5144 25284749 1
4581 5483 25284780 0
4587 5647 25284790 1
4592 5693 25284800 1
4592 5718 25284810 1
4592 5718 25284820 1
4592 5693 25284830 1
4592 5651 25284840 1
4574 5555 25284850 1
4549 5429 25284860 1
4508 5284 25284870 1
4466 5158 25284880 1
4422 5063 25284890 1
4398 4990 25284900 1
4377 4960 25284910 1
4361 4960 25284920 1
4277 5398 25284981 0
4343 5482 25284991 1
4354 5482 25285001 1
4391 5454 25285011 1
4444 5417 25285021 1
4511 5376 25285031 1
4583 5338 25285041 1
4666 5303 25285051 1
4759 5270 25285061 1
4832 5250 25285071 1
5141 5724 25285171 0
5141 5724 25285181 1
5141 5724 25285191 1
5140 5675 25285201 1
5146 5619 25285211 1
5146 5548 25285221 1
5155 5463 25285231 1
5162 5368 25285241 1
5172 5290 25285251 1
5186 5240 25285261 1
5196 5208 25285271 1
5203 5208 25285281 1
5216 5250 25285291 1
5374 6590 25285401 0
5400 6614 25285411 1
5405 6614 25285421 1
5411 6604 25285431 1
5419 6574 25285441 1
5429 6531 25285451 1
5442 6454 25285461 1
5458 6352 25285471 1
5479 6233 25285481 1
5504 6090 25285491 1
5531 5912 25285501 1
5559 5711 25285511 1
5591 5510 25285521 1
5628 5276 25285531 1
5672 5021 25285541 1
5714 4820 25285551 1
5753 4662 25285561 1
5768 4533 25285571 1
5758 4452 25285581 1
5731 4417 25285591 1
5689 4417 25285601 1
5610 4428 25285611 1
5507 4479 25285621 1
5378 4554 25285631 1
5220 4656 25285641 1
