223
2354 5629 25241518 0
2326 5580 25241528 1
2303 5580 25241538 1
2303 5602 25241548 1
2326 5612 25241558 1
2357 5622 25241568 1
2404 5632 25241578 1
2461 5642 25241588 1
2533 5656 25241598 1
2609 5673 25241608 1
2690 5685 25241618 1
2751 5694 25241628 1
2799 5687 25241638 1
2836 5669 25241648 1
2864 5637 25241658 1
2885 5599 25241668 1
2900 5537 25241678 1
2915 5460 25241688 1
2921 5348 25241698 1
2921 5213 25241708 1
2921 5062 25241718 1
2912 4923 25241728 1
2901 4805 25241738 1
2901 4701 25241748 1
2894 4639 25241758 1
2894 4606 25241768 1
2894 4592 25241778 1
2894 4592 25241788 1
2878 4602 25241798 1
2859 4625 25241808 1
2839 4663 25241818 1
2819 4709 25241828 1
2800 4760 25241838 1
2773 4803 25241848 1
2700 4853 25241869 0
2603 4860 25241879 1
2567 4860 25241889 1
2536 4866 25241899 1
2518 4866 25241909 1
2510 4874 25241919 1
2510 4874 25241929 1
2510 4891 25241939 1
2544 4914 25241949 1
2590 4951 25241959 1
2661 4991 25241969 1
2734 5032 25241979 1
2810 5067 25241989 1
2883 5097 25241999 1
2949 5115 25242009 1
3009 5122 25242019 1
3055 5112 25242029 1
3087 5092 25242039 1
3109 5056 25242049 1
3109 5003 25242059 1
3091 4938 25242069 1
3053 4858 25242079 1
3003 4769 25242089 1
2944 4674 25242099 1
2880 4587 25242109 1
2820 4500 25242119 1
2763 4421 25242129 1
2712 4348 25242139 1
2680 4302 25242149 1
2660 4284 25242159 1
2660 4284 25242169 1
2673 4284 25242179 1
2708 4318 25242189 1
2759 4365 25242199 1
2836 4440 25242209 1
2913 4510 25242219 1
2989 4578 25242229 1
3051 4626 25242239 1
3106 4669 25242249 1
3142 4693 25242259 1
3159 4707 25242269 1
3164 4707 25242279 1
3164 4707 25242289 1
3164 4707 25242299 1
3164 4707 25242309 1
3164 4707 25242319 1
3157 4707 25242329 1
3157 4725 25242339 1
3864 5654 25242590 0
3864 5654 25242600 1
3864 5654 25242610 1
3890 5656 25242620 1
3896 5627 25242630 1
3903 5584 25242640 1
3909 5514 25242650 1
3916 5419 25242660 1
3923 5308 25242670 1
3931 5185 25242680 1
3940 5057 25242690 1
3947 4921 25242700 1
3957 4780 25242710 1
3969 4664 25242720 1
3981 4565 25242730 1
3991 4500 25242740 1
3996 4468 25242750 1
3996 4458 25242760 1
3996 4466 25242770 1
3996 4521 25242780 1
3983 4607 25242790 1
3970 4742 25242800 1
3960 4913 25242810 1
3955 5108 25242820 1
3961 5295 25242830 1
3986 5471 25242840 1
4022 5639 25242850 1
4076 5773 25242860 1
4124 5868 25242870 1
4169 5938 25242880 1
4225 6002 25242890 1
4279 6062 25242900 1
4330 6102 25242910 1
4378 6129 25242920 1
4421 6115 25242930 1
4461 6098 25242940 1
4500 6078 25242950 1
4535 6007 25242960 1
4567 5897 25242970 1
4596 5762 25242980 1
4622 5609 25242990 1
4642 5411 25243000 1
4658 5183 25243010 1
4676 4969 25243020 1
4690 4789 25243030 1
4700 4632 25243040 1
4707 4548 25243050 1
4707 4503 25243060 1
4700 4483 25243070 1
4678 4483 25243080 1
4637 4513 25243090 1
4582 4560 25243100 1
4536 4629 25243110 1
4491 4724 25243120 1
4451 4836 25243130 1
4416 4963 25243140 1
4388 5072 25243150 1
4376 5170 25243160 1
4376 5260 25243170 1
4376 5349 25243180 1
4381 5434 25243190 1
4394 5509 25243200 1
4405 5550 25243210 1
4414 5570 25243220 1
4414 5570 25243230 1
4414 5570 25243240 1
4414 5529 25243250 1
4404 5465 25243260 1
4384 5341 25243270 1
4356 5202 25243280 1
4322 5052 25243290 1
4284 4927 25243300 1
4249 4836 25243310 1
4215 4767 25243320 1
4198 4744 25243330 1
4182 4751 25243340 1
4156 4778 25243350 1
4124 4846 25243360 1
4095 4948 25243370 1
4069 5074 25243380 1
4063 5180 25243390 1
4070 5224 25243400 1
4084 5224 25243410 1
4100 5214 25243420 1
4143 5183 25243430 1
4203 5140 25243440 1
4277 5095 25243450 1
4355 5050 25243460 1
4442 5023 25243470 1
4531 5008 25243480 1
4611 5008 25243490 1
4685 5029 25243500 1
4748 5060 25243510 1
4795 5100 25243520 1
4830 5152 25243530 1
4855 5211 25243540 1
4878 5283 25243550 1
4900 5354 25243560 1
4910 5403 25243570 1
4916 5437 25243580 1
4916 5455 25243590 1
4922 5468 25243600 1
4922 5460 25243610 1
4930 5440 25243620 1
4940 5377 25243630 1
4950 5292 25243640 1
4959 5193 25243650 1
4966 5113 25243660 1
4977 5052 25243670 1
4988 5003 25243680 1
4988 4988 25243690 1
4988 5001 25243700 1
4988 5034 25243710 1
4993 5108 25243720 1
4988 5231 25243730 1
5075 6311 25243791 0
5123 6406 25243801 1
5116 6427 25243811 1
5116 6427 25243821 1
5123 6427 25243831 1
5123 6420 25243841 1
5136 6378 25243851 1
5147 6316 25243861 1
5162 6241 25243871 1
5180 6136 25243881 1
5205 6011 25243891 1
5235 5844 25243901 1
5266 5649 25243911 1
5299 5436 25243921 1
5334 5181 25243931 1
5376 4921 25243941 1
5427 4675 25243951 1
5484 4441 25243961 1
5516 4299 25243971 1
5530 4197 25243981 1
5530 4123 25243991 1
5504 4089 25244001 1
5464 4084 25244011 1
5377 4099 25244021 1
5230 4156 25244031 1
5044 4247 25244041 1
