228
2838 4681 8361075 0
2853 4763 8361085 1
2846 4832 8361095 1
2825 4912 8361105 1
2841 4977 8361115 1
2862 5020 8361125 1
2893 5048 8361135 1
2951 5061 8361145 1
3027 5071 8361155 1
3122 5071 8361165 1
3211 5066 8361175 1
3296 5054 8361185 1
3371 5037 8361195 1
3433 5020 8361205 1
3487 5003 8361215 1
3522 4991 8361225 1
3543 4982 8361235 1
3555 4976 8361245 1
3555 4976 8361255 1
3560 4976 8361265 1
3560 4976 8361275 1
3560 4976 8361285 1
3560 4976 8361295 1
3560 4976 8361305 1
3560 4976 8361315 1
3546 4931 8361325 1
3539 4886 8361335 1
3532 4811 8361345 1
3532 4712 8361355 1
3532 4596 8361365 1
3532 4443 8361375 1
3540 4278 8361385 1
3545 4106 8361395 1
3545 3980 8361405 1
3554 3879 8361415 1
3554 3794 8361425 1
3560 3742 8361435 1
3565 3720 8361445 1
3565 3720 8361455 1
3565 3720 8361465 1
3565 3733 8361475 1
3545 3759 8361485 1
3509 3817 8361495 1
3461 3885 8361505 1
3398 3960 8361506 1
3323 4039 8361516 1
3239 4117 8361526 1
3172 4174 8361536 1
3132 4218 8361546 1
3109 4210 8361556 1
3109 4233 8361566 1
3109 4277 8361576 1
3133 4300 8361586 1
3178 4325 8361596 1
3248 4351 8361606 1
3323 4365 8361616 1
3405 4365 8361626 1
3487 4349 8361636 1
3555 4315 8361646 1
3614 4264 8361656 1
3647 4203 8361666 1
3647 4117 8361676 1
3623 4010 8361686 1
3572 3889 8361696 1
3511 3756 8361706 1
3444 3655 8361716 1
3386 3575 8361726 1
3352 3530 8361736 1
3334 3513 8361746 1
3334 3513 8361756 1
3340 3513 8361766 1
3377 3560 8361776 1
3436 3631 8361786 1
3518 3732 8361796 1
3624 3836 8361806 1
3746 3943 8361816 1
3874 4038 8361826 1
4949 4504 8362016 0
4949 4608 8362026 1
4958 4640 8362036 1
4958 4654 8362046 1
4963 4654 8362056 1
4963 4654 8362066 1
4963 4616 8362076 1
4963 4559 8362086 1
4963 4463 8362096 1
4947 4362 8362106 1
4936 4256 8362116 1
4927 4171 8362126 1
4922 4100 8362136 1
4922 4054 8362146 1
4928 4033 8362156 1
4937 4028 8362166 1
4950 4035 8362176 1
4968 4087 8362186 1
4993 4168 8362196 1
5015 4863 8362257 0
5092 5032 8362267 1
5121 5071 8362277 1
5142 5093 8362287 1
5179 5140 8362297 1
5214 5161 8362307 1
5249 5161 8362317 1
5287 5161 8362327 1
5327 5161 8362337 1
5368 5167 8362347 1
5408 5167 8362357 1
5444 5172 8362367 1
5478 5172 8362377 1
5503 5172 8362387 1
5521 5172 8362397 1
5535 5164 8362407 1
5547 5156 8362417 1
5558 5145 8362427 1
5571 5128 8362437 1
5584 5102 8362447 1
5598 5066 8362457 1
5614 5023 8362467 1
5627 4971 8362477 1
5639 4898 8362487 1
5649 4812 8362497 1
5661 4719 8362507 1
5676 4627 8362517 1
5691 4513 8362527 1
5711 4384 8362537 1
5735 4239 8362547 1
5759 4124 8362557 1
5777 4030 8362567 1
5793 3960 8362577 1
5801 3911 8362587 1
5801 3876 8362587 1
5801 3876 8362597 1
5793 3850 8362607 1
5773 3850 8362617 1
5745 3867 8362627 1
5703 3907 8362637 1
5652 3961 8362647 1
5595 4054 8362657 1
5538 4175 8362667 1
5483 4315 8362677 1
5433 4469 8362687 1
5390 4604 8362697 1
5369 4727 8362707 1
5363 4808 8362717 1
5363 4847 8362727 1
5363 4859 8362737 1
5363 4859 8362747 1
5363 4849 8362757 1
5363 4802 8362767 1
5372 4730 8362777 1
5366 4662 8362787 1
5355 4598 8362797 1
5339 4536 8362807 1
5323 4493 8362817 1
5306 4463 8362827 1
5288 4441 8362837 1
5271 4434 8362847 1
5254 4442 8362857 1
5225 4461 8362867 1
5196 4514 8362877 1
5166 4591 8362887 1
5139 4684 8362897 1
5120 4741 8362907 1
5120 4769 8362917 1
5120 4777 8362927 1
5120 4777 8362937 1
5131 4777 8362947 1
5166 4756 8362957 1
5216 4725 8362967 1
5280 4680 8362977 1
5346 4643 8362987 1
5415 4611 8362997 1
5482 4585 8363007 1
5552 4568 8363017 1
5623 4556 8363027 1
5694 4567 8363037 1
5761 4606 8363047 1
5824 4665 8363057 1
5871 4754 8363067 1
5910 4836 8363077 1
5943 4914 8363087 1
5964 4950 8363097 1
5974 4960 8363107 1
5974 4952 8363117 1
5982 4924 8363127 1
5990 4873 8363137 1
6002 4808 8363147 1
6019 4741 8363157 1
6044 4693 8363167 1
6073 4659 8363177 1
6105 4632 8363187 1
6139 4621 8363197 1
6174 4621 8363207 1
6214 4655 8363217 1
6261 4726 8363227 1
6306 4823 8363237 1
6399 5203 8363278 0
6423 5461 8363288 1
6423 5509 8363298 1
6412 5509 8363308 1
6407 5514 8363318 1
6407 5508 8363328 1
6401 5464 8363338 1
6401 5395 8363348 1
6419 5293 8363358 1
6445 5162 8363368 1
6480 5012 8363378 1
6522 4809 8363388 1
6581 4583 8363398 1
6651 4343 8363408 1
6720 4100 8363418 1
6774 3906 8363428 1
6817 3744 8363438 1
6857 3621 8363448 1
6879 3530 8363458 1
6888 3460 8363468 1
6888 3410 8363478 1
6883 3381 8363488 1
6875 3365 8363498 1
6865 3360 8363508 1
6846 3360 8363518 1
6822 3360 8363528 1
6773 3398 8363538 1
6700 3460 8363548 1
6610 3541 8363558 1
6478 3653 8363568 1
6279 3792 8363578 1
6035 3948 8363588 1
