233
2888 5165 70934838 0
2888 5165 70934848 1
2888 5165 70934858 1
2916 5175 70934868 1
2941 5184 70934878 1
2975 5198 70934888 1
3019 5216 70934898 1
3070 5237 70934908 1
3126 5256 70934918 1
3178 5271 70934928 1
3215 5271 70934938 1
3243 5264 70934948 1
3265 5239 70934958 1
3279 5208 70934968 1
3287 5166 70934978 1
3296 5107 70934988 1
3296 5038 70934998 1
3301 4951 70935008 1
3301 4850 70935018 1
3309 4740 70935028 1
3314 4646 70935038 1
3321 4547 70935048 1
3328 4427 70935058 1
3335 4294 70935068 1
3335 4167 70935078 1
3335 4049 70935088 1
3343 3936 70935098 1
3348 3845 70935108 1
3348 3769 70935118 1
3355 3703 70935128 1
3355 3669 70935138 1
3355 3651 70935148 1
3355 3645 70935158 1
3355 3645 70935168 1
3349 3657 70935178 1
3337 3676 70935188 1
3315 3718 70935198 1
3288 3780 70935208 1
3258 3855 70935218 1
3225 3923 70935228 1
3193 3985 70935238 1
3162 4026 70935248 1
3133 4056 70935258 1
3108 4073 70935268 1
3090 4088 70935278 1
3081 4103 70935288 1
3081 4119 70935298 1
3097 4143 70935308 1
3132 4172 70935318 1
3186 4198 70935328 1
3240 4220 70935338 1
3288 4232 70935348 1
3330 4232 70935358 1
3363 4214 70935368 1
3384 4183 70935378 1
3396 4130 70935388 1
3396 4058 70935398 1
3396 3973 70935408 1
3381 3868 70935418 1
3354 3763 70935428 1
3319 3664 70935438 1
3278 3587 70935448 1
3231 3520 70935449 1
3186 3466 70935459 1
3146 3427 70935469 1
3125 3398 70935479 1
3114 3391 70935489 1
3114 3391 70935499 1
3136 3391 70935509 1
3165 3401 70935519 1
3210 3429 70935529 1
3268 3469 70935539 1
3335 3519 70935549 1
3399 3570 70935559 1
3463 3619 70935569 1
3527 3669 70935579 1
3590 3717 70935589 1
3654 3764 70935599 1
3714 3809 70935609 1
4770 4962 70935980 0
4770 4875 70935990 1
4781 4800 70936000 1
4803 4707 70936010 1
4819 4599 70936020 1
4819 4481 70936030 1
4819 4361 70936040 1
4814 4257 70936050 1
4809 4163 70936060 1
4809 4095 70936070 1
4809 4051 70936080 1
4816 4023 70936090 1
4826 4023 70936100 1
4787 4896 70936190 0
4813 5016 70936200 1
4820 5074 70936210 1
4844 5113 70936220 1
4873 5140 70936230 1
4916 5182 70936240 1
4968 5228 70936250 1
5036 5278 70936260 1
5114 5328 70936270 1
5196 5361 70936280 1
5279 5384 70936290 1
5346 5384 70936300 1
5401 5366 70936310 1
5451 5344 70936320 1
5496 5314 70936330 1
5537 5282 70936340 1
5585 5243 70936350 1
5629 5189 70936360 1
5669 5127 70936370 1
5708 5044 70936380 1
5733 4944 70936390 1
5758 4833 70936400 1
5776 4715 70936410 1
5788 4606 70936420 1
5802 4502 70936430 1
5809 4387 70936440 1
5809 4275 70936450 1
5819 4182 70936460 1
5825 4101 70936470 1
5830 4034 70936480 1
5836 3979 70936490 1
5836 3931 70936500 1
5836 3900 70936510 1
5836 3882 70936520 1
5830 3874 70936530 1
5820 3874 70936540 1
5798 3890 70936550 1
5772 3917 70936560 1
5743 3971 70936571 1
5491 4859 70936671 0
5472 4946 70936681 1
5461 4953 70936691 1
5450 4923 70936701 1
5439 4869 70936711 1
5418 4774 70936721 1
5391 4677 70936731 1
5356 4580 70936741 1
5313 4480 70936751 1
5264 4390 70936761 1
5221 4306 70936771 1
5181 4255 70936781 1
5147 4229 70936791 1
5119 4221 70936801 1
5093 4238 70936811 1
5072 4294 70936821 1
5060 4375 70936831 1
5060 4488 70936841 1
5070 4575 70936851 1
5090 4646 70936861 1
5090 4646 70936871 1
5139 4655 70936881 1
5183 4638 70936891 1
5239 4609 70936901 1
5301 4579 70936911 1
5363 4546 70936921 1
5425 4512 70936931 1
5483 4482 70936941 1
5540 4456 70936951 1
5595 4435 70936961 1
5652 4424 70936971 1
5712 4424 70936981 1
6271 5007 70937092 0
6294 5133 70937102 1
6294 5172 70937112 1
6294 5192 70937122 1
6294 5192 70937132 1
6294 5183 70937142 1
6305 5152 70937152 1
6324 5090 70937162 1
6338 5007 70937172 1
6346 4911 70937182 1
6346 4814 70937192 1
6353 4733 70937202 1
6353 4663 70937212 1
6363 4609 70937222 1
6369 4569 70937232 1
6377 4538 70937242 1
6384 4533 70937252 1
6392 4555 70937262 1
6407 4594 70937272 1
6436 4684 70937282 1
6474 4811 70937292 1
6514 4963 70937302 1
6555 5096 70937312 1
6591 5208 70937322 1
6622 5307 70937332 1
6654 5398 70937342 1
6671 5465 70937352 1
6678 5517 70937362 1
6684 5545 70937372 1
6692 5571 70937382 1
6703 5581 70937392 1
6714 5581 70937402 1
6725 5576 70937412 1
6738 5554 70937422 1
6749 5521 70937432 1
6761 5467 70937442 1
6768 5396 70937452 1
6768 5315 70937462 1
6768 5232 70937472 1
6768 5146 70937482 1
6768 5052 70937492 1
6768 4939 70937502 1
6761 4814 70937512 1
6761 4681 70937522 1
6761 4551 70937532 1
6766 4422 70937542 1
6775 4276 70937552 1
6790 4133 70937562 1
6806 3993 70937572 1
6821 3904 70937582 1
6837 3816 70937592 1
6854 3728 70937602 1
6875 3659 70937612 1
6886 3588 70937622 1
6886 3540 70937632 1
6886 3509 70937642 1
6886 3479 70937652 1
6870 3465 70937662 1
6860 3465 70937672 1
6842 3465 70937682 1
6818 3486 70937692 1
6794 3518 70937702 1
6764 3552 70937712 1
6729 3587 70937722 1
6689 3620 70937732 1
6638 3654 70937742 1
6580 3688 70937752 1
6511 3729 70937762 1
6437 3775 70937772 1
6359 3829 70937782 1
