260
3521 6364 85801556 0
3521 6364 85801566 1
3491 6364 85801576 1
3479 6364 85801586 1
3467 6364 85801596 1
3456 6364 85801606 1
3446 6369 85801616 1
3440 6377 85801626 1
3440 6385 85801636 1
3440 6394 85801646 1
3451 6402 85801656 1
3465 6418 85801666 1
3496 6440 85801676 1
3535 6464 85801686 1
3591 6494 85801696 1
3653 6528 85801706 1
3721 6554 85801716 1
3785 6574 85801726 1
3835 6584 85801736 1
3879 6584 85801746 1
3922 6584 85801756 1
3953 6574 85801766 1
3977 6563 85801776 1
3998 6552 85801786 1
4015 6539 85801796 1
4015 6539 85801806 1
4040 6495 85801816 1
4046 6458 85801826 1
4046 6394 85801836 1
4034 6299 85801846 1
4020 6184 85801856 1
4008 6071 85801866 1
4000 5956 85801876 1
4000 5838 85801886 1
4000 5721 85801896 1
4006 5635 85801906 1
4012 5571 85801916 1
4012 5495 85801926 1
4022 5444 85801936 1
4027 5410 85801946 1
4027 5383 85801956 1
4027 5352 85801966 1
4027 5337 85801976 1
4027 5337 85801986 1
4032 5331 85801996 1
4032 5331 85802006 1
4032 5331 85802016 1
4032 5331 85802026 1
4000 5366 85802036 1
3954 5419 85802046 1
3911 5480 85802056 1
3869 5552 85802066 1
3829 5632 85802076 1
3789 5680 85802086 1
3743 5723 85802096 1
3694 5752 85802106 1
3642 5773 85802116 1
3604 5794 85802126 1
3576 5814 85802136 1
3569 5822 85802146 1
3569 5822 85802156 1
3569 5822 85802166 1
3569 5822 85802176 1
3569 5822 85802186 1
3569 5822 85802196 1
3569 5822 85802206 1
3575 5822 85802216 1
3586 5822 85802226 1
3605 5831 85802236 1
3644 5853 85802246 1
3696 5872 85802256 1
3748 5880 85802266 1
3800 5880 85802276 1
3854 5872 85802286 1
3904 5862 85802296 1
3951 5851 85802306 1
3983 5837 85802316 1
4005 5819 85802326 1
4021 5795 85802336 1
4033 5759 85802346 1
4046 5708 85802356 1
4046 5647 85802366 1
4046 5579 85802376 1
4037 5512 85802386 1
4030 5449 85802396 1
4020 5396 85802406 1
4007 5347 85802416 1
3996 5299 85802426 1
3980 5250 85802436 1
3960 5200 85802446 1
3946 5167 85802456 1
3932 5145 85802466 1
3915 5131 85802476 1
3891 5115 85802486 1
3863 5115 85802496 1
3837 5124 85802506 1
3807 5139 85802516 1
3773 5151 85802526 1
3752 5151 85802536 1
3738 5157 85802546 1
3738 5157 85802556 1
3738 5157 85802566 1
3738 5157 85802576 1
3751 5162 85802586 1
3789 5169 85802596 1
3844 5199 85802606 1
3922 5244 85802616 1
4001 5287 85802626 1
4083 5327 85802636 1
4166 5360 85802646 1
4236 5389 85802656 1
4296 5411 85802666 1
4336 5423 85802676 1
4354 5423 85802686 1
4354 5423 85802696 1
5428 6189 85803068 0
5435 6148 85803078 1
5435 6176 85803088 1
5435 6176 85803098 1
5442 6131 85803108 1
5442 6065 85803118 1
5448 5990 85803128 1
5448 5897 85803138 1
5457 5793 85803148 1
5466 5714 85803158 1
5474 5656 85803168 1
5481 5611 85803178 1
5486 5593 85803188 1
5486 5593 85803198 1
5494 5593 85803208 1
5592 6451 85803348 0
5636 6487 85803358 1
5669 6509 85803368 1
5710 6533 85803378 1
5768 6558 85803388 1
5837 6575 85803398 1
5896 6587 85803408 1
5948 6597 85803418 1
5996 6588 85803428 1
6031 6561 85803438 1
6063 6523 85803448 1
6092 6479 85803458 1
6118 6413 85803468 1
6141 6332 85803478 1
6161 6255 85803488 1
6179 6184 85803498 1
6196 6117 85803508 1
6211 6052 85803518 1
6228 5981 85803528 1
6245 5902 85803538 1
6259 5813 85803548 1
6270 5717 85803558 1
6278 5619 85803568 1
6286 5526 85803578 1
6286 5437 85803588 1
6292 5352 85803598 1
6292 5295 85803608 1
6292 5256 85803618 1
6292 5240 85803628 1
6292 5235 85803638 1
6292 5235 85803648 1
6292 5235 85803658 1
6278 5241 85803668 1
6256 5249 85803678 1
6217 5259 85803688 1
6174 5287 85803698 1
5917 6184 85804009 0
5917 6184 85804019 1
5917 6141 85804029 1
5909 6097 85804039 1
5898 6040 85804049 1
5885 5960 85804059 1
5865 5872 85804069 1
5840 5778 85804079 1
5815 5716 85804089 1
5787 5654 85804099 1
5757 5622 85804109 1
5735 5610 85804119 1
5714 5610 85804129 1
5689 5617 85804139 1
5660 5639 85804149 1
5640 5689 85804159 1
5625 5741 85804169 1
5620 5794 85804179 1
5620 5838 85804189 1
5625 5876 85804199 1
5634 5905 85804209 1
5652 5933 85804219 1
5678 5958 85804229 1
5712 5974 85804239 1
5749 5974 85804249 1
5795 5958 85804259 1
5846 5924 85804269 1
5894 5882 85804279 1
5943 5834 85804289 1
5995 5795 85804299 1
6044 5768 85804309 1
6092 5749 85804319 1
6487 6257 85804590 0
6479 6286 85804600 1
6474 6292 85804610 1
6474 6292 85804620 1
6474 6292 85804630 1
6479 6285 85804640 1
6501 6253 85804650 1
6532 6200 85804660 1
6558 6133 85804670 1
6581 6065 85804680 1
6602 5980 85804690 1
6618 5885 85804700 1
6634 5791 85804710 1
6645 5728 85804720 1
6653 5686 85804730 1
6653 5663 85804740 1
6653 5656 85804750 1
6653 5656 85804760 1
6653 5665 85804770 1
6886 6605 85804880 0
6886 6605 85804890 1
6886 6605 85804900 1
6886 6605 85804910 1
6886 6605 85804920 1
6917 6622 85804930 1
6932 6622 85804940 1
6946 6591 85804950 1
6962 6550 85804960 1
6979 6483 85804970 1
6993 6390 85804980 1
7005 6279 85804990 1
7021 6170 85805000 1
7036 6055 85805010 1
7053 5946 85805020 1
7072 5842 85805030 1
7094 5749 85805040 1
7115 5666 85805050 1
7138 5590 85805060 1
7160 5501 85805070 1
7182 5408 85805080 1
7204 5309 85805090 1
7225 5202 85805100 1
7246 5119 85805110 1
7261 5051 85805120 1
7273 5011 85805130 1
7281 4987 85805140 1
7281 4974 85805150 1
7281 4974 85805160 1
7281 4974 85805170 1
7259 4974 85805180 1
7227 4993 85805190 1
7170 5023 85805200 1
7111 5062 85805210 1
7051 5104 85805220 1
6987 5148 85805230 1
6923 5194 85805240 1
6849 5223 85805250 1
6767 5255 85805260 1
6686 5289 85805270 1
6607 5313 85805280 1
6534 5335 85805290 1
6478 5354 85805300 1
