248
2782 6780 73782283 0
2782 6780 73782293 1
2782 6780 73782303 1
2782 6780 73782313 1
2785 6807 73782323 1
2798 6814 73782333 1
2818 6814 73782343 1
2844 6814 73782353 1
2887 6804 73782363 1
2941 6798 73782373 1
3004 6798 73782383 1
3072 6798 73782393 1
3146 6803 73782403 1
3221 6803 73782413 1
3278 6803 73782423 1
3324 6783 73782433 1
3351 6757 73782443 1
3366 6722 73782453 1
3372 6677 73782463 1
3372 6610 73782473 1
3372 6528 73782483 1
3362 6435 73782493 1
3362 6338 73782503 1
3362 6237 73782513 1
3362 6138 73782523 1
3362 6039 73782533 1
3355 5920 73782543 1
3349 5803 73782553 1
3349 5688 73782563 1
3349 5592 73782573 1
3349 5514 73782583 1
3343 5447 73782593 1
3343 5393 73782603 1
3337 5360 73782613 1
3337 5340 73782623 1
3332 5340 73782633 1
3324 5340 73782643 1
3306 5355 73782653 1
3280 5391 73782663 1
3263 5435 73782673 1
3249 5485 73782683 1
3158 5675 73782733 0
3078 5749 73782743 1
3030 5779 73782753 1
2993 5799 73782763 1
2972 5812 73782773 1
2961 5823 73782783 1
2961 5833 73782793 1
2961 5842 73782803 1
2990 5855 73782813 1
3037 5872 73782823 1
3119 5892 73782833 1
3207 5912 73782843 1
3293 5931 73782853 1
3375 5944 73782863 1
3442 5944 73782873 1
3488 5937 73782883 1
3519 5917 73782893 1
3532 5880 73782903 1
3532 5831 73782913 1
3517 5771 73782923 1
3482 5707 73782933 1
3420 5622 73782943 1
3339 5525 73782953 1
3250 5412 73782964 1
3164 5315 73782974 1
3104 5229 73782984 1
3061 5185 73782994 1
3053 5162 73783004 1
3061 5153 73783014 1
3080 5148 73783024 1
3122 5162 73783034 1
3201 5189 73783044 1
3305 5245 73783054 1
3426 5317 73783064 1
3550 5400 73783074 1
3679 5466 73783084 1
3772 5506 73783094 1
3841 5528 73783104 1
3888 5535 73783114 1
3917 5528 73783124 1
4628 6501 73783374 0
4623 6531 73783384 1
4623 6540 73783394 1
4623 6540 73783404 1
4623 6540 73783414 1
4625 6514 73783424 1
4632 6477 73783434 1
4642 6414 73783444 1
4652 6329 73783454 1
4662 6229 73783464 1
4668 6119 73783474 1
4673 6002 73783484 1
4679 5872 73783494 1
4687 5756 73783504 1
4698 5649 73783514 1
4709 5562 73783524 1
4722 5488 73783534 1
4734 5424 73783544 1
4741 5377 73783554 1
4741 5353 73783564 1
4747 5345 73783574 1
4747 5345 73783584 1
4741 5369 73783594 1
4741 5419 73783604 1
4736 5497 73783614 1
4736 5587 73783624 1
4693 6143 73783685 0
4676 6261 73783695 1
4669 6313 73783705 1
4669 6346 73783715 1
4683 6385 73783725 1
4713 6425 73783735 1
4753 6466 73783745 1
4802 6498 73783755 1
4857 6532 73783765 1
4919 6566 73783775 1
4986 6593 73783785 1
5043 6611 73783795 1
5095 6617 73783805 1
5138 6605 73783815 1
5181 6583 73783825 1
5223 6547 73783835 1
5271 6488 73783845 1
5318 6413 73783855 1
5365 6304 73783865 1
5408 6189 73783875 1
5447 6062 73783885 1
5484 5927 73783895 1
5516 5782 73783905 1
5544 5670 73783915 1
5563 5582 73783925 1
5568 5504 73783935 1
5568 5438 73783945 1
5554 5381 73783955 1
5540 5342 73783965 1
5522 5331 73783975 1
5491 5340 73783985 1
5456 5371 73783995 1
5418 5441 73784005 1
5384 5536 73784015 1
5270 6168 73784085 0
5262 6260 73784095 1
5262 6283 73784105 1
5262 6283 73784115 1
5262 6289 73784125 1
5257 6289 73784135 1
5257 6272 73784145 1
5248 6229 73784155 1
5236 6168 73784165 1
5202 6083 73784175 1
5157 5986 73784185 1
5105 5881 73784195 1
5054 5782 73784205 1
5004 5714 73784215 1
4971 5667 73784225 1
4949 5644 73784235 1
4935 5639 73784245 1
4919 5645 73784255 1
4903 5676 73784265 1
4894 5742 73784275 1
4894 5831 73784285 1
4900 5927 73784295 1
4908 5982 73784305 1
4915 6009 73784315 1
4921 6009 73784325 1
4926 6009 73784335 1
4947 5999 73784345 1
4993 5979 73784355 1
5055 5954 73784365 1
5136 5924 73784375 1
5226 5893 73784385 1
5322 5861 73784395 1
5396 5831 73784405 1
5455 5808 73784415 1
5504 5789 73784425 1
5537 5778 73784435 1
5560 5778 73784445 1
5732 6126 73784506 0
5790 6143 73784516 1
5780 6152 73784526 1
5780 6185 73784536 1
5780 6185 73784546 1
5780 6185 73784556 1
5780 6156 73784566 1
5780 6113 73784576 1
5780 6052 73784586 1
5785 5987 73784596 1
5791 5915 73784606 1
5796 5843 73784616 1
5802 5793 73784626 1
5808 5758 73784636 1
5816 5743 73784646 1
5816 5743 73784656 1
5816 5743 73784666 1
5816 5772 73784676 1
5829 5836 73784686 1
5844 5926 73784696 1
5862 6061 73784706 1
5938 6596 73784746 0
5978 6820 73784756 1
5972 6864 73784766 1
5965 6890 73784776 1
5956 6903 73784786 1
5956 6903 73784796 1
5956 6908 73784806 1
5956 6903 73784816 1
5966 6884 73784826 1
5977 6856 73784836 1
5987 6827 73784846 1
5996 6796 73784856 1
6004 6763 73784866 1
6017 6725 73784876 1
6033 6687 73784886 1
6051 6648 73784896 1
6070 6605 73784906 1
6089 6557 73784916 1
6105 6495 73784926 1
6119 6424 73784936 1
6133 6343 73784946 1
6140 6263 73784956 1
6140 6184 73784966 1
6140 6098 73784976 1
6140 6012 73784986 1
6140 5919 73784996 1
6140 5826 73785006 1
6145 5737 73785016 1
6145 5658 73785026 1
6157 5578 73785036 1
6167 5486 73785046 1
6173 5387 73785056 1
6173 5288 73785066 1
6182 5204 73785076 1
6187 5129 73785086 1
6193 5067 73785096 1
6193 5015 73785106 1
6193 4969 73785116 1
6193 4931 73785126 1
6185 4903 73785136 1
6178 4881 73785146 1
6164 4869 73785156 1
6139 4854 73785166 1
6107 4847 73785176 1
6052 4847 73785186 1
5963 4840 73785196 1
5850 4830 73785206 1
5700 4844 73785216 1
5551 4876 73785226 1
