225
3256 5735 35185387 0
3256 5735 35185397 1
3214 5760 35185407 1
3214 5769 35185417 1
3214 5784 35185427 1
3246 5804 35185437 1
3288 5838 35185447 1
3352 5868 35185457 1
3416 5887 35185467 1
3482 5899 35185477 1
3542 5905 35185487 1
3599 5905 35185497 1
3648 5896 35185507 1
3683 5883 35185517 1
3708 5870 35185527 1
3723 5854 35185537 1
3732 5831 35185547 1
3737 5799 35185557 1
3737 5760 35185567 1
3737 5716 35185577 1
3737 5665 35185587 1
3737 5599 35185597 1
3737 5525 35185607 1
3743 5429 35185617 1
3743 5312 35185627 1
3749 5181 35185637 1
3749 5054 35185647 1
3749 4930 35185657 1
3743 4808 35185667 1
3743 4712 35185677 1
3743 4655 35185687 1
3748 4623 35185697 1
3748 4613 35185707 1
3748 4613 35185717 1
3748 4613 35185727 1
3736 4629 35185737 1
3717 4664 35185747 1
3683 4713 35185757 1
3635 4783 35185767 1
3578 4863 35185777 1
3527 4949 35185787 1
3481 5012 35185797 1
3454 5057 35185807 1
3437 5090 35185817 1
3432 5102 35185827 1
3432 5110 35185837 1
3432 5110 35185847 1
3432 5120 35185857 1
3467 5126 35185867 1
3516 5131 35185877 1
3580 5131 35185887 1
3648 5131 35185897 1
3711 5131 35185907 1
3768 5123 35185917 1
3805 5114 35185927 1
3826 5086 35185937 1
3835 5045 35185947 1
3825 4975 35185957 1
3796 4879 35185967 1
3754 4766 35185977 1
3691 4664 35185987 1
3632 4577 35185997 1
3582 4499 35186007 1
3560 4458 35186017 1
3554 4446 35186027 1
3554 4453 35186037 1
3587 4476 35186047 1
3639 4533 35186057 1
3716 4613 35186058 1
3793 4696 35186068 1
3870 4781 35186078 1
3960 4868 35186088 1
4557 5291 35186278 0
4603 5351 35186288 1
4603 5379 35186298 1
4595 5389 35186308 1
4595 5397 35186318 1
4595 5397 35186328 1
4595 5397 35186338 1
4595 5388 35186348 1
4600 5351 35186358 1
4605 5295 35186368 1
4600 5214 35186378 1
4588 5123 35186388 1
4575 5025 35186398 1
4565 4945 35186408 1
4559 4884 35186418 1
4559 4836 35186428 1
4559 4811 35186438 1
4559 4811 35186448 1
4559 4811 35186458 1
4595 4856 35186468 1
4616 4928 35186478 1
4710 5659 35186558 0
4768 5760 35186568 1
4783 5799 35186578 1
4803 5833 35186588 1
4824 5865 35186598 1
4847 5881 35186608 1
4877 5892 35186618 1
4916 5897 35186628 1
4956 5897 35186638 1
4995 5902 35186648 1
5028 5902 35186658 1
5057 5902 35186668 1
5079 5892 35186678 1
5097 5882 35186688 1
5111 5869 35186698 1
5125 5850 35186708 1
5139 5824 35186718 1
5153 5792 35186728 1
5166 5756 35186738 1
5177 5716 35186748 1
5186 5670 35186758 1
5197 5617 35186768 1
5208 5556 35186778 1
5219 5487 35186788 1
5229 5408 35186798 1
5239 5322 35186808 1
5250 5230 35186818 1
5261 5139 35186828 1
5276 5053 35186838 1
5292 4970 35186848 1
5310 4885 35186858 1
5323 4804 35186868 1
5333 4728 35186879 1
5343 4673 35186889 1
5348 4633 35186899 1
5348 4601 35186909 1
5348 4583 35186919 1
5348 4575 35186929 1
5348 4575 35186939 1
5348 4575 35186949 1
5337 4581 35186959 1
5320 4594 35186969 1
5288 4629 35186979 1
5245 4678 35186989 1
5194 4754 35186999 1
5123 4860 35187009 1
4938 5482 35187109 0
4996 5482 35187119 1
5009 5482 35187129 1
5014 5473 35187139 1
5022 5467 35187149 1
5027 5456 35187159 1
5027 5439 35187169 1
5027 5397 35187179 1
5017 5340 35187189 1
4995 5267 35187199 1
4962 5192 35187209 1
4929 5128 35187219 1
4896 5071 35187229 1
4865 5036 35187239 1
4840 5019 35187249 1
4820 5014 35187259 1
4801 5027 35187269 1
4760 5343 35187329 0
4791 5376 35187339 1
4800 5384 35187349 1
4829 5384 35187359 1
4863 5384 35187369 1
4914 5368 35187379 1
4974 5335 35187389 1
5033 5295 35187399 1
5092 5253 35187409 1
5152 5208 35187419 1
5213 5170 35187429 1
5266 5136 35187439 1
5314 5119 35187449 1
5360 5129 35187459 1
5604 5637 35187550 0
5604 5637 35187560 1
5622 5598 35187570 1
5622 5569 35187580 1
5635 5520 35187590 1
5645 5459 35187600 1
5659 5393 35187610 1
5675 5329 35187620 1
5693 5279 35187630 1
5707 5237 35187640 1
5722 5211 35187650 1
5733 5199 35187660 1
5742 5199 35187670 1
5755 5206 35187680 1
5771 5248 35187690 1
5909 5866 35187770 0
5949 5927 35187780 1
5955 5945 35187790 1
5955 5955 35187800 1
5960 5960 35187810 1
5960 5960 35187820 1
5971 5935 35187830 1
5987 5899 35187840 1
6006 5845 35187850 1
6026 5788 35187860 1
6047 5725 35187870 1
6067 5656 35187880 1
6083 5576 35187890 1
6097 5486 35187900 1
6116 5369 35187910 1
6134 5235 35187920 1
6151 5113 35187930 1
6166 4990 35187940 1
6176 4875 35187950 1
6186 4765 35187960 1
6193 4677 35187970 1
6199 4590 35187980 1
6210 4505 35187990 1
6222 4426 35188000 1
6236 4346 35188010 1
6247 4266 35188020 1
6259 4177 35188030 1
6270 4115 35188040 1
6276 4070 35188050 1
6276 4040 35188060 1
6282 4029 35188070 1
6282 4029 35188080 1
6282 4029 35188090 1
6269 4047 35188100 1
6240 4070 35188110 1
6199 4113 35188120 1
6136 4179 35188130 1
6045 4260 35188140 1
5935 4377 35188150 1
5761 4495 35188160 1
