225
3069 4954 8365071 0
3069 4954 8365081 1
3060 5030 8365091 1
2997 5108 8365101 1
3029 5173 8365111 1
3081 5230 8365121 1
3146 5270 8365131 1
3228 5288 8365141 1
3312 5288 8365151 1
3398 5275 8365161 1
3474 5255 8365171 1
3545 5232 8365181 1
3602 5207 8365191 1
3649 5185 8365201 1
3689 5165 8365211 1
3720 5147 8365221 1
3739 5133 8365231 1
3749 5122 8365241 1
3757 5114 8365251 1
3757 5107 8365261 1
3762 5102 8365271 1
3762 5102 8365281 1
3762 5102 8365291 1
3755 5070 8365301 1
3748 5049 8365311 1
3733 5008 8365321 1
3713 4955 8365331 1
3692 4871 8365341 1
3673 4750 8365351 1
3658 4604 8365361 1
3646 4438 8365371 1
3646 4269 8365381 1
3646 4097 8365391 1
3656 3982 8365401 1
3665 3907 8365411 1
3672 3859 8365421 1
3678 3835 8365431 1
3678 3827 8365441 1
3678 3827 8365451 1
3678 3827 8365461 1
3662 3852 8365471 1
3639 3886 8365481 1
3599 3932 8365491 1
3546 3990 8365501 1
3483 4055 8365511 1
3409 4123 8365521 1
3339 4187 8365531 1
3272 4249 8365541 1
3224 4295 8365551 1
3194 4323 8365561 1
3175 4339 8365571 1
3175 4346 8365581 1
3175 4360 8365591 1
3202 4378 8365601 1
3245 4404 8365611 1
3320 4428 8365621 1
3398 4437 8365631 1
3480 4437 8365641 1
3565 4424 8365651 1
3642 4405 8365661 1
3714 4374 8365671 1
3754 4338 8365681 1
3768 4284 8365691 1
3768 4219 8365701 1
3731 4135 8365711 1
3673 4036 8365721 1
3597 3927 8365731 1
3521 3821 8365741 1
3449 3737 8365751 1
3404 3667 8365761 1
3375 3643 8365771 1
3375 3637 8365781 1
3370 3642 8365791 1
3392 3652 8365801 1
3428 3701 8365811 1
3495 3775 8365821 1
3583 3855 8365831 1
3684 3936 8365841 1
3801 4016 8365851 1
3944 4098 8365861 1
4892 4734 8366012 0
4923 4734 8366022 1
4916 4740 8366032 1
4916 4740 8366042 1
4909 4699 8366052 1
4903 4635 8366062 1
4891 4562 8366072 1
4878 4471 8366082 1
4864 4367 8366092 1
4856 4269 8366102 1
4856 4201 8366112 1
4856 4153 8366122 1
4865 4133 8366132 1
4877 4133 8366142 1
4896 4133 8366152 1
4923 4200 8366162 1
4957 4294 8366172 1
4991 4909 8366233 0
5062 5066 8366243 1
5096 5100 8366253 1
5126 5149 8366263 1
5159 5209 8366273 1
5192 5228 8366283 1
5222 5234 8366293 1
5254 5234 8366303 1
5288 5221 8366313 1
5323 5211 8366323 1
5358 5200 8366333 1
5393 5188 8366343 1
5425 5174 8366353 1
5453 5156 8366363 1
5477 5131 8366373 1
5498 5102 8366383 1
5516 5069 8366393 1
5532 5034 8366403 1
5545 4997 8366413 1
5557 4951 8366423 1
5571 4895 8366433 1
5584 4830 8366443 1
5599 4746 8366453 1
5612 4651 8366463 1
5628 4552 8366473 1
5643 4448 8366483 1
5661 4336 8366493 1
5680 4227 8366503 1
5702 4136 8366513 1
5725 4056 8366523 1
5737 3996 8366533 1
5742 3953 8366543 1
5742 3922 8366553 1
5742 3905 8366563 1
5728 3895 8366573 1
5709 3890 8366583 1
5674 3896 8366593 1
5629 3918 8366603 1
5578 3951 8366613 1
5527 4029 8366623 1
5468 4156 8366633 1
5404 4316 8366643 1
5354 4481 8366653 1
5333 4595 8366663 1
5333 4674 8366673 1
5338 4727 8366683 1
5345 4764 8366693 1
5353 4791 8366703 1
5353 4791 8366713 1
5353 4791 8366723 1
5360 4749 8366733 1
5349 4688 8366743 1
5327 4610 8366753 1
5293 4540 8366763 1
5253 4476 8366773 1
5209 4427 8366783 1
5159 4386 8366793 1
5111 4350 8366803 1
5069 4335 8366813 1
5035 4345 8366823 1
5003 4371 8366833 1
4971 4440 8366843 1
4938 4533 8366853 1
4925 4642 8366863 1
4925 4724 8366873 1
4945 4770 8366883 1
4967 4792 8366893 1
4991 4792 8366903 1
5030 4778 8366913 1
5078 4747 8366923 1
5142 4702 8366933 1
5207 4657 8366943 1
5273 4619 8366953 1
5332 4587 8366963 1
5388 4567 8366973 1
5438 4557 8366983 1
5484 4557 8366993 1
5526 4568 8367003 1
5571 4609 8367013 1
5619 4667 8367023 1
5673 4751 8367033 1
5731 4839 8367043 1
5785 4930 8367053 1
5834 4964 8367063 1
5863 4964 8367073 1
5884 4944 8367083 1
5900 4889 8367093 1
5906 4819 8367103 1
5913 4740 8367113 1
5924 4689 8367123 1
5942 4654 8367133 1
5967 4630 8367143 1
5999 4614 8367153 1
6036 4614 8367163 1
6080 4634 8367173 1
6128 4682 8367183 1
6180 4757 8367193 1
6235 4851 8367203 1
6282 4953 8367213 1
6372 5361 8367244 0
6413 5554 8367254 1
6420 5597 8367264 1
6420 5616 8367274 1
6420 5616 8367284 1
6413 5616 8367294 1
6407 5575 8367304 1
6407 5509 8367314 1
6407 5396 8367324 1
6415 5242 8367334 1
6426 5060 8367344 1
6438 4821 8367354 1
6466 4564 8367364 1
6504 4295 8367374 1
6537 4046 8367384 1
6559 3844 8367394 1
6574 3674 8367404 1
6586 3563 8367414 1
6586 3474 8367424 1
6586 3401 8367434 1
6581 3366 8367444 1
6573 3349 8367454 1
6564 3343 8367464 1
6542 3343 8367474 1
6512 3379 8367484 1
6455 3429 8367494 1
6356 3513 8367504 1
6230 3627 8367514 1
6029 3760 8367524 1
