234
3637 5518 9944332 0
3681 5503 9944342 1
3681 5526 9944352 1
3691 5550 9944362 1
3702 5587 9944372 1
3733 5634 9944382 1
3777 5697 9944392 1
3821 5767 9944402 1
3862 5841 9944412 1
3889 5913 9944422 1
3906 5980 9944432 1
3899 6039 9944442 1
3873 6094 9944452 1
3835 6148 9944462 1
3769 6200 9944472 1
3676 6243 9944482 1
3564 6235 9944492 1
3466 6193 9944502 1
3325 6215 9944512 1
3154 6171 9944522 1
2989 6084 9944532 1
2829 5972 9944542 1
2669 5815 9944552 1
2508 5628 9944562 1
2386 5381 9944572 1
2299 5105 9944582 1
2236 4811 9944592 1
2271 4573 9944602 1
2337 4395 9944612 1
2424 4257 9944622 1
2557 4154 9944632 1
2700 4091 9944642 1
2849 4055 9944652 1
2997 4050 9944662 1
3165 4088 9944672 1
3347 4156 9944682 1
3536 4281 9944692 1
3745 4455 9944702 1
3967 4663 9944712 1
4181 4903 9944722 1
4384 5141 9944732 1
4498 5276 9944742 1
4556 5345 9944752 1
4549 5337 9944762 1
4514 5286 9944772 1
4459 5206 9944782 1
4344 5045 9944792 1
4219 4843 9944802 1
4088 4615 9944812 1
3995 4411 9944822 1
3961 4268 9944832 1
3966 4166 9944842 1
4023 4130 9944852 1
4132 4145 9944862 1
4276 4195 9944872 1
4463 4328 9944882 1
4670 4507 9944892 1
4891 4716 9944902 1
5038 4923 9944913 1
5109 5015 9944923 1
5128 5030 9944933 1
5119 5010 9944943 1
5084 4928 9944953 1
5031 4806 9944963 1
4972 4665 9944973 1
4934 4519 9944983 1
4909 4369 9944993 1
4914 4219 9945003 1
4972 4152 9945013 1
5065 4145 9945023 1
5230 4178 9945033 1
5431 4295 9945043 1
5657 4459 9945053 1
5839 4654 9945063 1
5934 4846 9945073 1
5971 5057 9945083 1
5955 5282 9945093 1
5918 5457 9945103 1
6461 5234 9945413 0
6554 5126 9945423 1
6540 5115 9945433 1
6573 5131 9945443 1
6638 5150 9945453 1
6756 5206 9945463 1
6898 5288 9945473 1
7056 5391 9945483 1
7197 5492 9945493 1
7299 5593 9945503 1
7374 5678 9945513 1
7400 5763 9945523 1
7389 5850 9945533 1
7354 5938 9945543 1
7312 5975 9945553 1
7267 5975 9945563 1
7220 5951 9945573 1
7156 5880 9945583 1
7085 5773 9945593 1
7010 5643 9945603 1
6926 5462 9945613 1
6829 5245 9945623 1
6724 5005 9945633 1
6646 4780 9945643 1
6574 4607 9945653 1
6497 4470 9945663 1
6415 4317 9945673 1
6330 4198 9945683 1
6254 4102 9945693 1
6183 4039 9945703 1
6144 4001 9945713 1
6108 3981 9945723 1
6081 3981 9945733 1
6058 4034 9945743 1
6047 4119 9945753 1
6076 4290 9945763 1
6132 4457 9945773 1
6181 4621 9945783 1
6241 4704 9945793 1
6309 4743 9945803 1
6361 4752 9945813 1
6404 4721 9945823 1
6442 4655 9945833 1
6469 4566 9945843 1
6497 4453 9945853 1
6525 4339 9945863 1
6572 4261 9945873 1
6636 4206 9945883 1
6711 4186 9945894 1
6818 4198 9945904 1
6941 4232 9945914 1
7075 4304 9945924 1
7224 4422 9945934 1
7384 4571 9945944 1
7552 4703 9945954 1
7644 4791 9945964 1
7681 4850 9945974 1
7681 4845 9945984 1
7676 4836 9945994 1
7643 4784 9946004 1
7591 4705 9946014 1
7530 4618 9946024 1
7490 4532 9946034 1
7463 4447 9946044 1
7463 4380 9946054 1
7479 4325 9946064 1
7502 4291 9946074 1
7541 4279 9946084 1
7596 4279 9946094 1
7661 4315 9946104 1
7746 4382 9946114 1
7830 4472 9946124 1
7915 4560 9946134 1
7957 4615 9946144 1
7970 4647 9946154 1
7965 4642 9946164 1
7960 4632 9946174 1
7948 4589 9946184 1
7920 4526 9946194 1
7885 4455 9946204 1
7879 4390 9946214 1
7893 4349 9946224 1
7920 4322 9946234 1
7963 4322 9946244 1
8032 4342 9946254 1
8119 4384 9946264 1
8217 4454 9946274 1
8319 4527 9946284 1
8429 4603 9946294 1
8486 4633 9946304 1
8508 4633 9946314 1
8508 4607 9946324 1
8480 4567 9946334 1
8439 4509 9946344 1
8384 4438 9946354 1
8341 4386 9946364 1
8328 4353 9946374 1
8328 4332 9946384 1
8354 4327 9946394 1
8411 4349 9946404 1
8491 4388 9946414 1
8567 4430 9946424 1
8625 4468 9946434 1
8670 4482 9946444 1
8713 4482 9946454 1
8746 4458 9946464 1
8771 4433 9946474 1
8808 4407 9946484 1
8889 4391 9946494 1
8998 4381 9946504 1
9136 4404 9946514 1
9277 4447 9946524 1
9386 4503 9946534 1
9474 4556 9946544 1
9507 4621 9946554 1
9502 4693 9946564 1
9472 4752 9946574 1
9421 4773 9946584 1
9364 4773 9946594 1
9303 4738 9946604 1
9238 4674 9946614 1
9194 4588 9946624 1
9163 4461 9946634 1
9137 4302 9946644 1
9111 4122 9946654 1
9082 3917 9946664 1
9030 3714 9946674 1
8965 3513 9946684 1
8868 3299 9946694 1
8745 3100 9946704 1
8605 2910 9946714 1
8423 2745 9946724 1
8282 2644 9946734 1
8167 2587 9946744 1
8112 2566 9946754 1
8073 2577 9946764 1
8045 2610 9946774 1
8037 2676 9946784 1
8081 2788 9946794 1
8160 2932 9946804 1
8283 3086 9946814 1
8461 3282 9946824 1
8676 3507 9946834 1
8928 3691 9946844 1
9159 3841 9946854 1
9377 3969 9946864 1
9596 4059 9946874 1
9771 4122 9946884 1
9916 4166 9946894 1
10051 4200 9946904 1
10147 4230 9946914 1
10216 4253 9946924 1
10262 4274 9946934 1
10291 4292 9946944 1
10309 4308 9946954 1
10302 4319 9946964 1
