239
3217 5475 43221539 0
3376 5476 43221549 1
3347 5537 43221559 1
3371 5581 43221569 1
3429 5633 43221579 1
3474 5703 43221589 1
3518 5784 43221599 1
3549 5882 43221609 1
3571 5977 43221619 1
3571 6063 43221629 1
3557 6138 43221639 1
3526 6209 43221649 1
3477 6276 43221659 1
3408 6339 43221669 1
3325 6377 43221679 1
3214 6399 43221689 1
3076 6372 43221699 1
2921 6295 43221709 1
2763 6184 43221719 1
2584 6026 43221729 1
2391 5819 43221739 1
2235 5579 43221749 1
2085 5278 43221759 1
2001 4952 43221769 1
1958 4609 43221779 1
2007 4321 43221789 1
2102 4122 43221799 1
2227 3983 43221809 1
2386 3889 43221819 1
2573 3837 43221829 1
2778 3813 43221839 1
2967 3840 43221849 1
3167 3911 43221859 1
3373 4011 43221869 1
3568 4158 43221879 1
3774 4351 43221889 1
3966 4574 43221899 1
4144 4778 43221909 1
4318 4941 43221919 1
4420 5076 43221929 1
4473 5110 43221939 1
4466 5088 43221949 1
4419 5029 43221959 1
4344 4883 43221969 1
4230 4706 43221979 1
4117 4509 43221989 1
4054 4324 43221999 1
4024 4223 43222009 1
4047 4178 43222019 1
4128 4184 43222029 1
4247 4248 43222039 1
4411 4352 43222049 1
4577 4470 43222059 1
4705 4572 43222069 1
4807 4589 43222079 1
4835 4555 43222089 1
4847 4456 43222099 1
4847 4324 43222109 1
4858 4170 43222119 1
4895 4054 43222129 1
4950 3994 43222139 1
5034 3972 43222149 1
5157 3997 43222159 1
5307 4075 43222169 1
5450 4188 43222179 1
5568 4350 43222189 1
5670 4512 43222199 1
5714 4675 43222209 1
5714 4824 43222219 1
5679 4963 43222229 1
5630 5058 43222239 1
5567 5128 43222249 1
5495 5175 43222259 1
5416 5201 43222269 1
5334 5212 43222279 1
6565 4889 43222600 0
6565 4889 43222610 1
6565 4889 43222620 1
6565 4889 43222630 1
6624 4903 43222640 1
6716 4919 43222650 1
6848 4969 43222660 1
7006 5047 43222670 1
7166 5145 43222680 1
7330 5245 43222690 1
7461 5357 43222700 1
7568 5477 43222710 1
7615 5587 43222720 1
7615 5693 43222730 1
7576 5791 43222740 1
7510 5885 43222750 1
7433 5936 43222760 1
7348 5960 43222770 1
7272 5954 43222780 1
7198 5916 43222790 1
7129 5857 43222800 1
7069 5771 43222810 1
7025 5661 43222820 1
6991 5536 43222830 1
6968 5368 43222840 1
6939 5211 43222850 1
6905 5062 43222860 1
6854 4915 43222870 1
6782 4769 43222880 1
6696 4623 43222890 1
6594 4466 43222900 1
6487 4295 43222910 1
6376 4116 43222920 1
6280 3978 43222930 1
6207 3869 43222940 1
6148 3780 43222950 1
6117 3739 43222960 1
6098 3731 43222970 1
6086 3746 43222980 1
6073 3798 43222990 1
6065 3908 43223000 1
6076 4058 43223010 1
6097 4253 43223020 1
6136 4447 43223030 1
6177 4553 43223040 1
6221 4600 43223050 1
6266 4600 43223060 1
6315 4554 43223070 1
6358 4481 43223080 1
6398 4353 43223090 1
6440 4226 43223100 1
6501 4104 43223110 1
6575 4018 43223120 1
6665 3952 43223130 1
6775 3926 43223140 1
6897 3926 43223150 1
7001 3952 43223160 1
7124 4007 43223170 1
7259 4098 43223180 1
7418 4212 43223190 1
7561 4360 43223200 1
7692 4473 43223210 1
7774 4563 43223220 1
7804 4590 43223230 1
7804 4590 43223240 1
7780 4576 43223250 1
7727 4520 43223261 1
7651 4431 43223271 1
7588 4321 43223281 1
7547 4224 43223291 1
7520 4145 43223301 1
7520 4079 43223311 1
7533 4037 43223321 1
7563 4014 43223331 1
7611 4003 43223341 1
7684 4017 43223351 1
7773 4056 43223361 1
7877 4111 43223371 1
7981 4183 43223381 1
8063 4263 43223391 1
8129 4348 43223401 1
8175 4408 43223411 1
8193 4424 43223421 1
8193 4411 43223431 1
8178 4367 43223431 1
8150 4300 43223441 1
8112 4218 43223451 1
8096 4152 43223461 1
8096 4099 43223471 1
8107 4055 43223481 1
8138 4034 43223491 1
8192 4034 43223501 1
8260 4057 43223511 1
8356 4102 43223521 1
8472 4167 43223531 1
8601 4246 43223541 1
8729 4324 43223551 1
8818 4360 43223561 1
8880 4369 43223571 1
8890 4342 43223581 1
8859 4286 43223591 1
8801 4212 43223601 1
8726 4139 43223611 1
8654 4072 43223621 1
8618 4030 43223631 1
8604 4004 43223641 1
8613 4004 43223651 1
8669 4024 43223661 1
8756 4062 43223671 1
8871 4112 43223681 1
8986 4162 43223691 1
9101 4186 43223701 1
9182 4193 43223711 1
9237 4159 43223721 1
9274 4120 43223731 1
9311 4074 43223741 1
9356 4029 43223751 1
9437 4003 43223761 1
9540 3989 43223771 1
9666 4011 43223781 1
9793 4049 43223791 1
9897 4098 43223801 1
9985 4162 43223811 1
10013 4255 43223821 1
9995 4368 43223831 1
9947 4453 43223841 1
9875 4488 43223851 1
9804 4488 43223861 1
9735 4459 43223871 1
9670 4391 43223881 1
9611 4297 43223891 1
9570 4186 43223901 1
9539 4048 43223911 1
9511 3891 43223921 1
9482 3688 43223931 1
9455 3471 43223941 1
9412 3245 43223951 1
9355 3019 43223961 1
9285 2820 43223971 1
9165 2639 43223981 1
9011 2511 43223991 1
8790 2413 43224001 1
8628 2336 43224011 1
8504 2318 43224021 1
8431 2349 43224031 1
8384 2414 43224041 1
8353 2527 43224051 1
8396 2667 43224061 1
8504 2826 43224071 1
8656 2986 43224081 1
8889 3148 43224091 1
9161 3312 43224101 1
9458 3478 43224111 1
9738 3579 43224121 1
9971 3651 43224131 1
10172 3705 43224141 1
10312 3768 43224151 1
10394 3808 43224161 1
10437 3833 43224171 1
10437 3841 43224181 1
10402 3856 43224191 1
10353 3876 43224201 1
10300 3881 43224211 1
10241 3871 43224221 1
