290
2934 6062 35707144 0
2975 6090 35707154 1
2975 6110 35707164 1
2983 6128 35707174 1
2990 6139 35707184 1
2999 6155 35707194 1
3005 6174 35707204 1
3010 6192 35707214 1
3010 6215 35707224 1
3021 6241 35707234 1
3027 6273 35707244 1
3033 6310 35707254 1
3028 6351 35707264 1
3017 6395 35707274 1
2992 6445 35707284 1
2951 6499 35707294 1
2898 6525 35707304 1
2833 6525 35707314 1
2756 6518 35707324 1
2670 6480 35707334 1
2576 6437 35707344 1
2485 6374 35707354 1
2401 6301 35707364 1
2320 6207 35707374 1
2240 6074 35707384 1
2160 5914 35707394 1
2084 5701 35707404 1
2034 5474 35707414 1
2001 5239 35707424 1
2001 4973 35707434 1
2021 4707 35707444 1
2053 4442 35707454 1
2109 4221 35707464 1
2187 4072 35707474 1
2279 3971 35707484 1
2383 3917 35707494 1
2506 3917 35707504 1
2642 3949 35707514 1
2783 4062 35707524 1
2928 4248 35707534 1
3076 4482 35707544 1
3241 4724 35707554 1
3366 4929 35707564 1
3464 5110 35707574 1
3515 5220 35707584 1
3536 5299 35707594 1
3536 5358 35707604 1
3530 5406 35707614 1
3523 5449 35707624 1
3516 5463 35707634 1
3508 5463 35707644 1
3500 5430 35707654 1
3473 5314 35707664 1
3434 5141 35707674 1
3400 4941 35707684 1
3372 4742 35707694 1
3366 4544 35707704 1
3372 4410 35707714 1
3388 4301 35707724 1
3407 4210 35707734 1
3432 4159 35707744 1
3457 4137 35707754 1
3485 4137 35707764 1
3520 4170 35707774 1
3568 4283 35707784 1
3634 4449 35707794 1
3712 4660 35707804 1
3785 4871 35707814 1
3836 4971 35707824 1
3873 4997 35707834 1
3884 4991 35707844 1
3911 4919 35707854 1
3949 4804 35707864 1
3995 4679 35707874 1
4046 4576 35707884 1
4114 4487 35707894 1
4193 4426 35707904 1
4268 4393 35707914 1
4343 4378 35707924 1
4419 4397 35707934 1
4496 4454 35707944 1
4574 4536 35707954 1
4643 4680 35707964 1
4706 4875 35707974 1
4742 5103 35707984 1
4732 5308 35707994 1
4690 5465 35708004 1
4617 5589 35708014 1
4531 5675 35708024 1
4436 5734 35708034 1
4360 5776 35708044 1
4312 5794 35708054 1
4850 5760 35708395 0
4908 5762 35708405 1
4928 5746 35708415 1
4913 5729 35708425 1
4930 5650 35708435 1
4968 5530 35708445 1
5023 5447 35708455 1
5101 5385 35708465 1
5195 5337 35708475 1
5310 5324 35708485 1
5427 5352 35708495 1
5560 5408 35708505 1
5703 5496 35708515 1
5858 5612 35708525 1
5984 5747 35708535 1
6091 5918 35708545 1
6173 6059 35708555 1
6206 6181 35708565 1
6206 6244 35708575 1
6181 6279 35708585 1
6143 6295 35708595 1
6098 6278 35708605 1
6035 6190 35708615 1
5954 6054 35708625 1
5860 5835 35708635 1
5745 5583 35708645 1
5630 5310 35708655 1
5533 5068 35708665 1
5447 4870 35708675 1
5370 4701 35708685 1
5293 4579 35708695 1
5218 4484 35708705 1
5143 4408 35708715 1
5079 4351 35708725 1
5017 4334 35708735 1
4964 4345 35708745 1
4918 4418 35708755 1
4898 4546 35708765 1
4898 4710 35708775 1
4919 4860 35708785 1
4948 4947 35708795 1
4985 4991 35708805 1
5026 5001 35708815 1
5071 4976 35708825 1
5126 4929 35708835 1
5188 4842 35708845 1
5251 4733 35708855 1
5312 4609 35708865 1
5374 4510 35708875 1
5440 4444 35708885 1
5513 4400 35708895 1
5592 4386 35708905 1
5678 4407 35708915 1
5764 4452 35708925 1
5850 4528 35708935 1
5919 4637 35708945 1
5988 4768 35708955 1
6036 4905 35708965 1
6070 4989 35708975 1
6083 5039 35708985 1
6083 5075 35708995 1
6083 5084 35709005 1
6083 5076 35709015 1
6068 5053 35709025 1
6040 4971 35709035 1
6006 4851 35709045 1
5976 4728 35709055 1
5966 4613 35709065 1
5966 4540 35709075 1
5993 4492 35709085 1
6024 4466 35709095 1
6068 4466 35709105 1
6123 4485 35709115 1
6188 4546 35709125 1
6264 4632 35709135 1
6331 4736 35709145 1
6391 4872 35709155 1
6442 5004 35709165 1
6469 5079 35709175 1
6480 5119 35709185 1
6480 5131 35709195 1
6472 5131 35709205 1
6459 5113 35709215 1
6432 5057 35709225 1
6407 4965 35709235 1
6385 4850 35709245 1
6371 4721 35709255 1
6376 4611 35709265 1
6394 4541 35709275 1
6432 4490 35709285 1
6473 4471 35709295 1
6525 4485 35709305 1
6587 4520 35709315 1
6657 4585 35709325 1
6731 4675 35709335 1
6801 4781 35709345 1
6870 4903 35709355 1
6915 4995 35709365 1
6945 5066 35709375 1
6966 5110 35709385 1
6966 5125 35709395 1
6966 5120 35709405 1
6966 5106 35709415 1
6938 5042 35709425 1
6910 4945 35709435 1
6880 4829 35709445 1
6845 4713 35709455 1
6813 4631 35709465 1
6798 4571 35709475 1
6793 4536 35709485 1
6793 4520 35709495 1
6799 4520 35709505 1
6808 4527 35709515 1
6823 4574 35709525 1
6857 4645 35709535 1
6901 4765 35709545 1
6955 4915 35709555 1
7022 5084 35709565 1
7097 5205 35709575 1
7155 5258 35709585 1
7185 5266 35709595 1
7197 5293 35709605 1
7207 5260 35709615 1
7207 5186 35709625 1
7207 5064 35709635 1
7189 4907 35709645 1
7177 4727 35709655 1
7167 4613 35709665 1
7178 4536 35709675 1
7205 4485 35709685 1
7242 4462 35709695 1
7287 4480 35709705 1
7346 4525 35709715 1
7413 4605 35709725 1
7481 4727 35709735 1
7552 4876 35709745 1
7630 5009 35709755 1
7716 5097 35709765 1
7811 5155 35709775 1
7911 5188 35709785 1
8005 5196 35709795 1
8076 5187 35709805 1
8134 5171 35709815 1
8176 5158 35709825 1
8197 5146 35709835 1
8204 5146 35709845 1
8197 5146 35709855 1
8165 5156 35709865 1
8115 5173 35709875 1
8029 5187 35709885 1
7915 5199 35709895 1
7783 5180 35709905 1
7677 5141 35709915 1
7582 5063 35709925 1
7495 4938 35709935 1
7406 4781 35709945 1
7317 4619 35709955 1
7265 4494 35709965 1
7236 4394 35709975 1
7249 4348 35709985 1
7288 4338 35709995 1
7343 4351 35710005 1
7441 4432 35710015 1
7556 4548 35710025 1
7683 4688 35710035 1
7818 4871 35710045 1
7946 5033 35710055 1
8013 5181 35710065 1
8043 5202 35710075 1
8043 5215 35710085 1
8031 5222 35710095 1
8012 5188 35710105 1
7985 5094 35710115 1
7945 4959 35710125 1
7897 4755 35710135 1
7829 4502 35710145 1
7756 4217 35710155 1
7680 3910 35710165 1
7614 3601 35710175 1
7553 3350 35710185 1
7516 3139 35710195 1
7494 2981 35710205 1
7452 2846 35710215 1
7379 2726 35710225 1
7284 2644 35710235 1
7187 2618 35710245 1
7085 2629 35710255 1
6979 2696 35710265 1
6903 2850 35710275 1
6897 3062 35710285 1
6938 3369 35710295 1
7083 3697 35710305 1
7318 4040 35710315 1
7614 4308 35710325 1
7966 4572 35710335 1
8287 4789 35710345 1
8588 4976 35710355 1
8838 5105 35710365 1
