259
3847 5914 65276218 0
3847 6050 65276228 1
3829 6188 65276238 1
3811 6345 65276248 1
3789 6410 65276258 1
3738 6456 65276268 1
3669 6489 65276278 1
3578 6513 65276288 1
3475 6501 65276298 1
3364 6464 65276308 1
3221 6343 65276318 1
3047 6131 65276328 1
2853 5859 65276338 1
2686 5532 65276348 1
2555 5157 65276358 1
2448 4750 65276368 1
2448 4452 65276378 1
2499 4151 65276388 1
2586 3972 65276398 1
2725 3876 65276408 1
2897 3808 65276418 1
3092 3793 65276428 1
3308 3814 65276438 1
3519 3895 65276448 1
3727 4047 65276458 1
3923 4246 65276468 1
4096 4490 65276478 1
4253 4678 65276488 1
4341 4829 65276498 1
4375 4896 65276508 1
4375 4907 65276518 1
4366 4882 65276528 1
4343 4817 65276538 1
4310 4691 65276548 1
4282 4525 65276558 1
4257 4306 65276568 1
4238 4112 65276578 1
4248 3936 65276588 1
4276 3797 65276598 1
4307 3727 65276608 1
4349 3704 65276618 1
4397 3704 65276628 1
4459 3777 65276638 1
4553 3891 65276648 1
4668 4063 65276658 1
4790 4262 65276668 1
4897 4479 65276678 1
4957 4596 65276688 1
4989 4636 65276698 1
4989 4624 65276708 1
4997 4590 65276718 1
4997 4488 65276728 1
4986 4341 65276738 1
4986 4162 65276748 1
5008 4006 65276758 1
5045 3866 65276768 1
5105 3783 65276778 1
5168 3737 65276788 1
5232 3717 65276798 1
5325 3744 65276808 1
5418 3838 65276818 1
5547 3978 65276828 1
5698 4172 65276838 1
5864 4397 65276848 1
5991 4642 65276858 1
6091 4843 65276868 1
6159 4996 65276878 1
6187 5117 65276888 1
6187 5180 65276898 1
6163 5221 65276908 1
6135 5247 65276918 1
6103 5270 65276928 1
6083 5288 65276938 1
6068 5299 65276948 1
6062 5307 65276958 1
6062 5307 65276968 1
6062 5307 65276978 1
6069 5307 65276988 1
6089 5300 65276998 1
7287 5086 65277510 0
7350 5086 65277520 1
7361 5106 65277530 1
7361 5135 65277540 1
7361 5140 65277550 1
7385 5155 65277560 1
7433 5200 65277570 1
7497 5263 65277580 1
7592 5342 65277590 1
7692 5430 65277600 1
7786 5525 65277610 1
7873 5596 65277620 1
7940 5660 65277630 1
7985 5714 65277640 1
8014 5765 65277650 1
8051 5839 65277660 1
8089 5927 65277670 1
8118 6020 65277680 1
8140 6104 65277690 1
8140 6153 65277700 1
8124 6181 65277710 1
8104 6188 65277720 1
8073 6177 65277730 1
8038 6154 65277740 1
7999 6099 65277750 1
7952 6000 65277760 1
7905 5873 65277770 1
7850 5704 65277780 1
7789 5495 65277790 1
7735 5260 65277800 1
7683 5001 65277810 1
7635 4756 65277820 1
7591 4520 65277830 1
7536 4319 65277840 1
7472 4146 65277850 1
7381 3992 65277860 1
7248 3840 65277870 1
7088 3733 65277880 1
6939 3657 65277890 1
6791 3617 65277900 1
6652 3617 65277910 1
6567 3655 65277920 1
6512 3734 65277930 1
6512 3848 65277940 1
6550 3986 65277950 1
6621 4103 65277960 1
6724 4199 65277970 1
6836 4281 65277980 1
6954 4324 65277990 1
7038 4317 65278000 1
7113 4277 65278010 1
7183 4213 65278020 1
7263 4145 65278030 1
7345 4077 65278040 1
7439 4012 65278050 1
7539 3953 65278060 1
7633 3904 65278070 1
7727 3861 65278080 1
7821 3826 65278090 1
7914 3804 65278100 1
7992 3790 65278110 1
8061 3796 65278120 1
8141 3832 65278130 1
8250 3888 65278140 1
8378 3970 65278150 1
8517 4068 65278160 1
8653 4178 65278170 1
8768 4285 65278180 1
8869 4368 65278190 1
8942 4436 65278200 1
8992 4488 65278210 1
9027 4538 65278220 1
9067 4586 65278230 1
9107 4632 65278240 1
9145 4677 65278250 1
9161 4688 65278260 1
9161 4694 65278270 1
9161 4694 65278280 1
9138 4684 65278290 1
9103 4641 65278300 1
9048 4573 65278310 1
8985 4461 65278320 1
8917 4328 65278330 1
8877 4182 65278340 1
8868 4051 65278350 1
8880 3973 65278360 1
8918 3930 65278370 1
8957 3901 65278380 1
9016 3910 65278390 1
9087 3945 65278400 1
9179 4024 65278410 1
9283 4122 65278420 1
9394 4232 65278430 1
9487 4339 65278440 1
9537 4399 65278450 1
9558 4427 65278460 1
9558 4417 65278470 1
9547 4362 65278480 1
9528 4277 65278490 1
9490 4155 65278500 1
9475 4060 65278510 1
9475 3982 65278520 1
9491 3942 65278530 1
9513 3924 65278540 1
9539 3924 65278550 1
9596 3958 65278560 1
9695 4042 65278570 1
9822 4159 65278580 1
9963 4293 65278590 1
10066 4385 65278600 1
10143 4449 65278610 1
10176 4467 65278620 1
10187 4462 65278630 1
10187 4443 65278640 1
10161 4369 65278650 1
10123 4265 65278660 1
10075 4140 65278670 1
10040 4044 65278680 1
10009 3986 65278690 1
9983 3953 65278700 1
9975 3938 65278710 1
9975 3938 65278720 1
9994 3944 65278730 1
10016 3977 65278740 1
10083 4030 65278750 1
10179 4097 65278760 1
10261 4163 65278770 1
10328 4224 65278780 1
10384 4246 65278790 1
10408 4246 65278800 1
10421 4220 65278810 1
10426 4160 65278820 1
10426 4077 65278830 1
10426 3994 65278840 1
10456 3936 65278850 1
10505 3895 65278860 1
10565 3872 65278870 1
10648 3882 65278880 1
10746 3914 65278890 1
10845 3978 65278900 1
10968 4077 65278910 1
11108 4200 65278920 1
11223 4347 65278930 1
11311 4468 65278940 1
11382 4571 65278950 1
11402 4629 65278960 1
11397 4666 65278970 1
11375 4690 65278980 1
11329 4695 65278990 1
11271 4663 65279000 1
11205 4606 65279010 1
11138 4504 65279020 1
11089 4369 65279030 1
11052 4212 65279040 1
11041 4037 65279050 1
11070 3846 65279060 1
11125 3645 65279070 1
11195 3473 65279080 1
11238 3275 65279090 1
11264 3088 65279100 1
11264 2917 65279110 1
11226 2738 65279120 1
11156 2590 65279130 1
11037 2462 65279140 1
10881 2339 65279150 1
10700 2220 65279160 1
10525 2151 65279170 1
10397 2113 65279180 1
10301 2119 65279190 1
10266 2165 65279200 1
10266 2239 65279210 1
10301 2405 65279220 1
10413 2626 65279230 1
10587 2883 65279240 1
10803 3134 65279250 1
11049 3348 65279260 1
11266 3538 65279270 1
11464 3675 65279280 1
11634 3788 65279290 1
11745 3886 65279300 1
