319
3494 5977 86120284 0
3494 5977 86120294 1
3494 5977 86120304 1
3528 6004 86120314 1
3535 6017 86120324 1
3548 6043 86120334 1
3564 6077 86120344 1
3586 6125 86120354 1
3611 6180 86120364 1
3634 6241 86120374 1
3646 6307 86120384 1
3652 6382 86120394 1
3634 6463 86120404 1
3603 6537 86120414 1
3563 6596 86120424 1
3502 6644 86120434 1
3429 6678 86120444 1
3349 6707 86120454 1
3252 6716 86120464 1
3141 6716 86120474 1
3021 6687 86120484 1
2908 6658 86120494 1
2799 6620 86120504 1
2700 6578 86120514 1
2606 6532 86120524 1
2525 6463 86120534 1
2449 6379 86120544 1
2389 6286 86120554 1
2338 6172 86120564 1
2300 6044 86120574 1
2280 5897 86120584 1
2273 5745 86120594 1
2279 5604 86120604 1
2291 5472 86120614 1
2328 5316 86120624 1
2380 5191 86120634 1
2461 5087 86120644 1
2567 4998 86120654 1
2690 4940 86120664 1
2807 4902 86120674 1
2944 4910 86120684 1
3095 4955 86120694 1
3264 5024 86120704 1
3430 5119 86120714 1
3594 5223 86120724 1
3761 5333 86120734 1
3894 5446 86120744 1
4004 5549 86120754 1
4092 5623 86120764 1
4155 5681 86120774 1
4202 5735 86120784 1
4229 5794 86120794 1
4245 5868 86120804 1
4254 5950 86120814 1
4261 6001 86120824 1
4261 6021 86120834 1
4261 6021 86120844 1
4261 6021 86120854 1
4261 6016 86120864 1
4255 6016 86120874 1
4234 5991 86120884 1
4202 5934 86120894 1
4157 5856 86120904 1
4108 5766 86120914 1
4057 5671 86120924 1
4004 5574 86120934 1
3953 5475 86120944 1
3924 5376 86120954 1
3907 5275 86120964 1
3912 5194 86120974 1
3933 5125 86120984 1
3964 5062 86120994 1
4021 5020 86121004 1
4083 4992 86121014 1
4165 4992 86121024 1
4260 5036 86121034 1
4356 5110 86121044 1
4452 5215 86121054 1
4547 5327 86121064 1
4626 5445 86121074 1
4695 5542 86121084 1
4748 5618 86121094 1
4773 5680 86121104 1
4780 5712 86121114 1
4773 5727 86121124 1
4768 5727 86121134 1
4768 5727 86121135 1
4768 5727 86121145 1
4768 5727 86121155 1
4732 5647 86121165 1
4721 5548 86121175 1
4726 5452 86121185 1
4739 5341 86121195 1
4749 5221 86121205 1
4779 5133 86121215 1
4823 5052 86121225 1
4868 4977 86121235 1
4919 4933 86121245 1
4974 4910 86121255 1
5029 4902 86121265 1
5095 4916 86121275 1
5181 4953 86121285 1
5281 5006 86121295 1
5380 5067 86121305 1
5479 5143 86121315 1
5578 5228 86121325 1
5678 5340 86121335 1
5764 5464 86121345 1
5841 5597 86121355 1
5895 5756 86121365 1
5935 5927 86121375 1
5966 6107 86121385 1
5983 6245 86121395 1
6252 6205 86121756 0
6252 6205 86121766 1
6252 6205 86121776 1
6252 6205 86121786 1
6252 6205 86121796 1
6275 6136 86121806 1
6306 6075 86121816 1
6343 6017 86121826 1
6389 5967 86121836 1
6442 5923 86121846 1
6510 5901 86121856 1
6588 5908 86121866 1
6682 5934 86121876 1
6782 5987 86121886 1
6875 6049 86121896 1
6960 6116 86121906 1
7019 6188 86121916 1
7054 6260 86121926 1
7073 6342 86121936 1
7073 6430 86121946 1
7056 6507 86121956 1
7019 6563 86121966 1
6969 6604 86121976 1
6919 6622 86121986 1
6857 6615 86121996 1
6788 6592 86122006 1
6709 6536 86122016 1
6638 6456 86122026 1
6580 6361 86122036 1
6537 6263 86122046 1
6504 6163 86122056 1
6461 6033 86122066 1
6416 5884 86122076 1
6370 5726 86122086 1
6317 5572 86122096 1
6251 5422 86122106 1
6177 5282 86122116 1
6106 5152 86122126 1
6035 5054 86122136 1
5965 4990 86122146 1
5895 4950 86122156 1
5828 4933 86122166 1
5761 4946 86122176 1
5693 4978 86122186 1
5655 5042 86122196 1
5645 5114 86122206 1
5654 5192 86122216 1
5686 5261 86122226 1
5734 5325 86122236 1
5793 5365 86122246 1
5860 5390 86122256 1
5931 5410 86122266 1
6009 5410 86122276 1
6089 5396 86122286 1
6170 5364 86122296 1
6249 5331 86122306 1
6326 5293 86122316 1
6399 5253 86122326 1
6469 5226 86122336 1
6536 5208 86122346 1
6613 5194 86122356 1
6694 5194 86122366 1
6783 5194 86122376 1
6876 5221 86122386 1
6969 5272 86122396 1
7057 5341 86122406 1
7125 5405 86122416 1
7179 5466 86122426 1
7212 5523 86122436 1
7220 5572 86122446 1
7212 5611 86122456 1
7190 5643 86122466 1
7163 5670 86122476 1
7133 5686 86122486 1
7110 5691 86122496 1
7092 5691 86122506 1
7073 5679 86122516 1
7053 5643 86122526 1
7035 5591 86122536 1
7023 5529 86122546 1
7018 5452 86122556 1
7018 5365 86122566 1
7028 5291 86122576 1
7047 5239 86122586 1
7074 5201 86122596 1
7114 5180 86122606 1
7162 5185 86122616 1
7222 5208 86122626 1
7297 5260 86122636 1
7381 5332 86122646 1
7457 5418 86122656 1
7517 5500 86122666 1
7567 5554 86122676 1
7591 5589 86122686 1
7602 5608 86122696 1
7602 5614 86122706 1
7602 5614 86122716 1
7602 5607 86122726 1
7602 5607 86122736 1
7597 5601 86122746 1
7597 5562 86122756 1
7597 5512 86122766 1
7597 5455 86122776 1
7613 5408 86122786 1
7630 5369 86122796 1
7661 5336 86122806 1
7701 5317 86122816 1
7748 5322 86122826 1
7812 5342 86122836 1
7886 5387 86122846 1
7950 5439 86122856 1
8003 5495 86122866 1
8048 5541 86122876 1
8075 5584 86122878 1
8091 5620 86122888 1
8099 5635 86122898 1
8093 5635 86122908 1
8093 5645 86122918 1
8086 5650 86122928 1
8086 5650 86122938 1
8086 5650 86122948 1
8086 5643 86122958 1
8086 5633 86122968 1
8086 5586 86122978 1
8080 5517 86122988 1
8080 5461 86122998 1
8094 5404 86123008 1
8114 5344 86123018 1
8137 5312 86123028 1
8171 5298 86123038 1
8205 5298 86123048 1
8251 5324 86123058 1
8304 5370 86123068 1
8356 5438 86123078 1
8403 5501 86123088 1
8428 5562 86123098 1
8439 5602 86123108 1
8439 5611 86123118 1
8439 5600 86123128 1
8431 5600 86123138 1
8425 5600 86123148 1
8418 5563 86123158 1
8409 5511 86123168 1
8426 5452 86123178 1
8467 5395 86123188 1
8523 5354 86123198 1
8593 5324 86123208 1
8674 5331 86123218 1
8762 5360 86123228 1
8849 5403 86123238 1
8916 5452 86123248 1
8970 5505 86123258 1
9003 5560 86123268 1
9019 5616 86123278 1
9024 5669 86123288 1
9014 5713 86123298 1
8994 5752 86123308 1
8967 5783 86123318 1
8927 5807 86123328 1
8882 5825 86123338 1
8834 5825 86123348 1
8787 5812 86123358 1
8745 5792 86123368 1
8700 5748 86123378 1
8652 5687 86123388 1
8613 5617 86123398 1
8576 5545 86123408 1
8542 5473 86123418 1
8515 5402 86123428 1
8491 5349 86123438 1
8479 5308 86123448 1
8479 5273 86123458 1
8467 5240 86123468 1
8467 5205 86123478 1
8461 5161 86123488 1
8461 5092 86123498 1
8446 5008 86123508 1
8423 4901 86123518 1
8391 4783 86123528 1
8354 4658 86123538 1
8315 4543 86123548 1
8275 4427 86123558 1
8229 4311 86123568 1
8176 4208 86123578 1
8119 4113 86123588 1
8064 4054 86123598 1
8008 4025 86123608 1
7949 4016 86123618 1
7888 4035 86123628 1
7825 4080 86123638 1
7763 4142 86123648 1
7726 4216 86123658 1
7726 4302 86123668 1
7744 4395 86123678 1
7796 4485 86123688 1
7884 4579 86123698 1
7995 4683 86123708 1
8128 4792 86123718 1
8300 4923 86123728 1
8499 5053 86123738 1
8708 5171 86123748 1
8930 5282 86123758 1
9160 5377 86123768 1
9396 5463 86123778 1
9622 5544 86123788 1
9841 5615 86123798 1
