314
5114 6083 35644944 0
5211 6024 35644954 1
5201 6024 35644964 1
5160 6024 35644974 1
5160 6024 35644984 1
5160 6024 35644994 1
5160 6024 35645004 1
5165 6024 35645014 1
5165 6024 35645024 1
5180 6024 35645034 1
5193 6024 35645044 1
5208 6024 35645054 1
5229 6087 35645064 1
5248 6143 35645074 1
5264 6195 35645084 1
5264 6251 35645094 1
5256 6310 35645104 1
5236 6375 35645114 1
5200 6440 35645124 1
5148 6505 35645134 1
5086 6549 35645144 1
5007 6576 35645154 1
4913 6593 35645164 1
4808 6593 35645174 1
4674 6569 35645184 1
4541 6535 35645194 1
4408 6471 35645204 1
4284 6382 35645214 1
4163 6277 35645224 1
4063 6154 35645234 1
3976 5977 35645244 1
3888 5765 35645254 1
3796 5530 35645264 1
3701 5239 35645274 1
3614 4912 35645284 1
3562 4607 35645294 1
3534 4348 35645304 1
3559 4120 35645314 1
3643 3920 35645324 1
3765 3749 35645334 1
3900 3598 35645344 1
4037 3509 35645354 1
4187 3459 35645364 1
4343 3436 35645374 1
4494 3459 35645384 1
4652 3551 35645394 1
4821 3689 35645404 1
4995 3899 35645414 1
5155 4136 35645424 1
5319 4391 35645434 1
5451 4635 35645444 1
5560 4874 35645454 1
5636 5042 35645464 1
5684 5165 35645474 1
5714 5227 35645484 1
5723 5280 35645494 1
5723 5327 35645504 1
5713 5336 35645514 1
5705 5315 35645524 1
5666 5274 35645534 1
5606 5151 35645544 1
5521 4966 35645554 1
5430 4739 35645564 1
5336 4528 35645574 1
5260 4317 35645584 1
5216 4125 35645594 1
5193 3945 35645604 1
5199 3803 35645614 1
5222 3701 35645624 1
5256 3626 35645634 1
5287 3594 35645644 1
5321 3594 35645654 1
5364 3619 35645664 1
5427 3717 35645674 1
5501 3868 35645684 1
5587 4055 35645694 1
5676 4243 35645704 1
5770 4397 35645714 1
5841 4528 35645724 1
5897 4588 35645734 1
5920 4609 35645744 1
5929 4603 35645754 1
5929 4566 35645764 1
5921 4475 35645774 1
5915 4348 35645784 1
5915 4177 35645794 1
5939 4023 35645804 1
5983 3881 35645814 1
6063 3773 35645824 1
6148 3715 35645834 1
6253 3690 35645844 1
6368 3721 35645854 1
6490 3813 35645864 1
6607 3945 35645874 1
6708 4109 35645884 1
6800 4312 35645894 1
6858 4542 35645904 1
6884 4779 35645914 1
6884 5013 35645924 1
6846 5204 35645934 1
6764 5367 35645944 1
6655 5508 35645954 1
6552 5595 35645964 1
6478 5646 35645974 1
6424 5666 35645984 1
6417 5673 35645994 1
6417 5673 35646004 1
6417 5665 35646014 1
6828 5717 35646366 0
6804 5535 35646376 1
6779 5500 35646386 1
6743 5418 35646396 1
6762 5304 35646406 1
6821 5203 35646416 1
6906 5140 35646426 1
7024 5103 35646436 1
7157 5103 35646446 1
7301 5157 35646456 1
7481 5239 35646466 1
7655 5348 35646476 1
7825 5472 35646486 1
7973 5607 35646496 1
8084 5745 35646506 1
8170 5888 35646516 1
8238 6034 35646526 1
8270 6129 35646536 1
8278 6184 35646546 1
8259 6213 35646556 1
8229 6224 35646566 1
8191 6200 35646576 1
8126 6152 35646586 1
8037 6036 35646596 1
7931 5845 35646606 1
7808 5603 35646616 1
7686 5316 35646626 1
7565 5012 35646636 1
7447 4698 35646646 1
7333 4479 35646656 1
7226 4293 35646666 1
7146 4128 35646676 1
7083 4011 35646686 1
7015 3927 35646696 1
6948 3865 35646706 1
6882 3848 35646716 1
6829 3880 35646726 1
6780 3945 35646736 1
6756 4059 35646746 1
6748 4210 35646756 1
6778 4387 35646766 1
6825 4503 35646776 1
6884 4561 35646786 1
6923 4581 35646796 1
6965 4573 35646806 1
7015 4532 35646816 1
7074 4470 35646826 1
7153 4391 35646836 1
7244 4308 35646846 1
7340 4211 35646856 1
7436 4106 35646866 1
7528 4035 35646876 1
7616 3999 35646886 1
7709 3986 35646896 1
7804 4015 35646906 1
7901 4080 35646917 1
7991 4168 35646927 1
8070 4283 35646937 1
8146 4414 35646947 1
8223 4556 35646957 1
8278 4655 35646967 1
8317 4721 35646977 1
8327 4765 35646987 1
8327 4775 35646997 1
8309 4755 35647007 1
8279 4715 35647017 1
8239 4629 35647027 1
8193 4524 35647037 1
8158 4406 35647047 1
8129 4280 35647057 1
8121 4185 35647067 1
8121 4110 35647077 1
8152 4067 35647087 1
8185 4056 35647097 1
8231 4067 35647107 1
8293 4123 35647117 1
8365 4204 35647127 1
8432 4301 35647137 1
8493 4424 35647147 1
8551 4536 35647157 1
8595 4642 35647167 1
8627 4702 35647177 1
8651 4730 35647187 1
8656 4737 35647197 1
8651 4727 35647207 1
8639 4679 35647217 1
8608 4606 35647227 1
8574 4523 35647237 1
8539 4426 35647247 1
8520 4320 35647257 1
8520 4223 35647267 1
8526 4156 35647277 1
8552 4108 35647287 1
8582 4092 35647297 1
8622 4112 35647307 1
8670 4155 35647317 1
8726 4226 35647327 1
8785 4317 35647337 1
8844 4422 35647347 1
8905 4534 35647357 1
8968 4641 35647367 1
9013 4702 35647377 1
9047 4735 35647387 1
9053 4735 35647397 1
9047 4728 35647407 1
9034 4686 35647417 1
9006 4622 35647427 1
8969 4537 35647437 1
8926 4431 35647447 1
8879 4311 35647457 1
8834 4209 35647467 1
8813 4152 35647477 1
8806 4124 35647487 1
8806 4101 35647497 1
8806 4110 35647507 1
8816 4140 35647517 1
8834 4181 35647527 1
8868 4277 35647537 1
8930 4411 35647547 1
9011 4541 35647557 1
9090 4653 35647567 1
9169 4752 35647577 1
9246 4829 35647587 1
9296 4864 35647597 1
9329 4871 35647607 1
9336 4858 35647617 1
9336 4804 35647627 1
9327 4723 35647637 1
9309 4613 35647647 1
9291 4480 35647657 1
9272 4333 35647667 1
9272 4224 35647677 1
9280 4155 35647687 1
9298 4114 35647697 1
9313 4096 35647707 1
9331 4103 35647717 1
9357 4127 35647727 1
9405 4183 35647737 1
9467 4272 35647747 1
9539 4384 35647757 1
9622 4499 35647767 1
9713 4580 35647777 1
9811 4638 35647787 1
9910 4664 35647797 1
10011 4664 35647807 1
10096 4657 35647817 1
10169 4642 35647827 1
10229 4627 35647837 1
10264 4622 35647847 1
10282 4622 35647857 1
10282 4633 35647867 1
10255 4662 35647877 1
10219 4704 35647887 1
10148 4745 35647897 1
10047 4781 35647907 1
9925 4791 35647917 1
9817 4784 35647927 1
9721 4737 35647937 1
9634 4666 35647947 1
9540 4579 35647957 1
9446 4458 35647967 1
9351 4337 35647977 1
9303 4251 35647987 1
9297 4190 35647997 1
9319 4169 35648007 1
9361 4181 35648017 1
9439 4215 35648027 1
9540 4287 35648037 1
9649 4377 35648047 1
9764 4480 35648057 1
9887 4592 35648067 1
10011 4700 35648077 1
10082 4758 35648087 1
10119 4785 35648097 1
10126 4775 35648107 1
10120 4722 35648117 1
10106 4641 35648127 1
10080 4523 35648137 1
10029 4340 35648147 1
9960 4114 35648157 1
9875 3868 35648167 1
9790 3612 35648177 1
9709 3349 35648187 1
9634 3106 35648197 1
9561 2900 35648207 1
9487 2720 35648217 1
9423 2584 35648227 1
9364 2491 35648237 1
9297 2428 35648247 1
9222 2384 35648257 1
9106 2370 35648267 1
8955 2375 35648277 1
8781 2406 35648287 1
8627 2465 35648297 1
8520 2544 35648307 1
8444 2644 35648317 1
8461 2809 35648327 1
8612 3017 35648337 1
8852 3329 35648347 1
9279 3699 35648357 1
9822 4107 35648367 1
10442 4441 35648377 1
11007 4626 35648387 1
11381 4711 35648397 1
11627 4759 35648407 1
11769 4793 35648417 1
