230
3043 5586 9992030 0
3092 5605 9992040 1
3057 5663 9992050 1
3083 5731 9992060 1
3111 5821 9992070 1
3139 5944 9992080 1
3139 6090 9992080 1
3120 6138 9992090 1
3061 6231 9992100 1
2989 6353 9992110 1
2907 6396 9992120 1
2810 6396 9992130 1
2684 6377 9992140 1
2539 6312 9992150 1
2388 6199 9992160 1
2238 6054 9992170 1
2078 5823 9992180 1
1912 5588 9992190 1
1787 5270 9992200 1
1709 4900 9992210 1
1663 4578 9992220 1
1692 4310 9992230 1
1766 4077 9992240 1
1869 3934 9992250 1
2010 3849 9992260 1
2170 3802 9992270 1
2342 3817 9992280 1
2524 3896 9992290 1
2718 4017 9992300 1
2921 4205 9992310 1
3171 4445 9992320 1
3422 4720 9992330 1
3674 5011 9992340 1
3858 5241 9992350 1
3999 5430 9992360 1
4046 5491 9992370 1
4039 5471 9992380 1
3995 5396 9992390 1
3906 5223 9992400 1
3780 4975 9992410 1
3630 4677 9992420 1
3497 4338 9992430 1
3430 4077 9992440 1
3407 3868 9992450 1
3456 3803 9992460 1
3543 3803 9992470 1
3656 3843 9992480 1
3826 4001 9992490 1
4027 4232 9992500 1
4249 4513 9992510 1
4451 4767 9992520 1
4583 4926 9992530 1
4669 5023 9992540 1
4669 5005 9992550 1
4639 4895 9992560 1
4581 4724 9992570 1
4517 4540 9992580 1
4459 4339 9992590 1
4459 4127 9992600 1
4500 4026 9992610 1
4587 3997 9992620 1
4721 4015 9992630 1
4887 4129 9992640 1
5068 4312 9992650 1
5251 4542 9992660 1
5436 4751 9992670 1
5518 4963 9992680 1
5545 5177 9992690 1
5534 5356 9992700 1
5503 5442 9992710 1
6398 4934 9993202 0
6388 4878 9993212 1
6379 4886 9993222 1
6395 4886 9993232 1
6437 4902 9993242 1
6524 4937 9993252 1
6640 5013 9993262 1
6816 5122 9993272 1
6993 5252 9993282 1
7146 5392 9993292 1
7283 5523 9993302 1
7377 5647 9993312 1
7405 5743 9993322 1
7388 5840 9993332 1
7321 5939 9993342 1
7244 5998 9993352 1
7159 6006 9993362 1
7078 5979 9993372 1
6993 5913 9993382 1
6906 5806 9993392 1
6818 5673 9993402 1
6734 5485 9993412 1
6657 5254 9993422 1
6588 4995 9993432 1
6525 4738 9993442 1
6465 4525 9993452 1
6408 4341 9993462 1
6351 4164 9993472 1
6294 4015 9993482 1
6232 3884 9993492 1
6176 3764 9993502 1
6127 3681 9993512 1
6080 3622 9993522 1
6057 3596 9993532 1
6039 3596 9993542 1
6018 3603 9993552 1
5993 3632 9993562 1
5979 3702 9993572 1
5993 3799 9993582 1
6025 3944 9993592 1
6088 4084 9993602 1
6181 4221 9993612 1
6295 4342 9993622 1
6394 4407 9993632 1
6461 4436 9993642 1
6507 4382 9993652 1
6539 4287 9993662 1
6563 4165 9993672 1
6582 4036 9993682 1
6615 3921 9993692 1
6664 3846 9993702 1
6724 3793 9993712 1
6804 3786 9993722 1
6906 3833 9993732 1
7022 3917 9993742 1
7145 4031 9993752 1
7279 4182 9993762 1
7419 4358 9993772 1
7534 4555 9993782 1
7589 4648 9993792 1
7604 4673 9993802 1
7604 4650 9993812 1
7574 4575 9993822 1
7532 4466 9993832 1
7485 4301 9993842 1
7466 4160 9993852 1
7466 4035 9993862 1
7497 3941 9993872 1
7530 3881 9993882 1
7583 3843 9993892 1
7647 3843 9993902 1
7729 3886 9993912 1
7831 3961 9993922 1
7947 4071 9993932 1
8051 4209 9993942 1
8160 4365 9993952 1
8238 4514 9993962 1
8295 4576 9993972 1
8301 4576 9993982 1
8291 4555 9993992 1
8269 4476 9994002 1
8215 4360 9994012 1
8164 4228 9994022 1
8115 4110 9994032 1
8103 4024 9994042 1
8115 3956 9994052 1
8142 3922 9994062 1
8188 3922 9994072 1
8271 3947 9994082 1
8378 4016 9994092 1
8499 4113 9994102 1
8623 4230 9994112 1
8753 4383 9994122 1
8874 4488 9994132 1
8990 4560 9994142 1
9004 4551 9994152 1
8990 4502 9994162 1
8958 4426 9994172 1
8870 4304 9994182 1
8788 4182 9994192 1
8711 4093 9994202 1
8677 4027 9994212 1
8677 3985 9994222 1
8691 3975 9994232 1
8746 3986 9994242 1
8849 4047 9994252 1
8983 4120 9994262 1
9090 4202 9994272 1
9197 4275 9994282 1
9302 4308 9994292 1
9354 4315 9994302 1
9371 4274 9994312 1
9371 4222 9994322 1
9371 4162 9994332 1
9371 4118 9994342 1
9392 4095 9994352 1
9473 4085 9994362 1
9591 4114 9994372 1
9761 4172 9994382 1
9934 4249 9994392 1
10059 4334 9994402 1
10150 4423 9994412 1
10174 4516 9994422 1
10174 4572 9994432 1
10153 4586 9994442 1
10112 4573 9994452 1
10052 4527 9994462 1
9978 4442 9994472 1
9913 4330 9994482 1
9886 4185 9994492 1
9886 3980 9994502 1
9895 3734 9994512 1
9865 3483 9994522 1
9807 3198 9994532 1
9765 2890 9994542 1
9698 2643 9994552 1
9614 2456 9994562 1
9463 2308 9994572 1
9293 2196 9994582 1
9110 2136 9994592 1
8969 2110 9994602 1
8872 2110 9994612 1
8803 2136 9994622 1
8758 2180 9994632 1
8751 2275 9994642 1
8769 2411 9994652 1
8862 2574 9994662 1
9016 2769 9994672 1
9210 2983 9994682 1
9451 3210 9994692 1
9721 3443 9994702 1
10011 3615 9994712 1
10226 3746 9994722 1
10408 3855 9994732 1
10568 3932 9994742 1
10679 3987 9994752 1
10741 4024 9994762 1
10769 4037 9994772 1
10762 4037 9994782 1
10710 4026 9994792 1
