304
2436 6275 25454655 0
2402 6391 25454665 1
2407 6439 25454675 1
2395 6488 25454685 1
2379 6538 25454695 1
2359 6584 25454705 1
2328 6630 25454715 1
2286 6673 25454725 1
2236 6711 25454735 1
2180 6729 25454745 1
2112 6735 25454755 1
2035 6711 25454765 1
1956 6656 25454775 1
1873 6580 25454785 1
1788 6469 25454795 1
1703 6314 25454805 1
1609 6131 25454815 1
1508 5904 25454825 1
1427 5665 25454835 1
1368 5417 25454845 1
1323 5152 25454855 1
1307 4925 25454865 1
1321 4723 25454875 1
1356 4606 25454885 1
1424 4532 25454895 1
1521 4488 25454905 1
1636 4471 25454915 1
1746 4478 25454925 1
1859 4500 25454935 1
1973 4563 25454945 1
2109 4661 25454955 1
2241 4783 25454965 1
2370 4933 25454975 1
2505 5098 25454985 1
2640 5274 25454995 1
2760 5473 25455005 1
2868 5668 25455015 1
2963 5854 25455025 1
3039 5999 25455035 1
3102 6118 25455045 1
3146 6203 25455055 1
3165 6262 25455065 1
3165 6304 25455075 1
3152 6323 25455085 1
3132 6335 25455095 1
3107 6335 25455105 1
3073 6308 25455115 1
3036 6262 25455125 1
2998 6194 25455135 1
2965 6106 25455145 1
2933 6004 25455155 1
2905 5870 25455165 1
2878 5728 25455175 1
2857 5582 25455185 1
2844 5436 25455195 1
2852 5289 25455205 1
2872 5143 25455215 1
2907 5041 25455225 1
2948 4967 25455235 1
2999 4926 25455245 1
3058 4926 25455255 1
3123 4951 25455265 1
3193 5015 25455275 1
3269 5113 25455285 1
3351 5234 25455295 1
3440 5399 25455305 1
3536 5575 25455315 1
3637 5758 25455325 1
3738 5949 25455335 1
3807 6078 25455345 1
3855 6166 25455355 1
3876 6197 25455365 1
3881 6204 25455375 1
3876 6195 25455385 1
3876 6161 25455395 1
3863 6076 25455405 1
3843 5957 25455415 1
3827 5799 25455425 1
3814 5640 25455435 1
3809 5480 25455445 1
3821 5301 25455455 1
3843 5142 25455465 1
3884 5032 25455475 1
3945 4948 25455485 1
4019 4924 25455495 1
4114 4944 25455505 1
4214 4993 25455515 1
4314 5087 25455525 1
4412 5224 25455535 1
4514 5391 25455545 1
4616 5582 25455555 1
4712 5785 25455565 1
4803 5996 25455575 1
4849 6177 25455585 1
4871 6310 25455595 1
4877 6410 25455605 1
4857 6468 25455615 1
4827 6501 25455625 1
4789 6518 25455635 1
4765 6525 25455645 1
5800 5876 25455866 0
5770 5788 25455876 1
5759 5774 25455886 1
5759 5774 25455896 1
5785 5758 25455906 1
5817 5758 25455916 1
5855 5764 25455926 1
5911 5797 25455936 1
5977 5866 25455946 1
6059 5960 25455956 1
6142 6049 25455966 1
6227 6129 25455976 1
6312 6255 25455986 1
6391 6416 25455996 1
6467 6567 25456006 1
6527 6713 25456016 1
6568 6850 25456026 1
6596 6949 25456036 1
6596 7025 25456046 1
6573 7052 25456056 1
6541 7058 25456066 1
6509 7050 25456076 1
6477 7018 25456086 1
6444 6959 25456096 1
6413 6883 25456106 1
6383 6787 25456116 1
6354 6686 25456126 1
6339 6560 25456136 1
6326 6419 25456146 1
6318 6242 25456156 1
6318 6063 25456166 1
6318 5882 25456176 1
6332 5703 25456186 1
6342 5542 25456196 1
6350 5391 25456206 1
6350 5232 25456216 1
6345 5076 25456226 1
6324 4920 25456236 1
6288 4762 25456246 1
6242 4632 25456256 1
6184 4525 25456266 1
6126 4433 25456276 1
6067 4373 25456286 1
6012 4335 25456296 1
5957 4311 25456306 1
5901 4317 25456316 1
5844 4354 25456326 1
5789 4413 25456336 1
5761 4488 25456346 1
5752 4563 25456356 1
5767 4634 25456366 1
5797 4703 25456376 1
5838 4769 25456386 1
5885 4831 25456396 1
5936 4887 25456406 1
5992 4925 25456416 1
6067 4954 25456426 1
6155 4984 25456436 1
6264 5010 25456446 1
6374 5031 25456456 1
6486 5053 25456466 1
6602 5074 25456476 1
6725 5093 25456486 1
6849 5119 25456496 1
6968 5149 25456506 1
7081 5194 25456516 1
7195 5231 25456526 1
7310 5263 25456536 1
7409 5374 25456546 1
7497 5447 25456556 1
7561 5494 25456566 1
7606 5542 25456576 1
7638 5574 25456586 1
7649 5596 25456596 1
7649 5604 25456606 1
7649 5610 25456616 1
7643 5610 25456626 1
7634 5610 25456636 1
7618 5595 25456646 1
7598 5577 25456656 1
7577 5554 25456666 1
7555 5523 25456676 1
7531 5485 25456686 1
7509 5433 25456696 1
7489 5372 25456706 1
7473 5300 25456716 1
7463 5229 25456726 1
7463 5158 25456736 1
7477 5081 25456746 1
7491 5004 25456756 1
7510 4942 25456766 1
7537 4890 25456776 1
7573 4861 25456786 1
7619 4861 25456796 1
7676 4876 25456806 1
7741 4924 25456816 1
7818 4990 25456826 1
7903 5068 25456836 1
7973 5159 25456846 1
8036 5252 25456856 1
8095 5346 25456866 1
8132 5406 25456876 1
8148 5437 25456886 1
8148 5449 25456896 1
8148 5449 25456906 1
8134 5442 25456916 1
8120 5403 25456926 1
8102 5342 25456936 1
8089 5262 25456946 1
8084 5181 25456956 1
8091 5100 25456966 1
8109 5034 25456976 1
8146 4976 25456986 1
8195 4947 25456996 1
8261 4947 25457006 1
8332 4959 25457016 1
8415 5002 25457026 1
8496 5058 25457036 1
8574 5124 25457046 1
8640 5198 25457056 1
8691 5279 25457066 1
8733 5366 25457076 1
8755 5444 25457086 1
8755 5479 25457096 1
8750 5486 25457106 1
8733 5480 25457116 1
8710 5448 25457126 1
8683 5398 25457136 1
8656 5323 25457146 1
8625 5242 25457156 1
8592 5150 25457166 1
8562 5065 25457176 1
8536 4986 25457186 1
8530 4937 25457196 1
8536 4913 25457206 1
8544 4906 25457216 1
8555 4911 25457226 1
8572 4941 25457236 1
8600 4988 25457246 1
8636 5058 25457256 1
8687 5145 25457266 1
8746 5243 25457276 1
8813 5325 25457286 1
8881 5379 25457296 1
8949 5415 25457306 1
9000 5426 25457316 1
9042 5410 25457326 1
9076 5375 25457336 1
9101 5302 25457346 1
9119 5224 25457356 1
9143 5140 25457366 1
9171 5069 25457376 1
9207 5007 25457386 1
9250 4965 25457396 1
9302 4952 25457406 1
9370 4958 25457416 1
9449 4991 25457426 1
9540 5048 25457436 1
9635 5120 25457446 1
9738 5219 25457456 1
9846 5349 25457466 1
9958 5501 25457476 1
10036 5627 25457486 1
10093 5718 25457496 1
10114 5785 25457506 1
10114 5821 25457516 1
10095 5835 25457526 1
10067 5835 25457536 1
10025 5800 25457546 1
9973 5734 25457556 1
9906 5648 25457566 1
9842 5538 25457576 1
9786 5399 25457586 1
9738 5242 25457596 1
9698 5079 25457606 1
9667 4914 25457616 1
9649 4746 25457626 1
9640 4578 25457636 1
9646 4408 25457646 1
9652 4235 25457656 1
9657 4056 25457666 1
9657 3873 25457676 1
9657 3693 25457686 1
9645 3541 25457696 1
9626 3405 25457706 1
9590 3298 25457716 1
9535 3217 25457726 1
9467 3153 25457736 1
9367 3120 25457746 1
9256 3127 25457756 1
9137 3160 25457766 1
9036 3235 25457776 1
8959 3319 25457786 1
8899 3410 25457796 1
8878 3512 25457806 1
8910 3635 25457816 1
8977 3771 25457826 1
9102 3959 25457836 1
9296 4170 25457846 1
9537 4397 25457856 1
9824 4628 25457866 1
10144 4869 25457876 1
10486 5117 25457886 1
10838 5364 25457896 1
