236
3050 5824 9970379 0
3050 5824 9970389 1
3050 5824 9970399 1
3050 5824 9970409 1
3081 5800 9970419 1
3096 5819 9970429 1
3117 5849 9970439 1
3147 5909 9970449 1
3177 5959 9970459 1
3191 6002 9970469 1
3191 6078 9970479 1
3175 6130 9970489 1
3133 6167 9970499 1
3075 6207 9970509 1
2996 6225 9970519 1
2904 6225 9970529 1
2804 6196 9970539 1
2706 6131 9970549 1
2602 6044 9970559 1
2495 5926 9970569 1
2400 5778 9970579 1
2307 5610 9970589 1
2232 5379 9970599 1
2168 5134 9970609 1
2146 4880 9970619 1
2160 4675 9970629 1
2197 4520 9970639 1
2259 4398 9970649 1
2339 4285 9970659 1
2432 4213 9970669 1
2544 4169 9970679 1
2660 4162 9970689 1
2783 4191 9970699 1
2910 4245 9970709 1
3043 4348 9970719 1
3211 4495 9970729 1
3400 4672 9970739 1
3594 4888 9970749 1
3786 5115 9970759 1
3976 5349 9970769 1
4153 5555 9970779 1
4245 5646 9970789 1
4280 5661 9970799 1
4273 5643 9970809 1
4225 5546 9970819 1
4149 5397 9970829 1
4046 5178 9970839 1
3948 4938 9970849 1
3882 4683 9970859 1
3837 4491 9970869 1
3824 4348 9970879 1
3843 4239 9970889 1
3882 4195 9970899 1
3948 4208 9970909 1
4064 4260 9970919 1
4212 4423 9970929 1
4401 4643 9970939 1
4591 4900 9970949 1
4785 5163 9970959 1
4888 5306 9970969 1
4929 5368 9970979 1
4919 5333 9970989 1
4888 5227 9970999 1
4843 5073 9971009 1
4787 4874 9971019 1
4745 4673 9971029 1
4712 4470 9971039 1
4750 4345 9971049 1
4821 4295 9971059 1
4913 4295 9971069 1
5063 4397 9971079 1
5256 4556 9971089 1
5478 4752 9971099 1
5611 4943 9971109 1
5687 5134 9971119 1
5726 5338 9971129 1
5718 5551 9971139 1
5688 5673 9971149 1
5644 5712 9971159 1
6625 5112 9971541 0
6615 5162 9971551 1
6586 5171 9971561 1
6586 5178 9971571 1
6593 5183 9971581 1
6651 5198 9971591 1
6743 5219 9971601 1
6889 5421 9971611 1
7025 5561 9971621 1
7153 5659 9971631 1
7267 5755 9971641 1
7334 5857 9971651 1
7370 5964 9971661 1
7356 6059 9971671 1
7316 6111 9971681 1
7258 6135 9971691 1
7198 6118 9971701 1
7129 6057 9971711 1
7054 5966 9971721 1
6981 5806 9971731 1
6901 5629 9971741 1
6816 5442 9971751 1
6740 5199 9971761 1
6669 4972 9971771 1
6607 4756 9971781 1
6547 4607 9971791 1
6484 4456 9971801 1
6417 4303 9971811 1
6345 4182 9971821 1
6270 4082 9971831 1
6215 4017 9971841 1
6183 3986 9971851 1
6165 3979 9971861 1
6135 4001 9971871 1
6111 4067 9971881 1
6092 4163 9971891 1
6092 4296 9971901 1
6114 4421 9971911 1
6146 4541 9971921 1
6193 4608 9971931 1
6257 4646 9971941 1
6332 4665 9971951 1
6392 4636 9971961 1
6448 4558 9971971 1
6501 4448 9971981 1
6557 4310 9971991 1
6615 4212 9972001 1
6698 4140 9972011 1
6795 4113 9972021 1
6922 4133 9972031 1
7049 4185 9972041 1
7209 4282 9972051 1
7391 4421 9972061 1
7561 4587 9972071 1
7689 4735 9972081 1
7788 4878 9972091 1
7825 4938 9972101 1
7825 4944 9972111 1
7795 4914 9972121 1
7739 4836 9972131 1
7669 4725 9972141 1
7589 4610 9972151 1
7535 4494 9972161 1
7508 4377 9972171 1
7498 4296 9972181 1
7513 4238 9972191 1
7555 4210 9972201 1
7616 4225 9972211 1
7710 4270 9972221 1
7828 4368 9972231 1
7963 4484 9972241 1
8062 4612 9972251 1
8126 4706 9972261 1
8166 4741 9972271 1
8166 4741 9972281 1
8151 4708 9972291 1
8127 4639 9972301 1
8081 4545 9972311 1
8037 4438 9972321 1
8020 4353 9972331 1
8020 4283 9972341 1
8044 4246 9972351 1
8097 4239 9972361 1
8169 4253 9972371 1
8288 4314 9972372 1
8415 4409 9972382 1
8546 4526 9972392 1
8655 4646 9972402 1
8739 4751 9972412 1
8807 4790 9972422 1
8807 4790 9972432 1
8793 4746 9972442 1
8759 4676 9972452 1
8689 4589 9972462 1
8622 4495 9972472 1
8556 4401 9972482 1
8532 4338 9972492 1
8537 4295 9972502 1
8562 4277 9972512 1
8629 4301 9972522 1
8723 4352 9972532 1
8835 4424 9972542 1
8935 4500 9972552 1
9026 4579 9972562 1
9110 4623 9972572 1
9151 4623 9972582 1
9165 4598 9972592 1
9165 4557 9972602 1
9150 4505 9972612 1
9144 4446 9972622 1
9150 4411 9972632 1
9196 4394 9972642 1
9269 4394 9972652 1
9410 4426 9972662 1
9574 4490 9972672 1
9753 4574 9972682 1
9879 4652 9972692 1
9945 4734 9972702 1
9972 4814 9972712 1
9964 4892 9972722 1
9938 4906 9972732 1
9900 4883 9972742 1
9843 4835 9972752 1
9786 4748 9972762 1
9730 4631 9972772 1
9702 4494 9972782 1
9686 4284 9972792 1
9678 4044 9972802 1
9656 3783 9972812 1
9632 3554 9972822 1
9606 3326 9972832 1
9572 3099 9972842 1
9525 2933 9972852 1
9469 2788 9972862 1
9354 2657 9972872 1
9221 2570 9972882 1
9077 2499 9972892 1
8949 2440 9972902 1
8851 2404 9972912 1
8772 2392 9972922 1
8731 2392 9972932 1
8707 2419 9972942 1
8694 2474 9972952 1
8716 2551 9972962 1
8792 2670 9972972 1
8903 2843 9972982 1
9068 3053 9972992 1
9291 3311 9973002 1
9552 3550 9973012 1
9818 3776 9973022 1
10041 3926 9973032 1
10236 4023 9973042 1
10407 4086 9973052 1
10548 4126 9973062 1
10670 4144 9973072 1
10730 4144 9973082 1
10764 4144 9973092 1
