224
3200 5245 65301675 0
3266 5481 65301685 1
3185 5627 65301695 1
3126 5714 65301705 1
3081 5763 65301715 1
2998 5778 65301725 1
2897 5753 65301735 1
2785 5702 65301745 1
2642 5588 65301755 1
2484 5396 65301765 1
2315 5152 65301775 1
2162 4860 65301785 1
2012 4528 65301795 1
1925 4170 65301805 1
1878 3831 65301815 1
1909 3592 65301825 1
2012 3420 65301835 1
2163 3350 65301845 1
2337 3359 65301855 1
2525 3420 65301865 1
2723 3546 65301875 1
2882 3719 65301885 1
3041 3924 65301895 1
3183 4123 65301905 1
3313 4287 65301915 1
3389 4429 65301925 1
3421 4490 65301935 1
3421 4501 65301945 1
3421 4478 65301955 1
3407 4384 65301965 1
3389 4212 65301975 1
3374 3989 65301985 1
3365 3764 65301995 1
3378 3615 65302005 1
3404 3517 65302015 1
3445 3475 65302025 1
3509 3480 65302035 1
3588 3516 65302045 1
3717 3633 65302055 1
3840 3821 65302065 1
3959 4056 65302075 1
4060 4247 65302085 1
4112 4330 65302095 1
4131 4341 65302105 1
4131 4240 65302115 1
4122 4079 65302125 1
4097 3877 65302135 1
4117 3700 65302145 1
4171 3610 65302155 1
4248 3578 65302165 1
4341 3578 65302175 1
4451 3633 65302185 1
4573 3733 65302195 1
4705 3928 65302205 1
4794 4152 65302215 1
4855 4396 65302225 1
4862 4600 65302226 1
4838 4740 65302236 1
4792 4837 65302246 1
4733 4860 65302256 1
4679 4830 65302266 1
6625 4628 65302757 0
6641 4573 65302767 1
6627 4573 65302777 1
6609 4586 65302787 1
6635 4593 65302797 1
6696 4627 65302807 1
6779 4679 65302817 1
6879 4756 65302827 1
6965 4857 65302837 1
7042 4974 65302847 1
7111 5072 65302857 1
7151 5149 65302867 1
7172 5212 65302877 1
7172 5251 65302887 1
7155 5287 65302897 1
7129 5314 65302907 1
7101 5332 65302917 1
7072 5338 65302927 1
7042 5321 65302937 1
7005 5289 65302947 1
6958 5208 65302957 1
6903 5075 65302967 1
6838 4908 65302977 1
6774 4697 65302987 1
6711 4483 65302997 1
6659 4268 65303007 1
6607 4062 65303017 1
6555 3830 65303027 1
6481 3582 65303037 1
6375 3440 65303047 1
6247 3318 65303057 1
6111 3209 65303067 1
5977 3138 65303077 1
5852 3118 65303087 1
5738 3132 65303097 1
5671 3199 65303107 1
5635 3297 65303117 1
5653 3417 65303127 1
5716 3514 65303137 1
5808 3584 65303147 1
5911 3636 65303157 1
6014 3649 65303167 1
6119 3605 65303177 1
6223 3524 65303187 1
6314 3409 65303197 1
6397 3303 65303207 1
6481 3204 65303217 1
6564 3160 65303227 1
6650 3166 65303237 1
6745 3206 65303247 1
6854 3284 65303257 1
6971 3406 65303267 1
7091 3557 65303277 1
7214 3723 65303287 1
7344 3883 65303297 1
7447 4040 65303307 1
7533 4118 65303317 1
7579 4157 65303327 1
7606 4171 65303337 1
7621 4179 65303347 1
7636 4188 65303357 1
7653 4198 65303367 1
7675 4205 65303377 1
7691 4210 65303387 1
7702 4210 65303397 1
7709 4182 65303407 1
7704 4141 65303417 1
7690 4056 65303427 1
7662 3939 65303437 1
7634 3800 65303447 1
7625 3693 65303457 1
7625 3638 65303467 1
7654 3618 65303477 1
7707 3618 65303487 1
7778 3641 65303497 1
7875 3687 65303507 1
7968 3767 65303517 1
8058 3855 65303527 1
8133 3949 65303528 1
8187 4001 65303538 1
8227 4027 65303548 1
8246 4037 65303558 1
8258 4025 65303568 1
8265 3984 65303578 1
8265 3924 65303588 1
8265 3850 65303598 1
8265 3789 65303608 1
8265 3738 65303618 1
8265 3721 65303628 1
8265 3716 65303638 1
8270 3716 65303648 1
8302 3753 65303658 1
8353 3833 65303668 1
8439 3945 65303678 1
8531 4075 65303688 1
8613 4176 65303698 1
8685 4257 65303708 1
8725 4294 65303718 1
8742 4302 65303728 1
8742 4290 65303738 1
8732 4239 65303748 1
8699 4149 65303758 1
8651 4032 65303768 1
8614 3925 65303778 1
8582 3838 65303788 1
8568 3765 65303798 1
8568 3737 65303808 1
8568 3727 65303818 1
8584 3727 65303828 1
8624 3769 65303838 1
8680 3836 65303848 1
8753 3921 65303858 1
8814 3966 65303868 1
8868 3972 65303878 1
8901 3952 65303888 1
8935 3895 65303898 1
8971 3820 65303908 1
9012 3732 65303918 1
9066 3684 65303928 1
9129 3665 65303938 1
9210 3665 65303948 1
9296 3707 65303958 1
9412 3791 65303968 1
9547 3903 65303978 1
9668 4037 65303988 1
9768 4193 65303998 1
9854 4363 65304008 1
9900 4489 65304018 1
9900 4557 65304028 1
9881 4586 65304038 1
9852 4591 65304048 1
9802 4558 65304058 1
9738 4501 65304068 1
9671 4393 65304078 1
9609 4249 65304088 1
9571 4082 65304098 1
9547 3897 65304108 1
9560 3689 65304118 1
9592 3466 65304128 1
9637 3221 65304138 1
9685 3013 65304148 1
9731 2831 65304158 1
9731 2618 65304168 1
9711 2448 65304178 1
9654 2308 65304188 1
9564 2145 65304198 1
9453 1993 65304208 1
9295 1849 65304218 1
9158 1769 65304228 1
9035 1745 65304238 1
8911 1759 65304248 1
8835 1818 65304258 1
8792 1935 65304268 1
8812 2092 65304278 1
8903 2315 65304288 1
9042 2523 65304298 1
9215 2720 65304308 1
9436 2926 65304318 1
9688 3122 65304328 1
9922 3312 65304338 1
10124 3483 65304348 1
10305 3634 65304358 1
10482 3772 65304368 1
