381
3243 5149 65192658 0
3311 5030 65192668 1
3266 5114 65192678 1
3266 5160 65192688 1
3300 5219 65192698 1
3346 5287 65192708 1
3410 5419 65192718 1
3487 5582 65192728 1
3543 5765 65192738 1
3567 5976 65192748 1
3567 6147 65192758 1
3542 6292 65192768 1
3490 6395 65192778 1
3422 6468 65192788 1
3331 6521 65192798 1
3196 6508 65192808 1
3031 6434 65192818 1
2867 6320 65192828 1
2687 6141 65192838 1
2496 5886 65192848 1
2319 5580 65192858 1
2159 5215 65192868 1
2010 4832 65192878 1
1943 4438 65192888 1
1953 4030 65192898 1
2013 3743 65192908 1
2115 3536 65192918 1
2255 3410 65192928 1
2419 3336 65192938 1
2604 3297 65192948 1
2810 3311 65192958 1
3030 3400 65192968 1
3272 3538 65192978 1
3511 3727 65192988 1
3748 3952 65192998 1
3954 4202 65193008 1
4119 4400 65193018 1
4257 4528 65193028 1
4338 4610 65193038 1
4388 4651 65193048 1
4418 4690 65193058 1
4456 4724 65193068 1
4493 4754 65193078 1
4525 4779 65193088 1
4553 4800 65193098 1
4574 4820 65193108 1
4589 4834 65193118 1
4599 4841 65193128 1
4599 4841 65193138 1
4599 4841 65193148 1
4599 4841 65193158 1
4599 4846 65193168 1
4599 4846 65193178 1
4599 4846 65193188 1
4599 4846 65193198 1
4599 4846 65193208 1
4599 4846 65193218 1
4599 4846 65193228 1
4599 4846 65193238 1
4599 4846 65193248 1
4599 4846 65193258 1
4599 4841 65193268 1
4599 4841 65193278 1
4599 4831 65193288 1
4593 4822 65193298 1
4593 4810 65193308 1
4586 4796 65193318 1
4575 4777 65193328 1
4560 4752 65193338 1
4538 4720 65193348 1
4507 4682 65193358 1
4470 4620 65193368 1
4426 4544 65193378 1
4375 4436 65193388 1
4319 4292 65193398 1
4265 4125 65193408 1
4214 3942 65193418 1
4196 3759 65193428 1
4196 3644 65193438 1
4210 3575 65193448 1
4236 3524 65193458 1
4271 3495 65193468 1
4321 3480 65193478 1
4394 3494 65193488 1
4483 3562 65193498 1
4613 3666 65193508 1
4776 3846 65193518 1
4962 4062 65193528 1
5138 4301 65193538 1
5313 4514 65193548 1
5403 4622 65193558 1
5436 4661 65193568 1
5430 4651 65193578 1
5405 4641 65193588 1
5368 4599 65193598 1
5309 4535 65193608 1
5219 4398 65193618 1
5109 4228 65193628 1
5052 4035 65193638 1
5042 3863 65193648 1
5062 3689 65193658 1
5121 3597 65193668 1
5218 3561 65193678 1
5340 3543 65193688 1
5484 3566 65193690 1
5644 3617 65193700 1
5814 3702 65193710 1
5955 3811 65193720 1
6075 3937 65193730 1
6181 4033 65193740 1
6252 4103 65193750 1
6304 4157 65193760 1
6342 4206 65193770 1
6374 4253 65193780 1
6401 4298 65193790 1
6425 4342 65193800 1
6452 4384 65193810 1
6479 4426 65193820 1
6506 4467 65193830 1
6534 4508 65193840 1
6553 4535 65193850 1
6566 4558 65193860 1
6566 4573 65193870 1
6571 4587 65193880 1
6571 4600 65193890 1
6571 4616 65193900 1
6571 4634 65193910 1
6571 4655 65193920 1
6571 4679 65193930 1
6578 4704 65193940 1
6578 4720 65193950 1
6578 4734 65193960 1
6584 4747 65193970 1
6584 4763 65193980 1
6584 4782 65193990 1
6584 4800 65194000 1
6584 4816 65194010 1
6584 4827 65194020 1
6584 4836 65194030 1
6579 4846 65194040 1
6579 4853 65194050 1
6579 4858 65194060 1
6579 4863 65194070 1
6579 4868 65194080 1
6579 4868 65194090 1
6579 4876 65194100 1
6579 4876 65194110 1
6579 4883 65194120 1
6579 4883 65194130 1
6579 4889 65194140 1
6579 4894 65194150 1
6579 4900 65194160 1
6573 4907 65194170 1
6573 4913 65194180 1
6567 4918 65194190 1
6567 4923 65194200 1
6567 4923 65194210 1
6567 4923 65194220 1
6567 4923 65194230 1
6567 4923 65194240 1
6567 4923 65194250 1
6567 4923 65194260 1
6567 4923 65194270 1
6560 4923 65194280 1
6560 4930 65194290 1
6554 4930 65194300 1
6554 4930 65194310 1
6554 4930 65194320 1
6554 4930 65194330 1
6554 4930 65194340 1
6554 4930 65194350 1
6554 4930 65194360 1
6554 4930 65194370 1
6554 4930 65194380 1
6554 4930 65194390 1
6554 4930 65194400 1
6554 4930 65194410 1
6549 4930 65194420 1
6549 4930 65194430 1
6549 4930 65194440 1
6549 4936 65194450 1
6549 4936 65194460 1
6549 4936 65194470 1
6549 4936 65194480 1
6544 4936 65194490 1
6544 4936 65194500 1
6544 4936 65194510 1
6544 4928 65194520 1
7594 5192 65195492 0
7594 5192 65195502 1
7594 5192 65195512 1
7594 5192 65195522 1
7583 5159 65195532 1
7592 5133 65195542 1
7606 5108 65195552 1
7648 5094 65195562 1
7706 5088 65195572 1
7801 5108 65195582 1
7910 5150 65195592 1
8027 5208 65195602 1
8132 5286 65195612 1
8219 5368 65195622 1
8294 5453 65195632 1
8337 5519 65195642 1
8358 5583 65195652 1
8364 5644 65195662 1
8364 5698 65195672 1
8349 5743 65195682 1
8332 5772 65195692 1
8316 5790 65195702 1
8290 5790 65195712 1
8257 5784 65195722 1
8208 5751 65195732 1
8152 5702 65195742 1
8092 5626 65195752 1
8029 5502 65195762 1
7967 5346 65195772 1
7903 5160 65195782 1
7838 4953 65195792 1
7789 4731 65195802 1
7750 4548 65195812 1
7718 4372 65195822 1
7672 4202 65195832 1
7611 4054 65195842 1
7541 3922 65195852 1
7447 3801 65195862 1
7346 3715 65195872 1
7240 3660 65195882 1
7133 3627 65195892 1
7031 3600 65195902 1
6936 3591 65195912 1
6863 3591 65195922 1
6803 3603 65195932 1
6758 3622 65195942 1
6740 3648 65195952 1
6740 3685 65195962 1
6767 3754 65195972 1
6835 3844 65195982 1
6930 3955 65195983 1
7046 4063 65195993 1
7167 4169 65196003 1
7292 4234 65196013 1
7391 4268 65196023 1
7478 4282 65196033 1
7557 4282 65196043 1
7644 4282 65196053 1
7737 4271 65196063 1
7840 4249 65196073 1
7948 4219 65196083 1
8046 4185 65196093 1
8138 4152 65196103 1
8239 4128 65196113 1
8342 4110 65196123 1
8445 4103 65196133 1
8542 4112 65196143 1
8635 4132 65196153 1
8737 4170 65196163 1
8855 4232 65196173 1
8984 4310 65196183 1
9097 4406 65196193 1
9202 4501 65196203 1
9301 4571 65196213 1
9367 4625 65196223 1
9408 4652 65196233 1
9433 4663 65196243 1
9440 4663 65196253 1
9440 4663 65196263 1
9440 4663 65196273 1
9440 4653 65196283 1
9432 4624 65196293 1
9420 4582 65196303 1
9381 4496 65196313 1
9332 4384 65196323 1
9276 4256 65196333 1
9235 4140 65196343 1
9222 4049 65196353 1
9227 3975 65196363 1
9250 3937 65196373 1
9292 3914 65196383 1
9347 3900 65196393 1
9431 3922 65196403 1
9522 3975 65196413 1
9623 4048 65196423 1
9736 4137 65196433 1
9856 4224 65196443 1
9955 4281 65196453 1
10011 4320 65196463 1
10037 4320 65196473 1
10037 4313 65196483 1
10037 4297 65196493 1
10022 4253 65196503 1
9996 4183 65196513 1
9964 4096 65196523 1
9936 4010 65196533 1
9931 3948 65196543 1
9940 3901 65196553 1
9965 3879 65196563 1
10011 3879 65196573 1
10072 3891 65196583 1
10156 3945 65196593 1
10266 4027 65196603 1
10394 4127 65196613 1
10529 4216 65196623 1
10624 4280 65196633 1
10692 4328 65196643 1
10719 4338 65196653 1
10733 4333 65196663 1
10738 4317 65196673 1
10744 4291 65196683 1
10733 4237 65196693 1
10710 4164 65196703 1
10671 4069 65196713 1
10625 3983 65196723 1
10573 3904 65196733 1
10526 3849 65196743 1
10505 3824 65196753 1
10500 3818 65196763 1
10500 3818 65196773 1
10531 3855 65196783 1
10576 3915 65196793 1
10661 4024 65196803 1
10748 4128 65196813 1
10821 4230 65196823 1
10884 4293 65196833 1
10898 4309 65196843 1
10904 4295 65196853 1
10904 4283 65196863 1
10904 4237 65196873 1
10889 4168 65196883 1
10865 4082 65196893 1
10852 3999 65196903 1
10852 3918 65196913 1
10871 3851 65196923 1
10905 3802 65196933 1
10962 3766 65196943 1
11034 3761 65196953 1
11126 3792 65196963 1
11224 3846 65196964 1
11338 3929 65196974 1
11461 4022 65196984 1
11570 4122 65196994 1
11652 4215 65197004 1
11715 4303 65197014 1
11752 4381 65197024 1
11758 4436 65197034 1
11742 4476 65197044 1
11718 4510 65197054 1
11681 4540 65197064 1
11634 4540 65197074 1
11579 4531 65197084 1
11521 4482 65197094 1
11461 4390 65197104 1
11421 4270 65197114 1
11401 4140 65197124 1
11394 4005 65197134 1
11394 3842 65197144 1
11408 3662 65197154 1
11421 3516 65197164 1
11415 3365 65197174 1
11402 3197 65197184 1
11383 3020 65197194 1
11342 2849 65197204 1
11277 2703 65197214 1
11197 2574 65197224 1
11091 2480 65197234 1
10970 2405 65197244 1
10838 2344 65197254 1
10712 2319 65197264 1
10586 2330 65197274 1
10502 2364 65197284 1
10445 2427 65197294 1
10458 2531 65197304 1
10551 2662 65197314 1
10698 2862 65197324 1
10902 3040 65197334 1
11142 3203 65197344 1
11407 3356 65197354 1
11670 3483 65197364 1
11900 3593 65197374 1
12108 3685 65197384 1
12233 3759 65197394 1
