319
2168 6240 25412574 0
2130 6297 25412584 1
2130 6344 25412594 1
2136 6358 25412604 1
2136 6372 25412614 1
2136 6385 25412624 1
2130 6401 25412634 1
2116 6422 25412644 1
2094 6447 25412654 1
2067 6467 25412664 1
2036 6485 25412674 1
2001 6498 25412684 1
1964 6505 25412694 1
1917 6505 25412704 1
1864 6495 25412714 1
1806 6461 25412724 1
1735 6410 25412734 1
1652 6332 25412744 1
1560 6240 25412754 1
1471 6138 25412764 1
1386 6021 25412774 1
1308 5877 25412784 1
1238 5715 25412794 1
1176 5557 25412804 1
1121 5367 25412814 1
1090 5155 25412824 1
1075 4971 25412834 1
1088 4819 25412844 1
1138 4688 25412854 1
1213 4615 25412864 1
1313 4580 25412874 1
1440 4570 25412884 1
1585 4606 25412894 1
1733 4687 25412904 1
1868 4798 25412914 1
1993 4959 25412924 1
2133 5120 25412934 1
2269 5297 25412944 1
2386 5485 25412954 1
2492 5657 25412964 1
2586 5807 25412974 1
2652 5942 25412984 1
2700 6027 25412994 1
2714 6074 25413004 1
2707 6096 25413014 1
2685 6108 25413024 1
2661 6114 25413034 1
2636 6109 25413044 1
2611 6094 25413054 1
2584 6062 25413064 1
2557 6020 25413074 1
2531 5960 25413084 1
2505 5877 25413094 1
2480 5778 25413104 1
2462 5670 25413114 1
2444 5540 25413124 1
2429 5395 25413134 1
2419 5236 25413144 1
2419 5086 25413154 1
2426 4956 25413164 1
2443 4835 25413174 1
2467 4756 25413184 1
2499 4720 25413194 1
2535 4713 25413204 1
2579 4731 25413214 1
2629 4794 25413224 1
2694 4887 25413234 1
2767 5000 25413244 1
2836 5127 25413254 1
2905 5263 25413264 1
2974 5415 25413274 1
3033 5561 25413284 1
3086 5672 25413294 1
3120 5763 25413304 1
3134 5795 25413314 1
3134 5803 25413324 1
3134 5795 25413334 1
3126 5781 25413344 1
3113 5733 25413354 1
3099 5662 25413364 1
3093 5570 25413374 1
3099 5444 25413384 1
3113 5295 25413394 1
3135 5195 25413404 1
3172 5080 25413414 1
3217 4956 25413424 1
3274 4859 25413434 1
3337 4798 25413444 1
3410 4760 25413454 1
3497 4760 25413464 1
3593 4812 25413474 1
3686 4909 25413484 1
3769 5034 25413494 1
3846 5200 25413504 1
3909 5394 25413514 1
3952 5598 25413524 1
3982 5791 25413534 1
3989 5937 25413544 1
3969 6054 25413554 1
3931 6107 25413564 1
3887 6140 25413574 1
3846 6161 25413584 1
3814 6168 25413594 1
3789 6173 25413604 1
3769 6173 25413614 1
3763 6173 25413624 1
3763 6173 25413634 1
3771 6173 25413644 1
3789 6167 25413654 1
3815 6159 25413664 1
5011 5649 25414236 0
5011 5649 25414246 1
4986 5640 25414256 1
4986 5640 25414266 1
4992 5640 25414276 1
5005 5640 25414286 1
5041 5640 25414296 1
5091 5647 25414306 1
5177 5665 25414316 1
5279 5701 25414326 1
5391 5754 25414336 1
5504 5819 25414346 1
5617 5910 25414356 1
5732 6007 25414366 1
5830 6108 25414376 1
5917 6184 25414386 1
5977 6293 25414396 1
6017 6395 25414406 1
6043 6483 25414416 1
6038 6554 25414426 1
6014 6595 25414436 1
5976 6617 25414446 1
5927 6610 25414456 1
5880 6586 25414466 1
5833 6551 25414476 1
5786 6502 25414486 1
5744 6429 25414496 1
5711 6340 25414506 1
5684 6238 25414516 1
5664 6130 25414526 1
5658 5998 25414536 1
5658 5851 25414546 1
5671 5702 25414556 1
5683 5556 25414566 1
5697 5413 25414576 1
5715 5252 25414586 1
5734 5095 25414596 1
5744 4942 25414606 1
5749 4790 25414616 1
5742 4667 25414626 1
5722 4563 25414636 1
5692 4467 25414646 1
5658 4394 25414656 1
5621 4337 25414666 1
5581 4308 25414676 1
5535 4308 25414686 1
5481 4317 25414696 1
5422 4363 25414706 1
5369 4414 25414716 1
5336 4469 25414726 1
5317 4516 25414736 1
5317 4563 25414746 1
5317 4610 25414756 1
5324 4657 25414766 1
5341 4703 25414776 1
5366 4743 25414786 1
5405 4777 25414796 1
5453 4801 25414806 1
5513 4813 25414816 1
5577 4819 25414826 1
5648 4819 25414836 1
5734 4804 25414846 1
5831 4791 25414856 1
5908 4780 25414866 1
5986 4768 25414876 1
6068 4762 25414886 1
6153 4762 25414896 1
6243 4767 25414906 1
6332 4792 25414916 1
6410 4828 25414926 1
6483 4876 25414936 1
6551 4928 25414946 1
6608 4984 25414956 1
6658 5037 25414966 1
6690 5088 25414976 1
6709 5135 25414986 1
6718 5166 25414996 1
6718 5187 25415006 1
6718 5202 25415016 1
6708 5216 25415026 1
6696 5224 25415036 1
6686 5224 25415046 1
6681 5229 25415056 1
6681 5229 25415066 1
6681 5229 25415076 1
6681 5229 25415086 1
6681 5229 25415096 1
6681 5222 25415106 1
6681 5210 25415116 1
6671 5196 25415126 1
6662 5180 25415136 1
6649 5147 25415146 1
6633 5103 25415156 1
6614 5046 25415166 1
6595 4970 25415176 1
6580 4882 25415186 1
6571 4783 25415196 1
6584 4695 25415206 1
6610 4636 25415216 1
6650 4592 25415226 1
6705 4581 25415236 1
6771 4601 25415246 1
6854 4641 25415256 1
6928 4711 25415266 1
6995 4794 25415276 1
7053 4887 25415286 1
7101 4973 25415296 1
7142 5056 25415306 1
7176 5110 25415316 1
7192 5146 25415326 1
7197 5146 25415336 1
7197 5146 25415346 1
7191 5146 25415356 1
7182 5110 25415366 1
7176 5061 25415376 1
7176 4991 25415386 1
7176 4917 25415396 1
7188 4837 25415406 1
7215 4759 25415416 1
7250 4707 25415426 1
7300 4672 25415436 1
7352 4659 25415446 1
7418 4671 25415456 1
7492 4700 25415466 1
7569 4749 25415476 1
7647 4813 25415486 1
7718 4886 25415496 1
7783 4959 25415506 1
7834 5030 25415516 1
7871 5099 25415526 1
7898 5135 25415536 1
7903 5145 25415546 1
7894 5138 25415556 1
7876 5120 25415566 1
7853 5081 25415576 1
7827 5028 25415578 1
7800 4957 25415588 1
7775 4861 25415598 1
7751 4749 25415608 1
7732 4664 25415618 1
7719 4601 25415628 1
7719 4553 25415638 1
7719 4534 25415648 1
7734 4534 25415658 1
7752 4554 25415668 1
7772 4607 25415678 1
7806 4683 25415688 1
7845 4775 25415698 1
7895 4880 25415708 1
7952 4971 25415718 1
8002 5021 25415728 1
8052 5049 25415738 1
8098 5058 25415748 1
8140 5041 25415758 1
8184 5006 25415768 1
8224 4950 25415778 1
8261 4874 25415788 1
8306 4785 25415798 1
8354 4703 25415808 1
8409 4645 25415818 1
8469 4603 25415828 1
8535 4584 25415838 1
8607 4584 25415848 1
8689 4607 25415858 1
8778 4644 25415868 1
8867 4704 25415878 1
8957 4780 25415888 1
9027 4884 25415898 1
9083 4989 25415908 1
9131 5094 25415918 1
9152 5206 25415928 1
9152 5262 25415938 1
9138 5281 25415948 1
9108 5289 25415958 1
9071 5274 25415968 1
9025 5244 25415978 1
8969 5174 25415988 1
8906 5081 25415998 1
8853 4974 25416008 1
8807 4845 25416018 1
8773 4707 25416028 1
8756 4563 25416038 1
8750 4409 25416048 1
8758 4241 25416058 1
8770 4065 25416068 1
8790 3870 25416078 1
8808 3672 25416088 1
8823 3472 25416098 1
8831 3293 25416108 1
8817 3133 25416118 1
8788 2987 25416128 1
8750 2875 25416138 1
8694 2790 25416148 1
8626 2724 25416158 1
8539 2692 25416168 1
8437 2704 25416178 1
8324 2745 25416188 1
8206 2823 25416198 1
8099 2905 25416208 1
8026 2990 25416218 1
7972 3061 25416228 1
7955 3133 25416238 1
7973 3207 25416248 1
8013 3327 25416258 1
8116 3475 25416268 1
8314 3658 25416278 1
8574 3879 25416288 1
8948 4125 25416298 1
9327 4424 25416308 1
