508
3155 6652 10642786 0
3186 6645 10642796 1
3180 6651 10642806 1
3197 6638 10642816 1
3225 6608 10642826 1
3256 6567 10642836 1
3293 6504 10642846 1
3338 6437 10642856 1
3385 6376 10642866 1
3433 6321 10642876 1
3474 6281 10642886 1
3511 6247 10642896 1
3535 6217 10642906 1
3547 6193 10642916 1
3552 6170 10642926 1
3552 6147 10642936 1
3541 6127 10642946 1
3523 6105 10642956 1
2866 5935 10643076 0
2794 5786 10643086 1
2773 5786 10643096 1
2779 5766 10643106 1
2804 5747 10643116 1
2874 5758 10643126 1
2991 5787 10643136 1
3140 5851 10643146 1
3317 5934 10643156 1
3478 6029 10643166 1
3629 6095 10643176 1
3719 6128 10643186 1
3742 6139 10643196 1
3719 6129 10643206 1
3655 6079 10643216 1
3569 6003 10643226 1
3468 5914 10643236 1
3396 5825 10643246 1
3325 5740 10643256 1
3259 5658 10643266 1
3196 5569 10643276 1
3155 5483 10643286 1
3129 5437 10643296 1
3139 5416 10643306 1
3178 5416 10643316 1
3236 5475 10643326 1
3337 5566 10643336 1
3460 5666 10643346 1
3598 5761 10643356 1
3749 5822 10643366 1
3818 5863 10643376 1
3832 5837 10643386 1
3781 5760 10643396 1
3648 5649 10643406 1
3459 5485 10643416 1
3268 5301 10643426 1
3074 5103 10643436 1
2878 4901 10643446 1
2732 4754 10643456 1
2656 4645 10643466 1
2627 4616 10643476 1
2644 4616 10643486 1
2720 4647 10643496 1
2834 4723 10643506 1
2992 4844 10643516 1
3198 4996 10643526 1
3435 5135 10643536 1
3670 5270 10643546 1
3822 5350 10643556 1
3919 5394 10643566 1
3937 5386 10643576 1
3929 5361 10643586 1
3903 5324 10643596 1
3856 5277 10643606 1
3803 5235 10643616 1
3506 5132 10643687 0
3478 5101 10643697 1
3456 5082 10643707 1
3435 5027 10643717 1
3411 4947 10643727 1
3386 4810 10643737 1
3362 4651 10643747 1
3340 4477 10643757 1
3324 4273 10643767 1
3324 4088 10643777 1
3324 3917 10643787 1
3324 3730 10643797 1
3317 3575 10643807 1
3317 3442 10643817 1
3309 3280 10643827 1
3309 3140 10643837 1
3309 3016 10643847 1
3309 2937 10643857 1
3309 2887 10643867 1
3309 2856 10643877 1
3309 2856 10643887 1
3309 2895 10643897 1
3309 2957 10643907 1
3309 3073 10643917 1
3309 3197 10643927 1
3297 3326 10643937 1
3285 3455 10643947 1
3285 3582 10643957 1
3293 3739 10643967 1
3315 3918 10643977 1
3359 4116 10643987 1
3427 4335 10643997 1
3512 4567 10644007 1
3620 4755 10644017 1
3696 4889 10644027 1
3751 4986 10644037 1
3768 5023 10644047 1
3774 5043 10644057 1
3774 5052 10644067 1
3774 5052 10644077 1
3774 5025 10644087 1
3789 4988 10644097 1
3804 4911 10644107 1
3823 4803 10644117 1
3840 4674 10644127 1
3856 4533 10644137 1
3870 4369 10644147 1
3885 4189 10644148 1
3898 4033 10644158 1
3909 3892 10644168 1
3916 3761 10644178 1
3916 3654 10644188 1
3916 3555 10644198 1
3916 3461 10644208 1
3908 3360 10644218 1
3903 3259 10644228 1
3898 3172 10644238 1
3898 3095 10644248 1
3890 3034 10644258 1
3890 2973 10644268 1
3884 2924 10644278 1
3884 2882 10644288 1
3884 2860 10644298 1
3879 2854 10644308 1
3879 2860 10644318 1
3879 2865 10644328 1
3867 2894 10644338 1
3848 2938 10644348 1
3822 3015 10644358 1
3787 3106 10644368 1
3746 3207 10644378 1
3686 3323 10644388 1
3625 3437 10644398 1
3563 3550 10644408 1
3506 3659 10644418 1
3452 3778 10644428 1
3419 3905 10644438 1
3400 4022 10644448 1
3408 4143 10644458 1
3455 4278 10644468 1
3528 4421 10644478 1
3625 4529 10644488 1
3694 4570 10644498 1
3743 4570 10644508 1
3766 4520 10644518 1
3747 4408 10644528 1
3700 4252 10644538 1
3623 4074 10644548 1
3551 3908 10644558 1
3482 3751 10644568 1
3433 3656 10644578 1
3389 3587 10644588 1
3340 3535 10644598 1
3286 3495 10644608 1
3217 3480 10644618 1
3167 3480 10644628 1
3130 3494 10644638 1
3116 3528 10644648 1
3147 3576 10644658 1
3208 3666 10644668 1
3342 3825 10644678 1
3569 4031 10644688 1
3858 4268 10644698 1
4200 4529 10644708 1
4549 4807 10644718 1
4903 5023 10644728 1
5059 5143 10644738 1
5127 5199 10644748 1
5135 5253 10644758 1
5092 5319 10644768 1
5009 5393 10644778 1
4900 5467 10644788 1
4774 5519 10644798 1
4650 5556 10644808 1
4527 5565 10644818 1
4431 5573 10644828 1
4379 5582 10644838 1
4356 5592 10644848 1
4356 5601 10644858 1
4356 5601 10644868 1
4379 5566 10644878 1
4420 5504 10644888 1
4438 5340 10644898 1
4419 5083 10644908 1
4376 4764 10644918 1
4326 4405 10644928 1
4302 4024 10644938 1
4294 3629 10644948 1
4346 3446 10644958 1
4417 3316 10644968 1
4501 3222 10644978 1
4585 3154 10644988 1
4666 3119 10644998 1
4742 3106 10645008 1
4815 3113 10645018 1
4884 3138 10645028 1
4957 3174 10645038 1
5036 3213 10645048 1
5086 3246 10645058 1
5116 3289 10645068 1
5145 3342 10645078 1
5163 3442 10645088 1
5174 3596 10645098 1
5174 3787 10645108 1
5035 5092 10645149 0
5095 5634 10645159 1
5103 5802 10645169 1
5113 5834 10645179 1
5066 5775 10645189 1
4981 5677 10645199 1
4853 5537 10645209 1
4722 5369 10645219 1
4589 5210 10645229 1
4524 5094 10645239 1
4505 5007 10645249 1
4516 4945 10645259 1
4554 4901 10645269 1
4618 4868 10645279 1
4699 4843 10645289 1
4782 4813 10645299 1
4809 4754 10645309 1
4798 4676 10645319 1
4747 4572 10645329 1
4690 4468 10645339 1
4629 4364 10645349 1
4622 4286 10645359 1
4645 4222 10645369 1
4689 4170 10645379 1
4768 4123 10645389 1
4848 4080 10645399 1
4932 4027 10645409 1
4982 3943 10645419 1
5011 3839 10645429 1
4985 3694 10645439 1
4913 3549 10645449 1
4811 3405 10645459 1
4713 3255 10645469 1
4639 3106 10645479 1
4582 2956 10645489 1
4572 2807 10645499 1
4600 2656 10645509 1
5775 5028 10646231 0
5775 5028 10646241 1
5775 5028 10646251 1
5775 5028 10646261 1
5833 5014 10646271 1
5891 4942 10646281 1
5961 4839 10646291 1
6046 4702 10646301 1
6103 4564 10646311 1
6156 4425 10646321 1
6214 4293 10646331 1
6243 4200 10646341 1
6261 4133 10646351 1
6272 4083 10646361 1
6272 4061 10646371 1
6272 4061 10646381 1
6262 4077 10646391 1
6242 4146 10646401 1
6248 4249 10646411 1
6272 4434 10646421 1
6352 4616 10646431 1
6485 4787 10646441 1
6654 4952 10646451 1
6881 5086 10646461 1
7069 5163 10646471 1
7232 5202 10646481 1
7302 5150 10646491 1
7292 5046 10646501 1
7229 4908 10646511 1
7109 4715 10646521 1
6990 4553 10646531 1
6872 4412 10646541 1
6760 4285 10646551 1
6658 4202 10646561 1
6597 4149 10646571 1
6559 4138 10646581 1
6544 4169 10646591 1
6549 4229 10646601 1
6567 4329 10646611 1
6603 4460 10646621 1
6648 4613 10646631 1
6700 4749 10646641 1
6723 4906 10646651 1
6723 5077 10646661 1
6717 5236 10646671 1
6717 5396 10646681 1
6717 5556 10646691 1
6736 5661 10646701 1
6748 5730 10646711 1
6748 5776 10646721 1
6740 5788 10646731 1
6740 5779 10646741 1
6728 5755 10646751 1
6710 5682 10646761 1
6700 5543 10646771 1
6700 5360 10646781 1
6714 5150 10646791 1
6726 4922 10646801 1
6740 4683 10646811 1
6755 4460 10646821 1
6768 4214 10646831 1
6768 3939 10646841 1
6768 3710 10646851 1
6781 3507 10646861 1
6799 3328 10646871 1
6820 3153 10646881 1
6841 3008 10646891 1
6862 2881 10646901 1
6874 2767 10646911 1
6881 2704 10646921 1
6888 2676 10646931 1
6888 2669 10646941 1
6888 2678 10646951 1
6897 2699 10646961 1
8316 6141 10647763 0
8316 6141 10647773 1
8347 6153 10647783 1
8393 6124 10647793 1
8434 6063 10647803 1
8457 5976 10647813 1
8469 5872 10647823 1
8469 5777 10647833 1
8469 5719 10647843 1
8469 5687 10647853 1
8469 5664 10647863 1
8474 5664 10647873 1
8500 5664 10647883 1
8541 5710 10647893 1
8618 5795 10647903 1
8700 5908 10647913 1
8790 6032 10647923 1
8899 6127 10647933 1
9018 6203 10647943 1
9110 6246 10647953 1
9163 6252 10647963 1
9191 6233 10647973 1
9167 6179 10647983 1
9073 6075 10647993 1
8931 5937 10648003 1
8753 5779 10648013 1
8593 5637 10648023 1
8446 5515 10648033 1
8317 5403 10648043 1
8253 5341 10648053 1
8233 5316 10648063 1
8233 5316 10648073 1
8285 5338 10648083 1
8370 5416 10648093 1
8510 5532 10648103 1
8687 5655 10648113 1
8889 5775 10648114 1
9081 5888 10648124 1
9167 5928 10648134 1
9182 5922 10648144 1
9157 5891 10648154 1
9098 5843 10648164 1
9015 5783 10648174 1
8940 5727 10648184 1
8864 5665 10648194 1
8788 5577 10648204 1
8721 5475 10648214 1
8673 5345 10648224 1
8638 5212 10648234 1
8613 5073 10648244 1
8602 4921 10648254 1
8602 4760 10648264 1
8602 4660 10648274 1
8610 4579 10648284 1
8615 4510 10648294 1
8615 4454 10648304 1
8615 4412 10648314 1
8615 4379 10648324 1
8615 4366 10648334 1
8615 4366 10648344 1
8602 4366 10648354 1
8587 4382 10648364 1
8567 4406 10648374 1
8545 4435 10648384 1
8521 4452 10648394 1
8494 4465 10648404 1
8468 4476 10648414 1
8439 4487 10648424 1
8407 4497 10648434 1
8382 4513 10648444 1
8356 4534 10648454 1
8334 4562 10648464 1
8320 4596 10648474 1
8330 4635 10648484 1
8355 4691 10648494 1
8419 4778 10648504 1
8523 4886 10648514 1
8654 5026 10648524 1
8824 5163 10648534 1
9007 5294 10648544 1
9199 5367 10648554 1
9313 5403 10648564 1
9345 5350 10648574 1
9321 5264 10648584 1
9250 5157 10648594 1
9164 5024 10648604 1
9068 4910 10648614 1
9010 4808 10648624 1
8982 4764 10648634 1
8974 4751 10648644 1
8982 4760 10648654 1
9030 4801 10648664 1
9105 4865 10648674 1
9185 4944 10648684 1
9265 5001 10648694 1
9349 5032 10648704 1
9387 5045 10648714 1
9394 5007 10648724 1
9348 4937 10648734 1
9270 4845 10648744 1
9170 4745 10648754 1
9101 4664 10648764 1
9030 4597 10648774 1
8958 4519 10648784 1
8879 4439 10648794 1
8795 4353 10648804 1
8708 4258 10648814 1
8610 4164 10648824 1
7699 3578 10648975 0
7699 3578 10648985 1
7727 3577 10648995 1
7760 3587 10649005 1
7810 3609 10649015 1
7898 3639 10649025 1
8029 3701 10649035 1
8188 3811 10649045 1
8432 3954 10649055 1
8716 4098 10649065 1
9027 4238 10649075 1
9281 4334 10649085 1
9435 4401 10649095 1
9521 4370 10649105 1
9513 4308 10649115 1
9426 4226 10649125 1
9287 4107 10649135 1
9123 3945 10649145 1
8950 3755 10649155 1
8772 3582 10649165 1
8658 3472 10649175 1
8619 3405 10649185 1
8630 3383 10649195 1
8662 3389 10649205 1
8744 3413 10649215 1
8859 3488 10649225 1
9007 3585 10649235 1
9158 3696 10649245 1
9324 3823 10649255 1
9498 3903 10649265 1
9575 3951 10649275 1
9599 3951 10649285 1
9588 3951 10649295 1
9583 3951 10649305 1
9569 3972 10649315 1
9550 4000 10649325 1
9108 5041 10649476 0
9092 5137 10649486 1
9080 5186 10649496 1
9073 5228 10649506 1
9073 5269 10649516 1
9073 5308 10649526 1
9086 5329 10649536 1
9086 5338 10649546 1
9092 5331 10649556 1
9092 5304 10649566 1
9092 5264 10649576 1
9092 5197 10649586 1
9081 5112 10649596 1
9081 5015 10649606 1
9081 4895 10649616 1
9081 4763 10649626 1
9092 4623 10649636 1
9101 4463 10649646 1
9113 4279 10649656 1
9127 4080 10649666 1
9144 3875 10649676 1
9155 3665 10649686 1
9163 3466 10649696 1
9169 3276 10649706 1
9174 3068 10649716 1
9179 2870 10649726 1
9185 2679 10649736 1
9191 2540 10649746 1
9200 2398 10649756 1
9209 2254 10649766 1
9209 2131 10649776 1
9209 2023 10649786 1
9197 1926 10649796 1
9212 1829 10649806 1
9224 1771 10649816 1
9233 1738 10649826 1
