476
3632 6552 43775345 0
3632 6552 43775355 1
3661 6529 43775365 1
3677 6503 43775375 1
3698 6458 43775385 1
3751 6399 43775395 1
3807 6362 43775405 1
3869 6340 43775415 1
3936 6329 43775425 1
3978 6322 43775435 1
4005 6322 43775445 1
4015 6316 43775455 1
4015 6316 43775465 1
4015 6311 43775475 1
3991 6284 43775485 1
3326 6006 43775605 0
3292 5946 43775615 1
3286 5941 43775625 1
3303 5930 43775635 1
3332 5918 43775645 1
3389 5918 43775655 1
3464 5918 43775665 1
3570 5941 43775675 1
3708 5991 43775685 1
3868 6057 43775695 1
4009 6133 43775705 1
4128 6204 43775715 1
4232 6241 43775725 1
4266 6257 43775735 1
4271 6257 43775745 1
4256 6252 43775755 1
4208 6230 43775765 1
3706 6048 43775876 0
3720 5982 43775886 1
3720 5962 43775896 1
3725 5900 43775906 1
3725 5810 43775916 1
3725 5745 43775926 1
3725 5695 43775936 1
3736 5656 43775946 1
3752 5630 43775956 1
3773 5623 43775966 1
3801 5630 43775976 1
3838 5671 43775986 1
3883 5731 43775996 1
3931 5803 43776006 1
3980 5883 43776016 1
4029 5950 43776026 1
4062 5974 43776036 1
4084 5974 43776046 1
4090 5949 43776056 1
4065 5888 43776066 1
4018 5803 43776076 1
3946 5715 43776086 1
3847 5617 43776096 1
3730 5487 43776106 1
3578 5340 43776116 1
3430 5214 43776126 1
3328 5131 43776136 1
3254 5078 43776146 1
3239 5067 43776156 1
3250 5077 43776166 1
3279 5101 43776176 1
3350 5152 43776186 1
3460 5222 43776196 1
3596 5305 43776206 1
3774 5420 43776216 1
3950 5530 43776226 1
4124 5636 43776236 1
4261 5696 43776246 1
4326 5715 43776256 1
4342 5708 43776266 1
4342 5708 43776276 1
3811 5371 43776366 0
3765 5302 43776376 1
3750 5281 43776386 1
3743 5242 43776396 1
3743 5168 43776406 1
3737 5072 43776416 1
3737 4930 43776426 1
3731 4762 43776436 1
3731 4577 43776446 1
3731 4412 43776456 1
3737 4253 43776466 1
3737 4103 43776476 1
3727 3957 43776486 1
3719 3844 43776496 1
3711 3754 43776506 1
3704 3679 43776516 1
3704 3630 43776526 1
3697 3609 43776536 1
3697 3609 43776546 1
3697 3614 43776556 1
3691 3686 43776566 1
3678 3801 43776576 1
3657 3959 43776586 1
3637 4119 43776596 1
3637 4280 43776606 1
3658 4445 43776616 1
3711 4606 43776626 1
3784 4774 43776636 1
3871 4950 43776646 1
3965 5098 43776656 1
4058 5198 43776666 1
4123 5266 43776676 1
4171 5289 43776686 1
4188 5296 43776696 1
4195 5296 43776706 1
4195 5269 43776716 1
4187 5213 43776726 1
4178 5134 43776736 1
4167 5032 43776746 1
4174 4901 43776756 1
4185 4752 43776766 1
4205 4609 43776776 1
4229 4460 43776786 1
4252 4304 43776796 1
4275 4152 43776806 1
4292 4027 43776807 1
4306 3917 43776817 1
4311 3822 43776827 1
4311 3752 43776837 1
4311 3698 43776847 1
4298 3672 43776857 1
4278 3661 43776867 1
4250 3661 43776877 1
4196 3678 43776887 1
4115 3733 43776897 1
4015 3811 43776907 1
3903 3909 43776917 1
3790 4005 43776927 1
3675 4098 43776937 1
3598 4186 43776947 1
3568 4272 43776957 1
3568 4380 43776967 1
3603 4504 43776977 1
3679 4615 43776987 1
3781 4723 43776997 1
3903 4824 43777007 1
4009 4864 43777017 1
4103 4864 43777027 1
4140 4802 43777037 1
4122 4678 43777047 1
4066 4514 43777057 1
4012 4344 43777067 1
3985 4217 43777077 1
3975 4119 43777087 1
3984 4075 43777097 1
4018 4067 43777107 1
4068 4083 43777117 1
4171 4159 43777127 1
4309 4288 43777137 1
4471 4452 43777147 1
4695 4652 43777157 1
4934 4865 43777167 1
5182 5086 43777177 1
5322 5182 43777187 1
5376 5248 43777197 1
5376 5294 43777207 1
5315 5342 43777217 1
5207 5390 43777227 1
5064 5443 43777237 1
4912 5500 43777247 1
4760 5574 43777257 1
4644 5669 43777267 1
4550 5778 43777277 1
4526 5853 43777287 1
4533 5911 43777297 1
4560 5958 43777307 1
4595 5988 43777317 1
4648 5980 43777327 1
4713 5946 43777337 1
4740 5799 43777347 1
4722 5600 43777357 1
4675 5367 43777367 1
4608 5079 43777377 1
4542 4773 43777387 1
4518 4456 43777397 1
4518 4234 43777407 1
4560 4054 43777417 1
4620 3903 43777427 1
4693 3758 43777437 1
4774 3678 43777447 1
4846 3642 43777457 1
4913 3618 43777467 1
4984 3631 43777477 1
5057 3668 43777487 1
5134 3756 43777497 1
5192 3873 43777507 1
5237 4009 43777517 1
5258 4164 43777527 1
5252 4359 43777537 1
5227 4581 43777547 1
5193 4836 43777557 1
5156 5103 43777567 1
5118 5377 43777577 1
5089 5590 43777587 1
5060 5698 43777597 1
5033 5737 43777607 1
4977 5728 43777617 1
4903 5674 43777627 1
4823 5589 43777637 1
4775 5480 43777647 1
4747 5370 43777657 1
4747 5276 43777667 1
4782 5193 43777677 1
4830 5133 43777687 1
4905 5085 43777697 1
4980 5044 43777707 1
5025 4989 43777717 1
5048 4890 43777728 1
5027 4762 43777738 1
4976 4632 43777748 1
4906 4507 43777758 1
4861 4386 43777768 1
4847 4278 43777778 1
4853 4187 43777788 1
4887 4107 43777798 1
4935 4034 43777808 1
4992 3961 43777818 1
5036 3887 43777828 1
5051 3804 43777838 1
5046 3710 43777848 1
5010 3609 43777858 1
4954 3500 43777868 1
4885 3373 43777878 1
4798 3233 43777888 1
4709 3088 43777898 1
4618 2954 43777908 1
5837 5278 43778580 0
5837 5278 43778590 1
5837 5278 43778600 1
5837 5278 43778610 1
5856 5232 43778620 1
5901 5156 43778630 1
5957 5059 43778640 1
5990 4958 43778650 1
6025 4851 43778660 1
6060 4764 43778670 1
6081 4691 43778680 1
6094 4660 43778690 1
6100 4647 43778700 1
6100 4647 43778710 1
6100 4654 43778720 1
6090 4711 43778730 1
6110 4799 43778740 1
6146 4962 43778750 1
6237 5122 43778760 1
6358 5246 43778770 1
6500 5348 43778780 1
6651 5416 43778780 1
6769 5434 43778790 1
6865 5419 43778800 1
6877 5348 43778810 1
6814 5239 43778820 1
6702 5106 43778830 1
6587 4971 43778840 1
6493 4849 43778850 1
6413 4735 43778860 1
6376 4690 43778870 1
6366 4673 43778880 1
6375 4673 43778890 1
6424 4686 43778900 1
6509 4716 43778910 1
6619 4757 43778920 1
6764 4825 43778930 1
6896 4894 43778940 1
7020 4964 43778950 1
7048 4978 43778960 1
7048 4991 43778970 1
7039 5005 43778980 1
6997 5029 43778990 1
6942 5057 43779000 1
6878 5094 43779010 1
6813 5150 43779020 1
6478 6020 43779090 0
6463 6153 43779100 1
6463 6218 43779110 1
6453 6218 43779120 1
6447 6165 43779130 1
6447 6081 43779140 1
6447 5932 43779150 1
6447 5740 43779160 1
6447 5511 43779170 1
6436 5214 43779180 1
6423 4873 43779190 1
6441 4554 43779200 1
6441 4267 43779210 1
6426 4002 43779220 1
6441 3743 43779230 1
6456 3541 43779240 1
6471 3376 43779250 1
6481 3216 43779260 1
6488 3097 43779270 1
6496 3005 43779280 1
6501 2956 43779290 1
6501 2939 43779300 1
6507 2939 43779310 1
6507 2970 43779320 1
6517 3037 43779330 1
7763 6163 43780152 0
7802 6158 43780162 1
7814 6158 43780172 1
7822 6149 43780182 1
7850 6096 43780192 1
7872 6040 43780202 1
7889 5978 43780212 1
7894 5918 43780222 1
7900 5873 43780232 1
7907 5839 43780242 1
7917 5828 43780252 1
7955 5845 43780262 1
8010 5880 43780272 1
8114 5977 43780282 1
8213 6081 43780292 1
8309 6190 43780302 1
8420 6288 43780312 1
8528 6360 43780322 1
8613 6415 43780332 1
8683 6437 43780342 1
8694 6421 43780352 1
8645 6381 43780362 1
8556 6297 43780372 1
8397 6185 43780382 1
8238 6055 43780392 1
8078 5923 43780402 1
7947 5791 43780412 1
7863 5723 43780422 1
7809 5699 43780432 1
7804 5692 43780442 1
7841 5707 43780452 1
7906 5737 43780462 1
8005 5798 43780472 1
8123 5881 43780482 1
8254 5978 43780492 1
8402 6050 43780502 1
8471 6070 43780512 1
8486 6055 43780522 1
8469 6019 43780532 1
8417 5947 43780542 1
8342 5851 43780552 1
8276 5747 43780562 1
8212 5638 43780572 1
8156 5506 43780582 1
8108 5361 43780592 1
8078 5242 43780602 1
8059 5147 43780612 1
8059 5067 43780622 1
8059 4995 43780632 1
8059 4941 43780642 1
8069 4899 43780652 1
8069 4873 43780662 1
8069 4861 43780672 1
8069 4861 43780682 1
8069 4861 43780692 1
8064 4869 43780702 1
8048 4881 43780712 1
8019 4900 43780722 1
7980 4919 43780733 1
7933 4937 43780743 1
7872 4961 43780753 1
7813 4989 43780763 1
7756 5022 43780773 1
7716 5061 43780783 1
7698 5104 43780793 1
7698 5152 43780803 1
7715 5216 43780813 1
7775 5292 43780823 1
7861 5376 43780833 1
7989 5468 43780843 1
8143 5565 43780853 1
8314 5643 43780863 1
8487 5685 43780873 1
8581 5702 43780883 1
8621 5668 43780893 1
8608 5603 43780903 1
8551 5517 43780913 1
8465 5398 43780923 1
8374 5299 43780933 1
8310 5213 43780943 1
8265 5174 43780953 1
8253 5160 43780963 1
8267 5160 43780973 1
8299 5190 43780983 1
8384 5235 43780993 1
8473 5292 43781003 1
8560 5337 43781013 1
8643 5377 43781023 1
8682 5377 43781033 1
8682 5358 43781043 1
8645 5306 43781053 1
8570 5237 43781063 1
8486 5156 43781073 1
8396 5078 43781083 1
8290 4982 43781093 1
8175 4875 43781103 1
8055 4755 43781113 1
7931 4643 43781123 1
7808 4538 43781133 1
7515 4188 43781223 0
7531 4176 43781233 1
7531 4186 43781243 1
7539 4186 43781253 1
7554 4193 43781263 1
7597 4214 43781273 1
7658 4245 43781283 1
7759 4300 43781293 1
7908 4388 43781303 1
8090 4497 43781313 1
8284 4605 43781323 1
8469 4689 43781333 1
8649 4757 43781343 1
8717 4767 43781353 1
8717 4740 43781363 1
8672 4688 43781373 1
8560 4594 43781383 1
8421 4471 43781393 1
8264 4330 43781403 1
8128 4178 43781413 1
8038 4079 43781423 1
7979 4015 43781433 1
7979 3994 43781443 1
8013 3994 43781453 1
8062 4006 43781463 1
8154 4047 43781474 1
8284 4109 43781484 1
8440 4184 43781494 1
8598 4272 43781504 1
8745 4360 43781514 1
8884 4449 43781524 1
8960 4489 43781534 1
8984 4508 43781544 1
8973 4514 43781554 1
8958 4526 43781564 1
8916 4548 43781574 1
8855 4576 43781584 1
8793 4618 43781594 1
8728 4675 43781604 1
8660 4742 43781614 1
8610 4839 43781624 1
8567 4936 43781634 1
8534 5033 43781644 1
8508 5126 43781654 1
8489 5228 43781664 1
8480 5336 43781674 1
8474 5449 43781684 1
8466 5521 43781694 1
8457 5567 43781704 1
8440 5587 43781714 1
8418 5601 43781724 1
8403 5601 43781734 1
8390 5601 43781744 1
8381 5581 43781754 1
8373 5547 43781764 1
8368 5501 43781774 1
8368 5442 43781784 1
8379 5368 43781794 1
8388 5283 43781804 1
8398 5180 43781814 1
8407 5049 43781824 1
8414 4899 43781834 1
8420 4710 43781844 1
8429 4517 43781854 1
8440 4322 43781864 1
8455 4103 43781874 1
8472 3878 43781884 1
8490 3649 43781894 1
8512 3468 43781904 1
8532 3265 43781914 1
8547 3047 43781924 1
8553 2803 43781934 1
8553 2558 43781944 1
8553 2330 43781954 1
8547 2113 43781964 1
8540 1909 43781974 1
8540 1723 43781984 1
