501
4123 6577 43914455 0
4123 6577 43914465 1
4123 6577 43914475 1
4160 6563 43914485 1
4201 6513 43914495 1
4255 6442 43914505 1
4303 6370 43914515 1
4343 6302 43914525 1
4377 6247 43914535 1
4401 6201 43914545 1
4425 6167 43914555 1
4440 6144 43914565 1
4450 6129 43914575 1
4457 6120 43914585 1
4457 6113 43914595 1
4457 6108 43914605 1
3676 5713 43914715 0
3668 5645 43914725 1
3680 5633 43914735 1
3696 5633 43914745 1
3743 5646 43914755 1
3810 5662 43914765 1
3898 5708 43914775 1
4015 5775 43914785 1
4151 5857 43914795 1
4287 5947 43914805 1
4385 6007 43914815 1
4457 6047 43914825 1
4496 6072 43914835 1
4513 6082 43914845 1
4513 6082 43914855 1
4500 6075 43914865 1
4465 6055 43914875 1
4417 6025 43914885 1
4384 6000 43914895 1
4355 5980 43914905 1
4331 5963 43914915 1
4308 5940 43914925 1
4286 5913 43914935 1
4261 5850 43914945 1
4233 5764 43914955 1
4203 5661 43914965 1
4166 5529 43914975 1
4125 5378 43914985 1
4098 5252 43914995 1
4088 5177 43915005 1
4088 5135 43915015 1
4104 5118 43915025 1
4122 5132 43915035 1
4166 5167 43915045 1
4225 5261 43915055 1
4302 5382 43915065 1
4384 5522 43915075 1
4475 5637 43915085 1
4572 5718 43915095 1
4636 5776 43915105 1
4679 5776 43915115 1
4664 5728 43915125 1
4583 5651 43915135 1
4458 5518 43915145 1
4293 5346 43915155 1
4087 5147 43915165 1
3853 4933 43915175 1
3670 4768 43915185 1
3576 4635 43915195 1
3542 4580 43915205 1
3548 4565 43915215 1
3599 4577 43915225 1
3680 4623 43915235 1
3807 4711 43915245 1
3939 4828 43915255 1
4111 4976 43915265 1
4309 5123 43915275 1
4482 5228 43915285 1
4583 5306 43915295 1
4636 5321 43915305 1
4636 5315 43915315 1
4609 5296 43915325 1
4570 5252 43915335 1
4512 5205 43915345 1
4457 5171 43915355 1
4407 5146 43915365 1
4354 5112 43915375 1
4299 5080 43915385 1
4257 5049 43915395 1
4212 4999 43915405 1
4165 4937 43915415 1
4128 4845 43915425 1
4100 4714 43915435 1
4079 4557 43915445 1
4065 4388 43915455 1
4059 4226 43915465 1
4059 4070 43915475 1
4059 3918 43915485 1
4059 3782 43915495 1
4048 3656 43915505 1
4032 3541 43915515 1
4014 3429 43915525 1
3995 3319 43915535 1
3980 3201 43915545 1
3970 3120 43915555 1
3970 3064 43915565 1
3970 3041 43915575 1
3970 3036 43915585 1
3970 3044 43915595 1
3970 3057 43915605 1
3963 3128 43915615 1
3968 3237 43915625 1
3973 3369 43915635 1
3982 3508 43915645 1
3999 3651 43915655 1
4023 3804 43915665 1
4054 3965 43915675 1
4110 4131 43915685 1
4181 4298 43915695 1
4265 4466 43915705 1
4357 4635 43915715 1
4455 4765 43915725 1
4525 4853 43915735 1
4566 4913 43915745 1
4588 4936 43915755 1
4588 4941 43915765 1
4594 4935 43915775 1
4599 4922 43915785 1
4606 4889 43915795 1
4615 4843 43915805 1
4630 4775 43915815 1
4650 4705 43915825 1
4669 4610 43915835 1
4685 4499 43915845 1
4699 4363 43915855 1
4709 4215 43915865 1
4717 4059 43915875 1
4723 3907 43915885 1
4738 3753 43915895 1
4755 3623 43915905 1
4772 3510 43915915 1
4788 3394 43915925 1
4805 3296 43915935 1
4821 3210 43915945 1
4832 3142 43915955 1
4839 3086 43915965 1
4839 3037 43915975 1
4839 3014 43915985 1
4839 3004 43915995 1
4839 3004 43916005 1
4839 3004 43916015 1
4830 3023 43916025 1
4812 3050 43916035 1
4791 3100 43916045 1
4763 3149 43916055 1
4730 3193 43916065 1
4696 3233 43916075 1
4650 3270 43916085 1
4597 3316 43916095 1
4526 3367 43916105 1
4434 3425 43916115 1
4329 3498 43916125 1
4205 3581 43916135 1
4082 3675 43916145 1
3996 3769 43916155 1
3935 3863 43916165 1
3917 3940 43916175 1
3942 4024 43916185 1
3995 4112 43916195 1
4104 4225 43916205 1
4262 4348 43916215 1
4452 4478 43916225 1
4582 4536 43916235 1
4635 4515 43916245 1
4635 4441 43916255 1
4546 4272 43916265 1
4417 4082 43916275 1
4262 3877 43916285 1
4116 3670 43916295 1
3976 3527 43916305 1
3908 3427 43916315 1
3886 3392 43916325 1
3899 3392 43916335 1
3954 3409 43916345 1
4037 3490 43916355 1
4189 3638 43916365 1
4409 3831 43916375 1
4675 4086 43916385 1
4991 4339 43916395 1
5280 4592 43916405 1
5551 4761 43916415 1
5739 4889 43916425 1
5844 4990 43916435 1
5893 5043 43916428 1
5866 5081 43916438 1
5769 5108 43916448 1
5624 5137 43916458 1
5472 5172 43916468 1
5361 5246 43916478 1
5277 5346 43916488 1
5218 5454 43916498 1
5191 5541 43916508 1
5184 5584 43916518 1
5189 5606 43916528 1
5208 5619 43916538 1
5237 5607 43916548 1
5250 5578 43916558 1
5227 5463 43916568 1
5180 5265 43916578 1
5108 5011 43916588 1
5038 4678 43916598 1
4994 4343 43916608 1
4967 4056 43916618 1
4982 3803 43916628 1
5029 3630 43916638 1
5098 3506 43916648 1
5191 3414 43916658 1
5259 3348 43916668 1
5309 3310 43916678 1
5369 3290 43916688 1
5430 3299 43916698 1
5503 3354 43916708 1
5584 3440 43916718 1
5642 3530 43916728 1
5675 3647 43916738 1
5692 3782 43916748 1
5704 3985 43916758 1
5692 4222 43916768 1
5665 4482 43916778 1
5642 4760 43916788 1
5624 5033 43916798 1
5624 5302 43916808 1
5631 5462 43916818 1
5624 5523 43916828 1
5585 5523 43916838 1
5524 5449 43916848 1
5416 5311 43916858 1
5295 5127 43916868 1
5166 4944 43916878 1
5105 4773 43916888 1
5091 4658 43916898 1
5109 4576 43916908 1
5159 4516 43916918 1
5250 4481 43916928 1
5367 4462 43916938 1
5474 4451 43916948 1
5535 4394 43916958 1
5566 4307 43916968 1
5556 4168 43916978 1
5510 4002 43916988 1
5441 3819 43916998 1
5403 3652 43917008 1
5387 3520 43917018 1
5387 3412 43917028 1
5411 3325 43917038 1
5444 3246 43917048 1
5483 3173 43917059 1
5512 3106 43917069 1
5512 3006 43917079 1
5491 2885 43917089 1
5443 2740 43917099 1
5361 2583 43917109 1
6420 5181 43918661 0
6420 5181 43918671 1
6427 5206 43918681 1
6435 5206 43918691 1
6465 5199 43918701 1
6511 5161 43918711 1
6581 5103 43918721 1
6654 5024 43918731 1
6731 4942 43918741 1
6790 4858 43918751 1
6836 4775 43918761 1
6870 4719 43918771 1
6887 4681 43918781 1
6893 4651 43918791 1
6893 4633 43918801 1
6885 4623 43918811 1
6879 4623 43918821 1
6866 4650 43918831 1
6854 4694 43918841 1
6874 4790 43918851 1
6915 4928 43918861 1
7005 5093 43918871 1
7130 5227 43918881 1
7277 5343 43918891 1
7451 5448 43918901 1
7589 5502 43918911 1
7704 5479 43918921 1
7716 5406 43918931 1
7645 5286 43918941 1
7518 5136 43918951 1
7364 4967 43918961 1
7246 4803 43918971 1
7151 4689 43918981 1
7101 4609 43918991 1
7093 4584 43919001 1
7113 4584 43919011 1
7173 4604 43919021 1
7269 4641 43919031 1
7390 4689 43919041 1
7512 4745 43919051 1
7633 4821 43919061 1
7748 4869 43919071 1
7784 4899 43919081 1
7771 4899 43919091 1
7764 4891 43919101 1
7744 4891 43919111 1
7708 4878 43919121 1
7665 4878 43919131 1
7635 4890 43919141 1
7605 4912 43919151 1
7576 4951 43919161 1
7413 5669 43919232 0
7411 5829 43919242 1
7404 5894 43919252 1
7393 5949 43919262 1
7377 5949 43919272 1
7359 5949 43919282 1
7351 5884 43919292 1
7345 5775 43919302 1
7345 5628 43919312 1
7345 5405 43919322 1
7352 5131 43919332 1
7352 4856 43919342 1
7360 4600 43919352 1
7366 4358 43919362 1
7372 4102 43919372 1
7379 3859 43919382 1
7385 3625 43919392 1
7399 3440 43919402 1
7412 3273 43919412 1
7422 3117 43919422 1
7422 2981 43919432 1
7411 2874 43919442 1
7418 2787 43919452 1
7423 2787 43919462 1
7423 2815 43919472 1
8579 6125 43920354 0
8579 6125 43920364 1
8579 6125 43920374 1
8613 6115 43920384 1
8631 6087 43920394 1
8649 6043 43920404 1
8660 5996 43920414 1
8667 5951 43920424 1
8673 5910 43920434 1
8681 5885 43920444 1
8689 5879 43920454 1
8697 5886 43920464 1
8737 5921 43920474 1
8806 5984 43920484 1
8895 6065 43920494 1
8988 6140 43920504 1
9074 6201 43920514 1
9155 6254 43920524 1
9229 6291 43920534 1
9257 6291 43920544 1
9257 6269 43920554 1
9200 6215 43920564 1
9082 6115 43920574 1
8921 5985 43920584 1
8774 5852 43920594 1
8656 5752 43920604 1
8558 5674 43920614 1
8505 5633 43920624 1
8488 5618 43920634 1
8494 5618 43920644 1
8540 5656 43920654 1
8612 5706 43920664 1
8701 5767 43920674 1
8809 5839 43920684 1
8905 5911 43920694 1
8994 5929 43920694 1
8994 5929 43920704 1
8980 5860 43920714 1
8946 5782 43920724 1
8879 5685 43920734 1
8830 5570 43920744 1
8792 5425 43920754 1
8759 5261 43920764 1
8733 5112 43920774 1
8720 4975 43920784 1
8715 4845 43920794 1
8715 4753 43920804 1
8723 4691 43920814 1
8739 4650 43920824 1
8754 4617 43920834 1
8759 4595 43920844 1
8759 4581 43920854 1
8759 4581 43920864 1
8759 4581 43920874 1
8750 4581 43920884 1
8732 4593 43920894 1
8704 4609 43920904 1
8674 4629 43920914 1
8642 4649 43920924 1
8605 4675 43920934 1
8568 4705 43920944 1
8526 4737 43920954 1
8481 4776 43920964 1
8446 4820 43920974 1
8418 4866 43920984 1
8403 4911 43920994 1
8416 4957 43921004 1
8448 5020 43921014 1
8521 5093 43921024 1
8635 5183 43921034 1
8775 5251 43921044 1
8968 5387 43921054 1
9137 5576 43921064 1
9291 5625 43921074 1
9359 5610 43921084 1
9359 5552 43921094 1
9315 5465 43921104 1
9220 5346 43921114 1
9126 5206 43921125 1
9059 5116 43921135 1
9011 5059 43921145 1
8987 5023 43921155 1
8995 5017 43921165 1
9023 5034 43921175 1
9090 5067 43921185 1
9167 5115 43921195 1
9251 5159 43921205 1
9335 5195 43921215 1
9377 5200 43921225 1
9391 5186 43921235 1
9349 5131 43921245 1
9283 5070 43921255 1
9201 4995 43921265 1
9144 4914 43921275 1
9088 4824 43921285 1
9014 4743 43921295 1
8928 4668 43921305 1
8041 4125 43921495 0
8066 4053 43921505 1
8066 4065 43921515 1
8096 4077 43921525 1
8144 4087 43921535 1
8256 4143 43921545 1
8438 4229 43921555 1
8666 4362 43921565 1
8934 4491 43921575 1
9161 4617 43921585 1
9361 4700 43921595 1
9453 4710 43921605 1
9453 4672 43921615 1
9382 4601 43921625 1
9240 4477 43921635 1
9092 4319 43921645 1
8940 4155 43921655 1
8811 4029 43921665 1
8741 3928 43921675 1
8710 3883 43921685 1
8726 3872 43921695 1
8783 3885 43921705 1
8868 3926 43921715 1
8992 3989 43921725 1
9116 4066 43921735 1
9278 4152 43921745 1
9465 4242 43921755 1
9594 4335 43921765 1
9642 4361 43921775 1
9635 4369 43921776 1
9635 4369 43921786 1
9601 4376 43921796 1
9562 4385 43921806 1
9506 4419 43921816 1
9451 4469 43921826 1
9387 4532 43921836 1
9317 4599 43921846 1
9261 4670 43921856 1
9206 4739 43921866 1
9169 4820 43921876 1
9143 4908 43921886 1
9117 4996 43921896 1
9097 5070 43921906 1
9083 5136 43921916 1
9069 5300 43921926 1
9052 5408 43921936 1
9038 5479 43921946 1
9027 5535 43921956 1
9022 5568 43921966 1
9022 5586 43921976 1
9022 5586 43921986 1
9022 5586 43921996 1
9030 5567 43922006 1
9044 5505 43922016 1
9064 5412 43922026 1
9086 5283 43922036 1
9109 5136 43922046 1
9123 4976 43922056 1
9132 4761 43922066 1
9143 4518 43922076 1
9149 4257 43922086 1
9149 3932 43922096 1
9149 3568 43922106 1
9154 3177 43922116 1
9154 2777 43922126 1
9169 2432 43922136 1
9188 2123 43922146 1
9242 1858 43922156 1
9274 1628 43922166 1
9292 1421 43922176 1
