486
3733 6340 10621776 0
3768 6332 10621786 1
3763 6340 10621796 1
3768 6328 10621806 1
3797 6302 10621816 1
3841 6252 10621826 1
3884 6188 10621836 1
3922 6114 10621846 1
3957 6042 10621856 1
3986 5989 10621866 1
4010 5950 10621876 1
4030 5915 10621886 1
4045 5886 10621896 1
4054 5862 10621906 1
4054 5848 10621916 1
4054 5833 10621926 1
4039 5813 10621936 1
3351 5538 10622046 0
3305 5395 10622056 1
3298 5414 10622066 1
3328 5408 10622076 1
3394 5440 10622086 1
3510 5497 10622096 1
3659 5587 10622106 1
3838 5683 10622116 1
3990 5783 10622126 1
4125 5859 10622136 1
4176 5886 10622146 1
4163 5880 10622156 1
4108 5859 10622156 1
4025 5822 10622166 1
3939 5774 10622176 1
3851 5726 10622186 1
3792 5675 10622196 1
3745 5601 10622206 1
3705 5513 10622216 1
3664 5388 10622226 1
3630 5262 10622236 1
3606 5164 10622246 1
3606 5086 10622256 1
3627 5049 10622266 1
3674 5043 10622276 1
3746 5059 10622286 1
3835 5124 10622296 1
3936 5208 10622306 1
4038 5305 10622316 1
4124 5379 10622326 1
4199 5405 10622336 1
4213 5398 10622346 1
4165 5346 10622356 1
4076 5238 10622366 1
3923 5094 10622376 1
3753 4922 10622386 1
3571 4734 10622396 1
3376 4536 10622406 1
3253 4373 10622416 1
3179 4274 10622426 1
3168 4219 10622436 1
3188 4197 10622446 1
3228 4211 10622456 1
3317 4249 10622466 1
3446 4349 10622476 1
3601 4477 10622486 1
3798 4625 10622496 1
3996 4763 10622506 1
4194 4905 10622516 1
4341 4975 10622526 1
4400 4997 10622536 1
4400 4989 10622546 1
4394 4979 10622556 1
4357 4938 10622566 1
4298 4878 10622576 1
4248 4825 10622586 1
4185 4772 10622596 1
4113 4733 10622606 1
4071 4703 10622616 1
4031 4670 10622626 1
3992 4632 10622636 1
3952 4583 10622646 1
3914 4505 10622656 1
3880 4409 10622666 1
3851 4252 10622676 1
3827 4052 10622686 1
3810 3823 10622696 1
3805 3589 10622706 1
3805 3380 10622716 1
3814 3189 10622726 1
3814 3014 10622736 1
3814 2871 10622746 1
3821 2750 10622756 1
3815 2653 10622766 1
3809 2586 10622776 1
3802 2540 10622786 1
3802 2529 10622796 1
3802 2538 10622806 1
3797 2560 10622816 1
3785 2653 10622826 1
3785 2798 10622836 1
3791 2978 10622846 1
3797 3157 10622856 1
3827 3364 10622866 1
3871 3590 10622876 1
3941 3809 10622886 1
4037 4020 10622896 1
4151 4225 10622906 1
4267 4403 10622916 1
4340 4506 10622926 1
4384 4558 10622936 1
4395 4572 10622946 1
4401 4563 10622956 1
4401 4540 10622966 1
4401 4476 10622978 1
4385 4371 10622988 1
4364 4239 10622998 1
4364 4111 10623008 1
4364 3978 10623018 1
4378 3837 10623028 1
4394 3689 10623038 1
4410 3550 10623048 1
4423 3418 10623058 1
4437 3271 10623068 1
4443 3131 10623078 1
4443 3016 10623088 1
4455 2916 10623098 1
4455 2813 10623108 1
4448 2714 10623118 1
4448 2638 10623128 1
4440 2578 10623138 1
4432 2553 10623148 1
4432 2545 10623158 1
4432 2545 10623168 1
4426 2552 10623178 1
4416 2562 10623188 1
4402 2576 10623198 1
4385 2592 10623208 1
4365 2611 10623218 1
4340 2631 10623228 1
4311 2655 10623238 1
4279 2688 10623248 1
4243 2728 10623258 1
4203 2797 10623268 1
4160 2873 10623278 1
4117 2955 10623288 1
4061 3023 10623298 1
3997 3090 10623308 1
3929 3156 10623318 1
3863 3223 10623328 1
3823 3296 10623338 1
3799 3374 10623348 1
3789 3456 10623358 1
3803 3539 10623368 1
3834 3622 10623378 1
3891 3708 10623388 1
3986 3813 10623398 1
4107 3930 10623408 1
4250 4025 10623418 1
4330 4054 10623428 1
4368 4039 10623438 1
4353 3965 10623448 1
4262 3791 10623458 1
4119 3551 10623468 1
3972 3282 10623478 1
3829 3056 10623488 1
3742 2858 10623498 1
3691 2797 10623508 1
3700 2781 10623518 1
3744 2796 10623528 1
3810 2898 10623538 1
3956 3102 10623548 1
4187 3373 10623558 1
4475 3694 10623568 1
4859 4015 10623578 1
5170 4337 10623588 1
5431 4526 10623598 1
4817 5231 10623709 0
4893 5259 10623719 1
4916 5234 10623729 1
4926 5134 10623739 1
4906 4947 10623749 1
4861 4703 10623759 1
4798 4407 10623769 1
4732 4043 10623779 1
4705 3634 10623789 1
4705 3379 10623799 1
4761 3188 10623809 1
4822 3041 10623819 1
4888 2925 10623829 1
4954 2836 10623839 1
5040 2764 10623849 1
5127 2718 10623859 1
5216 2703 10623869 1
5308 2709 10623879 1
5402 2739 10623889 1
5496 2785 10623899 1
5560 2841 10623909 1
5607 2898 10623919 1
5638 2987 10623929 1
5651 3098 10623939 1
5651 3241 10623949 1
5620 3423 10623959 1
5406 4724 10624019 0
5401 5027 10624029 1
5401 5122 10624039 1
5363 5122 10624049 1
5305 5056 10624059 1
5191 4973 10624069 1
5092 4866 10624079 1
5002 4744 10624089 1
4953 4655 10624099 1
4942 4586 10624099 1
4955 4530 10624109 1
4991 4493 10624119 1
5047 4460 10624129 1
5117 4430 10624139 1
5149 4364 10624149 1
5131 4255 10624159 1
5080 4117 10624169 1
5023 3975 10624179 1
4978 3846 10624189 1
4978 3727 10624199 1
5002 3649 10624209 1
5053 3586 10624219 1
5126 3534 10624229 1
5213 3478 10624239 1
5287 3416 10624249 1
5327 3312 10624259 1
5343 3182 10624269 1
5309 3045 10624279 1
5235 2905 10624289 1
5134 2751 10624299 1
5034 2588 10624309 1
4940 2445 10624319 1
4856 2294 10624329 1
4822 2137 10624339 1
4822 2015 10624349 1
6695 4523 10625401 0
6691 4570 10625411 1
6659 4592 10625421 1
6646 4600 10625431 1
6646 4600 10625441 1
6653 4585 10625451 1
6681 4523 10625461 1
6723 4431 10625471 1
6791 4286 10625481 1
6865 4146 10625491 1
6942 4009 10625501 1
7009 3884 10625511 1
7069 3788 10625521 1
7123 3711 10625531 1
7164 3663 10625541 1
7191 3630 10625551 1
7209 3607 10625561 1
7209 3607 10625571 1
7209 3607 10625581 1
7202 3612 10625591 1
7172 3642 10625601 1
7124 3696 10625611 1
7065 3765 10625621 1
7008 3854 10625631 1
6958 3941 10625641 1
6932 4024 10625651 1
6919 4109 10625661 1
6941 4216 10625671 1
7019 4336 10625681 1
7135 4494 10625691 1
7357 4630 10625701 1
7624 4751 10625711 1
7921 4837 10625721 1
8071 4827 10625731 1
8110 4753 10625741 1
8075 4644 10625751 1
7954 4475 10625761 1
7812 4267 10625771 1
7656 4095 10625781 1
7548 3966 10625791 1
7470 3867 10625801 1
7411 3823 10625811 1
7406 3808 10625821 1
7427 3808 10625831 1
7464 3836 10625841 1
7541 3879 10625851 1
7638 3936 10625861 1
7749 4004 10625871 1
7857 4069 10625881 1
7902 4097 10625891 1
7902 4102 10625901 1
7902 4117 10625911 1
7891 4142 10625921 1
7864 4174 10625932 1
7833 4219 10625942 1
7574 5341 10626052 0
7583 5405 10626062 1
7551 5447 10626072 1
7492 5440 10626082 1
7446 5400 10626092 1
7402 5334 10626102 1
7379 5227 10626112 1
7370 5094 10626122 1
7387 4904 10626132 1
7422 4684 10626142 1
7469 4445 10626152 1
7508 4175 10626162 1
7535 3906 10626172 1
7555 3639 10626182 1
7573 3419 10626192 1
7591 3189 10626202 1
7608 2953 10626212 1
7617 2726 10626222 1
7627 2557 10626232 1
7638 2426 10626242 1
7647 2300 10626252 1
7655 2217 10626262 1
7667 2163 10626272 1
7676 2151 10626282 1
7683 2167 10626292 1
7692 2203 10626302 1
9138 5612 10627083 0
9160 5655 10627093 1
9174 5678 10627103 1
9188 5700 10627113 1
9205 5720 10627123 1
9226 5741 10627133 1
9252 5720 10627143 1
9267 5671 10627153 1
9276 5586 10627163 1
9258 5477 10627173 1
9243 5353 10627183 1
9229 5279 10627193 1
9236 5240 10627203 1
9247 5225 10627213 1
9268 5225 10627223 1
9327 5270 10627233 1
9410 5335 10627243 1
9503 5455 10627253 1
9593 5571 10627263 1
9681 5684 10627273 1
9770 5764 10627283 1
9853 5804 10627293 1
9881 5818 10627303 1
9872 5793 10627313 1
9806 5730 10627323 1
9679 5642 10627333 1
9510 5505 10627343 1
9362 5375 10627353 1
9261 5249 10627363 1
9191 5188 10627373 1
9168 5161 10627383 1
9168 5161 10627393 1
9187 5176 10627403 1
9249 5226 10627413 1
9349 5298 10627423 1
9473 5384 10627433 1
9555 5459 10627443 1
9622 5528 10627453 1
9678 5528 10627463 1
9667 5476 10627473 1
9633 5400 10627483 1
9584 5280 10627493 1
9544 5156 10627503 1
9509 5003 10627513 1
9484 4833 10627523 1
9462 4675 10627533 1
9452 4536 10627543 1
9452 4410 10627553 1
9452 4309 10627563 1
9460 4229 10627573 1
9468 4164 10627583 1
9476 4124 10627593 1
9476 4107 10627603 1
9476 4107 10627613 1
9482 4102 10627623 1
9466 4102 10627633 1
9438 4110 10627643 1
9400 4110 10627654 1
9364 4116 10627664 1
9334 4116 10627674 1
9306 4126 10627684 1
9277 4132 10627694 1
9246 4147 10627704 1
9215 4168 10627714 1
9183 4193 10627724 1
9162 4223 10627734 1
9145 4257 10627744 1
9137 4299 10627754 1
9137 4359 10627764 1
9160 4431 10627774 1
9196 4522 10627784 1
9279 4628 10627794 1
9412 4745 10627804 1
9577 4878 10627814 1
9748 4971 10627824 1
9907 5038 10627834 1
9978 5020 10627844 1
9993 4943 10627854 1
9950 4827 10627864 1
9882 4693 10627874 1
9797 4559 10627884 1
9747 4455 10627894 1
9717 4371 10627904 1
9701 4341 10627914 1
9701 4347 10627924 1
9734 4376 10627934 1
9782 4457 10627944 1
9866 4539 10627954 1
9952 4621 10627964 1
10040 4679 10627974 1
10083 4685 10627984 1
10096 4657 10627994 1
10064 4593 10628004 1
9986 4488 10628014 1
9878 4355 10628024 1
9791 4229 10628034 1
9706 4112 10628044 1
9626 4002 10628054 1
9547 3912 10628064 1
9483 3842 10628074 1
8704 3453 10628255 0
8725 3406 10628265 1
8720 3432 10628275 1
8759 3452 10628285 1
8874 3512 10628295 1
9039 3600 10628305 1
9246 3732 10628315 1
9523 3874 10628325 1
9847 4023 10628335 1
10104 4176 10628345 1
10218 4211 10628355 1
10236 4167 10628365 1
10180 4085 10628375 1
10064 3950 10628385 1
9908 3781 10628395 1
9740 3573 10628405 1
9615 3390 10628415 1
9518 3223 10628425 1
9477 3156 10628435 1
9487 3134 10628445 1
9531 3141 10628455 1
9619 3184 10628465 1
9736 3276 10628475 1
9873 3402 10628485 1
10049 3532 10628495 1
10206 3653 10628505 1
10350 3725 10628515 1
10408 3767 10628525 1
10420 3767 10628535 1
10402 3767 10628545 1
10391 3767 10628555 1
10358 3773 10628565 1
10309 3793 10628575 1
10274 3835 10628585 1
10235 3893 10628595 1
10194 3970 10628605 1
10162 4055 10628615 1
10130 4145 10628625 1
10081 4228 10628635 1
10021 4310 10628645 1
9944 4392 10628655 1
9873 4474 10628665 1
9814 4546 10628675 1
9781 4610 10628685 1
9765 4665 10628695 1
9760 4712 10628705 1
9760 4750 10628715 1
9760 4779 10628725 1
9768 4801 10628735 1
9774 4806 10628745 1
9781 4799 10628755 1
9789 4756 10628765 1
9804 4677 10628775 1
9816 4575 10628785 1
9825 4416 10628795 1
9839 4211 10628805 1
9853 3975 10628815 1
9871 3690 10628825 1
9889 3407 10628835 1
9901 3126 10628845 1
9908 2853 10628855 1
9918 2617 10628865 1
9927 2405 10628875 1
9936 2188 10628885 1
9942 1989 10628895 1
9942 1803 10628905 1
9942 1606 10628915 1
9934 1461 10628925 1
9949 1350 10628935 1
9980 1261 10628945 1
