762
2263 7506 25664777 0
2253 7480 25664787 1
2253 7529 25664797 1
2253 7529 25664807 1
2268 7529 25664817 1
2293 7529 25664827 1
2325 7513 25664837 1
2362 7499 25664847 1
2407 7483 25664857 1
2460 7468 25664867 1
2522 7453 25664877 1
2588 7437 25664887 1
2655 7421 25664897 1
2720 7405 25664907 1
2771 7385 25664917 1
2813 7364 25664927 1
2849 7343 25664937 1
2864 7325 25664947 1
2864 7305 25664957 1
2838 7268 25664967 1
2780 7220 25664977 1
2702 7157 25664987 1
2590 7091 25664997 1
2481 7021 25665007 1
2378 6945 25665017 1
2282 6868 25665027 1
2198 6801 25665037 1
2121 6741 25665047 1
2057 6698 25665057 1
2022 6674 25665067 1
2005 6663 25665077 1
2012 6663 25665087 1
2024 6683 25665097 1
2071 6710 25665107 1
2138 6763 25665117 1
2222 6826 25665127 1
2306 6896 25665137 1
2378 6955 25665147 1
2442 6992 25665157 1
2488 7015 25665167 1
2517 7025 25665177 1
2534 7017 25665187 1
2545 6997 25665197 1
2545 6956 25665207 1
2534 6885 25665217 1
2515 6793 25665227 1
2489 6694 25665237 1
2459 6589 25665247 1
2433 6476 25665257 1
2409 6358 25665267 1
2389 6259 25665277 1
2373 6174 25665287 1
2361 6110 25665297 1
2355 6067 25665307 1
2355 6038 25665317 1
2355 6033 25665327 1
2355 6043 25665337 1
2355 6063 25665347 1
2363 6124 25665357 1
2377 6207 25665367 1
2740 6899 25665448 0
2842 6996 25665458 1
2877 7016 25665468 1
2902 7022 25665478 1
2919 7016 25665488 1
2928 7005 25665498 1
2928 6985 25665508 1
2933 6957 25665518 1
2927 6919 25665528 1
2916 6870 25665538 1
2902 6822 25665548 1
2880 6775 25665558 1
2848 6720 25665568 1
2809 6660 25665578 1
2753 6582 25665588 1
2672 6494 25665598 1
2574 6379 25665608 1
2461 6259 25665618 1
2342 6132 25665628 1
2218 6003 25665638 1
2090 5868 25665648 1
1970 5743 25665658 1
1854 5625 25665668 1
1765 5528 25665678 1
1692 5445 25665688 1
1630 5371 25665698 1
1587 5321 25665708 1
1572 5301 25665718 1
1572 5301 25665728 1
1596 5307 25665738 1
1652 5357 25665748 1
1732 5437 25665758 1
1839 5555 25665768 1
1976 5695 25665778 1
2133 5850 25665788 1
2298 6008 25665798 1
2460 6134 25665808 1
2603 6238 25665818 1
2735 6324 25665828 1
2830 6390 25665838 1
2901 6443 25665848 1
2955 6473 25665858 1
2979 6482 25665868 1
2985 6476 25665878 1
2978 6454 25665888 1
2962 6409 25665898 1
2929 6350 25665908 1
2885 6273 25665918 1
2840 6191 25665928 1
2796 6100 25665938 1
2757 5990 25665948 1
2724 5867 25665958 1
2695 5722 25665968 1
2675 5575 25665978 1
2665 5381 25665988 1
2665 5157 25665998 1
2672 4924 25666008 1
2682 4688 25666018 1
2694 4528 25666028 1
2704 4420 25666038 1
2715 4327 25666048 1
2725 4267 25666058 1
2725 4228 25666068 1
2725 4228 25666078 1
2725 4258 25666088 1
2716 4310 25666098 1
2711 4405 25666108 1
2711 4543 25666118 1
2771 5929 25666209 0
2821 6068 25666219 1
2836 6090 25666229 1
2850 6115 25666239 1
2865 6143 25666249 1
2879 6152 25666259 1
2894 6152 25666269 1
2911 6152 25666279 1
2932 6134 25666289 1
2960 6109 25666299 1
2991 6064 25666309 1
3017 6007 25666319 1
3041 5930 25666329 1
3061 5829 25666339 1
3074 5713 25666349 1
3083 5589 25666359 1
3091 5437 25666369 1
3091 5267 25666379 1
3091 5082 25666389 1
3091 4896 25666399 1
3091 4709 25666409 1
3079 4565 25666419 1
3079 4450 25666429 1
3070 4343 25666439 1
3065 4263 25666449 1
3056 4200 25666459 1
3043 4171 25666469 1
3030 4163 25666479 1
3008 4169 25666489 1
2979 4196 25666499 1
2950 4250 25666509 1
2918 4323 25666519 1
2884 4419 25666529 1
2844 4528 25666539 1
2799 4646 25666549 1
2750 4790 25666559 1
2695 4934 25666569 1
2643 5052 25666579 1
2597 5153 25666589 1
2568 5230 25666599 1
2549 5302 25666609 1
2555 5370 25666619 1
2563 5434 25666629 1
2594 5502 25666639 1
2638 5573 25666649 1
2705 5646 25666659 1
2775 5715 25666669 1
2851 5779 25666679 1
2929 5840 25666689 1
3005 5882 25666699 1
3064 5911 25666709 1
3105 5911 25666719 1
3135 5904 25666729 1
3148 5884 25666739 1
3148 5832 25666749 1
3130 5762 25666759 1
3091 5679 25666769 1
3037 5578 25666779 1
2974 5460 25666789 1
2909 5331 25666799 1
2847 5212 25666809 1
2794 5111 25666819 1
2748 5022 25666829 1
2707 4941 25666839 1
2673 4870 25666849 1
2653 4807 25666859 1
2644 4758 25666869 1
2644 4733 25666879 1
2638 4725 25666889 1
2638 4725 25666899 1
2638 4725 25666909 1
2638 4725 25666919 1
2638 4725 25666929 1
2638 4725 25666939 1
2638 4725 25666949 1
2638 4725 25666959 1
2638 4725 25666969 1
2638 4725 25666979 1
2643 4733 25666989 1
2643 4745 25666999 1
2667 4774 25667009 1
2698 4822 25667019 1
2748 4883 25667029 1
2822 4970 25667039 1
2913 5073 25667049 1
3022 5187 25667059 1
3145 5312 25667069 1
3277 5455 25667079 1
3412 5609 25667089 1
3552 5749 25667099 1
3694 5888 25667109 1
3828 6005 25667119 1
3935 6107 25667129 1
4028 6184 25667139 1
4091 6237 25667149 1
4121 6273 25667159 1
4129 6291 25667169 1
4115 6305 25667179 1
4081 6316 25667189 1
4034 6324 25667199 1
3976 6331 25667209 1
3443 7228 25667330 0
3453 7267 25667340 1
3453 7267 25667350 1
3448 7267 25667360 1
3448 7267 25667370 1
3448 7247 25667380 1
3438 7212 25667390 1
3427 7173 25667400 1
3421 7135 25667410 1
3416 7098 25667420 1
3416 7061 25667430 1
3409 7008 25667440 1
3409 6933 25667450 1
3415 6843 25667460 1
3423 6764 25667470 1
3433 6685 25667480 1
3438 6605 25667490 1
3438 6510 25667500 1
3438 6393 25667510 1
3443 6262 25667520 1
3443 6132 25667530 1
3443 6001 25667540 1
3443 5869 25667550 1
3443 5738 25667560 1
3443 5618 25667570 1
3434 5503 25667580 1
3426 5368 25667590 1
3426 5241 25667600 1
3437 5119 25667610 1
3450 5014 25667620 1
3464 4908 25667630 1
3481 4798 25667640 1
3503 4706 25667650 1
3531 4627 25667660 1
3565 4554 25667670 1
3602 4499 25667680 1
3639 4456 25667690 1
3681 4425 25667700 1
3724 4410 25667710 1
3767 4405 25667720 1
3808 4416 25667730 1
3854 4438 25667740 1
3904 4467 25667750 1
3959 4508 25667760 1
4022 4561 25667770 1
4095 4623 25667780 1
4182 4701 25667790 1
4277 4785 25667801 1
4370 4873 25667811 1
4457 4944 25667821 1
4539 5013 25667831 1
4609 5078 25667841 1
4670 5143 25667851 1
4725 5212 25667861 1
4765 5282 25667871 1
4785 5348 25667881 1
4792 5410 25667891 1
4783 5467 25667901 1
4759 5521 25667911 1
4725 5573 25667921 1
4679 5626 25667931 1
4621 5682 25667941 1
4556 5739 25667951 1
3993 6924 25668172 0
3961 6949 25668182 1
3946 6949 25668192 1
3938 6955 25668202 1
3931 6955 25668212 1
3923 6962 25668222 1
3923 6970 25668232 1
3928 6983 25668242 1
3937 7006 25668252 1
3954 7036 25668262 1
3977 7045 25668272 1
4004 7079 25668282 1
4033 7130 25668292 1
4068 7162 25668302 1
4085 7183 25668312 1
4090 7183 25668322 1
4090 7183 25668332 1
4081 7183 25668342 1
4071 7166 25668342 1
4044 7144 25668352 1
4006 7112 25668362 1
3960 7071 25668372 1
3905 7025 25668382 1
3846 6963 25668392 1
3784 6891 25668402 1
3720 6818 25668412 1
3660 6752 25668422 1
3620 6690 25668432 1
3592 6631 25668442 1
3582 6585 25668452 1
3582 6549 25668462 1
3582 6526 25668472 1
3611 6502 25668482 1
3646 6483 25668492 1
3708 6467 25668502 1
3771 6453 25668512 1
3838 6445 25668522 1
3899 6445 25668532 1
3956 6425 25668542 1
4003 6403 25668552 1
4038 6372 25668562 1
4066 6334 25668572 1
4073 6286 25668582 1
4064 6222 25668592 1
4043 6149 25668602 1
4017 6070 25668612 1
3994 5993 25668622 1
3973 5926 25668632 1
3967 5866 25668642 1
3967 5805 25668652 1
3974 5762 25668662 1
3988 5730 25668672 1
4007 5697 25668682 1
4031 5668 25668692 1
4061 5641 25668702 1
4094 5618 25668712 1
4125 5593 25668722 1
4147 5566 25668732 1
4164 5536 25668742 1
4164 5489 25668752 1
4154 5430 25668762 1
4133 5353 25668772 1
4112 5276 25668782 1
4094 5199 25668792 1
4083 5128 25668802 1
4083 5061 25668812 1
4088 5005 25668822 1
4109 4958 25668832 1
4137 4918 25668842 1
4168 4874 25668852 1
4198 4824 25668862 1
4218 4752 25668872 1
4233 4668 25668882 1
4233 4560 25668892 1
4207 4431 25668902 1
4169 4289 25668912 1
4118 4128 25668922 1
4062 3964 25668932 1
4002 3793 25668942 1
3938 3613 25668952 1
3870 3459 25668962 1
3798 3322 25668972 1
3740 3218 25668982 1
3688 3178 25668992 1
3665 3178 25669002 1
3659 3258 25669012 1
3659 3376 25669022 1
5203 6312 25669584 0
5203 6312 25669594 1
5203 6312 25669604 1
5203 6312 25669614 1
5203 6312 25669624 1
5203 6312 25669634 1
5203 6312 25669644 1
5203 6312 25669654 1
5203 6312 25669664 1
5202 6283 25669674 1
5207 6257 25669684 1
5215 6208 25669694 1
5223 6145 25669704 1
5232 6053 25669714 1
5243 5932 25669724 1
5253 5792 25669734 1
5260 5676 25669744 1
5265 5569 25669754 1
5265 5467 25669764 1
5265 5388 25669774 1
5271 5340 25669784 1
5271 5313 25669794 1
5277 5307 25669804 1
5277 5319 25669814 1
5277 5342 25669824 1
5268 5399 25669834 1
5260 5461 25669844 1
5252 5526 25669854 1
5243 5591 25669864 1
5243 5655 25669874 1
5243 5704 25669884 1
5243 5745 25669894 1
5260 5778 25669904 1
5299 5810 25669914 1
5354 5856 25669924 1
5442 5912 25669934 1
5560 5969 25669944 1
5698 6026 25669954 1
5855 6084 25669964 1
5995 6136 25669974 1
6124 6174 25669984 1
6255 6203 25669994 1
6376 6221 25670004 1
6491 6234 25670014 1
6585 6240 25670024 1
6657 6240 25670034 1
6714 6240 25670044 1
6742 6223 25670054 1
6742 6202 25670064 1
6713 6159 25670074 1
6639 6101 25670084 1
6527 6019 25670094 1
6390 5911 25670104 1
6224 5787 25670114 1
6061 5682 25670124 1
5926 5587 25670134 1
5808 5498 25670144 1
5722 5433 25670154 1
5680 5399 25670164 1
5667 5387 25670174 1
5667 5387 25670184 1
5697 5394 25670194 1
5742 5409 25670204 1
5841 5464 25670214 1
5956 5533 25670224 1
6082 5611 25670234 1
6214 5685 25670244 1
6341 5742 25670254 1
6436 5789 25670264 1
6512 5830 25670274 1
6564 5855 25670284 1
6589 5870 25670294 1
6595 5877 25670304 1
6595 5883 25670314 1
6578 5889 25670324 1
6553 5898 25670334 1
6242 6787 25670515 0
6242 6787 25670525 1
6242 6787 25670535 1
6216 6786 25670545 1
6216 6771 25670555 1
6216 6750 25670565 1
6207 6726 25670575 1
6207 6698 25670585 1
6207 6665 25670595 1
6212 6622 25670605 1
6218 6571 25670615 1
6224 6510 25670625 1
6224 6428 25670635 1
6224 6334 25670645 1
6230 6236 25670655 1
6230 6138 25670665 1
6230 6041 25670675 1
6230 5928 25670685 1
6230 5807 25670695 1
6224 5681 25670705 1
6224 5557 25670715 1
6218 5432 25670725 1
6218 5297 25670735 1
6209 5155 25670745 1
6204 5021 25670755 1
6204 4887 25670765 1
6197 4749 25670775 1
6190 4609 25670785 1
6185 4486 25670795 1
6178 4361 25670805 1
6169 4232 25670815 1
6161 4119 25670825 1
6154 4018 25670835 1
6147 3934 25670845 1
6138 3874 25670855 1
6133 3830 25670865 1
6128 3823 25670875 1
6128 3839 25670885 1
6110 3871 25670895 1
6090 3944 25670905 1
6080 4059 25670915 1
7245 6778 25671396 0
7251 6790 25671406 1
7245 6795 25671416 1
7245 6795 25671426 1
7245 6795 25671436 1
7237 6783 25671446 1
7225 6750 25671456 1
7215 6703 25671466 1
7205 6655 25671476 1
7195 6594 25671486 1
7186 6513 25671496 1
7178 6436 25671506 1
7173 6361 25671516 1
7173 6304 25671526 1
7173 6259 25671536 1
7186 6223 25671546 1
7203 6199 25671556 1
7240 6187 25671566 1
7290 6187 25671576 1
7364 6203 25671586 1
7460 6242 25671596 1
7570 6295 25671606 1
7688 6359 25671616 1
7807 6423 25671626 1
7895 6486 25671636 1
7961 6524 25671646 1
7999 6557 25671656 1
8013 6571 25671666 1
8013 6571 25671676 1
8003 6578 25671686 1
7978 6578 25671696 1
7941 6568 25671706 1
7885 6554 25671716 1
7829 6539 25671726 1
7788 6522 25671736 1
7757 6501 25671746 1
7729 6471 25671757 1
7704 6435 25671767 1
7684 6395 25671777 1
7666 6349 25671787 1
7650 6295 25671797 1
7634 6220 25671807 1
7620 6132 25671817 1
7606 6026 25671827 1
7594 5918 25671837 1
7584 5804 25671847 1
7574 5702 25671857 1
7556 5608 25671867 1
7533 5512 25671877 1
7505 5416 25671887 1
7475 5332 25671897 1
7443 5258 25671907 1
7412 5208 25671917 1
7376 5178 25671927 1
7336 5162 25671937 1
7292 5162 25671947 1
7247 5162 25671957 1
7201 5176 25671967 1
7159 5191 25671977 1
7119 5211 25671987 1
7082 5235 25671997 1
7050 5259 25672007 1
7024 5291 25672017 1
7007 5328 25672027 1
6998 5368 25672037 1
6998 5412 25672047 1
7010 5458 25672057 1
7032 5503 25672067 1
7064 5548 25672077 1
7117 5599 25672087 1
7183 5653 25672097 1
7278 5719 25672107 1
7390 5795 25672117 1
7513 5877 25672127 1
7628 5940 25672137 1
7736 5997 25672147 1
7840 6042 25672157 1
7926 6073 25672167 1
7985 6096 25672177 1
8027 6106 25672187 1
8056 6111 25672197 1
8074 6111 25672207 1
8084 6104 25672217 1
8084 6095 25672227 1
8078 6074 25672237 1
8062 6045 25672247 1
8034 6008 25672257 1
7994 5965 25672267 1
7947 5909 25672277 1
7885 5844 25672287 1
7811 5770 25672297 1
7728 5701 25672307 1
7651 5635 25672317 1
7580 5568 25672327 1
7519 5515 25672337 1
7478 5471 25672347 1
7449 5438 25672357 1
7437 5417 25672367 1
7430 5405 25672377 1
7435 5399 25672387 1
7447 5399 25672397 1
7480 5408 25672407 1
7527 5438 25672417 1
7595 5482 25672427 1
7666 5535 25672437 1
7740 5578 25672447 1
7812 5616 25672457 1
7873 5644 25672467 1
7926 5664 25672468 1
7962 5677 25672478 1
7980 5682 25672488 1
7987 5682 25672498 1
7987 5670 25672508 1
7974 5652 25672518 1
7953 5621 25672528 1
7920 5582 25672538 1
7876 5540 25672548 1
7825 5496 25672558 1
7770 5447 25672568 1
7713 5396 25672578 1
7654 5342 25672588 1
7596 5291 25672598 1
7540 5241 25672608 1
7502 5205 25672618 1
7475 5176 25672628 1
7457 5153 25672638 1
7441 5136 25672648 1
7432 5129 25672658 1
7432 5129 25672668 1
7432 5129 25672678 1
7437 5135 25672688 1
7452 5145 25672698 1
7474 5162 25672708 1
7502 5186 25672718 1
7546 5215 25672728 1
7600 5252 25672738 1
7666 5288 25672748 1
7732 5321 25672758 1
7798 5349 25672768 1
7846 5369 25672778 1
7882 5380 25672788 1
7891 5380 25672798 1
7879 5380 25672808 1
7854 5356 25672818 1
7804 5322 25672828 1
7730 5273 25672838 1
7641 5220 25672848 1
7534 5159 25672858 1
7402 5081 25672868 1
7254 4992 25672878 1
7103 4894 25672888 1
6976 4793 25672898 1
6865 4711 25672908 1
6767 4643 25672918 1
6725 4608 25672928 1
6719 4594 25672938 1
6737 4594 25672948 1
6794 4601 25672958 1
6877 4630 25672968 1
6974 4673 25672978 1
7109 4738 25672988 1
7269 4825 25672998 1
7460 4927 25673008 1
7676 5027 25673018 1
7909 5130 25673028 1
8112 5236 25673038 1
8304 5295 25673048 1
8488 5375 25673058 1
8620 5469 25673068 1
8719 5491 25673078 1
8795 5516 25673088 1
8812 5543 25673098 1
8791 5555 25673108 1
8745 5564 25673118 1
8674 5564 25673128 1
8589 5564 25673138 1
8495 5564 25673148 1
8407 5572 25673158 1
8316 5585 25673168 1
8222 5603 25673178 1
8128 5623 25673188 1
8044 5645 25673198 1
7977 5672 25673208 1
7921 5701 25673218 1
7882 5731 25673228 1
7849 5759 25673238 1
7834 5786 25673248 1
7834 5811 25673258 1
7834 5830 25673259 1
7834 5830 25673269 1
7834 5830 25673279 1
7860 5840 25673289 1
7867 5826 25673299 1
7867 5811 25673309 1
7867 5787 25673319 1
7858 5753 25673329 1
7845 5706 25673339 1
7832 5651 25673349 1
7823 5595 25673359 1
7815 5545 25673369 1
7809 5500 25673379 1
7803 5439 25673389 1
7791 5358 25673399 1
7775 5264 25673409 1
7754 5179 25673419 1
7729 5093 25673429 1
7702 5016 25673439 1
7674 4945 25673449 1
7648 4885 25673459 1
7629 4835 25673469 1
7615 4793 25673479 1
7620 4775 25673489 1
7637 4775 25673499 1
7673 4780 25673509 1
7736 4815 25673519 1
7817 4865 25673529 1
7929 4924 25673539 1
8044 4986 25673549 1
8163 5050 25673559 1
8286 5115 25673569 1
8380 5171 25673579 1
8454 5214 25673589 1
8486 5249 25673599 1
8491 5275 25673609 1
8478 5308 25673619 1
8446 5347 25673629 1
8388 5384 25673639 1
8312 5424 25673649 1
8035 5627 25673699 0
7976 5744 25673709 1
7958 5782 25673719 1
7953 5807 25673729 1
7953 5817 25673739 1
7958 5824 25673749 1
7958 5824 25673759 1
7958 5815 25673769 1
7968 5787 25673779 1
7975 5748 25673789 1
7975 5700 25673799 1
7981 5635 25673809 1
7987 5560 25673819 1
7994 5478 25673829 1
8001 5390 25673839 1
8008 5289 25673849 1
8015 5182 25673859 1
8021 5066 25673869 1
8026 4943 25673879 1
8026 4812 25673889 1
8034 4699 25673899 1
8040 4599 25673909 1
8047 4494 25673919 1
8047 4365 25673929 1
8047 4221 25673939 1
8062 4075 25673949 1
8073 3927 25673959 1
8081 3778 25673969 1
8088 3649 25673979 1
8101 3533 25673989 1
8119 3424 25673999 1
8138 3297 25674009 1
8156 3157 25674019 1
8172 3008 25674029 1
8190 2902 25674039 1
8196 2826 25674049 1
8196 2803 25674059 1
8191 2816 25674069 1
