459
3524 6174 43890080 0
3609 6092 43890090 1
3623 6128 43890100 1
3614 6101 43890110 1
3658 6069 43890120 1
3703 6037 43890130 1
3749 6007 43890140 1
3795 5973 43890150 1
3836 5949 43890160 1
3875 5932 43890170 1
3903 5917 43890180 1
3913 5904 43890190 1
3913 5893 43890200 1
3889 5860 43890210 1
3845 5824 43890220 1
3328 5557 43890350 0
3305 5511 43890360 1
3305 5511 43890370 1
3324 5494 43890380 1
3359 5488 43890390 1
3419 5488 43890400 1
3508 5515 43890410 1
3617 5557 43890420 1
3750 5610 43890430 1
3861 5661 43890440 1
3956 5710 43890450 1
4038 5752 43890460 1
4095 5786 43890470 1
4134 5800 43890480 1
4134 5800 43890490 1
4109 5800 43890500 1
3629 5631 43890581 0
3591 5554 43890591 1
3575 5518 43890601 1
3555 5486 43890611 1
3537 5387 43890621 1
3522 5288 43890631 1
3511 5193 43890641 1
3485 5118 43890651 1
3479 5054 43890661 1
3485 5013 43890671 1
3491 4996 43890681 1
3497 4996 43890691 1
3524 5022 43890701 1
3563 5089 43890711 1
3616 5184 43890721 1
3674 5277 43890731 1
3745 5363 43890741 1
3823 5435 43890751 1
3900 5475 43890761 1
3938 5494 43890771 1
3949 5475 43890781 1
3935 5417 43890791 1
3875 5333 43890801 1
3785 5223 43890811 1
3657 5108 43890821 1
3515 4963 43890831 1
3364 4801 43890841 1
3211 4659 43890851 1
3103 4567 43890861 1
3026 4508 43890871 1
3018 4498 43890881 1
3043 4515 43890891 1
3091 4551 43890901 1
3205 4623 43890911 1
3356 4717 43890921 1
3532 4825 43890931 1
3761 4957 43890941 1
3953 5087 43890951 1
4121 5173 43890961 1
4218 5230 43890971 1
4247 5230 43890981 1
4230 5213 43890991 1
4180 5178 43891001 1
4111 5119 43891011 1
4028 5069 43891021 1
3966 5026 43891031 1
3906 4982 43891041 1
3846 4940 43891051 1
3813 4903 43891061 1
3786 4870 43891071 1
3771 4821 43891081 1
3759 4754 43891091 1
3747 4675 43891101 1
3733 4570 43891111 1
3718 4405 43891121 1
3702 4199 43891131 1
3696 3981 43891141 1
3687 3801 43891151 1
3673 3646 43891161 1
3655 3521 43891171 1
3639 3397 43891181 1
3624 3274 43891191 1
3612 3179 43891201 1
3604 3103 43891211 1
3604 3048 43891221 1
3604 3026 43891231 1
3604 3026 43891241 1
3604 3038 43891251 1
3604 3115 43891261 1
3590 3237 43891271 1
3575 3403 43891281 1
3564 3572 43891291 1
3575 3742 43891301 1
3600 3927 43891311 1
3650 4103 43891322 1
3724 4272 43891332 1
3814 4463 43891342 1
3904 4613 43891352 1
3976 4735 43891362 1
4035 4807 43891372 1
4065 4834 43891382 1
4077 4834 43891392 1
4077 4813 43891402 1
4077 4764 43891412 1
4065 4693 43891422 1
4048 4594 43891432 1
4038 4465 43891442 1
4031 4317 43891452 1
4031 4157 43891462 1
4041 3999 43891472 1
4057 3846 43891482 1
4074 3697 43891492 1
4093 3584 43891502 1
4117 3467 43891512 1
4132 3347 43891522 1
4142 3220 43891532 1
4142 3114 43891542 1
4152 3023 43891552 1
4152 2957 43891562 1
4144 2914 43891572 1
4139 2887 43891582 1
4134 2887 43891592 1
4117 2897 43891602 1
4090 2922 43891612 1
4053 2984 43891622 1
4004 3072 43891632 1
3947 3177 43891642 1
3877 3311 43891652 1
3805 3450 43891662 1
3731 3592 43891672 1
3668 3735 43891682 1
3641 3878 43891692 1
3641 4001 43891702 1
3679 4110 43891712 1
3753 4215 43891722 1
3849 4319 43891732 1
3966 4389 43891742 1
4030 4438 43891752 1
4059 4408 43891762 1
4031 4298 43891772 1
3941 4136 43891782 1
3809 3948 43891792 1
3667 3758 43891802 1
3530 3568 43891812 1
3441 3443 43891822 1
3382 3385 43891832 1
3382 3372 43891842 1
3412 3380 43891852 1
3468 3446 43891862 1
3600 3550 43891872 1
3781 3692 43891882 1
3994 3873 43891892 1
4254 4081 43891902 1
4525 4272 43891912 1
4803 4459 43891922 1
4966 4571 43891932 1
5044 4635 43891942 1
5064 4662 43891952 1
5064 4684 43891962 1
5028 4702 43891972 1
4972 4718 43891982 1
4869 4718 43891992 1
4723 4718 43892002 1
4547 4724 43892012 1
4401 4787 43892022 1
4287 4891 43892032 1
4194 5053 43892042 1
4102 5216 43892052 1
4071 5381 43892062 1
4080 5449 43892072 1
4092 5459 43892082 1
4146 5430 43892092 1
4229 5337 43892102 1
4245 5155 43892112 1
4228 4913 43892122 1
4189 4576 43892132 1
4189 4202 43892142 1
4201 3803 43892152 1
4212 3519 43892162 1
4291 3354 43892172 1
4367 3269 43892182 1
4442 3186 43892192 1
4512 3140 43892202 1
4581 3119 43892212 1
4649 3130 43892222 1
4734 3178 43892232 1
4820 3250 43892242 1
4884 3353 43892252 1
4934 3447 43892262 1
4950 3536 43892272 1
4950 3664 43892282 1
4950 3852 43892292 1
4934 4080 43892302 1
4910 4350 43892312 1
4880 4643 43892322 1
4857 4952 43892332 1
4857 5186 43892342 1
4875 5333 43892352 1
4875 5422 43892362 1
4851 5433 43892372 1
4813 5378 43892382 1
4716 5278 43892392 1
4597 5128 43892402 1
4463 4956 43892412 1
4368 4770 43892422 1
4328 4660 43892432 1
4328 4568 43892442 1
4359 4489 43892452 1
4425 4450 43892462 1
4512 4438 43892472 1
4616 4443 43892482 1
4702 4423 43892492 1
4734 4364 43892502 1
4734 4278 43892512 1
4700 4160 43892522 1
4656 4031 43892532 1
4606 3894 43892542 1
4600 3766 43892552 1
4625 3664 43892562 1
4671 3580 43892572 1
4712 3504 43892582 1
4743 3432 43892592 1
4766 3362 43892602 1
4759 3253 43892612 1
4728 3151 43892622 1
4681 3054 43892632 1
4622 2923 43892642 1
4559 2775 43892652 1
5809 5022 43893745 0
5839 5005 43893755 1
5834 4983 43893765 1
5846 4943 43893775 1
5886 4862 43893785 1
5945 4778 43893795 1
5999 4691 43893805 1
6053 4615 43893815 1
6111 4548 43893825 1
6172 4486 43893835 1
6172 4439 43893845 1
6189 4401 43893855 1
6212 4369 43893865 1
6218 4349 43893875 1
6218 4339 43893885 1
6218 4339 43893895 1
6213 4339 43893905 1
6186 4361 43893915 1
6145 4397 43893925 1
6113 4462 43893935 1
6086 4544 43893945 1
6113 4638 43893955 1
6173 4750 43893965 1
6297 4868 43893975 1
6454 4989 43893985 1
6632 5074 43893995 1
6828 5130 43894005 1
6952 5167 43894015 1
7029 5146 43894025 1
7029 5074 43894035 1
6933 4967 43894045 1
6781 4796 43894055 1
6612 4638 43894065 1
6488 4490 43894075 1
6394 4369 43894086 1
6350 4311 43894096 1
6350 4296 43894106 1
6374 4296 43894116 1
6445 4329 43894126 1
6540 4378 43894136 1
6652 4438 43894146 1
6788 4506 43894156 1
6921 4579 43894166 1
7053 4640 43894176 1
7084 4659 43894186 1
7079 4650 43894196 1
7051 4637 43894206 1
6998 4619 43894216 1
6941 4593 43894226 1
6881 4584 43894236 1
6821 4584 43894246 1
6760 4597 43894256 1
6501 5667 43894376 0
6551 5776 43894386 1
6537 5808 43894396 1
6532 5839 43894406 1
6532 5821 43894416 1
6532 5762 43894426 1
6532 5676 43894436 1
6520 5519 43894446 1
6520 5296 43894456 1
6520 5028 43894466 1
6528 4723 43894476 1
6528 4453 43894486 1
6528 4206 43894496 1
6535 3945 43894506 1
6545 3679 43894516 1
6555 3465 43894526 1
6564 3288 43894536 1
6575 3117 43894546 1
6586 2973 43894556 1
6596 2848 43894566 1
6604 2745 43894576 1
6616 2702 43894586 1
6627 2702 43894596 1
6637 2743 43894606 1
7923 5958 43895438 0
7971 5970 43895448 1
7983 5980 43895458 1
8008 5985 43895468 1
8038 5966 43895478 1
8081 5924 43895488 1
8101 5866 43895498 1
8101 5805 43895508 1
8101 5757 43895518 1
8101 5719 43895528 1
8090 5698 43895538 1
8090 5693 43895548 1
8101 5700 43895558 1
8153 5742 43895568 1
8232 5823 43895578 1
8332 5929 43895588 1
8433 6017 43895598 1
8527 6081 43895608 1
8615 6128 43895618 1
8673 6152 43895628 1
8673 6140 43895638 1
8641 6103 43895648 1
8558 6036 43895658 1
8456 5950 43895668 1
8340 5852 43895678 1
8252 5773 43895688 1
8187 5716 43895698 1
8138 5673 43895708 1
8122 5650 43895718 1
8122 5650 43895728 1
8143 5658 43895738 1
8191 5682 43895748 1
8241 5707 43895758 1
8295 5733 43895768 1
8330 5733 43895778 1
8353 5704 43895788 1
8338 5651 43895798 1
8306 5555 43895808 1
8263 5426 43895818 1
8219 5276 43895828 1
8175 5128 43895838 1
8133 4999 43895848 1
8109 4882 43895858 1
8097 4798 43895868 1
8097 4736 43895878 1
8097 4688 43895888 1
8104 4656 43895898 1
8104 4639 43895908 1
8104 4632 43895918 1
8104 4632 43895928 1
8099 4652 43895938 1
8072 4680 43895948 1
8033 4717 43895958 1
7988 4758 43895968 1
7944 4802 43895978 1
7904 4834 43895988 1
7871 4866 43895998 1
7845 4900 43896008 1
7850 4959 43896018 1
7875 5032 43896028 1
7940 5127 43896038 1
8033 5227 43896048 1
8145 5330 43896058 1
8299 5435 43896068 1
8453 5500 43896078 1
8608 5539 43896088 1
8646 5507 43896098 1
8623 5428 43896108 1
8559 5318 43896118 1
8466 5203 43896128 1
8374 5093 43896138 1
8322 5027 43896148 1
8296 4988 43896158 1
8296 4976 43896168 1
8337 4984 43896178 1
8403 5006 43896188 1
8500 5039 43896198 1
8598 5069 43896208 1
8665 5089 43896218 1
8711 5076 43896228 1
8699 5043 43896238 1
8636 4976 43896248 1
8538 4875 43896258 1
8413 4752 43896268 1
8274 4645 43896278 1
7560 4094 43896399 0
7620 4070 43896409 1
7642 4094 43896419 1
7667 4140 43896429 1
7750 4188 43896439 1
7871 4273 43896449 1
8040 4384 43896459 1
8242 4505 43896469 1
8467 4623 43896479 1
8652 4697 43896489 1
8725 4742 43896499 1
8725 4729 43896509 1
8677 4669 43896519 1
8576 4579 43896529 1
8439 4438 43896539 1
8291 4262 43896549 1
8176 4062 43896559 1
8082 3921 43896569 1
8052 3848 43896579 1
8066 3821 43896589 1
8110 3821 43896599 1
8192 3869 43896609 1
8307 3942 43896619 1
8443 4040 43896629 1
8602 4147 43896639 1
8767 4260 43896649 1
8935 4355 43896659 1
9023 4403 43896669 1
9051 4421 43896679 1
9040 4421 43896689 1
9032 4421 43896699 1
9008 4426 43896709 1
8972 4438 43896719 1
8922 4472 43896729 1
8856 4528 43896739 1
8780 4600 43896749 1
8702 4689 43896759 1
8627 4797 43896769 1
8574 4917 43896779 1
8535 5035 43896789 1
8516 5139 43896799 1
8502 5234 43896809 1
8494 5313 43896819 1
8487 5356 43896829 1
8477 5374 43896839 1
8468 5362 43896849 1
8449 5284 43896859 1
8424 5163 43896869 1
8405 4975 43896879 1
8398 4720 43896889 1
8398 4420 43896899 1
8439 4043 43896909 1
8450 3642 43896919 1
8442 3226 43896929 1
8442 2835 43896939 1
8442 2503 43896949 1
8442 2210 43896959 1
8442 1933 43896969 1
8449 1695 43896979 1
