303
2457 5122 37577967 0
2457 5070 37577977 1
2457 5070 37577987 1
2457 5085 37577997 1
2472 5079 37578007 1
2509 5079 37578017 1
2561 5092 37578027 1
2651 5113 37578037 1
2763 5165 37578047 1
2890 5229 37578057 1
3034 5301 37578067 1
3179 5372 37578077 1
3321 5438 37578087 1
3437 5496 37578097 1
3539 5547 37578107 1
3616 5592 37578117 1
3672 5634 37578127 1
3714 5673 37578137 1
3728 5723 37578147 1
3721 5781 37578157 1
3700 5866 37578167 1
3657 5963 37578177 1
3594 6069 37578187 1
3518 6195 37578197 1
3430 6343 37578207 1
3342 6506 37578217 1
3254 6659 37578227 1
3192 6763 37578237 1
3154 6835 37578247 1
3131 6847 37578257 1
3131 6824 37578267 1
3136 6778 37578277 1
3153 6640 37578287 1
3179 6415 37578297 1
3209 6131 37578307 1
3242 5771 37578317 1
3276 5365 37578327 1
3307 4929 37578337 1
3332 4422 37578347 1
3352 3969 37578357 1
3359 3553 37578367 1
3351 3275 37578377 1
3334 2990 37578387 1
3299 2701 37578397 1
3259 2541 37578407 1
3215 2443 37578418 1
3183 2386 37578428 1
3158 2362 37578438 1
3145 2362 37578448 1
3125 2382 37578458 1
3099 2461 37578468 1
3068 2604 37578478 1
3038 2790 37578488 1
3013 3034 37578498 1
2994 3327 37578508 1
2983 3652 37578518 1
2983 4565 37578558 0
2996 4963 37578568 1
2996 5020 37578578 1
2991 5020 37578588 1
2991 5020 37578598 1
2972 4963 37578608 1
2950 4871 37578618 1
2913 4707 37578628 1
2855 4517 37578638 1
2783 4310 37578648 1
2695 4081 37578658 1
2591 3852 37578668 1
2475 3622 37578678 1
2380 3446 37578688 1
2304 3306 37578698 1
2241 3201 37578708 1
2210 3157 37578718 1
2202 3157 37578728 1
2716 4108 37578808 0
2967 4199 37578818 1
3036 4214 37578828 1
3084 4174 37578838 1
3175 4098 37578848 1
3284 4022 37578858 1
3404 3947 37578868 1
3525 3882 37578878 1
3628 3824 37578888 1
3720 3775 37578898 1
3776 3736 37578908 1
3814 3705 37578918 1
3839 3684 37578928 1
3855 3671 37578938 1
3868 3664 37578948 1
3878 3664 37578958 1
3890 3690 37578968 1
3903 3726 37578978 1
3918 3799 37578988 1
4091 4952 37579139 0
4127 4985 37579149 1
4122 5000 37579159 1
4099 5012 37579169 1
4134 5046 37579179 1
4217 5097 37579189 1
4332 5179 37579199 1
4482 5284 37579209 1
4665 5404 37579219 1
4870 5519 37579229 1
5050 5628 37579239 1
5240 5725 37579249 1
5436 5816 37579259 1
5605 5900 37579269 1
5750 5968 37579279 1
5879 6026 37579289 1
5951 6068 37579299 1
5998 6106 37579309 1
6028 6137 37579319 1
6035 6168 37579329 1
6026 6214 37579339 1
6006 6270 37579349 1
5609 6738 37579409 0
5451 6996 37579419 1
5380 7113 37579429 1
5334 7214 37579439 1
5302 7283 37579449 1
5289 7312 37579459 1
5289 7312 37579469 1
5289 7312 37579479 1
5323 7244 37579489 1
5358 7137 37579499 1
5398 6932 37579509 1
5438 6670 37579519 1
5478 6369 37579529 1
5513 6000 37579539 1
5545 5592 37579549 1
5574 5157 37579559 1
5599 4678 37579569 1
5621 4236 37579579 1
5613 3819 37579589 1
5613 3467 37579599 1
5624 3140 37579609 1
5629 2830 37579619 1
5629 2606 37579629 1
5618 2454 37579639 1
5600 2350 37579649 1
5575 2268 37579659 1
5546 2220 37579669 1
5514 2196 37579679 1
5471 2211 37579689 1
5421 2286 37579699 1
5356 2402 37579709 1
5279 2587 37579719 1
5195 2849 37579729 1
5122 3163 37579739 1
5053 3520 37579749 1
5002 3885 37579759 1
4962 4255 37579769 1
4938 4605 37579779 1
4932 4872 37579789 1
4937 5083 37579799 1
4947 5222 37579809 1
4957 5318 37579819 1
4964 5386 37579829 1
4964 5416 37579839 1
4969 5422 37579840 1
4969 5422 37579850 1
4977 5384 37579860 1
4969 5310 37579870 1
4953 5206 37579880 1
4918 5064 37579890 1
4867 4883 37579900 1
4806 4675 37579910 1
4723 4481 37579920 1
4634 4283 37579930 1
4540 4113 37579940 1
4460 3963 37579950 1
4400 3859 37579960 1
4354 3798 37579970 1
4328 3767 37579980 1
4323 3767 37579990 1
4331 3825 37580000 1
4627 4457 37580060 0
4892 4686 37580070 1
5012 4758 37580080 1
5133 4792 37580090 1
5257 4801 37580100 1
5388 4768 37580110 1
5527 4711 37580120 1
5674 4637 37580130 1
5829 4539 37580140 1
5958 4437 37580150 1
6070 4330 37580160 1
6183 4226 37580170 1
6289 4148 37580180 1
6389 4086 37580190 1
6465 4042 37580200 1
6529 4019 37580210 1
6584 4010 37580220 1
6630 4026 37580230 1
6676 4067 37580240 1
6722 4126 37580250 1
6767 4212 37580260 1
7143 6367 37580431 0
7231 6387 37580441 1
7135 6409 37580451 1
7100 6471 37580461 1
7106 6479 37580471 1
7142 6508 37580481 1
7244 6550 37580491 1
7389 6617 37580501 1
7569 6696 37580511 1
7775 6784 37580521 1
7999 6882 37580531 1
8194 6980 37580541 1
8400 7055 37580551 1
8613 7115 37580561 1
8802 7168 37580571 1
8963 7215 37580581 1
9104 7249 37580591 1
9197 7275 37580601 1
9248 7286 37580611 1
9271 7286 37580621 1
9265 7280 37580631 1
9211 7244 37580641 1
8535 6856 37580701 0
8253 6679 37580711 1
8123 6606 37580721 1
8034 6513 37580731 1
7970 6408 37580741 1
7947 6275 37580751 1
7958 6124 37580761 1
7991 5962 37580771 1
8042 5793 37580781 1
8096 5666 37580791 1
8156 5568 37580801 1
8206 5488 37580811 1
8249 5426 37580821 1
8285 5377 37580831 1
8323 5360 37580841 1
8361 5375 37580851 1
8900 6214 37580931 0
9175 6445 37580941 1
9246 6516 37580951 1
9275 6539 37580961 1
9315 6539 37580971 1
9358 6519 37580981 1
9384 6473 37580991 1
9398 6392 37581001 1
9364 6288 37581011 1
9279 6156 37581021 1
9161 6018 37581031 1
9016 5862 37581041 1
8840 5696 37581051 1
8642 5551 37581061 1
8454 5387 37581071 1
8248 5210 37581081 1
8031 5037 37581091 1
7816 4862 37581101 1
7602 4687 37581111 1
7396 4553 37581121 1
7195 4429 37581131 1
7030 4313 37581141 1
6908 4221 37581151 1
6815 4171 37581161 1
6784 4149 37581171 1
6800 4149 37581181 1
6848 4180 37581191 1
6960 4229 37581201 1
7152 4327 37581211 1
7396 4444 37581221 1
7703 4573 37581231 1
8057 4697 37581241 1
8442 4830 37581251 1
8850 4970 37581261 1
9225 5076 37581262 1
9577 5155 37581272 1
9879 5217 37581282 1
10111 5255 37581292 1
10296 5282 37581302 1
10442 5301 37581312 1
10528 5318 37581322 1
10575 5324 37581332 1
10569 5324 37581342 1
10522 5342 37581352 1
10447 5364 37581362 1
10334 5389 37581372 1
10199 5420 37581382 1
8537 6819 37581532 0
8537 6819 37581542 1
8537 6819 37581552 1
8544 6711 37581562 1
8569 6573 37581572 1
8594 6392 37581582 1
8620 6141 37581592 1
8646 5844 37581602 1
8670 5531 37581612 1
8693 5139 37581622 1
8698 4694 37581632 1
8690 4263 37581642 1
8672 3791 37581652 1
8654 3292 37581662 1
8634 2718 37581672 1
8613 2290 37581682 1
8594 1960 37581692 1
8580 1583 37581702 1
8552 1342 37581712 1
8513 1192 37581722 1
8484 1071 37581732 1
