319
2604 4865 37595232 0
2604 4865 37595242 1
2604 4865 37595252 1
2604 4865 37595262 1
2604 4865 37595272 1
2618 4893 37595282 1
2640 4904 37595292 1
2682 4919 37595302 1
2736 4938 37595312 1
2813 4959 37595322 1
2926 4994 37595332 1
3064 5038 37595342 1
3249 5102 37595352 1
3437 5174 37595362 1
3630 5251 37595372 1
3792 5324 37595382 1
3935 5395 37595392 1
4027 5446 37595402 1
4083 5484 37595412 1
4115 5514 37595422 1
4129 5552 37595432 1
4129 5615 37595442 1
4129 5694 37595452 1
4108 5780 37595462 1
4066 5877 37595472 1
4010 5981 37595482 1
3941 6083 37595492 1
3869 6197 37595502 1
3794 6318 37595512 1
3724 6462 37595522 1
3659 6606 37595532 1
3618 6737 37595542 1
3592 6860 37595552 1
3577 6962 37595562 1
3565 7014 37595572 1
3560 7032 37595582 1
3560 7032 37595592 1
3567 6980 37595602 1
3585 6892 37595612 1
3611 6695 37595622 1
3630 6424 37595632 1
3643 6105 37595642 1
3652 5703 37595652 1
3661 5300 37595662 1
3672 4842 37595672 1
3684 4348 37595682 1
3727 3923 37595692 1
3757 3573 37595702 1
3777 3272 37595712 1
3796 2985 37595722 1
3805 2752 37595732 1
3805 2555 37595742 1
3805 2445 37595752 1
3789 2363 37595762 1
3771 2299 37595772 1
3757 2264 37595782 1
3743 2253 37595792 1
3729 2258 37595802 1
3698 2301 37595812 1
3658 2403 37595822 1
3614 2544 37595832 1
3573 2755 37595842 1
3536 3013 37595852 1
3505 3303 37595862 1
3379 4319 37595903 0
3323 4637 37595913 1
3302 4715 37595923 1
3285 4740 37595933 1
3271 4740 37595943 1
3261 4729 37595953 1
3235 4655 37595963 1
3200 4531 37595973 1
3141 4375 37595983 1
3061 4184 37595993 1
2966 3995 37596003 1
2877 3808 37596013 1
2791 3633 37596023 1
2728 3516 37596033 1
2679 3437 37596043 1
2661 3397 37596053 1
2669 3397 37596063 1
2693 3418 37596073 1
3196 4073 37596143 0
3475 4239 37596153 1
3593 4306 37596163 1
3709 4319 37596173 1
3817 4297 37596183 1
3920 4268 37596193 1
4029 4236 37596203 1
4139 4196 37596213 1
4231 4153 37596223 1
4310 4107 37596233 1
4366 4061 37596243 1
4406 4025 37596253 1
4435 3996 37596263 1
4435 3996 37596273 1
4471 3968 37596283 1
4478 3968 37596293 1
4478 3968 37596303 1
4486 4007 37596313 1
4494 4064 37596323 1
4502 4142 37596333 1
4634 5322 37596474 0
4634 5322 37596484 1
4634 5322 37596494 1
4634 5322 37596504 1
4634 5322 37596514 1
4702 5345 37596524 1
4810 5376 37596534 1
4922 5426 37596544 1
5057 5489 37596554 1
5207 5555 37596564 1
5373 5623 37596574 1
5542 5692 37596584 1
5719 5763 37596584 1
5903 5835 37596594 1
6054 5909 37596604 1
6182 5968 37596614 1
6292 6022 37596624 1
6361 6066 37596634 1
6403 6106 37596644 1
6415 6147 37596654 1
6405 6188 37596664 1
6380 6228 37596674 1
6331 6320 37596684 1
6258 6401 37596694 1
6168 6474 37596704 1
6077 6565 37596714 1
5988 6668 37596724 1
5905 6778 37596734 1
5824 6913 37596744 1
5747 7045 37596754 1
5685 7176 37596764 1
5633 7282 37596774 1
5601 7344 37596784 1
5575 7377 37596794 1
5567 7377 37596804 1
5567 7372 37596814 1
5590 7248 37596824 1
5611 7047 37596834 1
5632 6727 37596844 1
5662 6362 37596854 1
5692 5967 37596864 1
5722 5501 37596874 1
5735 5023 37596884 1
5735 4538 37596894 1
5720 4152 37596904 1
5696 3784 37596914 1
5668 3427 37596924 1
5638 3160 37596934 1
5622 2957 37596944 1
5615 2797 37596954 1
5615 2693 37596964 1
5615 2634 37596974 1
5620 2606 37596984 1
5620 2606 37596994 1
5620 2619 37597004 1
5604 2651 37597014 1
5580 2754 37597024 1
5555 2915 37597034 1
5528 3114 37597044 1
5503 3363 37597054 1
5469 3636 37597064 1
5320 4456 37597105 0
5197 4832 37597115 1
5140 4945 37597125 1
5101 5008 37597135 1
5073 5038 37597145 1
5062 5052 37597155 1
5056 5052 37597165 1
5048 5034 37597175 1
5036 4949 37597185 1
5006 4801 37597195 1
4957 4612 37597205 1
4894 4415 37597215 1
4811 4211 37597225 1
4711 4003 37597235 1
4599 3819 37597245 1
4507 3671 37597255 1
4419 3546 37597265 1
4359 3468 37597275 1
4316 3438 37597285 1
4305 3438 37597295 1
4315 3481 37597305 1
5013 4819 37597395 0
5353 4951 37597405 1
5455 4967 37597415 1
5560 4940 37597425 1
5666 4866 37597435 1
5798 4760 37597445 1
5924 4631 37597455 1
6047 4499 37597465 1
6187 4357 37597475 1
6341 4210 37597485 1
6503 4069 37597495 1
6669 3961 37597505 1
6840 3870 37597515 1
6984 3800 37597525 1
7107 3747 37597535 1
7221 3705 37597545 1
7314 3679 37597555 1
7393 3662 37597565 1
7438 3651 37597575 1
7463 3646 37597585 1
7474 3646 37597595 1
7474 3646 37597605 1
7461 3666 37597615 1
7563 6455 37597906 0
7606 6485 37597916 1
7595 6556 37597926 1
7614 6595 37597936 1
7650 6614 37597946 1
7758 6674 37597956 1
7927 6756 37597966 1
8137 6853 37597976 1
8388 6967 37597986 1
8631 7061 37597996 1
8868 7141 37598006 1
9060 7197 37598016 1
9218 7241 37598026 1
9354 7277 37598036 1
9491 7306 37598046 1
9602 7332 37598056 1
9695 7341 37598066 1
9751 7341 37598076 1
9765 7333 37598086 1
9752 7306 37598096 1
8836 6866 37598166 0
8529 6744 37598176 1
8421 6684 37598186 1
8331 6622 37598196 1
8272 6551 37598206 1
8245 6447 37598216 1
8240 6322 37598226 1
8264 6187 37598236 1
8306 6053 37598246 1
8361 5924 37598256 1
8420 5798 37598266 1
8478 5710 37598276 1
8536 5637 37598286 1
8590 5575 37598296 1
8639 5534 37598306 1
8685 5514 37598316 1
8740 5509 37598326 1
9545 6268 37598406 0
9777 6468 37598416 1
9831 6501 37598426 1
9831 6507 37598436 1
9831 6495 37598446 1
9810 6449 37598456 1
9778 6349 37598466 1
9700 6214 37598476 1
9569 6058 37598486 1
9403 5870 37598496 1
9186 5661 37598506 1
8948 5464 37598516 1
8697 5250 37598526 1
8451 5025 37598536 1
8211 4812 37598546 1
7976 4637 37598556 1
7755 4487 37598566 1
7574 4356 37598576 1
7419 4250 37598586 1
7298 4162 37598596 1
7240 4127 37598606 1
7224 4127 37598616 1
7266 4156 37598626 1
7380 4232 37598636 1
7541 4330 37598646 1
7757 4443 37598656 1
8024 4555 37598666 1
8324 4672 37598676 1
8653 4792 37598686 1
8999 4916 37598696 1
9355 5015 37598706 1
9699 5098 37598716 1
10031 5142 37598726 1
10274 5185 37598736 1
10461 5204 37598746 1
10623 5204 37598756 1
10735 5204 37598766 1
10813 5204 37598776 1
10857 5204 37598786 1
10869 5210 37598796 1
10860 5215 37598806 1
10829 5234 37598816 1
10770 5260 37598826 1
10692 5292 37598836 1
8925 6850 37599007 0
8922 6920 37599017 1
8887 6946 37599027 1
8887 6952 37599037 1
8887 6947 37599047 1
8887 6942 37599057 1
8892 6911 37599067 1
8892 6862 37599077 1
8892 6775 37599087 1
8881 6641 37599097 1
8867 6475 37599107 1
8852 6326 37599117 1
8852 6129 37599127 1
8852 5900 37599137 1
8861 5658 37599147 1
8868 5416 37599157 1
8868 5109 37599167 1
8868 4758 37599177 1
8868 4434 37599187 1
8868 4062 37599197 1
8868 3658 37599207 1
8863 3328 37599217 1
8863 2967 37599227 1
8863 2585 37599237 1
8863 2269 37599247 1
8863 1976 37599257 1
8875 1699 37599267 1
8895 1470 37599277 1
8920 1284 37599287 1
8954 1126 37599297 1
8995 986 37599307 1
