262
2270 5681 295251 0
2360 5702 295261 1
2427 5720 295271 1
2511 5742 295281 1
2607 5767 295291 1
2734 5810 295301 1
2861 5861 295311 1
3008 5917 295321 1
3167 5973 295331 1
3307 6029 295341 1
3419 6083 295351 1
3512 6135 295361 1
3582 6173 295371 1
3624 6202 295381 1
3646 6216 295391 1
2817 7132 295581 0
2832 7166 295591 1
2822 7166 295601 1
2822 7166 295611 1
2822 7121 295621 1
2822 7021 295631 1
2822 6885 295641 1
2842 6719 295651 1
2868 6504 295661 1
2895 6256 295671 1
2922 5982 295681 1
2955 5694 295691 1
2991 5397 295701 1
3032 5075 295711 1
3075 4784 295721 1
3119 4515 295731 1
3162 4241 295741 1
3195 4005 295751 1
3221 3794 295761 1
3233 3662 295771 1
3233 3600 295781 1
3223 3586 295791 1
2781 5550 295942 0
2787 5605 295952 1
2778 5605 295962 1
2773 5585 295972 1
2757 5545 295982 1
2733 5443 295992 1
2703 5305 296002 1
2656 5142 296012 1
2598 5008 296022 1
2535 4874 296032 1
2472 4760 296042 1
2408 4659 296052 1
2353 4593 296062 1
2316 4552 296072 1
2290 4528 296082 1
2826 5484 296222 0
2826 5484 296232 1
2826 5484 296242 1
2861 5484 296252 1
2881 5476 296262 1
2910 5468 296272 1
2958 5451 296282 1
3017 5425 296292 1
3094 5374 296302 1
3172 5309 296312 1
3254 5238 296322 1
3337 5170 296332 1
3416 5109 296342 1
3494 5052 296352 1
3581 4996 296362 1
3671 4954 296372 1
3768 4921 296382 1
3846 4890 296392 1
3755 5831 296713 0
3798 5868 296723 1
3825 5887 296733 1
3858 5925 296743 1
3939 5977 296753 1
4059 6039 296763 1
4204 6106 296773 1
4361 6177 296783 1
4522 6269 296793 1
4687 6374 296803 1
4853 6487 296813 1
4975 6584 296823 1
5069 6661 296833 1
5139 6726 296843 1
4493 7081 296953 0
4459 7122 296963 1
4434 7137 296973 1
4422 7152 296983 1
4422 7152 296993 1
4417 7145 297003 1
4417 7126 297013 1
4435 7050 297023 1
4459 6937 297033 1
4489 6768 297043 1
4522 6566 297053 1
4548 6341 297063 1
4571 6093 297073 1
4602 5844 297083 1
4635 5623 297093 1
4668 5421 297103 1
4699 5178 297113 1
4720 4938 297123 1
4735 4701 297133 1
4752 4497 297143 1
4766 4283 297153 1
4780 4062 297163 1
4797 3918 297173 1
4815 3827 297183 1
4825 3772 297193 1
4831 3772 297203 1
4831 3783 297213 1
4305 5802 297374 0
4293 5852 297384 1
4272 5867 297394 1
4272 5867 297404 1
4266 5860 297414 1
4266 5860 297424 1
4266 5824 297434 1
4266 5764 297444 1
4254 5641 297444 1
4239 5484 297454 1
4208 5304 297464 1
4159 5140 297474 1
4098 5003 297484 1
4038 4884 297494 1
3979 4798 297504 1
3923 4736 297514 1
3876 4690 297524 1
4488 5960 297654 0
4626 6014 297664 1
4640 6014 297674 1
4640 6004 297684 1
4662 5979 297694 1
4692 5939 297704 1
4740 5894 297714 1
4798 5838 297724 1
4859 5780 297734 1
4924 5723 297744 1
4996 5665 297754 1
5087 5597 297764 1
5191 5525 297774 1
5301 5452 297784 1
5411 5370 297794 1
5522 5292 297804 1
5639 5242 297814 1
5769 5210 297824 1
5906 5179 297834 1
6047 5164 297844 1
6199 5164 297854 1
6358 5152 297864 1
6494 5152 297874 1
6616 5164 297884 1
6704 6967 298295 0
6723 6937 298305 1
6732 6937 298315 1
6732 6937 298325 1
6769 6946 298335 1
6822 6967 298345 1
6901 6999 298355 1
7009 7053 298365 1
7137 7119 298375 1
7310 7194 298385 1
7483 7265 298395 1
7639 7328 298405 1
7783 7386 298415 1
7907 7432 298425 1
7992 7476 298435 1
8052 7505 298445 1
8090 7526 298455 1
8100 7526 298465 1
8092 7526 298475 1
6966 6472 298636 0
6966 6501 298646 1
6954 6513 298656 1
6937 6537 298666 1
6937 6537 298676 1
6937 6537 298686 1
6982 6491 298696 1
7022 6444 298706 1
7073 6366 298716 1
7130 6287 298726 1
7191 6214 298736 1
7253 6146 298746 1
7320 6090 298756 1
7386 6031 298766 1
7935 6678 298876 0
7994 6725 298886 1
7994 6725 298896 1
7994 6725 298906 1
7980 6711 298916 1
7934 6696 298926 1
7860 6646 298936 1
7768 6564 298946 1
7668 6461 298956 1
7560 6310 298966 1
7446 6159 298976 1
7321 6009 298986 1
7199 5860 298996 1
7085 5716 299006 1
6992 5596 299016 1
6912 5493 299026 1
6839 5397 299036 1
6783 5328 299046 1
6739 5276 299056 1
6739 5276 299066 1
6739 5276 299076 1
6769 5276 299086 1
6815 5297 299096 1
6925 5345 299106 1
7070 5411 299116 1
7238 5485 299126 1
7435 5555 299136 1
7635 5619 299146 1
7838 5692 299156 1
8057 5770 299166 1
8273 5856 299176 1
8487 5939 299186 1
8649 6020 299196 1
8774 6069 299206 1
8863 6100 299216 1
8904 6119 299226 1
8913 6119 299236 1
8892 6131 299246 1
7421 7066 299507 0
7388 7116 299517 1
7378 7122 299527 1
7378 7122 299537 1
7378 7122 299547 1
7378 7108 299557 1
7387 7088 299567 1
7407 7025 299577 1
7432 6926 299587 1
7459 6804 299597 1
7486 6679 299607 1
7502 6511 299617 1
7511 6314 299627 1
7521 6113 299637 1
7533 5907 299647 1
7539 5692 299657 1
7539 5476 299667 1
7539 5260 299677 1
7544 5042 299687 1
7544 4824 299697 1
7544 4604 299707 1
7544 4376 299717 1
7532 4142 299727 1
7524 3907 299737 1
7518 3697 299747 1
7518 3504 299757 1
7518 3329 299767 1
7518 3175 299777 1
7532 3034 299787 1
7552 2903 299797 1
7580 2782 299807 1
7613 2669 299817 1
7648 2557 299827 1
7677 2470 299837 1
7701 2401 299847 1
7720 2328 299857 1
7730 2292 299867 1
7730 2280 299877 1
7736 2280 299887 1
