333
2273 5186 71249371 0
2218 5229 71249381 1
2211 5218 71249391 1
2203 5218 71249401 1
2223 5212 71249411 1
2249 5203 71249421 1
2297 5193 71249431 1
2357 5184 71249441 1
2435 5184 71249451 1
2536 5196 71249461 1
2653 5216 71249471 1
2768 5247 71249481 1
2874 5286 71249491 1
2974 5341 71249501 1
3081 5408 71249511 1
3172 5482 71249521 1
3253 5545 71249531 1
3297 5605 71249541 1
3317 5660 71249551 1
3317 5724 71249561 1
3303 5793 71249571 1
3269 5891 71249581 1
3223 6008 71249591 1
3174 6139 71249601 1
3123 6278 71249611 1
3070 6427 71249621 1
3039 6584 71249631 1
3009 6698 71249641 1
2983 6769 71249651 1
2959 6812 71249661 1
2936 6830 71249671 1
2909 6830 71249681 1
2880 6825 71249691 1
2856 6791 71249701 1
2833 6726 71249711 1
2817 6641 71249721 1
2809 6512 71249731 1
2809 6346 71249741 1
2819 6156 71249751 1
2832 5941 71249761 1
2847 5706 71249771 1
2862 5457 71249781 1
2877 5173 71249791 1
2895 4884 71249801 1
2917 4587 71249811 1
2945 4288 71249821 1
2972 3980 71249831 1
2998 3665 71249841 1
3018 3451 71249851 1
3029 3235 71249861 1
3034 3070 71249871 1
3034 2939 71249881 1
3034 2863 71249891 1
3029 2832 71249901 1
3029 2832 71249911 1
3017 2862 71249921 1
2998 2964 71249931 1
2971 3114 71249941 1
2941 3327 71249951 1
2908 3556 71249961 1
2870 3795 71249971 1
2833 4043 71249981 1
2797 4287 71249991 1
2764 4525 71250001 1
2739 4694 71250011 1
2722 4817 71250021 1
2710 4883 71250031 1
2698 4906 71250041 1
2684 4901 71250051 1
2658 4878 71250061 1
2626 4818 71250071 1
2589 4734 71250081 1
2543 4626 71250091 1
2491 4488 71250101 1
2436 4329 71250111 1
2378 4169 71250121 1
2317 4021 71250131 1
2247 3880 71250141 1
2179 3742 71250151 1
2117 3656 71250161 1
2059 3606 71250171 1
2016 3573 71250181 1
1984 3561 71250191 1
1969 3561 71250201 1
2682 4821 71250322 0
2790 4859 71250332 1
2843 4859 71250342 1
2901 4822 71250352 1
2966 4770 71250362 1
3047 4703 71250372 1
3139 4635 71250382 1
3240 4564 71250392 1
3341 4494 71250402 1
3442 4436 71250412 1
3549 4386 71250422 1
3657 4353 71250432 1
3767 4333 71250442 1
3852 4322 71250452 1
3920 4322 71250462 1
3977 4333 71250472 1
3554 5507 71250783 0
3554 5507 71250793 1
3554 5507 71250803 1
3585 5527 71250813 1
3615 5540 71250823 1
3670 5559 71250833 1
3742 5583 71250843 1
3825 5611 71250853 1
3923 5649 71250863 1
4026 5693 71250873 1
4145 5745 71250883 1
4272 5814 71250893 1
4388 5894 71250903 1
4503 5987 71250913 1
4616 6080 71250923 1
4729 6172 71250933 1
4808 6251 71250943 1
4865 6327 71250953 1
4889 6387 71250963 1
4889 6438 71250973 1
4863 6495 71250983 1
4822 6552 71250993 1
4764 6608 71251003 1
4695 6665 71251013 1
4629 6726 71251023 1
4565 6790 71251033 1
4506 6854 71251043 1
4452 6916 71251053 1
4404 6978 71251063 1
4366 7016 71251073 1
4339 7035 71251083 1
4321 7041 71251093 1
4311 7041 71251103 1
4306 7012 71251113 1
4306 6972 71251123 1
4306 6906 71251133 1
4306 6823 71251143 1
4322 6730 71251153 1
4339 6624 71251163 1
4360 6477 71251173 1
4385 6304 71251183 1
4414 6127 71251193 1
4448 5947 71251203 1
4486 5764 71251213 1
4524 5600 71251223 1
4561 5449 71251233 1
4594 5248 71251243 1
4626 5041 71251253 1
4652 4831 71251263 1
4677 4634 71251273 1
4702 4451 71251283 1
4725 4278 71251293 1
4748 4104 71251303 1
4763 3954 71251313 1
4773 3821 71251323 1
4773 3712 71251333 1
4767 3646 71251343 1
4758 3610 71251353 1
4745 3595 71251363 1
4719 3595 71251373 1
4683 3611 71251383 1
4632 3645 71251393 1
4572 3704 71251403 1
4506 3780 71251413 1
4438 3879 71251423 1
4373 3987 71251433 1
4317 4100 71251443 1
4265 4208 71251453 1
4217 4319 71251463 1
4162 4428 71251464 1
4104 4536 71251474 1
4050 4631 71251484 1
3999 4725 71251494 1
3956 4827 71251504 1
3934 4935 71251514 1
3926 5031 71251524 1
3943 5122 71251534 1
3963 5202 71251544 1
3990 5273 71251554 1
4017 5324 71251564 1
4034 5362 71251574 1
4045 5371 71251584 1
4045 5361 71251594 1
4045 5338 71251604 1
4033 5269 71251614 1
4006 5156 71251624 1
3964 5013 71251634 1
3913 4855 71251644 1
3855 4696 71251654 1
3798 4560 71251664 1
3741 4439 71251674 1
3688 4319 71251684 1
3642 4238 71251694 1
3617 4184 71251704 1
3602 4155 71251714 1
3602 4155 71251724 1
3607 4165 71251734 1
3616 4217 71251744 1
3653 4320 71251754 1
3708 4456 71251764 1
3778 4594 71251774 1
3851 4738 71251784 1
3933 4885 71251794 1
4014 5004 71251804 1
4094 5100 71251814 1
4172 5180 71251824 1
4238 5238 71251834 1
4295 5291 71251844 1
4346 5335 71251854 1
4394 5373 71251864 1
4441 5405 71251874 1
4488 5427 71251884 1
4540 5440 71251894 1
4602 5446 71251904 1
4671 5436 71251914 1
4756 5416 71251924 1
4850 5375 71251934 1
4941 5329 71251944 1
5037 5271 71251954 1
5143 5207 71251964 1
5251 5138 71251974 1
5355 5077 71251984 1
5450 5020 71251994 1
5542 4979 71252004 1
5637 4962 71252014 1
5735 4962 71252024 1
5841 4985 71252034 1
5934 5034 71252044 1
6351 6394 71252715 0
6373 6476 71252725 1
6395 6500 71252735 1
6420 6541 71252745 1
6491 6581 71252755 1
6589 6619 71252765 1
6704 6661 71252775 1
6850 6705 71252785 1
6978 6749 71252795 1
7093 6805 71252805 1
7234 6870 71252815 1
7388 6957 71252825 1
7551 7041 71252835 1
7700 7118 71252845 1
7829 7188 71252855 1
7944 7237 71252865 1
8001 7273 71252875 1
6846 6660 71253016 0
6745 6553 71253026 1
6698 6585 71253036 1
6675 6579 71253046 1
6668 6568 71253056 1
6680 6538 71253066 1
6707 6497 71253076 1
6743 6425 71253086 1
6782 6330 71253096 1
6816 6221 71253106 1
6847 6122 71253116 1
6873 6033 71253126 1
6900 5951 71253136 1
6929 5882 71253146 1
6964 5840 71253156 1
7004 5816 71253166 1
7466 6555 71253296 0
7466 6555 71253306 1
7466 6555 71253316 1
7466 6555 71253326 1
7466 6555 71253336 1
7508 6537 71253346 1
7541 6549 71253356 1
7591 6578 71253366 1
7652 6618 71253366 1
7724 6655 71253376 1
7796 6686 71253386 1
7848 6686 71253396 1
7886 6671 71253406 1
7905 6630 71253416 1
7889 6543 71253426 1
7849 6426 71253436 1
7778 6275 71253446 1
7693 6118 71253456 1
7598 5942 71253466 1
7504 5756 71253476 1
7405 5602 71253486 1
7302 5435 71253496 1
7190 5259 71253506 1
7083 5101 71253516 1
6985 4956 71253526 1
6892 4819 71253536 1
6801 4703 71253546 1
6716 4609 71253556 1
6645 4531 71253566 1
6583 4453 71253576 1
6533 4389 71253586 1
6500 4334 71253596 1
6478 4306 71253606 1
6478 4293 71253616 1
6478 4293 71253626 1
6487 4293 71253636 1
6520 4316 71253646 1
6567 4355 71253657 1
6654 4425 71253667 1
6783 4509 71253677 1
6939 4603 71253687 1
7092 4703 71253697 1
7272 4824 71253707 1
7470 4958 71253717 1
7654 5080 71253727 1
7838 5202 71253737 1
8020 5325 71253747 1
8185 5452 71253757 1
8341 5555 71253767 1
8486 5643 71253777 1
8595 5707 71253787 1
8679 5751 71253797 1
8731 5783 71253807 1
7535 6318 71254027 0
7558 6185 71254037 1
7575 6081 71254047 1
7595 5904 71254057 1
7606 5699 71254067 1
7611 5475 71254077 1
7621 5218 71254087 1
7632 4938 71254097 1
7647 4644 71254107 1
7661 4347 71254117 1
7672 3998 71254127 1
7682 3615 71254137 1
7694 3334 71254147 1
7710 3051 71254157 1
7734 2766 71254167 1
7762 2547 71254177 1
7789 2392 71254187 1
7816 2281 71254197 1
7844 2183 71254207 1
