381
1390 5797 73924617 0
1415 5766 73924627 1
1400 5773 73924637 1
1410 5773 73924647 1
1454 5782 73924657 1
1509 5794 73924667 1
1574 5812 73924677 1
1654 5829 73924687 1
1739 5854 73924697 1
1845 5885 73924707 1
1963 5924 73924717 1
2128 5965 73924727 1
2294 6007 73924737 1
2461 6023 73924747 1
2625 6077 73924757 1
2788 6157 73924767 1
2939 6235 73924777 1
3085 6314 73924787 1
3222 6394 73924797 1
3319 6463 73924807 1
3389 6509 73924817 1
3418 6540 73924827 1
3418 6563 73924837 1
3399 6587 73924847 1
3359 6614 73924857 1
3294 6643 73924867 1
3211 6675 73924877 1
3107 6723 73924887 1
2925 6875 73924918 0
2813 7110 73924928 1
2775 7208 73924938 1
2756 7300 73924948 1
2748 7376 73924958 1
2738 7443 73924968 1
2730 7501 73924978 1
2724 7545 73924988 1
2716 7579 73924998 1
2708 7604 73925008 1
2708 7613 73925018 1
2708 7613 73925028 1
2703 7606 73925038 1
2703 7576 73925048 1
2703 7529 73925058 1
2690 7470 73925068 1
2682 7397 73925078 1
2673 7314 73925088 1
2664 7229 73925098 1
2664 7122 73925108 1
2657 7000 73925118 1
2657 6836 73925128 1
2663 6681 73925138 1
2673 6533 73925148 1
2686 6338 73925158 1
2693 6106 73925168 1
2693 5849 73925178 1
2706 5620 73925188 1
2715 5392 73925198 1
2726 5165 73925208 1
2737 4921 73925218 1
2747 4689 73925228 1
2762 4464 73925238 1
2773 4236 73925248 1
2784 3996 73925258 1
2796 3748 73925268 1
2815 3533 73925278 1
2830 3363 73925288 1
2839 3223 73925298 1
2848 3141 73925308 1
2848 3112 73925318 1
2848 3118 73925328 1
2824 3165 73925338 1
2800 3281 73925348 1
2775 3442 73925358 1
2898 6054 73925489 0
2909 6104 73925499 1
2889 6125 73925509 1
2859 6125 73925519 1
2831 6119 73925529 1
2804 6103 73925539 1
2769 6083 73925549 1
2728 6017 73925559 1
2670 5922 73925569 1
2593 5782 73925579 1
2504 5622 73925589 1
2413 5449 73925599 1
2322 5239 73925609 1
2231 5028 73925619 1
2135 4814 73925629 1
2036 4598 73925639 1
1944 4434 73925649 1
1857 4280 73925659 1
1782 4134 73925669 1
1725 4029 73925679 1
1679 3967 73925689 1
1653 3934 73925699 1
1639 3934 73925709 1
1633 3981 73925719 1
2310 5373 73925839 0
2429 5441 73925849 1
2469 5441 73925859 1
2523 5424 73925869 1
2592 5388 73925879 1
2671 5339 73925889 1
2757 5271 73925899 1
2843 5190 73925909 1
2930 5125 73925919 1
3017 5060 73925929 1
3098 5009 73925939 1
3176 4968 73925949 1
3235 4935 73925959 1
3275 4916 73925969 1
3302 4907 73925979 1
3302 4907 73925989 1
3356 5554 73926130 0
3311 5523 73926140 1
3291 5523 73926150 1
3285 5534 73926160 1
3285 5534 73926170 1
3318 5559 73926180 1
3386 5605 73926190 1
3480 5655 73926200 1
3625 5727 73926210 1
3794 5815 73926220 1
3980 5924 73926230 1
4174 6030 73926240 1
4354 6134 73926250 1
4524 6229 73926260 1
4691 6322 73926270 1
4831 6410 73926280 1
4952 6492 73926290 1
5049 6562 73926300 1
5133 6622 73926310 1
5209 6676 73926320 1
5275 6726 73926330 1
5314 6771 73926340 1
5336 6808 73926350 1
5328 6840 73926360 1
5296 6873 73926370 1
5248 6909 73926380 1
5176 6943 73926390 1
4663 7304 73926480 0
4641 7401 73926490 1
4621 7420 73926500 1
4613 7441 73926510 1
4606 7454 73926520 1
4606 7454 73926530 1
4606 7454 73926540 1
4600 7454 73926550 1
4594 7419 73926560 1
4586 7365 73926570 1
4577 7297 73926580 1
4577 7211 73926590 1
4572 7097 73926600 1
4572 6965 73926610 1
4581 6804 73926620 1
4589 6632 73926630 1
4589 6452 73926640 1
4589 6220 73926650 1
4579 5938 73926660 1
4563 5624 73926670 1
4544 5311 73926680 1
4544 4987 73926690 1
4551 4655 73926700 1
4572 4425 73926710 1
4602 4198 73926720 1
4625 3972 73926730 1
4649 3754 73926740 1
4667 3575 73926750 1
4679 3423 73926760 1
4691 3294 73926770 1
4691 3198 73926780 1
4679 3125 73926790 1
4679 3119 73926800 1
4669 3141 73926810 1
4641 3181 73926820 1
4601 3282 73926830 1
4551 3412 73926840 1
4501 3562 73926851 1
4445 3704 73926861 1
4386 3842 73926871 1
4330 3973 73926881 1
4552 6294 73927031 0
4539 6254 73927041 1
4519 6286 73927051 1
4495 6269 73927061 1
4477 6249 73927071 1
4451 6221 73927081 1
4419 6166 73927091 1
4373 6093 73927101 1
4317 5992 73927111 1
4253 5854 73927121 1
4179 5691 73927131 1
4093 5520 73927141 1
3999 5307 73927151 1
3905 5067 73927161 1
3812 4824 73927171 1
3710 4598 73927181 1
3600 4384 73927191 1
3493 4159 73927201 1
3388 3964 73927211 1
3298 3790 73927221 1
3217 3670 73927231 1
3148 3598 73927241 1
3083 3559 73927251 1
3036 3549 73927261 1
3000 3584 73927271 1
2987 3649 73927281 1
3000 3773 73927291 1
3858 5453 73927411 0
4070 5591 73927421 1
4158 5641 73927431 1
4244 5665 73927441 1
4323 5674 73927451 1
4397 5679 73927461 1
4477 5667 73927471 1
4557 5644 73927481 1
4650 5621 73927491 1
4752 5593 73927501 1
4845 5546 73927511 1
4940 5489 73927521 1
5038 5377 73927531 1
5156 5303 73927541 1
5287 5254 73927551 1
5427 5189 73927561 1
5571 5130 73927571 1
5738 5074 73927581 1
5918 5018 73927591 1
6071 4964 73927601 1
6233 4911 73927611 1
6402 4859 73927621 1
6553 4817 73927631 1
6704 4781 73927641 1
6854 4754 73927651 1
6981 4740 73927661 1
7097 4735 73927671 1
7264 6428 73927992 0
7201 6388 73928002 1
7191 6396 73928012 1
7200 6404 73928022 1
7237 6427 73928032 1
7292 6459 73928042 1
7393 6506 73928052 1
7551 6569 73928062 1
7748 6643 73928072 1
7962 6707 73928082 1
8159 6757 73928092 1
8350 6799 73928102 1
8541 6831 73928112 1
8691 6860 73928122 1
8813 6879 73928132 1
8916 6892 73928142 1
8974 6899 73928152 1
9007 6904 73928162 1
9024 6909 73928172 1
9014 6909 73928182 1
8967 6916 73928192 1
8101 6669 73928303 0
8053 6607 73928313 1
8044 6607 73928323 1
8044 6581 73928333 1
8029 6545 73928343 1
8012 6499 73928353 1
7992 6427 73928363 1
7969 6339 73928373 1
7946 6234 73928383 1
7924 6109 73928393 1
7903 5971 73928403 1
7884 5810 73928413 1
7867 5669 73928423 1
7848 5541 73928433 1
7821 5394 73928443 1
7790 5246 73928453 1
7771 5123 73928463 1
7753 5017 73928473 1
7738 4931 73928483 1
7727 4879 73928493 1
7727 4849 73928503 1
7722 4849 73928513 1
7722 4878 73928523 1
7732 4932 73928533 1
8851 6324 73928693 0
8851 6324 73928703 1
8851 6324 73928713 1
8865 6299 73928723 1
8846 6275 73928733 1
8824 6245 73928743 1
8791 6208 73928753 1
8742 6155 73928763 1
8683 6092 73928773 1
8605 6008 73928783 1
8492 5895 73928793 1
8356 5763 73928803 1
8178 5629 73928813 1
6579 4609 73928894 0
6291 4421 73928904 1
6193 4392 73928914 1
6145 4376 73928924 1
6129 4376 73928934 1
6129 4385 73928954 1
6129 4385 73928964 1
6184 4406 73928974 1
6255 4444 73928984 1
6362 4494 73928994 1
6491 4556 73929004 1
6634 4626 73929014 1
6810 4687 73929024 1
6990 4748 73929034 1
7179 4818 73929044 1
7398 4895 73929054 1
7636 4956 73929064 1
7884 5013 73929074 1
8105 5068 73929084 1
8308 5125 73929094 1
8521 5162 73929104 1
8733 5228 73929114 1
8945 5285 73929124 1
9123 5326 73929134 1
9297 5374 73929144 1
9468 5420 73929154 1
9614 5453 73929164 1
9735 5478 73929174 1
9840 5495 73929184 1
9919 5507 73929194 1
9965 5516 73929204 1
9989 5525 73929214 1
9975 5530 73929224 1
9930 5545 73929234 1
8214 6239 73929484 0
8224 6264 73929494 1
8214 6280 73929504 1
8214 6280 73929514 1
8203 6263 73929524 1
8194 6245 73929534 1
8186 6218 73929544 1
8179 6183 73929554 1
8179 6139 73929564 1
8170 6087 73929574 1
8163 6010 73929584 1
8158 5919 73929594 1
8150 5803 73929604 1
8138 5694 73929614 1
8123 5591 73929624 1
8105 5465 73929634 1
8087 5333 73929644 1
8071 5205 73929654 1
8058 5082 73929664 1
8046 4957 73929674 1
8032 4837 73929684 1
8022 4720 73929694 1
8014 4616 73929704 1
8006 4507 73929714 1
8006 4389 73929724 1
7998 4266 73929734 1
7992 4154 73929744 1
7987 4048 73929754 1
7981 3942 73929764 1
7975 3839 73929774 1
7975 3739 73929784 1
7975 3653 73929794 1
7975 3566 73929805 1
7975 3479 73929815 1
7975 3379 73929825 1
7970 3275 73929835 1
7965 3162 73929845 1
7959 3062 73929855 1
7959 2971 73929865 1
7959 2878 73929875 1
7952 2782 73929885 1
7952 2680 73929895 1
7952 2581 73929905 1
7944 2487 73929915 1
7935 2384 73929925 1
7925 2280 73929935 1
7914 2167 73929945 1
7902 2047 73929955 1
7888 1939 73929965 1
7877 1846 73929975 1
7870 1764 73929985 1
7863 1684 73929995 1
7854 1628 73930005 1
7854 1587 73930015 1
