432
1086 5548 73907413 0
1053 5454 73907423 1
1035 5480 73907433 1
1017 5480 73907443 1
1011 5452 73907453 1
1011 5447 73907463 1
1016 5441 73907473 1
1033 5433 73907483 1
1068 5428 73907493 1
1115 5435 73907503 1
1184 5450 73907513 1
1289 5479 73907523 1
1419 5534 73907533 1
1617 5607 73907543 1
1818 5684 73907553 1
2027 5768 73907563 1
2248 5857 73907573 1
2476 5953 73907583 1
2683 6043 73907593 1
2833 6120 73907603 1
2945 6190 73907613 1
3032 6255 73907623 1
3082 6315 73907633 1
3106 6370 73907643 1
3074 6425 73907653 1
3014 6484 73907663 1
2935 6541 73907673 1
2841 6604 73907683 1
2737 6670 73907693 1
2625 6744 73907703 1
2533 6839 73907713 1
2473 6949 73907723 1
2435 7046 73907733 1
2410 7109 73907743 1
2388 7150 73907753 1
2372 7181 73907763 1
2363 7197 73907773 1
2357 7202 73907783 1
2357 7202 73907793 1
2357 7176 73907803 1
2345 7136 73907813 1
2331 7048 73907823 1
2321 6936 73907833 1
2313 6808 73907843 1
2313 6689 73907853 1
2313 6565 73907863 1
2325 6417 73907873 1
2336 6255 73907883 1
2336 6075 73907893 1
2336 5866 73907903 1
2313 5639 73907913 1
2279 5419 73907923 1
2238 5148 73907933 1
2204 4843 73907943 1
2176 4549 73907953 1
2160 4237 73907963 1
2153 3913 73907973 1
2153 3612 73907983 1
2145 3349 73907993 1
2140 3112 73908003 1
2140 2870 73908013 1
2140 2677 73908023 1
2140 2518 73908033 1
2140 2412 73908043 1
2135 2336 73908053 1
2130 2280 73908063 1
2130 2267 73908073 1
2130 2288 73908083 1
2122 2332 73908093 1
2108 2444 73908103 1
2090 2586 73908113 1
2073 2748 73908123 1
2050 2932 73908133 1
2022 3134 73908143 1
2175 5552 73908264 0
2211 5622 73908274 1
2202 5622 73908284 1
2202 5634 73908294 1
2195 5634 73908304 1
2185 5612 73908314 1
2172 5585 73908324 1
2153 5547 73908334 1
2124 5486 73908344 1
2087 5411 73908354 1
2042 5308 73908364 1
1991 5202 73908374 1
1936 5069 73908384 1
1873 4920 73908394 1
1800 4733 73908404 1
1721 4549 73908414 1
1623 4366 73908424 1
1507 4146 73908434 1
1378 3927 73908444 1
1256 3709 73908454 1
1137 3544 73908464 1
1025 3406 73908474 1
936 3286 73908484 1
862 3198 73908494 1
812 3168 73908504 1
783 3177 73908514 1
768 3242 73908524 1
1465 4608 73908644 0
1592 4663 73908654 1
1628 4670 73908664 1
1653 4670 73908674 1
1683 4664 73908684 1
1716 4659 73908694 1
1754 4651 73908704 1
1796 4636 73908714 1
1858 4614 73908724 1
1932 4575 73908734 1
2032 4527 73908744 1
2137 4473 73908754 1
2249 4419 73908764 1
2359 4373 73908774 1
2468 4334 73908784 1
2582 4313 73908794 1
2697 4297 73908804 1
2786 4284 73908814 1
2857 4292 73908824 1
2914 4319 73908834 1
2949 4360 73908844 1
2970 4414 73908854 1
3056 5163 73909015 0
2985 5158 73909025 1
2950 5158 73909035 1
2926 5158 73909045 1
2917 5158 73909055 1
2917 5158 73909065 1
2925 5165 73909075 1
2960 5186 73909085 1
3013 5221 73909095 1
3100 5266 73909105 1
3220 5326 73909115 1
3361 5402 73909125 1
3522 5489 73909135 1
3692 5572 73909145 1
3867 5651 73909155 1
4015 5720 73909165 1
4151 5782 73909175 1
4280 5843 73909185 1
4377 5904 73909195 1
4459 5961 73909205 1
4532 6010 73909215 1
4585 6053 73909225 1
4615 6085 73909235 1
4629 6110 73909245 1
4614 6128 73909255 1
4589 6142 73909265 1
4556 6151 73909275 1
4526 6161 73909285 1
4497 6169 73909295 1
4470 6185 73909305 1
4444 6205 73909315 1
4419 6231 73909325 1
4395 6263 73909335 1
3896 6941 73909516 0
3896 6941 73909526 1
3861 6917 73909536 1
3849 6891 73909546 1
3841 6852 73909556 1
3841 6810 73909566 1
3841 6766 73909576 1
3841 6705 73909586 1
3841 6624 73909596 1
3832 6529 73909606 1
3823 6399 73909616 1
3816 6264 73909626 1
3816 6117 73909636 1
3816 5944 73909646 1
3822 5754 73909656 1
3822 5581 73909666 1
3816 5373 73909676 1
3803 5143 73909686 1
3789 4894 73909696 1
3774 4646 73909706 1
3774 4399 73909716 1
3774 4144 73909726 1
3784 3888 73909736 1
3801 3631 73909746 1
3821 3411 73909756 1
3831 3214 73909766 1
3836 3033 73909776 1
3836 2896 73909786 1
3836 2797 73909796 1
3824 2724 73909806 1
3811 2685 73909816 1
3798 2685 73909826 1
3774 2704 73909836 1
3742 2772 73909846 1
3712 2878 73909856 1
3688 3009 73909866 1
3751 5477 73909986 0
3769 5560 73909996 1
3757 5578 73910006 1
3757 5593 73910016 1
3735 5587 73910026 1
3707 5548 73910036 1
3669 5487 73910046 1
3624 5399 73910056 1
3575 5286 73910066 1
3518 5157 73910076 1
3451 4991 73910086 1
3377 4799 73910096 1
3300 4590 73910106 1
3221 4391 73910116 1
3141 4192 73910126 1
3051 3994 73910136 1
2961 3804 73910146 1
2870 3633 73910156 1
2778 3477 73910166 1
2686 3356 73910176 1
2595 3268 73910186 1
2527 3203 73910196 1
2474 3197 73910206 1
2432 3243 73910216 1
2416 3324 73910226 1
3510 5029 73910367 0
3646 5043 73910377 1
3673 5043 73910387 1
3699 5020 73910397 1
3728 4989 73910407 1
3761 4955 73910417 1
3795 4920 73910427 1
3829 4882 73910437 1
3864 4842 73910447 1
3900 4798 73910457 1
3937 4751 73910467 1
3979 4703 73910477 1
4024 4655 73910487 1
4075 4605 73910497 1
4135 4556 73910507 1
4203 4507 73910517 1
4276 4459 73910527 1
4351 4403 73910537 1
4430 4347 73910547 1
4514 4291 73910557 1
4608 4235 73910567 1
4713 4187 73910577 1
4822 4145 73910587 1
4930 4102 73910597 1
5037 4068 73910607 1
5156 4039 73910617 1
5280 4013 73910627 1
5399 3993 73910637 1
5513 3977 73910647 1
5624 3963 73910657 1
5734 3953 73910667 1
5843 3947 73910677 1
5917 3947 73910687 1
5968 3947 73910697 1
5999 3954 73910707 1
6374 5768 73911158 0
6374 5768 73911168 1
6379 5801 73911178 1
6379 5806 73911188 1
6384 5811 73911198 1
6384 5811 73911208 1
6384 5811 73911218 1
6384 5811 73911228 1
6384 5804 73911238 1
6384 5795 73911248 1
6390 5785 73911258 1
6390 5776 73911268 1
6395 5771 73911278 1
6395 5771 73911288 1
6401 5771 73911298 1
6401 5771 73911308 1
6401 5771 73911318 1
6401 5771 73911328 1
6401 5771 73911338 1
6401 5771 73911348 1
6406 5771 73911358 1
6413 5776 73911368 1
6428 5785 73911378 1
6452 5799 73911388 1
6502 5828 73911398 1
6569 5866 73911408 1
6670 5914 73911418 1
6797 5966 73911428 1
6942 6020 73911438 1
7079 6062 73911448 1
7221 6123 73911458 1
7368 6174 73911468 1
7511 6212 73911478 1
7631 6250 73911488 1
7737 6287 73911498 1
7828 6312 73911508 1
7889 6330 73911518 1
7929 6337 73911528 1
7944 6337 73911538 1
7944 6343 73911548 1
7944 6343 73911558 1
7926 6350 73911568 1
7885 6356 73911578 1
7827 6351 73911588 1
7761 6339 73911598 1
7160 5999 73911689 0
7106 5885 73911699 1
7078 5827 73911709 1
7059 5761 73911719 1
7040 5674 73911729 1
7015 5575 73911739 1
6985 5440 73911749 1
6944 5280 73911759 1
6896 5104 73911769 1
6842 4936 73911779 1
6789 4765 73911789 1
6743 4630 73911799 1
6715 4520 73911809 1
6697 4446 73911819 1
6692 4402 73911829 1
6692 4379 73911839 1
6698 4387 73911849 1
6734 4443 73911859 1
7996 5781 73911989 0
8065 5803 73911999 1
8083 5803 73912009 1
8096 5803 73912019 1
8102 5798 73912029 1
8102 5792 73912039 1
8102 5781 73912049 1
8107 5761 73912059 1
8100 5731 73912069 1
8087 5693 73912079 1
8058 5647 73912089 1
8011 5572 73912099 1
7953 5479 73912109 1
7865 5412 73912119 1
7754 5304 73912129 1
7628 5169 73912139 1
7513 5054 73912149 1
7413 4952 73912159 1
5532 4157 73912360 0
5401 4110 73912370 1
5357 4090 73912380 1
5334 4074 73912390 1
5327 4074 73912400 1
5327 4074 73912410 1
5349 4074 73912420 1
5372 4082 73912430 1
5428 4097 73912440 1
5504 4127 73912450 1
5606 4162 73912460 1
5749 4201 73912470 1
5920 4253 73912480 1
6105 4306 73912490 1
6317 4360 73912500 1
6546 4396 73912510 1
6775 4431 73912520 1
7001 4464 73912530 1
7225 4501 73912540 1
7469 4536 73912550 1
7706 4570 73912560 1
7937 4597 73912570 1
8139 4621 73912580 1
8345 4646 73912590 1
8547 4670 73912600 1
8743 4696 73912610 1
8937 4722 73912620 1
9080 4746 73912630 1
9189 4768 73912640 1
9267 4777 73912650 1
9306 4777 73912660 1
9319 4777 73912670 1
9298 4768 73912680 1
9252 4768 73912690 1
9188 4768 73912700 1
9109 4785 73912710 1
7249 5783 73912921 0
7242 5831 73912931 1
7242 5839 73912941 1
7242 5839 73912951 1
7249 5839 73912961 1
7261 5827 73912971 1
7274 5809 73912981 1
7287 5782 73912991 1
7296 5748 73913001 1
7303 5708 73913011 1
7311 5663 73913021 1
7318 5615 73913031 1
7326 5565 73913041 1
7331 5500 73913051 1
7331 5426 73913061 1
7331 5335 73913071 1
7331 5243 73913081 1
7331 5150 73913091 1
7321 5056 73913101 1
7314 4962 73913111 1
7309 4869 73913121 1
7309 4770 73913131 1
7309 4683 73913141 1
7303 4603 73913151 1
7298 4518 73913161 1
7291 4430 73913171 1
7282 4337 73913181 1
7270 4240 73913191 1
7255 4149 73913201 1
7237 4061 73913211 1
7219 3973 73913221 1
7201 3885 73913231 1
7182 3797 73913241 1
7168 3708 73913251 1
7156 3623 73913261 1
7147 3540 73913271 1
7138 3452 73913281 1
7127 3363 73913291 1
7122 3270 73913301 1
7122 3182 73913311 1
7115 3096 73913321 1
7115 3008 73913331 1
7109 2920 73913341 1
7109 2832 73913351 1
7109 2743 73913361 1
7109 2657 73913371 1
7109 2576 73913381 1
7109 2498 73913391 1
7102 2411 73913401 1
7102 2323 73913411 1
7095 2221 73913421 1
7095 2110 73913431 1
7085 1999 73913441 1
7085 1887 73913451 1
7079 1769 73913461 1
7071 1644 73913471 1
7059 1514 73913481 1
7043 1379 73913491 1
7026 1228 73913501 1
7010 1067 73913511 1
6987 915 73913521 1
6959 770 73913531 1
6936 630 73913541 1
