301
2476 5149 26242173 0
2463 5083 26242183 1
2443 5106 26242193 1
2443 5106 26242203 1
2449 5106 26242213 1
2475 5106 26242223 1
2523 5113 26242234 1
2586 5123 26242244 1
2689 5152 26242254 1
2794 5197 26242264 1
2916 5252 26242274 1
3049 5319 26242284 1
3193 5388 26242294 1
3309 5458 26242304 1
3407 5511 26242314 1
3477 5544 26242324 1
3513 5563 26242334 1
3527 5563 26242344 1
3527 5563 26242354 1
3509 5568 26242364 1
2939 6380 26242474 0
2942 6526 26242484 1
2915 6593 26242494 1
2889 6622 26242504 1
2889 6622 26242514 1
2902 6598 26242524 1
2924 6502 26242534 1
2941 6361 26242544 1
2954 6188 26242554 1
2973 5973 26242564 1
2996 5731 26242574 1
3027 5479 26242584 1
3063 5165 26242594 1
3100 4811 26242604 1
3136 4443 26242614 1
3168 4090 26242624 1
3196 3747 26242634 1
3220 3474 26242644 1
3234 3188 26242654 1
3240 2893 26242664 1
3232 2650 26242674 1
3217 2489 26242684 1
3198 2383 26242694 1
3179 2309 26242704 1
3158 2262 26242714 1
3140 2233 26242724 1
3123 2221 26242734 1
3110 2221 26242744 1
3081 2237 26242754 1
3040 2299 26242764 1
2993 2406 26242774 1
2948 2543 26242784 1
2907 2748 26242794 1
2872 2989 26242804 1
2842 3254 26242814 1
2815 3528 26242824 1
2789 3797 26242834 1
2789 3797 26242854 0
2725 4395 26242864 1
2715 4474 26242874 1
2709 4493 26242884 1
2709 4493 26242894 1
2709 4493 26242904 1
2709 4446 26242914 1
2694 4373 26242924 1
2665 4211 26242934 1
2624 4043 26242944 1
2572 3871 26242954 1
2507 3680 26242964 1
2434 3513 26242974 1
2358 3362 26242984 1
2285 3214 26242994 1
2213 3108 26243004 1
2156 3029 26243014 1
2126 3005 26243024 1
2113 3014 26243034 1
2113 3046 26243044 1
2693 4283 26243135 0
2904 4286 26243145 1
2893 4241 26243155 1
2970 4157 26243165 1
3083 4026 26243175 1
3219 3892 26243185 1
3346 3752 26243195 1
3455 3648 26243205 1
3552 3568 26243215 1
3632 3510 26243225 1
3691 3477 26243235 1
3737 3461 26243245 1
3757 3461 26243255 1
3771 3461 26243265 1
3782 3476 26243275 1
3796 3509 26243285 1
3807 3565 26243295 1
3616 4770 26243415 0
3709 4746 26243425 1
3726 4763 26243435 1
3720 4802 26243445 1
3817 4849 26243455 1
3947 4915 26243465 1
4099 4994 26243475 1
4269 5094 26243485 1
4433 5190 26243495 1
4592 5281 26243505 1
4761 5370 26243515 1
4917 5457 26243525 1
5046 5523 26243535 1
5162 5577 26243545 1
5242 5618 26243555 1
5279 5639 26243565 1
5287 5647 26243575 1
5272 5661 26243585 1
5236 5681 26243595 1
5186 5705 26243605 1
5108 5714 26243615 1
5021 5723 26243625 1
4928 5732 26243635 1
4852 5777 26243645 1
4796 5846 26243655 1
4753 5962 26243665 1
4721 6093 26243675 1
4683 6234 26243685 1
4640 6385 26243695 1
4599 6525 26243705 1
4558 6658 26243715 1
4538 6751 26243725 1
4532 6798 26243735 1
4532 6815 26243745 1
4532 6805 26243755 1
4564 6738 26243765 1
4605 6634 26243775 1
4650 6437 26243785 1
4695 6192 26243795 1
4741 5915 26243806 1
4786 5624 26243816 1
4828 5304 26243826 1
4869 4964 26243836 1
4918 4605 26243846 1
4969 4244 26243856 1
5022 3882 26243866 1
5075 3562 26243876 1
5113 3267 26243886 1
5142 2989 26243896 1
5153 2737 26243906 1
5147 2528 26243916 1
5129 2347 26243926 1
5104 2191 26243936 1
5071 2060 26243946 1
5032 1946 26243956 1
4992 1881 26243966 1
4954 1848 26243976 1
4918 1836 26243986 1
4882 1849 26243996 1
4820 1926 26244006 1
4740 2047 26244016 1
4649 2247 26244026 1
4560 2493 26244036 1
4474 2771 26244046 1
4388 3082 26244056 1
4303 5059 26244176 0
4337 5005 26244186 1
4313 5005 26244196 1
4305 5029 26244206 1
4305 4987 26244216 1
4310 4900 26244226 1
4296 4782 26244236 1
4272 4641 26244246 1
4227 4474 26244256 1
4167 4290 26244266 1
4097 4096 26244276 1
4021 3905 26244286 1
3941 3715 26244296 1
3858 3567 26244306 1
3784 3449 26244316 1
3715 3359 26244326 1
3677 3318 26244336 1
3657 3310 26244346 1
3657 3323 26244356 1
3676 3400 26244366 1
4128 4662 26244427 0
4475 4890 26244437 1
4571 4926 26244447 1
4622 4909 26244457 1
4701 4856 26244467 1
4800 4744 26244477 1
4911 4606 26244487 1
5047 4451 26244497 1
5221 4265 26244507 1
5421 4094 26244517 1
5633 3932 26244527 1
5840 3768 26244537 1
6044 3639 26244547 1
6224 3534 26244557 1
6385 3454 26244567 1
6533 3397 26244577 1
6645 3356 26244587 1
6726 3332 26244597 1
6785 3319 26244607 1
6813 3313 26244617 1
6813 3313 26244627 1
6805 3313 26244637 1
6904 6560 26244947 0
6842 6502 26244957 1
6803 6594 26244967 1
6756 6623 26244977 1
6756 6610 26244987 1
6817 6604 26244997 1
6912 6604 26245007 1
7057 6625 26245017 1
7276 6666 26245027 1
7543 6727 26245037 1
7811 6800 26245047 1
8040 6880 26245057 1
8243 6966 26245067 1
8432 7046 26245077 1
8572 7102 26245087 1
8679 7145 26245097 1
8746 7171 26245107 1
8768 7179 26245117 1
8761 7174 26245127 1
7402 6511 26245228 0
7305 6322 26245238 1
7280 6311 26245248 1
7298 6226 26245258 1
7343 6091 26245268 1
7412 5935 26245278 1
7496 5777 26245288 1
7577 5619 26245298 1
7650 5482 26245308 1
7717 5360 26245318 1
7769 5247 26245328 1
7810 5166 26245338 1
7844 5113 26245348 1
7876 5078 26245358 1
8360 6137 26245458 0
8525 6220 26245468 1
8517 6265 26245478 1
8457 6265 26245488 1
8464 6221 26245498 1
8474 6150 26245508 1
8434 6024 26245518 1
8359 5877 26245528 1
8237 5717 26245538 1
8095 5567 26245548 1
7939 5401 26245558 1
7733 5203 26245568 1
7516 4990 26245578 1
7291 4764 26245588 1
7067 4588 26245598 1
6864 4446 26245608 1
6674 4312 26245618 1
6514 4221 26245628 1
6392 4160 26245638 1
6294 4138 26245648 1
6253 4138 26245658 1
6259 4151 26245668 1
6295 4203 26245678 1
6409 4301 26245688 1
6592 4431 26245698 1
6821 4547 26245708 1
7095 4661 26245718 1
7431 4773 26245728 1
7809 4889 26245738 1
8202 5008 26245748 1
8588 5094 26245758 1
8969 5158 26245768 1
9254 5207 26245778 1
9510 5241 26245788 1
9746 5258 26245798 1
9928 5263 26245808 1
10051 5263 26245818 1
10135 5263 26245828 1
10174 5263 26245838 1
10174 5263 26245848 1
10157 5263 26245858 1
10105 5286 26245868 1
7992 6600 26246039 0
7898 6612 26246049 1
7833 6649 26246059 1
7807 6705 26246069 1
7786 6705 26246079 1
7786 6697 26246089 1
7791 6646 26246099 1
7799 6566 26246109 1
7808 6419 26246119 1
7817 6231 26246129 1
7830 6015 26246139 1
7841 5732 26246149 1
7865 5448 26246159 1
7897 5071 26246169 1
7926 4633 26246179 1
7952 4230 26246189 1
7976 3793 26246199 1
8017 3333 26246209 1
8058 2891 26246219 1
8088 2449 26246229 1
8109 2029 26246239 1
8136 1625 26246249 1
8153 1308 26246259 1
8162 1036 26246269 1
8185 795 26246279 1
