292
2631 4932 37502118 0
2669 4898 37502128 1
2694 4912 37502138 1
2714 4921 37502148 1
2785 4921 37502158 1
2887 4933 37502168 1
3010 4959 37502178 1
3177 4995 37502188 1
3348 5029 37502198 1
3539 5097 37502208 1
3743 5189 37502218 1
3908 5263 37502228 1
4061 5336 37502238 1
4207 5405 37502248 1
4323 5470 37502258 1
4409 5528 37502268 1
4474 5582 37502278 1
4515 5636 37502288 1
4531 5705 37502298 1
4531 5784 37502308 1
4505 5905 37502318 1
4454 6044 37502328 1
4385 6196 37502338 1
4290 6369 37502348 1
4184 6558 37502358 1
4071 6757 37502368 1
3984 6940 37502378 1
3921 7076 37502388 1
3873 7182 37502398 1
3845 7244 37502408 1
3822 7280 37502418 1
3811 7298 37502428 1
3811 7298 37502438 1
3811 7290 37502448 1
3811 7211 37502458 1
3818 7086 37502468 1
3818 6883 37502478 1
3818 6676 37502488 1
3825 6395 37502498 1
3825 6068 37502508 1
3825 5676 37502518 1
3825 5252 37502528 1
3818 4807 37502538 1
3818 4406 37502548 1
3813 4032 37502558 1
3813 3676 37502568 1
3807 3404 37502578 1
3786 3156 37502588 1
3767 2924 37502598 1
3736 2751 37502608 1
3697 2648 37502618 1
3661 2591 37502628 1
3627 2575 37502638 1
3592 2586 37502648 1
3543 2616 37502658 1
3485 2720 37502668 1
3435 2881 37502678 1
3388 3081 37502688 1
3356 3339 37502698 1
3334 3600 37502708 1
3321 3863 37502718 1
3313 4106 37502728 1
3313 4327 37502738 1
3327 4534 37502748 1
3341 4681 37502758 1
3355 4784 37502768 1
3363 4859 37502778 1
3363 4872 37502788 1
3363 4861 37502798 1
3363 4833 37502808 1
3340 4713 37502818 1
3307 4563 37502828 1
3244 4393 37502838 1
3152 4197 37502848 1
3040 4005 37502858 1
2921 3817 37502868 1
2808 3645 37502878 1
2709 3524 37502888 1
2620 3438 37502898 1
2580 3401 37502908 1
2571 3406 37502918 1
2583 3440 37502928 1
3236 4434 37502999 0
3508 4542 37503009 1
3590 4568 37503019 1
3676 4539 37503029 1
3767 4473 37503039 1
3861 4399 37503049 1
3955 4320 37503059 1
4057 4247 37503069 1
4147 4179 37503079 1
4230 4123 37503089 1
4287 4078 37503099 1
4333 4041 37503109 1
4371 4016 37503119 1
4396 4004 37503129 1
4416 4004 37503139 1
4432 4010 37503149 1
4456 4065 37503159 1
4896 5748 37503310 0
4985 5738 37503320 1
4973 5754 37503330 1
4996 5749 37503340 1
5079 5782 37503350 1
5203 5840 37503360 1
5372 5931 37503370 1
5538 6015 37503380 1
5703 6095 37503390 1
5853 6202 37503400 1
5966 6282 37503410 1
6054 6343 37503420 1
6145 6411 37503430 1
6219 6479 37503440 1
5849 7145 37503530 0
5713 7210 37503540 1
5643 7210 37503550 1
5568 7210 37503560 1
5538 7216 37503570 1
5514 7176 37503580 1
5507 7053 37503590 1
5507 6874 37503600 1
5532 6669 37503610 1
5559 6398 37503620 1
5592 6084 37503630 1
5626 5709 37503640 1
5658 5344 37503650 1
5687 4986 37503660 1
5715 4626 37503670 1
5738 4283 37503680 1
5755 3951 37503690 1
5767 3658 37503700 1
5733 3392 37503710 1
5696 3144 37503720 1
5657 2918 37503730 1
5607 2752 37503740 1
5551 2625 37503750 1
5491 2561 37503760 1
5430 2534 37503770 1
5369 2534 37503780 1
5307 2593 37503790 1
5245 2753 37503800 1
5184 2980 37503810 1
5140 3277 37503820 1
5114 3650 37503830 1
5100 4073 37503840 1
5094 4502 37503850 1
5094 4838 37503860 1
5094 5111 37503870 1
5094 5270 37503880 1
5106 5378 37503890 1
5106 5451 37503900 1
5106 5463 37503910 1
5106 5443 37503920 1
5095 5403 37503930 1
5077 5235 37503940 1
5025 5039 37503950 1
4949 4825 37503960 1
4858 4591 37503970 1
4758 4398 37503980 1
4660 4232 37503990 1
4608 4129 37504000 1
4586 4093 37504010 1
4586 4103 37504020 1
4619 4149 37504030 1
4666 4277 37504040 1
4750 4461 37504050 1
4838 4654 37504060 1
4935 4821 37504070 1
5041 4972 37504080 1
5167 5035 37504090 1
5305 5050 37504100 1
5441 5032 37504110 1
5580 4971 37504120 1
5743 4861 37504130 1
5921 4719 37504140 1
6079 4568 37504150 1
6249 4414 37504160 1
6428 4284 37504170 1
6589 4171 37504180 1
6735 4094 37504190 1
6870 4056 37504200 1
6972 4044 37504210 1
7064 4079 37504220 1
7150 4147 37504230 1
7223 4238 37504240 1
7787 6757 37504461 0
7764 6706 37504471 1
7725 6717 37504481 1
7745 6749 37504491 1
7812 6755 37504501 1
7911 6777 37504511 1
8019 6811 37504521 1
8173 6865 37504531 1
8357 6933 37504541 1
8583 7010 37504551 1
8822 7110 37504561 1
9069 7189 37504571 1
9279 7254 37504581 1
9485 7311 37504591 1
9687 7364 37504601 1
9817 7395 37504611 1
9881 7414 37504621 1
9900 7409 37504631 1
9874 7375 37504641 1
8126 6570 37504752 0
7978 6324 37504762 1
7947 6256 37504772 1
7947 6238 37504782 1
7994 6105 37504792 1
8062 5970 37504802 1
8143 5830 37504812 1
8233 5726 37504822 1
8318 5647 37504832 1
8400 5588 37504842 1
8472 5549 37504852 1
8538 5523 37504862 1
8599 5528 37504872 1
8676 5580 37504882 1
8881 5795 37504912 0
9098 6135 37504922 1
9188 6253 37504932 1
9273 6323 37504942 1
9351 6362 37504952 1
9425 6372 37504962 1
9474 6354 37504972 1
9495 6317 37504982 1
9495 6244 37504992 1
9440 6130 37505002 1
9332 5989 37505012 1
9188 5817 37505022 1
9007 5644 37505032 1
8782 5470 37505042 1
8528 5271 37505052 1
8263 5083 37505062 1
7999 4903 37505072 1
7740 4715 37505082 1
7494 4563 37505092 1
7285 4434 37505102 1
7095 4320 37505112 1
6984 4254 37505122 1
6944 4221 37505132 1
6951 4226 37505142 1
7021 4276 37505152 1
7169 4356 37505162 1
7368 4460 37505172 1
7628 4571 37505182 1
7944 4688 37505192 1
8298 4819 37505202 1
8692 4946 37505212 1
9087 5039 37505222 1
9407 5110 37505232 1
9676 5144 37505242 1
9880 5156 37505252 1
10015 5156 37505262 1
10104 5145 37505272 1
10152 5135 37505282 1
10172 5124 37505283 1
10172 5124 37505293 1
10172 5124 37505303 1
10106 5151 37505313 1
8595 6850 37505483 0
8551 6929 37505493 1
8506 6960 37505503 1
8480 6990 37505513 1
8467 6996 37505523 1
8462 6991 37505533 1
8453 6918 37505543 1
8437 6803 37505553 1
8417 6668 37505563 1
8396 6480 37505573 1
8379 6258 37505583 1
8371 6005 37505593 1
8371 5749 37505603 1
8384 5491 37505613 1
8394 5186 37505623 1
8402 4854 37505633 1
8402 4504 37505643 1
8397 4151 37505653 1
8383 3785 37505663 1
8358 3410 37505673 1
8336 3036 37505683 1
8315 2666 37505693 1
8292 2299 37505703 1
8257 1895 37505713 1
8217 1552 37505723 1
8177 1250 37505733 1
8145 907 37505743 1
8111 684 37505753 1
8075 542 37505763 1
8059 454 37505773 1
8059 430 37505783 1
8080 450 37505793 1
