329
2136 5801 64959036 0
2095 5752 64959046 1
2021 5752 64959056 1
1985 5780 64959066 1
1973 5780 64959076 1
1973 5780 64959086 1
1973 5785 64959096 1
1973 5793 64959106 1
2011 5806 64959116 1
2075 5847 64959126 1
2195 5905 64959136 1
2351 5975 64959146 1
2530 6065 64959156 1
2762 6158 64959166 1
2982 6254 64959176 1
3195 6341 64959186 1
3387 6421 64959196 1
3535 6491 64959206 1
3653 6535 64959216 1
3749 6564 64959226 1
3798 6575 64959236 1
3816 6582 64959246 1
3816 6582 64959256 1
3797 6582 64959266 1
3766 6582 64959276 1
3710 6593 64959286 1
3641 6609 64959296 1
3318 6786 64959346 0
3186 6928 64959356 1
3126 7004 64959366 1
3085 7078 64959376 1
3056 7145 64959386 1
3039 7196 64959396 1
3027 7237 64959406 1
3027 7257 64959416 1
3027 7264 64959426 1
3027 7264 64959436 1
3039 7247 64959446 1
3053 7202 64959456 1
3067 7138 64959466 1
3081 7026 64959476 1
3096 6876 64959486 1
3112 6702 64959496 1
3143 6472 64959506 1
3177 6164 64959516 1
3221 5803 64959526 1
3273 5448 64959536 1
3332 5019 64959546 1
3396 4541 64959556 1
3463 4144 64959566 1
3527 3827 64959576 1
3573 3564 64959586 1
3610 3418 64959596 1
3639 3309 64959606 1
3662 3226 64959616 1
3680 3193 64959626 1
3680 3181 64959636 1
3680 3181 64959646 1
3668 3219 64959656 1
3640 3296 64959666 1
3591 3400 64959676 1
3527 3527 64959686 1
2763 5008 64960257 0
2763 5008 64960267 1
2752 5049 64960277 1
2752 5084 64960287 1
2786 5126 64960297 1
2833 5172 64960307 1
2886 5210 64960317 1
2924 5227 64960327 1
2957 5227 64960337 1
2981 5217 64960347 1
3001 5171 64960357 1
3010 5105 64960367 1
2997 4980 64960377 1
2969 4814 64960387 1
2931 4620 64960397 1
2878 4404 64960407 1
2815 4164 64960417 1
2733 3907 64960427 1
2630 3672 64960437 1
2514 3505 64960447 1
2427 3384 64960457 1
2371 3291 64960467 1
2336 3250 64960477 1
2316 3244 64960487 1
2288 3266 64960497 1
2255 3333 64960507 1
2216 3430 64960517 1
2179 3545 64960527 1
2149 3663 64960537 1
2137 3783 64960547 1
2137 3901 64960557 1
2166 3995 64960568 1
2228 4073 64960578 1
2311 4147 64960588 1
2415 4216 64960598 1
2559 4276 64960608 1
2730 4332 64960618 1
2920 4390 64960628 1
3143 4448 64960638 1
3389 4487 64960648 1
3619 4524 64960658 1
3829 4555 64960668 1
4025 4577 64960678 1
4187 4589 64960688 1
4304 4589 64960698 1
4392 4572 64960708 1
4471 4554 64960718 1
4541 4534 64960728 1
4604 4508 64960738 1
4653 4481 64960748 1
4686 4454 64960758 1
4709 4437 64960768 1
4709 4428 64960778 1
4709 4428 64960788 1
4700 4428 64960798 1
4673 4438 64960808 1
4161 5589 64961259 0
4063 5552 64961269 1
4034 5587 64961279 1
4003 5622 64961289 1
4076 5656 64961299 1
4215 5735 64961309 1
4397 5839 64961319 1
4603 5961 64961329 1
4807 6075 64961339 1
5009 6170 64961349 1
5164 6253 64961359 1
5274 6304 64961369 1
5354 6333 64961379 1
5399 6347 64961389 1
5418 6352 64961399 1
5418 6352 64961409 1
5418 6352 64961419 1
5388 6352 64961429 1
4939 6735 64961509 0
4895 6881 64961519 1
4874 6959 64961529 1
4874 7013 64961539 1
4874 7050 64961549 1
4874 7050 64961559 1
4882 7050 64961569 1
4889 7001 64961579 1
4902 6916 64961589 1
4917 6761 64961599 1
4951 6550 64961609 1
4997 6301 64961619 1
5060 5984 64961629 1
5138 5607 64961639 1
5226 5191 64961649 1
5319 4728 64961659 1
5411 4365 64961669 1
5482 4069 64961679 1
5539 3869 64961689 1
5571 3738 64961699 1
5594 3653 64961709 1
5611 3616 64961719 1
5618 3604 64961729 1
5618 3604 64961739 1
5612 3638 64961739 1
5589 3714 64961749 1
5548 3820 64961759 1
5494 3963 64961769 1
5091 5330 64961880 0
5079 5478 64961890 1
5068 5540 64961900 1
5055 5569 64961910 1
5055 5577 64961920 1
5047 5577 64961930 1
5022 5536 64961940 1
4982 5474 64961950 1
4925 5346 64961960 1
4847 5188 64961970 1
4755 5011 64961980 1
4650 4760 64961990 1
4548 4517 64962000 1
4474 4279 64962010 1
4417 4080 64962020 1
4390 3926 64962030 1
4366 3802 64962040 1
4358 3732 64962050 1
4358 3709 64962060 1
4358 3718 64962070 1
4379 3748 64962080 1
4412 3829 64962090 1
4452 3945 64962100 1
4477 4069 64962110 1
4511 4880 64962180 0
4511 5024 64962190 1
4493 5094 64962200 1
4471 5164 64962210 1
4459 5234 64962220 1
4454 5306 64962230 1
4445 5370 64962240 1
4436 5422 64962250 1
4436 5455 64962260 1
4436 5477 64962270 1
4436 5477 64962280 1
4474 5512 64962290 1
4528 5531 64962300 1
4630 5523 64962310 1
4775 5497 64962320 1
4948 5424 64962330 1
5153 5316 64962340 1
5393 5186 64962350 1
5655 5034 64962360 1
5899 4864 64962370 1
6086 4681 64962380 1
6234 4554 64962390 1
6364 4454 64962400 1
6472 4373 64962410 1
6566 4320 64962420 1
6631 4294 64962430 1
6666 4287 64962440 1
6680 4295 64962450 1
6680 4325 64962460 1
6650 4371 64962470 1
6597 4430 64962480 1
6496 6596 64963021 0
6496 6596 64963031 1
6524 6660 64963041 1
6505 6690 64963051 1
6557 6708 64963061 1
6657 6754 64963071 1
6816 6808 64963081 1
6980 6867 64963091 1
7149 6942 64963101 1
7336 7010 64963111 1
7536 7074 64963121 1
7677 7116 64963131 1
7761 7134 64963141 1
7806 7134 64963151 1
7827 7134 64963161 1
7827 7124 64963171 1
7810 7092 64963181 1
6844 6737 64963302 0
6821 6670 64963312 1
6833 6670 64963322 1
6844 6653 64963332 1
6898 6631 64963342 1
6958 6577 64963352 1
7024 6505 64963362 1
7092 6397 64963372 1
7123 6301 64963382 1
7160 6214 64963392 1
7200 6145 64963402 1
7230 6089 64963412 1
7261 6043 64963422 1
7765 6337 64963492 0
7948 6439 64963502 1
7990 6498 64963512 1
8003 6542 64963522 1
8021 6562 64963532 1
8021 6567 64963542 1
8014 6559 64963552 1
7970 6507 64963562 1
7880 6427 64963572 1
7760 6322 64963582 1
7632 6212 64963592 1
7470 6090 64963602 1
7285 5949 64963612 1
7089 5796 64963622 1
6922 5676 64963632 1
6775 5554 64963642 1
6655 5432 64963652 1
6544 5313 64963662 1
6439 5210 64963672 1
6331 5117 64963682 1
6258 5050 64963692 1
6207 5009 64963702 1
6189 4985 64963712 1
6189 4977 64963722 1
6208 4977 64963732 1
6284 4994 64963742 1
6417 5050 64963752 1
6589 5136 64963762 1
6818 5241 64963772 1
7083 5370 64963782 1
7373 5498 64963792 1
7671 5602 64963802 1
7970 5689 64963812 1
8191 5755 64963822 1
8359 5814 64963832 1
8490 5862 64963842 1
8570 5888 64963852 1
8615 5901 64963862 1
8615 5901 64963872 1
8591 5901 64963882 1
8551 5901 64963892 1
8473 5901 64963902 1
8373 5901 64963912 1
8259 5910 64963922 1
7775 6289 64963983 0
7706 6453 64963993 1
7670 6522 64964003 1
7632 6586 64964013 1
7614 6626 64964023 1
7600 6661 64964033 1
7592 6677 64964043 1
7592 6682 64964053 1
7585 6682 64964063 1
7585 6682 64964073 1
7574 6673 64964083 1
7557 6637 64964093 1
7539 6583 64964103 1
7526 6509 64964113 1
7526 6400 64964123 1
7531 6268 64964133 1
7556 6103 64964143 1
7591 5869 64964153 1
7632 5589 64964163 1
7676 5239 64964173 1
7745 4829 64964183 1
7828 4378 64964193 1
7917 3891 64964203 1
7975 3426 64964213 1
8011 2976 64964223 1
8038 2481 64964233 1
8046 2056 64964243 1
8046 1679 64964253 1
8007 1411 64964263 1
7961 1198 64964273 1
7907 1023 64964283 1
7848 936 64964293 1
7791 921 64964303 1
7735 953 64964313 1
7675 1027 64964323 1
7613 1123 64964333 1
