292
3388 5598 22655440 0
3426 5726 22655450 1
3369 5815 22655460 1
3254 5922 22655470 1
3172 5964 22655480 1
3063 5964 22655490 1
2936 5936 22655500 1
2799 5879 22655510 1
2644 5795 22655520 1
2478 5694 22655530 1
2318 5511 22655540 1
2151 5327 22655550 1
1986 5082 22655560 1
1825 4796 22655570 1
1729 4553 22655580 1
1692 4326 22655590 1
1692 4111 22655600 1
1758 3951 22655610 1
1855 3838 22655620 1
1975 3757 22655630 1
2135 3715 22655640 1
2297 3708 22655650 1
2485 3725 22655660 1
2689 3768 22655670 1
2893 3834 22655680 1
4941 4428 22655960 0
4876 4523 22655970 1
4799 4544 22655980 1
4701 4556 22655990 1
4588 4545 22656000 1
4476 4518 22656010 1
4363 4403 22656020 1
4247 4286 22656030 1
4131 4167 22656040 1
4050 4011 22656050 1
4014 3858 22656060 1
4007 3743 22656070 1
4039 3654 22656080 1
4108 3612 22656090 1
4201 3623 22656100 1
4338 3670 22656110 1
4495 3810 22656120 1
4664 3959 22656130 1
4798 4115 22656140 1
4873 4231 22656150 1
4908 4315 22656160 1
4918 4378 22656170 1
4907 4406 22656180 1
4882 4401 22656190 1
4843 4374 22656200 1
4786 4282 22656210 1
4716 4160 22656220 1
4657 4017 22656230 1
4602 3860 22656240 1
4574 3727 22656250 1
4563 3611 22656260 1
4578 3533 22656270 1
4615 3470 22656280 1
4667 3418 22656290 1
4737 3388 22656300 1
4813 3388 22656310 1
4900 3404 22656320 1
4997 3454 22656330 1
5102 3523 22656340 1
5204 3604 22656350 1
5304 3700 22656360 1
5398 3806 22656370 1
5480 3920 22656380 1
5553 4010 22656390 1
5619 4074 22656400 1
5666 4121 22656410 1
5699 4135 22656420 1
5715 4135 22656430 1
5721 4115 22656440 1
5721 4084 22656450 1
5709 4023 22656460 1
5681 3941 22656470 1
5641 3812 22656480 1
5578 3665 22656490 1
5508 3506 22656500 1
5434 3371 22656510 1
5390 3291 22656520 1
5376 3249 22656530 1
5383 3254 22656540 1
5403 3293 22656550 1
5447 3356 22656560 1
5508 3467 22656570 1
5593 3587 22656580 1
5677 3713 22656590 1
5762 3831 22656600 1
5833 3905 22656610 1
5895 3951 22656620 1
5940 3975 22656630 1
5975 3980 22656640 1
6004 3973 22656650 1
6021 3946 22656660 1
6021 3886 22656670 1
6002 3804 22656680 1
5966 3674 22656690 1
5934 3563 22656700 1
5904 3466 22656710 1
5904 3390 22656720 1
5899 3350 22656730 1
5905 3333 22656740 1
5912 3333 22656750 1
5919 3347 22656760 1
5945 3371 22656770 1
5984 3457 22656780 1
6050 3565 22656790 1
6134 3689 22656800 1
6231 3807 22656810 1
6323 3899 22656820 1
6397 3973 22656830 1
6458 4019 22656840 1
6509 4041 22656850 1
6549 4046 22656860 1
6581 4030 22656870 1
6600 3988 22656880 1
6605 3928 22656890 1
6600 3819 22656900 1
6573 3692 22656910 1
6534 3553 22656920 1
6486 3418 22656930 1
6460 3314 22656940 1
6453 3232 22656950 1
6458 3191 22656960 1
6458 3169 22656970 1
6463 3160 22656980 1
6463 3160 22656990 1
6473 3178 22657000 1
6504 3205 22657010 1
6549 3250 22657020 1
6605 3317 22657030 1
6665 3399 22657040 1
6750 3490 22657050 1
6850 3590 22657060 1
6950 3696 22657070 1
7052 3820 22657080 1
7156 3920 22657090 1
7258 4005 22657100 1
7346 4072 22657110 1
7425 4119 22657120 1
7479 4153 22657130 1
7523 4167 22657140 1
7560 4167 22657150 1
7588 4156 22657160 1
7608 4138 22657170 1
7622 4114 22657180 1
7631 4079 22657190 1
7626 4035 22657200 1
7612 3961 22657210 1
7585 3868 22657212 1
7543 3735 22657222 1
7492 3604 22657232 1
7435 3475 22657242 1
7380 3343 22657252 1
7326 3233 22657262 1
7281 3138 22657272 1
7254 3090 22657282 1
7240 3066 22657292 1
7240 3059 22657302 1
7240 3059 22657312 1
7247 3076 22657322 1
7270 3105 22657332 1
7304 3171 22657342 1
7355 3262 22657352 1
7419 3370 22657362 1
7492 3494 22657372 1
7580 3642 22657382 1
7672 3805 22657392 1
7771 3954 22657402 1
7870 4051 22657412 1
7944 4113 22657422 1
8003 4143 22657432 1
8034 4143 22657442 1
8058 4127 22657452 1
8076 4085 22657462 1
8076 3998 22657472 1
8063 3880 22657482 1
8037 3715 22657492 1
7993 3563 22657502 1
7949 3421 22657512 1
7906 3312 22657522 1
7881 3249 22657532 1
7859 3217 22657542 1
7853 3224 22657552 1
7853 3264 22657562 1
7876 3326 22657572 1
7925 3422 22657582 1
7994 3531 22657592 1
8091 3650 22657602 1
8192 3767 22657612 1
8300 3878 22657622 1
8417 3969 22657632 1
8541 4048 22657642 1
8648 4097 22657652 1
8725 4112 22657662 1
8781 4105 22657672 1
8807 4073 22657682 1
8807 4023 22657692 1
8785 3960 22657702 1
8743 3857 22657712 1
8695 3732 22657722 1
8644 3593 22657732 1
8607 3470 22657742 1
8590 3378 22657752 1
8585 3308 22657762 1
8598 3256 22657772 1
8621 3222 22657782 1
8651 3200 22657792 1
8690 3185 22657802 1
8730 3180 22657812 1
8771 3180 22657822 1
8816 3199 22657832 1
8877 3222 22657842 1
8948 3249 22657852 1
9015 3288 22657862 1
9083 3336 22657872 1
9152 3389 22657882 1
9215 3449 22657892 1
9275 3512 22657902 1
9334 3576 22657912 1
9397 3645 22657922 1
9465 3730 22657932 1
9531 3825 22657933 1
9591 3918 22657943 1
9648 3984 22657953 1
9695 4032 22657963 1
9732 4091 22657973 1
9762 4116 22657983 1
9769 4116 22657993 1
9769 4116 22658003 1
9759 4107 22658013 1
9742 4088 22658023 1
9714 4045 22658033 1
9678 3988 22658043 1
9632 3905 22658053 1
9577 3784 22658063 1
9515 3638 22658073 1
9453 3475 22658083 1
9391 3294 22658093 1
9329 3101 22658103 1
9307 2985 22658113 1
9332 2945 22658123 1
9389 2955 22658133 1
9517 3030 22658143 1
9665 3132 22658153 1
9827 3252 22658163 1
10003 3389 22658173 1
10164 3527 22658183 1
10315 3666 22658193 1
10458 3819 22658203 1
10583 3980 22658213 1
10695 4114 22658223 1
10790 4206 22658233 1
10842 4270 22658243 1
10865 4286 22658253 1
10860 4271 22658263 1
10824 4235 22658273 1
10766 4148 22658283 1
10664 4014 22658293 1
10527 3848 22658303 1
10366 3618 22658313 1
10197 3387 22658323 1
10010 3102 22658333 1
9812 2781 22658343 1
9617 2442 22658353 1
9442 2129 22658363 1
9280 1834 22658373 1
9167 1574 22658383 1
9068 1375 22658393 1
8979 1218 22658403 1
8876 1057 22658413 1
8765 915 22658423 1
8649 787 22658433 1
8527 705 22658443 1
8405 662 22658453 1
8284 644 22658463 1
8195 691 22658473 1
8154 778 22658483 1
8145 893 22658493 1
8196 1033 22658503 1
8332 1205 22658513 1
8524 1398 22658523 1
8765 1601 22658533 1
9070 1826 22658543 1
9417 2067 22658553 1
9769 2353 22658563 1
10127 2641 22658573 1
10490 2930 22658583 1
10840 3149 22658593 1
11146 3368 22658603 1
