316
3517 5561 516158 0
3548 5584 516168 1
3548 5608 516178 1
3534 5631 516188 1
3518 5654 516198 1
3501 5684 516208 1
3484 5720 516218 1
3456 5757 516228 1
3419 5805 516238 1
3375 5861 516248 1
3312 5917 516258 1
3222 5967 516268 1
3115 5984 516278 1
2981 5984 516288 1
2848 5939 516298 1
2702 5861 516308 1
2546 5760 516318 1
2390 5652 516328 1
2255 5526 516338 1
2134 5388 516348 1
2025 5256 516358 1
1941 5123 516368 1
1873 4967 516378 1
1815 4797 516388 1
1781 4662 516398 1
1764 4537 516408 1
1764 4419 516418 1
1786 4299 516428 1
1813 4180 516438 1
1844 4070 516448 1
1880 3966 516458 1
1926 3879 516468 1
2000 3821 516478 1
2092 3783 516488 1
2217 3783 516498 1
2372 3830 516508 1
2548 3908 516518 1
2747 4008 516528 1
2936 4122 516538 1
4205 4618 516749 0
4194 4690 516759 1
4167 4728 516769 1
4135 4762 516779 1
4095 4800 516789 1
4050 4842 516799 1
3990 4877 516809 1
3929 4897 516819 1
3868 4908 516829 1
3800 4884 516839 1
3705 4816 516849 1
3593 4718 516859 1
3484 4615 516869 1
3399 4491 516879 1
3329 4353 516889 1
3290 4222 516899 1
3280 4125 516909 1
3289 4052 516919 1
3326 4009 516929 1
3367 3991 516939 1
3446 3991 516949 1
3549 4035 516959 1
3688 4121 516969 1
3828 4234 516979 1
3952 4370 516989 1
4066 4504 516999 1
4176 4617 517009 1
4246 4718 517019 1
4289 4790 517029 1
4297 4814 517039 1
4297 4807 517049 1
4289 4807 517059 1
4275 4759 517069 1
4246 4683 517079 1
4207 4601 517089 1
4200 4516 517099 1
4193 4419 517109 1
4209 4316 517119 1
4241 4246 517129 1
4277 4175 517139 1
4340 4129 517149 1
4422 4100 517159 1
5167 4563 517320 0
5112 4566 517330 1
5102 4586 517340 1
5096 4586 517350 1
5096 4586 517360 1
5108 4586 517370 1
5130 4586 517380 1
5162 4577 517390 1
5186 4542 517400 1
5204 4490 517410 1
5204 4409 517420 1
5176 4300 517430 1
5135 4173 517440 1
5102 4084 517450 1
5083 4016 517460 1
5073 3961 517470 1
5073 3941 517480 1
5086 3941 517490 1
5117 3958 517500 1
5160 4029 517510 1
5254 4131 517520 1
5350 4254 517530 1
5448 4378 517540 1
5545 4488 517550 1
5636 4563 517560 1
5724 4619 517570 1
5798 4647 517580 1
5837 4647 517590 1
5853 4630 517600 1
5853 4587 517610 1
5846 4521 517620 1
5831 4440 517630 1
5810 4340 517640 1
5789 4254 517650 1
5771 4178 517660 1
5755 4125 517670 1
5755 4099 517680 1
5764 4091 517690 1
5769 4091 517700 1
5769 4109 517710 1
5797 4139 517720 1
5863 4243 517730 1
5955 4362 517740 1
6048 4492 517750 1
6146 4595 517760 1
6254 4678 517770 1
6355 4749 517771 1
6451 4791 517781 1
6520 4801 517791 1
6565 4790 517801 1
6595 4755 517811 1
6609 4701 517821 1
6609 4634 517831 1
6596 4553 517841 1
6580 4467 517851 1
6564 4376 517861 1
6548 4285 517871 1
6543 4223 517881 1
6543 4179 517891 1
6557 4147 517901 1
6568 4126 517911 1
6583 4113 517921 1
6606 4122 517931 1
6654 4167 517941 1
6717 4237 517951 1
6800 4333 517961 1
6887 4439 517971 1
6974 4552 517981 1
7060 4640 517991 1
7143 4703 518001 1
7203 4749 518011 1
7248 4764 518021 1
7267 4758 518031 1
7276 4738 518041 1
7276 4686 518051 1
7269 4628 518061 1
7255 4552 518071 1
7236 4465 518081 1
7217 4370 518091 1
7202 4287 518101 1
7193 4211 518111 1
7193 4160 518121 1
7193 4136 518131 1
7205 4131 518141 1
7218 4131 518151 1
7239 4166 518161 1
7300 4225 518171 1
7384 4325 518181 1
7481 4446 518191 1
7587 4580 518201 1
7699 4668 518211 1
7795 4735 518221 1
7873 4787 518231 1
7939 4808 518241 1
7974 4803 518251 1
7994 4782 518261 1
8005 4733 518271 1
7994 4664 518281 1
7973 4582 518291 1
7946 4501 518301 1
7922 4409 518311 1
7903 4309 518321 1
7893 4244 518331 1
7887 4207 518341 1
7895 4189 518351 1
7913 4189 518361 1
7925 4219 518372 1
7973 4271 518382 1
8044 4372 518392 1
8115 4482 518402 1
8213 4598 518412 1
8329 4703 518422 1
8437 4778 518432 1
8522 4833 518442 1
8591 4841 518452 1
8630 4812 518462 1
8649 4758 518472 1
8654 4694 518482 1
8645 4616 518492 1
8627 4529 518502 1
8604 4434 518512 1
8584 4351 518522 1
8584 4275 518532 1
8584 4233 518542 1
8596 4213 518552 1
8608 4207 518562 1
8627 4218 518572 1
8684 4279 518582 1
8765 4374 518592 1
8867 4490 518602 1
8976 4605 518612 1
9089 4714 518622 1
9187 4814 518632 1
9268 4879 518642 1
9338 4922 518652 1
9371 4922 518662 1
9382 4886 518672 1
9382 4829 518682 1
9348 4731 518692 1
9311 4636 518702 1
9270 4543 518712 1
9230 4429 518722 1
9197 4314 518732 1
9182 4227 518742 1
9176 4159 518752 1
9190 4118 518762 1
9205 4096 518772 1
9214 4088 518782 1
9220 4088 518792 1
9220 4136 518802 1
9287 4207 518812 1
9392 4314 518822 1
9475 4446 518832 1
9564 4595 518842 1
9663 4737 518852 1
9768 4878 518862 1
9870 5018 518872 1
9940 5101 518882 1
9989 5132 518892 1
9989 5132 518902 1
9989 5126 518912 1
9983 5112 518922 1
9964 5060 518932 1
9935 4988 518932 1
9909 4904 518942 1
9869 4787 518952 1
9820 4648 518962 1
9751 4480 518972 1
9682 4294 518982 1
9613 4097 518992 1
9576 3947 519002 1
9576 3845 519012 1
9597 3774 519022 1
9637 3751 519032 1
9681 3777 519042 1
9774 3835 519052 1
9898 3950 519062 1
10028 4085 519072 1
10136 4233 519082 1
10230 4396 519092 1
10332 4535 519102 1
10430 4658 519112 1
10488 4749 519122 1
10521 4816 519132 1
10521 4866 519142 1
10513 4876 519152 1
10502 4882 519162 1
10502 4882 519172 1
10487 4836 519182 1
10457 4762 519192 1
10416 4673 519202 1
10374 4573 519212 1
10320 4425 519222 1
10259 4248 519232 1
10185 4057 519242 1
10103 3843 519252 1
10016 3614 519262 1
9927 3398 519272 1
9842 3168 519282 1
9773 2923 519292 1
9712 2674 519302 1
9657 2469 519312 1
9603 2234 519322 1
9543 1980 519332 1
9479 1744 519342 1
9408 1508 519352 1
9340 1275 519362 1
9275 1077 519372 1
9154 902 519382 1
9053 765 519392 1
8964 674 519402 1
8842 613 519412 1
8721 603 519422 1
8601 632 519432 1
8484 687 519442 1
8376 789 519452 1
8277 907 519462 1
8184 1036 519472 1
8119 1180 519482 1
8070 1337 519492 1
8046 1503 519502 1
8055 1686 519512 1
8086 1865 519522 1
8149 2041 519532 1
8256 2220 519542 1
8392 2397 519552 1
8547 2570 519562 1
8738 2734 519572 1
8954 2893 519582 1
9149 3037 519592 1
9374 3174 519602 1
9619 3324 519612 1
9855 3463 519622 1
10092 3596 519632 1
10324 3716 519642 1
