321
3341 6501 25853037 0
3316 6515 25853047 1
3324 6521 25853057 1
3334 6545 25853067 1
3346 6578 25853077 1
3352 6617 25853087 1
3352 6658 25853097 1
3352 6700 25853107 1
3352 6748 25853117 1
3337 6796 25853127 1
3320 6850 25853137 1
3293 6908 25853147 1
3260 6970 25853157 1
3221 7029 25853167 1
3166 7083 25853177 1
3099 7117 25853187 1
3013 7138 25853197 1
2909 7123 25853207 1
2794 7071 25853217 1
2647 6995 25853227 1
2493 6880 25853237 1
2333 6759 25853247 1
2170 6595 25853257 1
2004 6405 25853267 1
1836 6167 25853277 1
1702 5910 25853287 1
1577 5641 25853297 1
1458 5377 25853307 1
1375 5100 25853317 1
1339 4814 25853327 1
1333 4604 25853337 1
1357 4421 25853347 1
1411 4256 25853357 1
1486 4114 25853367 1
1593 4002 25853377 1
1715 3910 25853387 1
1848 3820 25853397 1
1986 3770 25853407 1
2143 3748 25853417 1
2313 3767 25853427 1
2485 3818 25853437 1
2664 3891 25853447 1
2847 3976 25853457 1
3017 4071 25853467 1
3195 4174 25853477 1
3378 4301 25853487 1
3540 4436 25853497 1
3690 4576 25853507 1
3831 4712 25853517 1
3943 4854 25853527 1
4035 5001 25853537 1
4113 5113 25853547 1
4168 5200 25853557 1
4191 5270 25853567 1
4191 5320 25853577 1
4173 5366 25853587 1
4138 5403 25853597 1
4092 5431 25853607 1
4036 5431 25853617 1
3971 5421 25853627 1
3899 5387 25853637 1
3828 5337 25853647 1
3756 5277 25853657 1
3683 5203 25853667 1
3606 5110 25853677 1
3532 5004 25853687 1
3460 4863 25853697 1
3388 4712 25853707 1
3317 4554 25853717 1
3252 4393 25853727 1
3195 4230 25853737 1
3163 4098 25853747 1
3147 3987 25853757 1
3154 3905 25853767 1
3178 3853 25853777 1
3214 3820 25853787 1
3268 3820 25853797 1
3339 3864 25853807 1
3422 3933 25853817 1
3520 4032 25853827 1
3644 4164 25853837 1
3784 4319 25853847 1
3910 4497 25853857 1
4041 4673 25853867 1
4162 4845 25853877 1
4275 4980 25853887 1
4348 5090 25853897 1
4394 5159 25853907 1
4422 5204 25853917 1
4422 5234 25853927 1
4417 5243 25853937 1
4398 5250 25853947 1
4373 5233 25853957 1
4343 5202 25853967 1
4309 5162 25853977 1
4280 5107 25853987 1
4252 5043 25853997 1
4230 4968 25854007 1
4211 4870 25854017 1
4199 4757 25854027 1
4199 4650 25854029 1
4199 4542 25854039 1
4227 4434 25854049 1
4263 4334 25854059 1
4309 4237 25854069 1
4372 4159 25854079 1
4445 4102 25854089 1
4533 4058 25854099 1
4644 4053 25854109 1
4771 4075 25854119 1
4883 4114 25854129 1
4999 4178 25854139 1
5124 4264 25854149 1
5250 4365 25854159 1
5370 4460 25854169 1
5469 4555 25854179 1
5557 4650 25854189 1
5631 4756 25854199 1
5687 4870 25854209 1
5732 4971 25854219 1
5746 5028 25854229 1
5739 5055 25854239 1
5718 5066 25854249 1
5699 5059 25854259 1
5673 5041 25854269 1
5643 5005 25854279 1
5606 4949 25854289 1
5566 4879 25854299 1
5523 4784 25854309 1
5473 4687 25854319 1
5427 4588 25854329 1
5389 4495 25854339 1
5358 4405 25854349 1
5342 4324 25854359 1
5336 4266 25854369 1
5336 4224 25854379 1
5349 4207 25854389 1
5365 4207 25854399 1
5396 4228 25854409 1
5436 4285 25854419 1
5491 4374 25854429 1
5568 4485 25854439 1
5660 4588 25854449 1
5754 4672 25854459 1
5830 4744 25854469 1
5895 4788 25854479 1
5939 4800 25854489 1
5968 4790 25854499 1
5987 4758 25854509 1
5999 4712 25854519 1
5999 4657 25854529 1
5999 4597 25854539 1
5988 4537 25854549 1
5978 4476 25854559 1
5968 4422 25854569 1
5962 4373 25854579 1
5962 4344 25854589 1
5967 4333 25854599 1
5978 4333 25854609 1
6010 4365 25854619 1
6056 4431 25854629 1
6122 4521 25854639 1
6210 4620 25854649 1
6313 4703 25854659 1
6406 4776 25854669 1
6482 4829 25854679 1
6547 4852 25854689 1
6599 4852 25854699 1
6642 4842 25854709 1
6678 4814 25854719 1
6709 4777 25854729 1
6728 4731 25854739 1
6740 4681 25854749 1
6750 4622 25854759 1
6755 4557 25854769 1
6755 4487 25854779 1
6763 4431 25854789 1
6775 4384 25854799 1
6795 4360 25854809 1
6823 4360 25854819 1
6856 4372 25854829 1
6898 4407 25854839 1
6947 4461 25854849 1
7004 4527 25854859 1
7076 4603 25854869 1
7156 4688 25854879 1
7243 4778 25854889 1
7319 4862 25854899 1
7387 4912 25854909 1
7422 4939 25854919 1
7436 4939 25854929 1
7436 4939 25854939 1
7436 4918 25854949 1
7417 4884 25854959 1
7393 4831 25854969 1
7362 4764 25854979 1
7315 4689 25854989 1
7258 4599 25854999 1
7200 4504 25855009 1
7146 4404 25855019 1
7101 4303 25855029 1
7076 4228 25855039 1
7063 4171 25855049 1
7070 4146 25855059 1
7083 4151 25855069 1
7120 4175 25855079 1
7170 4242 25855089 1
7249 4343 25855099 1
7342 4467 25855109 1
7445 4587 25855119 1
7543 4686 25855129 1
7638 4772 25855139 1
7731 4840 25855149 1
7817 4873 25855159 1
7885 4884 25855169 1
7942 4867 25855179 1
7977 4823 25855189 1
7994 4762 25855199 1
8000 4695 25855209 1
7987 4614 25855219 1
7963 4524 25855229 1
7931 4429 25855239 1
7902 4336 25855249 1
7874 4264 25855259 1
7862 4206 25855269 1
7862 4184 25855279 1
7862 4184 25855289 1
7875 4198 25855299 1
7907 4245 25855309 1
7954 4330 25855319 1
8020 4441 25855329 1
8106 4549 25855339 1
8206 4639 25855349 1
8323 4718 25855359 1
8424 4770 25855369 1
8513 4795 25855379 1
8583 4801 25855389 1
8634 4776 25855399 1
8673 4725 25855409 1
8692 4657 25855419 1
8685 4575 25855429 1
8661 4476 25855439 1
8635 4365 25855449 1
8613 4261 25855459 1
8599 4179 25855469 1
8593 4112 25855479 1
8593 4072 25855489 1
8609 4054 25855499 1
8644 4054 25855509 1
8693 4073 25855519 1
8773 4124 25855529 1
8882 4194 25855539 1
9009 4291 25855549 1
9139 4410 25855559 1
9277 4545 25855569 1
9426 4672 25855579 1
9542 4779 25855589 1
9636 4873 25855599 1
9699 4927 25855609 1
9739 4957 25855619 1
9764 4970 25855629 1
9773 4970 25855639 1
9767 4948 25855649 1
9751 4914 25855659 1
9721 4851 25855669 1
9678 4764 25855679 1
9625 4662 25855689 1
9567 4554 25855699 1
9512 4433 25855709 1
9459 4303 25855719 1
9421 4187 25855729 1
9407 4099 25855739 1
9407 4031 25855749 1
9433 4001 25855759 1
9480 4001 25855769 1
9543 4030 25855779 1
9631 4087 25855789 1
9741 4173 25855799 1
9866 4279 25855809 1
10004 4414 25855819 1
10133 4546 25855829 1
10250 4673 25855839 1
10362 4798 25855849 1
10469 4894 25855859 1
10540 4971 25855869 1
10574 4997 25855879 1
10583 4990 25855889 1
10574 4961 25855899 1
10540 4899 25855909 1
10489 4799 25855919 1
10392 4675 25855929 1
10283 4518 25855939 1
10167 4316 25855949 1
10053 4083 25855959 1
9926 3827 25855969 1
9789 3553 25855979 1
9656 3266 25855989 1
9522 2959 25855999 1
9376 2651 25856009 1
9222 2384 25856019 1
9073 2145 25856029 1
8908 1918 25856039 1
8733 1732 25856049 1
8562 1573 25856059 1
8390 1478 25856069 1
8218 1423 25856079 1
8046 1396 25856089 1
7898 1411 25856099 1
7782 1463 25856109 1
7686 1540 25856119 1
7664 1657 25856129 1
7725 1838 25856139 1
7840 2061 25856149 1
8060 2349 25856159 1
8382 2665 25856169 1
8772 3001 25856179 1
9245 3349 25856189 1
9750 3681 25856199 1
10277 3970 25856209 1
10800 4237 25856219 1
11323 4472 25856229 1
