310
3896 6777 25841681 0
3952 6840 25841691 1
3944 6886 25841701 1
3944 6945 25841711 1
3949 7012 25841721 1
3939 7066 25841731 1
3919 7148 25841741 1
3891 7226 25841751 1
3850 7293 25841761 1
3801 7363 25841771 1
3745 7417 25841781 1
3673 7460 25841791 1
3591 7484 25841801 1
3501 7477 25841811 1
3394 7450 25841821 1
3275 7382 25841831 1
3123 7279 25841841 1
2962 7153 25841851 1
2796 6982 25841861 1
2621 6787 25841871 1
2448 6577 25841881 1
2307 6336 25841891 1
2186 6094 25841901 1
2093 5852 25841911 1
2005 5614 25841921 1
1944 5369 25841931 1
1898 5119 25841941 1
1869 4853 25841951 1
1869 4636 25841961 1
1877 4453 25841971 1
1915 4295 25841981 1
1978 4169 25841991 1
2057 4064 25842001 1
2167 3978 25842012 1
2279 3915 25842022 1
2410 3868 25842032 1
2552 3859 25842042 1
2723 3890 25842052 1
2883 3948 25842062 1
3035 4028 25842072 1
3219 4131 25842082 1
3393 4250 25842092 1
3560 4388 25842102 1
3729 4524 25842112 1
3865 4655 25842122 1
3978 4797 25842132 1
4078 4947 25842142 1
4150 5072 25842152 1
4202 5177 25842162 1
4215 5270 25842172 1
4201 5333 25842182 1
4168 5372 25842192 1
4121 5396 25842202 1
4076 5402 25842212 1
4035 5402 25842222 1
3995 5378 25842232 1
3951 5340 25842242 1
3905 5280 25842252 1
3855 5218 25842262 1
3806 5138 25842272 1
3759 5048 25842282 1
3701 4924 25842292 1
3636 4786 25842302 1
3584 4638 25842312 1
3548 4507 25842322 1
3522 4376 25842332 1
3512 4245 25842342 1
3517 4149 25842352 1
3531 4076 25842362 1
3560 4031 25842362 1
3605 4015 25842372 1
3660 4015 25842382 1
3737 4065 25842392 1
3814 4147 25842402 1
3892 4253 25842412 1
3977 4392 25842422 1
4066 4531 25842432 1
4161 4671 25842442 1
4255 4806 25842452 1
4330 4934 25842462 1
4393 5024 25842472 1
4432 5090 25842482 1
4450 5128 25842492 1
4455 5144 25842502 1
4455 5144 25842512 1
4441 5144 25842522 1
4426 5111 25842532 1
4392 5064 25842542 1
4356 4994 25842552 1
4319 4901 25842562 1
4295 4793 25842572 1
4283 4690 25842582 1
4278 4587 25842592 1
4287 4484 25842602 1
4314 4390 25842612 1
4354 4302 25842622 1
4411 4231 25842632 1
4474 4197 25842642 1
4560 4189 25842652 1
4660 4213 25842662 1
4789 4265 25842672 1
4911 4335 25842682 1
5028 4424 25842692 1
5153 4515 25842702 1
5276 4608 25842712 1
5381 4710 25842722 1
5473 4830 25842732 1
5549 4962 25842742 1
5603 5069 25842752 1
5642 5131 25842762 1
5642 5164 25842772 1
5623 5159 25842782 1
5591 5138 25842792 1
5552 5106 25842802 1
5509 5059 25842812 1
5463 5006 25842822 1
5415 4942 25842832 1
5365 4853 25842842 1
5314 4748 25842852 1
5263 4652 25842862 1
5215 4556 25842872 1
5177 4475 25842882 1
5158 4403 25842892 1
5151 4356 25842902 1
5160 4331 25842912 1
5172 4320 25842922 1
5190 4328 25842932 1
5226 4370 25842942 1
5274 4434 25842952 1
5334 4518 25842962 1
5398 4606 25842972 1
5468 4696 25842982 1
5539 4758 25842992 1
5601 4815 25843002 1
5657 4840 25843012 1
5697 4845 25843022 1
5721 4828 25843032 1
5734 4786 25843042 1
5727 4728 25843052 1
5716 4666 25843062 1
5703 4604 25843072 1
5692 4542 25843082 1
5685 4491 25843092 1
5685 4447 25843102 1
5690 4424 25843112 1
5696 4418 25843122 1
5710 4423 25843132 1
5745 4465 25843142 1
5792 4537 25843152 1
5857 4629 25843162 1
5926 4723 25843172 1
6003 4815 25843182 1
6080 4869 25843192 1
6146 4899 25843202 1
6205 4899 25843212 1
6260 4887 25843222 1
6309 4863 25843232 1
6354 4818 25843242 1
6385 4768 25843252 1
6407 4707 25843262 1
6423 4641 25843272 1
6443 4569 25843282 1
6465 4513 25843292 1
6494 4468 25843302 1
6530 4442 25843312 1
6573 4442 25843322 1
6633 4471 25843332 1
6705 4520 25843342 1
6792 4585 25843352 1
6888 4662 25843362 1
6991 4752 25843372 1
7097 4852 25843382 1
7206 4958 25843392 1
7317 5029 25843402 1
7404 5082 25843412 1
7476 5122 25843422 1
7527 5140 25843432 1
7562 5140 25843442 1
7585 5140 25843452 1
7596 5125 25843462 1
7588 5092 25843472 1
7567 5047 25843482 1
7535 4987 25843492 1
7499 4907 25843502 1
7460 4814 25843512 1
7417 4714 25843522 1
7373 4627 25843532 1
7332 4549 25843542 1
7295 4483 25843552 1
7276 4441 25843562 1
7268 4414 25843572 1
7279 4414 25843582 1
7311 4452 25843592 1
7356 4507 25843602 1
7426 4590 25843612 1
7501 4688 25843622 1
7586 4797 25843624 1
7676 4889 25843634 1
7756 4944 25843644 1
7830 4974 25843654 1
7887 4979 25843664 1
7931 4966 25843674 1
7966 4941 25843684 1
7983 4896 25843694 1
7983 4825 25843704 1
7972 4738 25843714 1
7947 4657 25843724 1
7919 4576 25843734 1
7889 4502 25843744 1
7873 4434 25843754 1
7863 4386 25843764 1
7863 4365 25843774 1
7872 4365 25843784 1
7888 4380 25843794 1
7926 4430 25843804 1
7977 4501 25843814 1
8043 4604 25843824 1
8129 4707 25843834 1
8228 4788 25843844 1
8324 4855 25843854 1
8414 4881 25843864 1
8499 4881 25843874 1
8563 4860 25843884 1
8611 4812 25843894 1
8649 4752 25843904 1
8668 4685 25843914 1
8668 4614 25843924 1
8668 4543 25843934 1
8668 4471 25843944 1
8661 4416 25843954 1
8671 4372 25843964 1
8690 4343 25843974 1
8715 4332 25843984 1
8762 4332 25843994 1
8823 4365 25844004 1
8921 4422 25844014 1
9022 4496 25844024 1
9130 4588 25844034 1
9247 4696 25844044 1
9373 4814 25844054 1
9505 4922 25844064 1
9609 5002 25844074 1
9697 5064 25844084 1
9773 5112 25844094 1
9832 5139 25844104 1
9866 5153 25844114 1
9883 5153 25844124 1
9883 5148 25844134 1
9867 5124 25844144 1
9844 5086 25844154 1
9807 5033 25844164 1
9760 4957 25844174 1
9705 4867 25844184 1
9660 4768 25844194 1
9620 4675 25844205 1
9589 4591 25844215 1
9564 4506 25844225 1
9557 4435 25844235 1
9557 4374 25844245 1
9582 4339 25844255 1
9619 4332 25844265 1
9667 4343 25844275 1
9737 4397 25844285 1
9827 4469 25844295 1
9931 4553 25844305 1
10039 4647 25844315 1
10143 4760 25844325 1
10240 4886 25844335 1
10329 5010 25844345 1
10412 5109 25844355 1
10476 5191 25844365 1
10507 5236 25844375 1
10517 5250 25844385 1
10517 5244 25844395 1
10494 5224 25844405 1
10463 5169 25844415 1
10399 5092 25844425 1
10319 4979 25844435 1
10227 4830 25844445 1
10130 4656 25844455 1
10027 4478 25844465 1
9919 4265 25844475 1
9810 4029 25844485 1
9702 3761 25844495 1
9599 3518 25844505 1
9491 3291 25844515 1
9377 3057 25844525 1
9254 2844 25844535 1
9132 2644 25844545 1
9013 2499 25844555 1
8892 2383 25844565 1
8769 2287 25844575 1
8650 2215 25844585 1
8535 2176 25844595 1
8420 2158 25844605 1
8305 2179 25844615 1
8215 2237 25844625 1
8142 2319 25844635 1
8110 2424 25844645 1
8125 2542 25844655 1
8170 2670 25844665 1
8283 2840 25844675 1
8465 3041 25844685 1
8692 3263 25844695 1
9006 3539 25844705 1
9362 3825 25844715 1
9746 4118 25844725 1
10180 4406 25844735 1
10617 4657 25844745 1
11072 4883 25844755 1
