318
3394 6461 37668247 0
3430 6559 37668257 1
3371 6643 37668267 1
3350 6683 37668277 1
3350 6729 37668287 1
3350 6778 37668297 1
3315 6831 37668307 1
3265 6886 37668317 1
3198 6943 37668327 1
3099 6957 37668337 1
2978 6940 37668347 1
2802 6903 37668357 1
2586 6778 37668367 1
2343 6616 37668377 1
2118 6430 37668387 1
1921 6190 37668397 1
1743 5924 37668407 1
1590 5642 37668417 1
1464 5343 37668427 1
1356 5028 37668437 1
1290 4702 37668447 1
1256 4461 37668457 1
1242 4243 37668467 1
1267 4041 37668477 1
1327 3902 37668487 1
1411 3812 37668497 1
1537 3756 37668507 1
1706 3778 37668517 1
1904 3862 37668527 1
2136 3988 37668537 1
2370 4130 37668547 1
2609 4284 37668557 1
2821 4445 37668567 1
3014 4570 37668577 1
3194 4674 37668587 1
3333 4764 37668597 1
3444 4844 37668607 1
3519 4894 37668617 1
3549 4923 37668627 1
3549 4923 37668637 1
3521 4937 37668647 1
3464 4951 37668657 1
3389 4926 37668667 1
3280 4862 37668677 1
3149 4773 37668687 1
3003 4659 37668697 1
2882 4539 37668707 1
2782 4407 37668717 1
2697 4271 37668727 1
2643 4164 37668737 1
2634 4077 37668747 1
2654 4018 37668757 1
2703 3986 37668767 1
2775 3971 37668777 1
2861 4005 37668787 1
2992 4089 37668797 1
3148 4206 37668807 1
3321 4344 37668817 1
3464 4479 37668827 1
3584 4611 37668837 1
3688 4740 37668847 1
3765 4862 37668857 1
3803 4979 37668867 1
3816 5019 37668877 1
3816 5030 37668887 1
3816 5022 37668897 1
3816 5009 37668907 1
3796 4925 37668917 1
3769 4795 37668927 1
3734 4662 37668937 1
3714 4539 37668947 1
3714 4423 37668957 1
3724 4331 37668967 1
3748 4262 37668977 1
3775 4208 37668987 1
3806 4181 37668997 1
3844 4170 37669007 1
3888 4170 37669017 1
3950 4199 37669027 1
4024 4253 37669037 1
4113 4325 37669047 1
4218 4429 37669057 1
4333 4548 37669067 1
4449 4676 37669077 1
4564 4793 37669087 1
4673 4883 37669097 1
4777 4956 37669107 1
4852 4994 37669117 1
4912 5012 37669127 1
4963 5017 37669137 1
5005 5003 37669147 1
5038 4967 37669157 1
5065 4917 37669167 1
5081 4836 37669177 1
5081 4744 37669187 1
5081 4644 37669197 1
5070 4546 37669207 1
5052 4445 37669217 1
5028 4346 37669227 1
5010 4251 37669237 1
4992 4171 37669247 1
4977 4113 37669257 1
4969 4069 37669267 1
4969 4055 37669277 1
4969 4055 37669287 1
4980 4055 37669297 1
5017 4087 37669307 1
5073 4174 37669317 1
5162 4300 37669327 1
5268 4440 37669337 1
5384 4575 37669347 1
5500 4678 37669357 1
5616 4760 37669367 1
5721 4821 37669377 1
5818 4845 37669387 1
5880 4845 37669397 1
5922 4828 37669407 1
5950 4788 37669417 1
5965 4733 37669427 1
5956 4659 37669437 1
5932 4580 37669447 1
5900 4493 37669457 1
5868 4403 37669467 1
5835 4330 37669477 1
5816 4269 37669487 1
5804 4230 37669497 1
5804 4213 37669507 1
5804 4213 37669517 1
5810 4213 37669527 1
5825 4246 37669537 1
5873 4302 37669547 1
5941 4405 37669557 1
6015 4515 37669567 1
6105 4629 37669577 1
6206 4733 37669587 1
6308 4807 37669597 1
6389 4862 37669607 1
6455 4880 37669617 1
6508 4872 37669627 1
6545 4848 37669637 1
6570 4792 37669647 1
6589 4718 37669657 1
6596 4631 37669667 1
6596 4532 37669677 1
6596 4430 37669687 1
6596 4321 37669697 1
6615 4231 37669707 1
6641 4154 37669717 1
6677 4096 37669727 1
6726 4062 37669737 1
6784 4043 37669747 1
6857 4043 37669757 1
6929 4071 37669767 1
6999 4111 37669777 1
7076 4171 37669787 1
7166 4255 37669797 1
7264 4354 37669807 1
7364 4472 37669817 1
7451 4589 37669827 1
7530 4704 37669837 1
7586 4796 37669847 1
7624 4873 37669857 1
7649 4919 37669867 1
7672 4950 37669877 1
7696 4972 37669887 1
7723 4984 37669897 1
7755 4992 37669907 1
7795 4992 37669917 1
7847 4992 37669927 1
7906 4981 37669937 1
7947 4959 37669947 1
7979 4930 37669957 1
8005 4888 37669949 1
8019 4841 37669959 1
8019 4782 37669969 1
8007 4720 37669979 1
7979 4642 37669989 1
7939 4552 37669999 1
7891 4448 37670009 1
7841 4344 37670019 1
7795 4243 37670029 1
7769 4166 37670039 1
7754 4103 37670049 1
7754 4071 37670059 1
7761 4059 37670069 1
7777 4059 37670079 1
7805 4090 37670089 1
7866 4156 37670099 1
7948 4246 37670109 1
8026 4350 37670119 1
8112 4469 37670129 1
8211 4598 37670139 1
8321 4724 37670149 1
8435 4850 37670159 1
8540 4933 37670169 1
8620 4987 37670179 1
8687 5006 37670189 1
8736 4998 37670199 1
8777 4973 37670209 1
8812 4923 37670219 1
8832 4852 37670229 1
8837 4768 37670239 1
8831 4684 37670249 1
8810 4597 37670259 1
8783 4509 37670269 1
8751 4423 37670279 1
8725 4347 37670289 1
8704 4292 37670299 1
8699 4250 37670309 1
8699 4234 37670319 1
8714 4234 37670329 1
8752 4255 37670339 1
8806 4316 37670349 1
8908 4408 37670359 1
9010 4522 37670369 1
9119 4644 37670379 1
9236 4773 37670389 1
9352 4906 37670399 1
9464 4996 37670409 1
9546 5046 37670419 1
9610 5070 37670429 1
9662 5070 37670439 1
9705 5053 37670449 1
9733 5021 37670459 1
9750 4950 37670469 1
9732 4841 37670479 1
9703 4706 37670489 1
9667 4581 37670499 1
9633 4454 37670509 1
9622 4325 37670519 1
9622 4219 37670529 1
9639 4127 37670539 1
9671 4066 37670549 1
9715 4029 37670559 1
9778 4008 37670569 1
9877 4021 37670579 1
10001 4065 37670589 1
10126 4129 37670599 1
10257 4217 37670609 1
10396 4328 37670619 1
10534 4455 37670629 1
10663 4596 37670639 1
10786 4753 37670649 1
10904 4921 37670659 1
10994 5069 37670669 1
11066 5175 37670679 1
11108 5254 37670689 1
11126 5271 37670699 1
11126 5271 37670709 1
11136 5256 37670719 1
11125 5181 37670729 1
11100 5062 37670739 1
11053 4915 37670749 1
10993 4725 37670759 1
10924 4562 37670769 1
10882 4416 37670779 1
10867 4270 37670789 1
10867 4162 37670799 1
10898 4079 37670809 1
10943 4031 37670819 1
10999 4017 37670829 1
11071 4025 37670839 1
11146 4074 37670849 1
11240 4156 37670859 1
11346 4260 37670869 1
11453 4404 37670879 1
11560 4563 37670889 1
11655 4732 37670899 1
11742 4941 37670909 1
11821 5107 37670919 1
11880 5244 37670929 1
11926 5310 37670939 1
11946 5326 37670949 1
11966 5309 37670959 1
11976 5255 37670969 1
11976 5138 37670979 1
11947 4979 37670989 1
11895 4751 37670999 1
11830 4520 37671009 1
11768 4286 37671019 1
11696 4010 37671029 1
11618 3710 37671039 1
11504 3393 37671049 1
11391 3071 37671059 1
11273 2737 37671069 1
11162 2395 37671079 1
11059 2054 37671089 1
10949 1741 37671099 1
10836 1448 37671109 1
10715 1158 37671119 1
10590 919 37671129 1
10461 714 37671139 1
10324 539 37671149 1
10182 425 37671159 1
10057 352 37671169 1
9925 310 37671179 1
9788 310 37671189 1
9670 332 37671199 1
9558 409 37671209 1
9485 550 37671219 1
9435 733 37671229 1
9452 1003 37671239 1
9550 1372 37671249 1
9702 1807 37671259 1
9949 2249 37671269 1
10248 2666 37671279 1
10582 3066 37671289 1
10959 3411 37671299 1
11336 3677 37671309 1
11660 3890 37671319 1
11949 4018 37671329 1
12151 4107 37671339 1
12287 4171 37671349 1
12379 4220 37671359 1
12451 4252 37671369 1
12489 4273 37671379 1
12505 4273 37671389 1
12505 4273 37671399 1
