337
3128 6742 37673044 0
3128 6742 37673054 1
3126 6785 37673064 1
3119 6797 37673074 1
3119 6797 37673084 1
3119 6813 37673094 1
3119 6826 37673104 1
3107 6836 37673114 1
3107 6842 37673124 1
3086 6842 37673134 1
3059 6847 37673144 1
3018 6841 37673154 1
2962 6830 37673164 1
2897 6815 37673174 1
2825 6796 37673184 1
2728 6773 37673194 1
2614 6743 37673204 1
2483 6691 37673214 1
2333 6625 37673224 1
2171 6512 37673234 1
1978 6339 37673244 1
1805 6125 37673254 1
1646 5874 37673264 1
1490 5623 37673274 1
1365 5344 37673284 1
1261 5046 37673294 1
1177 4717 37673304 1
1121 4436 37673314 1
1083 4188 37673324 1
1083 3951 37673334 1
1126 3768 37673344 1
1192 3620 37673354 1
1294 3539 37673364 1
1439 3512 37673374 1
1613 3520 37673384 1
1810 3590 37673394 1
2028 3701 37673404 1
2259 3840 37673414 1
2484 3992 37673424 1
2715 4150 37673434 1
2902 4311 37673444 1
3058 4476 37673454 1
3219 4621 37673464 1
3337 4753 37673474 1
3426 4857 37673484 1
3465 4916 37673494 1
3470 4944 37673504 1
3452 4954 37673514 1
3415 4961 37673524 1
3341 4920 37673534 1
3241 4848 37673544 1
3117 4721 37673554 1
2994 4588 37673564 1
2872 4434 37673574 1
2775 4268 37673584 1
2707 4123 37673594 1
2658 4014 37673604 1
2646 3930 37673614 1
2664 3872 37673624 1
2703 3838 37673634 1
2763 3820 37673644 1
2858 3857 37673654 1
2976 3939 37673664 1
3122 4050 37673674 1
3258 4173 37673684 1
3387 4314 37673694 1
3492 4466 37673704 1
3580 4610 37673714 1
3657 4725 37673724 1
3697 4821 37673734 1
3709 4840 37673744 1
3703 4840 37673754 1
3703 4830 37673764 1
3684 4772 37673774 1
3654 4658 37673784 1
3616 4508 37673794 1
3584 4353 37673804 1
3562 4198 37673814 1
3562 4073 37673824 1
3562 3968 37673834 1
3582 3881 37673844 1
3604 3817 37673854 1
3636 3768 37673864 1
3676 3744 37673874 1
3733 3744 37673884 1
3800 3772 37673894 1
3877 3829 37673904 1
3959 3916 37673914 1
4059 4023 37673924 1
4170 4144 37673934 1
4282 4262 37673944 1
4389 4375 37673954 1
4492 4456 37673964 1
4588 4516 37673974 1
4670 4553 37673984 1
4743 4566 37673994 1
4788 4566 37674004 1
4818 4543 37674014 1
4837 4490 37674024 1
4852 4415 37674034 1
4861 4321 37674044 1
4861 4227 37674054 1
4861 4132 37674064 1
4848 4041 37674074 1
4831 3953 37674084 1
4814 3875 37674094 1
4800 3813 37674104 1
4792 3763 37674114 1
4792 3742 37674124 1
4792 3737 37674134 1
4803 3743 37674144 1
4816 3775 37674154 1
4869 3864 37674164 1
4948 3990 37674174 1
5035 4129 37674184 1
5142 4269 37674194 1
5263 4410 37674204 1
5367 4507 37674214 1
5455 4565 37674224 1
5533 4598 37674234 1
5596 4610 37674244 1
5642 4591 37674254 1
5677 4552 37674264 1
5695 4483 37674274 1
5695 4399 37674284 1
5681 4305 37674294 1
5659 4216 37674304 1
5638 4138 37674314 1
5619 4068 37674324 1
5603 4013 37674334 1
5588 3978 37674344 1
5583 3957 37674354 1
5583 3952 37674364 1
5583 3957 37674374 1
5583 3968 37674384 1
5615 4022 37674394 1
5658 4106 37674404 1
5710 4211 37674414 1
5786 4344 37674424 1
5877 4471 37674434 1
5966 4593 37674444 1
6056 4675 37674454 1
6148 4729 37674464 1
6231 4764 37674474 1
6309 4790 37674484 1
6371 4790 37674494 1
6416 4782 37674504 1
6450 4751 37674514 1
6469 4704 37674524 1
6475 4647 37674534 1
6475 4568 37674544 1
6447 4484 37674554 1
6409 4373 37674564 1
6361 4245 37674574 1
6316 4123 37674584 1
6273 4001 37674594 1
6236 3880 37674604 1
6222 3776 37674614 1
6222 3683 37674624 1
6236 3636 37674634 1
6268 3612 37674644 1
6312 3603 37674654 1
6362 3615 37674664 1
6430 3658 37674674 1
6509 3721 37674684 1
6585 3816 37674694 1
6668 3928 37674704 1
6763 4052 37674714 1
6864 4186 37674724 1
6967 4320 37674734 1
7052 4455 37674744 1
7125 4537 37674754 1
7189 4602 37674764 1
7263 4656 37674774 1
7338 4698 37674784 1
7403 4737 37674794 1
7460 4770 37674804 1
7511 4800 37674814 1
7553 4825 37674824 1
7590 4842 37674834 1
7612 4853 37674844 1
7628 4861 37674854 1
7641 4866 37674864 1
7650 4872 37674874 1
7659 4872 37674884 1
7665 4872 37674894 1
7670 4872 37674904 1
7675 4872 37674914 1
7682 4872 37674924 1
7692 4872 37674934 1
7708 4872 37674944 1
7725 4861 37674954 1
7743 4846 37674964 1
7759 4824 37674974 1
7774 4790 37674984 1
7784 4747 37674994 1
7776 4692 37675004 1
7757 4622 37675014 1
7717 4541 37675024 1
7664 4433 37675034 1
7602 4320 37675044 1
7533 4198 37675054 1
7468 4095 37675064 1
7414 4005 37675074 1
7371 3942 37675084 1
7352 3912 37675094 1
7352 3905 37675104 1
7352 3910 37675114 1
7358 3943 37675124 1
7398 3995 37675134 1
7462 4085 37675144 1
7534 4191 37675154 1
7630 4308 37675164 1
7741 4449 37675174 1
7877 4587 37675184 1
8006 4704 37675194 1
8129 4808 37675204 1
8239 4871 37675214 1
8337 4892 37675224 1
8426 4885 37675234 1
8497 4858 37675244 1
8538 4799 37675254 1
8559 4719 37675264 1
8559 4620 37675274 1
8540 4516 37675284 1
8506 4401 37675294 1
8458 4280 37675304 1
8412 4186 37675314 1
8367 4109 37675324 1
8355 4068 37675334 1
8349 4055 37675344 1
8349 4061 37675354 1
8368 4072 37675364 1
8390 4131 37675374 1
8450 4221 37675384 1
8513 4326 37675394 1
8595 4448 37675404 1
8689 4581 37675414 1
8798 4714 37675424 1
8909 4845 37675434 1
9022 4924 37675444 1
9110 4968 37675454 1
9183 4988 37675464 1
9245 4988 37675474 1
9295 4964 37675484 1
9329 4922 37675494 1
9352 4844 37675504 1
9352 4741 37675487 1
9342 4636 37675497 1
9317 4516 37675507 1
9296 4387 37675517 1
9276 4254 37675527 1
9276 4146 37675537 1
9281 4054 37675547 1
9317 3985 37675557 1
9382 3946 37675567 1
9467 3927 37675577 1
9578 3949 37675587 1
9693 4000 37675597 1
9816 4071 37675607 1
9946 4160 37675617 1
10076 4271 37675627 1
10200 4397 37675637 1
10320 4541 37675647 1
10448 4695 37675657 1
10552 4856 37675667 1
10640 5012 37675677 1
10699 5126 37675687 1
10728 5211 37675697 1
10738 5240 37675707 1
10738 5240 37675717 1
10743 5220 37675727 1
10724 5132 37675737 1
10687 4984 37675747 1
10634 4796 37675757 1
10564 4587 37675767 1
10482 4378 37675777 1
10418 4174 37675787 1
10383 4029 37675797 1
10367 3921 37675807 1
10387 3860 37675817 1
10426 3841 37675827 1
10477 3850 37675837 1
10557 3903 37675847 1
10655 3998 37675857 1
10764 4121 37675867 1
10880 4279 37675877 1
10998 4463 37675887 1
11117 4665 37675897 1
11231 4888 37675907 1
11346 5082 37675917 1
11445 5256 37675927 1
11535 5381 37675937 1
11573 5424 37675947 1
11598 5413 37675957 1
11613 5373 37675967 1
11613 5273 37675977 1
11577 5133 37675987 1
11521 4946 37675997 1
11430 4707 37676007 1
11339 4433 37676017 1
11248 4142 37676027 1
11158 3851 37676037 1
11053 3553 37676047 1
10938 3251 37676057 1
10821 2919 37676067 1
10700 2585 37676077 1
10576 2258 37676087 1
10451 1937 37676097 1
10320 1581 37676107 1
10186 1304 37676117 1
10073 1080 37676127 1
9943 857 37676137 1
9801 677 37676147 1
9658 526 37676157 1
9511 424 37676167 1
9362 374 37676177 1
9219 359 37676187 1
9099 399 37676197 1
8994 506 37676207 1
8910 657 37676217 1
8890 887 37676227 1
8913 1229 37676237 1
9038 1647 37676247 1
9272 2112 37676257 1
9579 2564 37676267 1
9953 3007 37676277 1
10328 3356 37676287 1
10705 3629 37676297 1
11082 3851 37676307 1
11348 3999 37676317 1
11549 4106 37676327 1
11706 4187 37676337 1
11782 4231 37676347 1
11804 4245 37676357 1
11789 4240 37676367 1
11740 4224 37676377 1
