517
2320 7429 74078228 0
2376 7567 74078238 1
2349 7609 74078248 1
2349 7623 74078258 1
2368 7662 74078268 1
2393 7675 74078278 1
2398 7675 74078288 1
2403 7664 74078298 1
2410 7652 74078308 1
2420 7629 74078318 1
2432 7600 74078328 1
2450 7566 74078338 1
2474 7526 74078348 1
2503 7479 74078358 1
2530 7425 74078368 1
2555 7367 74078378 1
2578 7297 74078388 1
2595 7219 74078398 1
2612 7136 74078408 1
2624 7051 74078418 1
2633 6962 74078428 1
2633 6871 74078438 1
2618 6790 74078448 1
2594 6715 74078458 1
2555 6643 74078468 1
2505 6570 74078478 1
2447 6494 74078488 1
2375 6423 74078499 1
2305 6357 74078509 1
2235 6305 74078519 1
2181 6267 74078529 1
2151 6238 74078539 1
2136 6228 74078549 1
2136 6228 74078559 1
2136 6228 74078569 1
2142 6233 74078579 1
2169 6242 74078589 1
2209 6255 74078599 1
2261 6266 74078609 1
2313 6271 74078619 1
2361 6257 74078629 1
2406 6232 74078639 1
2447 6192 74078649 1
2483 6148 74078659 1
2516 6078 74078669 1
2537 5993 74078679 1
2543 5875 74078689 1
2543 5746 74078699 1
2519 5609 74078709 1
2493 5464 74078719 1
2462 5304 74078729 1
2426 5133 74078739 1
2386 4975 74078749 1
2344 4827 74078759 1
2300 4687 74078769 1
2251 4574 74078779 1
2199 4476 74078789 1
2150 4389 74078799 1
2101 4328 74078809 1
2065 4310 74078819 1
2037 4320 74078829 1
2015 4388 74078839 1
2015 4529 74078849 1
3222 7850 74079089 0
3222 7850 74079099 1
3222 7850 74079109 1
3222 7850 74079119 1
3198 7878 74079129 1
3211 7903 74079139 1
3252 7942 74079149 1
3312 7988 74079159 1
3365 8020 74079169 1
3423 8043 74079179 1
3490 8067 74079189 1
3563 8090 74079199 1
3636 8108 74079209 1
3688 8117 74079219 1
3726 8117 74079229 1
3742 8117 74079239 1
3748 8106 74079249 1
3748 8089 74079259 1
3738 8063 74079269 1
3723 8031 74079279 1
3705 7996 74079289 1
3678 7953 74079299 1
3649 7892 74079309 1
3619 7821 74079319 1
3583 7740 74079329 1
3543 7632 74079339 1
3500 7505 74079349 1
3452 7351 74079359 1
3405 7198 74079369 1
3362 7047 74079379 1
3324 6873 74079389 1
3293 6727 74079399 1
3268 6601 74079409 1
3248 6467 74079419 1
3227 6326 74079429 1
3207 6209 74079439 1
3190 6110 74079449 1
3176 6030 74079459 1
3167 5962 74079469 1
3159 5903 74079479 1
3153 5871 74079489 1
3153 5861 74079499 1
3153 5866 74079509 1
3153 5875 74079519 1
3146 5909 74079529 1
3141 5960 74079539 1
3150 6028 74079549 1
3164 6122 74079559 1
3186 6234 74079569 1
3208 6361 74079579 1
3242 6645 74079620 0
3260 6757 74079630 1
3278 6807 74079640 1
3305 6853 74079650 1
3342 6906 74079660 1
3395 6963 74079670 1
3457 7007 74079680 1
3515 7049 74079690 1
3570 7083 74079700 1
3622 7110 74079710 1
3666 7128 74079720 1
3691 7138 74079730 1
3704 7138 74079740 1
3704 7126 74079750 1
3692 7105 74079760 1
3669 7065 74079770 1
3626 7013 74079780 1
3568 6943 74079790 1
3499 6863 74079800 1
3420 6776 74079810 1
3338 6698 74079820 1
3253 6627 74079830 1
3175 6560 74079840 1
3098 6496 74079850 1
3042 6440 74079860 1
2999 6390 74079870 1
2975 6352 74079880 1
2967 6338 74079890 1
2967 6338 74079900 1
2983 6338 74079910 1
3029 6362 74079920 1
3096 6403 74079930 1
3199 6467 74079940 1
3295 6527 74079950 1
3386 6582 74079960 1
3470 6630 74079970 1
3549 6670 74079980 1
3625 6702 74079990 1
3676 6715 74080000 1
3704 6715 74080010 1
3716 6707 74080020 1
3716 6692 74080030 1
3678 6656 74080040 1
3622 6609 74080050 1
3544 6546 74080060 1
3450 6464 74080070 1
3346 6369 74080080 1
3229 6265 74080081 1
3111 6170 74080091 1
2992 6080 74080101 1
2912 6004 74080111 1
2856 5942 74080121 1
2816 5890 74080131 1
2796 5857 74080141 1
2796 5842 74080151 1
2796 5842 74080161 1
2820 5842 74080171 1
2872 5877 74080181 1
2943 5927 74080191 1
3043 5988 74080201 1
3143 6047 74080211 1
3240 6105 74080221 1
3309 6146 74080231 1
3363 6170 74080241 1
3398 6184 74080251 1
3418 6184 74080261 1
3428 6174 74080271 1
3428 6146 74080281 1
3412 6106 74080291 1
3385 6045 74080301 1
3347 5957 74080311 1
3305 5851 74080321 1
3261 5745 74080331 1
3229 5634 74080341 1
3197 5520 74080351 1
3169 5386 74080361 1
3144 5240 74080371 1
3123 5085 74080381 1
3104 4933 74080391 1
3092 4806 74080401 1
3092 4695 74080411 1
3092 4624 74080421 1
3087 4553 74080431 1
3087 4515 74080441 1
3087 4501 74080451 1
3087 4501 74080461 1
3095 4518 74080471 1
3128 4550 74080481 1
3178 4630 74080491 1
3248 4749 74080501 1
3322 4894 74080511 1
3403 5043 74080521 1
3485 5189 74080531 1
3563 5312 74080541 1
3637 5422 74080551 1
3706 5505 74080561 1
3760 5583 74080571 1
3804 5650 74080581 1
3838 5712 74080591 1
3862 5767 74080601 1
3878 5815 74080611 1
3878 5855 74080621 1
3873 5881 74080631 1
3861 5900 74080641 1
3838 5909 74080651 1
3807 5909 74080661 1
3771 5909 74080671 1
3710 5895 74080681 1
3638 5873 74080691 1
3559 5845 74080701 1
3481 5812 74080711 1
3407 5779 74080721 1
3340 5748 74080731 1
3282 5716 74080741 1
3235 5688 74080751 1
3197 5662 74080761 1
3168 5637 74080771 1
3147 5616 74080781 1
3131 5598 74080791 1
3120 5577 74080801 1
3114 5556 74080811 1
3114 5537 74080821 1
3119 5520 74080831 1
3129 5499 74080841 1
3146 5479 74080851 1
3164 5462 74080861 1
3188 5446 74080871 1
3215 5431 74080881 1
3246 5415 74080891 1
3277 5399 74080901 1
3310 5383 74080911 1
3345 5364 74080921 1
3383 5344 74080931 1
3425 5319 74080942 1
3473 5294 74080952 1
3525 5267 74080962 1
3584 5237 74080972 1
3647 5204 74080982 1
3715 5166 74080992 1
3784 5124 74081002 1
3849 5081 74081012 1
3912 5040 74081022 1
3981 5000 74081032 1
4049 4968 74081042 1
4117 4938 74081052 1
4185 4910 74081062 1
4246 4880 74081072 1
4304 4849 74081082 1
4359 4815 74081092 1
4409 4780 74081102 1
4459 4745 74081112 1
4504 4715 74081122 1
4545 4688 74081132 1
4584 4665 74081142 1
4617 4648 74081152 1
4645 4635 74081162 1
4664 4627 74081172 1
4674 4627 74081182 1
4674 4627 74081192 1
5914 7225 74081884 0
5914 7225 74081894 1
5914 7225 74081904 1
5921 7260 74081914 1
5921 7278 74081924 1
5921 7278 74081934 1
5921 7278 74081944 1
5921 7278 74081954 1
5909 7268 74081964 1
5893 7241 74081974 1
5868 7202 74081984 1
5834 7147 74081994 1
5793 7069 74082004 1
5738 6977 74082014 1
5677 6842 74082024 1
5613 6707 74082034 1
5548 6521 74082044 1
5485 6301 74082054 1
5430 6103 74082064 1
5389 5911 74082074 1
5356 5722 74082084 1
5326 5569 74082094 1
5297 5398 74082104 1
5274 5216 74082114 1
5257 5059 74082124 1
5245 4954 74082134 1
5237 4883 74082144 1
5237 4845 74082154 1
5231 4845 74082164 1
5231 4881 74082174 1
5231 4969 74082184 1
5249 5095 74082194 1
5277 5247 74082204 1
5326 5449 74082214 1
6649 7588 74082364 0
6746 7680 74082374 1
6808 7724 74082384 1
6889 7780 74082394 1
6982 7845 74082404 1
7059 7894 74082414 1
7153 7943 74082424 1
7259 7993 74082434 1
7377 8043 74082444 1
7485 8067 74082454 1
7536 8074 74082464 1
7553 8064 74082474 1
7564 8050 74082484 1
7564 8028 74082494 1
7564 8000 74082504 1
7564 7966 74082514 1
7564 7927 74082524 1
7569 7882 74082534 1
7569 7832 74082544 1
7562 7775 74082554 1
7550 7709 74082564 1
7534 7633 74082574 1
7516 7550 74082584 1
7498 7451 74082594 1
7476 7341 74082604 1
7451 7230 74082614 1
7433 7117 74082624 1
7411 7000 74082634 1
7376 6874 74082644 1
7332 6743 74082654 1
7287 6617 74082664 1
7247 6486 74082674 1
7217 6347 74082684 1
7185 6208 74082694 1
7151 6070 74082704 1
7120 5912 74082714 1
7086 5741 74082724 1
7047 5582 74082734 1
7006 5406 74082744 1
6966 5218 74082754 1
6938 5055 74082764 1
6917 4890 74082774 1
6912 4722 74082784 1
6907 4553 74082794 1
6899 4412 74082804 1
6887 4273 74082814 1
6874 4135 74082824 1
6854 4029 74082834 1
6828 3960 74082844 1
6800 3915 74082854 1
6772 3906 74082864 1
6744 3934 74082874 1
6711 3988 74082884 1
6675 4098 74082894 1
6641 4253 74082904 1
5735 6284 74083095 0
5715 6322 74083105 1
5704 6322 74083115 1
5727 6345 74083125 1
5774 6377 74083135 1
5859 6448 74083145 1
5944 6510 74083155 1
6028 6567 74083165 1
6148 6629 74083175 1
6282 6691 74083185 1
6426 6754 74083195 1
6525 6798 74083205 1
6594 6830 74083215 1
6643 6853 74083225 1
6669 6868 74083235 1
6679 6879 74083245 1
6679 6884 74083255 1
6672 6889 74083265 1
6658 6896 74083275 1
6639 6905 74083285 1
6614 6912 74083295 1
6588 6920 74083305 1
6561 6927 74083315 1
6540 6935 74083325 1
6532 6942 74083335 1
6532 6955 74083345 1
6532 6971 74083355 1
6538 6984 74083365 1
6538 6997 74083375 1
6538 7009 74083385 1
6529 7019 74083395 1
6523 7027 74083405 1
6523 7033 74083415 1
6514 7033 74083425 1
6509 7033 74083435 1
6504 7033 74083445 1
6497 7027 74083455 1
6483 7012 74083465 1
6463 6982 74083475 1
6438 6943 74083485 1
6414 6892 74083495 1
6385 6837 74083505 1
6353 6780 74083515 1
6316 6724 74083525 1
6278 6661 74083535 1
6239 6598 74083545 1
6204 6533 74083555 1
6171 6468 74083565 1
6141 6403 74083575 1
6114 6341 74083585 1
6090 6294 74083595 1
6068 6257 74083605 1
6047 6223 74083606 1
6030 6193 74083616 1
6013 6166 74083626 1
5997 6144 74083636 1
5983 6127 74083646 1
5972 6113 74083656 1
5962 6103 74083666 1
5953 6095 74083676 1
5945 6089 74083686 1
5939 6089 74083696 1
5934 6089 74083706 1
5934 6089 74083716 1
5929 6089 74083726 1
5929 6084 74083736 1
5929 6084 74083746 1
5924 6084 74083756 1
5924 6084 74083766 1
5924 6079 74083776 1
5919 6079 74083786 1
5919 6079 74083796 1
5919 6079 74083806 1
5919 6079 74083816 1
5919 6079 74083826 1
5919 6079 74083836 1
5919 6079 74083846 1
5919 6079 74083856 1
5919 6079 74083866 1
5919 6079 74083876 1
5919 6079 74083886 1
5919 6079 74083896 1
5919 6079 74083906 1
5919 6079 74083916 1
5919 6079 74083926 1
5924 6084 74083936 1
5924 6084 74083946 1
5936 6090 74083956 1
5949 6097 74083966 1
5966 6106 74083976 1
5990 6121 74083986 1
6034 6143 74083996 1
6091 6170 74084006 1
6152 6193 74084016 1
6211 6213 74084026 1
6261 6226 74084036 1
6306 6233 74084046 1
6345 6238 74084047 1
6375 6238 74084057 1
6400 6238 74084067 1
6420 6238 74084077 1
6438 6233 74084087 1
6454 6233 74084097 1
6463 6225 74084107 1
6469 6225 74084117 1
6474 6217 74084127 1
6474 6212 74084137 1
6469 6192 74084147 1
6457 6170 74084157 1
6447 6146 74084167 1
6436 6123 74084177 1
6422 6096 74084187 1
6407 6068 74084197 1
6394 6042 74084207 1
6381 6016 74084217 1
6362 5989 74084227 1
6337 5956 74084237 1
6312 5920 74084247 1
6283 5877 74084257 1
6251 5832 74084267 1
6216 5788 74084277 1
6182 5746 74084287 1
6150 5705 74084297 1
6123 5664 74084307 1
6100 5629 74084317 1
6078 5597 74084327 1
6056 5553 74084337 1
6033 5507 74084347 1
6013 5461 74084357 1
5997 5417 74084367 1
5985 5374 74084377 1
5974 5329 74084387 1
5966 5291 74084397 1
5960 5258 74084407 1
5960 5225 74084417 1
5960 5199 74084427 1
5968 5178 74084437 1
5979 5162 74084447 1
5995 5155 74084457 1
6020 5155 74084467 1
6060 5160 74084477 1
6108 5167 74084487 1
6157 5175 74084497 1
6211 5190 74084507 1
6264 5215 74084517 1
6314 5246 74084527 1
6358 5281 74084537 1
6384 5316 74084547 1
6397 5359 74084557 1
6397 5407 74084567 1
6397 5467 74084577 1
6383 5543 74084587 1
6368 5629 74084597 1
6353 5728 74084607 1
6332 5830 74084617 1
6308 5935 74084627 1
