246
2348 7653 27024368 0
2307 7581 27024378 1
2232 7609 27024388 1
2176 7625 27024398 1
2149 7611 27024408 1
2141 7611 27024418 1
2146 7611 27024428 1
2156 7611 27024438 1
2194 7604 27024448 1
2249 7604 27024458 1
2318 7618 27024468 1
2395 7618 27024478 1
2476 7618 27024488 1
2541 7597 27024498 1
2587 7562 27024508 1
2621 7463 27024518 1
2629 7360 27024528 1
2594 7254 27024538 1
2531 7111 27024548 1
2445 6979 27024558 1
2360 6855 27024568 1
2275 6781 27024578 1
2217 6740 27024588 1
2194 6721 27024598 1
2194 6721 27024608 1
2217 6693 27024618 1
2268 6654 27024628 1
2338 6564 27024638 1
2417 6372 27024648 1
2488 6112 27024658 1
2549 5767 27024668 1
2605 5473 27024678 1
2654 5212 27024688 1
2667 5003 27024698 1
2656 4819 27024708 1
2622 4652 27024718 1
2579 4523 27024728 1
2531 4393 27024738 1
2475 4277 27024748 1
2423 4171 27024758 1
2376 4098 27024768 1
2349 4065 27024778 1
2334 4059 27024788 1
2334 4079 27024798 1
4325 8260 27024969 0
4347 8201 27024979 1
4243 8156 27024989 1
4127 7892 27024999 1
4002 7488 27025009 1
3937 7116 27025019 1
3899 6801 27025029 1
3879 6524 27025039 1
3861 6320 27025049 1
3836 6197 27025059 1
3805 6128 27025069 1
3782 6109 27025079 1
3773 6118 27025089 1
3773 6145 27025099 1
4154 7888 27025159 0
4197 8133 27025169 1
4179 8102 27025179 1
4171 8112 27025189 1
4214 8121 27025199 1
4290 8131 27025209 1
4434 8148 27025219 1
4581 8166 27025229 1
4698 8154 27025239 1
4793 8130 27025249 1
4833 8097 27025259 1
4852 8061 27025269 1
4858 8023 27025279 1
4845 7956 27025289 1
4324 7471 27025360 0
4120 7238 27025370 1
4043 7220 27025380 1
4013 7273 27025390 1
4013 7273 27025400 1
4033 7273 27025410 1
4100 7273 27025420 1
4190 7292 27025430 1
4295 7304 27025440 1
4377 7310 27025450 1
4440 7297 27025460 1
4490 7273 27025470 1
4516 7243 27025480 1
4509 7190 27025490 1
4479 7121 27025500 1
4405 7036 27025510 1
4282 6938 27025520 1
4127 6832 27025530 1
3959 6756 27025540 1
3815 6693 27025550 1
3688 6638 27025560 1
3584 6592 27025570 1
3548 6576 27025580 1
3556 6581 27025590 1
3632 6621 27025600 1
3757 6680 27025610 1
3915 6753 27025620 1
4060 6784 27025630 1
4186 6771 27025640 1
4300 6729 27025650 1
4352 6634 27025660 1
4369 6498 27025670 1
4362 6336 27025680 1
4309 6148 27025690 1
4216 5932 27025700 1
4097 5697 27025710 1
3983 5493 27025720 1
3873 5284 27025730 1
3812 5150 27025740 1
3783 5067 27025750 1
3802 5026 27025760 1
3880 5026 27025770 1
3996 5046 27025780 1
4183 5135 27025790 1
4393 5265 27025800 1
4618 5422 27025810 1
4836 5601 27025820 1
4997 5787 27025830 1
5120 5979 27025840 1
5171 6072 27025850 1
5171 6123 27025860 1
5136 6146 27025870 1
5063 6164 27025880 1
4954 6154 27025890 1
4821 6125 27025900 1
4672 6080 27025910 1
4527 6000 27025920 1
4423 5898 27025930 1
4343 5760 27025940 1
4343 5621 27025950 1
4402 5481 27025960 1
4502 5376 27025970 1
4637 5294 27025980 1
4786 5277 27025990 1
4944 5308 27026000 1
5096 5372 27026010 1
7793 7993 27026211 0
7765 7980 27026221 1
7727 8026 27026231 1
7698 8047 27026241 1
7674 7997 27026251 1
7613 7899 27026261 1
7526 7648 27026271 1
7399 7256 27026281 1
7261 6770 27026291 1
7115 6292 27026301 1
6976 5774 27026311 1
6880 5229 27026321 1
6813 4783 27026331 1
6759 4517 27026341 1
6705 4371 27026351 1
6675 4227 27026361 1
6661 4177 27026371 1
6672 4191 27026381 1
6750 4293 27026391 1
6873 4525 27026401 1
7021 4843 27026411 1
8064 7636 27026471 0
8352 8241 27026481 1
8463 8407 27026491 1
8573 8567 27026501 1
8731 8646 27026511 1
8921 8720 27026521 1
9081 8756 27026531 1
9185 8770 27026541 1
9252 8747 27026551 1
9260 8691 27026561 1
9231 8614 27026571 1
9176 8442 27026581 1
9085 8154 27026591 1
8977 7788 27026601 1
8858 7336 27026611 1
8737 6812 27026621 1
8674 6241 27026631 1
8650 5755 27026641 1
8650 5388 27026651 1
8650 5101 27026661 1
8639 4824 27026671 1
8594 4662 27026681 1
8560 4576 27026691 1
8532 4532 27026701 1
8526 4532 27026711 1
8520 4551 27026721 1
8532 4677 27026731 1
7660 6808 27026842 0
7686 6883 27026852 1
7686 6973 27026862 1
7720 7069 27026872 1
7828 7138 27026882 1
7987 7203 27026892 1
8132 7230 27026902 1
8281 7230 27026912 1
8366 7280 27026922 1
8405 7314 27026932 1
8431 7339 27026942 1
8447 7392 27026952 1
8455 7471 27026962 1
8455 7568 27026972 1
8455 7664 27026982 1
8461 7752 27026992 1
8446 7836 27027002 1
8418 7856 27027012 1
8369 7818 27027022 1
8275 7742 27027032 1
8152 7531 27027042 1
8023 7281 27027052 1
7917 7006 27027062 1
7825 6798 27027072 1
7754 6660 27027082 1
7684 6569 27027092 1
7614 6505 27027102 1
7566 6475 27027112 1
7522 6469 27027122 1
7499 6476 27027132 1
7487 6486 27027142 1
7492 6497 27027152 1
7551 6536 27027162 1
7646 6576 27027172 1
7753 6616 27027182 1
7860 6621 27027192 1
7930 6585 27027202 1
7976 6523 27027212 1
7976 6409 27027222 1
7924 6256 27027232 1
7834 6076 27027242 1
7719 5902 27027252 1
7606 5729 27027262 1
7494 5578 27027272 1
7408 5442 27027282 1
7338 5323 27027292 1
7323 5233 27027302 1
7353 5163 27027312 1
7412 5126 27027322 1
7505 5131 27027332 1
7599 5164 27027342 1
7696 5237 27027352 1
7772 5335 27027362 1
7834 5449 27027372 1
7869 5581 27027372 1
7869 5714 27027382 1
7854 5847 27027392 1
7798 5939 27027402 1
7715 6005 27027412 1
7615 6054 27027422 1
