301
5434 6319 64056474 0
5382 6271 64056484 1
5338 6292 64056494 1
5314 6375 64056504 1
5280 6402 64056514 1
5239 6392 64056524 1
5226 6386 64056534 1
5268 6386 64056544 1
5346 6398 64056555 1
5475 6428 64056565 1
5643 6486 64056575 1
5838 6543 64056585 1
5964 6582 64056595 1
6078 6608 64056605 1
6185 6608 64056615 1
6261 6573 64056625 1
6299 6516 64056635 1
6312 6397 64056645 1
6270 6247 64056655 1
6195 6076 64056665 1
6097 5917 64056675 1
5979 5774 64056685 1
5840 5643 64056695 1
5688 5557 64056705 1
5550 5490 64056715 1
5439 5435 64056725 1
5346 5418 64056735 1
5288 5418 64056745 1
5265 5429 64056755 1
5265 5439 64056765 1
5289 5476 64056775 1
5353 5530 64056785 1
5444 5584 64056795 1
5540 5635 64056805 1
5639 5679 64056815 1
5742 5717 64056825 1
5848 5749 64056835 1
5936 5774 64056845 1
6013 5796 64056855 1
6067 5796 64056865 1
6090 5791 64056875 1
6090 5760 64056885 1
6034 5642 64056895 1
5936 5467 64056905 1
5813 5279 64056915 1
5661 5098 64056925 1
5514 4921 64056935 1
5401 4772 64056945 1
5309 4679 64056955 1
5264 4624 64056965 1
5269 4614 64056975 1
5306 4623 64056985 1
5397 4645 64056995 1
5530 4721 64057005 1
5692 4779 64057015 1
5829 4826 64057025 1
5913 4764 64057035 1
5961 4611 64057045 1
5981 4397 64057055 1
5981 4099 64057065 1
5974 3818 64057075 1
5931 3548 64057085 1
5851 3357 64057095 1
5745 3184 64057105 1
5601 3024 64057115 1
5457 2903 64057125 1
5346 2829 64057135 1
7056 6954 64057346 0
7148 6999 64057356 1
7118 7035 64057366 1
7118 7085 64057376 1
7137 7043 64057386 1
7130 6882 64057396 1
7083 6641 64057406 1
7008 6298 64057416 1
6933 5930 64057426 1
6860 5545 64057436 1
6794 5199 64057446 1
6735 4917 64057456 1
6696 4678 64057466 1
6668 4564 64057476 1
6654 4505 64057486 1
6654 4484 64057496 1
6654 4494 64057506 1
6671 4572 64057516 1
7053 6216 64057586 0
7182 6523 64057596 1
7177 6640 64057606 1
7236 6713 64057616 1
7356 6756 64057626 1
7517 6831 64057636 1
7631 6888 64057646 1
7715 6905 64057656 1
7780 6905 64057666 1
7813 6891 64057676 1
7813 6846 64057686 1
7788 6779 64057696 1
7234 6247 64057756 0
6974 6033 64057766 1
6891 5980 64057776 1
6829 5964 64057786 1
6844 5945 64057796 1
6895 5938 64057806 1
6969 5938 64057816 1
7086 5967 64057826 1
7210 5995 64057836 1
7339 6023 64057846 1
7415 6023 64057856 1
7449 6003 64057866 1
7455 5978 64057876 1
7421 5932 64057886 1
7348 5856 64057896 1
6818 5464 64057937 0
6609 5258 64057947 1
6551 5225 64057957 1
6559 5232 64057967 1
6608 5232 64057977 1
6683 5271 64057987 1
6825 5335 64057997 1
6967 5411 64058007 1
7106 5483 64058017 1
7230 5529 64058027 1
7347 5560 64058037 1
7415 5560 64058047 1
7438 5543 64058057 1
5910 4270 64058187 0
5813 4125 64058197 1
5793 4182 64058207 1
5847 4171 64058217 1
5939 4223 64058227 1
6043 4317 64058237 1
6201 4440 64058247 1
6396 4564 64058257 1
6586 4690 64058267 1
6760 4822 64058277 1
6924 4919 64058287 1
7022 4993 64058297 1
7083 5017 64058307 1
7119 5002 64058317 1
7106 4962 64058327 1
7053 4861 64058337 1
6973 4720 64058347 1
6873 4553 64058357 1
6752 4324 64058367 1
6618 4047 64058377 1
6514 3737 64058387 1
6446 3505 64058397 1
6403 3355 64058407 1
6403 3261 64058417 1
6446 3218 64058427 1
6514 3248 64058437 1
6655 3326 64058447 1
6839 3466 64058457 1
7051 3636 64058467 1
7259 3825 64058477 1
7458 4025 64058487 1
7577 4151 64058497 1
7646 4227 64058507 1
7657 4239 64058517 1
7626 4246 64058527 1
7568 4212 64058537 1
7426 4152 64058547 1
7253 4069 64058557 1
7060 4005 64058567 1
6938 3953 64058577 1
6867 3897 64058587 1
6831 3880 64058597 1
6884 3890 64058607 1
6994 3865 64058617 1
7143 3840 64058627 1
7341 3828 64058637 1
7521 3828 64058647 1
7690 3828 64058657 1
7812 3828 64058667 1
7884 3836 64058677 1
7922 3841 64058687 1
7938 3841 64058697 1
7951 3841 64058707 1
7962 3841 64058717 1
8937 6161 64059088 0
8900 6255 64059098 1
8870 6278 64059108 1
8865 6269 64059118 1
8877 6240 64059128 1
8860 6110 64059138 1
8824 5869 64059148 1
8774 5554 64059158 1
8665 5155 64059168 1
8561 4717 64059178 1
8496 4252 64059188 1
8454 3910 64059198 1
8395 3653 64059208 1
8350 3452 64059218 1
8336 3327 64059228 1
8336 3269 64059238 1
8357 3255 64059248 1
8382 3269 64059258 1
9130 5995 64059379 0
9351 6176 64059389 1
9418 6350 64059399 1
9593 6457 64059409 1
9750 6546 64059419 1
9896 6623 64059429 1
10015 6643 64059439 1
10103 6651 64059449 1
10170 6651 64059459 1
10225 6651 64059469 1
10265 6646 64059479 1
10294 6641 64059489 1
10316 6635 64059499 1
10331 6625 64059509 1
10342 6610 64059519 1
10354 6565 64059529 1
10354 6502 64059539 1
10337 6401 64059549 1
10314 6282 64059559 1
10275 6150 64059569 1
10224 5975 64059579 1
10159 5736 64059589 1
10085 5455 64059599 1
10005 5072 64059609 1
9922 4674 64059619 1
9864 4265 64059629 1
9822 3919 64059639 1
9761 3615 64059649 1
9738 3338 64059659 1
9738 3187 64059669 1
9752 3092 64059679 1
9760 3034 64059689 1
9760 2954 64059699 1
9744 2880 64059709 1
9735 2821 64059719 1
9727 2769 64059729 1
9719 2754 64059739 1
9719 2763 64059749 1
9725 2788 64059759 1
9725 2878 64059769 1
9743 2993 64059779 1
8740 4924 64059929 0
8816 4919 64059939 1
8824 4949 64059949 1
8905 4981 64059959 1
9034 5010 64059969 1
9183 5077 64059979 1
9305 5170 64059989 1
9410 5226 64059999 1
9494 5262 64060000 1
9545 5285 64060010 1
9574 5296 64060020 1
9574 5308 64060030 1
9550 5323 64060040 1
9469 5404 64060070 0
9388 5469 64060080 1
9352 5457 64060090 1
9323 5440 64060100 1
9298 5387 64060110 1
9280 5311 64060120 1
9271 5220 64060130 1
9271 5124 64060140 1
9271 5018 64060150 1
8957 4648 64060210 0
8843 4572 64060220 1
8817 4556 64060230 1
8823 4556 64060240 1
8884 4556 64060250 1
8981 4594 64060260 1
9102 4666 64060270 1
9234 4731 64060280 1
9373 4789 64060290 1
9493 4834 64060300 1
9573 4851 64060310 1
9626 4851 64060320 1
9103 4575 64060410 0
9066 4246 64060420 1
9031 4273 64060430 1
8961 4196 64060440 1
8956 4051 64060450 1
8956 4005 64060460 1
8956 3963 64060470 1
8966 3924 64060480 1
8980 3908 64060490 1
8999 3908 64060500 1
9019 3923 64060510 1
9037 3973 64060520 1
9064 4050 64060530 1
9096 4146 64060540 1
9136 4243 64060550 1
9189 4333 64060560 1
9251 4381 64060570 1
9312 4405 64060580 1
9358 4399 64060590 1
9394 4359 64060600 1
9411 4297 64060610 1
9391 4211 64060620 1
9345 4133 64060630 1
9277 4060 64060640 1
9209 3991 64060650 1
9168 3948 64060660 1
9145 3922 64060670 1
9157 3913 64060680 1
9223 3926 64060690 1
