328
3534 7134 64027763 0
3469 7016 64027773 1
3397 7016 64027783 1
3308 7064 64027793 1
3318 7043 64027803 1
3330 7043 64027813 1
3389 7050 64027823 1
3478 7101 64027833 1
3653 7182 64027843 1
3855 7284 64027853 1
4075 7382 64027863 1
4300 7457 64027873 1
4473 7517 64027883 1
4611 7538 64027893 1
4709 7523 64027903 1
4762 7483 64027913 1
4784 7414 64027923 1
4760 7320 64027933 1
4698 7209 64027943 1
4611 7075 64027953 1
4497 6936 64027963 1
4366 6791 64027973 1
4223 6665 64027983 1
4061 6550 64027993 1
3930 6438 64028003 1
3819 6358 64028013 1
3730 6299 64028023 1
3684 6271 64028033 1
3667 6266 64028043 1
3682 6276 64028053 1
3742 6301 64028063 1
3831 6356 64028073 1
3953 6431 64028083 1
4076 6497 64028093 1
4184 6532 64028103 1
4283 6547 64028113 1
4341 6541 64028123 1
4381 6530 64028133 1
4408 6511 64028143 1
4419 6488 64028153 1
4408 6428 64028163 1
4383 6343 64028173 1
4320 6218 64028183 1
4239 6082 64028193 1
4147 5938 64028203 1
4054 5785 64028213 1
3967 5674 64028223 1
3892 5590 64028233 1
3836 5518 64028243 1
3793 5478 64028253 1
3783 5460 64028263 1
3790 5460 64028273 1
3809 5460 64028274 1
3859 5467 64028284 1
3949 5513 64028294 1
4066 5586 64028304 1
4194 5644 64028314 1
4297 5676 64028324 1
4382 5690 64028334 1
4428 5671 64028344 1
4437 5575 64028354 1
4422 5429 64028364 1
4360 5187 64028374 1
4259 4908 64028384 1
4133 4604 64028394 1
3999 4264 64028404 1
3868 3857 64028414 1
3742 3405 64028424 1
3603 2923 64028434 1
3456 2495 64028444 1
3326 2104 64028454 1
3202 1863 64028464 1
3121 1736 64028474 1
3067 1684 64028484 1
5386 7085 64028785 0
5331 7109 64028795 1
5331 7124 64028805 1
5331 7124 64028815 1
5342 7133 64028825 1
5347 7144 64028835 1
5352 7154 64028845 1
5352 7166 64028855 1
5352 7173 64028865 1
5358 7173 64028875 1
5358 7179 64028885 1
5358 7179 64028895 1
5358 7123 64028905 1
5330 7029 64028915 1
5287 6770 64028925 1
5217 6446 64028935 1
5135 6078 64028945 1
5045 5660 64028955 1
4982 5288 64028965 1
4924 4948 64028975 1
4894 4720 64028985 1
4880 4610 64028995 1
4880 4578 64029005 1
4900 4570 64029015 1
4932 4632 64029025 1
4999 4740 64029035 1
5316 6609 64029105 0
5364 6709 64029115 1
5395 6791 64029125 1
5450 6859 64029135 1
5584 6919 64029145 1
5688 6986 64029155 1
5773 7021 64029165 1
5840 7035 64029175 1
5880 7041 64029185 1
5902 7041 64029195 1
5913 7049 64029205 1
5920 7049 64029215 1
5920 7049 64029225 1
5932 7049 64029235 1
5322 6212 64029325 0
5294 6150 64029335 1
5294 6182 64029345 1
5332 6205 64029355 1
5412 6266 64029365 1
5485 6352 64029375 1
5554 6398 64029385 1
5638 6429 64029395 1
5724 6449 64029405 1
5788 6449 64029415 1
5836 6402 64029425 1
5455 5934 64029476 0
5156 5643 64029486 1
5058 5571 64029496 1
4993 5532 64029506 1
4993 5532 64029516 1
5019 5549 64029526 1
5069 5582 64029536 1
5179 5651 64029546 1
5301 5716 64029556 1
5430 5775 64029566 1
5531 5799 64029576 1
4992 5075 64029656 0
4651 4765 64029666 1
4545 4693 64029676 1
4478 4639 64029686 1
4445 4630 64029696 1
4486 4650 64029706 1
4576 4740 64029716 1
4755 4870 64029726 1
4934 5028 64029736 1
5116 5155 64029746 1
5275 5224 64029756 1
5419 5255 64029766 1
5505 5228 64029776 1
5528 5117 64029786 1
5509 4951 64029796 1
5430 4696 64029806 1
5326 4441 64029816 1
5205 4187 64029826 1
5091 3961 64029836 1
5012 3759 64029846 1
4955 3574 64029856 1
4923 3437 64029866 1
4917 3353 64029876 1
4928 3305 64029886 1
4980 3291 64029896 1
5106 3376 64029906 1
5280 3528 64029916 1
5497 3758 64029926 1
5720 4033 64029926 1
5947 4337 64029936 1
6060 4527 64029946 1
6106 4607 64029956 1
6106 4615 64029966 1
6080 4599 64029976 1
6017 4537 64029986 1
5931 4445 64029996 1
5807 4316 64030006 1
5668 4209 64030016 1
5520 4117 64030026 1
5408 4047 64030036 1
5326 4005 64030046 1
5263 3982 64030056 1
5271 3982 64030066 1
5332 3995 64030076 1
5428 4011 64030086 1
5597 4019 64030096 1
5779 4019 64030106 1
5970 4005 64030116 1
6125 4005 64030126 1
6225 4005 64030136 1
6289 4005 64030146 1
6302 4005 64030156 1
6302 4005 64030166 1
6302 4005 64030176 1
6302 4010 64030186 1
6292 4010 64030196 1
6284 4017 64030206 1
6868 6168 64030657 0
6868 6116 64030667 1
6849 6197 64030677 1
6817 6229 64030687 1
6846 6229 64030697 1
6886 6274 64030707 1
6934 6297 64030717 1
6968 6306 64030727 1
6992 6272 64030737 1
7009 6137 64030747 1
7004 5936 64030757 1
6976 5648 64030767 1
6933 5312 64030777 1
6887 4944 64030787 1
6838 4577 64030797 1
6788 4271 64030807 1
6736 4005 64030817 1
6683 3815 64030827 1
6628 3692 64030837 1
6580 3615 64030847 1
6555 3580 64030857 1
6544 3580 64030867 1
7547 6405 64030978 0
7736 6515 64030988 1
7721 6670 64030998 1
7768 6748 64031008 1
7856 6776 64031018 1
8012 6883 64031028 1
8141 6973 64031038 1
8251 7051 64031058 1
8366 7114 64031068 1
8460 7159 64031078 1
8540 7191 64031088 1
8613 7207 64031098 1
8681 7207 64031108 1
8745 7200 64031118 1
8799 7172 64031128 1
8834 7140 64031138 1
8855 7070 64031148 1
8844 6978 64031158 1
8798 6798 64031168 1
8728 6563 64031178 1
8647 6292 64031188 1
8565 5926 64031198 1
8481 5548 64031208 1
8418 5163 64031218 1
8376 4794 64031228 1
8348 4492 64031228 1
8325 4236 64031238 1
8292 3923 64031248 1
8253 3665 64031258 1
8227 3445 64031268 1
8214 3291 64031278 1
8214 3184 64031288 1
8202 3108 64031298 1
8189 3080 64031308 1
8173 3067 64031318 1
8145 3067 64031328 1
8105 3085 64031338 1
8057 3141 64031348 1
8031 3221 64031358 1
7018 5227 64031549 0
6980 5072 64031559 1
6947 5128 64031569 1
6903 5155 64031579 1
6956 5162 64031589 1
7064 5229 64031599 1
7208 5312 64031609 1
7361 5407 64031619 1
7493 5485 64031629 1
7610 5543 64031639 1
7695 5589 64031649 1
7753 5617 64031659 1
7792 5640 64031669 1
7806 5657 64031679 1
7801 5689 64031689 1
7783 5730 64031699 1
7750 5778 64031709 1
7707 5839 64031719 1
7658 5909 64031729 1
7608 5937 64031739 1
7558 5930 64031749 1
7509 5900 64031759 1
7463 5833 64031769 1
7421 5746 64031779 1
7395 5645 64031789 1
7380 5547 64031799 1
7368 5449 64031809 1
7353 5338 64031819 1
7321 5220 64031829 1
7279 5117 64031839 1
7151 4948 64031869 0
7011 4826 64031879 1
6950 4782 64031889 1
6895 4751 64031889 1
6895 4751 64031899 1
6895 4751 64031909 1
6895 4751 64031919 1
7015 4818 64031929 1
7190 4924 64031939 1
7379 5050 64031949 1
7549 5125 64031959 1
7673 5167 64031969 1
7772 5188 64031979 1
7218 4821 64032089 0
7179 4665 64032099 1
7137 4621 64032109 1
7080 4480 64032119 1
7080 4375 64032129 1
7108 4293 64032139 1
7144 4176 64032149 1
7184 4084 64032159 1
7178 4382 64032260 0
7266 4555 64032270 1
7305 4638 64032280 1
7338 4740 64032290 1
7419 4808 64032300 1
7499 4869 64032310 1
7579 4894 64032320 1
7652 4894 64032330 1
7714 4865 64032340 1
7768 4800 64032350 1
7791 4713 64032360 1
7769 4608 64032370 1
7717 4487 64032380 1
7633 4356 64032390 1
7537 4217 64032400 1
7434 4092 64032410 1
7370 4021 64032420 1
7370 3981 64032430 1
7405 3969 64032440 1
7485 3982 64032450 1
7625 4012 64032460 1
7806 4093 64032470 1
7981 4152 64032480 1
