452
3518 7504 27067110 0
3526 7387 27067120 1
3494 7410 27067130 1
3428 7503 27067140 1
3428 7496 27067150 1
3443 7484 27067160 1
3470 7466 27067170 1
3533 7466 27067180 1
3631 7484 27067190 1
3751 7521 27067200 1
3852 7555 27067210 1
3942 7572 27067220 1
4024 7578 27067230 1
4097 7572 27067240 1
4158 7564 27067250 1
4210 7555 27067260 1
4246 7548 27067270 1
4266 7542 27067280 1
4274 7542 27067290 1
4274 7542 27067300 1
4274 7542 27067310 1
4274 7542 27067320 1
4274 7537 27067330 1
4274 7537 27067340 1
4245 7495 27067350 1
4204 7429 27067360 1
4125 7310 27067370 1
4032 7168 27067380 1
3930 7011 27067390 1
3837 6872 27067400 1
3744 6772 27067410 1
3652 6698 27067420 1
3562 6638 27067430 1
3497 6599 27067440 1
3446 6575 27067450 1
3417 6565 27067460 1
3393 6565 27067470 1
3375 6565 27067480 1
3362 6570 27067490 1
3353 6570 27067500 1
3353 6570 27067510 1
3353 6570 27067520 1
3359 6575 27067530 1
3369 6580 27067540 1
3386 6589 27067550 1
3413 6601 27067560 1
3461 6617 27067570 1
3523 6637 27067580 1
3611 6660 27067590 1
3714 6690 27067600 1
3828 6724 27067610 1
3929 6750 27067620 1
4008 6756 27067630 1
4071 6748 27067640 1
4113 6714 27067650 1
4118 6638 27067660 1
4098 6534 27067670 1
4016 6382 27067680 1
3908 6249 27067690 1
3783 6129 27067700 1
3645 6034 27067710 1
3542 5966 27067720 1
3462 5916 27067730 1
3444 5904 27067740 1
3452 5895 27067750 1
3478 5889 27067760 1
3536 5904 27067770 1
3613 5935 27067780 1
3702 5978 27067790 1
3768 5990 27067800 1
3824 5959 27067810 1
3872 5900 27067820 1
3892 5738 27067830 1
3887 5508 27067840 1
3866 5232 27067850 1
3829 4924 27067860 1
3771 4615 27067870 1
3699 4350 27067880 1
3606 4115 27067890 1
3500 3893 27067900 1
3386 3680 27067910 1
3278 3472 27067920 1
3170 3307 27067930 1
3083 3169 27067940 1
3011 3048 27067950 1
2967 2975 27067960 1
2949 2945 27067970 1
2949 2945 27067980 1
2949 2955 27067990 1
2996 3081 27068000 1
5550 7864 27068261 0
5513 7843 27068271 1
5513 7869 27068281 1
5458 7918 27068291 1
5434 7910 27068301 1
5429 7775 27068311 1
5346 7555 27068321 1
5242 7240 27068331 1
5123 6907 27068341 1
5042 6563 27068351 1
4977 6301 27068361 1
4923 6095 27068371 1
4872 5927 27068381 1
4825 5819 27068391 1
4787 5757 27068401 1
4759 5725 27068411 1
4749 5710 27068421 1
4749 5710 27068431 1
4749 5710 27068441 1
5475 7431 27068582 0
5495 7523 27068592 1
5478 7622 27068602 1
5467 7645 27068612 1
5538 7617 27068622 1
5663 7622 27068632 1
5825 7622 27068642 1
5931 7622 27068652 1
5989 7622 27068662 1
6016 7622 27068672 1
6016 7622 27068682 1
6016 7622 27068692 1
6016 7622 27068702 1
6016 7622 27068712 1
6016 7622 27068722 1
6016 7622 27068732 1
6016 7622 27068742 1
5145 6808 27068862 0
5149 6754 27068872 1
5131 6779 27068882 1
5143 6779 27068892 1
5164 6770 27068902 1
5191 6763 27068912 1
5244 6758 27068922 1
5300 6766 27068932 1
5368 6781 27068942 1
5442 6798 27068952 1
5505 6812 27068962 1
5544 6819 27068972 1
5568 6819 27068982 1
5578 6819 27068992 1
5578 6819 27069002 1
5578 6819 27069012 1
5578 6819 27069022 1
5578 6814 27069032 1
4997 6339 27069153 0
5115 6301 27069163 1
5115 6326 27069173 1
5084 6385 27069183 1
5142 6397 27069193 1
5230 6420 27069203 1
5338 6450 27069213 1
5414 6470 27069223 1
5471 6487 27069233 1
4518 5867 27069333 0
4430 5751 27069343 1
4360 5751 27069353 1
4259 5726 27069363 1
4250 5697 27069373 1
4289 5670 27069383 1
4360 5670 27069393 1
4467 5689 27069403 1
4612 5733 27069413 1
4782 5775 27069423 1
4931 5816 27069433 1
5075 5843 27069443 1
5216 5865 27069453 1
5338 5874 27069463 1
5421 5874 27069473 1
5478 5879 27069483 1
5511 5879 27069493 1
5527 5879 27069503 1
5527 5873 27069513 1
5527 5873 27069523 1
5519 5868 27069533 1
5500 5845 27069543 1
5460 5810 27069553 1
5420 5784 27069563 1
5380 5761 27069573 1
5337 5740 27069583 1
5298 5731 27069593 1
5260 5723 27069603 1
5222 5717 27069613 1
5185 5717 27069623 1
5149 5710 27069633 1
5114 5710 27069643 1
5082 5703 27069653 1
5055 5703 27069663 1
5028 5697 27069673 1
5004 5697 27069683 1
4980 5688 27069693 1
4956 5688 27069703 1
4936 5681 27069713 1
4923 5681 27069723 1
4923 5681 27069733 1
4923 5681 27069743 1
4923 5676 27069753 1
4923 5667 27069763 1
4923 5624 27069773 1
4901 5559 27069783 1
4858 5401 27069793 1
4772 5192 27069803 1
4688 4948 27069813 1
4606 4731 27069823 1
4568 4569 27069833 1
4548 4445 27069843 1
4539 4341 27069853 1
4546 4271 27069863 1
4555 4224 27069873 1
4566 4196 27069883 1
4579 4178 27069893 1
4595 4167 27069903 1
4633 4167 27069913 1
4684 4195 27069923 1
4796 4246 27069933 1
4936 4347 27069944 1
5439 4802 27069984 0
5669 4978 27069994 1
5703 5031 27070004 1
5722 5058 27070014 1
5732 5067 27070024 1
5732 5067 27070034 1
5732 5059 27070044 1
5686 5051 27070054 1
5612 5013 27070064 1
5524 4985 27070074 1
5437 4965 27070084 1
5356 4965 27070094 1
5282 4977 27070104 1
5231 5001 27070114 1
5193 5040 27070124 1
5172 5083 27070134 1
5156 5130 27070144 1
5149 5136 27070154 1
5144 5151 27070164 1
5144 5171 27070174 1
5157 5166 27070184 1
5177 5156 27070194 1
5216 5137 27070204 1
5267 5083 27070214 1
5338 5008 27070224 1
5413 4872 27070234 1
5496 4718 27070244 1
5587 4553 27070254 1
5679 4419 27070264 1
5768 4318 27070274 1
5838 4239 27070284 1
5896 4198 27070294 1
5938 4172 27070304 1
5962 4156 27070314 1
5974 4150 27070324 1
5974 4150 27070334 1
5974 4150 27070344 1
5974 4150 27070354 1
7674 6751 27070735 0
7674 6751 27070745 1
7666 6787 27070755 1
7649 6792 27070765 1
7627 6792 27070775 1
7632 6740 27070785 1
7617 6652 27070795 1
7588 6426 27070805 1
7512 6132 27070815 1
7418 5794 27070825 1
7312 5448 27070835 1
7224 5076 27070845 1
7153 4687 27070855 1
7093 4355 27070865 1
7044 4024 27070875 1
7009 3693 27070885 1
6982 3487 27070895 1
6960 3318 27070905 1
6937 3173 27070915 1
6917 3085 27070925 1
6898 3049 27070935 1
6892 3049 27070945 1
6892 3064 27070955 1
6892 3168 27070965 1
8421 6836 27071135 0
8625 6989 27071145 1
8681 7073 27071155 1
8801 7159 27071165 1
8942 7203 27071175 1
9098 7221 27071185 1
9226 7221 27071195 1
9356 7221 27071205 1
9415 7221 27071215 1
9427 7230 27071225 1
9439 7236 27071235 1
9448 7236 27071245 1
9455 7236 27071255 1
9470 7225 27071265 1
9475 7191 27071275 1
9475 7143 27071285 1
9453 7078 27071295 1
9427 7016 27071305 1
9397 6956 27071315 1
9364 6893 27071325 1
9316 6809 27071335 1
9257 6710 27071345 1
9177 6544 27071355 1
9087 6287 27071365 1
8989 5970 27071375 1
8892 5588 27071385 1
8803 5181 27071395 1
8755 4758 27071396 1
8730 4452 27071406 1
8712 4168 27071416 1
8687 3899 27071426 1
8658 3670 27071436 1
8623 3500 27071446 1
8591 3370 27071456 1
8561 3261 27071466 1
8542 3180 27071476 1
8536 3118 27071486 1
8536 3089 27071496 1
8536 3079 27071506 1
8536 3079 27071516 1
8510 3089 27071526 1
8475 3106 27071536 1
8428 3129 27071546 1
8379 3152 27071556 1
8328 3193 27071566 1
8285 3245 27071576 1
8246 3337 27071586 1
8213 3487 27071596 1
7498 5922 27071816 0
7498 5922 27071826 1
7452 5936 27071836 1
7458 5936 27071846 1
7508 5924 27071856 1
7588 5908 27071866 1
7724 5926 27071876 1
7861 5957 27071886 1
7999 5997 27071896 1
8080 6017 27071906 1
8122 6025 27071916 1
8137 6025 27071926 1
8142 6025 27071936 1
8142 6020 27071946 1
8142 6015 27071956 1
8142 6015 27071966 1
8142 6008 27071976 1
8127 6008 27071986 1
8109 6018 27071996 1
8083 6045 27072006 1
8057 6075 27072016 1
8028 6107 27072026 1
7997 6159 27072036 1
7975 6173 27072046 1
7957 6163 27072056 1
7944 6114 27072066 1
7903 5989 27072076 1
7843 5813 27072086 1
7815 5688 27072096 1
7791 5584 27072106 1
7766 5493 27072116 1
7739 5426 27072126 1
7708 5380 27072136 1
7677 5348 27072146 1
7647 5319 27072156 1
7614 5294 27072166 1
7581 5271 27072176 1
7540 5253 27072186 1
7494 5231 27072196 1
7440 5205 27072206 1
7386 5176 27072216 1
7331 5152 27072226 1
7286 5131 27072236 1
7256 5119 27072246 1
7235 5114 27072256 1
7226 5114 27072266 1
7226 5114 27072276 1
7235 5114 27072286 1
7278 5120 27072296 1
7355 5133 27072306 1
7455 5161 27072316 1
7568 5189 27072326 1
7675 5218 27072336 1
7778 5239 27072346 1
7865 5258 27072356 1
7930 5272 27072366 1
7981 5281 27072376 1
8023 5287 27072386 1
8065 5292 27072396 1
8097 5292 27072406 1
8122 5292 27072416 1
8128 5292 27072426 1
8128 5287 27072436 1
8116 5287 27072446 1
8102 5293 27072456 1
8089 5293 27072466 1
8074 5299 27072476 1
8057 5299 27072486 1
7485 4850 27072598 0
7519 4697 27072608 1
7465 4697 27072618 1
7356 4587 27072628 1
7327 4410 27072638 1
7334 4306 27072648 1
7364 4227 27072658 1
7371 4166 27072668 1
7371 4150 27072678 1
7371 4150 27072688 1
7371 4150 27072698 1
7393 4160 27072708 1
7669 4897 27072818 0
7740 4924 27072828 1
7767 4945 27072838 1
7779 4975 27072848 1
7846 4995 27072858 1
7949 5015 27072868 1
8033 5015 27072878 1
8110 5006 27072888 1
8181 4993 27072898 1
8216 4981 27072908 1
8259 4966 27072918 1
8307 4944 27072928 1
8342 4896 27072938 1
8355 4831 27072948 1
8355 4746 27072958 1
8305 4674 27072968 1
8220 4610 27072978 1
8112 4554 27072988 1
7984 4509 27072998 1
7864 4472 27073008 1
7748 4451 27073018 1
7678 4431 27073028 1
7647 4413 27073038 1
7641 4397 27073048 1
7648 4372 27073058 1
7681 4351 27073068 1
7731 4335 27073078 1
7797 4335 27073088 1
7877 4346 27073098 1
7966 4365 27073108 1
8043 4380 27073118 1
8107 4389 27073128 1
8162 4389 27073138 1
8193 4381 27073148 1
8206 4374 27073158 1
8206 4374 27073168 1
8206 4374 27073178 1
8188 4367 27073188 1
8169 4367 27073198 1
8145 4361 27073208 1
8119 4361 27073218 1
8092 4361 27073228 1
8076 4361 27073238 1
8064 4361 27073248 1
8058 4367 27073258 1
8058 4367 27073268 1
8058 4372 27073278 1
