155
845 4486 27331674 0
726 4391 27331684 1
675 4490 27331694 1
669 4527 27331704 1
692 4527 27331714 1
782 4546 27331724 1
965 4592 27331734 1
1209 4655 27331744 1
1474 4721 27331754 1
1735 4800 27331764 1
1994 4887 27331774 1
2230 4942 27331784 1
2387 4956 27331794 1
2492 4944 27331804 1
1962 4652 27331894 0
1915 4438 27331904 1
1890 4370 27331914 1
1871 4301 27331924 1
1871 4212 27331934 1
1876 3989 27331944 1
1883 3676 27331954 1
1891 3366 27331964 1
1897 3033 27331974 1
1890 2684 27331984 1
1876 2448 27331994 1
1832 2211 27332004 1
1755 2019 27332014 1
1655 1858 27332024 1
1506 1750 27332034 1
1340 1737 27332044 1
1163 1788 27332054 1
3983 4583 27332294 0
4347 4571 27332304 1
4550 4739 27332314 1
4796 4879 27332324 1
5098 5019 27332334 1
5381 5140 27332344 1
5651 5249 27332354 1
5895 5233 27332364 1
6045 5274 27332374 1
6132 5352 27332384 1
5378 5468 27332495 0
5428 5311 27332505 1
5377 5311 27332515 1
5288 5372 27332525 1
5174 5280 27332535 1
5041 5071 27332545 1
4897 4799 27332555 1
4746 4510 27332565 1
4580 4210 27332575 1
4416 3893 27332585 1
4258 3616 27332595 1
4103 3367 27332605 1
3992 3163 27332615 1
4329 3843 27332705 0
4655 3933 27332715 1
4725 3984 27332725 1
4741 3944 27332735 1
4726 3779 27332745 1
4689 3532 27332755 1
4641 3193 27332765 1
4595 2852 27332775 1
4550 2511 27332785 1
4550 2235 27332795 1
4550 2024 27332805 1
4329 3061 27332895 0
4736 3387 27332905 1
4922 3669 27332915 1
5106 3996 27332925 1
5254 4121 27332935 1
5379 4165 27332945 1
5473 4156 27332955 1
5540 4080 27332965 1
5590 3927 27332975 1
5599 3723 27332985 1
5590 3530 27332995 1
5568 3339 27333005 1
5573 3150 27333015 1
5621 3032 27333025 1
5697 2923 27333035 1
5822 2820 27333045 1
5928 2686 27333055 1
6020 2549 27333065 1
6067 2410 27333075 1
6052 2214 27333085 1
5996 2018 27333095 1
5897 1862 27333105 1
5752 1732 27333115 1
5577 1701 27333125 1
5395 1764 27333135 1
5214 1891 27333145 1
5034 2077 27333155 1
4966 2259 27333166 1
4993 2439 27333176 1
5082 2615 27333186 1
5306 2839 27333196 1
5617 3094 27333206 1
5987 3342 27333216 1
6357 3530 27333226 1
8144 4902 27333506 0
8155 4789 27333516 1
8105 4761 27333526 1
8021 4766 27333536 1
7914 4633 27333546 1
7803 4399 27333556 1
7742 4099 27333566 1
7714 3804 27333576 1
7791 3632 27333586 1
7955 3541 27333596 1
8176 3519 27333606 1
8425 3556 27333616 1
8691 3632 27333626 1
8968 3745 27333636 1
9168 3877 27333646 1
9317 4022 27333656 1
8970 4506 27333767 0
9025 4438 27333777 1
9010 4533 27333787 1
8963 4510 27333797 1
8926 4408 27333807 1
8875 4169 27333817 1
8814 3855 27333827 1
8763 3492 27333837 1
8726 3111 27333847 1
8699 2787 27333857 1
8683 2501 27333867 1
8669 2312 27333877 1
8656 2182 27333887 1
8636 2092 27333897 1
7809 2410 27334007 0
7924 2382 27334017 1
7977 2589 27334027 1
8140 2744 27334047 1
8376 2864 27334057 1
8688 2972 27334067 1
8984 3015 27334077 1
9268 3015 27334087 1
9472 2942 27334097 1
9592 2816 27334107 1
9655 2655 27334117 1
9636 2498 27334127 1
9528 2291 27334137 1
9361 2052 27334147 1
9147 1816 27334157 1
8921 1575 27334167 1
8687 1387 27334177 1
8527 1236 27334187 1
8454 1136 27334197 1
8440 1081 27334207 1
8493 1055 27334217 1
8664 1055 27334227 1
8913 1108 27334237 1
9256 1197 27334247 1
9604 1300 27334257 1
9956 1375 27334267 1
