151
1005 5389 27323001 0
935 5180 27323011 1
861 5220 27323021 1
788 5220 27323031 1
758 5189 27323041 1
758 5118 27323051 1
784 5047 27323061 1
915 5021 27323071 1
1114 5021 27323081 1
1406 5091 27323091 1
1733 5189 27323101 1
2082 5308 27323111 1
2409 5426 27323121 1
2652 5528 27323131 1
2838 5585 27323141 1
1981 5208 27323261 0
2052 4849 27323271 1
2019 4834 27323281 1
1940 4696 27323291 1
1950 4477 27323301 1
1975 4125 27323311 1
2010 3772 27323321 1
2039 3418 27323331 1
2050 3118 27323341 1
2050 2885 27323351 1
2017 2696 27323361 1
1942 2576 27323371 1
1838 2500 27323382 1
1678 2453 27323392 1
1478 2481 27323402 1
1252 2602 27323412 1
3585 4790 27323612 0
3882 4773 27323622 1
4052 4893 27323632 1
4225 5028 27323642 1
4495 5175 27323652 1
4824 5331 27323662 1
5193 5470 27323672 1
5475 5591 27323682 1
5727 5655 27323692 1
5960 5687 27323702 1
6084 5693 27323712 1
5602 5925 27323852 0
5627 5878 27323852 1
5558 5909 27323862 1
5504 5958 27323872 1
5460 5885 27323882 1
5336 5747 27323892 1
5213 5567 27323902 1
5048 5214 27323912 1
4855 4897 27323922 1
4600 4605 27323932 1
4332 4211 27323942 1
4055 3859 27323952 1
3866 3535 27323962 1
3761 3340 27323972 1
4667 4834 27324073 0
4894 4854 27324083 1
4921 4841 27324093 1
4906 4811 27324103 1
4878 4659 27324113 1
4840 4426 27324123 1
4773 4065 27324133 1
4688 3656 27324143 1
4590 3215 27324153 1
4464 2754 27324163 1
4386 2421 27324173 1
4635 3915 27324273 0
5089 4138 27324283 1
5258 4389 27324293 1
5381 4721 27324303 1
5483 4825 27324313 1
5621 4868 27324323 1
5783 4868 27324333 1
5898 4825 27324343 1
5966 4729 27324353 1
6003 4599 27324363 1
5987 4400 27324373 1
5935 4170 27324383 1
5859 3920 27324393 1
5809 3719 27324403 1
5809 3597 27324413 1
5843 3529 27324423 1
5907 3452 27324433 1
6012 3365 27324443 1
6144 3230 27324453 1
6270 3068 27324463 1
6342 2843 27324473 1
6379 2604 27324483 1
6337 2355 27324493 1
6255 2132 27324503 1
6147 2047 27324513 1
6054 2055 27324523 1
5958 2183 27324533 1
5861 2416 27324543 1
5804 2720 27324553 1
5849 3048 27324563 1
5962 3316 27324573 1
6130 3545 27324583 1
6328 3692 27324593 1
8192 5434 27324904 0
8167 5313 27324914 1
8069 5343 27324924 1
7953 5283 27324934 1
7825 5162 27324944 1
7722 4917 27324954 1
7677 4656 27324964 1
7671 4384 27324974 1
7743 4184 27324984 1
7910 4092 27324994 1
8141 4071 27325004 1
8436 4122 27325014 1
8710 4214 27325024 1
8970 4334 27325034 1
9153 4454 27325044 1
9278 4527 27325054 1
9363 4569 27325064 1
8825 5453 27325184 0
8907 5235 27325194 1
8855 5348 27325204 1
8819 5281 27325214 1
8793 5095 27325224 1
8737 4774 27325234 1
8706 4394 27325244 1
8691 3974 27325254 1
8651 3568 27325264 1
8636 3253 27325274 1
8636 2999 27325284 1
8624 2834 27325294 1
8593 2734 27325304 1
7794 3148 27325415 0
8074 3224 27325425 1
8217 3472 27325435 1
8360 3583 27325445 1
8592 3637 27325455 1
8790 3652 27325465 1
8964 3613 27325475 1
9043 3495 27325485 1
9043 3325 27325495 1
8985 3082 27325505 1
8807 2795 27325515 1
8598 2479 27325525 1
8367 2214 27325535 1
8205 2057 27325545 1
8138 1973 27325555 1
8138 1951 27325565 1
8205 1967 27325575 1
8427 2008 27325585 1
8751 2112 27325595 1
9148 2239 27325605 1
9490 2382 27325615 1
