148
1330 5388 27268463 0
1264 5172 27268473 1
1240 5163 27268483 1
1219 5213 27268493 1
1204 5192 27268503 1
1280 5167 27268513 1
1417 5181 27268523 1
1636 5223 27268533 1
1888 5321 27268543 1
2163 5449 27268553 1
2438 5596 27268563 1
2655 5689 27268573 1
2832 5739 27268583 1
2275 5211 27268713 0
2352 4895 27268723 1
2322 4814 27268733 1
2274 4787 27268743 1
2215 4619 27268753 1
2215 4374 27268763 1
2242 4079 27268773 1
2285 3747 27268783 1
2321 3424 27268793 1
2321 3107 27268803 1
2302 2788 27268813 1
2240 2538 27268823 1
2138 2333 27268833 1
2009 2186 27268843 1
1861 2142 27268853 1
1687 2167 27268863 1
1496 2314 27268873 1
4066 5046 27269094 0
4436 5115 27269104 1
4567 5259 27269114 1
4761 5405 27269124 1
4994 5533 27269134 1
5277 5648 27269144 1
5515 5732 27269154 1
5724 5794 27269164 1
5563 6165 27269264 0
5632 5960 27269274 1
5576 6044 27269284 1
5459 5992 27269294 1
5285 5849 27269304 1
5095 5614 27269314 1
4893 5277 27269324 1
4685 4872 27269334 1
4489 4486 27269344 1
4360 4175 27269354 1
4272 3914 27269364 1
4629 4643 27269444 0
4842 4609 27269454 1
4825 4609 27269464 1
4796 4429 27269474 1
4758 4138 27269484 1
4712 3746 27269494 1
4685 3367 27269504 1
4670 2997 27269514 1
4670 2645 27269524 1
4693 2395 27269534 1
5140 3958 27269664 0
5459 4277 27269674 1
5568 4514 27269684 1
5700 4764 27269694 1
5848 4883 27269704 1
5914 4908 27269714 1
5959 4871 27269724 1
5989 4754 27269734 1
5997 4598 27269744 1
5997 4416 27269754 1
5985 4212 27269764 1
5985 4023 27269774 1
5991 3851 27269784 1
6023 3685 27269794 1
6071 3574 27269804 1
6146 3459 27269814 1
6242 3341 27269824 1
6352 3187 27269834 1
6431 3003 27269844 1
6490 2798 27269854 1
6535 2602 27269864 1
6559 2476 27269874 1
6550 2398 27269884 1
6519 2376 27269894 1
6420 2406 27269904 1
6258 2471 27269914 1
6054 2608 27269924 1
5900 2797 27269934 1
5819 3020 27269944 1
5786 3211 27269954 1
5865 3415 27269964 1
6039 3629 27269974 1
6276 3837 27269984 1
6570 4007 27269994 1
6865 4153 27270004 1
8561 5868 27270696 0
8559 5805 27270706 1
8445 5745 27270716 1
8334 5658 27270726 1
8210 5451 27270736 1
8078 5168 27270746 1
7990 4834 27270756 1
7963 4549 27270766 1
7977 4345 27270776 1
8080 4196 27270786 1
8276 4173 27270796 1
8533 4234 27270806 1
8816 4352 27270816 1
9101 4500 27270826 1
9331 4624 27270836 1
9524 4732 27270846 1
9658 4827 27270856 1
9735 4898 27270866 1
9011 5512 27270996 0
9037 5418 27271006 1
9003 5396 27271016 1
8965 5348 27271026 1
8927 5119 27271036 1
8891 4814 27271046 1
8879 4459 27271056 1
8879 4080 27271066 1
8884 3757 27271076 1
8870 3472 27271086 1
8845 3226 27271096 1
8814 3041 27271106 1
8788 2897 27271116 1
8177 3373 27271217 0
8418 3308 27271227 1
8485 3539 27271237 1
8607 3675 27271247 1
8766 3747 27271257 1
9010 3811 27271267 1
9183 3797 27271277 1
9309 3730 27271287 1
9383 3607 27271297 1
9366 3404 27271307 1
9287 3148 27271317 1
9145 2843 27271327 1
8991 2535 27271337 1
8829 2293 27271347 1
8736 2097 27271357 1
8725 2000 27271367 1
8769 1978 27271377 1
8938 2005 27271387 1
9211 2108 27271397 1
9552 2264 27271407 1
9980 2455 27271417 1
10343 2587 27271427 1
10663 2618 27271437 1
