128
1300 4539 31103858 0
1363 4501 31103868 1
1462 4756 31103878 1
1609 4953 31103888 1
1873 5111 31103898 1
2153 5205 31103908 1
2444 5273 31103918 1
2647 5324 31103928 1
2765 5311 31103938 1
2826 5277 31103948 1
2401 5080 31104008 0
2314 4952 31104018 1
2265 4935 31104028 1
2236 4830 31104038 1
2222 4666 31104048 1
2244 4340 31104058 1
2295 3939 31104068 1
2365 3487 31104078 1
2427 3170 31104088 1
2447 2990 31104098 1
2440 2901 31104108 1
2376 2841 31104118 1
2232 2797 31104128 1
2035 2764 31104138 1
1790 2791 31104148 1
1551 2899 31104158 1
1315 3060 31104168 1
1163 3285 31104178 1
2902 4748 31104278 0
3354 4811 31104288 1
3562 4954 31104298 1
3811 5075 31104308 1
4115 5176 31104318 1
4442 5263 31104328 1
4730 5337 31104338 1
4876 5383 31104348 1
4651 5532 31104398 0
4534 5631 31104408 1
4519 5657 31104418 1
4489 5665 31104428 1
4434 5622 31104438 1
4361 5544 31104448 1
4223 5328 31104458 1
4054 5017 31104468 1
3864 4643 31104478 1
3681 4272 31104488 1
3587 4036 31104498 1
3553 3890 31104508 1
4042 4510 31104579 0
4186 4425 31104589 1
4169 4328 31104599 1
4085 4196 31104609 1
4044 3899 31104619 1
4018 3493 31104629 1
4001 3144 31104639 1
3967 2872 31104649 1
3932 2652 31104659 1
3897 2568 31104669 1
3888 2545 31104679 1
3900 2564 31104689 1
4132 3895 31104729 0
4393 4290 31104739 1
4492 4492 31104749 1
4564 4586 31104759 1
4621 4607 31104769 1
4667 4574 31104779 1
4719 4512 31104789 1
4737 4431 31104799 1
4732 4297 31104809 1
4703 4134 31104819 1
4703 3953 31104829 1
4711 3745 31104839 1
4778 3570 31104849 1
4851 3418 31104859 1
4930 3324 31104869 1
5012 3260 31104879 1
5043 3217 31104889 1
5019 3163 31104899 1
4959 3097 31104909 1
4855 3023 31104919 1
4754 3004 31104929 1
4654 3049 31104939 1
4583 3136 31104949 1
4583 3280 31104959 1
4626 3439 31104969 1
4750 3609 31104979 1
4875 3748 31104989 1
5000 3861 31104999 1
6856 4969 31105200 0
6776 5027 31105210 1
6716 5084 31105220 1
6658 5143 31105230 1
6600 5008 31105240 1
6569 4807 31105250 1
6553 4562 31105260 1
6548 4350 31105270 1
6632 4150 31105280 1
6793 4048 31105290 1
7005 4007 31105300 1
7214 4045 31105310 1
7423 4147 31105320 1
7572 4291 31105330 1
7632 4970 31105380 0
7565 4883 31105390 1
7520 4772 31105400 1
7446 4521 31105410 1
7371 4176 31105420 1
7295 3740 31105430 1
7232 3383 31105440 1
7191 3080 31105450 1
7164 2954 31105460 1
6753 3434 31105520 0
6851 3452 31105530 1
6901 3504 31105540 1
7036 3513 31105550 1
7189 3493 31105560 1
7354 3463 31105570 1
7432 3382 31105580 1
7432 3267 31105590 1
7370 3083 31105600 1
7274 2888 31105610 1
7182 2687 31105620 1
7150 2596 31105630 1
7156 2551 31105640 1
7215 2538 31105650 1
7373 2564 31105660 1
7597 2653 31105670 1
7854 2784 31105680 1
