125
1971 4242 31112750 0
2229 4212 31112760 1
2259 4442 31112770 1
2449 4836 31112780 1
2745 5025 31112790 1
3055 5114 31112800 1
3364 5137 31112810 1
3134 4759 31112901 0
3032 4371 31112911 1
2984 4268 31112921 1
2970 4260 31112931 1
2995 3968 31112941 1
3045 3541 31112951 1
3112 3025 31112961 1
3160 2591 31112971 1
3196 2331 31112981 1
3163 2188 31112991 1
3066 2133 31113001 1
2927 2098 31113011 1
2719 2077 31113021 1
2472 2107 31113031 1
2198 2215 31113041 1
4322 4201 31113181 0
4948 4330 31113191 1
5176 4633 31113201 1
5388 4755 31113211 1
5590 4844 31113221 1
5780 4910 31113231 1
5904 4927 31113241 1
5640 5235 31113311 0
5640 5235 31113321 1
5595 5187 31113331 1
5532 5166 31113341 1
5456 5009 31113351 1
5297 4762 31113361 1
5083 4484 31113371 1
4897 4183 31113381 1
4755 3868 31113391 1
4642 3680 31113401 1
4623 3607 31113411 1
4670 3607 31113421 1
5191 4220 31113481 0
5220 3947 31113491 1
5204 3830 31113501 1
5177 3750 31113511 1
5144 3507 31113521 1
5137 3226 31113531 1
5137 2919 31113541 1
5125 2715 31113551 1
5110 2598 31113561 1
5090 2539 31113571 1
5077 2523 31113581 1
5335 3710 31113652 0
5618 3881 31113662 1
5709 4088 31113672 1
5761 4146 31113682 1
5788 4106 31113692 1
5837 4030 31113702 1
5853 3915 31113712 1
5848 3774 31113722 1
5832 3636 31113732 1
5843 3515 31113742 1
5873 3406 31113752 1
5934 3296 31113762 1
6002 3211 31113772 1
6075 3142 31113782 1
6121 3055 31113792 1
6139 2963 31113802 1
6139 2842 31113812 1
6094 2704 31113822 1
6042 2613 31113832 1
5984 2570 31113842 1
5914 2558 31113852 1
5833 2580 31113862 1
5745 2644 31113872 1
5700 2736 31113882 1
5705 2849 31113892 1
5743 2979 31113902 1
5868 3121 31113912 1
6035 3294 31113922 1
7185 4750 31114012 0
7226 4570 31114022 1
7178 4600 31114032 1
7086 4499 31114042 1
7037 4310 31114052 1
7037 4024 31114062 1
7069 3806 31114072 1
7153 3634 31114082 1
7312 3604 31114092 1
7522 3641 31114102 1
7750 3723 31114112 1
7983 3866 31114122 1
8119 4011 31114132 1
8187 4157 31114142 1
8187 4157 31114162 0
8089 4579 31114172 1
8034 4612 31114182 1
7966 4559 31114192 1
7890 4392 31114202 1
7780 4150 31114212 1
7672 3815 31114222 1
7567 3480 31114232 1
7501 3144 31114242 1
7461 2902 31114252 1
7451 2763 31114262 1
7451 2692 31114272 1
7145 3118 31114353 0
7163 3055 31114363 1
7182 3102 31114373 1
7258 3125 31114383 1
7423 3131 31114393 1
7647 3144 31114403 1
7774 3115 31114413 1
7814 3058 31114423 1
7796 2934 31114433 1
7697 2758 31114443 1
7577 2548 31114453 1
7442 2398 31114463 1
7379 2320 31114473 1
7379 2291 31114483 1
7410 2264 31114493 1
7526 2256 31114503 1
7731 2256 31114513 1
7995 2315 31114523 1
8270 2406 31114533 1
