220
5298 3764 29306513 0
5109 3712 29306523 1
4995 3773 29306533 1
4978 3794 29306543 1
4967 3789 29306553 1
4967 3789 29306563 1
4975 3789 29306573 1
5058 3769 29306583 1
5190 3734 29306593 1
5350 3722 29306603 1
5466 3722 29306613 1
5553 3733 29306623 1
5627 3742 29306633 1
5659 3748 29306643 1
5659 3748 29306653 1
5659 3748 29306663 1
5654 3748 29306673 1
5654 3740 29306683 1
5648 3734 29306693 1
5613 3720 29306703 1
5556 3608 29306713 1
5491 3431 29306723 1
5428 3234 29306733 1
5356 3077 29306743 1
5278 2947 29306753 1
5219 2828 29306763 1
5180 2758 29306773 1
5154 2720 29306783 1
5138 2709 29306793 1
5124 2709 29306803 1
5118 2709 29306813 1
5118 2709 29306823 1
5118 2717 29306833 1
5123 2737 29306843 1
5145 2767 29306853 1
5179 2789 29306863 1
5237 2811 29306873 1
5317 2834 29306883 1
5412 2856 29306893 1
5524 2897 29306903 1
5641 2950 29306913 1
5750 3009 29306923 1
5852 3067 29306933 1
5909 3113 29306943 1
5943 3152 29306953 1
5961 3167 29306963 1
5961 3167 29306973 1
5961 3167 29306983 1
5961 3159 29306993 1
5961 3152 29307003 1
5951 3136 29307013 1
5936 3036 29307023 1
5917 2881 29307033 1
5908 2801 29307034 1
5908 2720 29307044 1
5915 2677 29307054 1
5915 2661 29307064 1
5927 2661 29307074 1
5935 2678 29307084 1
5980 2710 29307094 1
6048 2853 29307104 1
6116 2979 29307114 1
6186 3093 29307124 1
6219 3208 29307134 1
6227 3245 29307144 1
6227 3229 29307154 1
6227 3229 29307164 1
6227 3176 29307174 1
6221 3096 29307184 1
6221 2996 29307194 1
6221 2923 29307204 1
6221 2869 29307214 1
6221 2817 29307224 1
6227 2787 29307234 1
6232 2772 29307244 1
6232 2767 29307254 1
6232 2767 29307264 1
6232 2772 29307274 1
6240 2786 29307284 1
6280 2877 29307294 1
6342 3019 29307304 1
6397 3143 29307314 1
6434 3222 29307324 1
6459 3272 29307334 1
6459 3272 29307344 1
6459 3266 29307354 1
6464 3266 29307364 1
6471 3236 29307374 1
6484 3166 29307384 1
6496 3069 29307394 1
6502 3006 29307404 1
6502 2954 29307414 1
6513 2910 29307424 1
6524 2885 29307434 1
6541 2867 29307444 1
6564 2854 29307454 1
6613 2854 29307464 1
6679 2902 29307474 1
6779 2978 29307484 1
6869 3062 29307494 1
6953 3154 29307504 1
7005 3251 29307514 1
7028 3317 29307524 1
7028 3335 29307534 1
7028 3321 29307544 1
7019 3321 29307554 1
7000 3321 29307564 1
6969 3283 29307574 1
6939 3230 29307584 1
6912 3165 29307594 1
6888 3106 29307604 1
6866 3051 29307614 1
6859 3025 29307624 1
6859 3009 29307634 1
6873 3001 29307644 1
6904 3001 29307654 1
6950 3025 29307664 1
7023 3071 29307674 1
7080 3116 29307684 1
7126 3158 29307694 1
7162 3204 29307704 1
7181 3253 29307714 1
7189 3285 29307724 1
7179 3312 29307734 1
7173 3330 29307744 1
7173 3330 29307754 1
7166 3321 29307764 1
7166 3311 29307774 1
7166 3259 29307784 1
7166 3178 29307794 1
7175 3155 29307804 1
7191 3132 29307814 1
7213 3121 29307824 1
7240 3121 29307834 1
7277 3127 29307844 1
7318 3150 29307854 1
7396 3185 29307864 1
7484 3226 29307874 1
7578 3276 29307884 1
7655 3333 29307894 1
7717 3378 29307904 1
7768 3430 29307914 1
7799 3487 29307924 1
7806 3529 29307934 1
7797 3556 29307944 1
7779 3572 29307954 1
7755 3585 29307964 1
7728 3593 29307974 1
7707 3593 29307984 1
7686 3582 29307994 1
7646 3524 29308004 1
7594 3433 29308014 1
7547 3317 29308024 1
7536 3241 29308034 1
7550 3193 29308044 1
7567 3171 29308054 1
7610 3171 29308064 1
7670 3190 29308074 1
7757 3258 29308084 1
7830 3326 29308094 1
7894 3395 29308104 1
7905 3426 29308114 1
7905 3440 29308124 1
7890 3440 29308134 1
7890 3440 29308144 1
7854 3375 29308154 1
7802 3272 29308164 1
7762 3119 29308174 1
7725 2933 29308184 1
7693 2726 29308194 1
7675 2503 29308204 1
7665 2322 29308214 1
7677 2168 29308224 1
7682 2083 29308234 1
7682 2043 29308244 1
7677 2032 29308254 1
7677 2032 29308264 1
7649 2026 29308274 1
7609 2026 29308284 1
7547 2034 29308294 1
7482 2055 29308304 1
7414 2080 29308314 1
7377 2114 29308324 1
7345 2154 29308334 1
7331 2175 29308344 1
7331 2192 29308354 1
7336 2253 29308364 1
7403 2346 29308374 1
7508 2498 29308384 1
7637 2644 29308394 1
7815 2822 29308404 1
8026 3023 29308414 1
8204 3200 29308424 1
8364 3372 29308434 1
8513 3502 29308444 1
8586 3606 29308454 1
8599 3632 29308464 1
8573 3655 29308474 1
8547 3671 29308484 1
8500 3680 29308494 1
8440 3659 29308504 1
8360 3619 29308514 1
8282 3552 29308524 1
8208 3479 29308534 1
8180 3403 29308544 1
8180 3281 29308554 1
8239 3187 29308564 1
8332 3112 29308574 1
8448 3095 29308584 1
8629 3139 29308594 1
8846 3225 29308604 1
9087 3324 29308614 1
9239 3417 29308624 1
9315 3461 29308634 1
9340 3474 29308644 1
9340 3474 29308654 1
9332 3467 29308664 1
9332 3467 29308674 1
9323 3467 29308684 1
9323 3467 29308694 1
