217
4445 4623 43133092 0
4445 4623 43133102 1
4445 4623 43133112 1
4445 4623 43133122 1
4445 4623 43133132 1
4445 4623 43133142 1
4445 4623 43133152 1
4445 4623 43133162 1
4445 4623 43133172 1
4445 4623 43133182 1
4445 4623 43133192 1
4445 4623 43133202 1
4445 4623 43133212 1
4475 4634 43133222 1
4511 4651 43133232 1
4555 4673 43133242 1
4603 4695 43133252 1
4656 4720 43133262 1
4713 4748 43133272 1
4774 4776 43133282 1
4821 4803 43133292 1
4859 4826 43133302 1
4894 4841 43133312 1
4919 4853 43133322 1
4936 4860 43133332 1
4948 4865 43133342 1
4954 4865 43133352 1
4954 4865 43133362 1
4954 4865 43133372 1
4954 4865 43133382 1
4954 4865 43133392 1
4954 4865 43133402 1
4959 4865 43133412 1
4959 4865 43133422 1
4959 4865 43133432 1
4959 4865 43133442 1
4964 4865 43133452 1
4964 4865 43133462 1
4964 4857 43133472 1
4964 4847 43133482 1
4964 4816 43133492 1
4950 4773 43133502 1
4930 4717 43133512 1
4899 4642 43133522 1
4860 4554 43133532 1
4824 4444 43133542 1
4794 4323 43133542 1
4768 4196 43133552 1
4743 4087 43133562 1
4723 3984 43133572 1
4702 3884 43133582 1
4679 3794 43133592 1
4661 3725 43133602 1
4645 3671 43133612 1
4634 3640 43133622 1
4628 3624 43133632 1
4628 3619 43133642 1
4628 3619 43133652 1
4637 3619 43133662 1
4653 3626 43133672 1
4689 3638 43133682 1
4738 3668 43133692 1
4793 3708 43133702 1
4848 3754 43133712 1
4903 3809 43133722 1
4965 3879 43133732 1
5035 3958 43133742 1
5123 4051 43133752 1
5222 4155 43133762 1
5317 4267 43133772 1
5401 4366 43133782 1
5477 4430 43133792 1
5534 4470 43133802 1
5581 4476 43133812 1
5621 4451 43133822 1
5642 4405 43133832 1
5650 4341 43133842 1
5650 4276 43133852 1
5636 4209 43133862 1
5624 4158 43133872 1
5617 4118 43133882 1
5617 4101 43133892 1
5617 4101 43133902 1
5626 4113 43133912 1
5659 4161 43133922 1
5707 4245 43133932 1
5786 4353 43133942 1
5866 4455 43133952 1
5933 4522 43133962 1
5990 4567 43133972 1
6033 4585 43133982 1
6063 4580 43133992 1
6083 4561 43134002 1
6098 4534 43134012 1
6108 4506 43134022 1
6115 4475 43134032 1
6120 4451 43134042 1
6125 4432 43134052 1
6125 4432 43134062 1
6135 4432 43134072 1
6146 4453 43134082 1
6180 4504 43134092 1
6228 4573 43134102 1
6297 4655 43134112 1
6367 4731 43134122 1
6438 4786 43134132 1
6485 4826 43134143 1
6519 4826 43134153 1
6541 4791 43134163 1
6558 4741 43134173 1
6571 4683 43134183 1
6592 4626 43134193 1
6619 4576 43134203 1
6666 4529 43134213 1
6723 4508 43134223 1
6808 4516 43134233 1
6894 4544 43134243 1
6977 4595 43134253 1
7047 4659 43134263 1
7111 4731 43134273 1
7146 4813 43134283 1
7156 4887 43134293 1
7148 4955 43134303 1
7117 4985 43134313 1
7075 4991 43134323 1
7025 4982 43134333 1
6975 4943 43134343 1
6926 4877 43134353 1
6877 4794 43134363 1
6843 4724 43134373 1
6833 4674 43134383 1
6839 4637 43134393 1
6867 4620 43134403 1
6897 4620 43134413 1
6946 4641 43134423 1
7005 4686 43134433 1
7072 4740 43134443 1
7136 4799 43134453 1
7179 4828 43134463 1
7208 4821 43134473 1
7230 4791 43134483 1
7253 4744 43134493 1
7279 4700 43134503 1
7322 4659 43134513 1
7377 4631 43134523 1
7454 4631 43134533 1
7536 4640 43134543 1
7631 4683 43134553 1
7734 4751 43134563 1
7832 4835 43134573 1
7926 4933 43134583 1
7979 5031 43134593 1
8013 5127 43134603 1
8035 5220 43134613 1
8035 5301 43134623 1
8023 5374 43134633 1
7999 5438 43134643 1
7965 5473 43134653 1
7931 5490 43134663 1
7886 5470 43134673 1
7834 5411 43134683 1
7784 5327 43134693 1
7751 5230 43134703 1
7730 5131 43134713 1
7723 5024 43134723 1
7728 4910 43134733 1
7742 4784 43134743 1
7764 4651 43134753 1
7791 4507 43134763 1
7821 4336 43134773 1
7844 4147 43134783 1
7864 3960 43134793 1
7879 3772 43134803 1
7892 3631 43134813 1
7903 3522 43134823 1
7893 3440 43134833 1
7863 3382 43134843 1
7820 3341 43134853 1
7762 3323 43134863 1
7689 3323 43134873 1
7607 3343 43134883 1
7531 3377 43134893 1
7481 3421 43134903 1
7447 3471 43134913 1
7447 3530 43134923 1
7491 3613 43134933 1
7563 3713 43134943 1
7692 3855 43134953 1
7861 3999 43134963 1
8056 4145 43134973 1
8240 4297 43134983 1
8435 4459 43134993 1
8636 4627 43135003 1
8810 4785 43135013 1
8948 4950 43135023 1
9062 5119 43135033 1
9125 5259 43135043 1
9151 5350 43135053 1
9151 5409 43135063 1
9124 5419 43135073 1
9075 5402 43135083 1
9013 5366 43135093 1
8937 5297 43135103 1
8861 5224 43135113 1
8784 5146 43135123 1
8738 5076 43135133 1
8715 5010 43135143 1
8707 4938 43135153 1
8731 4863 43135163 1
8792 4781 43135173 1
8878 4722 43135183 1
8998 4678 43135193 1
9141 4650 43135203 1
9300 4650 43135213 1
9516 4677 43135223 1
9782 4749 43135233 1
10080 4888 43135243 1
