215
5050 3969 29292343 0
4868 3830 29292353 1
4831 3825 29292363 1
4831 3825 29292373 1
4853 3825 29292383 1
4915 3844 29292393 1
5002 3881 29292403 1
5130 3934 29292413 1
5266 3955 29292423 1
5408 4017 29292433 1
5521 4106 29292443 1
5604 4144 29292453 1
5668 4163 29292463 1
5685 4170 29292473 1
5685 4165 29292483 1
5685 4159 29292493 1
5675 4099 29292503 1
5638 4003 29292513 1
5582 3810 29292523 1
5505 3616 29292533 1
5431 3447 29292543 1
5343 3294 29292553 1
5245 3116 29292563 1
5150 2988 29292573 1
5061 2894 29292583 1
5001 2841 29292593 1
4958 2817 29292603 1
4952 2817 29292613 1
4952 2817 29292623 1
4952 2817 29292633 1
4952 2817 29292643 1
4966 2823 29292653 1
5011 2829 29292663 1
5077 2865 29292673 1
5186 2923 29292683 1
5328 2996 29292693 1
5491 3090 29292703 1
5651 3188 29292713 1
5812 3289 29292723 1
5928 3386 29292733 1
6012 3456 29292743 1
6073 3507 29292753 1
6091 3507 29292763 1
6081 3507 29292773 1
6075 3498 29292783 1
6052 3407 29292793 1
6017 3259 29292803 1
5986 3136 29292813 1
5948 3011 29292823 1
5905 2934 29292833 1
5896 2890 29292843 1
5887 2873 29292853 1
5887 2873 29292863 1
5898 2879 29292873 1
5909 2895 29292883 1
5963 2990 29292893 1
6045 3139 29292903 1
6112 3279 29292913 1
6156 3368 29292923 1
6185 3422 29292933 1
6185 3422 29292943 1
6190 3422 29292953 1
6190 3422 29292963 1
6196 3373 29292973 1
6196 3300 29292983 1
6196 3216 29292993 1
6190 3138 29293003 1
6190 3064 29293013 1
6190 3008 29293023 1
6190 2988 29293033 1
6195 2988 29293043 1
6195 2988 29293053 1
6204 3024 29293063 1
6246 3079 29293073 1
6312 3192 29293083 1
6362 3300 29293093 1
6403 3404 29293103 1
6438 3451 29293113 1
6452 3472 29293123 1
6452 3477 29293133 1
6452 3477 29293143 1
6458 3430 29293153 1
6458 3359 29293163 1
6453 3255 29293173 1
6444 3147 29293183 1
6437 3076 29293193 1
6447 3032 29293203 1
6469 3007 29293213 1
6501 3000 29293223 1
6533 3005 29293233 1
6607 3058 29293243 1
6707 3149 29293253 1
6818 3265 29293263 1
6908 3372 29293273 1
6983 3449 29293283 1
7029 3506 29293293 1
7053 3537 29293303 1
7062 3550 29293313 1
7062 3550 29293323 1
7062 3550 29293333 1
7055 3550 29293343 1
7046 3550 29293353 1
7040 3550 29293363 1
7032 3550 29293373 1
7025 3550 29293383 1
7019 3550 29293393 1
7007 3535 29293403 1
6992 3519 29293413 1
6978 3498 29293423 1
6954 3437 29293433 1
6923 3350 29293443 1
6892 3254 29293453 1
6862 3186 29293463 1
6848 3138 29293473 1
6848 3099 29293483 1
6866 3077 29293493 1
6893 3067 29293503 1
6922 3067 29293513 1
6971 3091 29293523 1
7025 3137 29293533 1
7086 3201 29293543 1
7146 3280 29293553 1
7178 3369 29293563 1
7192 3452 29293573 1
7183 3494 29293583 1
7176 3509 29293593 1
7171 3509 29293603 1
7171 3491 29293613 1
7151 3470 29293623 1
7128 3403 29293633 1
7128 3333 29293643 1
7128 3260 29293653 1
7128 3225 29293663 1
7137 3196 29293673 1
7154 3172 29293683 1
7180 3158 29293693 1
7242 3172 29293703 1
7327 3205 29293713 1
7421 3272 29293723 1
7511 3355 29293733 1
7599 3449 29293743 1
7670 3547 29293753 1
7711 3636 29293763 1
7733 3687 29293773 1
7721 3716 29293783 1
7699 3727 29293793 1
7670 3719 29293803 1
7628 3699 29293813 1
7576 3629 29293823 1
7518 3549 29293833 1
7487 3462 29293843 1
7474 3392 29293853 1
7474 3341 29293863 1
7486 3302 29293873 1
7513 3291 29293883 1
7549 3303 29293893 1
7610 3330 29293903 1
7666 3393 29293913 1
7718 3461 29293923 1
7742 3532 29293933 1
7742 3568 29293943 1
7731 3581 29293953 1
7731 3581 29293963 1
7725 3576 29293973 1
7694 3489 29293983 1
7644 3347 29293993 1
7597 3146 29294003 1
7565 2936 29294013 1
7544 2721 29294023 1
7526 2515 29294033 1
7526 2396 29294043 1
7533 2335 29294053 1
7528 2318 29294063 1
7528 2318 29294073 1
7521 2318 29294083 1
7507 2329 29294093 1
7424 2344 29294103 1
7341 2363 29294113 1
7279 2404 29294123 1
7229 2455 29294133 1
7203 2514 29294143 1
7189 2537 29294153 1
7182 2556 29294163 1
7176 2580 29294173 1
7190 2610 29294183 1
7218 2663 29294193 1
7327 2761 29294203 1
7451 2890 29294213 1
7586 3018 29294223 1
7745 3146 29294233 1
7912 3290 29294243 1
8085 3445 29294253 1
8213 3554 29294263 1
8290 3630 29294273 1
8332 3685 29294283 1
8332 3719 29294293 1
8304 3752 29294303 1
8266 3785 29294313 1
8233 3799 29294323 1
8193 3810 29294333 1
8147 3802 29294343 1
8104 3784 29294353 1
8063 3719 29294363 1
8025 3621 29294373 1
8025 3502 29294383 1
8054 3393 29294393 1
8121 3311 29294403 1
8257 3248 29294413 1
8438 3277 29294406 1
8722 3388 29294416 1
9002 3554 29294426 1
9278 3691 29294436 1
9456 3775 29294446 1
9551 3824 29294456 1
9590 3839 29294466 1
