275
2787 3407 64301901 0
2787 3373 64301911 1
2767 3383 64301921 1
2757 3407 64301931 1
2757 3418 64301941 1
2767 3433 64301951 1
2779 3450 64301961 1
2812 3475 64301971 1
2858 3510 64301981 1
2921 3551 64301991 1
2984 3590 64302001 1
3037 3624 64302011 1
3083 3642 64302021 1
3119 3652 64302031 1
3143 3652 64302041 1
3159 3652 64302051 1
3168 3652 64302061 1
3177 3630 64302071 1
3187 3587 64302081 1
3193 3528 64302091 1
3193 3445 64302101 1
3193 3325 64302111 1
3193 3180 64302121 1
3193 3029 64302131 1
3193 2856 64302141 1
3202 2669 64302151 1
3210 2525 64302161 1
3223 2391 64302171 1
3238 2263 64302181 1
3258 2166 64302191 1
3280 2107 64302201 1
3305 2073 64302211 1
3335 2064 64302221 1
3376 2082 64302231 1
3428 2119 64302241 1
3490 2187 64302251 1
3558 2273 64302261 1
3637 2371 64302271 1
3724 2463 64302281 1
3791 2538 64302291 1
3836 2601 64302301 1
3865 2641 64302311 1
3880 2662 64302321 1
3886 2670 64302331 1
3886 2670 64302341 1
3886 2670 64302351 1
3886 2670 64302361 1
3881 2670 64302371 1
3881 2665 64302381 1
3875 2670 64302391 1
3869 2680 64302401 1
3860 2714 64302411 1
3853 2760 64302421 1
3853 2814 64302431 1
3853 2867 64302441 1
3858 2905 64302451 1
3866 2934 64302461 1
3871 2945 64302471 1
3878 2952 64302481 1
3885 2952 64302491 1
3893 2943 64302501 1
3915 2905 64302511 1
3939 2848 64302521 1
3965 2760 64302531 1
3985 2666 64302541 1
4002 2567 64302551 1
4019 2487 64302561 1
4033 2423 64302571 1
4046 2370 64302581 1
4056 2344 64302591 1
4062 2334 64302592 1
4062 2334 64302602 1
4062 2334 64302612 1
4095 2419 64302622 1
4115 2513 64302632 1
4133 2609 64302642 1
4150 2706 64302652 1
4170 2803 64302662 1
4189 2862 64302672 1
4208 2893 64302682 1
4222 2906 64302692 1
4232 2906 64302702 1
4262 2877 64302712 1
4292 2828 64302722 1
4322 2762 64302732 1
4344 2692 64302742 1
4362 2637 64302752 1
4381 2593 64302762 1
4394 2562 64302772 1
4404 2547 64302782 1
4411 2542 64302792 1
4421 2542 64302802 1
4448 2577 64302812 1
4486 2630 64302822 1
4523 2700 64302832 1
4559 2771 64302842 1
4589 2844 64302852 1
4616 2892 64302862 1
4641 2920 64302872 1
4662 2936 64302882 1
4681 2936 64302892 1
4703 2936 64302902 1
4725 2906 64302912 1
4748 2866 64302922 1
4770 2810 64302932 1
4794 2752 64302942 1
4821 2694 64302952 1
4864 2657 64302962 1
4918 2634 64302972 1
4982 2621 64302982 1
5049 2630 64302992 1
5122 2661 64303002 1
5198 2708 64303012 1
5271 2782 64303022 1
5324 2864 64303032 1
5365 2952 64303042 1
5387 3034 64303052 1
5387 3112 64303062 1
5374 3161 64303072 1
5344 3192 64303082 1
5305 3206 64303092 1
5260 3200 64303102 1
5202 3180 64303112 1
5147 3140 64303122 1
5100 3095 64303132 1
5074 3039 64303142 1
5061 2974 64303152 1
5061 2905 64303162 1
5084 2839 64303172 1
5114 2792 64303182 1
5161 2758 64303192 1
5212 2748 64303202 1
5263 2762 64303212 1
5312 2793 64303222 1
5360 2846 64303232 1
5395 2908 64303242 1
5420 2977 64303252 1
5433 3043 64303262 1
5438 3086 64303272 1
5438 3113 64303282 1
5433 3113 64303292 1
5433 3113 64303302 1
5427 3106 64303312 1
5427 3069 64303322 1
5427 3015 64303332 1
5427 2962 64303342 1
5439 2919 64303352 1
5461 2883 64303362 1
5490 2857 64303372 1
5525 2857 64303382 1
5579 2865 64303392 1
5644 2910 64303402 1
5705 2966 64303412 1
5757 3029 64303422 1
5803 3096 64303432 1
5835 3165 64303442 1
5847 3235 64303452 1
5847 3288 64303462 1
5835 3319 64303472 1
5819 3336 64303482 1
5799 3336 64303492 1
5783 3327 64303502 1
5767 3306 64303512 1
5752 3267 64303522 1
5745 3216 64303532 1
5745 3142 64303542 1
5759 3068 64303552 1
5783 2984 64303562 1
5820 2893 64303572 1
5861 2821 64303582 1
5915 2770 64303592 1
5976 2733 64303602 1
6037 2738 64303612 1
6096 2777 64303622 1
6147 2838 64303632 1
6193 2917 64303642 1
6226 2999 64303652 1
6244 3082 64303662 1
6252 3155 64303672 1
6246 3201 64303682 1
6233 3230 64303692 1
6214 3245 64303702 1
6199 3245 64303712 1
6182 3238 64303722 1
6163 3215 64303732 1
6150 3169 64303742 1
6142 3108 64303752 1
6142 3024 64303762 1
6148 2913 64303772 1
6159 2784 64303782 1
6173 2640 64303792 1
6196 2504 64303802 1
6223 2378 64303812 1
6248 2244 64303822 1
6267 2112 64303832 1
6282 1987 64303842 1
6282 1866 64303852 1
6274 1745 64303862 1
6256 1660 64303872 1
6235 1600 64303882 1
6204 1574 64303892 1
6166 1574 64303902 1
6100 1603 64303912 1
6030 1638 64303922 1
5958 1705 64303932 1
5915 1793 64303942 1
5896 1920 64303952 1
5896 2049 64303962 1
5930 2180 64303972 1
5996 2329 64303982 1
6080 2476 64303992 1
6178 2607 64304002 1
6279 2728 64304012 1
6384 2850 64304022 1
6479 2941 64304032 1
6568 3011 64304042 1
6642 3061 64304052 1
6695 3093 64304062 1
6734 3113 64304072 1
6745 3113 64304082 1
6745 3118 64304092 1
6745 3118 64304102 1
6745 3108 64304112 1
6737 3095 64304122 1
6724 3081 64304132 1
6713 3066 64304142 1
6700 3051 64304152 1
6686 3033 64304162 1
6675 3010 64304172 1
6666 2983 64304182 1
6666 2955 64304192 1
6660 2926 64304202 1
6660 2899 64304212 1
6660 2870 64304222 1
6666 2846 64304232 1
6682 2825 64304242 1
6716 2816 64304252 1
6762 2830 64304262 1
6821 2860 64304272 1
6883 2906 64304282 1
6933 2965 64304292 1
6973 3033 64304302 1
7008 3102 64304312 1
7030 3171 64304322 1
7042 3241 64304332 1
7031 3300 64304342 1
7005 3354 64304352 1
6970 3382 64304362 1
6930 3395 64304372 1
6874 3379 64304382 1
6807 3346 64304392 1
6755 3301 64304402 1
6718 3242 64304412 1
6691 3179 64304422 1
6667 3107 64304432 1
6661 3028 64304442 1
6668 2946 64304452 1
6692 2864 64304462 1
6735 2799 64304472 1
6790 2746 64304482 1
6868 2714 64304492 1
6948 2714 64304502 1
7029 2740 64304512 1
7125 2792 64304522 1
7225 2853 64304532 1
7333 2920 64304542 1
7423 2974 64304552 1
7501 3026 64304562 1
7542 3057 64304572 1
7561 3076 64304582 1
7561 3087 64304592 1
7567 3094 64304602 1
7567 3094 64304612 1
7567 3094 64304622 1
7561 3094 64304632 1
