271
2391 4407 64352543 0
2426 4264 64352553 1
2399 4387 64352563 1
2421 4439 64352573 1
2476 4444 64352583 1
2568 4499 64352593 1
2668 4548 64352603 1
2774 4588 64352613 1
2870 4623 64352623 1
2944 4643 64352633 1
3004 4654 64352643 1
3037 4654 64352653 1
3055 4654 64352663 1
3064 4647 64352673 1
3064 4639 64352683 1
3064 4627 64352693 1
3057 4596 64352703 1
3042 4555 64352713 1
3026 4494 64352723 1
3009 4402 64352733 1
3009 4289 64352743 1
3009 4156 64352753 1
3019 3997 64352763 1
3030 3820 64352773 1
3039 3622 64352783 1
3048 3431 64352793 1
3059 3246 64352803 1
3071 3082 64352813 1
3086 2949 64352823 1
3102 2838 64352833 1
3120 2765 64352843 1
3138 2729 64352853 1
3158 2718 64352863 1
3178 2728 64352873 1
3224 2786 64352883 1
3292 2877 64352893 1
3375 2987 64352903 1
3469 3102 64352913 1
3563 3221 64352923 1
3657 3328 64352933 1
3721 3402 64352943 1
3768 3453 64352953 1
3787 3472 64352963 1
3792 3477 64352973 1
3792 3477 64352983 1
3787 3477 64352993 1
3787 3477 64353003 1
3774 3471 64353013 1
3759 3476 64353023 1
3734 3485 64353033 1
3709 3507 64353043 1
3683 3537 64353053 1
3669 3572 64353063 1
3659 3604 64353073 1
3659 3636 64353083 1
3659 3669 64353093 1
3659 3694 64353103 1
3668 3716 64353113 1
3680 3733 64353123 1
3696 3746 64353133 1
3717 3751 64353143 1
3749 3751 64353153 1
3781 3725 64353163 1
3813 3692 64353173 1
3846 3639 64353183 1
3872 3580 64353193 1
3893 3513 64353203 1
3907 3452 64353213 1
3916 3395 64353223 1
3922 3360 64353233 1
3927 3344 64353243 1
3927 3344 64353253 1
3927 3344 64353263 1
3927 3366 64353273 1
3938 3397 64353283 1
3957 3474 64353293 1
3982 3563 64353303 1
4009 3660 64353313 1
4038 3737 64353323 1
4071 3808 64353333 1
4107 3849 64353343 1
4142 3872 64353353 1
4179 3877 64353363 1
4214 3858 64353373 1
4249 3824 64353383 1
4280 3766 64353393 1
4309 3707 64353403 1
4329 3650 64353413 1
4344 3608 64353423 1
4356 3573 64353433 1
4367 3552 64353443 1
4373 3545 64353453 1
4373 3545 64353463 1
4387 3557 64353473 1
4403 3594 64353483 1
4428 3649 64353493 1
4453 3716 64353503 1
4475 3793 64353513 1
4497 3876 64353523 1
4517 3930 64353533 1
4542 3964 64353543 1
4568 3986 64353553 1
4597 3994 64353563 1
4631 3986 64353573 1
4671 3967 64353583 1
4710 3925 64353593 1
4747 3877 64353603 1
4778 3821 64353613 1
4806 3765 64353623 1
4831 3728 64353633 1
4866 3702 64353643 1
4905 3697 64353653 1
4965 3725 64353663 1
5036 3774 64353673 1
5108 3844 64353683 1
5175 3918 64353693 1
5238 3996 64353703 1
5290 4074 64353713 1
5319 4152 64353723 1
5332 4216 64353733 1
5332 4271 64353743 1
5310 4311 64353753 1
5279 4331 64353763 1
5231 4337 64353773 1
5173 4311 64353783 1
5109 4268 64353793 1
5060 4214 64353803 1
5031 4149 64353813 1
5016 4082 64353823 1
5021 4025 64353833 1
5041 3976 64353843 1
5071 3942 64353853 1
5110 3927 64353863 1
5151 3927 64353873 1
5197 3946 64353883 1
5244 3987 64353893 1
5289 4042 64353903 1
5323 4099 64353913 1
5350 4154 64353923 1
5366 4208 64353933 1
5374 4247 64353943 1
5374 4261 64353953 1
5374 4261 64353963 1
5379 4254 64353973 1
5379 4221 64353983 1
5379 4169 64353993 1
5396 4123 64354003 1
5422 4085 64354013 1
5457 4052 64354023 1
5502 4029 64354033 1
5548 4024 64354043 1
5599 4032 64354053 1
5653 4061 64354063 1
5714 4108 64354073 1
5777 4166 64354083 1
5826 4240 64354093 1
5865 4321 64354103 1
5888 4406 64354113 1
5895 4475 64354123 1
5895 4521 64354133 1
5882 4552 64354143 1
5874 4566 64354153 1
5867 4575 64354163 1
5867 4575 64354173 1
5859 4575 64354183 1
5859 4553 64354193 1
5849 4520 64354203 1
5849 4486 64354213 1
5842 4448 64354223 1
5842 4403 64354233 1
5848 4337 64354243 1
5859 4259 64354253 1
5881 4197 64354263 1
5901 4153 64354273 1
5919 4122 64354283 1
5935 4108 64354293 1
5947 4114 64354303 1
5957 4133 64354313 1
5971 4186 64354323 1
5971 4246 64354333 1
5962 4312 64354343 1
5950 4371 64354353 1
5939 4425 64354363 1
5929 4453 64354373 1
5929 4467 64354383 1
5922 4467 64354393 1
5914 4467 64354403 1
5902 4438 64354413 1
5895 4399 64354423 1
5895 4339 64354433 1
5895 4255 64354443 1
5904 4154 64354453 1
5922 4020 64354463 1
5946 3849 64354473 1
5976 3654 64354483 1
6007 3474 64354493 1
6035 3294 64354503 1
6052 3119 64354513 1
6064 2987 64354523 1
6058 2881 64354533 1
6043 2797 64354543 1
6022 2743 64354553 1
5985 2710 64354563 1
5921 2710 64354573 1
5838 2728 64354583 1
5719 2760 64354593 1
5608 2811 64354603 1
5503 2894 64354613 1
5460 2998 64354623 1
5451 3119 64354633 1
5464 3257 64354643 1
5521 3407 64354653 1
5613 3537 64354663 1
5729 3667 64354673 1
5847 3794 64354683 1
5939 3916 64354693 1
6013 4005 64354687 1
6082 4075 64354697 1
6152 4134 64354707 1
6200 4174 64354717 1
6232 4202 64354727 1
6238 4208 64354737 1
6238 4213 64354747 1
6243 4213 64354757 1
6243 4213 64354767 1
6243 4213 64354777 1
6243 4205 64354787 1
6235 4195 64354797 1
6227 4180 64354807 1
6220 4162 64354817 1
6220 4144 64354827 1
6220 4135 64354837 1
6229 4135 64354847 1
6244 4130 64354857 1
6265 4130 64354867 1
6309 4130 64354877 1
6367 4135 64354887 1
6449 4157 64354897 1
6531 4199 64354907 1
6613 4254 64354917 1
6670 4312 64354927 1
6712 4373 64354937 1
6735 4437 64354947 1
6735 4485 64354957 1
6724 4518 64354967 1
6692 4542 64354977 1
6647 4542 64354987 1
6593 4517 64354997 1
6536 4473 64355007 1
6485 4412 64355017 1
6454 4338 64355027 1
6433 4255 64355037 1
6433 4189 64355047 1
6447 4134 64355057 1
6477 4086 64355067 1
6532 4055 64355077 1
6602 4046 64355087 1
6682 4052 64355097 1
6780 4083 64355107 1
6880 4126 64355117 1
6980 4178 64355127 1
7057 4222 64355137 1
7115 4260 64355147 1
7161 4285 64355157 1
7176 4294 64355167 1
7176 4294 64355177 1
7176 4294 64355187 1
7170 4287 64355197 1
7155 4279 64355207 1
7134 4266 64355217 1
7110 4254 64355227 1
