180
6644 3353 29235191 0
6533 3297 29235201 1
6428 3302 29235211 1
6367 3359 29235221 1
6344 3348 29235231 1
6344 3348 29235241 1
6349 3348 29235251 1
6349 3348 29235261 1
6420 3348 29235271 1
6530 3377 29235281 1
6655 3421 29235291 1
6765 3472 29235301 1
6865 3514 29235311 1
6917 3534 29235321 1
6944 3543 29235331 1
6954 3538 29235341 1
6954 3529 29235351 1
6936 3433 29235361 1
6907 3281 29235371 1
6850 3090 29235381 1
6784 2918 29235391 1
6711 2758 29235401 1
6640 2584 29235411 1
6573 2462 29235421 1
6512 2376 29235431 1
6452 2330 29235441 1
6420 2314 29235451 1
6411 2319 29235461 1
6416 2319 29235471 1
6422 2325 29235481 1
6432 2330 29235491 1
6496 2368 29235501 1
6594 2419 29235511 1
6694 2479 29235521 1
6818 2564 29235531 1
6958 2671 29235541 1
7092 2793 29235551 1
7230 2942 29235561 1
7331 3047 29235571 1
7406 3124 29235581 1
7422 3146 29235591 1
7422 3146 29235601 1
7415 3132 29235611 1
7381 3034 29235621 1
7346 2894 29235631 1
7310 2726 29235641 1
7274 2586 29235651 1
7238 2493 29235661 1
7226 2431 29235671 1
7231 2418 29235681 1
7231 2418 29235691 1
7231 2418 29235701 1
7238 2429 29235711 1
7285 2541 29235721 1
7360 2721 29235731 1
7419 2880 29235741 1
7454 2954 29235751 1
7473 2971 29235761 1
7480 2971 29235771 1
7490 2965 29235781 1
7512 2936 29235791 1
7540 2893 29235801 1
7556 2829 29235811 1
7564 2761 29235821 1
7564 2711 29235831 1
7564 2675 29235841 1
7564 2666 29235851 1
7570 2666 29235861 1
7570 2666 29235871 1
7599 2707 29235881 1
7645 2793 29235891 1
7695 2913 29235901 1
7741 2996 29235911 1
7770 3029 29235921 1
7788 3029 29235931 1
7805 3018 29235941 1
7821 2982 29235951 1
7835 2930 29235961 1
7835 2851 29235971 1
7835 2772 29235981 1
7835 2729 29235991 1
7841 2711 29236001 1
7873 2700 29236011 1
7921 2734 29236021 1
8004 2799 29236031 1
8109 2908 29236041 1
8229 3010 29236051 1
8324 3099 29236061 1
8379 3147 29236071 1
8406 3169 29236081 1
8406 3169 29236091 1
8406 3169 29236101 1
8394 3162 29236111 1
8342 3121 29236121 1
8283 3055 29236131 1
8219 2954 29236141 1
8176 2849 29236151 1
8167 2798 29236161 1
8181 2784 29236171 1
8204 2768 29236181 1
8246 2779 29236191 1
8301 2807 29236201 1
8385 2897 29236211 1
8452 2988 29236221 1
8507 3079 29236231 1
8507 3094 29236241 1
8507 3094 29236251 1
8507 3087 29236261 1
8507 3080 29236271 1
8515 3025 29236281 1
8539 2939 29236291 1
8566 2900 29236301 1
8618 2887 29236311 1
8686 2892 29236321 1
8786 2959 29236331 1
8886 3045 29236341 1
8986 3144 29236351 1
9041 3229 29236361 1
9069 3302 29236371 1
9069 3368 29236381 1
9069 3409 29236391 1
9048 3426 29236401 1
9032 3426 29236411 1
8986 3368 29236421 1
8920 3286 29236431 1
8874 3190 29236441 1
8850 3114 29236451 1
8840 3071 29236461 1
8855 3049 29236471 1
8874 3044 29236481 1
8923 3061 29236491 1
8990 3092 29236501 1
9062 3158 29236511 1
9116 3224 29236521 1
9157 3287 29236531 1
9166 3344 29236541 1
9157 3395 29236551 1
9136 3411 29236561 1
9131 3403 29236571 1
9121 3358 29236581 1
9108 3248 29236591 1
9094 3094 29236601 1
9080 2953 29236611 1
9068 2752 29236621 1
9057 2510 29236631 1
9027 2290 29236641 1
8984 2066 29236651 1
8934 1840 29236661 1
8887 1738 29236671 1
8847 1671 29236681 1
8810 1628 29236691 1
8773 1605 29236701 1
8731 1593 29236711 1
8706 1602 29236721 1
8690 1622 29236731 1
8669 1670 29236741 1
8649 1744 29236751 1
8649 1835 29236761 1
8658 1916 29236771 1
8724 2036 29236781 1
8848 2183 29236791 1
9010 2391 29236801 1
9187 2596 29236811 1
9369 2793 29236821 1
9553 2979 29236831 1
9675 3158 29236841 1
9742 3307 29236851 1
9772 3401 29236861 1
9763 3458 29236871 1
9745 3479 29236881 1
9722 3485 29236891 1
9722 3485 29236901 1
9703 3467 29236911 1
9681 3373 29236921 1
9671 3226 29236931 1
9690 3109 29236941 1
9727 3050 29236951 1
9878 3031 29236961 1
10154 3154 29236971 1
10514 3394 29236981 1
