199
6144 2998 29247619 0
6035 2896 29247629 1
5975 2885 29247639 1
5930 2908 29247649 1
5930 2908 29247659 1
5935 2908 29247669 1
5944 2914 29247679 1
6017 2924 29247689 1
6133 2938 29247699 1
6259 2945 29247709 1
6357 2975 29247719 1
6437 3020 29247729 1
6485 3011 29247739 1
6516 2997 29247749 1
6535 2973 29247759 1
6545 2913 29247769 1
6518 2831 29247779 1
6465 2682 29247789 1
6390 2548 29247799 1
6282 2423 29247809 1
6153 2278 29247819 1
6041 2138 29247829 1
5956 2028 29247839 1
5888 1937 29247849 1
5873 1907 29247859 1
5873 1899 29247869 1
5886 1907 29247879 1
5933 1907 29247889 1
6033 1946 29247899 1
6167 2019 29247909 1
6317 2118 29247919 1
6473 2216 29247929 1
6628 2314 29247939 1
6781 2399 29247949 1
6919 2478 29247959 1
7028 2554 29247969 1
7117 2631 29247979 1
7164 2676 29247989 1
7176 2686 29247999 1
7164 2674 29248009 1
7139 2651 29248019 1
7084 2532 29248029 1
7009 2348 29248039 1
6955 2171 29248049 1
6916 2005 29248059 1
6887 1922 29248069 1
6887 1890 29248079 1
6887 1890 29248089 1
6887 1890 29248099 1
6887 1890 29248109 1
6921 1956 29248119 1
6977 2092 29248129 1
7039 2278 29248139 1
7109 2451 29248149 1
7172 2536 29248159 1
7227 2562 29248169 1
7264 2577 29248179 1
7284 2569 29248189 1
7293 2547 29248199 1
7306 2490 29248209 1
7300 2413 29248219 1
7280 2322 29248229 1
7272 2248 29248239 1
7266 2208 29248249 1
7266 2191 29248259 1
7266 2191 29248269 1
7271 2218 29248279 1
7302 2261 29248289 1
7350 2396 29248299 1
7418 2528 29248309 1
7491 2658 29248319 1
7532 2714 29248329 1
7549 2714 29248339 1
7555 2678 29248349 1
7567 2639 29248359 1
7583 2564 29248369 1
7566 2466 29248379 1
7566 2402 29248389 1
7566 2352 29248399 1
7576 2311 29248409 1
7587 2292 29248419 1
7628 2298 29248429 1
7688 2321 29248439 1
7792 2408 29248449 1
7915 2514 29248459 1
8051 2633 29248469 1
8168 2779 29248479 1
8271 2909 29248489 1
8364 3029 29248499 1
8377 3048 29248509 1
8371 3048 29248519 1
8352 3025 29248529 1
8290 2979 29248539 1
8221 2866 29248549 1
8146 2709 29248559 1
8103 2628 29248569 1
8078 2566 29248579 1
8065 2516 29248589 1
8065 2507 29248599 1
8079 2507 29248609 1
8100 2507 29248619 1
8161 2529 29248629 1
8248 2605 29248639 1
8334 2716 29248649 1
8399 2846 29248659 1
8449 2907 29248669 1
8449 2921 29248679 1
8444 2909 29248689 1
8436 2873 29248699 1
8384 2820 29248709 1
8363 2727 29248719 1
8363 2665 29248729 1
8382 2623 29248739 1
8418 2597 29248749 1
8464 2602 29248759 1
8531 2629 29248769 1
8620 2697 29248779 1
8723 2786 29248789 1
8798 2890 29248799 1
8840 2983 29248809 1
8861 3042 29248819 1
8842 3078 29248829 1
8825 3107 29248839 1
8811 3129 29248849 1
8800 3129 29248859 1
8792 3129 29248869 1
8783 3115 29248879 1
8768 3077 29248889 1
8750 3021 29248899 1
8750 2994 29248909 1
8758 2983 29248919 1
8758 2983 29248929 1
8758 2983 29248939 1
8758 2983 29248949 1
8758 2989 29248959 1
8758 3021 29248969 1
8750 3050 29248979 1
8744 3058 29248989 1
8738 3053 29248999 1
8738 3053 29249009 1
8725 3058 29249019 1
8712 3058 29249029 1
8688 3058 29249039 1
8660 3042 29249049 1
8628 2958 29249059 1
8595 2827 29249069 1
8595 2727 29249079 1
8620 2627 29249089 1
8664 2575 29249099 1
8713 2555 29249109 1
8795 2568 29249119 1
8896 2633 29249129 1
8973 2732 29249139 1
9003 2820 29249149 1
9003 2887 29249159 1
8975 2940 29249169 1
8937 2970 29249179 1
8892 2970 29249189 1
8861 2945 29249199 1
8807 2848 29249209 1
8737 2701 29249219 1
8689 2520 29249229 1
8641 2342 29249239 1
8592 2112 29249249 1
8548 1847 29249259 1
8514 1509 29249269 1
8486 1285 29249279 1
8453 1138 29249289 1
8418 1084 29249299 1
8367 1052 29249309 1
8304 1034 29249319 1
8197 1041 29249329 1
8101 1068 29249339 1
8012 1108 29249349 1
7963 1180 29249359 1
7947 1283 29249369 1
7953 1407 29249379 1
8004 1513 29249389 1
8120 1650 29249399 1
8280 1807 29249409 1
8496 1958 29249419 1
8756 2163 29249429 1
9044 2403 29249439 1
9303 2638 29249449 1
9507 2869 29249459 1
9675 3058 29249469 1
9758 3222 29249479 1
9790 3364 29249489 1
9790 3436 29249499 1
9771 3461 29249509 1
9742 3450 29249519 1
9704 3438 29249529 1
9624 3325 29249539 1
9563 3145 29249549 1
9515 2949 29249559 1
9515 2823 29249569 1
9594 2745 29249579 1
9733 2753 29249589 1
10069 2920 29249599 1
