209
5357 3718 29285303 0
5184 3540 29285313 1
5091 3519 29285323 1
5001 3565 29285333 1
4991 3582 29285343 1
4986 3594 29285353 1
4986 3604 29285363 1
5060 3652 29285373 1
5184 3727 29285383 1
5338 3820 29285393 1
5445 3880 29285403 1
5534 3918 29285413 1
5611 3941 29285423 1
5662 3948 29285433 1
5701 3948 29285443 1
5731 3925 29285453 1
5758 3885 29285463 1
5758 3797 29285473 1
5732 3660 29285483 1
5682 3491 29285493 1
5608 3284 29285503 1
5517 3134 29285513 1
5427 3023 29285523 1
5337 2893 29285533 1
5253 2796 29285543 1
5179 2722 29285553 1
5149 2692 29285563 1
5149 2692 29285573 1
5149 2701 29285583 1
5149 2701 29285593 1
5208 2706 29285603 1
5296 2723 29285613 1
5413 2761 29285623 1
5554 2830 29285633 1
5710 2919 29285643 1
5874 3006 29285653 1
6015 3094 29285663 1
6140 3181 29285673 1
6264 3274 29285683 1
6339 3371 29285693 1
6380 3404 29285703 1
6380 3410 29285713 1
6380 3399 29285723 1
6373 3391 29285733 1
6334 3306 29285743 1
6294 3169 29285753 1
6254 3053 29285763 1
6204 2951 29285773 1
6168 2859 29285783 1
6142 2789 29285793 1
6142 2756 29285803 1
6147 2748 29285813 1
6147 2748 29285823 1
6147 2775 29285833 1
6196 2814 29285843 1
6270 2947 29285853 1
6343 3079 29285863 1
6395 3159 29285873 1
6432 3205 29285883 1
6440 3205 29285893 1
6445 3211 29285903 1
6445 3211 29285913 1
6458 3198 29285923 1
6469 3163 29285933 1
6479 3113 29285943 1
6479 3042 29285953 1
6462 2981 29285963 1
6456 2926 29285973 1
6449 2863 29285983 1
6442 2843 29285993 1
6442 2852 29286003 1
6452 2852 29286013 1
6483 2915 29286023 1
6541 3018 29286033 1
6617 3142 29286043 1
6689 3265 29286053 1
6730 3322 29286063 1
6750 3335 29286073 1
6750 3330 29286083 1
6760 3294 29286093 1
6767 3238 29286103 1
6767 3172 29286113 1
6753 3100 29286123 1
6753 3025 29286133 1
6753 2980 29286143 1
6764 2953 29286153 1
6781 2937 29286163 1
6813 2928 29286173 1
6875 2955 29286183 1
6958 3007 29286193 1
7055 3086 29286203 1
7158 3180 29286213 1
7271 3285 29286223 1
7355 3382 29286233 1
7419 3447 29286243 1
7437 3492 29286253 1
7437 3498 29286263 1
7426 3498 29286273 1
7413 3498 29286283 1
7389 3498 29286293 1
7358 3469 29286303 1
7317 3423 29286313 1
7273 3345 29286323 1
7227 3259 29286333 1
7199 3168 29286343 1
7189 3107 29286353 1
7189 3073 29286363 1
7203 3058 29286373 1
7236 3047 29286383 1
7283 3063 29286393 1
7355 3098 29286403 1
7430 3169 29286413 1
7489 3238 29286423 1
7537 3310 29286433 1
7547 3385 29286443 1
7547 3410 29286453 1
7542 3415 29286463 1
7536 3406 29286473 1
7525 3400 29286483 1
7510 3361 29286493 1
7498 3299 29286503 1
7490 3243 29286513 1
7500 3187 29286523 1
7520 3145 29286533 1
7543 3113 29286543 1
7569 3105 29286553 1
7603 3114 29286563 1
7665 3134 29286573 1
7746 3200 29286583 1
7830 3287 29286593 1
7914 3389 29286603 1
7991 3502 29286613 1
8026 3567 29286623 1
8037 3601 29286633 1
8026 3601 29286643 1
8002 3606 29286653 1
7969 3581 29286663 1
7922 3538 29286673 1
7878 3466 29286683 1
7836 3404 29286693 1
7827 3349 29286703 1
7827 3317 29286713 1
7848 3290 29286723 1
7888 3266 29286733 1
7928 3258 29286743 1
7972 3278 29286753 1
8022 3316 29286763 1
8071 3376 29286773 1
8117 3452 29286783 1
8133 3540 29286793 1
8127 3581 29286803 1
8122 3589 29286813 1
8106 3576 29286823 1
8083 3512 29286833 1
8053 3387 29286843 1
8017 3221 29286853 1
7978 3035 29286863 1
7949 2811 29286873 1
7921 2562 29286883 1
7908 2380 29286893 1
7903 2279 29286903 1
7912 2232 29286913 1
7912 2221 29286923 1
7912 2221 29286933 1
7905 2221 29286943 1
7851 2245 29286953 1
7763 2290 29286963 1
7696 2353 29286973 1
7653 2403 29286983 1
7625 2447 29286993 1
7607 2473 29287003 1
7591 2490 29287013 1
7591 2500 29287023 1
7591 2509 29287033 1
7604 2551 29287043 1
7681 2614 29287053 1
7801 2741 29287063 1
7953 2884 29287073 1
8127 3038 29287083 1
8315 3213 29287093 1
8496 3374 29287103 1
8614 3526 29287113 1
8689 3616 29287123 1
8689 3649 29287133 1
8684 3643 29287143 1
8675 3653 29287153 1
8644 3665 29287163 1
8611 3676 29287173 1
8577 3676 29287183 1
8542 3676 29287193 1
8506 3660 29287203 1
8470 3634 29287213 1
8440 3554 29287223 1
8448 3471 29287233 1
8481 3375 29287243 1
8562 3270 29287253 1
8683 3225 29287263 1
8831 3235 29287273 1
9021 3283 29287283 1
9187 3382 29287293 1
9338 3444 29287303 1
9407 3481 29287313 1
9433 3497 29287323 1
9433 3497 29287333 1
9433 3497 29287343 1
9428 3497 29287353 1
9428 3491 29287363 1
9428 3491 29287373 1
9417 3499 29287383 1
