124
2211 5314 74116223 0
2195 5367 74116233 1
2239 5441 74116243 1
2331 5473 74116253 1
2455 5521 74116263 1
2619 5580 74116273 1
2794 5635 74116283 1
2976 5698 74116293 1
3181 5766 74116303 1
3350 5814 74116313 1
3496 5858 74116323 1
3604 5880 74116333 1
3683 5889 74116343 1
3743 5884 74116353 1
3761 5875 74116363 1
2385 4661 74116463 0
2177 4299 74116473 1
2148 4252 74116483 1
2188 4293 74116493 1
2272 4299 74116503 1
2395 4330 74116513 1
2543 4378 74116523 1
2735 4438 74116533 1
2917 4508 74116543 1
3092 4586 74116553 1
3260 4662 74116563 1
3392 4723 74116573 1
3500 4774 74116583 1
3582 4820 74116593 1
3630 4848 74116603 1
3655 4865 74116613 1
3629 4871 74116623 1
3336 5152 74116704 0
3330 5206 74116714 1
3308 5215 74116724 1
3290 5215 74116734 1
3277 5177 74116744 1
3245 5122 74116754 1
3202 5020 74116764 1
3142 4883 74116774 1
3078 4722 74116784 1
3010 4577 74116794 1
2944 4416 74116804 1
2880 4244 74116814 1
2820 4082 74116824 1
2784 3950 74116834 1
2764 3839 74116844 1
2777 3743 74116854 1
2828 3641 74116864 1
2905 3611 74116874 1
3019 3632 74116884 1
3162 3663 74116894 1
3324 3724 74116904 1
3472 3806 74116914 1
3614 3882 74116924 1
3752 3954 74116934 1
3860 4021 74116944 1
5027 5565 74117234 0
4949 5560 74117244 1
4926 5574 74117254 1
4926 5574 74117264 1
4932 5574 74117274 1
4961 5593 74117284 1
5006 5617 74117294 1
5092 5653 74117304 1
5217 5700 74117314 1
5369 5754 74117314 1
5493 5794 74117324 1
5592 5831 74117334 1
5675 5850 74117344 1
5740 5858 74117354 1
5785 5849 74117364 1
5816 5837 74117374 1
5829 5805 74117384 1
5821 5761 74117394 1
5799 5697 74117404 1
5750 5606 74117414 1
5693 5496 74117424 1
5631 5355 74117434 1
5575 5208 74117444 1
5516 5038 74117454 1
5455 4855 74117464 1
5418 4684 74117474 1
5381 4535 74117484 1
5363 4402 74117494 1
5356 4263 74117504 1
5377 4148 74117514 1
5424 4050 74117524 1
5488 3967 74117534 1
5568 3902 74117544 1
5676 3850 74117554 1
5802 3818 74117564 1
5925 3823 74117574 1
6047 3854 74117584 1
6172 3899 74117594 1
6299 3944 74117604 1
6395 3974 74117614 1
6469 3996 74117624 1
6526 4018 74117634 1
6567 4039 74117644 1
6596 4071 74117654 1
6479 5216 74117785 0
6520 5260 74117795 1
6509 5278 74117805 1
6498 5291 74117815 1
6467 5291 74117825 1
6423 5274 74117835 1
6358 5243 74117845 1
6274 5207 74117855 1
6178 5153 74117865 1
6085 5090 74117875 1
5995 5024 74117885 1
5922 4959 74117895 1
5859 4894 74117905 1
5809 4824 74117915 1
5792 4773 74117925 1
5798 4734 74117935 1
5849 4702 74117945 1
5942 4679 74117955 1
6063 4663 74117965 1
6212 4648 74117975 1
6364 4643 74117985 1
6523 4643 74117995 1
6700 4653 74118005 1
