105
3538 5891 27495325 0
3666 5943 27495335 1
3661 6008 27495345 1
3735 6098 27495355 1
3861 6161 27495365 1
4068 6189 27495375 1
4259 6195 27495385 1
4440 6226 27495395 1
4641 6256 27495405 1
4773 6284 27495415 1
4859 6296 27495425 1
4900 6296 27495435 1
4910 6288 27495445 1
3540 4862 27495546 0
3659 4729 27495556 1
3739 4784 27495566 1
3807 4892 27495576 1
4017 4955 27495586 1
4268 5018 27495596 1
4545 5085 27495606 1
4851 5156 27495616 1
5066 5227 27495626 1
5221 5270 27495636 1
5328 5312 27495646 1
4753 5748 27495746 0
4677 5479 27495756 1
4590 5398 27495766 1
4558 5379 27495776 1
4563 5211 27495786 1
4563 4943 27495796 1
4563 4702 27495806 1
4576 4530 27495816 1
4576 4405 27495826 1
4582 4307 27495836 1
4546 4220 27495846 1
4481 4140 27495856 1
4228 3898 27495896 0
4061 3740 27495906 1
4008 3674 27495916 1
3989 3667 27495926 1
4019 3679 27495936 1
4082 3705 27495946 1
4249 3791 27495956 1
4488 3893 27495966 1
4774 4005 27495976 1
5062 4095 27495986 1
5383 4179 27495996 1
5725 4244 27496006 1
6026 4299 27496016 1
6247 4349 27496026 1
6414 4384 27496036 1
6543 4409 27496046 1
6648 4437 27496056 1
6736 4466 27496066 1
6682 6195 27496858 0
6649 6220 27496868 1
6643 6326 27496878 1
6627 6429 27496888 1
6725 6495 27496898 1
6876 6536 27496908 1
7063 6580 27496918 1
7249 6601 27496928 1
7407 6607 27496938 1
7546 6580 27496948 1
7617 6511 27496958 1
7648 6414 27496968 1
7653 6245 27496978 1
7611 5998 27496988 1
7559 5699 27496998 1
7499 5381 27497008 1
7462 5043 27497018 1
7451 4692 27497028 1
7457 4423 27497038 1
7476 4148 27497048 1
7516 3912 27497058 1
7571 3703 27497068 1
7650 3582 27497078 1
7732 3502 27497088 1
7827 3449 27497098 1
7930 3422 27497108 1
8005 3422 27497118 1
8077 3444 27497128 1
8146 3494 27497138 1
8223 3599 27497148 1
8279 5720 27497248 0
8328 5756 27497258 1
8236 5770 27497268 1
8077 5806 27497278 1
7938 5680 27497288 1
7804 5534 27497298 1
7698 5376 27497308 1
7610 5326 27497318 1
7550 5284 27497328 1
7525 5248 27497338 1
7525 5202 27497348 1
7567 5124 27497358 1
7666 5024 27497368 1
7801 4900 27497378 1
7968 4772 27497388 1
8134 4688 27497398 1
8299 4636 27497408 1
8455 4613 27497418 1
8575 4602 27497428 1
8671 4602 27497438 1
8723 4602 27497448 1
