117
3493 5776 43179739 0
3438 5753 43179749 1
3422 5753 43179759 1
3429 5753 43179769 1
3439 5753 43179779 1
3473 5753 43179789 1
3522 5776 43179799 1
3621 5812 43179809 1
3754 5891 43179819 1
3910 5968 43179829 1
4059 6043 43179839 1
4202 6093 43179849 1
4297 6119 43179859 1
4362 6128 43179869 1
3666 5186 43179949 0
3482 4912 43179959 1
3443 4833 43179969 1
3433 4786 43179979 1
3459 4760 43179989 1
3529 4772 43179999 1
3629 4824 43180009 1
3780 4904 43180019 1
3933 4999 43180029 1
4115 5095 43180039 1
4316 5192 43180049 1
4481 5274 43180059 1
4617 5345 43180069 1
4734 5409 43180079 1
4818 5465 43180089 1
4293 5584 43180179 0
4200 5500 43180189 1
4167 5445 43180199 1
4135 5381 43180209 1
4112 5254 43180219 1
4074 5086 43180229 1
4027 4891 43180239 1
3964 4653 43180249 1
3903 4411 43180259 1
3847 4167 43180269 1
3806 3935 43180279 1
3775 3741 43180289 1
3764 3573 43180299 1
3764 3456 43180309 1
3764 3368 43180319 1
3783 3300 43180329 1
3826 3267 43180339 1
3884 3267 43180349 1
3993 3292 43180359 1
4157 3354 43180369 1
4358 3435 43180379 1
4574 3530 43180389 1
4790 3626 43180399 1
5007 3742 43180409 1
5200 3872 43180419 1
5377 4009 43180429 1
5542 4153 43180439 1
6196 6000 43180690 0
6289 6055 43180700 1
6382 6097 43180710 1
6490 6153 43180720 1
6607 6214 43180730 1
6725 6279 43180740 1
6842 6338 43180750 1
6923 6374 43180760 1
6980 6396 43180770 1
7015 6396 43180780 1
7037 6379 43180790 1
7050 6351 43180800 1
7050 6305 43180810 1
7018 6212 43180820 1
6973 6089 43180830 1
6901 5888 43180840 1
6812 5651 43180850 1
6711 5390 43180860 1
6620 5092 43180870 1
6553 4789 43180880 1
6502 4548 43180890 1
6481 4351 43180900 1
6481 4175 43180910 1
6503 4014 43180920 1
6556 3863 43180930 1
6611 3722 43180940 1
6718 3608 43180950 1
6860 3513 43180960 1
7007 3417 43180970 1
7198 3358 43180980 1
7417 3324 43180990 1
7644 3339 43181000 1
7875 3420 43181010 1
8108 3545 43181020 1
8318 3684 43181030 1
8502 3834 43181040 1
8669 3992 43181050 1
8800 4117 43181060 1
8901 4208 43181070 1
8113 5623 43181221 0
8049 5573 43181231 1
7960 5642 43181241 1
7839 5650 43181251 1
7756 5618 43181261 1
7657 5526 43181271 1
7548 5407 43181281 1
7384 5269 43181291 1
7215 5143 43181301 1
7043 5020 43181311 1
6915 4898 43181321 1
6827 4763 43181331 1
6766 4659 43181341 1
6777 4577 43181351 1
6848 4499 43181361 1
6960 4439 43181371 1
7118 4390 43181381 1
7346 4373 43181391 1
7621 4392 43181401 1
7948 4435 43181411 1
8276 4490 43181421 1
8605 4542 43181431 1
