117
2875 5768 74119608 0
2912 5762 74119618 1
2923 5795 74119628 1
2910 5843 74119638 1
2965 5864 74119648 1
3070 5909 74119658 1
3209 5971 74119668 1
3384 6066 74119678 1
3604 6159 74119688 1
3853 6248 74119698 1
4042 6320 74119708 1
4234 6382 74119718 1
4384 6434 74119728 1
4506 6466 74119738 1
4578 6484 74119748 1
4591 6479 74119758 1
2995 5130 74119858 0
2772 4772 74119868 1
2724 4656 74119878 1
2698 4596 74119888 1
2729 4567 74119898 1
2792 4559 74119908 1
2875 4583 74119918 1
3012 4636 74119928 1
3197 4709 74119938 1
3414 4804 74119948 1
3642 4909 74119958 1
3871 5022 74119968 1
4072 5110 74119978 1
4253 5195 74119988 1
4410 5271 74119998 1
4520 5327 74120008 1
4598 5370 74120018 1
4126 5800 74120139 0
4126 5800 74120149 1
4126 5800 74120159 1
4104 5773 74120169 1
4089 5716 74120179 1
4067 5630 74120189 1
4027 5504 74120199 1
3983 5354 74120209 1
3936 5188 74120219 1
3871 5007 74120229 1
3794 4806 74120239 1
3709 4592 74120249 1
3641 4405 74120259 1
3603 4228 74120269 1
3584 4059 74120279 1
3611 3948 74120289 1
3683 3871 74120299 1
3786 3816 74120309 1
3910 3800 74120319 1
4066 3833 74120329 1
4243 3900 74120339 1
4429 3990 74120349 1
4614 4085 74120359 1
4799 4184 74120369 1
4927 4269 74120379 1
6051 5749 74120699 0
5946 5745 74120709 1
5933 5760 74120719 1
5943 5772 74120729 1
5966 5792 74120739 1
6025 5831 74120749 1
6108 5882 74120759 1
6215 5931 74120769 1
6326 5975 74120779 1
6431 6013 74120789 1
6529 6046 74120799 1
6615 6073 74120809 1
6677 6080 74120819 1
6722 6074 74120829 1
6740 6046 74120839 1
6740 5994 74120849 1
6716 5927 74120859 1
6683 5828 74120869 1
6635 5713 74120879 1
6576 5587 74120889 1
6516 5432 74120899 1
6456 5269 74120909 1
6396 5100 74120919 1
6348 4933 74120929 1
6325 4764 74120939 1
6318 4629 74120949 1
6344 4519 74120959 1
6399 4423 74120969 1
6474 4355 74120979 1
6592 4307 74120989 1
6756 4307 74120999 1
6950 4322 74121009 1
7132 4355 74121019 1
7314 4389 74121029 1
7491 4415 74121039 1
7620 4431 74121049 1
7719 4443 74121059 1
7774 4450 74121069 1
7784 4457 74121079 1
7405 5614 74121240 0
7442 5580 74121250 1
7380 5580 74121260 1
7348 5574 74121270 1
7288 5556 74121280 1
7210 5529 74121290 1
7123 5486 74121300 1
7033 5434 74121310 1
6940 5373 74121320 1
6861 5314 74121330 1
6785 5259 74121340 1
6742 5209 74121350 1
6719 5164 74121360 1
6735 5121 74121370 1
6808 5083 74121380 1
6918 5048 74121390 1
7053 5029 74121400 1
7220 5018 74121410 1
7408 5012 74121420 1
7599 5022 74121430 1
