102
3394 5776 24002036 0
3379 5808 24002046 1
3367 5882 24002056 1
3421 5931 24002066 1
3552 5964 24002076 1
3734 5995 24002086 1
3966 6037 24002096 1
4207 6087 24002106 1
4454 6153 24002116 1
4627 6193 24002126 1
4755 6216 24002136 1
4852 6216 24002146 1
4904 6192 24002156 1
2951 4209 24002276 0
2966 4128 24002286 1
2996 4252 24002296 1
3133 4357 24002306 1
3342 4450 24002316 1
3616 4561 24002326 1
3933 4707 24002336 1
4279 4876 24002346 1
4625 5045 24002356 1
4966 5181 24002366 1
5219 5296 24002376 1
5416 5365 24002386 1
5549 5411 24002396 1
4504 5705 24002497 0
4351 5521 24002507 1
4307 5562 24002517 1
4236 5503 24002527 1
4195 5378 24002537 1
4173 5127 24002547 1
4148 4828 24002557 1
4120 4497 24002567 1
4091 4207 24002577 1
4065 3997 24002587 1
4057 3840 24002597 1
4057 3757 24002607 1
4072 3710 24002617 1
4117 3686 24002627 1
4183 3679 24002637 1
4296 3717 24002647 1
4462 3785 24002657 1
4664 3907 24002667 1
4912 4031 24002677 1
5150 4156 24002687 1
5382 4255 24002697 1
5563 4316 24002707 1
5698 4353 24002717 1
5802 4370 24002727 1
5875 4382 24002737 1
6596 5832 24003107 0
6564 5870 24003117 1
6548 5990 24003127 1
6532 6103 24003137 1
6645 6204 24003147 1
6833 6298 24003157 1
7071 6398 24003167 1
7292 6462 24003177 1
7501 6502 24003187 1
7639 6486 24003197 1
7732 6424 24003207 1
7790 6332 24003217 1
7795 6180 24003227 1
7765 5947 24003237 1
7692 5660 24003247 1
7606 5373 24003257 1
7511 5078 24003267 1
7420 4816 24003277 1
7352 4580 24003287 1
7300 4410 24003298 1
7288 4239 24003308 1
7330 4101 24003318 1
7409 3986 24003328 1
7524 3910 24003338 1
7675 3873 24003348 1
7850 3863 24003358 1
8033 3894 24003368 1
8187 3939 24003378 1
8322 3993 24003388 1
8432 4044 24003398 1
8515 4108 24003408 1
8366 5514 24003508 0
8469 5569 24003518 1
8387 5596 24003528 1
8291 5651 24003538 1
8186 5591 24003548 1
8074 5456 24003558 1
7967 5271 24003568 1
7870 5164 24003578 1
7811 5083 24003588 1
7776 5020 24003598 1
7776 4955 24003608 1
7830 4886 24003618 1
7916 4810 24003628 1
8021 4736 24003638 1
8144 4698 24003648 1
8278 4682 24003658 1
8413 4682 24003668 1
8503 4682 24003678 1
8563 4682 24003688 1
8606 4682 24003698 1
