141
3541 5905 71406807 0
3541 5905 71406817 1
3516 5909 71406827 1
3516 5909 71406837 1
3544 5909 71406847 1
3588 5916 71406857 1
3664 5932 71406867 1
3762 5969 71406877 1
3874 6012 71406887 1
3992 6059 71406897 1
4116 6109 71406907 1
4244 6158 71406917 1
4366 6199 71406927 1
4452 6231 71406937 1
4517 6246 71406947 1
4551 6246 71406957 1
3332 4904 71407097 0
3219 4717 71407107 1
3191 4717 71407117 1
3208 4697 71407127 1
3238 4681 71407137 1
3289 4681 71407147 1
3355 4694 71407157 1
3455 4730 71407167 1
3590 4784 71407177 1
3749 4850 71407187 1
3893 4917 71407197 1
4039 4981 71407207 1
4199 5043 71407217 1
4367 5110 71407227 1
4518 5181 71407237 1
4653 5249 71407247 1
4777 5317 71407257 1
4838 5364 71407267 1
4863 5398 71407277 1
4323 5654 71407368 0
4283 5677 71407378 1
4267 5708 71407388 1
4267 5708 71407398 1
4267 5694 71407408 1
4279 5636 71407418 1
4289 5544 71407428 1
4289 5429 71407438 1
4280 5291 71407448 1
4266 5157 71407458 1
4249 5027 71407468 1
4231 4875 71407478 1
4211 4716 71407488 1
4185 4553 71407498 1
4154 4388 71407508 1
4116 4221 71407518 1
4071 4078 71407528 1
4021 3953 71407538 1
3964 3831 71407548 1
3902 3727 71407558 1
3837 3635 71407568 1
3778 3571 71407578 1
3722 3522 71407588 1
3671 3484 71407598 1
3643 3461 71407608 1
3629 3453 71407618 1
3629 3453 71407628 1
3638 3453 71407638 1
3667 3472 71407648 1
3711 3497 71407658 1
3796 3546 71407668 1
3912 3618 71407678 1
4048 3706 71407688 1
4227 3834 71407698 1
4409 3968 71407708 1
4610 4106 71407718 1
4823 4233 71407728 1
4991 4342 71407738 1
5156 4439 71407748 1
5320 4513 71407758 1
5459 4582 71407768 1
6315 6034 71408139 0
6300 5961 71408149 1
6228 5952 71408159 1
6228 5959 71408169 1
6256 5974 71408179 1
6300 5994 71408189 1
6388 6042 71408199 1
6497 6103 71408209 1
6619 6172 71408219 1
6755 6244 71408229 1
6888 6318 71408239 1
7018 6394 71408249 1
7119 6452 71408259 1
7191 6484 71408269 1
7244 6499 71408279 1
7265 6488 71408289 1
7265 6454 71408299 1
7239 6404 71408309 1
7199 6332 71408319 1
7145 6235 71408329 1
7081 6121 71408339 1
7018 5976 71408349 1
6952 5792 71408359 1
6883 5583 71408369 1
6797 5346 71408379 1
6714 5109 71408389 1
6655 4889 71408399 1
6610 4680 71408409 1
6594 4515 71408419 1
6605 4345 71408429 1
6635 4216 71408439 1
6682 4115 71408449 1
6765 4040 71408459 1
6873 3979 71408469 1
7011 3928 71408479 1
7176 3928 71408489 1
7360 3948 71408499 1
7542 3988 71408509 1
7722 4050 71408519 1
7900 4119 71408529 1
8032 4193 71408539 1
8126 4263 71408549 1
8195 4330 71408559 1
7419 5675 71408750 0
7457 5733 71408760 1
7457 5774 71408770 1
7447 5789 71408780 1
7440 5789 71408790 1
7424 5774 71408800 1
7378 5717 71408810 1
7312 5631 71408820 1
7236 5523 71408830 1
7164 5414 71408840 1
7101 5322 71408850 1
7048 5241 71408860 1
7021 5184 71408870 1
7011 5148 71408880 1
7045 5126 71408890 1
7120 5090 71408900 1
7221 5053 71408910 1
7364 5014 71408920 1
7504 4973 71408930 1
7641 4932 71408940 1
7777 4891 71408950 1
7918 4855 71408960 1
