119
3302 5586 43174601 0
3304 5536 43174611 1
3297 5556 43174621 1
3321 5601 43174631 1
3366 5601 43174641 1
3442 5628 43174651 1
3550 5668 43174661 1
3678 5723 43174671 1
3812 5781 43174681 1
3932 5840 43174691 1
4042 5892 43174701 1
4131 5920 43174711 1
4190 5932 43174721 1
3527 5050 43174822 0
3426 4807 43174832 1
3400 4738 43174842 1
3379 4717 43174852 1
3394 4708 43174862 1
3439 4708 43174872 1
3505 4731 43174882 1
3605 4785 43174892 1
3725 4860 43174902 1
3858 4943 43174912 1
3988 5024 43174922 1
4121 5101 43174932 1
4260 5171 43174942 1
4362 5233 43174952 1
4438 5286 43174962 1
4028 5560 43175072 0
4015 5530 43175082 1
4008 5545 43175092 1
3989 5527 43175102 1
4002 5488 43175112 1
4008 5392 43175122 1
4008 5279 43175132 1
3994 5155 43175142 1
3967 5016 43175152 1
3933 4850 43175162 1
3893 4667 43175172 1
3849 4512 43175182 1
3802 4344 43175192 1
3753 4168 43175202 1
3691 4017 43175212 1
3620 3873 43175222 1
3567 3734 43175232 1
3520 3640 43175242 1
3497 3574 43175252 1
3488 3526 43175262 1
3495 3498 43175272 1
3522 3483 43175282 1
3562 3477 43175292 1
3635 3493 43175302 1
3738 3543 43175312 1
3861 3615 43175322 1
4001 3705 43175332 1
4166 3808 43175342 1
4348 3919 43175352 1
4518 4020 43175362 1
4683 4117 43175372 1
4844 4207 43175382 1
4957 4294 43175392 1
5060 4376 43175402 1
6088 5995 43175613 0
6060 5952 43175623 1
6035 5952 43175633 1
6027 5952 43175643 1
6038 5952 43175653 1
6072 5966 43175663 1
6121 5988 43175673 1
6205 6037 43175683 1
6314 6100 43175693 1
6440 6172 43175703 1
6567 6235 43175713 1
6696 6295 43175723 1
6793 6319 43175733 1
6869 6319 43175743 1
6907 6284 43175753 1
6919 6204 43175763 1
6914 6096 43175773 1
6881 5922 43175783 1
6821 5707 43175793 1
6743 5465 43175803 1
6672 5189 43175813 1
6639 4923 43175823 1
6632 4665 43175833 1
6665 4474 43175843 1
6738 4278 43175853 1
6838 4078 43175863 1
6961 3908 43175873 1
7082 3775 43175883 1
7201 3668 43175893 1
7364 3620 43175903 1
7502 3597 43175913 1
7622 3592 43175923 1
7747 3628 43175933 1
7871 3712 43175943 1
7818 5631 43176083 0
7779 5780 43176093 1
7742 5832 43176103 1
7704 5821 43176113 1
7683 5775 43176123 1
7607 5707 43176133 1
7493 5626 43176143 1
7374 5541 43176153 1
7252 5437 43176163 1
7129 5323 43176173 1
7027 5214 43176183 1
6949 5118 43176193 1
6887 5031 43176203 1
6853 4951 43176213 1
6860 4872 43176223 1
6894 4793 43176233 1
6974 4736 43176243 1
7120 4693 43176253 1
7311 4661 43176263 1
7545 4642 43176273 1
7798 4632 43176283 1
8064 4625 43176293 1
8292 4615 43176303 1
