116
2822 6103 27538177 0
2650 6118 27538187 1
2580 6177 27538197 1
2580 6267 27538207 1
2643 6280 27538217 1
2756 6307 27538227 1
2941 6343 27538237 1
3153 6383 27538247 1
3384 6420 27538257 1
3674 6456 27538267 1
3945 6477 27538277 1
4204 6493 27538287 1
4410 6493 27538297 1
4540 6493 27538307 1
4620 6493 27538317 1
4031 6361 27538407 0
3886 6224 27538417 1
3847 6216 27538427 1
3814 6102 27538437 1
3814 5917 27538447 1
3829 5583 27538457 1
3855 5155 27538467 1
3883 4664 27538477 1
3924 4252 27538487 1
3973 3917 27538497 1
4016 3634 27538507 1
4060 3508 27538517 1
4107 3429 27538527 1
4174 3382 27538537 1
4255 3374 27538547 1
4847 4403 27538628 0
4964 4496 27538638 1
4972 4483 27538648 1
4986 4470 27538658 1
5012 4379 27538668 1
5046 4238 27538678 1
5095 4110 27538688 1
5155 4017 27538698 1
5223 3947 27538708 1
5290 3915 27538718 1
5357 3915 27538728 1
5425 3944 27538738 1
5493 4002 27538748 1
5550 4088 27538758 1
5602 4193 27538768 1
5602 4303 27538778 1
5556 4409 27538788 1
5483 4465 27538798 1
5403 4490 27538808 1
5311 4485 27538818 1
5211 4474 27538828 1
5162 4466 27538838 1
5148 4466 27538848 1
5157 4466 27538858 1
5236 4497 27538868 1
5342 4547 27538878 1
5467 4583 27538888 1
5610 4613 27538898 1
5771 4631 27538908 1
5943 4616 27538918 1
6087 4579 27538928 1
6219 4519 27538938 1
6342 4422 27538948 1
6406 4301 27538958 1
6428 4140 27538968 1
6423 3976 27538978 1
6384 3810 27538988 1
6334 3684 27538998 1
6277 3586 27539008 1
6243 3556 27539018 1
6225 3551 27539028 1
6218 3563 27539038 1
6213 3589 27539048 1
6233 3700 27539058 1
6269 3867 27539068 1
6328 4056 27539078 1
6399 4185 27539088 1
6478 4274 27539098 1
6532 4303 27539108 1
6584 4288 27539118 1
6634 4243 27539128 1
6683 4160 27539138 1
6729 4046 27539148 1
6774 3911 27539158 1
6821 3770 27539168 1
6862 3652 27539178 1
6900 3550 27539188 1
6928 3490 27539198 1
6950 3462 27539208 1
7089 4235 27539299 0
7189 4273 27539309 1
7207 4259 27539319 1
7207 4253 27539329 1
7242 4133 27539339 1
7286 4008 27539349 1
7337 3910 27539359 1
7389 3832 27539369 1
7437 3782 27539379 1
7477 3762 27539389 1
7515 3762 27539399 1
7875 4371 27539469 0
7951 4425 27539479 1
7944 4385 27539489 1
7897 4234 27539499 1
7820 3987 27539509 1
7722 3675 27539519 1
7643 3356 27539529 1
7561 3016 27539539 1
7475 2663 27539549 1
7386 2391 27539559 1
7286 2148 27539569 1
7187 1925 27539579 1
7091 1747 27539589 1
7012 1635 27539599 1
6945 1566 27539609 1
6926 1556 27539619 1
