109
2901 6211 24150499 0
2938 6313 24150509 1
2951 6364 24150519 1
3057 6376 24150529 1
3225 6376 24150539 1
3419 6391 24150549 1
3639 6407 24150559 1
3877 6444 24150569 1
4081 6480 24150579 1
4252 6515 24150589 1
4401 6528 24150599 1
4492 6535 24150609 1
4057 6408 24150700 0
3915 6262 24150710 1
3866 6223 24150720 1
3838 6208 24150730 1
3816 6071 24150740 1
3807 5830 24150750 1
3807 5520 24150760 1
3820 5151 24150770 1
3849 4777 24150780 1
3889 4485 24150790 1
3925 4248 24150800 1
3952 4069 24150810 1
3974 3946 24150820 1
3992 3860 24150830 1
4014 3808 24150840 1
4045 3794 24150850 1
4996 4904 24150960 0
5053 4715 24150970 1
5044 4648 24150980 1
5044 4602 24150990 1
5060 4439 24151000 1
5095 4319 24151010 1
5137 4228 24151020 1
5183 4188 24151030 1
5236 4188 24151040 1
5311 4225 24151050 1
5399 4316 24151060 1
5486 4424 24151070 1
5531 4544 24151080 1
5548 4653 24151090 1
5523 4740 24151100 1
5465 4813 24151110 1
5385 4832 24151120 1
5289 4819 24151130 1
5196 4785 24151140 1
5139 4747 24151150 1
5106 4709 24151160 1
5106 4670 24151170 1
6169 5068 24151270 0
6338 4955 24151280 1
6338 4939 24151290 1
6300 4837 24151300 1
6283 4677 24151310 1
6251 4539 24151320 1
6210 4427 24151330 1
6167 4333 24151340 1
6128 4281 24151350 1
6107 4258 24151360 1
6096 4258 24151370 1
6096 4258 24151380 1
6096 4304 24151390 1
6121 4378 24151400 1
6160 4512 24151410 1
6223 4643 24151420 1
6305 4772 24151430 1
6400 4860 24151440 1
6468 4899 24151450 1
6525 4906 24151460 1
6574 4877 24151470 1
6605 4797 24151480 1
6613 4684 24151490 1
6605 4548 24151500 1
6586 4406 24151510 1
6568 4260 24151520 1
6551 4157 24151530 1
6551 4094 24151540 1
6546 4058 24151550 1
6552 4039 24151560 1
7062 4874 24151661 0
7186 4784 24151671 1
7203 4755 24151681 1
7186 4700 24151691 1
7209 4552 24151701 1
7241 4350 24151711 1
7279 4261 24151721 1
7311 4187 24151731 1
7343 4124 24151741 1
7376 4099 24151751 1
7426 4099 24151761 1
7914 4822 24151831 0
7988 4866 24151841 1
7973 4838 24151851 1
7938 4813 24151861 1
7876 4681 24151871 1
7795 4477 24151881 1
7702 4195 24151891 1
7601 3938 24151901 1
7479 3697 24151911 1
7343 3452 24151921 1
7213 3202 24151931 1
7104 2950 24151941 1
7009 2734 24151951 1
6930 2568 24151961 1
6865 2436 24151971 1
6809 2332 24151981 1
6776 2276 24151991 1
6776 2276 24152001 1
