134
2274 5549 43282246 0
2309 5556 43282256 1
2268 5540 43282266 1
2289 5529 43282276 1
2347 5517 43282286 1
2429 5506 43282296 1
2557 5511 43282306 1
2720 5525 43282316 1
2907 5542 43282326 1
3127 5556 43282336 1
3347 5566 43282346 1
3562 5566 43282356 1
3746 5571 43282366 1
3913 5565 43282376 1
4030 5558 43282386 1
4101 5548 43282396 1
4140 5548 43282406 1
4131 5543 43282416 1
4079 5543 43282426 1
3997 5543 43282436 1
3910 5537 43282446 1
3825 5504 43282456 1
3750 5453 43282466 1
3681 5353 43282476 1
3605 5210 43282486 1
3532 5039 43282496 1
3465 4792 43282506 1
3413 4533 43282516 1
3372 4265 43282526 1
3345 3991 43282536 1
3323 3750 43282546 1
3323 3531 43282556 1
3347 3377 43282566 1
3382 3268 43282576 1
3421 3188 43282586 1
4859 3950 43282777 0
4782 3971 43282787 1
4720 3991 43282797 1
4688 3973 43282807 1
4647 3906 43282817 1
4599 3806 43282827 1
4562 3673 43282837 1
4549 3547 43282847 1
4549 3427 43282857 1
4595 3328 43282867 1
4671 3267 43282877 1
4769 3231 43282887 1
4867 3244 43282897 1
4956 3297 43282907 1
5040 3377 43282917 1
5093 3467 43282927 1
5104 3557 43282937 1
5087 3642 43282947 1
5028 3724 43282957 1
4944 3810 43282967 1
4844 3899 43282977 1
4743 3953 43282987 1
4675 3983 43282997 1
4630 3998 43283007 1
4630 3998 43283017 1
4694 4004 43283027 1
4790 4019 43283037 1
4910 4042 43283047 1
5063 4076 43283057 1
5894 4293 43283127 0
5977 4264 43283137 1
6006 4210 43283147 1
6028 4137 43283157 1
6043 4031 43283167 1
6049 3895 43283177 1
6049 3738 43283187 1
6049 3610 43283197 1
6049 3500 43283207 1
6054 3403 43283217 1
6060 3350 43283227 1
6070 3331 43283237 1
6080 3331 43283247 1
6096 3374 43283258 1
6130 3468 43283268 1
6175 3598 43283278 1
6234 3742 43283288 1
6302 3880 43283298 1
6377 4014 43283308 1
6443 4092 43283318 1
6502 4132 43283328 1
6555 4146 43283338 1
6600 4127 43283348 1
6638 4075 43283358 1
6672 4001 43283368 1
6698 3900 43283378 1
6718 3798 43283388 1
6734 3695 43283398 1
6752 3618 43283408 1
6770 3556 43283418 1
6791 3506 43283428 1
6828 3473 43283438 1
7403 4188 43283538 0
7483 4295 43283548 1
7491 4305 43283558 1
7491 4283 43283568 1
7491 4241 43283578 1
7491 4166 43283588 1
7480 4076 43283598 1
7480 3975 43283608 1
7488 3864 43283618 1
7505 3752 43283628 1
7544 3667 43283638 1
7596 3602 43283648 1
7665 3561 43283658 1
7751 3552 43283668 1
7847 3565 43283678 1
7949 3614 43283688 1
8041 3698 43283698 1
8125 3805 43283708 1
8209 3930 43283718 1
8285 4038 43283728 1
8355 4135 43283738 1
8404 4209 43283748 1
8439 4265 43283758 1
8464 4310 43283768 1
8475 4324 43283778 1
8475 4324 43283788 1
8463 4304 43283798 1
8440 4238 43283808 1
8400 4104 43283818 1
8349 3924 43283828 1
8278 3658 43283838 1
8197 3354 43283848 1
8109 3025 43283858 1
7992 2659 43283868 1
7850 2309 43283878 1
7691 1970 43283888 1
7525 1596 43283898 1
7336 1253 43283908 1
