138
2045 5064 64820223 0
2007 5035 64820233 1
1989 5017 64820243 1
1970 5010 64820253 1
1947 5010 64820263 1
1925 5019 64820273 1
1907 5034 64820283 1
1897 5054 64820293 1
1908 5096 64820303 1
1932 5175 64820313 1
1997 5278 64820323 1
2111 5423 64820333 1
2258 5567 64820343 1
2437 5689 64820353 1
2647 5796 64820363 1
2877 5875 64820373 1
3105 5915 64820383 1
3375 5928 64820393 1
3673 5942 64820403 1
3976 5967 64820413 1
4283 6000 64820423 1
4555 6057 64820433 1
4801 6111 64820443 1
4922 6162 64820453 1
4965 6188 64820463 1
4956 6188 64820473 1
4068 5698 64820653 0
4023 5680 64820663 1
3942 5673 64820673 1
3892 5630 64820683 1
3843 5564 64820693 1
3794 5384 64820703 1
3743 5096 64820713 1
3733 4736 64820723 1
3760 4386 64820733 1
3811 4070 64820743 1
3869 3776 64820753 1
3922 3604 64820763 1
3951 3489 64820773 1
3967 3412 64820783 1
3967 3363 64820793 1
3972 3344 64820803 1
3972 3344 64820813 1
5210 4246 64821154 0
5250 4229 64821164 1
5162 4219 64821174 1
5142 4212 64821184 1
5168 4108 64821194 1
5192 3969 64821204 1
5255 3806 64821214 1
5343 3715 64821224 1
5442 3685 64821234 1
5546 3696 64821244 1
5659 3758 64821254 1
5779 3860 64821264 1
5854 3990 64821274 1
5898 4117 64821284 1
5898 4249 64821294 1
5849 4384 64821304 1
5777 4473 64821314 1
5663 4509 64821324 1
5536 4509 64821334 1
5401 4458 64821344 1
5261 4372 64821354 1
5159 4263 64821364 1
5081 4166 64821374 1
5036 4099 64821384 1
5020 4051 64821394 1
5020 4035 64821404 1
6168 4642 64821515 0
6319 4613 64821525 1
6319 4637 64821535 1
6304 4681 64821545 1
6359 4601 64821555 1
6420 4470 64821565 1
6450 4304 64821575 1
6458 4149 64821585 1
6437 4003 64821595 1
6419 3862 64821605 1
6402 3765 64821615 1
6402 3722 64821625 1
6402 3716 64821635 1
6402 3721 64821645 1
6439 3799 64821655 1
6491 3927 64821665 1
6564 4125 64821675 1
6641 4336 64821685 1
6699 4556 64821695 1
6743 4624 64821705 1
6780 4619 64821715 1
6827 4566 64821725 1
6888 4451 64821735 1
6955 4295 64821745 1
7027 4112 64821755 1
7103 3964 64821765 1
7184 3856 64821775 1
7245 3775 64821785 1
7292 3733 64821795 1
7876 4737 64821925 0
7927 4777 64821935 1
7950 4879 64821945 1
7970 4911 64821955 1
8009 4896 64821965 1
8061 4873 64821975 1
8097 4820 64821985 1
8117 4748 64821995 1
8124 4639 64822005 1
8134 4482 64822015 1
8134 4293 64822025 1
8134 4137 64822035 1
8169 4031 64822045 1
8211 3959 64822055 1
8254 3932 64822065 1
8295 3948 64822075 1
8362 3992 64822085 1
8442 4096 64822095 1
8730 4862 64822145 0
8817 5120 64822155 1
8855 5177 64822165 1
8868 5220 64822175 1
8868 5241 64822185 1
8868 5248 64822195 1
8868 5248 64822205 1
8863 5242 64822215 1
8852 5189 64822225 1
8835 5103 64822235 1
8805 4926 64822245 1
8754 4676 64822255 1
8688 4378 64822265 1
8611 3998 64822275 1
8537 3589 64822285 1
8467 3160 64822295 1
8381 2776 64822305 1
8284 2474 64822315 1
8181 2226 64822325 1
8080 2020 64822335 1
8001 1890 64822345 1
7936 1811 64822355 1
