115
2868 6013 24164389 0
2799 6007 24164399 1
2766 6079 24164409 1
2788 6101 24164419 1
2875 6120 24164429 1
3006 6135 24164439 1
3224 6160 24164449 1
3480 6193 24164459 1
3761 6231 24164469 1
4014 6266 24164479 1
4271 6296 24164489 1
4468 6318 24164499 1
4624 6332 24164509 1
4739 6338 24164519 1
4805 6338 24164529 1
4301 6224 24164600 0
4091 6144 24164610 1
4024 6113 24164620 1
3977 6073 24164630 1
3942 5942 24164640 1
3923 5733 24164650 1
3909 5471 24164660 1
3909 5137 24164670 1
3909 4811 24164680 1
3917 4491 24164690 1
3943 4254 24164700 1
3980 4115 24164710 1
4028 4041 24164720 1
4080 3995 24164730 1
4139 3977 24164740 1
4223 3977 24164750 1
5032 4800 24164830 0
5173 4793 24164840 1
5182 4786 24164850 1
5205 4741 24164860 1
5237 4672 24164870 1
5283 4570 24164880 1
5333 4469 24164890 1
5390 4370 24164900 1
5449 4304 24164910 1
5526 4280 24164920 1
5615 4285 24164930 1
5716 4334 24164940 1
5801 4404 24164950 1
5876 4487 24164960 1
5898 4567 24164970 1
5868 4646 24164980 1
5804 4723 24164990 1
5708 4799 24165000 1
5606 4832 24165010 1
5501 4832 24165020 1
5421 4807 24165030 1
5361 4768 24165040 1
5314 4730 24165050 1
5308 4693 24165060 1
6449 4954 24165160 0
6617 4859 24165170 1
6617 4822 24165180 1
6617 4721 24165190 1
6603 4564 24165200 1
6573 4370 24165210 1
6507 4268 24165220 1
6460 4196 24165230 1
6425 4145 24165240 1
6396 4127 24165250 1
6384 4127 24165260 1
6384 4136 24165270 1
6384 4179 24165280 1
6420 4291 24165290 1
6477 4449 24165301 1
6557 4596 24165311 1
6642 4706 24165321 1
6728 4792 24165331 1
6812 4832 24165341 1
6891 4825 24165351 1
6947 4786 24165361 1
6988 4706 24165371 1
7013 4591 24165381 1
7023 4452 24165391 1
7023 4308 24165401 1
7023 4173 24165411 1
7023 4088 24165421 1
7023 4032 24165431 1
7032 4007 24165441 1
7043 4001 24165451 1
7486 4658 24165541 0
7595 4565 24165551 1
7595 4530 24165561 1
7621 4509 24165571 1
7659 4358 24165581 1
7704 4254 24165591 1
7751 4182 24165601 1
7800 4128 24165611 1
7845 4094 24165621 1
7888 4074 24165631 1
7931 4074 24165641 1
7980 4090 24165651 1
8323 4521 24165701 0
8386 4589 24165711 1
8377 4580 24165721 1
8353 4527 24165731 1
8294 4444 24165741 1
8212 4240 24165751 1
8126 3985 24165761 1
8032 3697 24165771 1
7918 3357 24165781 1
7794 3017 24165791 1
7677 2677 24165801 1
7565 2435 24165811 1
7457 2219 24165821 1
7349 2020 24165831 1
7256 1865 24165841 1
7201 1768 24165851 1
7171 1710 24165861 1
7171 1699 24165871 1
