116
3041 6063 27530856 0
2874 6072 27530866 1
2814 6147 27530876 1
2761 6182 27530886 1
2789 6213 27530896 1
2883 6241 27530906 1
3022 6291 27530916 1
3210 6344 27530926 1
3427 6398 27530937 1
3663 6442 27530947 1
3910 6482 27530957 1
4147 6500 27530967 1
4329 6500 27530977 1
4477 6494 27530987 1
4556 6485 27530997 1
4126 6346 27531087 0
4044 6163 27531097 1
4022 6055 27531107 1
3976 5958 27531117 1
3953 5625 27531127 1
3945 5200 27531137 1
3978 4713 27531147 1
4017 4336 27531157 1
4053 3997 27531167 1
4086 3684 27531177 1
4122 3526 27531187 1
4155 3424 27531197 1
4184 3359 27531207 1
4207 3323 27531217 1
4225 3308 27531227 1
4252 3308 27531237 1
4276 3316 27531247 1
4297 3335 27531257 1
5554 4881 27531818 0
5513 4757 27531828 1
5455 4733 27531838 1
5384 4613 27531848 1
5368 4430 27531858 1
5387 4277 27531868 1
5429 4166 27531878 1
5491 4083 27531888 1
5573 4030 27531898 1
5669 4018 27531908 1
5794 4034 27531918 1
5910 4114 27531928 1
6020 4236 27531938 1
6102 4387 27531948 1
6126 4539 27531958 1
6112 4706 27531968 1
6045 4882 27531978 1
5960 4961 27531988 1
5862 4969 27531998 1
5741 4931 27532008 1
5620 4862 27532018 1
5525 4779 27532028 1
5446 4687 27532038 1
5411 4619 27532048 1
5417 4554 27532058 1
6697 4779 27532218 0
6767 4746 27532228 1
6749 4733 27532238 1
6734 4666 27532248 1
6714 4510 27532258 1
6691 4314 27532268 1
6676 4179 27532278 1
6662 4068 27532288 1
6636 3973 27532298 1
6603 3943 27532308 1
6603 3937 27532318 1
6603 3948 27532328 1
6627 4008 27532338 1
6663 4132 27532348 1
6720 4298 27532358 1
6778 4493 27532368 1
6852 4632 27532378 1
6935 4734 27532388 1
6996 4770 27532398 1
7058 4748 27532408 1
7122 4688 27532418 1
7177 4551 27532428 1
7225 4383 27532438 1
7272 4194 27532448 1
7311 4024 27532458 1
7344 3916 27532468 1
7378 3850 27532478 1
7407 3813 27532488 1
7435 3808 27532498 1
7605 4682 27532579 0
7736 4776 27532589 1
7761 4738 27532599 1
7755 4701 27532609 1
7771 4573 27532619 1
7791 4385 27532629 1
7829 4242 27532639 1
7878 4136 27532649 1
7920 4055 27532659 1
7962 4009 27532669 1
8007 3992 27532679 1
8057 3992 27532689 1
8133 4039 27532699 1
8422 4368 27532739 0
8566 4631 27532749 1
8581 4671 27532759 1
8562 4665 27532769 1
8519 4538 27532779 1
8422 4330 27532789 1
8308 3998 27532799 1
8182 3590 27532809 1
8056 3131 27532819 1
7923 2665 27532829 1
7785 2285 27532839 1
7659 1963 27532849 1
7535 1700 27532859 1
7401 1495 27532869 1
7259 1329 27532879 1
7139 1240 27532889 1
