126
2932 5827 43293933 0
2838 5827 43293943 1
2796 5833 43293953 1
2780 5841 43293963 1
2799 5828 43293973 1
2840 5802 43293983 1
2946 5789 43293993 1
3052 5789 43294003 1
3225 5807 43294013 1
3441 5847 43294023 1
3671 5892 43294033 1
3889 5940 43294043 1
4099 5976 43294053 1
4285 6001 43294063 1
4410 6020 43294073 1
4495 6020 43294083 1
4529 6012 43294093 1
4524 5999 43294103 1
4494 5963 43294113 1
4421 5913 43294123 1
4331 5820 43294133 1
4230 5690 43294143 1
4107 5536 43294153 1
4013 5285 43294163 1
3939 5007 43294173 1
3902 4710 43294183 1
3871 4475 43294193 1
3845 4262 43294203 1
3850 4065 43294213 1
3859 3956 43294223 1
3892 3885 43294233 1
4906 4453 43294343 0
4960 4563 43294353 1
4937 4596 43294363 1
4923 4596 43294373 1
4903 4568 43294383 1
4878 4517 43294393 1
4847 4419 43294403 1
4817 4290 43294413 1
4788 4158 43294423 1
4788 4051 43294433 1
4812 3962 43294443 1
4855 3905 43294453 1
4927 3891 43294463 1
5032 3907 43294473 1
5160 3973 43294483 1
5291 4070 43294493 1
5373 4187 43294503 1
5423 4292 43294513 1
5403 4393 43294523 1
5340 4485 43294533 1
5249 4558 43294543 1
5136 4619 43294553 1
5026 4663 43294563 1
4947 4686 43294573 1
4886 4694 43294583 1
4875 4689 43294593 1
4895 4652 43294603 1
4935 4595 43294613 1
6285 4713 43294744 0
6285 4713 43294754 1
6299 4656 43294764 1
6294 4588 43294774 1
6280 4464 43294784 1
6269 4331 43294794 1
6259 4192 43294804 1
6251 4072 43294814 1
6246 4001 43294824 1
6246 3963 43294834 1
6253 3953 43294844 1
6268 3970 43294854 1
6311 4006 43294864 1
6373 4093 43294874 1
6452 4212 43294884 1
6536 4353 43294894 1
6629 4494 43294904 1
6728 4587 43294914 1
6798 4648 43294924 1
6849 4642 43294934 1
6877 4572 43294944 1
6888 4460 43294954 1
6888 4306 43294964 1
6905 4168 43294974 1
6925 4042 43294984 1
6949 3951 43294994 1
6974 3883 43295004 1
6999 3831 43295014 1
7243 4148 43295075 0
7431 4459 43295085 1
7491 4560 43295095 1
7515 4622 43295105 1
7515 4605 43295115 1
7515 4548 43295125 1
7503 4464 43295135 1
7483 4312 43295145 1
7477 4192 43295155 1
7477 4093 43295165 1
7477 4013 43295175 1
7499 3960 43295185 1
7527 3925 43295195 1
7577 3925 43295205 1
7648 3972 43295215 1
7734 4052 43295225 1
7842 4178 43295235 1
7951 4332 43295245 1
8046 4505 43295255 1
8132 4642 43295265 1
8163 4709 43295275 1
8163 4729 43295285 1
8153 4707 43295295 1
8138 4683 43295305 1
8106 4599 43295315 1
8063 4477 43295325 1
8024 4297 43295335 1
7987 4081 43295345 1
7913 3841 43295355 1
7814 3523 43295365 1
7676 3176 43295375 1
7540 2809 43295385 1
7374 2471 43295395 1
7188 2153 43295395 1
7010 1848 43295405 1
6827 1570 43295415 1
6644 1359 43295425 1
6462 1194 43295435 1
6305 1117 43295445 1
