116
3517 6060 27516265 0
3359 6055 27516275 1
3286 6100 27516285 1
3245 6185 27516295 1
3281 6223 27516305 1
3368 6270 27516315 1
3517 6324 27516325 1
3708 6381 27516335 1
3927 6437 27516345 1
4154 6477 27516355 1
4395 6508 27516365 1
4645 6508 27516375 1
4865 6508 27516385 1
5000 6497 27516395 1
5077 6476 27516405 1
5130 6452 27516415 1
4702 6238 27516486 0
4505 6106 27516496 1
4417 6054 27516506 1
4360 6013 27516516 1
4324 5802 27516526 1
4301 5514 27516536 1
4283 5176 27516546 1
4293 4770 27516556 1
4320 4449 27516566 1
4346 4185 27516576 1
4371 3999 27516586 1
4393 3897 27516596 1
4413 3851 27516606 1
4441 3817 27516616 1
4475 3802 27516626 1
5543 4990 27516876 0
5583 5049 27516886 1
5516 5023 27516896 1
5452 5016 27516906 1
5405 4914 27516916 1
5368 4749 27516926 1
5363 4603 27516936 1
5375 4492 27516946 1
5397 4405 27516956 1
5437 4350 27516966 1
5483 4323 27516976 1
5540 4316 27516986 1
5604 4331 27516996 1
5674 4376 27517006 1
5744 4441 27517016 1
5811 4528 27517026 1
5847 4630 27517036 1
5864 4741 27517046 1
5831 4884 27517056 1
5771 4974 27517066 1
5693 5029 27517076 1
5625 5041 27517086 1
5559 5027 27517096 1
5522 4995 27517106 1
5503 4949 27517116 1
5508 4898 27517126 1
6374 5053 27517267 0
6535 4960 27517277 1
6477 4951 27517287 1
6442 4872 27517297 1
6422 4747 27517307 1
6402 4607 27517317 1
6384 4513 27517327 1
6369 4450 27517337 1
6349 4401 27517347 1
6326 4376 27517357 1
6321 4368 27517367 1
6321 4368 27517377 1
6321 4421 27517387 1
6350 4501 27517397 1
6388 4642 27517407 1
6439 4781 27517417 1
6501 4918 27517427 1
6570 4974 27517437 1
6624 4985 27517447 1
6676 4966 27517457 1
6726 4895 27517467 1
6757 4786 27517477 1
6777 4651 27517487 1
6789 4521 27517497 1
6801 4416 27517507 1
6814 4327 27517517 1
6823 4282 27517527 1
6829 4261 27517537 1
6837 4255 27517547 1
7168 4899 27517647 0
7299 4814 27517657 1
7325 4778 27517667 1
7360 4670 27517677 1
7396 4559 27517687 1
7432 4445 27517697 1
7488 4397 27517707 1
7541 4374 27517717 1
7581 4369 27517727 1
7613 4381 27517737 1
7652 4419 27517747 1
7695 4475 27517757 1
7795 4636 27517788 0
7911 4905 27517798 1
7943 4969 27517808 1
7954 4976 27517818 1
7946 4959 27517828 1
7913 4851 27517838 1
7863 4683 27517848 1
7795 4461 27517858 1
7713 4186 27517868 1
7622 3875 27517878 1
7525 3565 27517888 1
7421 3293 27517898 1
7312 3046 27517908 1
7206 2844 27517918 1
7119 2700 27517928 1
7044 2595 27517938 1
7003 2558 27517948 1
6989 2552 27517958 1
