135
2877 6469 27519791 0
2790 6480 27519801 1
2754 6526 27519811 1
2712 6557 27519821 1
2712 6571 27519831 1
2739 6594 27519841 1
2785 6622 27519851 1
2869 6657 27519861 1
3013 6702 27519871 1
3196 6753 27519881 1
3409 6801 27519891 1
3644 6835 27519901 1
3894 6861 27519911 1
4138 6886 27519921 1
4389 6910 27519931 1
4593 6931 27519941 1
4763 6931 27519951 1
4859 6924 27519961 1
4912 6908 27519971 1
4935 6888 27519981 1
4469 6683 27520041 0
4212 6595 27520051 1
4101 6554 27520061 1
4022 6516 27520071 1
3971 6375 27520081 1
3939 6125 27520091 1
3927 5802 27520101 1
3938 5442 27520111 1
3964 5015 27520121 1
4004 4544 27520131 1
4046 4178 27520141 1
4090 3905 27520151 1
4134 3694 27520161 1
4178 3615 27520171 1
4228 3567 27520181 1
4297 3541 27520191 1
4379 3541 27520201 1
4829 3983 27520251 0
5038 4385 27520261 1
5128 4532 27520271 1
5185 4631 27520281 1
5219 4638 27520291 1
5247 4582 27520301 1
5269 4485 27520311 1
5286 4320 27520321 1
5307 4149 27520331 1
5335 4014 27520341 1
5372 3906 27520351 1
5413 3843 27520361 1
5464 3814 27520371 1
5521 3808 27520381 1
5576 3828 27520391 1
5643 3890 27520401 1
5719 3979 27520411 1
5771 4080 27520421 1
5792 4189 27520431 1
5792 4304 27520441 1
5743 4417 27520451 1
5671 4528 27520461 1
5583 4613 27520471 1
5498 4682 27520481 1
5464 4723 27520491 1
5464 4758 27520501 1
5530 4823 27520511 1
5650 4911 27520521 1
5806 4968 27520531 1
5957 5005 27520541 1
6113 5029 27520551 1
6271 5022 27520561 1
6428 4973 27520571 1
6551 4897 27520581 1
6652 4768 27520591 1
6702 4638 27520601 1
6719 4506 27520611 1
6713 4377 27520621 1
6685 4249 27520631 1
6646 4152 27520641 1
6600 4101 27520651 1
6565 4080 27520661 1
6535 4080 27520671 1
6519 4099 27520681 1
6512 4138 27520691 1
6517 4246 27520701 1
6558 4426 27520711 1
6622 4653 27520721 1
6719 4911 27520731 1
6822 5055 27520741 1
6928 5124 27520751 1
7000 5146 27520761 1
7073 5120 27520771 1
7143 5061 27520781 1
7194 4939 27520791 1
7233 4773 27520801 1
7256 4578 27520811 1
7276 4405 27520821 1
7293 4272 27520831 1
7302 4167 27520841 1
7311 4129 27520851 1
7317 4119 27520861 1
7329 4129 27520871 1
7893 5149 27520982 0
7987 4976 27520992 1
7972 4963 27521002 1
7962 4826 27521012 1
7957 4606 27521022 1
7984 4479 27521032 1
8032 4407 27521042 1
8070 4372 27521052 1
8104 4357 27521062 1
8135 4357 27521072 1
8173 4365 27521082 1
8204 4408 27521092 1
8268 4496 27521102 1
8357 4615 27521112 1
8441 4765 27521122 1
8512 4915 27521132 1
8573 5064 27521142 1
8592 5089 27521152 1
8592 5074 27521162 1
8577 5032 27521173 1
8537 4905 27521183 1
8485 4720 27521193 1
8425 4497 27521203 1
8344 4214 27521213 1
8251 3908 27521223 1
8151 3587 27521233 1
8047 3314 27521243 1
7930 3037 27521253 1
7804 2803 27521263 1
7690 2599 27521273 1
7594 2459 27521283 1
7510 2370 27521293 1
7454 2316 27521303 1
7437 2316 27521313 1
7446 2349 27521323 1
