152
2458 6113 65960466 0
2341 6071 65960486 1
2252 6092 65960496 1
2214 6092 65960506 1
2203 6080 65960516 1
2211 6080 65960526 1
2253 6093 65960536 1
2363 6116 65960546 1
2519 6162 65960556 1
2762 6218 65960566 1
3007 6282 65960576 1
3253 6339 65960586 1
3477 6382 65960596 1
3679 6417 65960606 1
3866 6443 65960616 1
4020 6468 65960626 1
4156 6492 65960636 1
4279 6515 65960646 1
4342 6515 65960656 1
3788 6270 65960746 0
3649 6135 65960756 1
3564 6026 65960766 1
3502 5883 65960776 1
3443 5703 65960786 1
3390 5493 65960796 1
3344 5262 65960806 1
3304 4993 65960816 1
3271 4741 65960826 1
3251 4500 65960836 1
3240 4292 65960846 1
3240 4126 65960856 1
3240 3989 65960866 1
3240 3913 65960876 1
3250 3880 65960886 1
3258 3880 65960896 1
3271 3899 65960906 1
4856 5207 65961087 0
4810 5200 65961097 1
4762 5194 65961107 1
4699 5175 65961117 1
4649 5152 65961127 1
4600 5122 65961137 1
4554 5067 65961147 1
4510 4996 65961157 1
4473 4886 65961167 1
4455 4763 65961177 1
4449 4632 65961187 1
4471 4528 65961197 1
4516 4464 65961207 1
4577 4426 65961217 1
4652 4431 65961227 1
4737 4485 65961237 1
4828 4572 65961247 1
4896 4672 65961257 1
4938 4790 65961267 1
4962 4920 65961277 1
4962 5040 65961287 1
4945 5131 65961297 1
4921 5204 65961307 1
4877 5235 65961317 1
4806 5235 65961327 1
4717 5206 65961337 1
4625 5157 65961347 1
4571 5119 65961357 1
4543 5089 65961367 1
4562 5069 65961377 1
4620 5058 65961387 1
4704 5052 65961397 1
4814 5063 65961407 1
4919 5078 65961417 1
5020 5095 65961427 1
5132 5129 65961437 1
5239 5163 65961447 1
5319 5195 65961457 1
5381 5224 65961467 1
5422 5245 65961477 1
5444 5258 65961487 1
5454 5258 65961497 1
5454 5258 65961507 1
5454 5258 65961517 1
5454 5237 65961527 1
5444 5203 65961537 1
5435 5145 65961547 1
5424 5055 65961557 1
5424 4945 65961567 1
5424 4828 65961577 1
5424 4714 65961587 1
5435 4636 65961597 1
5450 4581 65961607 1
5469 4555 65961617 1
5490 4555 65961627 1
5511 4564 65961637 1
5548 4619 65961647 1
5595 4705 65961657 1
5649 4812 65961667 1
5718 4930 65961677 1
5797 5012 65961687 1
5869 5070 65961697 1
5933 5099 65961707 1
5991 5106 65961717 1
6051 5098 65961727 1
6110 5073 65961737 1
6169 5024 65961747 1
6227 4959 65961757 1
6273 4881 65961767 1
6307 4798 65961777 1
6334 4728 65961787 1
6368 4668 65961797 1
6404 4636 65961807 1
6441 4636 65961817 1
6495 4658 65961827 1
6908 5257 65961918 0
6942 5275 65961928 1
6932 5275 65961938 1
6932 5268 65961948 1
6938 5254 65961958 1
6938 5210 65961968 1
6938 5147 65961978 1
6938 5070 65961988 1
6938 4972 65961998 1
6945 4861 65962008 1
6945 4739 65962018 1
6957 4661 65962028 1
6969 4612 65962038 1
6986 4578 65962048 1
7007 4572 65962058 1
7043 4585 65962068 1
7090 4639 65962078 1
7154 4729 65962088 1
7222 4844 65962098 1
7298 4976 65962108 1
7374 5106 65962118 1
7448 5234 65962128 1
7522 5365 65962138 1
7569 5443 65962148 1
7598 5486 65962158 1
7598 5486 65962168 1
7584 5486 65962178 1
7563 5444 65962188 1
7517 5373 65962198 1
7447 5241 65962208 1
7361 5038 65962218 1
7236 4787 65962228 1
7091 4491 65962238 1
6932 4127 65962248 1
6740 3719 65962258 1
6569 3392 65962268 1
6411 3061 65962278 1
6280 2780 65962288 1
6177 2534 65962298 1
6093 2385 65962308 1
6057 2303 65962318 1
