146
2222 6106 64953544 0
2123 5930 64953554 1
2079 5976 64953564 1
2095 6017 64953574 1
2218 6054 64953584 1
2413 6106 64953594 1
2712 6166 64953604 1
3051 6232 64953614 1
3417 6232 64953624 1
3747 6282 64953634 1
4014 6374 64953644 1
4238 6405 64953654 1
4410 6416 64953664 1
4523 6416 64953674 1
4597 6407 64953684 1
4623 6397 64953694 1
4595 6381 64953704 1
3912 6107 64953775 0
3801 6026 64953785 1
3785 6002 64953795 1
3785 5962 64953805 1
3785 5861 64953815 1
3794 5719 64953825 1
3807 5503 64953835 1
3822 5158 64953845 1
3839 4726 64953855 1
3856 4309 64953865 1
3875 3889 64953875 1
3884 3570 64953885 1
3884 3320 64953895 1
3875 3156 64953905 1
3857 3050 64953915 1
3836 2983 64953925 1
5423 4480 64954115 0
5459 4534 64954125 1
5389 4591 64954135 1
5364 4591 64954145 1
5370 4558 64954155 1
5365 4502 64954165 1
5365 4401 64954175 1
5365 4280 64954185 1
5385 4147 64954195 1
5416 4040 64954205 1
5467 3969 64954215 1
5534 3923 64954225 1
5612 3923 64954235 1
5711 3969 64954245 1
5814 4054 64954255 1
5885 4171 64954265 1
5934 4300 64954275 1
5934 4437 64954285 1
5892 4542 64954295 1
5823 4593 64954305 1
5721 4607 64954315 1
5611 4567 64954325 1
5495 4492 64954335 1
5397 4394 64954345 1
5322 4307 64954355 1
5262 4246 64954365 1
5235 4202 64954375 1
5235 4196 64954385 1
5260 4224 64954395 1
5343 4276 64954405 1
5462 4383 64954415 1
5604 4488 64954425 1
5770 4591 64954435 1
5931 4675 64954445 1
6088 4741 64954455 1
6260 4796 64954465 1
6416 4836 64954475 1
6562 4836 64954485 1
6666 4818 64954495 1
6744 4766 64954505 1
6804 4711 64954515 1
6842 4622 64954525 1
6847 4513 64954535 1
6830 4384 64954545 1
6800 4278 64954555 1
6775 4187 64954565 1
6762 4143 64954575 1
6755 4127 64954585 1
6755 4127 64954595 1
6779 4163 64954605 1
6818 4257 64954615 1
6901 4393 64954625 1
6988 4566 64954635 1
7084 4706 64954645 1
7183 4823 64954655 1
7247 4872 64954665 1
7313 4854 64954675 1
7380 4792 64954685 1
7461 4701 64954695 1
7537 4593 64954705 1
7609 4475 64954715 1
7668 4345 64954725 1
7709 4245 64954735 1
7737 4165 64954745 1
7756 4124 64954755 1
7770 4107 64954765 1
7780 4107 64954775 1
7801 4107 64954785 1
7850 4134 64954795 1
7918 4178 64954805 1
8767 5049 64954966 0
8792 5135 64954976 1
8792 5174 64954986 1
8807 5184 64954996 1
8826 5176 64955006 1
8859 5140 64955016 1
8900 5059 64955026 1
8947 4948 64955036 1
8994 4794 64955046 1
9040 4658 64955056 1
9084 4535 64955067 1
9129 4413 64955077 1
9174 4325 64955087 1
9220 4259 64955097 1
9265 4229 64955107 1
9311 4220 64955117 1
9357 4220 64955127 1
9980 5277 64955267 0
9980 5277 64955277 1
9980 5277 64955287 1
9964 5304 64955297 1
9964 5304 64955307 1
9957 5298 64955317 1
9946 5274 64955327 1
9917 5238 64955337 1
9870 5181 64955347 1
9811 5098 64955357 1
9748 4999 64955367 1
9668 4836 64955377 1
9576 4635 64955387 1
9490 4409 64955397 1
9385 4137 64955407 1
9268 3862 64955417 1
9140 3581 64955427 1
8984 3305 64955437 1
8808 3033 64955447 1
8626 2788 64955457 1
8440 2592 64955467 1
8244 2430 64955477 1
8043 2285 64955487 1
7855 2180 64955497 1
7702 2103 64955507 1
7573 2079 64955517 1
