112
2512 6102 27510667 0
2496 6131 27510677 1
2454 6195 27510687 1
2473 6236 27510697 1
2533 6266 27510707 1
2670 6289 27510717 1
2851 6354 27510727 1
3062 6418 27510737 1
3358 6482 27510747 1
3656 6506 27510757 1
3955 6529 27510767 1
4222 6540 27510777 1
4450 6540 27510787 1
4652 6532 27510797 1
4771 6522 27510807 1
4515 6435 27510878 0
4267 6339 27510888 1
4147 6317 27510898 1
4054 6245 27510908 1
3979 6141 27510918 1
3935 5953 27510928 1
3894 5669 27510938 1
3859 5321 27510948 1
3843 4906 27510958 1
3843 4541 27510968 1
3865 4209 27510978 1
3895 3969 27510988 1
3937 3828 27510998 1
3985 3754 27511008 1
4040 3717 27511018 1
4123 3738 27511028 1
4850 4819 27511108 0
5005 4814 27511118 1
4975 4774 27511128 1
4966 4706 27511138 1
4966 4599 27511148 1
5002 4467 27511158 1
5048 4349 27511168 1
5104 4302 27511178 1
5172 4302 27511188 1
5254 4314 27511198 1
5346 4360 27511208 1
5430 4428 27511218 1
5485 4499 27511228 1
5520 4584 27511238 1
5494 4679 27511248 1
5431 4801 27511258 1
5344 4885 27511268 1
5236 4944 27511278 1
5140 4944 27511288 1
5052 4911 27511298 1
5010 4861 27511308 1
5005 4814 27511318 1
6030 5198 27511408 0
6266 5087 27511418 1
6245 5028 27511428 1
6233 4842 27511438 1
6228 4648 27511448 1
6228 4450 27511458 1
6216 4311 27511468 1
6197 4238 27511478 1
6187 4208 27511488 1
6179 4203 27511498 1
6179 4228 27511508 1
6195 4274 27511518 1
6229 4408 27511528 1
6283 4570 27511538 1
6356 4750 27511548 1
6441 4894 27511558 1
6503 4961 27511568 1
6565 4976 27511578 1
6627 4953 27511588 1
6685 4879 27511598 1
6735 4770 27511608 1
6779 4642 27511618 1
6818 4513 27511628 1
6858 4397 27511638 1
6886 4291 27511648 1
6905 4226 27511658 1
6926 4198 27511668 1
6950 4198 27511678 1
7212 5047 27511759 0
7396 5008 27511769 1
7443 5002 27511779 1
7456 4934 27511789 1
7487 4826 27511799 1
7519 4694 27511809 1
7567 4588 27511819 1
7625 4541 27511829 1
7679 4525 27511839 1
7731 4525 27511849 1
7784 4569 27511859 1
7840 4635 27511869 1
7900 4727 27511879 1
8010 5015 27511909 0
8139 5236 27511919 1
8162 5277 27511929 1
8162 5246 27511939 1
8137 5120 27511949 1
8086 4931 27511959 1
8016 4641 27511969 1
7917 4297 27511979 1
7796 3918 27511989 1
7660 3542 27511999 1
7539 3216 27512009 1
7411 2923 27512019 1
7280 2650 27512029 1
7148 2465 27512039 1
7050 2340 27512049 1
6997 2279 27512059 1
6974 2269 27512069 1
6984 2292 27512079 1
