122
2705 5857 24158471 0
2561 5859 24158481 1
2513 5892 24158491 1
2531 5919 24158501 1
2549 5929 24158511 1
2642 5929 24158521 1
2785 5937 24158531 1
2947 5943 24158541 1
3160 5949 24158551 1
3408 5958 24158561 1
3658 5965 24158571 1
3901 5970 24158581 1
4090 5970 24158591 1
4245 5963 24158601 1
4353 5956 24158611 1
3909 5934 24158701 0
3746 5827 24158711 1
3684 5814 24158721 1
3628 5834 24158731 1
3603 5770 24158741 1
3595 5630 24158751 1
3595 5439 24158761 1
3609 5161 24158771 1
3622 4861 24158781 1
3643 4547 24158791 1
3673 4284 24158801 1
3709 4083 24158811 1
3744 3924 24158821 1
3779 3830 24158831 1
3817 3768 24158841 1
3860 3727 24158851 1
3932 3727 24158861 1
4799 4629 24158951 0
4862 4628 24158961 1
4869 4602 24158971 1
4880 4543 24158981 1
4900 4446 24158991 1
4940 4325 24159001 1
4993 4210 24159011 1
5057 4128 24159021 1
5126 4067 24159031 1
5204 4055 24159041 1
5286 4085 24159051 1
5368 4143 24159061 1
5433 4232 24159071 1
5487 4328 24159081 1
5500 4428 24159091 1
5465 4519 24159101 1
5397 4580 24159111 1
5294 4621 24159121 1
5184 4621 24159131 1
5068 4606 24159141 1
4990 4575 24159151 1
4947 4545 24159161 1
4927 4516 24159171 1
4951 4487 24159181 1
5803 4777 24159262 0
6067 4747 24159272 1
6089 4729 24159282 1
6112 4666 24159292 1
6136 4573 24159302 1
6142 4423 24159312 1
6136 4305 24159322 1
6113 4209 24159332 1
6083 4117 24159342 1
6049 4053 24159352 1
6024 4007 24159362 1
6002 3987 24159372 1
5990 3987 24159382 1
5990 3996 24159392 1
5990 4042 24159402 1
6018 4155 24159412 1
6065 4314 24159422 1
6126 4478 24159432 1
6189 4584 24159442 1
6253 4651 24159452 1
6310 4682 24159462 1
6363 4687 24159472 1
6411 4674 24159482 1
6446 4635 24159492 1
6473 4535 24159502 1
6473 4395 24159512 1
6473 4237 24159522 1
6473 4089 24159532 1
6465 3976 24159542 1
6460 3885 24159552 1
6460 3836 24159562 1
6467 3815 24159572 1
6490 3815 24159582 1
6935 4575 24159663 0
7051 4518 24159673 1
7098 4518 24159683 1
7121 4465 24159693 1
7129 4376 24159703 1
7188 4282 24159713 1
7247 4198 24159723 1
7306 4121 24159733 1
7364 4084 24159743 1
7420 4069 24159753 1
7478 4069 24159763 1
7541 4085 24159773 1
7615 4128 24159783 1
7693 4189 24159793 1
7857 4375 24159823 0
7959 4549 24159833 1
7967 4565 24159843 1
7960 4549 24159853 1
7944 4516 24159863 1
7905 4395 24159873 1
7838 4215 24159883 1
7753 3960 24159893 1
7672 3655 24159903 1
7584 3318 24159913 1
7490 2960 24159923 1
7386 2663 24159933 1
7283 2407 24159943 1
7180 2212 24159953 1
7104 2050 24159963 1
7053 1910 24159973 1
7018 1834 24159983 1
7009 1801 24159993 1
7009 1801 24160003 1
