371
1730 6084 43476876 0
1836 6099 43476886 1
1952 6105 43476896 1
2099 6124 43476906 1
2303 6151 43476916 1
2543 6191 43476926 1
2807 6232 43476936 1
3058 6273 43476946 1
3305 6308 43476956 1
3549 6338 43476966 1
3771 6361 43476976 1
3949 6381 43476986 1
4097 6396 43476996 1
4230 6410 43477006 1
4317 6427 43477016 1
4373 6447 43477026 1
2710 6198 43477166 0
2560 6154 43477176 1
2493 6141 43477186 1
2441 6090 43477196 1
2406 6008 43477206 1
2383 5836 43477216 1
2362 5632 43477226 1
2341 5406 43477236 1
2320 5118 43477246 1
2302 4802 43477256 1
2282 4467 43477266 1
2260 4080 43477276 1
2232 3713 43477286 1
2193 3359 43477296 1
2146 3025 43477306 1
2106 2754 43477316 1
2069 2524 43477326 1
2034 2372 43477336 1
2021 2273 43477346 1
2031 2210 43477356 1
3077 5637 43477647 0
3130 5514 43477657 1
3169 5356 43477667 1
3191 5197 43477677 1
3206 5041 43477687 1
3216 4909 43477697 1
3222 4790 43477707 1
3230 4729 43477717 1
3241 4713 43477727 1
3253 4726 43477737 1
3269 4776 43477747 1
3291 4878 43477757 1
3321 5014 43477767 1
3357 5159 43477777 1
3395 5308 43477787 1
3434 5459 43477797 1
3481 5580 43477807 1
3547 5668 43477817 1
3624 5735 43477827 1
3708 5770 43477837 1
3767 5770 43477847 1
3810 5738 43477857 1
3823 5671 43477867 1
3805 5571 43477877 1
3767 5449 43477887 1
3706 5306 43477897 1
3639 5181 43477907 1
3569 5068 43477917 1
3532 5012 43477927 1
3526 4996 43477937 1
3540 5006 43477947 1
3597 5035 43477957 1
3684 5083 43477967 1
3790 5143 43477977 1
3874 5197 43477987 1
3936 5227 43477997 1
2441 4409 43478138 0
2237 4286 43478148 1
2171 4263 43478158 1
2147 4223 43478168 1
2184 4139 43478178 1
2239 4041 43478188 1
2307 3933 43478198 1
2373 3837 43478208 1
2437 3741 43478218 1
2491 3666 43478228 1
2538 3606 43478238 1
2580 3557 43478248 1
2613 3525 43478258 1
2640 3504 43478268 1
2657 3504 43478278 1
2674 3528 43478288 1
2683 3570 43478298 1
2683 3645 43478308 1
2683 3744 43478318 1
2689 3859 43478328 1
2695 3960 43478338 1
2727 4043 43478348 1
2765 4113 43478358 1
2815 4175 43478368 1
2880 4233 43478378 1
2953 4282 43478388 1
3037 4322 43478398 1
3121 4333 43478408 1
3188 4325 43478418 1
3244 4286 43478428 1
3267 4217 43478438 1
3267 4127 43478448 1
3258 4011 43478458 1
3231 3903 43478468 1
3206 3801 43478478 1
3183 3728 43478488 1
3177 3699 43478498 1
3177 3699 43478508 1
3195 3711 43478518 1
3233 3777 43478528 1
3294 3880 43478538 1
3370 4013 43478548 1
3455 4160 43478558 1
3548 4316 43478568 1
3643 4455 43478568 1
3740 4547 43478578 1
3808 4607 43478588 1
3856 4625 43478598 1
3897 4616 43478608 1
3931 4588 43478618 1
3961 4536 43478628 1
3983 4462 43478638 1
3993 4374 43478648 1
3993 4266 43478658 1
3987 4173 43478668 1
3978 4091 43478678 1
3968 4032 43478688 1
3962 3996 43478698 1
3962 3976 43478708 1
3962 3976 43478718 1
3962 3999 43478728 1
3975 4037 43478738 1
3999 4137 43478748 1
4045 4277 43478758 1
4105 4445 43478768 1
4187 4597 43478778 1
4272 4713 43478788 1
4339 4805 43478798 1
4394 4840 43478808 1
4428 4840 43478818 1
4452 4809 43478828 1
4470 4737 43478838 1
4470 4639 43478848 1
4454 4524 43478859 1
4422 4386 43478869 1
4390 4263 43478879 1
4367 4151 43478889 1
4367 4092 43478899 1
4388 4055 43478909 1
4423 4034 43478919 1
4474 4024 43478929 1
4535 4030 43478939 1
4607 4046 43478949 1
4673 4062 43478959 1
4736 4073 43478969 1
1668 2581 43479269 0
1790 2610 43479279 1
1890 2637 43479289 1
2028 2674 43479299 1
2191 2718 43479309 1
2373 2751 43479319 1
2582 2782 43479329 1
2809 2810 43479339 1
3039 2841 43479349 1
3309 2889 43479359 1
3606 2948 43479370 1
3910 3017 43479380 1
4205 3086 43479390 1
4495 3136 43479400 1
4768 3174 43479410 1
4979 3187 43479420 1
5148 3182 43479430 1
5303 3165 43479440 1
5411 3149 43479450 1
5488 3132 43479460 1
5425 5530 43479830 0
5577 5564 43479840 1
5687 5592 43479850 1
5833 5624 43479860 1
5975 5662 43479870 1
6113 5709 43479880 1
6288 5762 43479890 1
6465 5826 43479900 1
6631 5897 43479910 1
6789 5972 43479920 1
6919 6034 43479930 1
6999 6079 43479940 1
7046 6113 43479950 1
6526 6328 43480071 0
6496 6329 43480081 1
6490 6299 43480091 1
6484 6254 43480101 1
6484 6174 43480111 1
6477 6067 43480121 1
6472 5942 43480131 1
6472 5788 43480141 1
6460 5640 43480151 1
6447 5497 43480161 1
6431 5326 43480171 1
6423 5175 43480181 1
6418 5038 43480191 1
6418 4924 43480201 1
6424 4823 43480211 1
6419 4731 43480221 1
5985 4425 43480301 0
5890 4386 43480311 1
5866 4391 43480321 1
5856 4391 43480331 1
5861 4396 43480341 1
5892 4416 43480351 1
5941 4449 43480361 1
6025 4501 43480371 1
6146 4562 43480381 1
6292 4629 43480391 1
6441 4688 43480401 1
6572 4746 43480411 1
6692 4800 43480421 1
6794 4849 43480431 1
6870 4890 43480441 1
6929 4921 43480451 1
5675 4291 43480571 0
5498 4170 43480581 1
5413 4130 43480591 1
5336 4067 43480601 1
5274 3974 43480611 1
5219 3843 43480621 1
5170 3688 43480631 1
5123 3539 43480641 1
5088 3377 43480651 1
5056 3207 43480661 1
5034 3064 43480671 1
5021 2948 43480681 1
5015 2850 43480691 1
5015 2776 43480701 1
6161 4153 43480822 0
6300 4218 43480832 1
6315 4209 43480842 1
6315 4149 43480852 1
6302 4055 43480862 1
6275 3926 43480872 1
6239 3774 43480882 1
6216 3607 43480892 1
6211 3481 43480902 1
6218 3354 43480912 1
6256 3228 43480922 1
6315 3117 43480932 1
6387 3016 43480942 1
6473 2943 43480952 1
6577 2896 43480962 1
6694 2867 43480972 1
6827 2875 43480982 1
6948 2911 43480992 1
7060 2966 43481002 1
7165 3057 43481012 1
7258 3185 43481022 1
7343 3339 43481032 1
7408 3510 43481042 1
7448 3709 43481052 1
7471 3927 43481062 1
7490 4138 43481072 1
7510 4298 43481082 1
7531 4423 43481092 1
7552 4469 43481102 1
7572 4486 43481112 1
7599 4486 43481122 1
7635 4486 43481132 1
7691 4478 43481142 1
7760 4460 43481152 1
7854 4434 43481162 1
7947 4389 43481172 1
8036 4332 43481182 1
8111 4270 43481192 1
8180 4204 43481202 1
8227 4132 43481212 1
8250 4066 43481222 1
8256 4003 43481232 1
8256 3945 43481242 1
9406 6457 43481613 0
9439 6335 43481623 1
9439 6192 43481633 1
9417 6008 43481643 1
9396 5807 43481653 1
9379 5632 43481663 1
9370 5489 43481673 1
9365 5358 43481683 1
9360 5252 43481693 1
9082 5730 43481773 0
8932 5881 43481783 1
8836 5920 43481793 1
8769 5950 43481803 1
8734 5929 43481813 1
8720 5877 43481823 1
8727 5804 43481833 1
8763 5732 43481843 1
8817 5672 43481853 1
8913 5621 43481863 1
9033 5594 43481873 1
9169 5594 43481883 1
9335 5616 43481893 1
9503 5657 43481903 1
9670 5708 43481913 1
9808 5766 43481923 1
9928 5822 43481933 1
10015 5873 43481943 1
10050 5881 43481953 1
10050 5862 43481963 1
10025 5822 43481973 1
9954 5758 43481983 1
8103 4442 43482113 0
8016 4418 43482123 1
8016 4428 43482133 1
8061 4450 43482143 1
8131 4490 43482153 1
8252 4542 43482163 1
8419 4600 43482173 1
8616 4662 43482183 1
8839 4727 43482193 1
9068 4809 43482203 1
9300 4900 43482213 1
9549 4996 43482223 1
9782 5083 43482233 1
10005 5166 43482243 1
10187 5230 43482253 1
10337 5284 43482263 1
10466 5305 43482273 1
10549 5322 43482283 1
10584 5322 43482293 1
9568 4998 43482404 0
9476 4875 43482414 1
9405 4845 43482424 1
9315 4763 43482434 1
9241 4646 43482444 1
9164 4500 43482454 1
9069 4317 43482464 1
8963 4110 43482474 1
8825 3887 43482484 1
8703 3694 43482494 1
8591 3522 43482504 1
8501 3378 43482514 1
8415 3251 43482524 1
8367 3135 43482534 1
8343 3072 43482544 1
9935 4853 43482684 0
9897 4782 43482694 1
9856 4699 43482704 1
9803 4573 43482714 1
9747 4443 43482724 1
9691 4261 43482734 1
9639 4047 43482744 1
9625 3841 43482754 1
9635 3662 43482764 1
9671 3502 43482774 1
9745 3358 43482784 1
9845 3221 43482794 1
10001 3089 43482804 1
10144 3022 43482814 1
10278 2995 43482824 1
10452 2995 43482845 1
10627 3031 43482855 1
10802 3119 43482865 1
10978 3242 43482875 1
11144 3407 43482885 1
11283 3614 43482895 1
11403 3850 43482905 1
11506 4121 43482915 1
11575 4386 43482925 1
11622 4646 43482935 1
11659 4820 43482945 1
11672 4933 43482955 1
