330
2058 6766 36574043 0
2074 6629 36574053 1
2014 6666 36574063 1
2000 6676 36574073 1
2017 6669 36574083 1
2078 6661 36574093 1
2213 6681 36574103 1
2397 6719 36574113 1
2697 6794 36574123 1
3048 6884 36574133 1
3434 6984 36574143 1
3830 7072 36574153 1
4162 7156 36574163 1
4450 7230 36574173 1
4665 7278 36574183 1
4807 7309 36574193 1
4899 7327 36574203 1
4946 7343 36574213 1
4963 7348 36574223 1
4963 7348 36574233 1
4940 7341 36574243 1
3076 7018 36574354 0
2994 6930 36574364 1
2964 6930 36574374 1
2923 6972 36574384 1
2923 6956 36574394 1
2928 6884 36574404 1
2945 6774 36574414 1
2965 6608 36574424 1
2985 6347 36574434 1
2996 6024 36574444 1
3001 5650 36574454 1
3011 5258 36574464 1
3033 4855 36574474 1
3064 4484 36574484 1
3069 4093 36574494 1
3130 3688 36574504 1
3228 3358 36574514 1
3239 3148 36574524 1
3251 3018 36574534 1
3257 2866 36574544 1
3257 2754 36574554 1
3257 2669 36574564 1
3263 2662 36574574 1
3263 2674 36574584 1
3263 2699 36574594 1
3898 6192 36574714 0
4152 6236 36574724 1
4152 6260 36574734 1
4118 6290 36574744 1
4071 6121 36574754 1
4041 5881 36574764 1
4053 5595 36574774 1
4092 5404 36574784 1
4129 5289 36574794 1
4144 5224 36574804 1
4144 5224 36574814 1
4121 5251 36574824 1
4096 5306 36574834 1
4070 5442 36574844 1
4070 5622 36574854 1
4101 5832 36574864 1
4150 6031 36574874 1
4219 6135 36574884 1
4289 6175 36574894 1
4405 6186 36574904 1
4550 6193 36574914 1
4734 6176 36574924 1
4878 6146 36574934 1
4996 6096 36574944 1
5029 6024 36574954 1
4986 5938 36574964 1
4893 5793 36574974 1
4685 5631 36574984 1
4466 5457 36574994 1
4239 5331 36575004 1
4089 5268 36575014 1
4012 5246 36575024 1
3296 4716 36575155 0
3392 4702 36575165 1
3373 4730 36575175 1
3317 4772 36575185 1
3338 4652 36575195 1
3396 4472 36575205 1
3478 4252 36575215 1
3572 4058 36575225 1
3666 3853 36575235 1
3725 3642 36575245 1
3759 3548 36575255 1
3768 3498 36575265 1
3768 3477 36575275 1
3768 3477 36575285 1
3761 3493 36575295 1
4136 4378 36575385 0
4308 4161 36575395 1
4339 4058 36575405 1
4346 3904 36575415 1
4341 3715 36575425 1
4341 3632 36575435 1
4341 3595 36575445 1
4341 3590 36575455 1
4341 3601 36575465 1
4367 3688 36575475 1
4404 3826 36575485 1
4455 4031 36575495 1
4523 4270 36575505 1
4602 4532 36575515 1
4653 4643 36575525 1
4687 4663 36575535 1
4709 4623 36575545 1
4770 4568 36575555 1
4836 4499 36575565 1
4914 4422 36575575 1
4999 4330 36575585 1
5063 4234 36575595 1
5092 4108 36575605 1
5097 3964 36575615 1
5029 3786 36575625 1
4946 3636 36575635 1
4853 3506 36575645 1
4812 3463 36575655 1
2965 2385 36575936 0
3059 2385 36575946 1
3009 2440 36575956 1
3023 2454 36575966 1
3109 2441 36575976 1
3243 2503 36575986 1
3481 2599 36575996 1
3809 2719 36576006 1
4197 2814 36576016 1
4639 2857 36576026 1
5021 2866 36576036 1
5362 2902 36576046 1
5633 2918 36576056 1
5810 2918 36576066 1
5924 2945 36576076 1
6017 2987 36576086 1
6110 3040 36576096 1
6180 3075 36576106 1
6234 3088 36576116 1
6252 3088 36576126 1
5397 5679 36576307 0
5594 5637 36576317 1
5646 5664 36576327 1
5655 5729 36576337 1
5788 5729 36576347 1
5981 5737 36576357 1
6215 5788 36576367 1
6424 5862 36576377 1
6633 5954 36576387 1
6840 6033 36576397 1
6995 6104 36576407 1
7116 6214 36576417 1
7192 6313 36576427 1
7208 6405 36576437 1
7106 6624 36576467 0
6860 6699 36576477 1
6730 6666 36576487 1
6648 6608 36576497 1
6598 6534 36576507 1
6572 6422 36576517 1
6557 6271 36576527 1
6549 6093 36576537 1
6526 5873 36576547 1
6487 5638 36576557 1
6436 5394 36576567 1
6404 5196 36576577 1
6404 5094 36576587 1
6420 5055 36576597 1
6476 5036 36576607 1
6580 5067 36576617 1
6716 5132 36576627 1
6879 5254 36576637 1
7005 5361 36576647 1
7107 5459 36576657 1
7130 5481 36576667 1
7108 5471 36576677 1
6280 5073 36576747 0
6042 4868 36576757 1
5929 4711 36576767 1
5817 4531 36576777 1
5741 4199 36576787 1
5689 3816 36576797 1
5715 3399 36576807 1
5790 3061 36576817 1
5898 2877 36576827 1
5975 2796 36576837 1
6025 2772 36576847 1
6056 2772 36576857 1
6076 2791 36576867 1
6097 2853 36576877 1
6140 2957 36576887 1
6198 3090 36576897 1
6353 3423 36576928 0
6423 3650 36576938 1
6431 3620 36576948 1
6442 3532 36576958 1
6456 3360 36576968 1
6508 3185 36576978 1
6584 3073 36576988 1
6692 3004 36576998 1
6821 2986 36577008 1
6964 3004 36577018 1
7041 3045 36577028 1
7119 3134 36577038 1
7171 3246 36577048 1
7206 3373 36577058 1
7251 3556 36577068 1
7337 3770 36577078 1
7451 4006 36577088 1
7582 4073 36577098 1
7743 4073 36577108 1
7925 4031 36577118 1
8123 3976 36577128 1
8329 3898 36577138 1
8544 3806 36577148 1
8691 3663 36577158 1
8792 3535 36577168 1
8801 3418 36577178 1
8751 3237 36577188 1
8662 3068 36577198 1
8509 2906 36577208 1
8331 2717 36577218 1
8137 2586 36577228 1
8012 2493 36577238 1
7961 2493 36577248 1
7961 2566 36577258 1
8033 2694 36577268 1
9820 6679 36577458 0
9985 6974 36577468 1
10026 7068 36577478 1
10032 7119 36577488 1
10015 7065 36577498 1
9994 6940 36577508 1
9976 6685 36577518 1
9967 6374 36577528 1
9986 6026 36577538 1
10022 5729 36577548 1
10067 5535 36577558 1
10078 5411 36577568 1
10067 5348 36577578 1
10004 5327 36577588 1
9879 5333 36577598 1
9404 5582 36577639 0
9134 5815 36577649 1
9046 5873 36577659 1
8974 5816 36577669 1
8943 5732 36577679 1
8960 5629 36577689 1
9008 5538 36577699 1
9102 5477 36577709 1
9263 5436 36577719 1
9469 5465 36577729 1
9707 5533 36577739 1
9952 5628 36577749 1
10201 5737 36577759 1
10370 5836 36577769 1
10481 5928 36577779 1
10553 5952 36577789 1
10580 5914 36577799 1
10562 5834 36577809 1
10514 5703 36577819 1
10406 5539 36577829 1
10242 5353 36577839 1
10041 5166 36577849 1
9756 4983 36577859 1
9439 4802 36577869 1
9101 4624 36577879 1
8841 4479 36577889 1
8709 4356 36577899 1
8663 4314 36577909 1
8704 4314 36577919 1
8874 4334 36577929 1
9131 4428 36577939 1
9426 4550 36577949 1
9738 4690 36577959 1
10062 4825 36577969 1
10236 4901 36577979 1
10310 4938 36577989 1
10318 4938 36577999 1
10262 4904 36578009 1
10153 4841 36578019 1
10008 4766 36578029 1
9843 4696 36578039 1
9692 4629 36578049 1
9550 4572 36578059 1
9458 4523 36578069 1
9390 4474 36578079 1
9337 4427 36578089 1
9293 4346 36578099 1
9238 4242 36578109 1
9149 4063 36578119 1
9041 3832 36578129 1
8922 3566 36578139 1
8809 3340 36578149 1
8700 3137 36578159 1
8631 2949 36578169 1
8564 2820 36578179 1
8517 2734 36578189 1
8481 2676 36578199 1
8448 2659 36578209 1
8416 2667 36578219 1
9437 3734 36578340 0
9543 3645 36578350 1
9489 3589 36578360 1
9365 3536 36578370 1
9308 3349 36578380 1
9328 3225 36578390 1
9398 3143 36578400 1
9526 3057 36578410 1
9691 2997 36578420 1
9881 2954 36578430 1
10083 2933 36578440 1
10267 2921 36578450 1
10428 2915 36578460 1
10579 2925 36578470 1
10719 2951 36578480 1
10852 2988 36578490 1
10999 3042 36578500 1
11154 3133 36578510 1
11306 3249 36578520 1
11458 3411 36578530 1
11608 3644 36578540 1
11720 3924 36578550 1
11808 4243 36578560 1
11840 4603 36578570 1
11801 4990 36578580 1
11715 5312 36578590 1
11541 5588 36578600 1
11360 5834 36578610 1
