350
1919 6288 40956562 0
1817 6196 40956572 1
1737 6248 40956582 1
1689 6264 40956592 1
1662 6264 40956602 1
1650 6264 40956612 1
1650 6264 40956622 1
1650 6264 40956632 1
1659 6264 40956642 1
1670 6281 40956652 1
1687 6304 40956662 1
1735 6332 40956672 1
1804 6376 40956682 1
1945 6446 40956692 1
2158 6534 40956702 1
2420 6629 40956712 1
2750 6735 40956722 1
3083 6848 40956732 1
3464 6974 40956742 1
3876 7071 40956752 1
4216 7148 40956762 1
4440 7193 40956772 1
4587 7210 40956782 1
4630 7210 40956792 1
4639 7205 40956802 1
4626 7205 40956812 1
4612 7200 40956822 1
4579 7200 40956832 1
4534 7200 40956842 1
4479 7194 40956852 1
4417 7187 40956862 1
4351 7177 40956872 1
2921 7083 40956993 0
2921 7083 40957003 1
2906 7128 40957013 1
2827 7156 40957023 1
2806 7121 40957033 1
2780 7043 40957043 1
2738 6846 40957053 1
2688 6578 40957063 1
2635 6262 40957073 1
2621 5805 40957083 1
2633 5337 40957093 1
2648 4862 40957103 1
2674 4420 40957113 1
2706 3977 40957123 1
2706 3609 40957133 1
2706 3291 40957143 1
2692 3015 40957153 1
2692 2796 40957163 1
2687 2615 40957173 1
2687 2499 40957183 1
2687 2425 40957193 1
2687 2380 40957203 1
2697 2380 40957213 1
2707 2399 40957223 1
2724 2428 40957233 1
2758 2548 40957243 1
2804 2752 40957253 1
3214 5652 40957333 0
3535 5994 40957343 1
3561 6107 40957353 1
3605 6070 40957363 1
3661 5932 40957373 1
3693 5723 40957383 1
3725 5522 40957393 1
3741 5327 40957403 1
3747 5186 40957413 1
3758 5097 40957423 1
3771 5044 40957433 1
3788 5028 40957443 1
3805 5040 40957453 1
3827 5070 40957463 1
3855 5162 40957473 1
3889 5300 40957483 1
3932 5469 40957493 1
3985 5641 40957503 1
4056 5807 40957513 1
4137 5913 40957523 1
4216 5982 40957533 1
4281 5992 40957543 1
4337 5964 40957553 1
4362 5910 40957563 1
4340 5804 40957573 1
4287 5667 40957583 1
4188 5510 40957593 1
4093 5375 40957603 1
4001 5275 40957613 1
3946 5199 40957623 1
3233 4692 40957734 0
3307 4656 40957744 1
3284 4643 40957754 1
3284 4507 40957764 1
3307 4352 40957774 1
3329 4185 40957784 1
3356 3997 40957794 1
3391 3842 40957804 1
3451 3710 40957814 1
3527 3659 40957824 1
3585 3630 40957834 1
3628 3616 40957844 1
3660 3627 40957854 1
3681 3681 40957864 1
3697 3764 40957874 1
3709 3874 40957884 1
3730 4002 40957894 1
3755 4142 40957904 1
3783 4250 40957914 1
3812 4282 40957924 1
3845 4264 40957934 1
3871 4206 40957944 1
3892 4110 40957944 1
3910 3990 40957954 1
3924 3878 40957964 1
3935 3804 40957974 1
3952 3755 40957984 1
3973 3744 40957994 1
4012 3764 40958004 1
4062 3806 40958014 1
4133 3906 40958024 1
4213 4015 40958034 1
4300 4129 40958044 1
4383 4248 40958054 1
4460 4367 40958064 1
4521 4419 40958074 1
4573 4426 40958084 1
4617 4387 40958094 1
4658 4309 40958104 1
4698 4206 40958114 1
4736 4082 40958124 1
4717 3955 40958134 1
4659 3825 40958144 1
4588 3659 40958154 1
4522 3559 40958164 1
4475 3503 40958174 1
4438 3469 40958184 1
2875 2966 40958294 0
2846 2810 40958304 1
2835 2798 40958314 1
2853 2821 40958324 1
2975 2833 40958334 1
3156 2902 40958344 1
3408 3008 40958354 1
3729 3086 40958364 1
4097 3145 40958374 1
4541 3192 40958384 1
4946 3164 40958394 1
5326 3121 40958404 1
5673 3068 40958414 1
5942 3040 40958424 1
6158 3012 40958434 1
6312 2982 40958444 1
6399 2968 40958454 1
6440 2968 40958464 1
6440 2968 40958474 1
6420 2983 40958484 1
6389 3014 40958494 1
5872 5256 40958705 0
5786 5230 40958715 1
5797 5251 40958725 1
5873 5263 40958735 1
5992 5224 40958745 1
6157 5218 40958755 1
6388 5234 40958765 1
6663 5307 40958775 1
6884 5379 40958785 1
7018 5447 40958795 1
7094 5502 40958805 1
7111 5548 40958815 1
7070 5611 40958825 1
6989 5692 40958835 1
6989 5692 40958855 0
6593 6075 40958865 1
6470 6225 40958875 1
6412 6299 40958885 1
6398 6313 40958895 1
6416 6288 40958905 1
6451 6187 40958915 1
6496 5978 40958925 1
6519 5697 40958935 1
6519 5412 40958945 1
6508 5121 40958955 1
6481 4874 40958965 1
6456 4658 40958975 1
6431 4524 40958985 1
6417 4429 40958995 1
6417 4359 40959005 1
6437 4347 40959015 1
6483 4371 40959025 1
6582 4418 40959035 1
6716 4542 40959045 1
6884 4665 40959045 1
6983 4787 40959055 1
7037 4852 40959065 1
7042 4872 40959075 1
7007 4861 40959085 1
6945 4806 40959095 1
6818 4714 40959105 1
6675 4598 40959115 1
6521 4505 40959125 1
6379 4410 40959135 1
6232 4313 40959145 1
6081 4194 40959155 1
5956 4072 40959165 1
5851 3944 40959175 1
5760 3765 40959185 1
5699 3552 40959195 1
5662 3327 40959205 1
5642 3112 40959215 1
5634 2905 40959225 1
5653 2802 40959235 1
5691 2758 40959245 1
5748 2758 40959255 1
5812 2795 40959265 1
5881 2890 40959275 1
5929 3022 40959285 1
5977 3237 40959326 0
6011 3383 40959336 1
6036 3383 40959346 1
6064 3349 40959356 1
6118 3259 40959366 1
6189 3133 40959376 1
6294 2993 40959386 1
6424 2876 40959396 1
6570 2774 40959406 1
6739 2704 40959416 1
6914 2670 40959426 1
7050 2659 40959436 1
7158 2680 40959446 1
7243 2731 40959456 1
7294 2803 40959466 1
7321 2881 40959476 1
7312 3000 40959486 1
7274 3147 40959496 1
7216 3347 40959506 1
7182 3533 40959516 1
7174 3709 40959526 1
7183 3803 40959536 1
7231 3846 40959546 1
7322 3854 40959556 1
7441 3841 40959566 1
7585 3791 40959576 1
7768 3716 40959586 1
7976 3592 40959596 1
8128 3439 40959596 1
8232 3267 40959606 1
8304 3111 40959616 1
8309 2960 40959626 1
8263 2813 40959636 1
8182 2640 40959646 1
8068 2486 40959656 1
7946 2346 40959666 1
7818 2219 40959676 1
7722 2134 40959686 1
7671 2077 40959696 1
7650 2067 40959706 1
9551 5636 40959917 0
9671 5819 40959927 1
9683 5881 40959937 1
9671 5898 40959947 1
9658 5884 40959957 1
9667 5795 40959967 1
9660 5664 40959977 1
9643 5505 40959987 1
9627 5321 40959997 1
9615 5182 40960007 1
9609 5073 40960017 1
9585 4983 40960027 1
9548 4902 40960037 1
9051 4925 40960097 0
8866 5006 40960107 1
8830 5017 40960117 1
8822 5011 40960127 1
8861 4994 40960137 1
8965 4984 40960147 1
9111 4996 40960157 1
9295 5024 40960167 1
9508 5082 40960177 1
9740 5136 40960187 1
9945 5188 40960197 1
10098 5215 40960207 1
10216 5207 40960217 1
10292 5175 40960227 1
10316 5118 40960237 1
10306 4991 40960247 1
10214 4818 40960257 1
10047 4603 40960267 1
9830 4392 40960277 1
9597 4183 40960287 1
9366 3986 40960297 1
9135 3816 40960307 1
8967 3665 40960317 1
8880 3604 40960327 1
8847 3586 40960337 1
8862 3596 40960347 1
8930 3605 40960357 1
9033 3681 40960367 1
9210 3803 40960377 1
9410 3953 40960387 1
9626 4074 40960397 1
9806 4177 40960407 1
9926 4223 40960417 1
10006 4235 40960427 1
10016 4224 40960437 1
9959 4197 40960447 1
9856 4077 40960457 1
9693 3896 40960467 1
9518 3711 40960477 1
9334 3526 40960487 1
9155 3324 40960497 1
8990 3112 40960507 1
8834 2943 40960517 1
8721 2810 40960527 1
8663 2702 40960537 1
8642 2657 40960547 1
8661 2673 40960557 1
9263 3299 40960618 0
9418 3343 40960628 1
9427 3318 40960638 1
9427 3272 40960648 1
9409 3206 40960658 1
9396 3141 40960668 1
9387 3075 40960678 1
9401 3001 40960688 1
9430 2927 40960698 1
9507 2857 40960708 1
9626 2784 40960718 1
9772 2727 40960728 1
9978 2682 40960738 1
10169 2654 40960748 1
10350 2636 40960758 1
10529 2625 40960768 1
10675 2637 40960778 1
10799 2649 40960788 1
10905 2671 40960798 1
11002 2701 40960808 1
11093 2751 40960818 1
11169 2818 40960828 1
11245 2897 40960838 1
11322 3015 40960848 1
11397 3172 40960858 1
11454 3356 40960868 1
11498 3583 40960878 1
11508 3866 40960888 1
11515 4186 40960898 1
11520 4565 40960908 1
11540 4994 40960918 1
11562 5456 40960928 1
11562 5946 40960938 1
11545 6458 40960948 1
