393
941 7068 26258250 0
924 6998 26258260 1
885 7008 26258270 1
895 6998 26258280 1
929 6988 26258290 1
980 6988 26258300 1
1077 6998 26258310 1
1216 7020 26258320 1
1382 7051 26258330 1
1597 7089 26258340 1
1813 7176 26258350 1
2031 7259 26258360 1
2258 7358 26258370 1
2491 7468 26258380 1
2715 7578 26258390 1
2883 7669 26258400 1
3014 7748 26258410 1
3125 7818 26258420 1
3190 7867 26258430 1
3223 7901 26258440 1
3198 7914 26258450 1
1811 7637 26258570 0
1705 7524 26258580 1
1664 7553 26258590 1
1638 7511 26258600 1
1615 7421 26258610 1
1596 7313 26258620 1
1578 7175 26258630 1
1560 7016 26258640 1
1550 6815 26258650 1
1542 6592 26258660 1
1542 6354 26258670 1
1542 6049 26258680 1
1550 5713 26258690 1
1563 5357 26258700 1
1582 4991 26258710 1
1607 4645 26258720 1
1635 4312 26258730 1
1665 4008 26258740 1
1699 3776 26258750 1
1732 3593 26258760 1
1760 3493 26258770 1
1785 3433 26258780 1
1801 3400 26258790 1
1813 3409 26258800 1
1821 3487 26258810 1
1836 3612 26258821 1
2598 6861 26258981 0
2661 6965 26258991 1
2669 6987 26259001 1
2663 6987 26259011 1
2663 6987 26259021 1
2668 6947 26259031 1
2676 6890 26259041 1
2685 6784 26259051 1
2696 6639 26259061 1
2707 6467 26259071 1
2716 6334 26259081 1
2723 6199 26259091 1
2733 6102 26259101 1
2743 6031 26259111 1
2750 5997 26259121 1
2755 5990 26259131 1
2755 6002 26259141 1
2755 6057 26259151 1
2755 6156 26259161 1
2755 6284 26259171 1
2755 6434 26259181 1
2774 6558 26259191 1
2808 6664 26259201 1
2854 6733 26259211 1
2915 6772 26259221 1
2970 6792 26259231 1
3022 6792 26259241 1
3063 6768 26259251 1
3088 6734 26259261 1
3102 6681 26259271 1
3086 6598 26259281 1
3033 6495 26259291 1
2954 6365 26259301 1
2862 6235 26259311 1
2761 6110 26259321 1
2654 5989 26259331 1
2550 5882 26259341 1
2263 5649 26259402 0
2251 5506 26259412 1
2239 5410 26259422 1
2247 5304 26259432 1
2258 5185 26259442 1
2272 5063 26259452 1
2285 4938 26259462 1
2294 4801 26259472 1
2306 4691 26259482 1
2321 4599 26259492 1
2340 4544 26259502 1
2358 4525 26259512 1
2368 4530 26259522 1
2373 4561 26259532 1
2379 4653 26259542 1
2388 4786 26259552 1
2403 4935 26259562 1
2441 5054 26259572 1
2493 5154 26259582 1
2556 5239 26259592 1
2622 5289 26259602 1
2693 5315 26259612 1
2750 5329 26259622 1
2797 5316 26259632 1
2829 5285 26259642 1
2846 5237 26259652 1
2853 5170 26259662 1
2840 5091 26259672 1
2805 5002 26259682 1
2756 4909 26259692 1
2692 4823 26259702 1
2634 4743 26259712 1
2581 4705 26259722 1
2560 4690 26259732 1
2555 4690 26259742 1
2560 4695 26259752 1
2571 4733 26259762 1
2614 4793 26259772 1
3073 5334 26259832 0
3228 5485 26259842 1
3283 5535 26259852 1
3324 5572 26259862 1
3352 5595 26259872 1
3371 5608 26259882 1
3381 5608 26259892 1
3387 5599 26259902 1
3387 5574 26259912 1
3395 5529 26259922 1
3395 5459 26259932 1
3401 5373 26259942 1
3401 5287 26259952 1
3406 5200 26259962 1
3406 5124 26259972 1
3406 5056 26259982 1
3412 5017 26259992 1
3412 5000 26260002 1
3412 5000 26260012 1
3420 5007 26260022 1
3427 5065 26260032 1
3453 5155 26260042 1
3492 5253 26260052 1
3546 5335 26260062 1
3615 5407 26260072 1
3695 5446 26260082 1
3770 5463 26260092 1
3831 5463 26260102 1
3883 5448 26260112 1
3916 5425 26260122 1
3927 5377 26260132 1
3927 5313 26260142 1
3896 5230 26260152 1
3838 5143 26260162 1
3760 5036 26260172 1
3630 4918 26260182 1
3486 4781 26260192 1
3333 4656 26260202 1
3183 4540 26260212 1
3037 4451 26260222 1
2926 4375 26260232 1
2836 4309 26260242 1
2780 4265 26260252 1
2756 4245 26260262 1
2756 4245 26260272 1
2772 4245 26260282 1
2825 4266 26260292 1
2901 4298 26260302 1
3036 4355 26260312 1
3219 4421 26260322 1
3434 4492 26260332 1
3673 4561 26260342 1
3909 4631 26260352 1
4142 4700 26260362 1
4374 4771 26260372 1
4575 4841 26260382 1
4755 4911 26260392 1
4887 4963 26260402 1
4951 6147 26260694 0
4946 6092 26260704 1
4954 6108 26260714 1
5044 6131 26260724 1
5197 6230 26260734 1
5393 6345 26260744 1
5612 6472 26260754 1
5820 6596 26260764 1
6020 6698 26260774 1
6161 6785 26260784 1
6256 6834 26260794 1
6320 6877 26260804 1
6336 6896 26260814 1
6309 6902 26260824 1
5885 6954 26260884 0
5785 7061 26260894 1
5737 7089 26260904 1
5719 7100 26260914 1
5719 7086 26260924 1
5719 7018 26260934 1
5725 6914 26260944 1
5725 6756 26260954 1
5720 6597 26260964 1
5709 6401 26260974 1
5683 6181 26260984 1
5645 5962 26260994 1
5598 5770 26261004 1
5544 5595 26261014 1
5509 5465 26261024 1
5486 5381 26261034 1
5486 5328 26261044 1
5512 5318 26261054 1
5554 5345 26261064 1
5636 5397 26261074 1
5750 5492 26261084 1
5886 5594 26261094 1
5998 5702 26261104 1
6095 5791 26261114 1
6182 5856 26261124 1
6226 5905 26261134 1
6226 5905 26261144 1
5333 5333 26261244 0
5203 5174 26261254 1
5125 5186 26261264 1
5084 5142 26261274 1
5068 5061 26261284 1
5054 4981 26261294 1
5040 4861 26261304 1
5024 4714 26261314 1
5006 4577 26261324 1
4988 4439 26261334 1
4974 4298 26261344 1
4968 4183 26261354 1
4978 4087 26261364 1
4998 4043 26261374 1
5021 4043 26261384 1
5061 4069 26261394 1
5111 4163 26261404 1
5171 4288 26261414 1
5231 4435 26261424 1
5291 4521 26261434 1
5350 4557 26261444 1
5397 4557 26261454 1
5436 4530 26261464 1
5475 4469 26261474 1
5512 4386 26261484 1
5548 4287 26261494 1
5600 4193 26261504 1
5658 4103 26261514 1
5729 4027 26261524 1
5815 3979 26261534 1
5909 3950 26261544 1
6006 3935 26261554 1
6109 3952 26261564 1
6223 3991 26261565 1
6340 4063 26261575 1
6444 4158 26261585 1
6538 4269 26261595 1
6611 4403 26261605 1
6645 4521 26261615 1
6652 4629 26261625 1
6613 4720 26261635 1
6536 4808 26261645 1
6434 4867 26261655 1
6309 4907 26261665 1
6185 4929 26261675 1
6125 4956 26261685 1
6108 4986 26261695 1
6149 5050 26261705 1
6255 5118 26261715 1
6403 5189 26261725 1
6588 5298 26261735 1
6811 5407 26261745 1
7060 5516 26261755 1
7283 5622 26261765 1
7492 5724 26261775 1
7691 5826 26261785 1
7863 5928 26261795 1
8551 7236 26262015 0
8576 7336 26262025 1
8576 7346 26262035 1
8576 7346 26262045 1
8583 7337 26262055 1
8588 7314 26262065 1
8588 7268 26262075 1
8588 7187 26262085 1
8577 7082 26262095 1
8564 6915 26262105 1
8547 6725 26262115 1
8527 6519 26262125 1
8504 6291 26262135 1
8482 6100 26262145 1
8459 5935 26262155 1
8434 5824 26262165 1
8420 5770 26262175 1
8405 5754 26262185 1
8374 5767 26262195 1
8334 5826 26262205 1
8281 5915 26262215 1
8225 6037 26262225 1
8168 6172 26262235 1
8119 6316 26262245 1
8074 6414 26262255 1
8050 6452 26262265 1
8039 6452 26262275 1
8026 6425 26262285 1
8011 6347 26262295 1
7995 6233 26262305 1
7977 6094 26262315 1
7955 5931 26262325 1
7927 5751 26262336 1
7895 5609 26262346 1
7874 5506 26262356 1
7874 5429 26262366 1
7891 5407 26262376 1
7936 5442 26262386 1
8676 6276 26262456 0
8990 6472 26262466 1
9101 6537 26262476 1
9165 6581 26262486 1
9202 6591 26262496 1
9221 6598 26262506 1
9221 6577 26262516 1
9188 6539 26262526 1
9132 6466 26262536 1
9046 6367 26262546 1
8926 6252 26262556 1
8784 6115 26262566 1
8610 5942 26262576 1
8410 5745 26262586 1
8192 5571 26262596 1
7996 5385 26262606 1
7810 5190 26262616 1
7630 5030 26262626 1
7506 4901 26262636 1
7415 4794 26262646 1
7346 4709 26262656 1
7300 4663 26262666 1
7300 4642 26262676 1
7338 4642 26262686 1
7418 4695 26262696 1
7545 4779 26262706 1
7703 4920 26262716 1
7911 5070 26262726 1
8113 5226 26262736 1
8311 5369 26262746 1
8504 5485 26262756 1
8663 5583 26262766 1
8798 5646 26262776 1
8905 5682 26262786 1
8964 5700 26262796 1
8990 5688 26262797 1
8984 5626 26262807 1
8920 5532 26262817 1
8816 5364 26262827 1
8662 5154 26262837 1
8478 4916 26262847 1
8274 4666 26262857 1
8086 4429 26262867 1
7931 4210 26262877 1
7798 4038 26262887 1
7712 3902 26262897 1
7672 3830 26262907 1
7662 3820 26262917 1
7681 3851 26262927 1
8406 4948 26263007 0
8619 5067 26263017 1
8669 5115 26263027 1
8696 5115 26263037 1
8710 5088 26263047 1
8715 5042 26263057 1
8699 4949 26263067 1
8670 4826 26263077 1
8632 4681 26263087 1
8592 4533 26263097 1
8556 4367 26263107 1
8525 4190 26263117 1
8531 4048 26263127 1
8560 3925 26263137 1
8627 3815 26263147 1
8747 3727 26263157 1
8902 3687 26263167 1
9097 3679 26263177 1
9294 3703 26263187 1
9540 3802 26263197 1
9818 3951 26263207 1
10100 4139 26263217 1
10361 4377 26263227 1
10609 4648 26263237 1
10817 4967 26263247 1
10976 5319 26263257 1
11102 5694 26263267 1
11146 6077 26263277 1
