457
923 6135 71510306 0
878 6093 71510316 1
856 6093 71510326 1
856 6112 71510336 1
856 6112 71510346 1
887 6117 71510356 1
933 6132 71510366 1
1030 6154 71510376 1
1173 6190 71510386 1
1346 6238 71510396 1
1538 6294 71510406 1
1738 6364 71510416 1
1942 6448 71510426 1
2166 6541 71510436 1
2379 6620 71510446 1
2584 6693 71510456 1
2767 6754 71510466 1
2898 6806 71510476 1
2995 6836 71510486 1
3072 6852 71510496 1
3105 6852 71510506 1
3105 6846 71510516 1
1708 6212 71510646 0
1650 6146 71510656 1
1623 6131 71510666 1
1596 6131 71510676 1
1578 6064 71510686 1
1570 5951 71510696 1
1563 5806 71510706 1
1555 5644 71510716 1
1548 5428 71510726 1
1548 5177 71510736 1
1543 4893 71510746 1
1536 4589 71510756 1
1524 4272 71510766 1
1518 3922 71510776 1
1518 3610 71510786 1
1518 3324 71510796 1
1523 3052 71510806 1
1528 2847 71510816 1
1534 2688 71510826 1
1546 2600 71510836 1
1558 2556 71510846 1
1572 2541 71510856 1
2075 5730 71511057 0
2077 5776 71511067 1
2052 5776 71511077 1
2052 5764 71511087 1
2060 5721 71511097 1
2079 5662 71511107 1
2094 5593 71511117 1
2112 5510 71511127 1
2135 5422 71511137 1
2160 5326 71511147 1
2191 5231 71511157 1
2223 5146 71511167 1
2255 5066 71511177 1
2285 5005 71511187 1
2174 5469 71511287 0
2169 5594 71511297 1
2169 5666 71511307 1
2203 5728 71511317 1
2266 5783 71511327 1
2348 5842 71511337 1
2439 5895 71511347 1
2526 5927 71511357 1
2609 5947 71511367 1
2685 5947 71511377 1
2737 5924 71511387 1
2772 5876 71511397 1
2784 5775 71511407 1
2768 5644 71511417 1
2734 5493 71511427 1
2679 5312 71511437 1
2614 5152 71511437 1
2541 5006 71511447 1
2476 4887 71511457 1
2438 4822 71511467 1
2418 4792 71511477 1
2418 4798 71511487 1
2467 4846 71511497 1
2539 4923 71511507 1
2654 5020 71511517 1
2757 5100 71511527 1
2852 5168 71511537 1
2926 5227 71511547 1
2973 5263 71511557 1
2070 4738 71511678 0
1951 4618 71511688 1
1901 4591 71511698 1
1860 4591 71511708 1
1831 4528 71511718 1
1805 4424 71511728 1
1782 4295 71511738 1
1762 4151 71511748 1
1751 4006 71511758 1
1751 3865 71511768 1
1751 3727 71511778 1
1762 3633 71511788 1
1774 3555 71511798 1
1785 3489 71511808 1
1791 3451 71511818 1
1791 3437 71511828 1
1791 3437 71511838 1
1791 3458 71511848 1
1782 3516 71511858 1
1782 3600 71511868 1
1782 3712 71511878 1
1788 3832 71511888 1
1807 3957 71511898 1
1841 4054 71511908 1
1886 4148 71511918 1
1944 4239 71511928 1
2014 4327 71511938 1
2093 4391 71511948 1
2163 4439 71511958 1
2218 4453 71511968 1
2263 4428 71511978 1
2292 4378 71511988 1
2299 4273 71511998 1
2290 4147 71512008 1
2260 4006 71512018 1
2223 3874 71512028 1
2181 3772 71512038 1
2155 3689 71512048 1
2135 3661 71512058 1
2135 3661 71512068 1
2148 3675 71512078 1
2184 3739 71512088 1
2244 3867 71512098 1
2321 4039 71512108 1
2401 4201 71512118 1
2481 4365 71512128 1
2561 4530 71512138 1
2643 4662 71512148 1
2711 4758 71512158 1
2771 4830 71512168 1
2807 4861 71512178 1
2832 4853 71512188 1
2849 4820 71512198 1
2860 4753 71512208 1
2860 4682 71512218 1
2860 4601 71512228 1
2860 4509 71512238 1
2855 4410 71512248 1
2855 4308 71512258 1
2849 4211 71512268 1
2849 4143 71512278 1
2849 4093 71512289 1
2849 4093 71512299 1
2849 4093 71512309 1
2849 4093 71512319 1
2864 4169 71512329 1
2895 4268 71512339 1
2935 4388 71512349 1
2985 4501 71512359 1
3036 4585 71512369 1
3088 4649 71512379 1
3129 4680 71512389 1
3164 4687 71512399 1
3187 4679 71512409 1
3210 4652 71512419 1
3223 4599 71512429 1
3228 4529 71512439 1
3228 4446 71512449 1
3219 4334 71512459 1
3201 4204 71512469 1
3179 4073 71512479 1
3155 3950 71512489 1
3129 3833 71512499 1
3119 3761 71512509 1
3136 3730 71512519 1
3170 3730 71512529 1
3225 3755 71512539 1
3296 3821 71512549 1
3377 3912 71512559 1
3457 3989 71512569 1
822 2223 71512930 0
841 2255 71512940 1
864 2287 71512950 1
913 2327 71512960 1
978 2378 71512970 1
1075 2437 71512980 1
1191 2506 71512990 1
1319 2585 71513000 1
1475 2671 71513010 1
1666 2788 71513020 1
1881 2906 71513030 1
2128 3025 71513040 1
2393 3141 71513050 1
2669 3255 71513060 1
2913 3365 71513070 1
3135 3452 71513080 1
3341 3524 71513090 1
3485 3570 71513100 1
3597 3599 71513110 1
3687 3618 71513120 1
3740 3618 71513130 1
4214 5505 71513480 0
4167 5510 71513490 1
4181 5538 71513500 1
4207 5551 71513510 1
4263 5576 71513520 1
4339 5617 71513530 1
4436 5670 71513540 1
4554 5738 71513550 1
4685 5827 71513560 1
4828 5929 71513570 1
4954 6035 71513580 1
5069 6138 71513601 1
5183 6231 71513611 1
5273 6315 71513621 1
5346 6373 71513631 1
5367 6415 71513641 1
5362 6428 71513651 1
5339 6438 71513661 1
5296 6443 71513671 1
5243 6443 71513681 1
5184 6448 71513691 1
5134 6457 71513701 1
5098 6472 71513711 1
5071 6486 71513721 1
5054 6496 71513731 1
5042 6491 71513741 1
5037 6476 71513751 1
5037 6408 71513761 1
5023 6298 71513771 1
5009 6161 71513781 1
4990 6006 71513791 1
4963 5843 71513801 1
4931 5676 71513811 1
4914 5542 71513821 1
4901 5405 71513821 1
4896 5282 71513831 1
4896 5168 71513841 1
4906 5079 71513851 1
4918 5020 71513861 1
4931 4980 71513871 1
4945 4963 71513881 1
4962 4963 71513891 1
4988 4978 71513901 1
5036 5018 71513911 1
5097 5075 71513921 1
5178 5144 71513931 1
5261 5203 71513941 1
5333 5260 71513951 1
5397 5315 71513961 1
5446 5366 71513971 1
5486 5411 71513981 1
5519 5451 71513991 1
5536 5484 71514001 1
4304 4435 71514161 0
4349 4363 71514171 1
4291 4407 71514181 1
4291 4365 71514191 1
4284 4271 71514201 1
4273 4142 71514211 1
4256 3992 71514221 1
4218 3818 71514231 1
4160 3628 71514241 1
4089 3481 71514251 1
4028 3344 71514261 1
3972 3214 71514271 1
3936 3117 71514281 1
3910 3062 71514291 1
3910 3035 71514301 1
4545 4084 71514402 0
4762 4283 71514412 1
4824 4357 71514422 1
4857 4397 71514432 1
4880 4402 71514442 1
4888 4384 71514452 1
4888 4348 71514462 1
4882 4272 71514472 1
4876 4169 71514482 1
4869 4047 71514492 1
4869 3921 71514502 1
4889 3789 71514512 1
4915 3669 71514522 1
4949 3556 71514532 1
4987 3454 71514542 1
5045 3366 71514552 1
5116 3287 71514562 1
5220 3225 71514572 1
5336 3187 71514582 1
5460 3166 71514592 1
5584 3182 71514602 1
5693 3232 71514612 1
5792 3304 71514622 1
5860 3407 71514632 1
5898 3537 71514642 1
5916 3685 71514652 1
5905 3873 71514662 1
5872 4057 71514672 1
5823 4236 71514682 1
5770 4374 71514692 1
5725 4486 71514702 1
5704 4544 71514712 1
5697 4583 71514722 1
5705 4609 71514732 1
5738 4633 71514742 1
5787 4658 71514752 1
5865 4685 71514762 1
5972 4714 71514772 1
6097 4751 71514782 1
6241 4792 71514792 1
6386 4835 71514802 1
6518 4860 71514812 1
6641 4860 71514822 1
6759 4832 71514832 1
6858 4774 71514842 1
6944 4710 71514852 1
7007 4632 71514862 1
7060 4547 71514872 1
7107 4468 71514882 1
7144 4402 71514892 1
7174 4346 71514902 1
7199 4310 71514912 1
7213 4293 71514922 1
7778 6559 71515373 0
7840 6521 71515383 1
7865 6591 71515393 1
7926 6628 71515403 1
8009 6672 71515413 1
8097 6721 71515423 1
8178 6772 71515433 1
8253 6796 71515443 1
8312 6802 71515453 1
8350 6764 71515463 1
8375 6685 71515473 1
8392 6578 71515483 1
8398 6408 71515493 1
8398 6217 71515503 1
8385 6011 71515513 1
8376 5816 71515523 1
8370 5670 71515533 1
8364 5556 71515543 1
8357 5452 71515553 1
8349 5371 71515563 1
8337 5306 71515573 1
7862 5752 71515653 0
7736 5807 71515663 1
7679 5807 71515673 1
7649 5807 71515683 1
7625 5775 71515693 1
7625 5736 71515703 1
7625 5683 71515713 1
7647 5621 71515723 1
7684 5560 71515733 1
7733 5501 71515743 1
7807 5456 71515753 1
7910 5442 71515763 1
8031 5450 71515773 1
8166 5507 71515783 1
8317 5594 71515793 1
8478 5701 71515803 1
8617 5817 71515813 1
8733 5933 71515823 1
8833 6009 71515833 1
8894 6059 71515843 1
8912 6059 71515853 1
8901 6044 71515863 1
8862 6012 71515873 1
8796 5944 71515883 1
8711 5853 71515893 1
8616 5747 71515903 1
8505 5642 71515913 1
8383 5513 71515924 1
8237 5368 71515934 1
7634 4731 71515984 0
7400 4498 71515994 1
7313 4409 71516004 1
7253 4338 71516014 1
7212 4280 71516024 1
7199 4253 71516034 1
7208 4247 71516044 1
7232 4256 71516054 1
7300 4291 71516064 1
7397 4350 71516074 1
7512 4425 71516084 1
7649 4511 71516094 1
7805 4596 71516104 1
7973 4689 71516114 1
8126 4788 71516124 1
8283 4895 71516134 1
8448 4999 71516144 1
8587 5096 71516154 1
8709 5186 71516164 1
8803 5254 71516174 1
8862 5308 71516184 1
8898 5331 71516194 1
8638 5223 71516254 0
8511 5168 71516264 1
8462 5144 71516274 1
8423 5123 71516284 1
8392 5087 71516294 1
8361 5032 71516304 1
8329 4964 71516314 1
8285 4843 71516324 1
8234 4696 71516334 1
8169 4531 71516344 1
8100 4354 71516354 1
8027 4173 71516364 1
7955 3998 71516374 1
7886 3830 71516384 1
7824 3680 71516394 1
7769 3566 71516404 1
7724 3475 71516414 1
7685 3407 71516424 1
7664 3370 71516434 1
7655 3353 71516444 1
8728 5010 71516595 0
8728 5010 71516605 1
8728 5010 71516615 1
8693 4999 71516625 1
8664 4964 71516635 1
8632 4923 71516645 1
8608 4880 71516655 1
8588 4820 71516665 1
8576 4751 71516675 1
8570 4683 71516685 1
8565 4592 71516695 1
8560 4486 71516705 1
8560 4359 71516715 1
8560 4216 71516725 1
8560 4063 71516735 1
8576 3929 71516745 1
8598 3809 71516755 1
8630 3699 71516765 1
8687 3636 71516775 1
8760 3594 71516785 1
8859 3567 71516795 1
8976 3557 71516805 1
9106 3562 71516815 1
9247 3576 71516825 1
9411 3607 71516835 1
9590 3657 71516845 1
9773 3720 71516855 1
9964 3807 71516865 1
10160 3895 71516875 1
10336 3983 71516885 1
10498 4069 71516895 1
10650 4154 71516905 1
10762 4236 71516915 1
10847 4330 71516925 1
10913 4432 71516935 1
10963 4538 71516945 1
11000 4670 71516955 1
11029 4819 71516965 1
11029 4996 71516975 1
11004 5190 71516985 1
10965 5396 71516995 1
10903 5601 71517005 1
10824 5803 71517015 1
10734 5996 71517025 1
10640 6144 71517035 1
10546 6263 71517045 1
