275
1562 6288 36614732 0
1481 6297 36614742 1
1464 6335 36614752 1
1464 6384 36614762 1
1509 6396 36614772 1
1664 6428 36614782 1
1890 6474 36614792 1
2229 6543 36614802 1
2648 6623 36614812 1
3121 6711 36614822 1
3577 6798 36614832 1
3955 6890 36614842 1
4280 6986 36614852 1
4495 7058 36614862 1
4620 7104 36614872 1
4684 7132 36614882 1
4690 7132 36614892 1
2678 6548 36615012 0
2621 6499 36615022 1
2600 6520 36615032 1
2569 6528 36615042 1
2538 6412 36615052 1
2532 6214 36615062 1
2543 5886 36615072 1
2601 5483 36615082 1
2665 5031 36615092 1
2739 4510 36615102 1
2821 3994 36615112 1
2907 3481 36615122 1
2996 3031 36615132 1
3132 2593 36615142 1
3189 2162 36615152 1
3189 1929 36615162 1
3199 1745 36615172 1
3199 1593 36615182 1
3199 1528 36615192 1
3199 1518 36615202 1
3199 1546 36615212 1
3173 1708 36615222 1
3319 5808 36615323 0
3631 5904 36615333 1
3650 5794 36615343 1
3703 5600 36615353 1
3744 5233 36615363 1
3776 4902 36615373 1
3834 4594 36615383 1
3871 4468 36615393 1
3895 4430 36615403 1
3895 4451 36615413 1
3874 4509 36615423 1
3839 4652 36615433 1
3812 4852 36615443 1
3791 5112 36615453 1
3814 5315 36615463 1
3864 5479 36615473 1
3967 5529 36615483 1
4072 5541 36615493 1
4227 5527 36615503 1
4415 5497 36615513 1
4550 5443 36615523 1
4601 5372 36615533 1
4595 5279 36615543 1
4488 5154 36615553 1
4323 5009 36615563 1
4119 4870 36615573 1
3946 4762 36615583 1
3821 4676 36615593 1
3366 4173 36615703 0
3573 3985 36615713 1
3564 3919 36615723 1
3489 3877 36615733 1
3463 3470 36615743 1
3491 3130 36615753 1
3554 2836 36615763 1
3672 2692 36615773 1
3790 2624 36615783 1
3867 2607 36615793 1
3917 2644 36615803 1
3940 2745 36615813 1
3886 3198 36615864 0
3938 3500 36615874 1
3991 3553 36615884 1
4049 3567 36615894 1
4118 3547 36615904 1
4191 3501 36615914 1
4266 3438 36615924 1
4306 3360 36615934 1
4323 3305 36615944 1
4323 3265 36615954 1
4339 3280 36615964 1
4399 3375 36615974 1
4489 3524 36615984 1
4607 3703 36615994 1
4737 3884 36616004 1
4875 4066 36616014 1
4964 4113 36616024 1
5021 4068 36616024 1
5056 3963 36616034 1
5045 3770 36616044 1
5010 3575 36616054 1
4960 3379 36616064 1
4895 3208 36616074 1
4820 3076 36616084 1
2497 1976 36616224 0
2357 1692 36616234 1
2267 1647 36616244 1
2287 1584 36616254 1
2480 1508 36616264 1
2787 1508 36616274 1
3193 1534 36616284 1
3669 1567 36616294 1
4192 1551 36616304 1
4666 1575 36616314 1
5002 1627 36616324 1
5245 1709 36616334 1
5434 1778 36616344 1
5571 1838 36616354 1
5674 1888 36616364 1
5744 1951 36616374 1
5344 4358 36616515 0
5796 4367 36616525 1
5927 4443 36616535 1
5982 4532 36616545 1
6163 4617 36616555 1
6385 4761 36616565 1
6634 4947 36616575 1
6857 5086 36616585 1
7002 5247 36616595 1
7094 5424 36616605 1
7143 5618 36616615 1
7126 5708 36616625 1
7064 5730 36616635 1
6955 5627 36616645 1
6816 5392 36616655 1
6656 5069 36616665 1
6548 4729 36616675 1
6460 4417 36616685 1
6386 4129 36616695 1
6314 3848 36616705 1
6291 3712 36616715 1
6301 3674 36616725 1
6354 3702 36616735 1
6460 3794 36616745 1
6602 3941 36616755 1
6771 4126 36616765 1
6942 4296 36616775 1
5628 3461 36616895 0
5547 3138 36616905 1
5472 3003 36616915 1
5365 2661 36616925 1
5365 2181 36616935 1
5395 1826 36616945 1
5437 1644 36616955 1
5493 1578 36616965 1
5554 1590 36616975 1
5624 1683 36616985 1
5696 1830 36616995 1
5749 1978 36617005 1
5778 2585 36617055 0
5884 2547 36617065 1
5960 2472 36617075 1
6049 2352 36617085 1
6155 2201 36617095 1
6276 2084 36617105 1
6407 1986 36617115 1
6518 1900 36617125 1
6620 1842 36617135 1
6716 1826 36617145 1
6818 1837 36617155 1
6918 1883 36617165 1
7012 1975 36617175 1
7102 2098 36617185 1
7182 2303 36617195 1
7251 2574 36617205 1
7312 2889 36617215 1
7382 3136 36617225 1
7450 3213 36617235 1
7519 3178 36617245 1
7606 3091 36617255 1
7706 2945 36617265 1
7833 2760 36617275 1
7960 2606 36617285 1
8087 2490 36617295 1
8148 2399 36617305 1
8148 2281 36617315 1
8116 2144 36617325 1
8037 1994 36617335 1
7909 1796 36617345 1
7748 1592 36617355 1
7604 1450 36617365 1
7496 1351 36617375 1
7412 1344 36617385 1
7383 1475 36617395 1
7420 1698 36617405 1
8950 5916 36617556 0
9096 5844 36617566 1
9106 5718 36617576 1
9096 5503 36617586 1
9070 5207 36617596 1
9109 4984 36617606 1
9129 4811 36617616 1
9136 4701 36617626 1
9085 4640 36617636 1
8771 4619 36617666 0
8402 4720 36617676 1
8213 4805 36617686 1
8113 4848 36617696 1
8097 4864 36617706 1
8137 4814 36617716 1
8246 4756 36617726 1
8413 4693 36617736 1
8618 4693 36617746 1
8854 4767 36617756 1
9092 4888 36617766 1
9285 5021 36617776 1
9446 5135 36617786 1
9558 5220 36617796 1
9619 5225 36617806 1
9647 5174 36617816 1
9606 4991 36617826 1
9481 4738 36617836 1
9301 4439 36617846 1
9070 4172 36617856 1
8790 3923 36617866 1
8476 3685 36617876 1
8203 3536 36617886 1
8034 3448 36617896 1
7934 3401 36617906 1
7915 3393 36617916 1
8000 3435 36617926 1
8155 3511 36617936 1
8425 3661 36617946 1
8734 3863 36617956 1
9070 4099 36617966 1
9342 4288 36617976 1
9512 4387 36617986 1
9614 4426 36617996 1
9593 4366 36618006 1
9472 4202 36618016 1
9284 3968 36618026 1
9079 3703 36618036 1
8847 3424 36618046 1
8597 3136 36618056 1
8350 2831 36618066 1
8136 2579 36618076 1
7945 2363 36618086 1
7836 2262 36618096 1
7836 2271 36618106 1
7919 2354 36618116 1
8098 2538 36618126 1
8330 2788 36618136 1
8596 3081 36618146 1
8836 3335 36618156 1
9005 3431 36618166 1
9126 3423 36618176 1
9169 3345 36618186 1
9169 3186 36618196 1
9139 2972 36618206 1
9097 2728 36618216 1
9080 2482 36618226 1
9080 2263 36618236 1
9103 2062 36618246 1
9157 1915 36618256 1
9231 1819 36618266 1
9392 1757 36618276 1
9651 1745 36618286 1
9974 1740 36618296 1
10366 1740 36618306 1
10767 1748 36618316 1
11173 1772 36618326 1
11461 1807 36618336 1
11668 1885 36618346 1
11820 2027 36618356 1
11919 2212 36618366 1
11991 2489 36618376 1
