329
1752 6870 40938376 0
1798 6861 40938386 1
1860 6895 40938396 1
2004 6927 40938406 1
2203 6964 40938416 1
2432 7019 40938426 1
2692 7086 40938436 1
2972 7166 40938446 1
3288 7248 40938456 1
3594 7332 40938466 1
3893 7406 40938476 1
4086 7460 40938486 1
4209 7502 40938496 1
4285 7516 40938506 1
4285 7516 40938516 1
4219 7500 40938526 1
4103 7434 40938536 1
3923 7366 40938546 1
3731 7299 40938556 1
3530 7248 40938566 1
3343 7205 40938576 1
3158 7162 40938586 1
2977 7119 40938596 1
2832 7074 40938606 1
2710 7029 40938616 1
2606 6996 40938626 1
2559 6970 40938636 1
2551 6932 40938646 1
2551 6848 40938656 1
2558 6734 40938666 1
2569 6552 40938676 1
2558 6294 40938686 1
2549 5986 40938696 1
2542 5631 40938706 1
2553 5275 40938716 1
2560 4913 40938726 1
2560 4548 40938736 1
2588 4225 40938746 1
2629 3921 40938756 1
2681 3630 40938766 1
2714 3419 40938776 1
2727 3208 40938786 1
2727 3040 40938796 1
2710 2901 40938806 1
2685 2809 40938816 1
2655 2754 40938826 1
2629 2723 40938836 1
2603 2723 40938846 1
2578 2774 40938856 1
2555 2850 40938866 1
2555 3011 40938876 1
2561 3219 40938886 1
3059 5493 40938997 0
3219 5904 40939007 1
3254 6063 40939017 1
3254 6103 40939027 1
3244 6064 40939037 1
3264 5971 40939047 1
3301 5837 40939057 1
3323 5675 40939067 1
3346 5565 40939077 1
3371 5501 40939087 1
3388 5467 40939097 1
3400 5457 40939107 1
3407 5457 40939117 1
3407 5457 40939127 1
3413 5504 40939137 1
3423 5581 40939147 1
3448 5680 40939157 1
3483 5794 40939167 1
3545 5905 40939177 1
3623 6014 40939187 1
3711 6052 40939197 1
3784 6052 40939207 1
3844 6020 40939217 1
3894 5954 40939227 1
3914 5858 40939237 1
3897 5742 40939247 1
3855 5623 40939257 1
3772 5483 40939267 1
3677 5330 40939277 1
3573 5209 40939287 1
2940 4744 40939387 0
2996 4655 40939397 1
2996 4593 40939407 1
3011 4496 40939417 1
3054 4373 40939427 1
3094 4232 40939437 1
3133 4080 40939447 1
3174 3937 40939457 1
3219 3819 40939467 1
3267 3718 40939477 1
3311 3665 40939487 1
3339 3636 40939497 1
3357 3622 40939507 1
3524 4205 40939588 0
3782 4211 40939598 1
3813 4259 40939608 1
3850 4218 40939618 1
3893 4117 40939628 1
3939 4063 40939638 1
3968 4019 40939648 1
3979 3981 40939658 1
3979 3974 40939668 1
3979 3985 40939678 1
3999 4008 40939688 1
4032 4093 40939698 1
4077 4201 40939708 1
4126 4325 40939718 1
4181 4446 40939728 1
4237 4529 40939738 1
4289 4586 40939748 1
4340 4611 40939758 1
4406 4604 40939768 1
4471 4575 40939778 1
4535 4524 40939788 1
4588 4447 40939798 1
4636 4354 40939808 1
4636 4255 40939818 1
4599 4143 40939828 1
4529 4023 40939838 1
4454 3932 40939848 1
4381 3868 40939858 1
4309 3821 40939868 1
3095 3276 40939988 0
3102 3165 40939998 1
3011 3209 40940008 1
3033 3214 40940018 1
3102 3192 40940028 1
3202 3217 40940038 1
3357 3278 40940048 1
3583 3362 40940058 1
3857 3449 40940068 1
4154 3527 40940078 1
4481 3570 40940088 1
4827 3593 40940098 1
5041 3600 40940108 1
5222 3593 40940118 1
5381 3577 40940128 1
5507 3571 40940138 1
5623 3579 40940148 1
5733 3597 40940158 1
5871 5827 40940379 0
5908 5792 40940389 1
5913 5838 40940399 1
5897 5838 40940409 1
6009 5816 40940419 1
6174 5841 40940429 1
6373 5893 40940439 1
6617 5962 40940449 1
6837 6057 40940459 1
7041 6124 40940469 1
7149 6172 40940479 1
7195 6211 40940489 1
7195 6259 40940499 1
7164 6313 40940509 1
6802 6642 40940549 0
6545 6860 40940559 1
6482 6903 40940569 1
6462 6922 40940579 1
6471 6886 40940589 1
6493 6814 40940599 1
6515 6646 40940609 1
6531 6380 40940619 1
6543 6049 40940629 1
6557 5734 40940639 1
6563 5499 40940649 1
6563 5317 40940659 1
6575 5202 40940669 1
6590 5148 40940679 1
6612 5135 40940689 1
6638 5135 40940699 1
6698 5185 40940709 1
6802 5265 40940719 1
6934 5381 40940729 1
7058 5495 40940739 1
7141 5578 40940749 1
7196 5641 40940759 1
5511 4669 40940889 0
5582 4479 40940899 1
5574 4373 40940909 1
5528 4263 40940919 1
5521 3999 40940929 1
5515 3750 40940939 1
5496 3510 40940949 1
5469 3289 40940959 1
5455 3130 40940969 1
5455 3013 40940980 1
5469 2976 40940990 1
5489 2988 40941000 1
5538 3033 40941010 1
5660 3907 40941090 0
5835 3803 40941100 1
5871 3771 40941110 1
5871 3653 40941120 1
5947 3479 40941130 1
6038 3310 40941140 1
6141 3181 40941150 1
6262 3079 40941160 1
6384 2991 40941170 1
6510 2949 40941180 1
6637 2939 40941190 1
6779 2987 40941200 1
6930 3074 40941210 1
7031 3187 40941220 1
7104 3342 40941230 1
7159 3518 40941240 1
7190 3709 40941250 1
7206 3877 40941260 1
7213 3966 40941270 1
7238 4003 40941280 1
7311 4041 40941290 1
7416 4077 40941300 1
7557 4110 40941310 1
7723 4098 40941320 1
7906 4056 40941330 1
8050 3926 40941340 1
8149 3761 40941350 1
8217 3572 40941360 1
8217 3368 40941370 1
8173 3149 40941380 1
8092 2921 40941390 1
8011 2757 40941400 1
7954 2669 40941410 1
7914 2632 40941420 1
7884 2625 40941430 1
9161 6310 40941630 0
9097 6405 40941640 1
9040 6467 40941650 1
9040 6440 40941660 1
9040 6353 40941670 1
9056 6190 40941680 1
9083 5993 40941690 1
9135 5773 40941700 1
9165 5646 40941710 1
9181 5559 40941720 1
9194 5498 40941730 1
9171 5454 40941740 1
8498 5256 40941811 0
8385 5103 40941821 1
8371 5090 40941831 1
8371 5076 40941841 1
8402 5043 40941851 1
8463 4997 40941861 1
8541 4986 40941871 1
8632 4986 40941881 1
8729 4986 40941891 1
8836 5018 40941901 1
8949 5077 40941911 1
9066 5155 40941921 1
9184 5246 40941931 1
9303 5358 40941941 1
9425 5483 40941951 1
9504 5589 40941961 1
9554 5630 40941971 1
9569 5630 40941981 1
9579 5604 40941991 1
9585 5551 40942001 1
9577 5479 40942011 1
9539 5374 40942021 1
9482 5266 40942031 1
9350 5156 40942041 1
9190 5021 40942051 1
9011 4862 40942061 1
8813 4687 40942071 1
8660 4532 40942081 1
8538 4401 40942091 1
8480 4286 40942101 1
8470 4231 40942111 1
8493 4204 40942121 1
8553 4197 40942131 1
8667 4242 40942141 1
8817 4332 40942151 1
8996 4452 40942161 1
9156 4558 40942171 1
9302 4637 40942181 1
9409 4698 40942191 1
9465 4724 40942201 1
9487 4734 40942211 1
9487 4734 40942221 1
9447 4721 40942231 1
9388 4674 40942241 1
9292 4605 40942251 1
9187 4498 40942261 1
9077 4327 40942271 1
8949 4113 40942281 1
8799 3869 40942291 1
8635 3615 40942301 1
8479 3355 40942311 1
8347 3136 40942321 1
8230 2971 40942331 1
8135 2843 40942341 1
8066 2760 40942351 1
8014 2727 40942361 1
7991 2727 40942371 1
8699 3699 40942452 0
8811 3710 40942462 1
8820 3674 40942472 1
8797 3636 40942482 1
8777 3516 40942492 1
8767 3420 40942502 1
8762 3340 40942512 1
8736 3228 40942522 1
8736 3124 40942532 1
8752 3048 40942542 1
8805 2988 40942552 1
8907 2934 40942562 1
9042 2859 40942572 1
9193 2770 40942582 1
9392 2681 40942592 1
9623 2605 40942602 1
9862 2538 40942612 1
10062 2528 40942622 1
10236 2528 40942632 1
10360 2533 40942642 1
10476 2576 40942652 1
10587 2682 40942662 1
10697 2829 40942672 1
10815 3047 40942682 1
10943 3311 40942692 1
11076 3605 40942702 1
11182 3943 40942712 1
11270 4308 40942722 1
11313 4690 40942732 1
11291 5062 40942742 1
11226 5409 40942752 1
11129 5739 40942762 1
11003 6037 40942772 1
10858 6282 40942782 1
