555
1246 6853 74365281 0
1130 6776 74365291 1
1044 6776 74365301 1
1029 6764 74365311 1
1021 6758 74365321 1
1026 6758 74365331 1
1041 6753 74365341 1
1086 6762 74365351 1
1152 6780 74365361 1
1280 6826 74365371 1
1483 6902 74365381 1
1737 6997 74365391 1
2009 7069 74365401 1
2309 7151 74365411 1
2627 7240 74365421 1
2884 7292 74365431 1
3114 7341 74365441 1
3327 7385 74365451 1
3517 7424 74365461 1
3679 7461 74365471 1
3822 7490 74365481 1
3904 7508 74365491 1
3942 7519 74365501 1
3951 7525 74365511 1
3921 7525 74365521 1
3854 7519 74365531 1
2016 6754 74365672 0
2029 6728 74365682 1
1974 6734 74365692 1
1974 6721 74365702 1
1974 6695 74365712 1
1981 6704 74365722 1
1989 6695 74365732 1
1997 6674 74365742 1
2008 6649 74365752 1
2008 6605 74365762 1
2008 6548 74365772 1
2000 6468 74365782 1
1994 6368 74365792 1
1994 6255 74365802 1
1994 6130 74365812 1
1994 5987 74365822 1
1994 5832 74365832 1
1994 5677 74365842 1
1985 5474 74365852 1
1976 5240 74365862 1
1965 4987 74365872 1
1965 4706 74365882 1
1989 4406 74365892 1
2026 4204 74365902 1
2058 3991 74365912 1
2091 3771 74365922 1
2130 3590 74365932 1
2164 3446 74365942 1
2192 3326 74365952 1
2212 3222 74365962 1
2229 3153 74365972 1
2243 3107 74365982 1
2253 3084 74365992 1
2253 3076 74366002 1
2253 3076 74366012 1
2260 3088 74366022 1
2265 3170 74366032 1
2283 3300 74366042 1
2959 6360 74366182 0
2931 6481 74366192 1
2923 6533 74366202 1
2912 6541 74366212 1
2900 6520 74366222 1
2900 6520 74366232 1
2900 6475 74366242 1
2906 6409 74366252 1
2906 6302 74366262 1
2914 6185 74366272 1
2922 6061 74366282 1
2929 5942 74366292 1
2937 5842 74366302 1
2945 5755 74366312 1
2954 5710 74366322 1
2954 5690 74366332 1
2960 5690 74366342 1
2960 5690 74366352 1
2960 5720 74366362 1
2960 5770 74366372 1
2960 5858 74366382 1
2968 5964 74366392 1
2983 6081 74366402 1
3017 6181 74366412 1
3061 6257 74366422 1
3117 6316 74366432 1
3174 6346 74366442 1
3222 6356 74366452 1
3263 6356 74366462 1
3297 6343 74366472 1
3318 6330 74366482 1
3330 6310 74366492 1
3320 6267 74366502 1
3285 6208 74366512 1
3232 6127 74366522 1
3155 6028 74366532 1
3071 5917 74366542 1
2981 5812 74366552 1
2930 5744 74366562 1
2900 5700 74366572 1
2884 5669 74366582 1
2890 5654 74366592 1
2900 5654 74366602 1
2925 5654 74366612 1
2959 5661 74366622 1
2998 5675 74366633 1
3037 5695 74366643 1
3071 5715 74366653 1
3080 5715 74366663 1
3075 5715 74366673 1
3049 5695 74366683 1
2998 5648 74366693 1
2929 5582 74366703 1
2863 5507 74366713 1
2800 5428 74366723 1
2745 5351 74366733 1
2706 5276 74366743 1
2678 5202 74366753 1
2658 5124 74366763 1
2642 5039 74366773 1
2632 4923 74366783 1
2632 4788 74366793 1
2632 4672 74366803 1
2641 4549 74366813 1
2655 4419 74366823 1
2673 4296 74366833 1
2687 4221 74366843 1
2700 4174 74366853 1
2705 4154 74366863 1
2705 4154 74366873 1
2705 4163 74366883 1
2705 4189 74366893 1
2696 4243 74366903 1
2696 4317 74366913 1
2696 4409 74366923 1
2696 4501 74366933 1
2705 4573 74366943 1
2716 4633 74366953 1
2729 4681 74366963 1
2752 4728 74366973 1
2784 4772 74366983 1
2827 4817 74366993 1
2878 4863 74367003 1
2932 4889 74367013 1
2983 4910 74367023 1
3027 4910 74367033 1
3068 4901 74367043 1
3092 4869 74367053 1
3086 4806 74367063 1
3061 4723 74367073 1
3002 4631 74367083 1
2933 4540 74367093 1
2856 4459 74367103 1
2798 4385 74367113 1
2767 4347 74367123 1
2755 4339 74367133 1
2766 4351 74367143 1
2782 4366 74367153 1
2801 4420 74367163 1
2861 4501 74367173 1
2942 4589 74367183 1
3038 4676 74367193 1
3133 4763 74367203 1
3223 4848 74367213 1
3298 4928 74367223 1
3363 4990 74367233 1
3416 5042 74367243 1
3456 5083 74367253 1
3486 5121 74367263 1
3507 5151 74367273 1
3518 5171 74367283 1
3518 5182 74367293 1
3518 5188 74367303 1
3518 5194 74367313 1
3518 5194 74367323 1
3518 5199 74367333 1
3518 5199 74367343 1
3518 5193 74367353 1
3512 5181 74367363 1
3512 5133 74367373 1
3500 5062 74367383 1
3490 4972 74367393 1
3480 4866 74367403 1
3475 4750 74367413 1
3475 4657 74367423 1
3481 4569 74367433 1
3489 4485 74367443 1
3499 4432 74367453 1
3511 4403 74367463 1
3511 4391 74367473 1
3511 4391 74367483 1
3511 4410 74367493 1
3511 4441 74367503 1
3505 4509 74367513 1
3492 4602 74367523 1
3480 4712 74367533 1
3474 4842 74367543 1
3474 4968 74367553 1
3497 5048 74367563 1
3528 5099 74367573 1
3570 5153 74367583 1
3633 5207 74367593 1
3709 5260 74367603 1
3795 5313 74367613 1
3882 5357 74367614 1
3970 5396 74367624 1
4049 5410 74367634 1
4121 5410 74367644 1
4171 5391 74367654 1
4199 5369 74367664 1
4212 5330 74367674 1
4202 5281 74367684 1
4155 5220 74367694 1
4083 5144 74367704 1
3985 5057 74367714 1
3890 4972 74367724 1
3800 4891 74367734 1
3715 4814 74367744 1
3663 4759 74367754 1
3632 4723 74367764 1
3609 4701 74367774 1
3595 4689 74367784 1
3595 4683 74367794 1
3612 4683 74367804 1
3646 4683 74367814 1
3694 4697 74367824 1
3763 4722 74367834 1
3821 4755 74367844 1
3872 4783 74367854 1
3908 4801 74367864 1
3937 4811 74367874 1
3960 4811 74367884 1
3976 4801 74367894 1
3976 4783 74367904 1
3962 4743 74367914 1
3923 4690 74367924 1
3866 4625 74367934 1
3592 4324 74367975 0
3369 4061 74367985 1
3266 3931 74367995 1
3186 3819 74368005 1
3121 3719 74368015 1
3065 3636 74368025 1
3034 3575 74368035 1
3019 3530 74368045 1
3035 3506 74368055 1
3053 3489 74368065 1
3091 3477 74368075 1
3142 3477 74368085 1
3209 3495 74368095 1
3296 3526 74368105 1
3396 3568 74368115 1
3523 3613 74368125 1
3665 3661 74368135 1
3817 3710 74368145 1
3947 3758 74368155 1
4088 3803 74368165 1
4237 3847 74368175 1
4370 3891 74368185 1
4494 3934 74368195 1
4612 3975 74368205 1
4735 4032 74368215 1
4848 4100 74368225 1
4999 5755 74368426 0
4904 5725 74368436 1
4868 5741 74368446 1
4868 5779 74368456 1
4904 5806 74368466 1
4973 5886 74368476 1
5101 6001 74368486 1
5284 6085 74368496 1
5504 6203 74368506 1
5760 6344 74368516 1
5959 6451 74368526 1
6120 6528 74368536 1
6241 6584 74368546 1
6340 6635 74368556 1
6424 6682 74368566 1
6484 6721 74368576 1
6510 6750 74368586 1
6510 6771 74368596 1
6483 6789 74368606 1
6419 6805 74368616 1
6334 6805 74368626 1
6236 6805 74368636 1
6138 6800 74368646 1
6063 6807 74368656 1
6003 6822 74368666 1
5969 6848 74368676 1
5937 6874 74368686 1
5921 6896 74368696 1
5914 6912 74368706 1
5908 6919 74368716 1
5908 6919 74368726 1
5908 6919 74368736 1
5908 6919 74368746 1
5908 6891 74368756 1
5908 6843 74368766 1
5902 6750 74368776 1
5889 6624 74368786 1
5872 6477 74368796 1
5842 6290 74368806 1
5804 6098 74368816 1
5763 5895 74368826 1
5723 5687 74368836 1
5687 5522 74368846 1
5657 5372 74368856 1
5648 5233 74368866 1
5653 5137 74368876 1
5677 5087 74368886 1
5721 5067 74368896 1
5778 5091 74368906 1
5846 5143 74368916 1
5916 5214 74368926 1
5992 5318 74368936 1
6081 5429 74368946 1
6178 5546 74368956 1
6262 5615 74368966 1
6316 5658 74368976 1
6349 5685 74368986 1
6354 5685 74368996 1
6336 5685 74369006 1
6303 5664 74369016 1
6242 5625 74369026 1
5434 5090 74369107 0
5263 4936 74369117 1
5194 4906 74369127 1
5132 4906 74369137 1
5132 4906 74369147 1
5138 4830 74369157 1
5138 4759 74369167 1
5133 4671 74369177 1
5122 4568 74369187 1
5114 4455 74369197 1
5114 4352 74369207 1
5125 4257 74369217 1
5143 4168 74369227 1
5167 4116 74369237 1
5200 4095 74369247 1
5239 4095 74369257 1
5293 4143 74369267 1
5450 4446 74369297 0
5532 4597 74369307 1
5556 4606 74369317 1
5564 4588 74369327 1
5577 4538 74369337 1
5591 4468 74369347 1
5608 4377 74369357 1
5642 4268 74369367 1
5687 4146 74369377 1
5746 4031 74369387 1
5822 3924 74369397 1
5910 3822 74369407 1
6010 3764 74369417 1
6134 3741 74369427 1
6275 3741 74369437 1
6416 3777 74369447 1
6547 3823 74369457 1
6670 3876 74369467 1
6786 3928 74369477 1
6875 3980 74369487 1
6946 4032 74369497 1
6988 4091 74369507 1
7001 4153 74369517 1
6994 4228 74369527 1
6956 4311 74369537 1
6890 4399 74369547 1
6804 4480 74369557 1
6724 4540 74369567 1
6673 4585 74369577 1
6641 4620 74369587 1
6641 4653 74369597 1
6700 4696 74369607 1
6793 4747 74369617 1
6936 4801 74369627 1
7097 4852 74369637 1
7270 4900 74369647 1
7447 4932 74369657 1
7603 4961 74369667 1
7745 4981 74369677 1
7869 4994 74369687 1
7960 5002 74369697 1
8029 5012 74369707 1
8073 5033 74369717 1
9436 7349 74370088 0
9497 7315 74370098 1
9450 7315 74370108 1
9450 7310 74370118 1
9457 7296 74370128 1
9457 7279 74370138 1
9447 7258 74370148 1
9431 7215 74370158 1
9411 7159 74370168 1
9388 7071 74370178 1
9360 6956 74370188 1
9336 6824 74370198 1
9317 6702 74370208 1
9301 6563 74370218 1
9286 6412 74370228 1
9274 6265 74370238 1
9266 6148 74370248 1
9259 6052 74370258 1
9259 5988 74370268 1
9254 5957 74370278 1
9254 5947 74370288 1
9246 5954 74370298 1
9227 5984 74370308 1
9199 6030 74370318 1
9163 6098 74370328 1
9117 6182 74370338 1
9063 6278 74370348 1
8997 6374 74370358 1
8922 6466 74370368 1
8842 6522 74370378 1
8776 6556 74370388 1
8725 6561 74370398 1
8685 6550 74370408 1
8671 6528 74370418 1
8666 6483 74370428 1
8666 6401 74370438 1
8674 6295 74370448 1
8685 6190 74370458 1
8707 6089 74370468 1
8735 5991 74370478 1
8766 5893 74370488 1
8790 5809 74370498 1
8809 5735 74370508 1
9726 6514 74370619 0
9901 6584 74370629 1
9953 6614 74370639 1
9990 6632 74370649 1
10016 6642 74370659 1
10025 6642 74370669 1
10025 6637 74370679 1
10009 6624 74370689 1
9970 6589 74370699 1
9914 6542 74370709 1
9844 6470 74370719 1
9761 6381 74370729 1
9669 6282 74370739 1
9574 6182 74370749 1
9460 6078 74370759 1
9333 5951 74370769 1
9187 5810 74370779 1
9032 5684 74370789 1
8872 5558 74370799 1
8705 5433 74370809 1
8553 5306 74370819 1
8410 5210 74370829 1
8296 5134 74370839 1
8225 5097 74370849 1
8182 5082 74370859 1
8164 5082 74370869 1
8158 5092 74370879 1
8158 5101 74370889 1
8170 5123 74370899 1
8211 5153 74370909 1
8274 5209 74370919 1
8397 5292 74370929 1
8556 5392 74370939 1
8738 5500 74370949 1
8972 5606 74370959 1
9184 5709 74370969 1
9381 5789 74370979 1
9552 5855 74370989 1
9685 5900 74370999 1
9792 5941 74371009 1
9877 5972 74371019 1
9940 5995 74371029 1
9988 6010 74371039 1
9988 6018 74371049 1
9974 6018 74371059 1
9940 6018 74371069 1
9875 6000 74371079 1
9789 5972 74371089 1
9688 5924 74371099 1
9579 5871 74371109 1
9468 5807 74371119 1
9355 5737 74371129 1
9275 5677 74371139 1
9213 5614 74371149 1
9163 5520 74371159 1
9096 5408 74371169 1
9011 5256 74371179 1
8914 5087 74371189 1
8799 4908 74371199 1
8688 4712 74371209 1
8596 4531 74371219 1
8514 4349 74371229 1
8455 4162 74371239 1
8402 4014 74371249 1
8359 3892 74371259 1
8321 3787 74371269 1
8287 3700 74371279 1
8272 3653 74371289 1
8272 3634 74371299 1
8285 3634 74371309 1
8327 3687 74371319 1
8387 3767 74371329 1
9370 5382 74371440 0
9421 5490 74371450 1
9406 5499 74371460 1
9392 5499 74371470 1
9379 5499 74371480 1
9359 5467 74371490 1
9334 5423 74371500 1
9306 5352 74371510 1
9276 5275 74371520 1
9244 5187 74371530 1
9212 5092 74371540 1
9181 4994 74371550 1
9152 4879 74371560 1
9123 4753 74371570 1
9094 4645 74371580 1
9065 4537 74371590 1
9043 4430 74371600 1
9026 4319 74371610 1
9016 4208 74371620 1
9016 4105 74371630 1
9016 4009 74371640 1
9038 3917 74371650 1
9066 3831 74371660 1
9112 3748 74371670 1
9164 3683 74371680 1
9227 3629 74371690 1
9312 3583 74371700 1
9412 3550 74371710 1
9519 3527 74371720 1
9627 3510 74371730 1
9755 3502 74371740 1
9897 3502 74371750 1
10046 3508 74371760 1
10189 3518 74371770 1
10327 3540 74371780 1
10490 3570 74371790 1
10644 3610 74371800 1
10791 3653 74371810 1
10944 3699 74371820 1
11080 3752 74371830 1
11204 3815 74371840 1
11314 3884 74371850 1
11412 3974 74371860 1
11501 4091 74371870 1
11560 4225 74371880 1
11598 4393 74371891 1
11622 4561 74371901 1
11636 4728 74371911 1
11641 4903 74371921 1
11641 5083 74371931 1
11635 5254 74371941 1
11630 5447 74371951 1
