285
2030 6514 36620931 0
2030 6514 36620941 1
1978 6531 36620951 1
1963 6551 36620961 1
1972 6557 36620971 1
2015 6557 36620981 1
2142 6591 36620991 1
2326 6677 36621001 1
2636 6796 36621011 1
3042 6921 36621021 1
3511 7008 36621031 1
3971 7071 36621041 1
4357 7102 36621051 1
4694 7128 36621061 1
4921 7141 36621071 1
5042 7147 36621081 1
5092 7161 36621091 1
5103 7188 36621101 1
5081 7223 36621111 1
3068 7051 36621211 0
2916 6844 36621221 1
2862 6765 36621231 1
2793 6678 36621241 1
2770 6359 36621251 1
2785 5984 36621261 1
2826 5571 36621271 1
2908 5073 36621281 1
2993 4580 36621291 1
3082 4091 36621301 1
3133 3637 36621311 1
3159 3286 36621321 1
3132 3005 36621331 1
3089 2704 36621341 1
3035 2500 36621351 1
2989 2361 36621361 1
2964 2303 36621371 1
2952 2326 36621381 1
2943 2402 36621391 1
2943 2640 36621401 1
3135 5755 36621482 0
3531 5868 36621492 1
3594 5848 36621502 1
3685 5798 36621512 1
3795 5606 36621522 1
3859 5431 36621532 1
3898 5268 36621542 1
3920 5206 36621552 1
3920 5198 36621562 1
3928 5227 36621572 1
3934 5339 36621582 1
3950 5520 36621592 1
3973 5748 36621602 1
4019 6003 36621612 1
4068 6120 36621622 1
4120 6145 36621632 1
4217 6096 36621642 1
4316 5987 36621652 1
4415 5837 36621662 1
4476 5666 36621672 1
4511 5522 36621682 1
4471 5395 36621692 1
4377 5277 36621702 1
4246 5192 36621712 1
4115 5130 36621722 1
3996 5109 36621732 1
3201 4740 36621832 0
3381 4602 36621842 1
3346 4585 36621852 1
3238 4393 36621862 1
3230 4084 36621872 1
3260 3861 36621882 1
3315 3717 36621892 1
3376 3626 36621902 1
3418 3599 36621912 1
3446 3622 36621922 1
3462 3678 36621932 1
3472 3785 36621942 1
3477 3914 36621952 1
3501 4059 36621962 1
3569 4215 36621972 1
3666 4323 36621982 1
3796 4398 36621992 1
3922 4423 36622002 1
4045 4407 36622012 1
4138 4365 36622022 1
4186 4282 36622032 1
4203 4212 36622042 1
4191 4151 36622052 1
4181 4137 36622062 1
4195 4191 36622072 1
4224 4291 36622082 1
4315 4446 36622092 1
4409 4601 36622102 1
4507 4716 36622112 1
4577 4805 36622122 1
4629 4789 36622132 1
4660 4693 36622142 1
4660 4545 36622152 1
4643 4349 36622162 1
4591 4150 36622172 1
4526 3993 36622182 1
2246 2809 36622323 0
2253 2606 36622333 1
2244 2611 36622343 1
2212 2611 36622353 1
2382 2599 36622363 1
2679 2671 36622373 1
3060 2745 36622383 1
3572 2821 36622393 1
4078 2821 36622403 1
4581 2793 36622413 1
4997 2741 36622423 1
5284 2718 36622433 1
5484 2742 36622443 1
5595 2798 36622453 1
5663 2853 36622463 1
5701 2931 36622473 1
5701 3025 36622483 1
5283 5195 36622623 0
5518 5203 36622633 1
5555 5243 36622643 1
5566 5274 36622653 1
5560 5299 36622663 1
5712 5321 36622673 1
5933 5387 36622683 1
6200 5465 36622693 1
6476 5552 36622703 1
6691 5641 36622713 1
6866 5731 36622723 1
6938 5819 36622733 1
6932 5905 36622743 1
6873 6022 36622753 1
6873 6022 36622774 0
6383 6335 36622784 1
6219 6305 36622794 1
6134 6222 36622804 1
6101 6065 36622814 1
6118 5870 36622824 1
6146 5651 36622834 1
6181 5472 36622844 1
6167 5279 36622854 1
6117 5078 36622864 1
6042 4878 36622874 1
5968 4676 36622884 1
5937 4579 36622894 1
5937 4553 36622904 1
5993 4558 36622914 1
6139 4650 36622924 1
6344 4799 36622934 1
6556 4996 36622944 1
6762 5156 36622954 1
6876 5291 36622964 1
6931 5333 36622974 1
5286 4127 36623094 0
5365 3686 36623104 1
5349 3421 36623114 1
5376 3094 36623124 1
5435 2869 36623134 1
5501 2727 36623144 1
5544 2641 36623154 1
5568 2580 36623164 1
5579 2559 36623174 1
5598 2564 36623184 1
5650 2624 36623194 1
5723 2779 36623204 1
5812 2997 36623214 1
5889 3221 36623224 1
5939 3445 36623234 1
5975 3557 36623244 1
5998 3594 36623254 1
6013 3529 36623264 1
6023 3395 36623274 1
6043 3214 36623284 1
6090 3055 36623294 1
6156 2936 36623304 1
6251 2844 36623314 1
6370 2799 36623324 1
6506 2820 36623334 1
6652 2886 36623344 1
6804 2999 36623354 1
6959 3145 36623364 1
7067 3313 36623374 1
7179 3490 36623384 1
7298 3648 36623394 1
7401 3659 36623404 1
7491 3580 36623414 1
7574 3383 36623424 1
7638 3123 36623434 1
7689 2820 36623444 1
7682 2556 36623454 1
7608 2334 36623464 1
7489 2140 36623474 1
7341 1994 36623485 1
7226 1953 36623495 1
7132 1983 36623505 1
7080 2114 36623515 1
9059 6171 36623675 0
9116 6166 36623685 1
9053 6166 36623695 1
8983 6041 36623705 1
8969 5914 36623715 1
8993 5783 36623725 1
9031 5644 36623735 1
9031 5472 36623745 1
9011 5277 36623755 1
8961 5084 36623765 1
8889 4897 36623775 1
8803 4715 36623785 1
8751 4606 36623795 1
8716 4555 36623805 1
8692 4542 36623815 1
7819 5066 36623915 0
7924 4986 36623935 1
7963 4976 36623945 1
7985 4968 36623955 1
8049 4905 36623965 1
8140 4805 36623975 1
8335 4710 36623985 1
8532 4640 36623995 1
8729 4587 36624005 1
8936 4593 36624015 1
9101 4657 36624025 1
9238 4760 36624035 1
9466 5182 36624075 0
9557 5425 36624085 1
9557 5416 36624095 1
9532 5355 36624105 1
9427 5179 36624115 1
9274 4927 36624125 1
9090 4647 36624135 1
8856 4350 36624145 1
8621 4043 36624155 1
8384 3762 36624165 1
8231 3598 36624175 1
8166 3511 36624185 1
8160 3505 36624195 1
8268 3568 36624205 1
8509 3678 36624215 1
8838 3895 36624225 1
9266 4141 36624235 1
9627 4407 36624245 1
9942 4578 36624255 1
10071 4657 36624256 1
10071 4657 36624266 1
9987 4651 36624276 1
9815 4557 36624286 1
9613 4418 36624296 1
9390 4258 36624306 1
9183 4102 36624316 1
8979 3950 36624326 1
8779 3779 36624336 1
8599 3571 36624346 1
8430 3338 36624356 1
8247 3059 36624366 1
8069 2768 36624376 1
7929 2470 36624386 1
7812 2310 36624396 1
7771 2248 36624406 1
7780 2248 36624416 1
7823 2331 36624426 1
8615 3583 36624516 0
8792 3555 36624526 1
8792 3510 36624536 1
8738 3384 36624546 1
8694 3211 36624556 1
8655 3007 36624566 1
8618 2781 36624576 1
8610 2584 36624586 1
8648 2407 36624596 1
8717 2277 36624606 1
8842 2187 36624616 1
9023 2123 36624626 1
9240 2073 36624636 1
9496 2010 36624646 1
9738 1951 36624656 1
9970 1900 36624666 1
10185 1900 36624676 1
10397 1954 36624686 1
10608 2038 36624696 1
10757 2168 36624706 1
10870 2314 36624716 1
10959 2472 36624726 1
11018 2703 36624736 1
11038 3043 36624746 1
11033 3455 36624756 1
