461
1342 6394 71520120 0
1342 6394 71520130 1
1293 6417 71520140 1
1293 6433 71520150 1
1293 6446 71520160 1
1321 6459 71520170 1
1369 6473 71520180 1
1468 6491 71520190 1
1622 6530 71520200 1
1812 6583 71520210 1
2021 6649 71520220 1
2267 6720 71520230 1
2537 6794 71520240 1
2808 6876 71520250 1
3056 6955 71520260 1
3289 7024 71520270 1
3503 7082 71520280 1
3674 7123 71520290 1
3817 7154 71520300 1
3891 7167 71520310 1
2327 6518 71520460 0
2249 6421 71520470 1
2172 6395 71520480 1
2149 6338 71520490 1
2126 6230 71520500 1
2100 6089 71520510 1
2065 5882 71520520 1
2027 5654 71520530 1
2002 5413 71520540 1
1980 5108 71520550 1
1964 4782 71520560 1
1949 4442 71520570 1
1935 4060 71520580 1
1919 3675 71520590 1
1912 3361 71520600 1
1912 3095 71520610 1
1912 2862 71520620 1
1912 2683 71520630 1
1906 2540 71520640 1
1906 2446 71520650 1
1906 2394 71520660 1
2456 5408 71520841 0
2531 5714 71520851 1
2538 5768 71520861 1
2538 5773 71520871 1
2545 5736 71520881 1
2556 5670 71520891 1
2570 5579 71520901 1
2589 5462 71520911 1
2617 5327 71520921 1
2652 5206 71520931 1
2691 5105 71520941 1
2721 5017 71520951 1
2745 4944 71520961 1
2760 4902 71520971 1
2768 4881 71520981 1
2768 4898 71520991 1
2768 4951 71521001 1
2768 5029 71521011 1
2754 5120 71521021 1
2746 5223 71521031 1
2746 5334 71521041 1
2751 5441 71521051 1
2769 5530 71521061 1
2793 5606 71521071 1
2821 5665 71521081 1
2853 5720 71521091 1
2893 5767 71521101 1
2946 5806 71521111 1
3008 5835 71521121 1
3061 5835 71521131 1
3098 5826 71521131 1
3125 5792 71521141 1
3134 5723 71521151 1
3110 5632 71521161 1
3064 5500 71521171 1
3001 5353 71521181 1
2936 5197 71521191 1
2870 5078 71521201 1
2822 4999 71521211 1
2801 4948 71521221 1
2801 4940 71521231 1
2801 4947 71521241 1
2842 4964 71521251 1
2900 5005 71521261 1
2982 5052 71521271 1
3081 5102 71521281 1
3192 5149 71521291 1
3294 5194 71521301 1
3378 5233 71521311 1
2182 4111 71521482 0
2108 4072 71521492 1
2108 4072 71521502 1
2122 4049 71521512 1
2176 4011 71521522 1
2237 3937 71521532 1
2303 3836 71521542 1
2346 3716 71521552 1
2377 3621 71521562 1
2399 3530 71521572 1
2415 3442 71521582 1
2427 3368 71521592 1
2437 3315 71521602 1
2450 3277 71521612 1
2463 3269 71521622 1
2482 3458 71521672 0
2446 3622 71521682 1
2424 3706 71521692 1
2424 3788 71521702 1
2458 3867 71521712 1
2510 3932 71521722 1
2579 3990 71521732 1
2659 4033 71521742 1
2747 4071 71521752 1
2814 4091 71521762 1
2878 4101 71521772 1
2939 4089 71521782 1
2986 4037 71521792 1
3011 3959 71521802 1
3021 3845 71521812 1
3010 3729 71521822 1
2985 3611 71521832 1
2951 3523 71521842 1
2923 3456 71521852 1
2899 3404 71521862 1
2894 3395 71521872 1
2899 3417 71521882 1
2920 3460 71521892 1
2956 3556 71521902 1
3003 3685 71521912 1
3062 3837 71521922 1
3133 3993 71521932 1
3212 4121 71521942 1
3285 4230 71521952 1
3346 4299 71521962 1
3398 4332 71521972 1
3440 4340 71521982 1
3478 4318 71521992 1
3513 4279 71522002 1
3547 4229 71522012 1
3575 4165 71522022 1
3600 4101 71522032 1
3611 4034 71522042 1
3611 3972 71522052 1
3606 3914 71522062 1
3594 3875 71522072 1
3584 3857 71522082 1
3584 3857 71522092 1
3578 3857 71522102 1
3573 3906 71522112 1
3593 3977 71522122 1
3635 4083 71522132 1
3691 4193 71522142 1
3758 4306 71522152 1
3817 4407 71522162 1
3863 4469 71522172 1
3902 4506 71522182 1
3929 4519 71522192 1
3947 4509 71522202 1
3960 4483 71522212 1
3960 4423 71522222 1
3938 4325 71522232 1
3904 4202 71522242 1
3858 4070 71522252 1
3811 3936 71522262 1
3763 3800 71522272 1
3727 3699 71522282 1
3718 3621 71522292 1
3728 3578 71522293 1
3769 3558 71522303 1
3832 3553 71522313 1
3910 3572 71522323 1
4004 3607 71522333 1
4100 3652 71522343 1
4177 3692 71522353 1
4240 3710 71522363 1
4250 3710 71522373 1
4201 3688 71522383 1
1788 2319 71522533 0
1748 2226 71522543 1
1748 2251 71522553 1
1770 2314 71522563 1
1824 2362 71522573 1
1901 2414 71522583 1
2005 2468 71522593 1
2135 2519 71522603 1
2283 2569 71522613 1
2446 2629 71522623 1
2642 2696 71522633 1
2860 2788 71522643 1
3075 2880 71522653 1
3304 2981 71522663 1
3542 3089 71522673 1
3779 3183 71522683 1
3993 3273 71522693 1
4191 3356 71522703 1
4388 3424 71522713 1
4560 3482 71522723 1
4714 3521 71522733 1
4834 3556 71522743 1
4904 3585 71522753 1
4941 3600 71522763 1
5110 6083 71523144 0
5129 5973 71523154 1
5081 5973 71523164 1
5081 6006 71523174 1
5111 6006 71523184 1
5176 6023 71523194 1
5267 6051 71523204 1
5376 6095 71523214 1
5500 6146 71523224 1
5629 6202 71523234 1
5763 6258 71523244 1
5896 6321 71523254 1
6008 6389 71523264 1
6108 6461 71523264 1
6200 6532 71523274 1
6264 6586 71523284 1
6310 6630 71523294 1
6319 6652 71523304 1
6289 6670 71523314 1
6234 6682 71523324 1
6170 6693 71523334 1
6108 6704 71523344 1
6054 6718 71523354 1
6009 6734 71523364 1
5975 6741 71523374 1
5953 6741 71523384 1
5939 6734 71523394 1
5931 6703 71523404 1
5931 6657 71523414 1
5924 6584 71523424 1
5924 6479 71523434 1
5914 6352 71523444 1
5903 6216 71523454 1
5890 6077 71523464 1
5866 5917 71523474 1
5841 5745 71523484 1
5816 5604 71523494 1
5803 5463 71523504 1
5795 5346 71523514 1
5795 5244 71523524 1
5805 5192 71523534 1
5818 5165 71523544 1
5835 5155 71523554 1
5858 5155 71523564 1
5902 5176 71523574 1
5959 5211 71523584 1
6042 5256 71523594 1
6140 5301 71523604 1
6247 5346 71523614 1
6350 5391 71523624 1
6443 5436 71523634 1
6529 5480 71523644 1
6594 5523 71523654 1
6639 5556 71523664 1
5167 4425 71523815 0
5109 4321 71523825 1
5080 4331 71523835 1
5074 4331 71523845 1
5082 4302 71523855 1
5088 4251 71523865 1
5088 4145 71523875 1
5076 3991 71523885 1
5057 3804 71523895 1
5023 3595 71523905 1
4978 3407 71523915 1
4926 3234 71523925 1
4875 3075 71523935 1
4828 2944 71523945 1
4789 2831 71523955 1
4766 2761 71523965 1
4752 2736 71523975 1
5557 4257 71524116 0
5626 4247 71524126 1
5626 4282 71524136 1
5615 4263 71524146 1
5615 4193 71524156 1
5615 4089 71524166 1
5625 3970 71524176 1
5640 3839 71524186 1
5664 3699 71524196 1
5706 3591 71524206 1
5759 3489 71524216 1
5832 3390 71524226 1
5909 3295 71524236 1
5988 3222 71524246 1
6085 3163 71524256 1
6210 3141 71524266 1
6354 3156 71524276 1
6491 3196 71524286 1
6613 3274 71524296 1
6724 3367 71524306 1
6804 3470 71524316 1
6846 3582 71524326 1
6862 3701 71524336 1
6825 3826 71524346 1
6758 3950 71524356 1
6670 4072 71524366 1
6587 4168 71524376 1
6519 4248 71524386 1
6462 4299 71524396 1
6424 4347 71524406 1
6406 4381 71524416 1
6401 4407 71524426 1
6418 4440 71524436 1
6458 4482 71524446 1
6512 4531 71524456 1
6592 4584 71524466 1
6699 4636 71524476 1
6825 4687 71524486 1
6962 4737 71524496 1
7100 4768 71524506 1
7242 4788 71524516 1
7391 4781 71524526 1
7516 4755 71524536 1
7626 4716 71524546 1
7723 4665 71524556 1
7807 4612 71524566 1
7883 4555 71524576 1
7946 4491 71524586 1
7993 4427 71524596 1
8029 4363 71524606 1
8045 4303 71524616 1
8045 4252 71524626 1
8714 6807 71525107 0
8782 6906 71525117 1
8820 6928 71525127 1
8857 6936 71525137 1
8897 6910 71525147 1
8930 6854 71525157 1
8957 6777 71525167 1
8979 6659 71525177 1
8992 6497 71525187 1
8998 6305 71525197 1
9003 6128 71525207 1
9010 5965 71525217 1
9019 5812 71525227 1
9028 5697 71525237 1
9033 5601 71525247 1
9033 5518 71525257 1
9033 5453 71525267 1
9026 5408 71525277 1
9016 5377 71525287 1
8359 5887 71525387 0
8289 5905 71525397 1
8266 5944 71525407 1
8273 5944 71525417 1
8290 5913 71525427 1
8327 5869 71525437 1
8376 5823 71525447 1
8435 5792 71525457 1
8512 5772 71525467 1
8601 5762 71525477 1
8711 5780 71525487 1
8845 5818 71525497 1
8994 5901 71525507 1
9122 5995 71525517 1
9246 6096 71525527 1
9368 6183 71525537 1
9453 6241 71525547 1
9494 6281 71525557 1
9505 6281 71525567 1
9498 6281 71525577 1
9464 6264 71525587 1
9412 6213 71525597 1
9324 6140 71525607 1
9218 6032 71525617 1
9100 5896 71525627 1
8969 5741 71525637 1
8829 5602 71525647 1
8682 5460 71525657 1
8020 4711 71525718 0
7809 4552 71525728 1
7742 4497 71525738 1
7701 4466 71525748 1
7694 4455 71525758 1
7716 4455 71525768 1
7758 4477 71525778 1
7845 4522 71525788 1
7958 4583 71525798 1
8088 4662 71525808 1
8230 4756 71525818 1
8396 4860 71525828 1
8579 4971 71525838 1
8763 5078 71525848 1
8946 5179 71525858 1
9129 5274 71525868 1
9281 5366 71525878 1
9405 5435 71525888 1
9510 5491 71525898 1
9567 5524 71525908 1
9586 5540 71525918 1
9579 5540 71525928 1
9542 5547 71525938 1
9488 5534 71525948 1
9422 5510 71525958 1
9348 5475 71525968 1
9277 5438 71525978 1
9210 5396 71525988 1
9150 5353 71525998 1
9103 5314 71526008 1
9066 5277 71526018 1
9035 5236 71526028 1
9007 5191 71526038 1
8980 5124 71526048 1
8938 5043 71526058 1
8887 4928 71526068 1
8821 4784 71526078 1
8746 4620 71526088 1
8665 4461 71526098 1
8573 4289 71526108 1
8479 4109 71526118 1
8384 3951 71526128 1
8295 3803 71526138 1
8221 3661 71526148 1
8156 3558 71526158 1
8102 3471 71526168 1
8062 3395 71526178 1
8030 3335 71526188 1
8009 3290 71526198 1
8808 4882 71526479 0
8808 4882 71526489 1
8808 4882 71526499 1
8808 4882 71526509 1
8788 4802 71526519 1
8779 4694 71526529 1
8770 4559 71526539 1
8762 4406 71526549 1
8762 4247 71526559 1
8768 4114 71526569 1
8782 3999 71526579 1
8818 3892 71526589 1
8869 3787 71526599 1
8945 3683 71526609 1
9027 3613 71526619 1
9114 3561 71526629 1
9231 3520 71526639 1
9374 3511 71526649 1
9535 3535 71526659 1
9694 3580 71526669 1
9857 3643 71526679 1
10028 3714 71526689 1
10204 3790 71526699 1
10366 3857 71526709 1
10532 3913 71526719 1
10682 3962 71526729 1
10820 4016 71526739 1
10957 4086 71526749 1
11073 4168 71526759 1
11174 4274 71526769 1
11252 4399 71526779 1
11304 4538 71526789 1
11338 4687 71526799 1
11345 4864 71526809 1
11327 5060 71526819 1
11293 5246 71526829 1
11247 5431 71526839 1
11195 5609 71526849 1
11139 5769 71526859 1
11081 5921 71526869 1
