127
1920 3552 35965756 0
1925 3522 35965766 1
1903 3535 35965776 1
1887 3561 35965786 1
1879 3561 35965796 1
1879 3561 35965806 1
1879 3568 35965816 1
1932 3581 35965826 1
2009 3601 35965836 1
2152 3625 35965846 1
2325 3661 35965856 1
2519 3722 35965866 1
2762 3801 35965876 1
3025 3900 35965886 1
3300 3997 35965896 1
3612 4092 35965906 1
3930 4195 35965916 1
4221 4303 35965926 1
4492 4418 35965936 1
4722 4528 35965946 1
4892 4628 35965956 1
5022 4725 35965966 1
5112 4819 35965976 1
5171 4911 35965986 1
5208 4995 35965996 1
5220 5071 35966006 1
5214 5134 35966016 1
5195 5188 35966026 1
5152 5233 35966036 1
5077 5252 35966046 1
4981 5252 35966056 1
4858 5220 35966066 1
4731 5165 35966076 1
4601 5096 35966086 1
4511 5007 35966096 1
4430 4876 35966106 1
4355 4716 35966116 1
4262 4520 35966126 1
4150 4238 35966136 1
4024 3900 35966146 1
3908 3518 35966156 1
3795 3133 35966166 1
3688 2746 35966176 1
3610 2406 35966186 1
3549 2103 35966196 1
3519 1824 35966206 1
3510 1615 35966216 1
3510 1483 35966226 1
3523 1403 35966236 1
3535 1354 35966246 1
4087 2709 35966597 0
4048 2657 35966607 1
4017 2657 35966617 1
4002 2676 35966627 1
4002 2684 35966637 1
4002 2721 35966647 1
4028 2778 35966657 1
4074 2850 35966667 1
4160 2924 35966677 1
4279 2999 35966687 1
4419 3120 35966697 1
4567 3215 35966707 1
4715 3292 35966717 1
4821 3340 35966727 1
4900 3350 35966737 1
4929 3334 35966747 1
4936 3284 35966757 1
4929 3178 35966767 1
4898 3035 35966777 1
4860 2872 35966787 1
4816 2704 35966797 1
4790 2532 35966807 1
4766 2387 35966817 1
4756 2255 35966827 1
4756 2131 35966837 1
4764 2045 35966847 1
4776 2001 35966857 1
4794 1985 35966867 1
4818 1985 35966877 1
4862 2041 35966887 1
4920 2130 35966897 1
5000 2280 35966907 1
5085 2446 35966917 1
5184 2622 35966927 1
5291 2815 35966937 1
5390 2948 35966947 1
5471 3041 35966957 1
5539 3093 35966967 1
5593 3112 35966977 1
5650 3112 35966987 1
5708 3072 35966997 1
5766 2985 35967007 1
5807 2865 35967017 1
5836 2715 35967027 1
5845 2594 35967037 1
5845 2492 35967047 1
5845 2434 35967057 1
5856 2406 35967067 1
5868 2399 35967077 1
5884 2406 35967087 1
5925 2462 35967097 1
5982 2551 35967107 1
6051 2681 35967117 1
6125 2816 35967127 1
6201 2955 35967137 1
6276 3019 35967147 1
6326 3024 35967157 1
6367 2991 35967167 1
6401 2897 35967177 1
6432 2777 35967187 1
6463 2641 35967197 1
6501 2551 35967207 1
6543 2499 35967217 1
6577 2473 35967227 1
6617 2473 35967237 1
6660 2508 35967247 1
6750 2566 35967257 1
6857 2664 35967267 1
6975 2763 35967277 1
7059 2864 35967287 1
7122 2880 35967297 1
7172 2844 35967307 1
7231 2774 35967317 1
7312 2659 35967327 1
7408 2556 35967337 1
7527 2460 35967347 1
7651 2405 35967357 1
