113
2400 5750 40998562 0
2301 5717 40998572 1
2229 5744 40998582 1
2170 5757 40998592 1
2120 5757 40998602 1
2103 5768 40998612 1
2108 5787 40998622 1
2178 5813 40998632 1
2392 5928 40998642 1
2702 6080 40998652 1
3089 6258 40998662 1
3577 6428 40998672 1
4131 6528 40998682 1
4677 6582 40998692 1
5164 6564 40998702 1
5611 6545 40998712 1
5944 6527 40998722 1
6120 6512 40998732 1
6192 6498 40998742 1
6205 6493 40998752 1
6179 6485 40998763 1
6128 6474 40998773 1
6015 6450 40998783 1
5865 6431 40998793 1
5690 6416 40998803 1
5503 6409 40998813 1
5316 6399 40998823 1
5129 6361 40998833 1
4943 6306 40998843 1
4807 6224 40998853 1
4712 6115 40998863 1
4644 5988 40998873 1
4611 5755 40998883 1
4588 5466 40998893 1
4571 5140 40998903 1
4576 4718 40998913 1
4582 4386 40998923 1
4588 4114 40998933 1
4603 3853 40998943 1
4622 3661 40998953 1
4656 3515 40998963 1
4699 3389 40998973 1
4731 3330 40998983 1
4753 3316 40998993 1
4767 3316 40999003 1
4787 3327 40999013 1
4810 3356 40999023 1
4855 3471 40999033 1
4914 3651 40999043 1
4979 3874 40999053 1
5043 4131 40999063 1
5107 4372 40999073 1
5160 4602 40999083 1
5206 4699 40999093 1
5217 4707 40999103 1
5217 4656 40999113 1
5217 4524 40999123 1
5194 4347 40999133 1
5170 4140 40999143 1
5165 4009 40999153 1
5172 3936 40999163 1
5203 3903 40999173 1
5267 3898 40999183 1
5352 3950 40999193 1
5466 4040 40999203 1
5582 4156 40999213 1
5698 4285 40999223 1
5813 4422 40999233 1
5910 4541 40999243 1
5996 4612 40999253 1
6050 4652 40999263 1
6077 4623 40999273 1
6086 4527 40999283 1
6050 4387 40999293 1
5991 4180 40999303 1
5917 3992 40999313 1
5862 3816 40999323 1
5830 3682 40999333 1
5814 3603 40999343 1
5820 3562 40999353 1
5850 3540 40999363 1
5895 3548 40999373 1
5970 3576 40999383 1
6073 3653 40999393 1
6195 3770 40999403 1
6335 3914 40999413 1
6476 4060 40999423 1
6593 4197 40999433 1
6694 4232 40999443 1
6742 4201 40999453 1
6769 4109 40999463 1
6781 3986 40999473 1
6802 3842 40999483 1
6846 3719 40999493 1
6905 3663 40999503 1
6960 3651 40999513 1
7046 3663 40999523 1
7152 3729 40999533 1
7290 3832 40999543 1
7430 3941 40999553 1
7559 4054 40999563 1
7679 4171 40999573 1
7825 4334 40999583 1
7979 4465 40999593 1
8137 4576 40999603 1
8235 4562 40999613 1
8306 4462 40999623 1
8358 4306 40999633 1
8370 4058 40999643 1
8384 3790 40999653 1
8389 3510 40999663 1
8389 3250 40999673 1
8440 3036 40999683 1
