111
1637 6007 36691362 0
1579 6075 36691372 1
1533 6189 36691382 1
1533 6253 36691392 1
1633 6292 36691402 1
1795 6315 36691412 1
2163 6336 36691422 1
2626 6355 36691432 1
3151 6366 36691442 1
3794 6361 36691452 1
4332 6347 36691462 1
4800 6377 36691472 1
5112 6426 36691482 1
5321 6487 36691492 1
5461 6532 36691502 1
5522 6554 36691512 1
5535 6562 36691522 1
5517 6562 36691532 1
4299 6309 36691602 0
4072 6031 36691612 1
4055 5954 36691622 1
3996 5918 36691632 1
3965 5697 36691642 1
3952 5405 36691652 1
3977 5065 36691662 1
3995 4641 36691672 1
4008 4218 36691683 1
4013 3795 36691693 1
4013 3463 36691703 1
4020 3213 36691713 1
4026 3017 36691723 1
4037 2896 36691733 1
4058 2802 36691743 1
4082 2726 36691753 1
4576 4680 36691863 0
5028 4760 36691873 1
5087 4827 36691883 1
5049 4912 36691893 1
5116 4907 36691903 1
5266 4921 36691913 1
5472 4947 36691923 1
5728 4969 36691933 1
5935 4991 36691943 1
6110 5012 36691953 1
6195 5012 36691963 1
6200 4984 36691973 1
6151 4945 36691983 1
6016 4869 36691993 1
5849 4794 36692003 1
5660 4719 36692013 1
5483 4645 36692023 1
5320 4536 36692033 1
5165 4406 36692043 1
5049 4221 36692053 1
4969 3986 36692063 1
4914 3717 36692073 1
4914 3458 36692083 1
4930 3243 36692093 1
4967 3058 36692103 1
5026 2951 36692113 1
5090 2896 36692123 1
5162 2876 36692133 1
5239 2932 36692143 1
5342 3056 36692153 1
5448 3225 36692163 1
5573 3444 36692173 1
5708 3691 36692183 1
5864 3958 36692193 1
5959 4080 36692203 1
6013 4069 36692213 1
6047 3969 36692223 1
6053 3757 36692233 1
6041 3515 36692243 1
6041 3252 36692253 1
6067 3066 36692263 1
6102 2971 36692273 1
6153 2937 36692283 1
6235 2945 36692293 1
6337 3030 36692303 1
6457 3166 36692313 1
6577 3336 36692323 1
6690 3496 36692333 1
6797 3649 36692343 1
6891 3795 36692353 1
6928 3804 36692363 1
6928 3723 36692373 1
6919 3580 36692383 1
6931 3436 36692393 1
6955 3293 36692403 1
6990 3166 36692413 1
7020 3047 36692423 1
7046 2988 36692433 1
7071 3008 36692443 1
7168 3080 36692453 1
7339 3251 36692464 1
7559 3456 36692474 1
7804 3684 36692484 1
8049 3923 36692494 1
8192 4021 36692504 1
8267 4021 36692514 1
8278 3910 36692524 1
8261 3716 36692534 1
8226 3469 36692544 1
8226 3203 36692554 1
8272 2962 36692564 1
8350 2738 36692574 1
8390 2539 36692584 1
8411 2397 36692594 1
8420 2294 36692604 1
8415 2239 36692614 1
8395 2213 36692624 1
