103
1722 5271 36677062 0
1728 5320 36677072 1
1728 5399 36677082 1
1788 5494 36677092 1
1880 5556 36677102 1
2087 5651 36677112 1
2404 5769 36677122 1
2795 5910 36677132 1
3260 6007 36677142 1
3767 6074 36677152 1
4302 6096 36677162 1
4780 6114 36677172 1
5125 6130 36677182 1
5381 6148 36677192 1
5528 6190 36677202 1
5579 6232 36677212 1
5565 6276 36677222 1
5478 6335 36677232 1
5293 6401 36677242 1
5042 6413 36677252 1
4771 6362 36677262 1
4514 6269 36677272 1
4266 6116 36677282 1
4078 5883 36677292 1
3937 5597 36677302 1
3826 5217 36677312 1
3754 4729 36677322 1
3721 4168 36677332 1
3713 3534 36677342 1
3718 3022 36677352 1
3728 2591 36677362 1
3742 2416 36677372 1
3742 2338 36677382 1
3754 2325 36677392 1
3770 2325 36677402 1
3788 2380 36677412 1
3834 2473 36677422 1
4435 4729 36677522 0
4855 4718 36677532 1
5020 4796 36677542 1
5177 4907 36677552 1
5328 4915 36677562 1
5562 4949 36677572 1
5759 5000 36677582 1
5931 5021 36677592 1
5990 5006 36677602 1
5962 4968 36677612 1
5877 4864 36677622 1
5703 4695 36677632 1
5541 4482 36677642 1
5388 4210 36677652 1
5234 3880 36677662 1
5154 3511 36677672 1
5123 3168 36677682 1
5092 2921 36677692 1
5075 2739 36677702 1
5067 2614 36677712 1
5074 2601 36677722 1
5117 2662 36677733 1
5184 2840 36677743 1
5300 3075 36677753 1
5433 3349 36677763 1
5576 3664 36677773 1
5695 3818 36677783 1
5761 3865 36677793 1
5791 3750 36677803 1
5784 3542 36677813 1
5784 3273 36677823 1
5779 3011 36677833 1
5811 2810 36677843 1
5830 2650 36677853 1
5839 2549 36677863 1
5858 2530 36677873 1
5903 2566 36677883 1
5964 2678 36677893 1
6033 2830 36677903 1
6128 3008 36677913 1
6241 3222 36677923 1
6369 3364 36677933 1
6484 3459 36677943 1
6541 3379 36677953 1
6563 3217 36677963 1
6568 3001 36677973 1
6575 2834 36677983 1
6601 2709 36677993 1
6637 2613 36678003 1
6698 2592 36678013 1
6835 2668 36678023 1
7022 2810 36678033 1
7194 2965 36678033 1
7354 3138 36678043 1
7506 3323 36678053 1
7652 3499 36678063 1
7776 3567 36678073 1
7886 3567 36678083 1
7991 3455 36678093 1
8093 3263 36678103 1
8193 3015 36678113 1
8296 2783 36678123 1
8324 2546 36678133 1
8303 2378 36678143 1
8249 2257 36678153 1
8191 2215 36678163 1
