134
2440 4945 40990811 0
2208 4820 40990821 1
2027 4786 40990831 1
1906 4720 40990841 1
1824 4653 40990851 1
1767 4605 40990861 1
1725 4571 40990871 1
1693 4599 40990881 1
1647 4622 40990891 1
1600 4638 40990901 1
1553 4650 40990911 1
1517 4650 40990921 1
1508 4650 40990931 1
1518 4657 40990941 1
1595 4708 40990951 1
1825 4790 40990961 1
2158 4971 40990971 1
2581 5168 40990981 1
3096 5376 40990991 1
3672 5543 40991001 1
4281 5657 40991011 1
4789 5736 40991021 1
5229 5825 40991031 1
5588 5907 40991041 1
5822 5960 40991051 1
5973 5996 40991061 1
6051 6014 40991071 1
6059 6009 40991081 1
5888 5935 40991112 0
5474 5850 40991122 1
5274 5841 40991132 1
5080 5828 40991142 1
4945 5777 40991152 1
4846 5702 40991162 1
4775 5571 40991172 1
4724 5347 40991182 1
4687 5060 40991192 1
4659 4707 40991202 1
4668 4307 40991212 1
4702 3877 40991222 1
4737 3499 40991232 1
4784 3165 40991242 1
4840 2861 40991252 1
4897 2630 40991262 1
4954 2483 40991272 1
5008 2392 40991282 1
5041 2342 40991292 1
5061 2322 40991302 1
5075 2322 40991312 1
5094 2359 40991322 1
5122 2463 40991332 1
5170 2612 40991342 1
5230 2826 40991352 1
5361 3390 40991372 0
5556 3931 40991382 1
5669 4138 40991392 1
5788 4300 40991402 1
5912 4430 40991412 1
6016 4538 40991422 1
6110 4576 40991432 1
6198 4562 40991442 1
6288 4513 40991452 1
6349 4396 40991462 1
6390 4243 40991472 1
6379 4067 40991482 1
6311 3909 40991492 1
6205 3750 40991502 1
6091 3615 40991512 1
5978 3496 40991522 1
5895 3404 40991532 1
5831 3340 40991542 1
5805 3294 40991552 1
5794 3242 40991562 1
5794 3160 40991572 1
5816 3059 40991582 1
5850 2965 40991592 1
5892 2902 40991602 1
5933 2859 40991612 1
5975 2853 40991622 1
6021 2901 40991632 1
6106 2985 40991642 1
6215 3121 40991652 1
6335 3272 40991662 1
6448 3432 40991672 1
6516 3537 40991682 1
6557 3552 40991692 1
6570 3507 40991702 1
6580 3401 40991712 1
6589 3223 40991722 1
6621 2997 40991732 1
6662 2880 40991742 1
6710 2793 40991752 1
6756 2725 40991762 1
6808 2694 40991772 1
6871 2717 40991782 1
6956 2776 40991792 1
7056 2876 40991802 1
7143 2986 40991812 1
7230 3103 40991823 1
7325 3247 40991833 1
7425 3341 40991843 1
7483 3402 40991853 1
7516 3395 40991863 1
7533 3317 40991873 1
7533 3193 40991883 1
7525 3035 40991893 1
7518 2891 40991903 1
7524 2756 40991913 1
7551 2683 40991923 1
7592 2651 40991933 1
7642 2646 40991943 1
7721 2680 40991953 1
7819 2751 40991963 1
7923 2846 40991973 1
8025 2955 40991983 1
8128 3115 40991993 1
8235 3310 40992003 1
8346 3544 40992013 1
8432 3718 40992023 1
8500 3851 40992033 1
8519 3866 40992043 1
8534 3833 40992053 1
8547 3769 40992063 1
8547 3655 40992073 1
8539 3502 40992083 1
8525 3322 40992093 1
8518 3119 40992103 1
8511 2939 40992113 1
8522 2774 40992123 1
8545 2630 40992133 1
8563 2523 40992143 1
8598 2440 40992153 1
8644 2425 40992163 1
8690 2431 40992173 1
