111
2520 5726 36681778 0
2313 5541 36681788 1
2197 5546 36681798 1
2126 5623 36681808 1
2086 5623 36681818 1
2104 5628 36681828 1
2233 5695 36681838 1
2437 5807 36681848 1
2836 5999 36681858 1
3314 6119 36681868 1
3844 6190 36681878 1
4355 6176 36681888 1
4817 6142 36681898 1
5245 6096 36681908 1
5595 6059 36681919 1
5831 6059 36681929 1
5991 6086 36681939 1
6070 6113 36681949 1
6082 6132 36681959 1
6050 6147 36681969 1
5926 6164 36681979 1
5711 6158 36681989 1
5436 6136 36681999 1
5166 6085 36682009 1
4910 6003 36682019 1
4695 5901 36682029 1
4503 5777 36682039 1
4381 5657 36682049 1
4303 5539 36682059 1
4254 5339 36682069 1
4214 5043 36682079 1
4214 4682 36682089 1
4232 4300 36682099 1
4267 3876 36682109 1
4305 3425 36682119 1
4357 3055 36682129 1
4418 2801 36682139 1
4463 2625 36682149 1
4496 2562 36682159 1
4521 2524 36682169 1
4542 2503 36682179 1
4568 2510 36682189 1
4645 2603 36682199 1
5461 4683 36682289 0
5910 4811 36682299 1
6064 4974 36682309 1
6221 5011 36682319 1
6389 4963 36682329 1
6562 4941 36682339 1
6723 4925 36682349 1
6834 4913 36682359 1
6912 4905 36682369 1
6904 4885 36682379 1
6154 4697 36682429 0
5805 4527 36682429 1
5716 4447 36682439 1
5653 4246 36682449 1
5619 4024 36682459 1
5611 3787 36682469 1
5620 3520 36682479 1
5632 3270 36682489 1
5645 3032 36682499 1
5660 2837 36682509 1
5707 2765 36682519 1
5774 2774 36682529 1
5857 2832 36682539 1
5940 2950 36682549 1
6027 3107 36682559 1
6247 3574 36682590 0
6500 3993 36682600 1
6570 3993 36682610 1
6601 3907 36682620 1
6623 3711 36682630 1
6631 3450 36682640 1
6631 3147 36682650 1
6617 2797 36682660 1
6609 2587 36682670 1
6637 2470 36682680 1
6688 2470 36682690 1
6759 2531 36682700 1
6858 2627 36682710 1
6975 2818 36682720 1
7056 3008 36682730 1
7137 3193 36682740 1
7199 3375 36682750 1
7247 3436 36682760 1
7263 3416 36682770 1
7278 3314 36682790 1
7291 3146 36682800 1
7296 2933 36682810 1
7296 2739 36682820 1
7286 2604 36682830 1
7286 2509 36682840 1
7319 2496 36682850 1
7375 2583 36682860 1
7519 2736 36682870 1
7700 2953 36682880 1
7905 3195 36682890 1
8103 3454 36682900 1
8302 3711 36682910 1
8429 3811 36682920 1
8506 3806 36682930 1
8535 3646 36682940 1
8566 3400 36682950 1
8600 3096 36682960 1
8653 2740 36682970 1
8718 2454 36682980 1
8742 2215 36682990 1
8769 2126 36683000 1
8779 2094 36683010 1
8779 2101 36683020 1
