148
1293 5476 71561950 0
1223 5438 71561960 1
1138 5446 71561970 1
1104 5470 71561980 1
1091 5470 71561990 1
1091 5477 71562000 1
1112 5482 71562010 1
1173 5502 71562020 1
1260 5531 71562030 1
1398 5563 71562040 1
1585 5607 71562050 1
1805 5659 71562060 1
2050 5719 71562070 1
2368 5796 71562080 1
2735 5884 71562090 1
3047 5973 71562100 1
3391 6044 71562110 1
3756 6102 71562120 1
4006 6138 71562130 1
4257 6157 71562140 1
4449 6166 71562150 1
4602 6155 71562160 1
4699 6139 71562170 1
4736 6118 71562180 1
4736 6093 71562190 1
4668 6065 71562200 1
4554 6028 71562210 1
4408 5983 71562220 1
4245 5931 71562230 1
4076 5862 71562240 1
3902 5782 71562250 1
3757 5700 71562260 1
3612 5610 71562270 1
3492 5481 71562280 1
3388 5330 71562290 1
3290 5155 71562300 1
3193 4941 71562310 1
3099 4702 71562320 1
3020 4471 71562330 1
2951 4185 71562340 1
2923 3862 71562350 1
2901 3560 71562360 1
2913 3271 71562370 1
2946 2991 71562380 1
2966 2794 71562390 1
2998 2652 71562400 1
3039 2547 71562410 1
3071 2503 71562420 1
3103 2491 71562430 1
3130 2501 71562440 1
4617 3647 71562641 0
4580 3631 71562651 1
4545 3663 71562661 1
4491 3707 71562671 1
4473 3760 71562681 1
4460 3834 71562691 1
4460 3918 71562701 1
4484 3990 71562711 1
4531 4057 71562721 1
4596 4114 71562731 1
4665 4166 71562741 1
4748 4214 71562751 1
4838 4259 71562761 1
4917 4299 71562771 1
4996 4333 71562781 1
5076 4359 71562791 1
5148 4374 71562801 1
5215 4362 71562811 1
5255 4332 71562821 1
5268 4268 71562831 1
5263 4171 71562841 1
5240 4053 71562851 1
5199 3914 71562861 1
5146 3758 71562871 1
5088 3590 71562881 1
5034 3427 71562891 1
4988 3260 71562901 1
4950 3090 71562911 1
4930 2945 71562921 1
4921 2824 71562931 1
4931 2718 71562941 1
4947 2654 71562951 1
4974 2624 71562961 1
5011 2618 71562971 1
5056 2632 71562981 1
5110 2669 71562991 1
5172 2721 71563001 1
5233 2797 71563011 1
5293 2882 71563021 1
5363 2973 71563031 1
5433 3080 71563041 1
5502 3199 71563051 1
5569 3325 71563061 1
5635 3450 71563071 1
5701 3543 71563081 1
5755 3616 71563091 1
5802 3639 71563101 1
5828 3639 71563111 1
5843 3613 71563121 1
5850 3557 71563131 1
5873 3496 71563141 1
5896 3422 71563151 1
5920 3338 71563161 1
5946 3248 71563171 1
5974 3176 71563181 1
6005 3116 71563191 1
6038 3079 71563201 1
6068 3064 71563202 1
6100 3064 71563212 1
6133 3085 71563222 1
6174 3142 71563232 1
6235 3223 71563242 1
6308 3335 71563252 1
6390 3445 71563262 1
6473 3524 71563272 1
6547 3584 71563282 1
6614 3606 71563292 1
6664 3591 71563302 1
6702 3552 71563312 1
6732 3480 71563322 1
6764 3407 71563332 1
6798 3336 71563342 1
6838 3277 71563352 1
6882 3224 71563362 1
6928 3204 71563372 1
6988 3217 71563382 1
7058 3251 71563392 1
7146 3323 71563402 1
7239 3417 71563412 1
7342 3526 71563422 1
7440 3625 71563432 1
7532 3709 71563442 1
7623 3783 71563452 1
7686 3825 71563462 1
7731 3837 71563472 1
7784 3829 71563482 1
7838 3805 71563492 1
7894 3759 71563502 1
7946 3698 71563512 1
7994 3615 71563522 1
8016 3488 71563532 1
8023 3331 71563542 1
8023 3140 71563552 1
8000 2948 71563562 1
7985 2753 71563572 1
7966 2581 71563582 1
7943 2425 71563592 1
7908 2271 71563602 1
