112
1570 5788 36688969 0
1541 5708 36688979 1
1541 5759 36688989 1
1630 5840 36688999 1
1873 5887 36689009 1
2217 5934 36689019 1
2632 5959 36689029 1
3181 5969 36689039 1
3819 5975 36689049 1
4402 6007 36689059 1
4880 6057 36689069 1
5287 6140 36689079 1
5537 6185 36689089 1
5683 6205 36689099 1
5760 6205 36689109 1
5774 6205 36689119 1
5742 6205 36689129 1
5679 6194 36689139 1
5528 6155 36689149 1
5528 6155 36689169 0
4872 5975 36689179 1
4693 5917 36689189 1
4534 5861 36689199 1
4428 5774 36689209 1
4350 5637 36689219 1
4290 5468 36689229 1
4254 5174 36689239 1
4238 4811 36689249 1
4238 4402 36689259 1
4275 3938 36689269 1
4316 3548 36689279 1
4358 3208 36689289 1
4397 2853 36689299 1
4437 2633 36689309 1
4468 2502 36689319 1
4493 2384 36689329 1
4520 2334 36689329 1
4576 2334 36689339 1
4947 4175 36689429 0
5362 4449 36689439 1
5572 4618 36689449 1
5655 4709 36689459 1
5776 4731 36689469 1
5923 4707 36689479 1
6091 4689 36689489 1
6265 4674 36689499 1
6444 4653 36689509 1
6520 4631 36689519 1
6490 4587 36689529 1
6389 4529 36689539 1
6007 4394 36689570 0
5568 4315 36689580 1
5429 4262 36689590 1
5327 4180 36689600 1
5250 4056 36689610 1
5206 3882 36689620 1
5184 3674 36689630 1
5193 3451 36689640 1
5219 3205 36689650 1
5255 2944 36689660 1
5305 2738 36689670 1
5361 2621 36689680 1
5428 2564 36689690 1
5502 2564 36689700 1
5586 2631 36689710 1
5682 2734 36689720 1
5788 2896 36689730 1
5982 3340 36689760 0
6176 3681 36689770 1
6244 3681 36689780 1
6290 3604 36689790 1
6334 3444 36689800 1
6373 3227 36689810 1
6408 2943 36689820 1
6438 2693 36689830 1
6470 2466 36689840 1
6504 2324 36689850 1
6575 2278 36689860 1
6671 2295 36689870 1
6802 2398 36689880 1
6932 2546 36689890 1
7061 2724 36689900 1
7158 2921 36689910 1
7240 3101 36689920 1
7313 3271 36689930 1
7334 3284 36689940 1
7320 3193 36689950 1
7282 3033 36689960 1
7245 2856 36689970 1
7230 2713 36689980 1
7230 2593 36689990 1
7244 2528 36690000 1
7300 2528 36690010 1
7383 2562 36690020 1
7548 2707 36690030 1
7739 2893 36690040 1
7947 3106 36690050 1
8101 3338 36690060 1
8237 3569 36690070 1
8360 3800 36690080 1
8407 3825 36690090 1
8420 3722 36690100 1
8409 3535 36690110 1
8425 3301 36690120 1
8468 3028 36690130 1
8528 2728 36690140 1
8579 2511 36690150 1
8603 2344 36690160 1
8609 2211 36690170 1
8624 2161 36690180 1
8656 2179 36690190 1
8700 2243 36690200 1
