196
2833 6298 286842 0
2862 6506 286852 1
2841 6631 286862 1
2841 6648 286872 1
2841 6653 286882 1
2848 6653 286892 1
2864 6640 286902 1
2902 6575 286912 1
2954 6473 286922 1
3024 6251 286932 1
3098 5968 286942 1
3177 5645 286952 1
3256 5381 286962 1
3336 5258 286972 1
3439 5229 286982 1
3581 5284 286992 1
3749 5429 287002 1
3894 5634 287012 1
4030 5858 287022 1
4160 6081 287032 1
4250 6229 287042 1
4290 6329 287052 1
3882 6114 287122 0
3852 5853 287132 1
3830 5748 287142 1
3785 5598 287152 1
3811 5448 287162 1
3839 5297 287172 1
3839 5297 287182 5
3917 4935 287192 5
3959 4727 287202 5
4006 4566 287212 5
4051 4456 287222 5
4086 4379 287232 5
4114 4346 287242 5
4231 5614 287333 0
4389 5807 287343 1
4423 5839 287353 1
4473 5858 287363 1
4473 5858 287373 5
4652 5957 287383 5
4762 6011 287393 5
4863 6072 287403 5
4958 6139 287413 5
5053 6203 287423 5
5123 6241 287433 5
5123 6241 287443 4
5188 6261 287453 4
4954 6094 287513 0
4931 5994 287523 5
4899 5941 287533 5
4885 5870 287543 5
4885 5777 287553 5
4873 5644 287563 5
4873 5485 287573 5
4886 5290 287583 5
4915 5114 287593 5
4971 4952 287603 5
5047 4864 287613 5
5137 4839 287623 5
5262 4856 287633 5
5386 4942 287643 5
5510 5073 287653 5
5627 5233 287663 5
5707 5368 287673 5
5761 5471 287683 5
5386 5659 287743 0
5164 5542 287753 1
5078 5483 287763 1
5014 5440 287773 1
4998 5408 287783 1
5008 5408 287793 1
5035 5408 287803 1
5104 5436 287813 1
5217 5479 287823 1
5359 5564 287833 1
5495 5659 287843 1
5628 5760 287853 1
5759 5851 287863 1
5879 5942 287873 1
6115 6141 287934 0
6115 6141 287944 1
6090 6071 287954 1
6071 6015 287964 1
6071 5941 287974 1
6079 5815 287984 1
6096 5669 287994 1
6117 5510 288004 1
6155 5326 288014 1
6202 5197 288024 1
6264 5105 288034 1
6327 5063 288044 1
6394 5090 288054 1
6468 5162 288064 1
6553 5310 288074 1
6643 5458 288084 1
6725 5606 288094 1
6725 5606 288114 0
6840 5913 288124 1
6835 5913 288134 1
6819 5880 288144 1
6819 5831 288154 1
6810 5727 288164 1
6803 5623 288174 1
6818 5518 288184 1
6833 5414 288194 1
6867 5310 288204 1
6912 5246 288214 1
6949 5219 288224 1
6976 5219 288234 1
6997 5231 288244 1
7004 5274 288254 1
7004 5336 288264 1
7004 5428 288274 1
6999 5542 288284 1
6999 5670 288294 1
6999 5807 288304 1
7009 5917 288314 1
7021 6009 288324 1
7030 6016 288334 1
7038 5988 288344 1
7062 5937 288354 1
7090 5835 288364 1
7126 5733 288374 1
7178 5632 288384 1
7239 5550 288394 1
7320 5480 288404 1
7406 5430 288414 1
7500 5415 288424 1
7584 5423 288434 1
7662 5459 288444 1
7719 5506 288454 1
7751 5561 288464 1
7765 5621 288474 1
7760 5693 288484 1
7750 5774 288494 1
7737 5865 288504 1
7729 5951 288514 1
7723 5988 288524 1
7723 5993 288534 1
7731 5979 288544 1
7760 5923 288554 1
7803 5838 288564 1
7878 5769 288574 1
7958 5725 288584 1
8063 5698 288594 1
8183 5710 288604 1
8323 5772 288614 1
8449 5867 288624 1
8565 5971 288634 1
8633 6059 288644 1
8667 6136 288654 1
8679 6192 288664 1
8660 6244 288674 1
8619 6289 288684 1
8562 6311 288694 1
8479 6319 288704 1
8371 6284 288714 1
8246 6206 288724 1
8130 6099 288734 1
8034 5963 288744 1
7950 5822 288754 1
7909 5677 288764 1
7922 5592 288774 1
7971 5546 288784 1
8066 5526 288794 1
8207 5558 288804 1
8378 5630 288814 1
8545 5728 288824 1
8681 5833 288834 1
8796 5933 288844 1
8875 5988 288854 1
8914 6016 288864 1
8925 6016 288874 1
8925 5972 288884 1
8925 5903 288894 1
8917 5784 288904 1
8908 5621 288914 1
8922 5430 288924 1
8950 5180 288934 1
8983 4922 288944 1
9015 4659 288954 1
9045 4449 288964 1
9079 4261 288974 1
9113 4087 288984 1
9149 3987 288994 1
9194 3914 289004 1
9243 3858 289014 1
9281 3840 289024 1
9300 3835 289034 1
9305 3835 289044 1
9305 3835 289054 1
9305 3841 289064 1
9305 3853 289074 1
9282 3872 289084 1
9260 3907 289094 1
