427
3774 5880 412893 0
3774 5880 412903 1
3774 5880 412913 1
3774 5880 412923 1
3774 5880 412933 1
3774 5880 412943 1
3774 5880 412953 1
3774 5880 412963 1
3774 5880 412973 1
3774 5880 412983 1
3774 5880 412993 1
3777 5816 413003 1
3777 5771 413013 1
3783 5721 413023 1
3783 5672 413033 1
3783 5626 413043 1
3791 5576 413053 1
3796 5521 413063 1
3802 5456 413073 1
3809 5384 413083 1
3820 5297 413093 1
3835 5200 413103 1
3851 5117 413113 1
3864 5055 413123 1
3876 5007 413133 1
3891 4968 413143 1
3907 4936 413153 1
3926 4909 413163 1
3950 4889 413173 1
3979 4871 413183 1
4021 4860 413193 1
4070 4860 413203 1
4136 4860 413213 1
4201 4876 413223 1
4266 4895 413233 1
4329 4919 413243 1
4392 4953 413253 1
4457 4999 413263 1
4520 5053 413273 1
4575 5121 413283 1
4626 5196 413293 1
4667 5282 413303 1
4704 5377 413313 1
4737 5478 413323 1
4771 5574 413333 1
4797 5663 413343 1
4817 5747 413353 1
4835 5819 413363 1
4853 5870 413373 1
4864 5907 413383 1
4871 5934 413393 1
4871 5957 413403 1
4862 5975 413413 1
4845 5994 413423 1
4817 6013 413433 1
4785 6027 413443 1
4749 6040 413453 1
4719 6054 413463 1
4683 6063 413473 1
4653 6069 413483 1
4628 6069 413493 1
4595 6061 413503 1
4561 6044 413513 1
4527 6017 413523 1
4490 5981 413533 1
4454 5939 413543 1
4422 5893 413553 1
4392 5844 413563 1
4369 5792 413573 1
4354 5735 413583 1
4345 5680 413593 1
4339 5625 413603 1
4339 5571 413613 1
4333 5518 413623 1
4333 5458 413633 1
4342 5398 413643 1
4349 5338 413653 1
4357 5279 413663 1
4371 5216 413673 1
4388 5148 413683 1
4409 5072 413693 1
4436 4993 413703 1
4466 4915 413713 1
4501 4826 413723 1
4541 4730 413733 1
4581 4648 413743 1
4621 4567 413753 1
4664 4474 413763 1
4712 4372 413773 1
4753 4274 413783 1
4790 4193 413793 1
4817 4123 413803 1
4842 4063 413813 1
4865 4008 413823 1
4886 3960 413833 1
4902 3926 413843 1
4914 3902 413853 1
4922 3887 413863 1
4922 3877 413873 1
4928 3877 413883 1
4928 3877 413893 1
4928 3877 413903 1
4928 3877 413913 1
4928 3877 413923 1
4928 3877 413933 1
4928 3877 413943 1
4928 3877 413953 1
4928 3877 413963 1
4928 3884 413973 1
4928 3894 413983 1
4928 3907 413993 1
4928 3921 414003 1
4923 3933 414013 1
4923 3946 414023 1
4760 4919 416739 0
4760 4919 416749 1
4760 4919 416759 1
4760 4919 416769 1
4760 4919 416779 1
4760 4919 416789 1
4760 4919 416799 1
4760 4919 416809 1
4760 4919 416819 1
4809 5008 416829 1
4826 5052 416839 1
4848 5099 416849 1
4876 5150 416859 1
4911 5207 416869 1
4953 5267 416879 1
5001 5329 416889 1
5055 5392 416899 1
5112 5456 416909 1
5174 5524 416919 1
5237 5591 416929 1
5298 5652 416939 1
5348 5709 416949 1
5391 5761 416959 1
5425 5800 416969 1
5450 5830 416979 1
5469 5849 416989 1
5480 5857 416999 1
5480 5857 417009 1
5480 5857 417019 1
5480 5857 417029 1
5471 5847 417039 1
5462 5829 417049 1
5444 5794 417059 1
5425 5748 417069 1
5406 5702 417079 1
5386 5651 417089 1
5366 5601 417099 1
5348 5554 417109 1
5331 5505 417119 1
5317 5455 417129 1
5303 5395 417139 1
5290 5329 417149 1
5277 5260 417159 1
5265 5195 417169 1
5254 5137 417179 1
5246 5087 417189 1
5240 5039 417199 1
5240 4993 417209 1
5234 4947 417219 1
5234 4901 417229 1
5234 4852 417239 1
5234 4801 417249 1
5234 4750 417259 1
5234 4708 417269 1
5234 4671 417279 1
5234 4643 417289 1
5234 4620 417299 1
5234 4601 417309 1
5240 4589 417319 1
5246 4578 417329 1
5255 4571 417339 1
5271 4566 417349 1
5289 4566 417359 1
5309 4566 417369 1
5334 4566 417379 1
5359 4575 417389 1
5387 4588 417399 1
5421 4608 417409 1
5461 4636 417419 1
5505 4675 417429 1
5553 4721 417439 1
5605 4779 417449 1
5658 4844 417459 1
5706 4905 417469 1
5751 4971 417479 1
5790 5042 417489 1
5822 5113 417499 1
5848 5179 417509 1
5863 5243 417519 1
5863 5303 417529 1
5863 5349 417539 1
5852 5385 417549 1
5836 5409 417559 1
5814 5423 417569 1
5789 5431 417579 1
5764 5440 417589 1
5727 5446 417599 1
5682 5441 417609 1
5644 5430 417619 1
5606 5408 417629 1
5566 5377 417639 1
5525 5340 417649 1
5485 5294 417659 1
5442 5239 417669 1
5397 5177 417679 1
5351 5122 417689 1
5305 5069 417699 1
5262 5019 417709 1
5223 4969 417719 1
5189 4922 417729 1
5165 4876 417739 1
5151 4847 417749 1
5151 4835 417759 1
5168 4835 417769 1
5187 4843 417779 1
5209 4854 417789 1
5237 4882 417799 1
5268 4922 417809 1
5317 4981 417819 1
5377 5064 417829 1
5449 5162 417839 1
5524 5275 417849 1
5605 5378 417859 1
5682 5475 417869 1
5758 5552 417879 1
5830 5620 417889 1
5893 5681 417899 1
5951 5735 417909 1
6013 5784 417919 1
6073 5830 417929 1
6124 5859 417939 1
6168 5876 417949 1
6188 5886 417959 1
6194 5886 417969 1
6194 5876 417979 1
6185 5843 417989 1
6170 5794 417999 1
6150 5742 418009 1
6134 5687 418019 1
6119 5627 418029 1
6108 5571 418039 1
6108 5519 418049 1
6108 5462 418059 1
6119 5403 418069 1
6129 5339 418079 1
6139 5272 418089 1
6153 5207 418099 1
6170 5153 418109 1
6190 5115 418119 1
6213 5087 418129 1
6236 5074 418139 1
6260 5066 418149 1
6287 5066 418159 1
6320 5075 418169 1
6359 5096 418179 1
6404 5125 418189 1
6449 5148 418199 1
6493 5195 418209 1
6539 5257 418219 1
6584 5331 418229 1
6624 5407 418239 1
6662 5488 418249 1
6694 5563 418259 1
6715 5635 418269 1
6728 5701 418279 1
6739 5767 418289 1
6744 5820 418299 1
6744 5865 418309 1
6749 5891 418319 1
6749 5902 418329 1
6749 5902 418339 1
6749 5902 418349 1
6749 5902 418359 1
6749 5902 418369 1
6740 5890 418379 1
6730 5853 418389 1
6720 5800 418399 1
6710 5732 418409 1
6710 5664 418419 1
6710 5596 418429 1
6717 5528 418439 1
6729 5468 418449 1
6746 5414 418459 1
6772 5364 418469 1
6804 5328 418479 1
6831 5301 418489 1
6860 5274 418499 1
6879 5261 418509 1
6890 5261 418519 1
6900 5261 418529 1
6908 5261 418539 1
6915 5277 418549 1
6921 5296 418559 1
6921 5321 418569 1
6921 5352 418579 1
6913 5390 418589 1
6898 5440 418599 1
6877 5500 418609 1
6837 5571 418619 1
6802 5643 418629 1
6769 5707 418639 1
6737 5766 418649 1
6725 5808 418659 1
6718 5847 418669 1
6718 5870 418679 1
6725 5884 418689 1
6737 5899 418699 1
6756 5918 418709 1
6784 5940 418719 1
6821 5955 418729 1
6866 5967 418739 1
6920 5967 418749 1
6979 5967 418759 1
7039 5933 418769 1
7097 5888 418779 1
7153 5835 418789 1
7210 5780 418799 1
7269 5737 418809 1
7329 5702 418819 1
7388 5674 418829 1
7432 5652 418839 1
7468 5633 418849 1
7492 5621 418859 1
7512 5615 418869 1
7530 5615 418879 1
7555 5615 418889 1
7578 5632 418899 1
7594 5655 418909 1
7606 5680 418919 1
7615 5721 418929 1
7620 5772 418939 1
7620 5838 418949 1
7615 5913 418959 1
7604 5994 418969 1
7589 6070 418979 1
7571 6143 418989 1
7551 6204 418999 1
7530 6257 419009 1
7511 6304 419019 1
7489 6351 419029 1
7461 6379 419039 1
7430 6396 419049 1
7402 6396 419059 1
7374 6391 419069 1
7358 6385 419079 1
7351 6385 419089 1
7351 6380 419099 1
7351 6380 419109 1
7351 6373 419119 1
7357 6359 419129 1
7377 6344 419139 1
7406 6330 419149 1
7446 6316 419159 1
7499 6308 419169 1
7560 6303 419179 1
7632 6311 419189 1
7705 6329 419199 1
7783 6353 419209 1
7860 6388 419219 1
7936 6432 419229 1
8008 6483 419239 1
8082 6537 419249 1
8155 6598 419259 1
8231 6664 419269 1
8307 6729 419279 1
8371 6793 419289 1
8427 6855 419299 1
8459 6908 419309 1
8478 6952 419319 1
8487 6985 419329 1
8482 7013 419339 1
8466 7037 419349 1
8443 7055 419359 1
8396 7066 419369 1
8340 7061 419379 1
8279 7047 419389 1
8214 7024 419399 1
8150 6984 419409 1
8091 6934 419419 1
8038 6861 419429 1
7990 6777 419439 1
7943 6687 419449 1
7899 6598 419459 1
7862 6512 419469 1
7857 6446 419479 1
7872 6393 419489 1
7909 6361 419499 1
7948 6347 419509 1
7989 6347 419519 1
8045 6355 419529 1
8104 6384 419539 1
8169 6426 419549 1
8236 6472 419559 1
8294 6518 419569 1
8347 6562 419579 1
8390 6607 419589 1
8433 6652 419599 1
8474 6697 419609 1
8514 6735 419619 1
8544 6771 419629 1
8561 6789 419639 1
8568 6796 419649 1
8568 6796 419659 1
8568 6796 419669 1
8568 6770 419679 1
8560 6733 419689 1
8548 6631 419699 1
8530 6523 419709 1
8530 6412 419719 1
8530 6267 419729 1
8530 6099 419739 1
8530 5916 419749 1
8535 5727 419759 1
8535 5586 419769 1
8548 5477 419779 1
8563 5386 419789 1
8583 5293 419799 1
8604 5226 419809 1
8626 5177 419819 1
8639 5121 419829 1
8645 5089 419839 1
8652 5074 419849 1
8652 5052 419859 1
