197
3011 6598 298248 0
3001 6742 298258 1
2950 6841 298268 1
2950 6876 298278 1
2950 6868 298288 1
2982 6834 298298 1
3032 6702 298308 1
3097 6505 298318 1
3163 6205 298328 1
3234 5900 298338 1
3312 5699 298348 1
3402 5570 298358 1
3523 5541 298368 1
3664 5607 298378 1
3834 5737 298388 1
4010 5995 298398 1
4186 6254 298408 1
4359 6514 298418 1
4463 6675 298428 1
4515 6768 298438 1
4531 6816 298448 1
4196 6488 298509 0
4085 6248 298519 1
4035 6139 298529 1
3996 6036 298539 1
3987 5909 298549 1
3995 5762 298559 1
4017 5602 298569 1
4056 5406 298579 1
4107 5178 298589 1
4160 4930 298599 1
4213 4700 298609 1
4257 4561 298619 1
4293 4482 298629 1
4326 4456 298639 1
4358 4478 298649 1
4408 5500 298729 0
4540 5750 298739 1
4563 5798 298749 1
4623 5805 298759 1
4707 5850 298769 1
4813 5920 298779 1
4919 5982 298789 1
5025 6055 298799 1
5149 6136 298809 1
5259 6210 298819 1
5359 6260 298829 1
5412 6295 298839 1
5258 6184 298909 0
5178 6076 298919 1
5126 6004 298929 1
5097 5914 298939 1
5083 5813 298949 1
5072 5688 298959 1
5063 5531 298969 1
5074 5354 298979 1
5097 5148 298989 1
5144 4985 298999 1
5213 4851 299009 1
5297 4781 299019 1
5401 4768 299029 1
5507 4794 299039 1
5618 4885 299049 1
5722 5003 299059 1
5820 5140 299069 1
5871 5244 299079 1
5265 5395 299160 0
5166 5250 299170 1
5129 5227 299180 1
5092 5234 299190 1
5129 5241 299200 1
5198 5275 299210 1
5288 5327 299220 1
5410 5419 299230 1
5547 5527 299240 1
5693 5646 299250 1
5837 5747 299260 1
5969 5843 299270 1
6379 6104 299350 0
6412 5999 299360 1
6369 5941 299370 1
6361 5846 299380 1
6368 5728 299390 1
6385 5608 299400 1
6416 5453 299410 1
6452 5276 299420 1
6496 5136 299430 1
6557 5046 299440 1
6630 4990 299450 1
6721 4980 299460 1
6813 5036 299470 1
6901 5137 299480 1
6971 5290 299490 1
7031 5443 299500 1
7068 5596 299510 1
7089 5714 299520 1
7098 5781 299530 1
7098 5814 299540 1
7104 5805 299550 1
7104 5791 299560 1
7125 5721 299570 1
7155 5616 299580 1
7193 5498 299590 1
7239 5372 299600 1
7281 5241 299610 1
7321 5168 299620 1
7363 5126 299630 1
7403 5104 299640 1
7442 5104 299650 1
7486 5134 299660 1
7523 5175 299670 1
7554 5235 299680 1
7571 5316 299690 1
7571 5411 299700 1
7556 5510 299710 1
7518 5607 299720 1
7472 5704 299730 1
7420 5769 299740 1
7376 5804 299750 1
7333 5820 299760 1
7311 5820 299770 1
7303 5807 299780 1
7319 5750 299790 1
7338 5664 299800 1
7371 5566 299810 1
7411 5481 299820 1
7453 5404 299830 1
7496 5358 299840 1
7542 5344 299850 1
7590 5351 299860 1
7643 5394 299870 1
7694 5459 299880 1
7739 5540 299890 1
7779 5623 299900 1
7818 5707 299910 1
7860 5793 299920 1
7888 5833 299930 1
7907 5828 299940 1
7937 5793 299950 1
7986 5722 299960 1
8048 5648 299970 1
8127 5595 299980 1
8223 5557 299990 1
8330 5557 300000 1
8427 5607 300010 1
8517 5686 300020 1
8601 5779 300030 1
8664 5883 300040 1
8707 5994 300050 1
8737 6072 300060 1
8737 6122 300070 1
8714 6153 300080 1
8675 6163 300090 1
8616 6134 300100 1
8553 6080 300110 1
8488 6009 300120 1
8442 5938 300130 1
8427 5877 300140 1
8433 5822 300150 1
8471 5768 300160 1
8536 5721 300170 1
8619 5680 300180 1
8712 5660 300190 1
8809 5671 300200 1
8912 5703 300210 1
9002 5778 300220 1
9083 5876 300230 1
9153 5989 300240 1
9208 6079 300250 1
9254 6140 300260 1
9274 6183 300270 1
9274 6183 300280 1
9265 6183 300290 1
9253 6145 300300 1
9245 6083 300310 1
9245 5977 300320 1
9261 5823 300330 1
9288 5638 300340 1
9323 5418 300350 1
9380 5195 300360 1
9437 4970 300370 1
9493 4772 300380 1
9545 4620 300390 1
9594 4498 300400 1
9654 4351 300410 1
9704 4259 300420 1
9746 4205 300430 1
9786 4160 300440 1
9812 4138 300450 1
9829 4131 300460 1
9835 4131 300470 1
9835 4131 300480 1
9823 4142 300490 1
9806 4160 300500 1
9781 4185 300510 1
9751 4220 300520 1
9720 4276 300530 1
