193
3427 5071 719164 2
2395 6228 719454 0
2395 6228 719464 1
2415 6433 719474 1
2415 6516 719484 1
2422 6510 719494 1
2428 6501 719504 1
2460 6410 719514 1
2491 6266 719524 1
2521 5967 719534 1
2551 5662 719544 1
2595 5354 719554 1
2670 5230 719564 1
2761 5230 719574 1
2898 5301 719584 1
3100 5542 719594 1
3344 5837 719604 1
3593 6168 719614 1
3755 6397 719624 1
3859 6556 719634 1
3859 6669 719644 1
3806 6726 719654 1
3714 6687 719664 1
3606 6584 719674 1
3506 6383 719684 1
3411 6195 719694 1
3344 6017 719704 1
3303 5844 719714 1
3278 5703 719724 1
3289 5584 719734 1
3332 5449 719744 1
3397 5262 719754 1
3465 5040 719764 1
3530 4787 719774 1
3583 4590 719784 1
3629 4431 719794 1
3660 4378 719804 1
3563 5427 719905 0
3746 5682 719915 1
3791 5776 719925 1
3844 5835 719935 1
3972 5908 719945 1
4149 5991 719955 1
4258 6067 719965 1
4390 6142 719975 1
4537 6214 719985 1
4634 6258 719995 1
4698 6285 720005 1
4539 6221 720065 0
4466 6057 720075 1
4392 5999 720085 1
4318 5854 720095 1
4271 5714 720105 1
4241 5578 720115 1
4191 5377 720125 1
4173 5171 720135 1
4173 4961 720145 1
4238 4817 720155 1
4342 4749 720165 1
4342 4749 720175 3
4637 4805 720185 3
4804 4928 720195 3
4973 5084 720205 3
5091 5220 720215 3
5144 5323 720225 3
5144 5323 720235 2
5076 5471 720245 2
4940 5492 720255 2
4764 5483 720265 2
4594 5425 720275 2
4594 5425 720285 3
4389 5208 720295 3
4306 5197 720305 3
4268 5184 720315 3
4261 5170 720325 3
4321 5192 720335 3
4428 5251 720345 3
4566 5335 720355 3
4752 5441 720365 3
4926 5549 720375 3
5092 5659 720385 3
5233 5733 720395 3
5233 5733 720405 2
5401 5858 720415 2
5401 5935 720425 2
5374 6011 720435 2
5331 6060 720445 2
5302 6091 720455 2
5302 6091 720465 3
5281 6015 720475 3
5205 5965 720485 3
5178 5895 720495 3
5183 5828 720505 3
5222 5764 720515 3
5263 5653 720525 3
5308 5493 720535 3
5357 5301 720545 3
5406 5096 720555 3
5493 4946 720565 3
5600 4834 720575 3
5719 4790 720585 3
5846 4848 720595 3
5846 4848 720605 2
6039 5134 720615 2
6080 5288 720625 2
6080 5451 720635 2
6069 5622 720645 2
6044 5812 720655 2
6075 5919 720665 2
6075 5919 720676 3
6075 5919 720686 3
6075 5919 720696 3
6075 5919 720706 3
6057 5770 720716 3
6122 5668 720726 3
6167 5568 720736 3
6233 5477 720746 3
6312 5365 720756 3
6401 5239 720766 3
6491 5156 720776 3
6586 5115 720786 3
6683 5101 720796 3
6778 5139 720806 3
6849 5224 720816 3
6907 5340 720826 3
6915 5465 720836 3
6868 5595 720846 3
6783 5728 720856 3
6664 5878 720866 3
6545 5981 720876 3
6460 6054 720886 3
6398 6029 720896 3
6381 5999 720906 3
6400 5961 720916 3
6443 5873 720926 3
6533 5752 720936 3
6667 5682 720946 3
6830 5655 720956 3
7008 5655 720966 3
7191 5710 720976 3
7372 5789 720986 3
7550 5886 720996 3
7646 5959 721006 3
7690 6015 721016 3
7698 6061 721026 3
7666 6118 721036 3
7618 6188 721046 3
7558 6267 721056 3
7493 6291 721066 3
7430 6258 721076 3
7397 6188 721086 3
7384 6120 721096 3
7408 6071 721106 3
7464 6034 721116 3
7542 6024 721126 3
7654 6050 721136 3
7769 6101 721146 3
7889 6161 721156 3
7962 6211 721166 3
8004 6255 721176 3
7996 6247 721186 3
7967 6236 721196 3
7924 6204 721206 3
7883 6160 721216 3
7883 6092 721226 3
7914 6024 721236 3
7972 5955 721246 3
8052 5887 721256 3
8146 5788 721266 3
8261 5670 721276 3
8354 5436 721286 3
8433 5112 721296 3
8513 4729 721306 3
8567 4377 721316 3
8603 4084 721326 3
8636 3830 721336 3
8670 3671 721346 3
8703 3587 721356 3
8725 3552 721366 3
8740 3539 721376 3
8740 3539 721386 3
8740 3539 721396 3
8734 3548 721406 3
8714 3578 721416 3
8692 3623 721426 3
8669 3683 721436 3
8669 3683 721446 2
8716 3883 721456 2
8741 3978 721466 2
8703 4070 721476 2
8670 4160 721486 2
8733 4277 721496 2
8733 4277 721506 2
