207
3112 6005 283397 0
3047 6128 283407 1
3009 6179 283417 1
2981 6208 283427 1
2974 6208 283437 1
2974 6208 283447 1
2990 6143 283457 1
3029 6041 283467 1
3085 5847 283477 1
3169 5636 283487 1
3256 5414 283497 1
3256 5414 283507 5
3485 5184 283517 5
3630 5184 283527 5
3788 5253 283537 5
3955 5402 283547 5
4139 5605 283557 5
4289 5796 283567 5
4416 5985 283577 5
4502 6121 283587 5
4554 6224 283597 5
4584 6300 283607 5
4595 6341 283617 5
4586 6358 283627 5
4586 6358 283637 4
4506 6266 283647 4
4412 6177 283657 4
4295 6078 283667 4
4169 5974 283677 4
4045 5840 283687 4
3964 5687 283697 4
3964 5687 283707 5
3911 5327 283717 5
3890 5152 283727 5
3863 4933 283737 5
3933 4737 283747 5
4007 4556 283757 5
4092 4390 283767 5
4180 4206 283777 5
4262 4010 283787 5
4318 3896 283797 5
4359 3827 283807 5
4388 3788 283817 5
4361 5274 283918 0
4508 5451 283928 1
4532 5507 283938 1
4570 5516 283948 1
4660 5562 283958 1
4660 5562 283968 5
4888 5695 283978 5
5002 5771 283988 5
5134 5855 283998 5
5275 5938 284008 5
5372 5978 284018 5
5372 5978 284028 4
5432 5970 284038 4
5108 5754 284098 0
5108 5754 284108 5
5049 5601 284118 5
4986 5527 284128 5
4975 5431 284138 5
4966 5320 284148 5
4966 5180 284158 5
4966 5010 284168 5
4983 4820 284178 5
5031 4655 284188 5
5100 4541 284198 5
5187 4460 284208 5
5286 4436 284218 5
5392 4460 284228 5
5490 4515 284238 5
5578 4611 284248 5
5658 4720 284258 5
5712 4839 284268 5
5727 4923 284278 5
5717 4995 284288 5
5717 4995 284298 4
5468 5091 284328 0
5235 5001 284338 1
5235 5001 284348 5
5025 4893 284358 5
4982 4855 284368 5
4968 4844 284378 5
4982 4851 284388 5
5050 4874 284398 5
5154 4942 284408 5
5314 5039 284418 5
5477 5179 284428 5
5643 5328 284438 5
5806 5482 284448 5
5806 5482 284458 1
6008 5683 284468 1
6063 5753 284478 1
6088 5793 284488 1
6093 5800 284498 1
6093 5800 284508 5
6062 5749 284518 5
6044 5648 284528 5
6044 5504 284538 5
6070 5316 284548 5
6110 5114 284558 5
6171 4902 284568 5
6237 4705 284578 5
6302 4592 284588 5
6365 4534 284598 5
6365 4534 284608 1
6521 4605 284618 1
6609 4732 284628 1
6704 4888 284638 1
6799 5038 284648 1
6872 5185 284658 1
6931 5333 284668 1
6960 5437 284678 1
6973 5473 284688 1
6973 5465 284698 1
6980 5440 284708 1
6990 5362 284718 1
7011 5249 284728 1
7040 5138 284738 1
7079 5025 284748 1
7124 4936 284758 1
7169 4864 284768 1
7208 4847 284778 1
7243 4864 284788 1
7283 4904 284798 1
7322 4998 284808 1
7356 5108 284818 1
7390 5229 284828 1
7414 5354 284838 1
7432 5465 284848 1
7440 5502 284858 1
7446 5496 284868 1
7451 5456 284878 1
7469 5386 284888 1
7488 5295 284898 1
7507 5224 284908 1
7528 5168 284918 1
7548 5123 284928 1
7567 5096 284938 1
7576 5090 284948 1
7576 5099 284958 1
7584 5138 284968 1
7589 5212 284978 1
7597 5309 284988 1
7610 5441 284998 1
7629 5567 285008 1
7652 5690 285018 1
7676 5709 285028 1
7700 5660 285038 1
7724 5565 285048 1
7765 5404 285058 1
7835 5261 285068 1
7924 5130 285078 1
8005 5032 285088 1
8123 5007 285098 1
8266 5032 285108 1
8404 5118 285118 1
8537 5245 285128 1
8644 5400 285138 1
8735 5537 285148 1
8798 5666 285158 1
8831 5789 285168 1
8845 5927 285178 1
8834 6024 285188 1
8795 6094 285198 1
8737 6105 285208 1
8658 6050 285218 1
8557 5950 285228 1
8441 5821 285238 1
8327 5693 285248 1
8237 5569 285258 1
8164 5463 285268 1
8151 5366 285278 1
8186 5290 285288 1
8252 5230 285298 1
8358 5180 285308 1
8466 5154 285318 1
8580 5154 285328 1
8683 5167 285338 1
8778 5215 285348 1
8859 5279 285358 1
8922 5355 285368 1
8974 5426 285378 1
9007 5494 285388 1
9037 5555 285398 1
9066 5610 285408 1
9103 5657 285418 1
9139 5676 285428 1
9175 5676 285438 1
9204 5649 285448 1
9229 5564 285458 1
9234 5442 285468 1
9249 5244 285478 1
9270 5044 285488 1
9291 4830 285498 1
9316 4607 285508 1
9348 4408 285518 1
9395 4257 285528 1
9452 4137 285538 1
9487 4044 285548 1
9514 3978 285558 1
9536 3929 285568 1
9557 3922 285578 1
9566 3922 285588 1
9566 3922 285598 1
9566 3922 285608 1
9560 3932 285618 1
