206
2625 6775 301813 0
2625 6775 301823 1
2561 7042 301833 1
2575 7085 301843 1
2606 7072 301853 1
2681 7045 301863 1
2786 6930 301873 1
2870 6756 301883 1
2960 6517 301893 1
3060 6261 301903 1
3173 5993 301913 1
3295 5846 301923 1
3422 5784 301933 1
3575 5784 301943 1
3744 5859 301953 1
3894 6012 301963 1
4044 6214 301973 1
4194 6449 301983 1
4294 6625 301993 1
4361 6762 302003 1
4385 6873 302013 1
4376 6939 302023 1
3916 6392 302094 0
3882 6071 302104 1
3873 5878 302114 1
3880 5645 302124 1
3925 5416 302134 1
3976 5170 302144 1
4037 4920 302154 1
4104 4674 302164 1
4176 4510 302174 1
4227 4422 302184 1
4264 4385 302194 1
4290 4396 302204 1
4306 4474 302214 1
4151 5515 302284 0
4305 5840 302294 1
4348 5924 302304 1
4348 5989 302314 1
4435 6046 302324 1
4522 6103 302334 1
4631 6167 302344 1
4752 6235 302354 1
4862 6318 302364 1
4973 6396 302374 1
5066 6470 302384 1
5147 6512 302394 1
5016 6396 302464 0
4970 6264 302474 1
4943 6203 302484 1
4916 6111 302494 1
4908 5999 302504 1
4902 5866 302514 1
4902 5696 302524 1
4902 5501 302534 1
4926 5283 302544 1
4969 5106 302554 1
5044 4956 302564 1
5148 4869 302574 1
5272 4843 302584 1
5395 4858 302594 1
5503 4923 302604 1
5602 5016 302614 1
5668 5128 302624 1
5697 5219 302634 1
5702 5295 302644 1
5240 5497 302715 0
5020 5449 302725 1
4958 5414 302735 1
4925 5383 302745 1
4925 5371 302755 1
4972 5371 302765 1
5045 5388 302775 1
5169 5449 302785 1
5318 5539 302795 1
5484 5659 302805 1
5642 5788 302815 1
5800 5922 302825 1
5921 6037 302835 1
6115 6248 302885 0
6115 6173 302895 1
6098 6108 302905 1
6070 6034 302915 1
6076 5934 302925 1
6097 5821 302935 1
6128 5690 302945 1
6174 5542 302955 1
6224 5384 302965 1
6282 5221 302975 1
6339 5104 302985 1
6393 5019 302995 1
6449 4996 303005 1
6503 5040 303015 1
6556 5129 303025 1
6617 5293 303035 1
6683 5460 303045 1
6733 5628 303055 1
6773 5777 303065 1
6790 5868 303075 1
6796 5921 303085 1
6796 5912 303095 1
6796 5899 303105 1
6830 5825 303115 1
6876 5711 303125 1
6927 5611 303135 1
6979 5508 303145 1
7035 5399 303155 1
7080 5288 303165 1
7118 5227 303175 1
7146 5204 303185 1
7165 5204 303195 1
7178 5224 303205 1
7188 5281 303215 1
7198 5365 303225 1
7208 5482 303235 1
7225 5620 303245 1
7242 5773 303255 1
7251 5930 303265 1
7251 6075 303275 1
7240 6166 303285 1
7224 6225 303295 1
7206 6231 303305 1
7185 6199 303315 1
7166 6141 303325 1
7154 6029 303335 1
7154 5903 303345 1
7154 5769 303355 1
7154 5656 303365 1
7154 5578 303375 1
7154 5524 303385 1
7154 5514 303395 1
7163 5521 303405 1
7172 5539 303415 1
7187 5619 303425 1
7209 5721 303435 1
7236 5838 303445 1
7267 5956 303455 1
7295 6065 303465 1
7322 6129 303475 1
7348 6166 303485 1
7380 6160 303495 1
7416 6101 303505 1
7490 6006 303515 1
7590 5888 303525 1
7706 5769 303535 1
7861 5650 303545 1
8006 5578 303555 1
8145 5535 303565 1
8293 5548 303575 1
8442 5604 303585 1
8577 5689 303595 1
8703 5813 303605 1
8824 5952 303615 1
8917 6102 303625 1
8990 6219 303635 1
9011 6334 303645 1
8993 6445 303655 1
8948 6537 303665 1
8857 6616 303675 1
8742 6646 303685 1
8610 6602 303695 1
8490 6510 303705 1
8374 6373 303715 1
8295 6230 303725 1
8238 6102 303735 1
8229 5986 303745 1
8261 5904 303755 1
8320 5862 303765 1
8423 5846 303775 1
8552 5877 303785 1
8697 5929 303795 1
8854 5996 303805 1
8986 6066 303815 1
9100 6129 303825 1
9161 6162 303835 1
9171 6176 303845 1
9146 6176 303855 1
9077 6156 303865 1
8978 6117 303875 1
8858 6050 303885 1
8732 5983 303895 1
8664 5937 303905 1
8634 5905 303915 1
8652 5888 303925 1
8723 5867 303935 1
8830 5842 303945 1
8973 5779 303955 1
9110 5691 303965 1
9243 5594 303975 1
9381 5426 303985 1
9508 5211 303995 1
9628 5025 304005 1
9731 4824 304015 1
9828 4613 304025 1
9921 4503 304035 1
9993 4413 304045 1
10033 4337 304055 1
10052 4290 304065 1
10052 4244 304075 1
10039 4199 304085 1
10009 4154 304095 1
9968 4120 304105 1
9929 4104 304115 1
9896 4104 304125 1
9871 4120 304135 1
9854 4178 304145 1
