183
3006 6536 290657 0
2958 6625 290667 1
2945 6771 290677 1
2917 6912 290687 1
2930 6945 290697 1
2991 6909 290707 1
3083 6793 290717 1
3188 6602 290727 1
3292 6361 290737 1
3395 6063 290747 1
3516 5826 290757 1
3648 5630 290767 1
3786 5569 290777 1
3920 5592 290787 1
4060 5672 290797 1
4209 5847 290807 1
4353 6061 290817 1
4463 6300 290827 1
4553 6472 290837 1
4594 6574 290847 1
4193 6348 290918 0
4219 6060 290928 1
4171 6002 290938 1
4171 5862 290948 1
4212 5667 290958 1
4254 5520 290968 1
4299 5306 290978 1
4347 5048 290988 1
4399 4779 290998 1
4454 4571 291008 1
4498 4405 291018 1
4533 4311 291028 1
4558 4285 291038 1
4580 5488 291128 0
4792 5624 291138 1
4764 5624 291148 1
4826 5662 291158 1
4905 5720 291168 1
4996 5800 291178 1
5106 5902 291188 1
5231 6019 291198 1
5365 6123 291208 1
5464 6197 291218 1
5430 6202 291278 0
5349 6039 291288 1
5299 5973 291298 1
5258 5887 291308 1
5234 5787 291318 1
5222 5687 291328 1
5206 5547 291338 1
5218 5380 291348 1
5248 5185 291358 1
5317 5021 291368 1
5404 4879 291378 1
5502 4809 291388 1
5616 4804 291398 1
5730 4842 291408 1
5831 4931 291418 1
5922 5040 291428 1
5978 5163 291438 1
5554 5409 291509 0
5367 5264 291519 1
5280 5205 291529 1
5248 5156 291539 1
5248 5149 291549 1
5293 5149 291559 1
5384 5157 291569 1
5507 5217 291579 1
5669 5332 291589 1
5837 5483 291599 1
6008 5629 291609 1
6159 5754 291619 1
6304 5865 291629 1
6538 6196 291679 0
6538 6196 291689 1
6557 6093 291699 1
6515 5954 291709 1
6522 5816 291719 1
6532 5678 291729 1
6548 5524 291739 1
6573 5354 291749 1
6605 5173 291759 1
6656 5057 291769 1
6719 4992 291779 1
6806 4962 291789 1
6894 4998 291799 1
6986 5098 291809 1
7076 5241 291819 1
7160 5420 291829 1
7238 5598 291839 1
7290 5745 291849 1
7317 5871 291859 1
7326 5920 291869 1
7326 5927 291879 1
7326 5907 291889 1
7326 5836 291899 1
7349 5738 291909 1
7376 5623 291919 1
7414 5512 291929 1
7453 5404 291939 1
7493 5327 291949 1
7523 5269 291959 1
7545 5238 291969 1
7561 5229 291979 1
7561 5235 291989 1
7550 5253 291999 1
7532 5318 292009 1
7503 5415 292019 1
7472 5532 292029 1
7440 5671 292039 1
7417 5824 292049 1
7412 5963 292059 1
7420 6025 292069 1
7436 6035 292079 1
7467 6009 292089 1
7507 5936 292099 1
7566 5831 292109 1
7629 5732 292119 1
7714 5648 292129 1
7813 5575 292139 1
7938 5531 292149 1
8059 5525 292159 1
8176 5545 292169 1
8303 5598 292179 1
8426 5675 292189 1
8522 5767 292199 1
8601 5889 292209 1
8661 6024 292219 1
8696 6168 292229 1
8715 6332 292239 1
8696 6453 292249 1
8646 6546 292259 1
8575 6577 292269 1
8473 6552 292279 1
8367 6489 292289 1
8259 6412 292299 1
8194 6335 292309 1
8167 6269 292319 1
8167 6211 292329 1
8200 6146 292339 1
8262 6076 292349 1
8342 6013 292359 1
8439 5956 292369 1
8533 5932 292379 1
8625 5932 292389 1
8704 5958 292399 1
8760 6000 292409 1
8800 6040 292419 1
8800 6078 292429 1
8763 6099 292439 1
8711 6099 292449 1
8649 6093 292459 1
8590 6068 292469 1
8562 6048 292479 1
8553 6032 292489 1
8575 6025 292499 1
8630 6032 292509 1
8708 6048 292519 1
8811 6070 292529 1
8922 6088 292539 1
9038 6069 292549 1
9140 6027 292559 1
9242 5882 292569 1
9344 5671 292579 1
9461 5416 292589 1
9549 5142 292599 1
9617 4872 292609 1
9660 4603 292619 1
9692 4412 292629 1
9716 4274 292639 1
9728 4158 292649 1
9736 4091 292659 1
9736 4057 292669 1
9743 4052 292679 1
9743 4052 292689 1
9743 4052 292699 1
9743 4052 292709 1
9743 4058 292719 1
9734 4064 292729 1
9722 4077 292739 1
9708 4098 292749 1
9692 4127 292759 1
9692 4161 292769 1
