391
3718 6307 1340888 0
3718 6307 1340898 1
3718 6307 1340908 1
3718 6307 1340918 1
3718 6307 1340928 1
3718 6307 1340938 1
3718 6307 1340948 1
3718 6307 1340958 1
3718 6307 1340968 1
3718 6307 1340978 1
3718 6307 1340988 1
3718 6307 1340998 1
3718 6307 1341008 1
3625 6229 1341018 1
3571 6172 1341028 1
3509 6109 1341038 1
3448 6031 1341048 1
3388 5942 1341058 1
3331 5833 1341068 1
3282 5713 1341078 1
3245 5586 1341088 1
3238 5476 1341098 1
3250 5388 1341108 1
3308 5314 1341118 1
3405 5275 1341128 1
3527 5275 1341138 1
3689 5291 1341148 1
3852 5349 1341158 1
4019 5426 1341168 1
4186 5516 1341178 1
4349 5589 1341188 1
4488 5662 1341198 1
4615 5738 1341208 1
4754 5845 1341218 1
4884 5972 1341228 1
4999 6102 1341238 1
5106 6232 1341248 1
5192 6362 1341258 1
5244 6478 1341268 1
5272 6547 1341278 1
5272 6584 1341288 1
5239 6592 1341298 1
5192 6585 1341308 1
5135 6569 1341318 1
5077 6549 1341328 1
5017 6529 1341338 1
4971 6509 1341348 1
4929 6493 1341358 1
4903 6479 1341368 1
4885 6461 1341378 1
4871 6441 1341388 1
4857 6416 1341398 1
4843 6382 1341408 1
4831 6340 1341418 1
4819 6293 1341428 1
4808 6249 1341438 1
4799 6207 1341448 1
4788 6150 1341458 1
4769 6090 1341468 1
4746 6003 1341478 1
4700 5899 1341488 1
4636 5738 1341498 1
4561 5500 1341508 1
4483 5211 1341518 1
4414 4810 1341528 1
4385 4384 1341538 1
4380 3941 1341548 1
4398 3664 1341558 1
4438 3497 1341568 1
4492 3404 1341578 1
4565 3350 1341588 1
4638 3328 1341598 1
4692 3328 1341608 1
4732 3337 1341618 1
4761 3348 1341628 1
4780 3360 1341638 1
4792 3375 1341648 1
4821 5530 1342159 0
4821 5530 1342169 1
4821 5530 1342179 1
4739 5477 1342189 1
4746 5477 1342199 1
4797 5477 1342209 1
4878 5503 1342219 1
4976 5545 1342229 1
5098 5607 1342239 1
5237 5673 1342249 1
5378 5743 1342259 1
5494 5800 1342269 1
5593 5839 1342279 1
5666 5866 1342289 1
5714 5875 1342299 1
5745 5880 1342309 1
5754 5880 1342319 1
5744 5875 1342329 1
5722 5862 1342339 1
5691 5841 1342349 1
5660 5826 1342359 1
5629 5812 1342369 1
5597 5799 1342379 1
5564 5786 1342389 1
5530 5769 1342399 1
5490 5743 1342409 1
5446 5708 1342419 1
5396 5651 1342429 1
5345 5579 1342439 1
5292 5498 1342449 1
5238 5388 1342459 1
5183 5259 1342469 1
5126 5123 1342479 1
5082 4969 1342489 1
5053 4804 1342499 1
5033 4638 1342509 1
5033 4515 1342519 1
5070 4421 1342529 1
5128 4375 1342539 1
5211 4375 1342549 1
5308 4397 1342559 1
5413 4468 1342569 1
5511 4557 1342579 1
5603 4659 1342589 1
5690 4766 1342599 1
5753 4877 1342609 1
5797 4990 1342619 1
5828 5072 1342629 1
5828 5126 1342639 1
5799 5162 1342649 1
5753 5179 1342659 1
5677 5172 1342669 1
5591 5148 1342679 1
5499 5095 1342689 1
5406 5039 1342699 1
5321 4977 1342709 1
5248 4935 1342719 1
5203 4905 1342729 1
5175 4892 1342739 1
5175 4892 1342749 1
5175 4892 1342759 1
5207 4901 1342769 1
5263 4924 1342779 1
5354 4954 1342789 1
5471 5004 1342799 1
5605 5075 1342809 1
5757 5159 1342819 1
5879 5231 1342829 1
5980 5279 1342839 1
6042 5310 1342849 1
6075 5318 1342859 1
6088 5324 1342869 1
6088 5324 1342879 1
6088 5324 1342889 1
6088 5324 1342899 1
6088 5324 1342909 1
6081 5324 1342919 1
6072 5324 1342929 1
6065 5324 1342939 1
6065 5324 1342949 1
6065 5331 1342959 1
6098 5345 1342969 1
6140 5376 1342979 1
6202 5416 1342989 1
6264 5461 1342999 1
6324 5494 1343009 1
6366 5522 1343019 1
6398 5541 1343029 1
6408 5546 1343039 1
6408 5546 1343049 1
6402 5541 1343059 1
6384 5535 1343069 1
6356 5507 1343079 1
6322 5465 1343089 1
6272 5383 1343099 1
6216 5277 1343109 1
6156 5156 1343119 1
6104 5012 1343129 1
6055 4868 1343139 1
6030 4724 1343149 1
6019 4637 1343159 1
6027 4588 1343169 1
6053 4560 1343179 1
6092 4553 1343189 1
6155 4559 1343199 1
6243 4602 1343209 1
6348 4679 1343219 1
6455 4778 1343229 1
6559 4894 1343239 1
6662 5012 1343249 1
6766 5131 1343259 1
6864 5252 1343269 1
6936 5372 1343279 1
6991 5475 1343289 1
7044 5567 1343299 1
7072 5623 1343309 1
7084 5634 1343319 1
7076 5614 1343329 1
7059 5598 1343339 1
7036 5550 1343349 1
6992 5481 1343359 1
6952 5426 1343369 1
6920 5381 1343379 1
6894 5344 1343389 1
6876 5313 1343399 1
6862 5278 1343409 1
6846 5220 1343419 1
6827 5149 1343429 1
6806 5053 1343439 1
6776 4941 1343449 1
6749 4818 1343459 1
6723 4715 1343469 1
6714 4655 1343479 1
6727 4624 1343489 1
6755 4619 1343499 1
6796 4638 1343509 1
6835 4673 1343519 1
6873 4713 1343529 1
6893 4749 1343539 1
6907 4778 1343549 1
6916 4800 1343559 1
6924 4827 1343569 1
6932 4858 1343579 1
6941 4909 1343589 1
6952 4970 1343599 1
6963 5038 1343609 1
6972 5117 1343619 1
6982 5198 1343629 1
6994 5280 1343639 1
7011 5358 1343649 1
7035 5430 1343659 1
7065 5491 1343669 1
7097 5530 1343679 1
7117 5556 1343689 1
7129 5561 1343699 1
7129 5561 1343709 1
7129 5556 1343719 1
7129 5545 1343729 1
7129 5537 1343739 1
7129 5532 1343749 1
7129 5532 1343759 1
7129 5532 1343769 1
7129 5542 1343779 1
7137 5556 1343789 1
7137 5574 1343799 1
7137 5586 1343809 1
7137 5586 1343819 1
7137 5586 1343829 1
7137 5586 1343839 1
7137 5580 1343849 1
7137 5575 1343859 1
7137 5575 1343869 1
7137 5575 1343879 1
7137 5575 1343889 1
7137 5575 1343899 1
7137 5575 1343909 1
7137 5565 1343919 1
7150 5522 1343929 1
7167 5456 1343939 1
7193 5325 1343949 1
7227 5189 1343959 1
7282 5051 1343969 1
7350 4968 1343979 1
7415 4915 1343989 1
7480 4881 1343999 1
7542 4868 1344009 1
7603 4868 1344019 1
7657 4874 1344029 1
7704 4880 1344039 1
7746 4894 1344049 1
7788 4913 1344059 1
7818 4954 1344069 1
7841 5025 1344079 1
7862 5116 1344089 1
7872 5219 1344099 1
7872 5336 1344109 1
7882 5463 1344119 1
7893 5574 1344129 1
7907 5652 1344139 1
7921 5709 1344149 1
7921 5724 1344159 1
7921 5734 1344169 1
7921 5734 1344179 1
7907 5734 1344189 1
7893 5734 1344199 1
7883 5734 1344209 1
7876 5734 1344219 1
7876 5734 1344229 1
7876 5734 1344239 1
7876 5729 1344249 1
7876 5729 1344259 1
7883 5729 1344269 1
7883 5720 1344279 1
7891 5714 1344289 1
7891 5714 1344299 1
7896 5709 1344309 1
7896 5709 1344319 1
7896 5709 1344329 1
7896 5709 1344339 1
7896 5709 1344349 1
7896 5709 1344359 1
7896 5709 1344369 1
7896 5709 1344379 1
7896 5709 1344389 1
7896 5709 1344399 1
7889 5704 1344409 1
7880 5696 1344419 1
7865 5679 1344429 1
7850 5655 1344439 1
7836 5625 1344449 1
7823 5572 1344459 1
7817 5504 1344469 1
7817 5401 1344479 1
7817 5298 1344489 1
7849 5235 1344499 1
7895 5199 1344509 1
7972 5199 1344519 1
8079 5252 1344529 1
8206 5335 1344539 1
8368 5443 1344549 1
8537 5550 1344559 1
8711 5657 1344569 1
8871 5759 1344579 1
8985 5858 1344589 1
9069 5908 1344599 1
9092 5927 1344609 1
9070 5918 1344619 1
9019 5884 1344629 1
8912 5833 1344639 1
8794 5765 1344649 1
8668 5697 1344659 1
8566 5625 1344669 1
8469 5551 1344679 1
8396 5478 1344689 1
8337 5419 1344699 1
8296 5369 1344709 1
8260 5334 1344719 1
8246 5309 1344729 1
8246 5290 1344739 1
8275 5279 1344749 1
8334 5279 1344759 1
8411 5297 1344769 1
8510 5341 1344779 1
8621 5393 1344789 1
8740 5450 1344799 1
8860 5499 1344809 1
8964 5545 1344819 1
9056 5584 1344829 1
9117 5625 1344839 1
9165 5667 1344849 1
9205 5721 1344859 1
9237 5781 1344869 1
9266 5841 1344879 1
9292 5891 1344889 1
9298 5903 1344899 1
9290 5893 1344909 1
9273 5877 1344919 1
9251 5848 1344929 1
9232 5810 1344939 1
9217 5795 1344949 1
9217 5790 1344959 1
9217 5790 1344969 1
9217 5790 1344979 1
9217 5796 1344989 1
9211 5804 1344999 1
9202 5814 1345009 1
9197 5820 1345019 1
9197 5820 1345029 1
9197 5820 1345039 1
9197 5820 1345049 1
9197 5815 1345059 1
9197 5815 1345069 1
9197 5815 1345079 1
9197 5815 1345089 1
9197 5815 1345099 1
9197 5810 1345109 1
9186 5778 1345119 1
9170 5730 1345129 1
9123 5581 1345139 1
9061 5265 1345149 1
8990 4838 1345159 1
8893 4387 1345169 1
8799 4008 1345179 1
8710 3678 1345189 1
8652 3439 1345199 1
8612 3277 1345209 1
8601 3166 1345219 1
8608 3112 1345229 1
8626 3090 1345239 1
8655 3090 1345249 1
8675 3100 1345259 1
8690 3136 1345269 1
8695 3188 1345279 1
8695 3263 1345289 1
