159
2853 5203 475714 0
2853 5203 475724 1
2853 5203 475734 1
2853 5203 475744 1
2853 5203 475754 1
2853 5203 475764 1
2853 5203 475774 1
2853 5203 475784 1
2884 5309 475794 1
3013 5392 475804 1
3236 5531 475814 1
3482 5669 475824 1
3742 5804 475834 1
3949 5937 475844 1
4130 6056 475854 1
4293 6149 475864 1
4389 6225 475874 1
4430 6280 475884 1
4435 6317 475894 1
4412 6343 475904 1
4369 6360 475914 1
4313 6350 475924 1
4237 6321 475934 1
4144 6256 475944 1
4040 6165 475954 1
3947 6058 475964 1
3878 5932 475974 1
3824 5806 475984 1
3796 5681 475994 1
3786 5556 476004 1
3786 5403 476014 1
3792 5231 476024 1
3783 5066 476034 1
3767 4901 476044 1
3727 4735 476054 1
3671 4606 476064 1
3603 4502 476074 1
3524 4382 476084 1
3447 4284 476094 1
3370 4201 476104 1
3299 4167 476114 1
3230 4167 476124 1
3164 4186 476134 1
3113 4229 476144 1
3071 4295 476154 1
3045 4376 476164 1
3045 4444 476174 1
3054 4511 476184 1
3114 4577 476194 1
3212 4642 476204 1
3336 4674 476214 1
3480 4686 476224 1
3628 4660 476234 1
3770 4635 476244 1
3906 4611 476254 1
4045 4596 476264 1
5180 4827 476485 0
5180 4827 476495 1
5180 4827 476505 1
5180 4827 476515 1
5180 4827 476525 1
5215 4896 476535 1
5215 4918 476545 1
5215 4934 476555 1
5200 4949 476565 1
5174 4960 476575 1
5129 4948 476585 1
5064 4922 476595 1
4986 4863 476605 1
4896 4772 476615 1
4809 4660 476625 1
4725 4560 476635 1
4669 4480 476645 1
4662 4413 476655 1
4688 4373 476665 1
4762 4359 476675 1
4865 4359 476685 1
4987 4441 476695 1
5137 4531 476705 1
5259 4629 476715 1
5363 4703 476725 1
5416 4774 476735 1
5430 4822 476745 1
5419 4857 476755 1
5411 4871 476765 1
5405 4871 476775 1
5405 4871 476785 1
5405 4852 476795 1
5396 4798 476805 1
5385 4719 476815 1
5377 4643 476825 1
5370 4573 476835 1
5379 4508 476845 1
5399 4459 476855 1
5432 4431 476865 1
5486 4417 476875 1
5554 4432 476885 1
5646 4465 476895 1
5739 4511 476905 1
5820 4562 476915 1
5893 4612 476925 1
5956 4667 476935 1
6019 4726 476945 1
6071 4782 476955 1
6115 4822 476965 1
6139 4851 476975 1
6148 4857 476985 1
6148 4857 476995 1
6148 4857 477005 1
6148 4857 477015 1
6135 4857 477025 1
6122 4848 477035 1
6113 4839 477045 1
6102 4820 477055 1
6085 4788 477065 1
6064 4748 477075 1
6041 4711 477085 1
6019 4673 477095 1
5999 4634 477105 1
5984 4600 477115 1
5974 4568 477125 1
5968 4536 477135 1
5968 4507 477145 1
5968 4480 477155 1
5968 4454 477165 1
5975 4435 477175 1
5987 4421 477185 1
6008 4407 477195 1
6035 4394 477205 1
6065 4382 477215 1
6100 4382 477225 1
6144 4389 477235 1
6196 4404 477245 1
6252 4429 477255 1
6313 4461 477265 1
6378 4499 477275 1
6449 4542 477285 1
6523 4589 477295 1
6594 4632 477305 1
6659 4672 477315 1
6722 4707 477325 1
6771 4733 477335 1
6801 4751 477345 1
6817 4761 477355 1
6817 4761 477365 1
6817 4766 477375 1
6817 4766 477385 1
6812 4766 477395 1
6798 4759 477405 1
6778 4730 477415 1
6738 4685 477425 1
6701 4617 477435 1
6668 4532 477445 1
6668 4435 477455 1
6677 4330 477465 1
6734 4279 477475 1
6865 4263 477485 1
7045 4316 477495 1
7344 4431 477505 1
