150
2400 5800 452911 0
2400 5800 452921 1
2400 5800 452931 1
2400 5800 452941 1
2400 5800 452951 1
2400 5800 452961 1
2382 5799 452971 1
2387 5804 452981 1
2428 5824 452991 1
2494 5878 453001 1
2612 5954 453011 1
2751 6016 453021 1
2904 6113 453031 1
3074 6234 453041 1
3247 6341 453051 1
3399 6456 453061 1
3537 6576 453071 1
3665 6685 453081 1
3773 6794 453091 1
3867 6901 453101 1
3937 6994 453111 1
3965 7078 453121 1
3965 7117 453131 1
3946 7150 453141 1
3918 7166 453151 1
3883 7172 453161 1
3830 7153 453171 1
3770 7111 453181 1
3705 7055 453191 1
3630 6978 453201 1
3560 6886 453211 1
3499 6784 453221 1
3444 6689 453231 1
3405 6591 453241 1
3377 6476 453251 1
3366 6351 453261 1
3357 6226 453271 1
3357 6099 453281 1
3345 5972 453291 1
3324 5828 453301 1
3295 5705 453311 1
3261 5596 453321 1
3211 5466 453331 1
3149 5330 453341 1
3067 5191 453351 1
2983 5067 453361 1
2898 4957 453371 1
2824 4857 453381 1
2751 4785 453391 1
2683 4759 453401 1
2614 4759 453411 1
2545 4825 453421 1
2505 4905 453431 1
2482 4997 453441 1
2471 5076 453451 1
2471 5152 453461 1
2500 5219 453471 1
2545 5275 453481 1
2618 5312 453491 1
2712 5336 453501 1
2821 5354 453511 1
2954 5359 453521 1
3101 5359 453531 1
3257 5328 453541 1
3381 5294 453551 1
3505 5265 453561 1
4550 5663 453722 0
4550 5663 453732 1
4525 5598 453742 1
4514 5605 453752 1
4504 5625 453762 1
4493 5655 453772 1
4477 5684 453782 1
4455 5699 453792 1
4430 5704 453802 1
4386 5691 453812 1
4313 5647 453822 1
4221 5583 453832 1
4117 5487 453842 1
4046 5383 453852 1
3997 5275 453862 1
3985 5200 453872 1
4031 5161 453882 1
4115 5146 453892 1
4253 5179 453902 1
4391 5250 453912 1
4527 5346 453922 1
4633 5442 453932 1
4720 5531 453942 1
4773 5594 453952 1
4788 5641 453962 1
4777 5655 453972 1
4763 5664 453982 1
4749 5664 453992 1
4730 5644 454002 1
4708 5606 454012 1
4689 5530 454022 1
4670 5440 454032 1
4679 5340 454042 1
4707 5280 454052 1
4767 5248 454062 1
4829 5235 454072 1
4907 5252 454082 1
4993 5284 454092 1
5073 5327 454102 1
5142 5371 454112 1
5203 5413 454122 1
5247 5455 454132 1
5274 5482 454142 1
5290 5507 454152 1
5299 5527 454162 1
5299 5545 454172 1
5299 5559 454182 1
5299 5568 454192 1
5299 5576 454202 1
5299 5576 454212 1
5299 5576 454222 1
5299 5576 454232 1
5299 5576 454242 1
5299 5568 454252 1
5283 5541 454262 1
5265 5502 454272 1
5247 5440 454282 1
5231 5363 454292 1
5219 5275 454302 1
5226 5194 454312 1
5244 5133 454322 1
5286 5086 454332 1
5352 5059 454342 1
5434 5068 454352 1
5542 5101 454362 1
5654 5172 454372 1
5774 5253 454382 1
5868 5340 454392 1
5944 5417 454402 1
5988 5468 454412 1
6002 5501 454422 1
5997 5508 454432 1
5980 5508 454442 1
5956 5491 454452 1
5926 5456 454462 1
5910 5389 454472 1
5910 5295 454482 1
5915 5183 454492 1
5937 5072 454502 1
5988 4993 454512 1
6058 4936 454522 1
6170 4921 454532 1
6313 4965 454542 1
6476 5048 454552 1
