134
2615 5553 456706 0
2615 5553 456716 1
2534 5503 456726 1
2534 5508 456736 1
2534 5508 456746 1
2542 5530 456756 1
2630 5569 456766 1
2770 5676 456776 1
2982 5821 456786 1
3253 5991 456796 1
3562 6168 456806 1
3856 6344 456816 1
4107 6509 456826 1
4330 6668 456836 1
4484 6771 456846 1
4574 6859 456856 1
4621 6936 456866 1
4611 6994 456876 1
4558 7051 456886 1
4475 7080 456896 1
4386 7091 456906 1
4279 7060 456916 1
4159 6985 456926 1
4040 6881 456936 1
3954 6772 456946 1
3890 6643 456956 1
3862 6502 456966 1
3847 6331 456976 1
3841 6157 456986 1
3816 5959 456996 1
3791 5746 457006 1
3750 5562 457016 1
3699 5351 457026 1
3612 5122 457036 1
3517 4909 457046 1
3417 4712 457056 1
3358 4525 457066 1
3237 4352 457076 1
3074 4230 457086 1
2978 4142 457096 1
2898 4125 457106 1
2828 4160 457116 1
2768 4231 457126 1
2735 4310 457136 1
2720 4404 457146 1
2733 4507 457156 1
2785 4612 457166 1
2864 4710 457176 1
2972 4798 457186 1
3096 4847 457196 1
3230 4872 457206 1
3350 4836 457216 1
3473 4772 457226 1
3598 4689 457236 1
3749 4643 457246 1
3900 4619 457256 1
4051 4611 457266 1
4246 4611 457276 1
5615 5072 457457 0
5615 5072 457467 1
5615 5072 457477 1
5615 5072 457487 1
5615 5072 457497 1
5608 5145 457507 1
5595 5161 457517 1
5573 5170 457527 1
5522 5151 457537 1
5451 5116 457547 1
5355 5037 457557 1
5253 4926 457567 1
5147 4794 457577 1
5095 4702 457587 1
5095 4646 457597 1
5125 4613 457607 1
5203 4605 457617 1
5316 4648 457627 1
5451 4724 457637 1
5576 4830 457647 1
5668 4931 457657 1
5738 5029 457667 1
5776 5088 457677 1
5784 5114 457687 1
5773 5119 457697 1
5767 5119 457707 1
5756 5109 457717 1
5741 5057 457727 1
5731 4976 457737 1
5723 4872 457747 1
5740 4786 457757 1
5774 4713 457767 1
5836 4682 457777 1
5920 4682 457787 1
6019 4701 457797 1
6132 4752 457807 1
6236 4816 457817 1
6335 4890 457827 1
6405 4947 457837 1
6450 5002 457847 1
6478 5043 457857 1
6497 5077 457867 1
6502 5092 457877 1
6497 5103 457887 1
6497 5103 457897 1
6489 5103 457907 1
6473 5077 457917 1
6449 5033 457927 1
6414 4955 457937 1
6393 4864 457947 1
6382 4765 457957 1
6388 4696 457967 1
6401 4637 457977 1
6428 4584 457987 1
6465 4546 457997 1
6512 4532 458007 1
6577 4532 458017 1
6653 4565 458027 1
6744 4618 458037 1
6836 4686 458047 1
6923 4755 458057 1
6987 4826 458067 1
7039 4898 458077 1
7060 4935 458087 1
7067 4946 458097 1
7067 4940 458107 1
7067 4935 458117 1
7055 4880 458127 1
7043 4792 458137 1
7028 4681 458147 1
7021 4568 458157 1
7062 4494 458167 1
7131 4447 458177 1
7334 4516 458187 1
7727 4735 458197 1
8247 5055 458207 1
