131
3266 6431 2026343 0
3221 6388 2026353 1
3195 6377 2026363 1
3168 6357 2026373 1
3162 6322 2026383 1
3172 6276 2026393 1
3193 6215 2026403 1
3238 6153 2026413 1
3320 6089 2026423 1
3427 6039 2026433 1
3582 5999 2026443 1
3769 5999 2026453 1
3977 6068 2026463 1
4212 6187 2026473 1
4391 6366 2026483 1
4532 6546 2026493 1
4633 6726 2026503 1
4691 6862 2026513 1
4721 6962 2026523 1
4704 7038 2026533 1
4651 7068 2026543 1
4574 7052 2026553 1
4464 7005 2026563 1
4325 6872 2026573 1
4166 6687 2026583 1
3976 6468 2026593 1
3772 6152 2026603 1
3559 5803 2026613 1
3362 5431 2026623 1
3208 5057 2026633 1
3082 4753 2026643 1
3006 4496 2026653 1
2946 4315 2026663 1
2897 4190 2026673 1
2828 4102 2026683 1
2757 4062 2026693 1
2685 4062 2026703 1
2636 4083 2026713 1
2591 4129 2026723 1
2591 4225 2026733 1
2609 4355 2026743 1
2685 4512 2026753 1
2766 4643 2026763 1
2853 4758 2026773 1
2952 4842 2026783 1
3060 4890 2026793 1
3167 4914 2026803 1
3267 4908 2026813 1
3362 4880 2026823 1
3483 4838 2026833 1
3627 4785 2026843 1
3785 4769 2026853 1
3932 4779 2026863 1
4080 4824 2026873 1
5567 5426 2027255 0
5587 5269 2027265 1
5548 5307 2027275 1
5480 5307 2027285 1
5468 5279 2027295 1
5456 5279 2027305 1
5444 5314 2027315 1
5430 5378 2027325 1
5430 5476 2027335 1
5430 5572 2027345 1
5413 5641 2027355 1
5393 5694 2027365 1
5359 5694 2027375 1
5304 5642 2027385 1
5235 5547 2027395 1
5162 5399 2027405 1
5094 5250 2027415 1
5035 5104 2027425 1
4998 4976 2027435 1
4974 4859 2027445 1
4991 4779 2027455 1
5050 4750 2027465 1
5138 4755 2027475 1
5265 4808 2027485 1
5394 4905 2027495 1
5524 5031 2027505 1
5651 5149 2027515 1
5746 5230 2027525 1
5822 5287 2027535 1
5853 5292 2027545 1
5862 5264 2027555 1
5857 5215 2027565 1
5837 5138 2027575 1
5817 5058 2027585 1
5796 4978 2027595 1
5809 4928 2027605 1
5851 4898 2027615 1
5912 4905 2027625 1
6003 4946 2027635 1
6118 5011 2027645 1
6249 5093 2027655 1
6369 5181 2027665 1
6467 5273 2027675 1
6550 5351 2027685 1
6612 5400 2027695 1
6655 5430 2027705 1
6684 5421 2027715 1
6684 5380 2027725 1
6678 5318 2027735 1
6661 5246 2027745 1
6645 5197 2027755 1
6645 5164 2027765 1
6662 5151 2027775 1
6704 5159 2027785 1
6773 5181 2027795 1
6860 5242 2027805 1
6945 5328 2027815 1
7031 5432 2027825 1
7116 5528 2027835 1
7186 5598 2027845 1
7246 5652 2027855 1
7268 5652 2027865 1
7268 5624 2027875 1
7249 5577 2027885 1
7218 5491 2027895 1
7190 5400 2027905 1
7166 5313 2027915 1
7166 5232 2027925 1
7181 5157 2027935 1
7219 5075 2027945 1
7281 4972 2027955 1
7358 4858 2027965 1
7451 4796 2027975 1
7577 4840 2027985 1
7725 4954 2027995 1
7925 5153 2028005 1
8112 5378 2028015 1
