184
3069 5238 240155 0
3069 5238 240165 1
3061 5205 240175 1
3068 5199 240185 1
3068 5193 240195 1
3091 5185 240205 1
3115 5177 240215 1
3151 5177 240225 1
3203 5177 240235 1
3265 5183 240245 1
3344 5209 240255 1
3428 5246 240265 1
3521 5300 240275 1
3619 5375 240285 1
3722 5465 240295 1
3803 5561 240305 1
3869 5657 240315 1
3928 5753 240325 1
3975 5870 240335 1
4015 5999 240345 1
4035 6131 240355 1
4035 6261 240365 1
4035 6386 240375 1
4009 6477 240385 1
3976 6547 240395 1
3936 6572 240405 1
3891 6566 240415 1
3845 6539 240425 1
3799 6486 240435 1
3767 6414 240445 1
3751 6330 240455 1
3745 6228 240465 1
3745 6078 240475 1
3755 5895 240485 1
3771 5690 240495 1
3786 5486 240505 1
3799 5284 240515 1
3799 5108 240525 1
3780 4941 240535 1
3752 4779 240545 1
3688 4622 240555 1
3600 4460 240565 1
3496 4291 240575 1
3375 4120 240585 1
3247 3997 240595 1
3115 3915 240605 1
2982 3861 240615 1
2862 3856 240625 1
2760 3894 240635 1
2665 3961 240645 1
2588 4046 240655 1
2547 4137 240665 1
2529 4231 240675 1
2553 4348 240685 1
2619 4463 240695 1
2712 4577 240705 1
2815 4683 240715 1
2944 4789 240725 1
3089 4850 240735 1
3236 4880 240745 1
3359 4833 240755 1
3467 4753 240765 1
3558 4652 240775 1
3643 4547 240785 1
3724 4436 240795 1
3810 4319 240805 1
3897 4206 240815 1
3997 4123 240825 1
4106 4057 240835 1
4220 4018 240845 1
4332 4005 240855 1
4443 4010 240865 1
4561 4041 240875 1
4679 4091 240885 1
4795 4153 240895 1
4884 4229 240905 1
4956 4312 240915 1
5020 4401 240925 1
5074 4483 240935 1
5121 4551 240945 1
5150 4609 240955 1
5170 4668 240965 1
5183 4724 240975 1
5189 4774 240985 1
5918 4730 241367 0
5918 4730 241377 1
5888 4698 241387 1
5888 4698 241397 1
5883 4693 241407 1
5883 4693 241417 1
5883 4693 241427 1
5883 4693 241437 1
5883 4699 241447 1
5895 4716 241457 1
5910 4752 241467 1
5935 4801 241477 1
5968 4860 241487 1
6004 4917 241497 1
6042 4968 241507 1
6067 5016 241517 1
6084 5062 241527 1
6091 5126 241537 1
6084 5202 241547 1
6067 5281 241557 1
6019 5366 241567 1
5954 5454 241577 1
5877 5496 241587 1
5784 5478 241597 1
5685 5419 241607 1
5583 5309 241617 1
5505 5184 241627 1
5451 5048 241637 1
5414 4902 241647 1
5403 4760 241657 1
5421 4622 241667 1
5457 4534 241677 1
5513 4473 241687 1
5585 4431 241697 1
5668 4431 241707 1
5768 4464 241717 1
5864 4525 241727 1
5958 4619 241737 1
6039 4724 241747 1
6092 4836 241757 1
6125 4961 241767 1
6137 5056 241777 1
6132 5130 241787 1
6116 5145 241797 1
6086 5128 241807 1
6043 5089 241817 1
5992 5009 241827 1
5949 4898 241837 1
5924 4766 241847 1
5912 4656 241857 1
5928 4562 241867 1
5969 4478 241877 1
6026 4419 241887 1
6101 4394 241897 1
6193 4394 241907 1
6297 4423 241917 1
6408 4498 241927 1
6522 4603 241937 1
6640 4723 241947 1
6736 4853 241957 1
6816 4991 241967 1
6879 5132 241977 1
6917 5229 241987 1
6939 5296 241997 1
6944 5305 242007 1
6927 5272 242017 1
6894 5210 242027 1
6821 5077 242037 1
6750 4909 242047 1
6686 4718 242057 1
6670 4579 242067 1
6685 4463 242077 1
6734 4363 242087 1
6807 4301 242097 1
6897 4293 242107 1
6990 4321 242117 1
7087 4389 242127 1
7206 4482 242137 1
7338 4591 242147 1
7451 4708 242157 1
7536 4854 242167 1
7603 5019 242177 1
7622 5166 242187 1
7607 5263 242197 1
7570 5328 242207 1
7529 5302 242217 1
7475 5201 242227 1
7411 5049 242237 1
7370 4857 242247 1
7379 4662 242257 1
7422 4533 242267 1
7507 4450 242277 1
7600 4379 242287 1
7699 4347 242297 1
7807 4340 242307 1
7915 4348 242317 1
8024 4382 242327 1
8125 4433 242337 1
8214 4501 242347 1
8292 4564 242357 1
