158
2329 5425 472719 0
2290 5375 472729 1
2252 5367 472739 1
2232 5357 472749 1
2218 5347 472759 1
2207 5347 472769 1
2207 5347 472779 1
2207 5347 472789 1
2218 5352 472799 1
2279 5365 472809 1
2373 5424 472819 1
2531 5516 472829 1
2709 5629 472839 1
2900 5745 472849 1
3088 5870 472859 1
3257 6001 472869 1
3413 6121 472879 1
3545 6220 472889 1
3633 6306 472899 1
3691 6365 472909 1
3691 6409 472919 1
3665 6444 472929 1
3622 6465 472939 1
3569 6449 472949 1
3501 6408 472959 1
3423 6321 472969 1
3348 6199 472979 1
3276 6054 472989 1
3226 5876 472999 1
3191 5715 473009 1
3166 5565 473019 1
3129 5386 473029 1
3084 5213 473039 1
3025 5043 473049 1
2951 4867 473059 1
2868 4697 473069 1
2784 4555 473079 1
2702 4431 473089 1
2622 4336 473099 1
2538 4281 473109 1
2453 4253 473119 1
2387 4278 473129 1
2325 4355 473139 1
2306 4468 473149 1
2313 4570 473159 1
2354 4669 473169 1
2419 4762 473179 1
2499 4847 473189 1
2615 4879 473199 1
2736 4879 473209 1
2857 4848 473219 1
2975 4814 473229 1
3099 4781 473239 1
3224 4750 473249 1
3350 4721 473259 1
3980 4800 473320 0
4236 4896 473330 1
4330 4943 473340 1
4385 4990 473350 1
4412 5026 473360 1
4419 5057 473370 1
4395 5076 473380 1
4350 5091 473390 1
4290 5091 473400 1
4214 5070 473410 1
4131 5025 473420 1
4044 4951 473430 1
3966 4858 473440 1
3909 4758 473450 1
3866 4699 473460 1
3859 4668 473470 1
3878 4641 473480 1
3914 4634 473490 1
3997 4641 473500 1
4119 4698 473510 1
4266 4779 473520 1
4373 4875 473530 1
4451 4954 473540 1
4510 5014 473550 1
4540 5061 473560 1
4547 5076 473570 1
4539 5076 473580 1
4530 5076 473590 1
4515 5052 473600 1
4497 5002 473610 1
4483 4931 473620 1
4490 4859 473630 1
4512 4805 473640 1
4553 4763 473650 1
4611 4744 473660 1
4680 4744 473670 1
4760 4765 473680 1
4832 4801 473690 1
4894 4846 473700 1
4953 4898 473710 1
5012 4953 473720 1
5061 5003 473730 1
5103 5043 473740 1
5136 5075 473750 1
5155 5099 473760 1
5164 5117 473770 1
5164 5131 473780 1
5164 5143 473790 1
5158 5150 473800 1
5153 5156 473810 1
5153 5156 473820 1
5145 5156 473830 1
5145 5156 473840 1
5145 5156 473850 1
5145 5156 473860 1
5145 5156 473870 1
5132 5143 473880 1
5119 5130 473890 1
5108 5115 473900 1
5099 5097 473910 1
5089 5076 473920 1
5080 5052 473930 1
5068 5026 473940 1
5057 4999 473950 1
5048 4971 473960 1
5040 4940 473970 1
5034 4905 473980 1
5029 4869 473990 1
5029 4832 474000 1
5029 4794 474010 1
5029 4766 474020 1
5036 4744 474030 1
5044 4725 474040 1
5056 4706 474050 1
5075 4691 474060 1
5103 4678 474070 1
5137 4670 474080 1
5179 4670 474090 1
5226 4670 474100 1
5281 4687 474110 1
5346 4712 474120 1
5418 4746 474130 1
5504 4807 474140 1
5599 4871 474150 1
5687 4938 474160 1
5752 4981 474170 1
5802 5010 474180 1
5828 5031 474190 1
5836 5046 474200 1
5836 5060 474210 1
5828 5069 474220 1
5819 5069 474230 1
5808 5069 474240 1
5795 5038 474250 1
5776 4988 474260 1
5753 4893 474270 1
5753 4794 474280 1
5780 4693 474290 1
5826 4629 474300 1
5889 4594 474310 1
6011 4578 474320 1
6172 4631 474330 1
6441 4737 474340 1
