113
2915 4599 1984102 0
2896 4557 1984112 1
2883 4534 1984122 1
2873 4510 1984132 1
2889 4478 1984142 1
2928 4444 1984152 1
2981 4410 1984162 1
3063 4417 1984172 1
3174 4450 1984182 1
3303 4546 1984192 1
3442 4703 1984202 1
3586 4901 1984212 1
3735 5115 1984222 1
3832 5305 1984232 1
3894 5479 1984242 1
3922 5577 1984252 1
3927 5629 1984262 1
3917 5651 1984272 1
3893 5651 1984282 1
3853 5590 1984292 1
3803 5498 1984302 1
3732 5305 1984312 1
3644 5079 1984322 1
3544 4832 1984332 1
3458 4611 1984342 1
3373 4422 1984352 1
3290 4255 1984362 1
3197 4107 1984372 1
3098 3998 1984382 1
2997 3915 1984392 1
2904 3875 1984402 1
2860 3865 1984412 1
2844 3876 1984422 1
2838 3904 1984432 1
2864 3970 1984442 1
2910 4062 1984452 1
2989 4157 1984462 1
3091 4250 1984472 1
3207 4343 1984482 1
3314 4400 1984492 1
3400 4433 1984502 1
3473 4438 1984512 1
3523 4443 1984522 1
3558 4435 1984532 1
3582 4419 1984542 1
3599 4404 1984552 1
3616 4398 1984562 1
4228 4342 1984733 0
4274 4347 1984743 1
4262 4371 1984753 1
4233 4407 1984763 1
4212 4463 1984773 1
4188 4532 1984783 1
4161 4594 1984793 1
4126 4650 1984803 1
4081 4698 1984813 1
4029 4724 1984823 1
3983 4735 1984833 1
3937 4713 1984843 1
3893 4659 1984853 1
3852 4583 1984863 1
3814 4469 1984873 1
3794 4327 1984883 1
3800 4166 1984893 1
3823 4071 1984903 1
3867 4022 1984913 1
3931 4004 1984923 1
4008 4018 1984933 1
4106 4078 1984943 1
4208 4170 1984953 1
4286 4291 1984963 1
4347 4411 1984973 1
4385 4483 1984983 1
4392 4524 1984993 1
4379 4524 1985003 1
4362 4483 1985013 1
4335 4420 1985023 1
4301 4295 1985033 1
4301 4203 1985043 1
4330 4133 1985053 1
4370 4104 1985063 1
4444 4111 1985073 1
4545 4141 1985083 1
5346 4904 1985234 0
5236 4857 1985244 1
5155 4830 1985254 1
5092 4790 1985264 1
5040 4740 1985274 1
5004 4674 1985284 1
4970 4597 1985294 1
4944 4494 1985304 1
4944 4407 1985314 1
4962 4332 1985324 1
4986 4268 1985334 1
5018 4236 1985344 1
5077 4226 1985354 1
5150 4258 1985364 1
5241 4345 1985374 1
5333 4470 1985384 1
5413 4590 1985394 1
5486 4675 1985404 1
5526 4736 1985414 1
5543 4747 1985424 1
5543 4741 1985434 1
5543 4724 1985444 1
5530 4638 1985454 1
5514 4548 1985464 1
5514 4476 1985474 1
5552 4418 1985484 1
5607 4386 1985494 1
5725 4436 1985504 1
5892 4542 1985514 1
6091 4710 1985524 1
