332
3646 5379 58225333 0
3595 5358 58225343 1
3576 5348 58225353 1
3545 5341 58225363 1
3505 5336 58225373 1
3480 5329 58225383 1
3460 5322 58225393 1
3450 5322 58225403 1
3450 5322 58225413 1
3463 5322 58225423 1
3487 5322 58225433 1
3530 5322 58225443 1
3579 5316 58225453 1
3652 5316 58225463 1
3740 5324 58225473 1
3844 5341 58225483 1
3978 5377 58225493 1
4133 5425 58225503 1
4311 5481 58225513 1
4465 5534 58225523 1
4604 5586 58225533 1
4723 5632 58225543 1
4814 5676 58225553 1
4886 5713 58225563 1
4928 5745 58225573 1
4942 5773 58225583 1
4937 5827 58225593 1
4900 5897 58225603 1
4831 5983 58225613 1
4741 6072 58225623 1
4641 6162 58225633 1
4545 6252 58225643 1
4469 6335 58225653 1
4403 6399 58225663 1
4362 6452 58225673 1
4347 6460 58225683 1
4347 6460 58225693 1
4356 6431 58225703 1
4363 6374 58225713 1
4363 6242 58225723 1
4363 6012 58225733 1
4355 5718 58225743 1
4347 5410 58225753 1
4339 5086 58225763 1
4326 4751 58225774 1
4313 4555 58225784 1
4288 4394 58225794 1
4256 4256 58225804 1
4227 4150 58225814 1
4201 4078 58225824 1
4177 4028 58225834 1
4154 3996 58225844 1
4134 3983 58225854 1
4120 3983 58225864 1
4108 4011 58225874 1
4240 5385 58225964 0
4286 5424 58225974 1
4279 5414 58225984 1
4251 5386 58225994 1
4205 5301 58226004 1
4146 5178 58226014 1
4070 5059 58226024 1
3988 4940 58226034 1
3901 4838 58226044 1
3822 4747 58226054 1
3747 4687 58226064 1
3681 4644 58226074 1
3642 4612 58226084 1
3621 4601 58226094 1
4073 5095 58226174 0
4309 5154 58226184 1
4403 5169 58226194 1
4499 5134 58226204 1
4599 5067 58226214 1
4701 4998 58226224 1
4779 4939 58226234 1
4841 4902 58226244 1
4875 4876 58226254 1
4894 4864 58226264 1
4902 4857 58226274 1
5235 5988 58226445 0
5210 5979 58226455 1
5198 6028 58226465 1
5203 6047 58226475 1
5231 6047 58226485 1
5274 6073 58226495 1
5325 6098 58226505 1
5379 6115 58226515 1
5440 6127 58226525 1
5506 6134 58226535 1
5581 6134 58226545 1
5659 6134 58226555 1
5736 6126 58226565 1
5796 6107 58226575 1
5847 6080 58226585 1
5879 6045 58226595 1
5888 6002 58226605 1
5882 5928 58226615 1
5835 5834 58226625 1
5752 5714 58226635 1
5645 5589 58226645 1
5547 5458 58226655 1
5453 5349 58226665 1
5385 5256 58226675 1
5333 5212 58226685 1
5316 5195 58226695 1
5323 5195 58226705 1
5345 5203 58226715 1
5398 5225 58226725 1
5479 5258 58226735 1
5578 5291 58226745 1
5701 5320 58226755 1
5835 5326 58226765 1
5975 5317 58226775 1
6110 5284 58226785 1
6246 5223 58226795 1
6360 5143 58226805 1
6458 5042 58226815 1
6503 4911 58226825 1
6503 4761 58226835 1
6480 4608 58226845 1
6409 4454 58226855 1
6319 4299 58226865 1
6216 4184 58226875 1
6123 4096 58226885 1
6031 4028 58226895 1
5943 3986 58226905 1
5859 3961 58226915 1
5781 3961 58226925 1
5707 3990 58226935 1
5869 5068 58227035 0
5889 4996 58227045 1
5855 4943 58227055 1
5804 4876 58227065 1
5742 4760 58227075 1
5680 4661 58227085 1
5619 4594 58227095 1
5557 4542 58227105 1
5501 4505 58227115 1
5450 4480 58227125 1
5384 4462 58227135 1
6004 4953 58227236 0
6205 4926 58227246 1
6217 4908 58227256 1
6172 4879 58227266 1
6133 4800 58227276 1
6079 4687 58227286 1
6016 4604 58227296 1
5930 4522 58227306 1
5817 4440 58227316 1
5686 4362 58227326 1
5562 4293 58227336 1
5468 4231 58227346 1
5394 4189 58227356 1
7575 5642 58227706 0
7575 5642 58227716 1
7576 5667 58227726 1
7596 5687 58227736 1
7639 5693 58227746 1
7699 5703 58227756 1
7761 5716 58227766 1
7825 5732 58227776 1
7888 5745 58227786 1
7946 5753 58227796 1
8003 5753 58227806 1
8059 5753 58227816 1
8111 5748 58227826 1
8160 5734 58227836 1
8197 5714 58227846 1
8217 5687 58227856 1
8225 5637 58227866 1
8203 5574 58227876 1
8143 5489 58227886 1
8057 5387 58227896 1
7950 5273 58227906 1
7816 5149 58227916 1
7663 5033 58227926 1
7537 4922 58227936 1
7454 4853 58227946 1
7400 4820 58227956 1
7389 4811 58227966 1
7402 4811 58227976 1
7432 4811 58227986 1
7505 4816 58227996 1
7608 4823 58228006 1
7731 4832 58228016 1
7875 4827 58228026 1
8004 4795 58228036 1
8124 4745 58228046 1
8207 4690 58228056 1
8245 4636 58228066 1
8252 4581 58228076 1
8211 4526 58228086 1
8130 4455 58228096 1
8022 4384 58228106 1
7899 4324 58228116 1
7777 4271 58228126 1
7685 4249 58228136 1
7613 4249 58228146 1
7570 4271 58228156 1
8484 5932 58228307 0
8518 5807 58228317 1
8501 5794 58228327 1
8494 5824 58228337 1
8487 5731 58228347 1
8500 5626 58228357 1
8526 5514 58228367 1
8552 5489 58228377 1
8568 5462 58228387 1
8578 5447 58228397 1
8588 5440 58228407 1
8599 5440 58228417 1
8673 5914 58228528 0
8723 5914 58228538 1
8745 5939 58228548 1
8762 5989 58228558 1
8820 5994 58228568 1
8910 6017 58228578 1
9022 6052 58228588 1
9110 6065 58228598 1
9188 6065 58228608 1
9260 6059 58228618 1
9343 6054 58228628 1
9405 6046 58228638 1
9452 6033 58228648 1
9493 6015 58228658 1
9512 5990 58228668 1
9512 5959 58228678 1
9486 5898 58228688 1
9416 5819 58228698 1
9318 5744 58228708 1
9213 5672 58228718 1
9101 5603 58228728 1
8985 5549 58228738 1
8898 5519 58228748 1
8854 5505 58228758 1
8839 5505 58228768 1
8839 5505 58228778 1
8866 5516 58228788 1
8904 5535 58228798 1
8978 5568 58228808 1
9053 5598 58228818 1
8826 5200 58228918 0
8679 4969 58228928 1
8621 4868 58228938 1
8558 4778 58228948 1
8489 4672 58228958 1
8481 4555 58228968 1
8497 4497 58228978 1
8529 4448 58228988 1
8547 4406 58228998 1
8556 4422 58229008 1
8556 4422 58229018 1
8569 4422 58229028 1
8581 4443 58229038 1
8665 4773 58229118 0
8717 4876 58229128 1
8745 4909 58229138 1
8798 4934 58229148 1
8874 4958 58229158 1
8965 4980 58229168 1
9052 4996 58229178 1
9135 5005 58229188 1
9214 5005 58229198 1
9289 4997 58229208 1
9355 4985 58229218 1
9416 4972 58229228 1
9448 4957 58229238 1
9458 4938 58229248 1
9452 4915 58229258 1
9403 4866 58229268 1
9323 4801 58229278 1
9223 4718 58229288 1
9112 4639 58229298 1
8983 4563 58229308 1
8841 4493 58229318 1
8736 4444 58229319 1
8673 4410 58229329 1
8639 4401 58229339 1
8633 4401 58229349 1
8650 4415 58229359 1
8683 4463 58229369 1
8748 4537 58229379 1
8828 4629 58229389 1
8919 4741 58229399 1
8990 4861 58229409 1
9048 4987 58229419 1
9098 5073 58229429 1
9136 5121 58229439 1
9155 5143 58229449 1
9162 5143 58229459 1
9162 5143 58229469 1
9162 5109 58229479 1
9140 5048 58229489 1
9112 4922 58229499 1
9079 4775 58229509 1
9048 4615 58229519 1
9019 4484 58229529 1
8993 4368 58229539 1
8974 4262 58229549 1
8974 4195 58229559 1
8985 4149 58229569 1
9009 4118 58229579 1
9050 4100 58229589 1
9103 4094 58229599 1
9176 4094 58229609 1
9256 4120 58229619 1
9348 4153 58229629 1
9434 4193 58229639 1
9516 4234 58229649 1
9576 4274 58229659 1
9622 4313 58229669 1
9658 4344 58229679 1
9688 4371 58229689 1
9719 4390 58229699 1
9750 4409 58229709 1
9791 4427 58229719 1
9828 4438 58229729 1
9863 4431 58229739 1
9896 4413 58229749 1
9941 4373 58229759 1
10009 4322 58229769 1
10093 4263 58229779 1
10174 4191 58229789 1
10230 4105 58229799 1
10268 4011 58229809 1
10273 3926 58229819 1
10265 3853 58229829 1
10247 3787 58229839 1
10213 3741 58229849 1
10167 3716 58229859 1
10112 3705 58229869 1
