303
2555 5215 62284610 0
2507 5147 62284620 1
2531 5147 62284630 1
2524 5147 62284640 1
2580 5126 62284650 1
2679 5095 62284660 1
2815 5095 62284670 1
3015 5141 62284680 1
3258 5220 62284690 1
3548 5338 62284700 1
3828 5463 62284710 1
4102 5593 62284720 1
4302 5683 62284730 1
4391 5743 62284740 1
4407 5783 62284750 1
4369 5824 62284760 1
4279 5868 62284770 1
4154 5915 62284780 1
4020 5970 62284790 1
3888 6044 62284800 1
3776 6132 62284810 1
3677 6213 62284820 1
3596 6288 62284830 1
3556 6315 62284840 1
3542 6315 62284850 1
3542 6259 62284860 1
3542 6137 62284870 1
3536 5969 62284880 1
3548 5714 62284890 1
3562 5403 62284900 1
3583 5056 62284910 1
3610 4647 62284920 1
3643 4279 62284930 1
3661 3939 62284940 1
3670 3696 62284950 1
3670 3550 62284960 1
3670 3468 62284970 1
3670 3411 62284980 1
3653 5337 62285081 0
3653 5337 62285091 1
3629 5444 62285101 1
3590 5343 62285111 1
3534 5176 62285121 1
3480 4965 62285131 1
3364 4761 62285141 1
3206 4592 62285151 1
3033 4446 62285161 1
2893 4311 62285171 1
2776 4236 62285181 1
2711 4201 62285191 1
3233 4906 62285251 0
3606 4834 62285261 1
3702 4847 62285271 1
3828 4882 62285281 1
3973 4783 62285291 1
4196 4676 62285301 1
4326 4565 62285311 1
4393 4482 62285321 1
4458 4415 62285331 1
4496 4359 62285341 1
4517 4325 62285351 1
4438 6124 62285511 0
4438 6124 62285521 1
4437 6163 62285531 1
4417 6183 62285541 1
4426 6191 62285551 1
4488 6191 62285561 1
4586 6184 62285571 1
4709 6172 62285581 1
4843 6133 62285591 1
4985 6079 62285601 1
5086 5999 62285611 1
5145 5897 62285621 1
5177 5780 62285631 1
5140 5667 62285641 1
5049 5542 62285651 1
4923 5390 62285661 1
4774 5224 62285671 1
4609 5073 62285681 1
4432 4957 62285691 1
4322 4864 62285701 1
4251 4790 62285711 1
4207 4756 62285721 1
4207 4750 62285731 1
4261 4743 62285741 1
4353 4736 62285751 1
4556 4755 62285761 1
4825 4792 62285771 1
5138 4828 62285781 1
5485 4858 62285791 1
5753 4834 62285801 1
5968 4777 62285811 1
6101 4686 62285821 1
6142 4591 62285831 1
6121 4457 62285841 1
6011 4298 62285851 1
5837 4121 62285861 1
5621 3942 62285871 1
5412 3755 62285881 1
5206 3625 62285891 1
5073 3536 62285901 1
4987 3486 62285911 1
4895 3466 62285921 1
4808 3466 62285931 1
4867 4977 62286002 0
4970 5000 62286012 1
4906 5000 62286022 1
4858 5034 62286032 1
4820 4932 62286042 1
4730 4740 62286052 1
4620 4543 62286062 1
4497 4328 62286072 1
4340 4101 62286082 1
4238 3923 62286092 1
4173 3808 62286102 1
4163 3736 62286112 1
4201 3714 62286122 1
5032 4744 62286192 0
5264 4689 62286202 1
5227 4772 62286212 1
5202 4726 62286222 1
5186 4593 62286232 1
5104 4387 62286242 1
4981 4181 62286252 1
4831 3966 62286262 1
4631 3733 62286272 1
7124 5976 62286873 0
7104 6003 62286883 1
7104 6059 62286893 1
7097 6136 62286903 1
7135 6154 62286913 1
7200 6170 62286923 1
7316 6181 62286933 1
7437 6173 62286943 1
7569 6153 62286953 1
7689 6119 62286963 1
7801 6046 62286973 1
7845 5946 62286983 1
7815 5804 62286993 1
7735 5665 62287003 1
7598 5528 62287013 1
7435 5375 62287023 1
7255 5230 62287033 1
7082 5108 62287043 1
6953 4998 62287053 1
6854 4935 62287063 1
6814 4894 62287073 1
6814 4867 62287083 1
6832 4844 62287093 1
6913 4830 62287103 1
7056 4822 62287113 1
7240 4812 62287123 1
7487 4798 62287133 1
7691 4734 62287143 1
7865 4638 62287153 1
7988 4503 62287163 1
8035 4327 62287173 1
8035 4124 62287183 1
7948 3942 62287193 1
7809 3784 62287203 1
7634 3641 62287213 1
7501 3573 62287223 1
7398 3549 62287233 1
7314 3554 62287243 1
7261 3591 62287253 1
7244 3684 62287263 1
7251 3815 62287273 1
8127 6139 62287354 0
8368 6213 62287364 1
8393 6382 62287374 1
8372 6388 62287384 1
8422 6285 62287394 1
8518 6160 62287404 1
8539 5979 62287414 1
8544 5762 62287424 1
8538 5550 62287434 1
8538 5378 62287444 1
8538 5232 62287454 1
8538 5179 62287464 1
8538 5169 62287474 1
8529 5188 62287484 1
8518 5250 62287494 1
8532 5388 62287504 1
8594 5576 62287514 1
8688 5793 62287524 1
8824 5993 62287534 1
8925 6181 62287544 1
9003 6220 62287554 1
9083 6213 62287564 1
9163 6175 62287574 1
9242 6116 62287584 1
9291 6040 62287594 1
9323 5952 62287604 1
9292 5826 62287614 1
9189 5703 62287624 1
9038 5583 62287634 1
8835 5456 62287644 1
8635 5369 62287654 1
8535 5308 62287664 1
8499 5308 62287674 1
8506 5308 62287684 1
8516 5313 62287694 1
8577 5330 62287704 1
8670 5367 62287714 1
8802 5398 62287724 1
8940 5424 62287734 1
9034 5424 62287744 1
9097 5380 62287754 1
9077 5315 62287764 1
8483 5029 62287815 0
8261 5011 62287825 1
8228 5031 62287835 1
8195 5048 62287845 1
8184 5048 62287855 1
8184 5043 62287865 1
8196 4969 62287875 1
8223 4839 62287885 1
8263 4673 62287895 1
8311 4524 62287905 1
8340 4413 62287915 1
8355 4327 62287925 1
8355 4298 62287935 1
8349 4307 62287945 1
8332 4342 62287955 1
8306 4440 62287965 1
8284 4577 62287975 1
8303 4741 62287985 1
8348 4918 62287995 1
8419 5053 62288005 1
8522 5124 62288015 1
8646 5166 62288025 1
8815 5191 62288035 1
9003 5191 62288045 1
9204 5179 62288055 1
9377 5140 62288065 1
9487 5095 62288075 1
9554 5020 62288085 1
9501 4927 62288095 1
9348 4776 62288105 1
9129 4649 62288115 1
8880 4537 62288125 1
8612 4413 62288135 1
8332 4291 62288145 1
8172 4236 62288155 1
8113 4226 62288165 1
8122 4226 62288175 1
8153 4233 62288185 1
8255 4249 62288195 1
8405 4308 62288205 1
8633 4374 62288215 1
8889 4444 62288225 1
9164 4510 62288235 1
9364 4556 62288245 1
9459 4588 62288255 1
9485 4614 62288265 1
9435 4651 62288275 1
9333 4723 62288285 1
9195 4814 62288295 1
9195 4814 62288305 0
8862 5293 62288315 1
8805 5391 62288325 1
8778 5412 62288335 1
8771 5383 62288345 1
8771 5279 62288355 1
8764 5121 62288365 1
8764 4927 62288375 1
8759 4682 62288385 1
8746 4446 62288395 1
8713 4215 62288405 1
8658 4026 62288415 1
8587 3861 62288425 1
8491 3711 62288435 1
8369 3617 62288445 1
8230 3572 62288455 1
8115 3559 62288465 1
8027 3592 62288475 1
7958 3640 62288485 1
7915 3697 62288495 1
7909 3724 62288505 1
7928 3742 62288515 1
7991 3754 62288525 1
8135 3792 62288535 1
8333 3830 62288545 1
8587 3867 62288555 1
8853 3902 62288565 1
9126 3927 62288575 1
9307 3927 62288585 1
9406 3907 62288595 1
9429 4217 62288656 0
9489 4267 62288666 1
9489 4296 62288676 1
9525 4348 62288686 1
9593 4327 62288696 1
9718 4303 62288706 1
9844 4245 62288716 1
9970 4165 62288726 1
10054 4043 62288736 1
10111 3892 62288746 1
10106 3723 62288756 1
10020 3560 62288766 1
9880 3396 62288776 1
9717 3232 62288786 1
9558 3067 62288796 1
