368
2121 5081 44236799 0
2190 5019 44236809 1
2137 5070 44236819 1
2148 5079 44236829 1
2190 5101 44236839 1
2252 5132 44236849 1
2342 5190 44236859 1
2452 5277 44236869 1
2575 5383 44236879 1
2717 5501 44236889 1
2826 5595 44236899 1
2912 5673 44236909 1
2966 5722 44236919 1
2988 5757 44236929 1
2660 6164 44236999 0
2589 6135 44237009 1
2553 6106 44237019 1
2537 6083 44237029 1
2537 5956 44237039 1
2537 5771 44237049 1
2545 5548 44237059 1
2551 5251 44237069 1
2556 4904 44237079 1
2562 4523 44237089 1
2577 4164 44237099 1
2595 3864 44237109 1
2611 3604 44237119 1
2629 3470 44237129 1
2649 3378 44237139 1
2658 3315 44237149 1
2658 3303 44237159 1
2658 3322 44237169 1
2637 3363 44237179 1
2606 3469 44237189 1
2579 3617 44237199 1
2554 3793 44237209 1
2505 4488 44237249 0
2485 4802 44237259 1
2474 4875 44237269 1
2451 4875 44237279 1
2420 4840 44237289 1
2375 4778 44237299 1
2312 4674 44237309 1
2236 4552 44237319 1
2148 4418 44237329 1
2042 4259 44237339 1
1925 4119 44237349 1
1829 3993 44237359 1
1769 3910 44237369 1
2184 4706 44237470 0
2382 4808 44237480 1
2438 4846 44237490 1
2460 4872 44237500 1
2514 4853 44237510 1
2590 4809 44237520 1
2681 4769 44237530 1
2760 4737 44237540 1
2846 4713 44237550 1
2945 4692 44237560 1
3056 4679 44237570 1
3176 4666 44237580 1
3275 4653 44237590 1
3359 4640 44237600 1
3431 4627 44237610 1
3483 4627 44237620 1
3305 5448 44237730 0
3358 5490 44237740 1
3351 5544 44237750 1
3370 5578 44237760 1
3405 5598 44237770 1
3486 5639 44237780 1
3593 5684 44237790 1
3718 5731 44237800 1
3827 5762 44237810 1
3927 5788 44237830 1
4021 5788 44237840 1
4096 5777 44237850 1
4146 5734 44237860 1
4178 5661 44237870 1
4167 5569 44237880 1
4114 5434 44237890 1
4034 5282 44237900 1
3937 5118 44237910 1
3840 4975 44237920 1
3760 4858 44237930 1
3692 4759 44237940 1
3659 4714 44237950 1
3653 4694 44237960 1
3666 4694 44237970 1
3701 4694 44237980 1
3772 4717 44237990 1
3867 4760 44238000 1
4006 4834 44238010 1
4178 4908 44238020 1
4373 4982 44238030 1
4560 5037 44238040 1
4747 5068 44238050 1
4935 5082 44238050 1
5089 5068 44238060 1
5221 5028 44238070 1
5339 4971 44238080 1
5407 4879 44238090 1
5435 4762 44238100 1
5435 4629 44238110 1
5389 4474 44238120 1
5301 4290 44238130 1
5186 4088 44238140 1
5041 3913 44238150 1
4912 3768 44238160 1
4794 3642 44238170 1
4680 3571 44238180 1
4583 3539 44238190 1
4497 3533 44238200 1
4425 3584 44238210 1
4233 4489 44238271 0
4204 4727 44238281 1
4182 4773 44238291 1
4158 4761 44238301 1
4132 4711 44238311 1
4091 4635 44238321 1
4040 4498 44238331 1
3972 4326 44238341 1
3892 4131 44238351 1
3805 3954 44238361 1
3727 3790 44238371 1
3653 3636 44238381 1
3625 3553 44238391 1
3625 3532 44238401 1
4390 4544 44238471 0
4647 4777 44238481 1
4727 4789 44238491 1
4762 4760 44238501 1
4762 4704 44238511 1
4744 4594 44238521 1
4686 4449 44238531 1
4601 4247 44238541 1
4498 4045 44238551 1
4379 3834 44238561 1
4261 3616 44238571 1
7928 5632 44239432 0
7875 5632 44239442 1
7853 5621 44239452 1
7831 5609 44239462 1
7810 5596 44239472 1
7785 5584 44239482 1
7778 5584 44239492 1
7778 5584 44239502 1
7784 5584 44239512 1
7822 5608 44239522 1
7883 5642 44239532 1
7971 5689 44239542 1
8078 5740 44239552 1
8198 5794 44239562 1
8324 5838 44239572 1
8426 5860 44239582 1
8513 5867 44239592 1
8568 5852 44239602 1
8593 5817 44239612 1
8599 5769 44239622 1
8571 5693 44239632 1
8505 5589 44239642 1
8414 5466 44239652 1
8288 5316 44239662 1
8157 5174 44239672 1
8022 5037 44239682 1
7901 4920 44239692 1
7783 4824 44239702 1
7710 4743 44239712 1
7665 4703 44239713 1
7665 4703 44239723 1
7665 4703 44239733 1
7665 4703 44239743 1
7702 4699 44239753 1
7768 4725 44239763 1
7855 4766 44239773 1
7959 4825 44239783 1
8066 4895 44239793 1
8179 4952 44239803 1
8298 5003 44239813 1
8409 5033 44239823 1
8513 5051 44239833 1
8587 5038 44239843 1
8640 5005 44239853 1
8680 4959 44239863 1
8696 4890 44239873 1
8689 4798 44239883 1
8666 4691 44239893 1
8618 4581 44239903 1
8546 4451 44239913 1
8458 4307 44239923 1
8338 4160 44239933 1
8215 4031 44239943 1
8091 3913 44239953 1
7984 3810 44239963 1
7894 3744 44239973 1
7815 3704 44239983 1
7771 3704 44239993 1
7756 3762 44240003 1
8819 5842 44240184 0
8762 5851 44240194 1
8748 5851 44240204 1
8748 5851 44240214 1
8748 5851 44240224 1
8748 5844 44240234 1
8762 5830 44240244 1
8787 5788 44240254 1
8816 5728 44240264 1
8848 5657 44240274 1
8881 5585 44240284 1
8916 5511 44240294 1
8952 5439 44240304 1
8984 5376 44240314 1
9013 5321 44240324 1
9042 5281 44240334 1
9066 5251 44240344 1
9086 5227 44240354 1
9096 5218 44240364 1
9096 5218 44240374 1
9081 5218 44240384 1
9049 5218 44240394 1
9013 5231 44240404 1
8974 5250 44240414 1
8940 5274 44240424 1
8921 5303 44240434 1
8911 5336 44240444 1
8916 5375 44240454 1
8939 5418 44240464 1
8975 5465 44240474 1
9037 5512 44240484 1
9106 5558 44240494 1
9188 5603 44240504 1
9286 5647 44240514 1
9393 5691 44240524 1
9500 5728 44240534 1
9589 5747 44240544 1
9665 5755 44240554 1
9712 5743 44240564 1
9728 5714 44240574 1
9728 5673 44240584 1
9677 5612 44240594 1
9603 5533 44240604 1
9510 5441 44240614 1
9403 5342 44240624 1
9297 5268 44240634 1
9232 5212 44240644 1
9194 5186 44240654 1
9194 5179 44240664 1
9194 5185 44240674 1
9226 5202 44240684 1
9272 5238 44240694 1
9355 5286 44240704 1
9442 5337 44240714 1
9522 5383 44240724 1
9595 5426 44240734 1
9634 5440 44240744 1
9646 5440 44240754 1
9640 5429 44240764 1
9599 5395 44240774 1
9127 5092 44240824 0
8979 4976 44240834 1
8925 4932 44240844 1
8899 4891 44240854 1
8878 4844 44240864 1
8868 4776 44240874 1
8868 4697 44240884 1
8863 4609 44240894 1
8863 4519 44240904 1
8877 4424 44240914 1
8895 4330 44240924 1
8918 4256 44240934 1
8940 4196 44240944 1
8954 4156 44240954 1
8963 4134 44240964 1
8963 4125 44240974 1
8956 4130 44240984 1
8943 4147 44240994 1
8918 4172 44241004 1
8896 4227 44241014 1
8881 4293 44241024 1
8886 4366 44241034 1
8903 4433 44241044 1
8943 4500 44241054 1
9000 4566 44241065 1
9068 4626 44241075 1
9161 4681 44241085 1
9271 4736 44241095 1
9393 4792 44241105 1
9517 4844 44241115 1
9626 4876 44241125 1
9724 4894 44241135 1
9792 4886 44241145 1
9827 4855 44241155 1
9841 4809 44241165 1
9819 4737 44241175 1
9764 4663 44241185 1
9687 4572 44241195 1
9591 4471 44241205 1
9482 4359 44241215 1
9363 4265 44241225 1
9273 4182 44241235 1
9220 4138 44241245 1
9192 4123 44241255 1
9199 4128 44241265 1
9230 4147 44241275 1
9276 4191 44241285 1
9360 4252 44241295 1
9447 4323 44241305 1
9537 4401 44241315 1
9625 4484 44241325 1
9689 4551 44241335 1
9738 4615 44241345 1
9771 4673 44241355 1
9777 4731 44241365 1
9764 4786 44241375 1
9728 4836 44241385 1
9676 4877 44241395 1
9612 4905 44241405 1
9551 4923 44241415 1
9493 4930 44241425 1
9453 4930 44241435 1
9424 4930 44241445 1
9413 4919 44241455 1
9405 4906 44241465 1
9405 4867 44241475 1
9405 4812 44241485 1
9405 4731 44241495 1
9405 4633 44241505 1
9392 4523 44241515 1
9376 4388 44241525 1
9358 4247 44241535 1
9336 4103 44241545 1
9311 3980 44241555 1
9297 3867 44241565 1
9281 3761 44241575 1
9265 3677 44241585 1
9249 3624 44241595 1
9240 3592 44241605 1
9234 3568 44241615 1
9234 3557 44241625 1
9246 3557 44241635 1
9273 3557 44241645 1
9312 3592 44241655 1
9380 3639 44241665 1
9461 3700 44241675 1
9551 3775 44241685 1
9646 3860 44241695 1
9744 3937 44241705 1
9845 4015 44241715 1
9947 4094 44241725 1
10033 4175 44241735 1
10108 4259 44241745 1
10170 4344 44241755 1
10214 4411 44241765 1
10246 4439 44241775 1
10251 4439 44241785 1
10256 4430 44241795 1
10261 4389 44241805 1
10277 4329 44241815 1
10298 4270 44241825 1
10324 4211 44241835 1
10351 4152 44241845 1
10372 4082 44241855 1
10388 3984 44241865 1
10382 3868 44241875 1
10351 3706 44241885 1
10302 3540 44241895 1
10234 3372 44241905 1
10160 3171 44241915 1
