288
2251 5140 62299111 0
2221 5118 62299121 1
2221 5103 62299131 1
2250 5092 62299141 1
2303 5081 62299151 1
2402 5101 62299161 1
2564 5141 62299171 1
2769 5228 62299181 1
2984 5350 62299191 1
3228 5496 62299201 1
3490 5634 62299211 1
3723 5742 62299221 1
3876 5829 62299231 1
3976 5883 62299241 1
4002 5902 62299251 1
3997 5902 62299261 1
3970 5908 62299271 1
3900 5897 62299281 1
3791 5874 62299291 1
3655 5858 62299301 1
3530 5871 62299311 1
3303 6198 62299361 0
3291 6262 62299371 1
3291 6256 62299381 1
3303 6231 62299391 1
3317 6147 62299401 1
3330 6024 62299411 1
3342 5802 62299421 1
3353 5580 62299431 1
3366 5290 62299441 1
3379 4956 62299451 1
3393 4617 62299461 1
3427 4328 62299471 1
3462 4073 62299481 1
3497 3857 62299491 1
3513 3694 62299501 1
3518 3567 62299511 1
3510 3503 62299521 1
3492 3484 62299531 1
3201 5099 62299611 0
3288 5081 62299621 1
3193 5181 62299631 1
3177 5214 62299641 1
3214 5202 62299651 1
3230 5125 62299661 1
3191 4977 62299671 1
3116 4782 62299681 1
3030 4589 62299692 1
2935 4406 62299702 1
2833 4231 62299712 1
2749 4133 62299722 1
2709 4092 62299732 1
2697 4092 62299742 1
3100 4648 62299802 0
3380 4686 62299812 1
3460 4693 62299822 1
3520 4708 62299832 1
3639 4652 62299842 1
3759 4591 62299852 1
3837 4531 62299862 1
3887 4474 62299872 1
3911 4435 62299882 1
3921 4417 62299892 1
3921 4417 62299902 1
3948 5728 62299982 0
4081 5827 62299992 1
4095 5957 62300002 1
4073 6001 62300012 1
4190 5989 62300022 1
4312 5989 62300032 1
4437 5961 62300042 1
4520 5904 62300052 1
4581 5823 62300062 1
4626 5741 62300072 1
4620 5656 62300082 1
4559 5542 62300092 1
4460 5410 62300102 1
4341 5253 62300112 1
4214 5105 62300122 1
4081 4963 62300132 1
3999 4868 62300142 1
3962 4818 62300152 1
3956 4799 62300162 1
3962 4799 62300172 1
4012 4789 62300182 1
4091 4813 62300192 1
4271 4859 62300202 1
4509 4909 62300212 1
4785 4957 62300222 1
5041 4974 62300232 1
5267 4974 62300242 1
5472 4918 62300252 1
5568 4831 62300262 1
5605 4723 62300272 1
5605 4577 62300282 1
5523 4396 62300292 1
5419 4192 62300302 1
5299 4032 62300312 1
5174 3905 62300322 1
5080 3799 62300332 1
5007 3762 62300333 1
4944 3762 62300343 1
4884 3787 62300353 1
4617 4930 62300433 0
4617 4930 62300443 1
4545 4963 62300453 1
4527 4947 62300463 1
4514 4841 62300473 1
4485 4675 62300483 1
4444 4521 62300493 1
4331 4343 62300503 1
4242 4150 62300513 1
4169 4018 62300523 1
4122 3954 62300533 1
4113 3936 62300543 1
4664 4840 62300613 0
4904 4823 62300623 1
4913 4751 62300633 1
4862 4695 62300643 1
4798 4532 62300653 1
4725 4298 62300663 1
4639 4130 62300673 1
4527 3962 62300683 1
4397 3749 62300693 1
4247 3507 62300703 1
7140 5901 62301444 0
7202 5905 62301454 1
7210 5946 62301464 1
7200 5972 62301474 1
7223 5989 62301484 1
7305 6005 62301494 1
7426 6021 62301504 1
7561 6038 62301514 1
7687 6030 62301524 1
7807 5987 62301534 1
7881 5920 62301544 1
7898 5817 62301554 1
7876 5697 62301564 1
7786 5566 62301574 1
7668 5465 62301584 1
7532 5334 62301594 1
7395 5184 62301604 1
7273 5064 62301614 1
7160 4980 62301624 1
7111 4919 62301624 1
7103 4868 62301634 1
7122 4829 62301644 1
7185 4799 62301654 1
7302 4788 62301664 1
7456 4793 62301674 1
7612 4808 62301684 1
7766 4788 62301694 1
7896 4730 62301704 1
8011 4646 62301714 1
8048 4506 62301724 1
8008 4315 62301734 1
7916 4089 62301744 1
7774 3905 62301754 1
7635 3766 62301764 1
7523 3657 62301774 1
7429 3621 62301784 1
7374 3621 62301794 1
7350 3653 62301804 1
7350 3730 62301814 1
8063 5927 62301905 0
8285 6067 62301915 1
8279 6213 62301925 1
8324 6196 62301935 1
8384 6135 62301945 1
8454 6046 62301955 1
8472 5918 62301965 1
8480 5764 62301975 1
8480 5594 62301985 1
8495 5470 62301995 1
8503 5395 62302005 1
8503 5353 62302015 1
8497 5353 62302025 1
8497 5370 62302035 1
8490 5405 62302045 1
8490 5517 62302055 1
8535 5667 62302065 1
8607 5842 62302075 1
8696 5991 62302085 1
8765 6066 62302095 1
8835 6092 62302105 1
8906 6092 62302115 1
8977 6061 62302125 1
9036 6013 62302135 1
9086 5942 62302145 1
9092 5844 62302155 1
9023 5727 62302165 1
8905 5600 62302175 1
8732 5471 62302185 1
8550 5338 62302195 1
8362 5253 62302205 1
8252 5200 62302215 1
8215 5181 62302225 1
8226 5174 62302235 1
8256 5174 62302245 1
8343 5187 62302255 1
8469 5217 62302265 1
8621 5258 62302275 1
8745 5276 62302285 1
8269 5023 62302355 0
8151 4991 62302365 1
8118 4984 62302375 1
8101 5005 62302385 1
8107 4967 62302395 1
8128 4896 62302405 1
8163 4790 62302415 1
8199 4683 62302425 1
8237 4579 62302435 1
8264 4511 62302445 1
8283 4467 62302455 1
8283 4460 62302465 1
8274 4480 62302475 1
8266 4517 62302485 1
8287 4612 62302495 1
8336 4733 62302505 1
8404 4871 62302515 1
8483 4971 62302525 1
8565 5027 62302535 1
8671 5055 62302545 1
8791 5072 62302555 1
8945 5072 62302565 1
9083 5058 62302575 1
9209 5027 62302585 1
9280 4966 62302595 1
9266 4884 62302605 1
9195 4744 62302615 1
9051 4613 62302625 1
8867 4489 62302635 1
8657 4371 62302645 1
8481 4302 62302655 1
8382 4267 62302665 1
8335 4267 62302675 1
8335 4273 62302685 1
8380 4290 62302695 1
8449 4318 62302705 1
8576 4364 62302715 1
8735 4419 62302725 1
8915 4479 62302735 1
9075 4536 62302745 1
9163 4575 62302755 1
9202 4602 62302765 1
9179 4634 62302775 1
9111 4685 62302785 1
9013 4748 62302795 1
8913 4846 62302805 1
8837 4945 62302815 1
8778 5044 62302825 1
8750 5072 62302835 1
8739 5064 62302845 1
8739 5033 62302855 1
8739 4950 62302865 1
8739 4821 62302875 1
8739 4661 62302885 1
8730 4496 62302895 1
8711 4331 62302905 1
8665 4168 62302915 1
8592 4038 62302925 1
8502 3928 62302935 1
8376 3825 62302945 1
8259 3756 62302956 1
8148 3710 62302966 1
8097 3695 62302976 1
8078 3690 62302986 1
8078 3690 62302996 1
8124 3702 62303006 1
8270 3759 62303016 1
8482 3848 62303026 1
8732 3934 62303036 1
8991 4017 62303046 1
9257 4091 62303056 1
9462 4128 62303066 1
9553 4142 62303076 1
9367 4357 62303137 0
9428 4385 62303147 1
9436 4415 62303157 1
9448 4447 62303167 1
9515 4436 62303177 1
9616 4397 62303187 1
9692 4329 62303197 1
9725 4207 62303207 1
9725 4048 62303217 1
9670 3852 62303227 1
9568 3651 62303237 1
9437 3462 62303247 1
