337
2618 6399 61321856 0
2543 6368 61321866 1
2524 6368 61321876 1
2524 6368 61321886 1
2529 6368 61321896 1
2572 6383 61321906 1
2639 6398 61321916 1
2781 6454 61321926 1
2970 6535 61321936 1
3189 6632 61321946 1
3391 6711 61321956 1
3571 6764 61321966 1
3737 6799 61321976 1
3848 6817 61321986 1
3928 6836 61321996 1
3987 6855 61322006 1
3595 7535 61322106 0
3587 7577 61322116 1
3575 7586 61322126 1
3568 7611 61322146 1
3568 7611 61322156 1
3556 7570 61322166 1
3550 7523 61322176 1
3550 7444 61322186 1
3550 7341 61322196 1
3560 7223 61322206 1
3566 7054 61322216 1
3566 6836 61322226 1
3552 6586 61322236 1
3528 6295 61322246 1
3507 5972 61322256 1
3487 5627 61322266 1
3492 5332 61322276 1
3508 5016 61322286 1
3532 4685 61322296 1
3550 4479 61322306 1
3560 4295 61322316 1
3560 4127 61322326 1
3560 4042 61322336 1
3560 4015 61322346 1
3548 4028 61322356 1
3529 4128 61322366 1
3477 6532 61322567 0
3477 6532 61322577 1
3452 6507 61322587 1
3427 6478 61322597 1
3393 6428 61322607 1
3354 6348 61322617 1
3303 6249 61322627 1
3237 6121 61322637 1
3160 5956 61322647 1
3074 5766 61322657 1
2989 5603 61322667 1
2927 5449 61322677 1
2879 5301 61322687 1
2849 5190 61322697 1
2824 5122 61322707 1
2824 5082 61322717 1
2839 5069 61322727 1
2859 5077 61322737 1
3224 5645 61322967 0
3307 5688 61322977 1
3349 5702 61322987 1
3428 5711 61322997 1
3534 5716 61323007 1
3647 5716 61323017 1
3756 5709 61323027 1
3836 5704 61323037 1
3899 5704 61323047 1
4265 6741 61323358 0
4240 6794 61323368 1
4215 6814 61323378 1
4201 6830 61323388 1
4191 6830 61323398 1
4191 6830 61323408 1
4191 6830 61323418 1
4223 6830 61323428 1
4272 6841 61323438 1
4367 6853 61323448 1
4479 6875 61323458 1
4601 6891 61323468 1
4709 6880 61323478 1
4788 6854 61323488 1
4847 6808 61323498 1
4879 6738 61323508 1
4879 6652 61323518 1
4858 6541 61323528 1
4800 6407 61323538 1
4703 6258 61323548 1
4581 6114 61323558 1
4468 5989 61323568 1
4379 5876 61323578 1
4306 5798 61323588 1
4261 5759 61323598 1
4244 5746 61323608 1
4244 5746 61323618 1
4255 5759 61323628 1
4301 5779 61323638 1
4371 5836 61323648 1
4491 5910 61323658 1
4665 5995 61323668 1
4876 6070 61323678 1
5084 6140 61323688 1
5303 6181 61323698 1
5528 6204 61323708 1
5718 6190 61323718 1
5871 6147 61323728 1
5998 6086 61323738 1
6080 6014 61323748 1
6123 5913 61323758 1
6141 5793 61323768 1
6100 5662 61323778 1
6010 5504 61323788 1
5887 5328 61323798 1
5707 5125 61323808 1
5518 4919 61323818 1
5322 4765 61323828 1
5178 4646 61323838 1
5075 4608 61323848 1
4998 4619 61323858 1
4937 4664 61323868 1
4767 5893 61323989 0
4689 5948 61323999 1
4655 5948 61324009 1
4626 5937 61324019 1
4590 5912 61324029 1
4551 5857 61324039 1
4507 5782 61324049 1
4463 5689 61324059 1
4414 5579 61324069 1
4362 5459 61324079 1
4318 5344 61324089 1
4295 5267 61324099 1
4286 5215 61324109 1
4303 5203 61324119 1
5054 6054 61324209 0
5201 6090 61324219 1
5217 6043 61324229 1
5212 5959 61324239 1
5192 5793 61324249 1
5126 5594 61324259 1
5033 5372 61324269 1
4922 5118 61324279 1
4814 4895 61324289 1
4721 4694 61324299 1
6513 6464 61324810 0
6522 6545 61324820 1
6509 6569 61324830 1
6509 6569 61324840 1
6519 6580 61324850 1
6537 6593 61324860 1
6582 6607 61324870 1
6643 6627 61324880 1
6716 6638 61324890 1
6810 6638 61324900 1
6919 6632 61324910 1
7033 6632 61324920 1
7150 6625 61324930 1
7272 6595 61324940 1
7364 6549 61324950 1
7436 6471 61324960 1
7466 6361 61324970 1
7454 6230 61324980 1
7414 6092 61324990 1
7330 5940 61325000 1
7221 5779 61325010 1
7096 5654 61325020 1
6996 5554 61325030 1
6928 5471 61325040 1
6880 5421 61325050 1
6844 5401 61325060 1
6844 5401 61325070 1
6844 5401 61325080 1
6844 5401 61325090 1
6890 5456 61325100 1
6946 5493 61325110 1
7023 5526 61325120 1
7113 5553 61325130 1
7211 5561 61325140 1
7313 5556 61325150 1
7410 5535 61325160 1
7489 5485 61325170 1
7558 5415 61325180 1
7604 5310 61325190 1
7618 5181 61325200 1
7610 5036 61325210 1
7561 4880 61325220 1
7484 4724 61325230 1
7387 4569 61325240 1
7278 4440 61325250 1
7171 4339 61325260 1
7097 4256 61325270 1
7044 4230 61325280 1
7013 4252 61325290 1
7013 4306 61325300 1
7022 4420 61325310 1
8024 6827 61325621 0
8024 6827 61325631 1
8024 6827 61325641 1
8024 6827 61325651 1
8024 6827 61325661 1
8024 6827 61325671 1
8024 6827 61325681 1
8024 6827 61325691 1
8024 6778 61325701 1
8032 6728 61325711 1
8039 6651 61325721 1
8049 6557 61325731 1
8056 6412 61325741 1
8061 6259 61325751 1
8061 6102 61325761 1
8068 5959 61325771 1
8068 5857 61325781 1
8083 5782 61325791 1
8095 5738 61325801 1
8104 5717 61325811 1
8112 5711 61325821 1
8112 5723 61325831 1
8025 6126 61325891 0
7997 6255 61325901 1
7984 6296 61325911 1
7976 6325 61325921 1
7976 6350 61325931 1
7991 6380 61325941 1
8020 6414 61325951 1
8076 6456 61325961 1
8168 6509 61325971 1
8283 6570 61325981 1
8417 6624 61325991 1
8523 6657 61326001 1
8610 6676 61326011 1
8668 6676 61326021 1
8702 6657 61326031 1
8720 6631 61326041 1
8720 6587 61326051 1
8671 6509 61326061 1
8597 6409 61326071 1
8487 6294 61326081 1
8365 6179 61326091 1
8235 6063 61326101 1
8155 5990 61326111 1
8120 5945 61326121 1
8120 5939 61326131 1
8138 5955 61326141 1
8207 5986 61326151 1
8307 6055 61326161 1
8441 6127 61326171 1
8557 6200 61326181 1
8662 6247 61326191 1
8733 6272 61326201 1
8765 6283 61326211 1
8132 5830 61326312 0
8076 5758 61326322 1
8050 5734 61326332 1
8037 5687 61326342 1
8029 5624 61326352 1
8029 5524 61326362 1
8029 5404 61326372 1
8041 5272 61326382 1
8055 5130 61326392 1
8070 5001 61326402 1
8088 4881 61326412 1
8112 4821 61326422 1
8130 4791 61326432 1
8076 5039 61326482 0
8057 5211 61326492 1
8062 5325 61326502 1
8081 5405 61326512 1
8146 5462 61326522 1
8241 5547 61326532 1
8378 5630 61326542 1
8531 5706 61326552 1
8695 5776 61326562 1
8865 5821 61326572 1
8992 5850 61326582 1
9091 5832 61326592 1
9132 5791 61326602 1
9125 5736 61326612 1
9087 5652 61326622 1
8986 5538 61326632 1
8825 5405 61326642 1
8623 5227 61326652 1
8429 5073 61326662 1
8288 4935 61326672 1
8181 4862 61326682 1
8168 4840 61326692 1
8187 4851 61326702 1
8226 4892 61326712 1
8346 4969 61326722 1
8487 5069 61326732 1
8643 5169 61326742 1
8791 5269 61326752 1
8915 5344 61326762 1
9023 5403 61326772 1
9076 5437 61326782 1
9084 5447 61326792 1
8680 5878 61326893 0
8675 5974 61326903 1
8666 5986 61326913 1
8656 5986 61326923 1
8656 5960 61326933 1
8634 5861 61326943 1
8606 5713 61326953 1
8573 5515 61326963 1
8534 5323 61326973 1
8491 5134 61326983 1
8457 4958 61326993 1
8427 4825 61327003 1
8403 4722 61327013 1
8378 4670 61327023 1
8325 4638 61327033 1
8254 4620 61327043 1
8174 4602 61327053 1
8096 4570 61327063 1
8022 4528 61327073 1
7978 4496 61327083 1
7978 4496 61327093 1
7978 4496 61327103 1
8035 4501 61327113 1
8137 4555 61327123 1
8333 4636 61327133 1
8567 4734 61327143 1
8826 4777 61327153 1
9081 4783 61327163 1
9260 4846 61327173 1
9388 4882 61327183 1
9488 4901 61327193 1
9542 4919 61327203 1
9564 4931 61327213 1
9330 5166 61327283 0
9433 5180 61327293 1
9456 5147 61327303 1
9528 5063 61327313 1
9601 4945 61327323 1
9649 4772 61327333 1
9680 4615 61327343 1
9712 4468 61327353 1
