298
2432 5192 62305640 0
2454 5147 62305650 1
2440 5147 62305660 1
2532 5155 62305670 1
2686 5160 62305680 1
2880 5220 62305690 1
3123 5323 62305700 1
3411 5455 62305710 1
3730 5589 62305720 1
4003 5717 62305730 1
4226 5830 62305740 1
4416 5935 62305750 1
4481 5982 62305760 1
4487 5993 62305770 1
4454 6012 62305780 1
4385 6028 62305790 1
4254 6028 62305800 1
4081 6028 62305810 1
3939 6048 62305820 1
3820 6093 62305830 1
3715 6154 62305840 1
3627 6319 62305870 0
3621 6438 62305880 1
3621 6444 62305890 1
3632 6429 62305900 1
3647 6376 62305910 1
3659 6253 62305920 1
3664 6083 62305930 1
3664 5808 62305940 1
3670 5487 62305950 1
3676 5135 62305960 1
3688 4714 62305970 1
3723 4365 62305980 1
3773 4063 62305990 1
3813 3803 62306001 1
3833 3605 62306011 1
3839 3448 62306021 1
3829 3349 62306031 1
3802 3291 62306041 1
3504 5035 62306141 0
3586 5166 62306151 1
3572 5243 62306161 1
3555 5325 62306171 1
3572 5276 62306181 1
3549 5160 62306191 1
3500 5000 62306201 1
3361 4760 62306211 1
3208 4542 62306221 1
3046 4340 62306231 1
2928 4204 62306241 1
2863 4122 62306251 1
2834 4077 62306261 1
3431 4763 62306331 0
3740 4764 62306341 1
3767 4788 62306351 1
3881 4736 62306361 1
4000 4654 62306371 1
4131 4553 62306381 1
4247 4491 62306391 1
4351 4422 62306401 1
4417 4348 62306411 1
4463 4299 62306421 1
4607 5798 62306511 0
4663 5875 62306521 1
4663 6001 62306531 1
4740 6049 62306541 1
4865 6044 62306551 1
5002 6049 62306561 1
5143 6026 62306571 1
5238 5984 62306581 1
5301 5920 62306591 1
5364 5833 62306601 1
5377 5732 62306611 1
5356 5613 62306621 1
5275 5470 62306631 1
5163 5310 62306641 1
5030 5162 62306651 1
4871 5014 62306661 1
4715 4869 62306671 1
4560 4770 62306681 1
4476 4701 62306691 1
4435 4662 62306701 1
4423 4648 62306711 1
4439 4648 62306721 1
4513 4648 62306731 1
4626 4662 62306741 1
4857 4691 62306751 1
5094 4728 62306761 1
5357 4762 62306771 1
5636 4786 62306781 1
5833 4777 62306791 1
6031 4748 62306801 1
6175 4692 62306811 1
6283 4607 62306821 1
6332 4503 62306831 1
6299 4355 62306841 1
6210 4186 62306851 1
6068 4002 62306861 1
5926 3865 62306871 1
5786 3761 62306881 1
5646 3678 62306891 1
5536 3646 62306901 1
5443 3646 62306911 1
4859 4914 62306992 0
4952 4974 62307002 1
4910 4983 62307012 1
4900 5014 62307022 1
4910 4916 62307032 1
4900 4731 62307042 1
4840 4551 62307052 1
4746 4362 62307062 1
4626 4156 62307072 1
4533 3996 62307082 1
4459 3865 62307092 1
4432 3801 62307102 1
4943 4624 62307172 0
5340 4726 62307182 1
5301 4794 62307192 1
5291 4782 62307202 1
5299 4718 62307212 1
5260 4546 62307222 1
5169 4362 62307232 1
5042 4171 62307242 1
4914 3944 62307252 1
4770 3691 62307262 1
4615 3421 62307272 1
4496 3155 62307282 1
7731 5889 62307994 0
7731 5889 62308004 1
7689 5969 62308014 1
7707 5993 62308024 1
7772 5993 62308034 1
7869 6016 62308044 1
7961 6037 62308054 1
8061 6048 62308064 1
8174 6057 62308074 1
8251 6027 62308084 1
8303 5973 62308094 1
8283 5873 62308104 1
8190 5720 62308114 1
8047 5531 62308124 1
7891 5394 62308134 1
7740 5257 62308144 1
7591 5119 62308154 1
7514 5024 62308164 1
7448 4969 62308174 1
7388 4942 62308184 1
7388 4918 62308194 1
7425 4898 62308204 1
7490 4880 62308214 1
7604 4880 62308224 1
7751 4885 62308234 1
7920 4885 62308244 1
8048 4820 62308254 1
8161 4722 62308264 1
8264 4600 62308274 1
8330 4439 62308284 1
8330 4255 62308294 1
8294 4057 62308304 1
8209 3913 62308314 1
8121 3805 62308324 1
8032 3722 62308334 1
7956 3696 62308344 1
7880 3706 62308354 1
7805 3741 62308364 1
7766 3814 62308374 1
8423 5929 62308464 0
8635 6176 62308474 1
8700 6376 62308484 1
8766 6400 62308494 1
8832 6367 62308504 1
8892 6295 62308514 1
8909 6159 62308524 1
8898 5982 62308534 1
8888 5778 62308544 1
8888 5628 62308554 1
8888 5530 62308564 1
8905 5466 62308574 1
8912 5448 62308584 1
8919 5455 62308594 1
8926 5480 62308604 1
8964 5573 62308614 1
9002 5709 62308624 1
9042 5873 62308634 1
9091 6064 62308644 1
9147 6183 62308654 1
9180 6253 62308664 1
9218 6281 62308674 1
9258 6292 62308684 1
9335 6292 62308694 1
9441 6271 62308704 1
9567 6247 62308714 1
9685 6205 62308724 1
9751 6152 62308734 1
9783 6085 62308744 1
9709 5980 62308754 1
9537 5850 62308764 1
9299 5729 62308774 1
9089 5630 62308784 1
8926 5546 62308794 1
8795 5514 62308804 1
8770 5503 62308814 1
8770 5503 62308824 1
8781 5503 62308834 1
8813 5515 62308844 1
8908 5530 62308854 1
9045 5560 62308864 1
9203 5586 62308874 1
9328 5577 62308884 1
9431 5545 62308894 1
8685 5221 62308955 0
8613 5202 62308965 1
8580 5221 62308975 1
8572 5262 62308985 1
8572 5250 62308995 1
8597 5200 62309005 1
8641 5126 62309015 1
8681 5010 62309025 1
8710 4881 62309035 1
8732 4743 62309045 1
8746 4675 62309055 1
8751 4641 62309065 1
8751 4629 62309075 1
8751 4634 62309085 1
8760 4683 62309095 1
8807 4761 62309105 1
8881 4893 62309115 1
8977 5025 62309125 1
9075 5122 62309135 1
9182 5196 62309145 1
9317 5242 62309155 1
9470 5266 62309165 1
9612 5275 62309175 1
9726 5262 62309185 1
9822 5223 62309195 1
9853 5167 62309205 1
9794 5068 62309215 1
9675 4929 62309225 1
9479 4763 62309235 1
9249 4621 62309245 1
8997 4476 62309255 1
8796 4379 62309265 1
8705 4314 62309275 1
8687 4305 62309285 1
8703 4315 62309295 1
8775 4338 62309305 1
8883 4388 62309315 1
9058 4448 62309325 1
9266 4514 62309335 1
9496 4580 62309345 1
9688 4644 62309355 1
9790 4685 62309365 1
9832 4712 62309375 1
9815 4748 62309385 1
9755 4819 62309395 1
9667 4914 62309405 1
9473 5144 62309436 0
9320 5359 62309446 1
9279 5399 62309456 1
9264 5409 62309466 1
9254 5350 62309476 1
9254 5238 62309486 1
9254 5090 62309496 1
9254 4922 62309506 1
9238 4739 62309516 1
9205 4547 62309526 1
9168 4374 62309536 1
9111 4207 62309546 1
9041 4074 62309556 1
8918 3962 62309566 1
8776 3873 62309576 1
8621 3831 62309586 1
8520 3821 62309596 1
8464 3830 62309606 1
8438 3839 62309616 1
8438 3848 62309626 1
8517 3877 62309636 1
8647 3924 62309646 1
8848 3984 62309656 1
9094 4042 62309656 1
9371 4096 62309666 1
9664 4143 62309676 1
9882 4163 62309686 1
10051 4163 62309696 1
10136 4372 62309756 0
10168 4441 62309766 1
10163 4492 62309776 1
10184 4562 62309786 1
10223 4587 62309796 1
10300 4609 62309806 1
10375 4578 62309816 1
10448 4514 62309826 1
10505 4372 62309836 1
10532 4200 62309846 1
10540 4009 62309856 1
10516 3832 62309866 1
10447 3654 62309876 1
10348 3473 62309886 1
