315
2313 4843 40395502 0
2249 4793 40395512 1
2212 4835 40395522 1
2178 4835 40395532 1
2188 4830 40395542 1
2203 4815 40395552 1
2255 4795 40395562 1
2331 4795 40395572 1
2478 4835 40395582 1
2687 4903 40395592 1
2936 5001 40395602 1
3181 5106 40395612 1
3380 5217 40395622 1
3547 5316 40395632 1
3641 5394 40395642 1
3677 5459 40395652 1
3677 5517 40395662 1
3639 5575 40395672 1
3577 5637 40395682 1
3498 5701 40395692 1
3403 5770 40395702 1
3307 5854 40395712 1
3209 5948 40395722 1
3122 6033 40395732 1
3064 6088 40395742 1
3024 6122 40395752 1
3016 6127 40395762 1
3011 6097 40395772 1
3011 6045 40395782 1
3024 5875 40395792 1
3042 5640 40395802 1
3066 5363 40395812 1
3098 5051 40395822 1
3135 4731 40395832 1
3182 4405 40395842 1
3235 4091 40395852 1
3277 3824 40395862 1
3305 3589 40395872 1
3324 3430 40395882 1
3324 3316 40395892 1
3316 3233 40395902 1
3316 3213 40395912 1
3311 3239 40395922 1
3142 4968 40396033 0
3189 4906 40396043 1
3133 4945 40396053 1
3054 4835 40396063 1
3019 4676 40396073 1
2953 4485 40396083 1
2866 4325 40396093 1
2757 4180 40396103 1
2640 4046 40396113 1
2517 3944 40396123 1
2433 3876 40396133 1
2388 3831 40396143 1
2369 3822 40396153 1
3089 4573 40396233 0
3424 4643 40396243 1
3442 4669 40396253 1
3487 4701 40396263 1
3550 4654 40396273 1
3628 4603 40396283 1
3684 4519 40396293 1
3725 4416 40396303 1
3745 4297 40396313 1
3756 4215 40396313 1
3756 4159 40396323 1
3770 4159 40396333 1
3908 5556 40396423 0
4062 5767 40396433 1
4031 5878 40396443 1
4044 5915 40396453 1
4087 5903 40396463 1
4179 5903 40396473 1
4275 5875 40396483 1
4376 5839 40396493 1
4477 5780 40396503 1
4562 5718 40396513 1
4637 5647 40396523 1
4677 5569 40396533 1
4656 5464 40396543 1
4595 5343 40396553 1
4489 5206 40396563 1
4361 5070 40396573 1
4218 4933 40396583 1
4084 4819 40396593 1
3993 4720 40396603 1
3931 4667 40396613 1
3909 4632 40396623 1
3915 4610 40396633 1
3940 4589 40396643 1
4008 4589 40396653 1
4153 4589 40396663 1
4350 4616 40396673 1
4585 4642 40396683 1
4835 4670 40396693 1
5094 4682 40396703 1
5330 4659 40396713 1
5470 4612 40396723 1
5545 4538 40396733 1
5556 4436 40396743 1
5507 4316 40396753 1
5419 4163 40396763 1
5275 4009 40396773 1
5140 3855 40396783 1
5010 3732 40396793 1
4919 3626 40396803 1
4845 3562 40396813 1
4782 3528 40396823 1
4726 3513 40396833 1
4673 3528 40396843 1
4627 3586 40396853 1
4543 4606 40396924 0
4581 4707 40396934 1
4543 4715 40396944 1
4523 4715 40396954 1
4516 4629 40396964 1
4481 4496 40396974 1
4420 4329 40396984 1
4342 4152 40396994 1
4244 3980 40397004 1
4151 3848 40397014 1
4101 3741 40397024 1
4079 3708 40397034 1
4079 3708 40397044 1
4133 3719 40397054 1
4845 4561 40397124 0
5009 4527 40397134 1
4999 4487 40397144 1
4956 4433 40397154 1
4911 4271 40397164 1
4823 4106 40397174 1
4707 3909 40397184 1
4555 3693 40397194 1
4404 3496 40397204 1
4274 3314 40397214 1
4158 3142 40397224 1
4085 3003 40397234 1
7724 5421 40397785 0
7762 5469 40397795 1
7762 5607 40397805 1
7743 5668 40397815 1
7792 5694 40397825 1
7891 5694 40397835 1
8023 5713 40397845 1
8148 5713 40397855 1
8267 5698 40397865 1
8383 5664 40397875 1
8442 5616 40397885 1
8442 5558 40397895 1
8396 5470 40397905 1
8269 5346 40397915 1
8117 5199 40397925 1
7949 5079 40397935 1
7787 4972 40397945 1
7636 4874 40397955 1
7550 4808 40397965 1
7502 4773 40397975 1
7502 4758 40397985 1
7532 4732 40397995 1
7588 4715 40398005 1
7714 4705 40398015 1
7885 4705 40398025 1
8086 4705 40398035 1
8271 4664 40398045 1
8453 4607 40398055 1
8563 4507 40398065 1
8626 4356 40398075 1
8614 4172 40398085 1
8542 3988 40398095 1
8431 3823 40398105 1
8300 3671 40398115 1
8186 3591 40398125 1
8082 3543 40398135 1
7992 3517 40398145 1
7926 3529 40398155 1
7876 3577 40398165 1
7856 3649 40398175 1
7890 3805 40398185 1
7959 4024 40398195 1
8740 5817 40398266 0
8889 5971 40398276 1
8902 6027 40398286 1
8902 6065 40398296 1
8954 6023 40398306 1
8996 5929 40398316 1
9029 5800 40398326 1
9041 5632 40398336 1
9041 5440 40398346 1
9041 5231 40398356 1
9041 5094 40398366 1
9030 5021 40398376 1
9019 4991 40398386 1
9012 4991 40398396 1
8995 5035 40398406 1
8972 5103 40398416 1
8961 5225 40398426 1
8974 5387 40398436 1
9003 5576 40398446 1
9070 5771 40398456 1
9142 5945 40398466 1
9216 6106 40398476 1
9258 6151 40398486 1
9309 6158 40398496 1
9367 6141 40398506 1
9436 6110 40398516 1
9496 6051 40398526 1
9550 5974 40398536 1
9556 5864 40398546 1
9478 5739 40398556 1
9345 5604 40398566 1
9174 5466 40398576 1
9009 5348 40398586 1
8849 5243 40398596 1
8781 5200 40398606 1
8760 5186 40398616 1
8769 5192 40398626 1
8789 5192 40398636 1
8873 5199 40398646 1
8999 5217 40398656 1
9149 5233 40398666 1
9273 5228 40398676 1
9379 5210 40398686 1
9018 5063 40398736 0
8830 5021 40398746 1
8777 5035 40398756 1
8751 5035 40398766 1
8742 5026 40398776 1
8747 5008 40398786 1
8756 4951 40398796 1
8782 4867 40398806 1
8818 4749 40398816 1
8860 4651 40398826 1
8900 4567 40398836 1
8924 4502 40398846 1
8938 4471 40398856 1
8938 4463 40398866 1
8944 4463 40398876 1
8944 4510 40398886 1
8964 4585 40398896 1
9003 4696 40398906 1
9056 4817 40398916 1
9127 4944 40398926 1
9204 5037 40398936 1
9302 5092 40398946 1
9413 5121 40398956 1
9535 5129 40398966 1
9635 5114 40398976 1
9719 5084 40398986 1
9758 5036 40398996 1
9737 4954 40399006 1
9675 4850 40399016 1
9544 4707 40399026 1
9385 4587 40399036 1
9206 4482 40399046 1
9039 4374 40399057 1
8940 4308 40399067 1
8887 4269 40399077 1
8887 4250 40399087 1
8915 4240 40399097 1
8958 4235 40399107 1
9054 4264 40399117 1
9207 4323 40399127 1
9399 4403 40399137 1
9594 4464 40399147 1
9744 4518 40399157 1
9865 4559 40399167 1
9900 4590 40399177 1
9880 4630 40399187 1
9824 4677 40399197 1
9728 4742 40399207 1
9632 4835 40399217 1
9535 4946 40399227 1
9464 5057 40399237 1
9414 5137 40399247 1
9379 5196 40399257 1
9365 5196 40399267 1
9357 5172 40399277 1
9343 5122 40399287 1
9322 4984 40399297 1
9283 4807 40399307 1
9238 4603 40399317 1
9190 4413 40399327 1
9147 4223 40399337 1
9105 4067 40399347 1
9059 3935 40399357 1
8993 3820 40399367 1
8917 3735 40399377 1
8845 3670 40399387 1
8797 3646 40399397 1
8766 3638 40399407 1
8749 3638 40399417 1
8736 3647 40399427 1
8741 3653 40399437 1
8755 3659 40399447 1
8816 3676 40399457 1
8922 3699 40399467 1
9057 3719 40399477 1
9213 3748 40399487 1
9372 3782 40399497 1
9505 3806 40399507 1
9620 3830 40399517 1
10006 4391 40399588 0
10006 4391 40399598 1
10006 4391 40399608 1
10006 4391 40399618 1
10071 4340 40399628 1
10141 4256 40399638 1
10226 4152 40399648 1
10284 4029 40399658 1
10323 3888 40399668 1
10341 3735 40399678 1
10314 3612 40399688 1
10257 3492 40399698 1
10155 3374 40399708 1
