288
2273 4885 40367211 0
2301 4875 40367221 1
2283 4957 40367231 1
2245 4986 40367241 1
2194 4986 40367251 1
2215 4976 40367261 1
2259 4965 40367271 1
2317 4960 40367281 1
2446 4960 40367291 1
2641 4999 40367301 1
2880 5077 40367311 1
3138 5181 40367321 1
3437 5304 40367331 1
3763 5424 40367341 1
3969 5542 40367351 1
4096 5598 40367361 1
4171 5620 40367371 1
4171 5620 40367381 1
4138 5637 40367391 1
4077 5655 40367401 1
3962 5674 40367411 1
3814 5685 40367421 1
3645 5711 40367431 1
3503 5748 40367441 1
3406 5803 40367451 1
3340 5857 40367461 1
3298 5876 40367471 1
3280 5876 40367481 1
3280 5838 40367491 1
3280 5720 40367501 1
3273 5548 40367511 1
3273 5285 40367521 1
3290 4990 40367531 1
3313 4673 40367541 1
3340 4387 40367551 1
3369 4101 40367561 1
3397 3874 40367571 1
3425 3686 40367581 1
3445 3577 40367591 1
3460 3507 40367601 1
3472 3462 40367611 1
3479 3462 40367621 1
3315 5065 40367702 0
3432 5074 40367712 1
3354 5066 40367722 1
3293 5044 40367732 1
3244 4916 40367742 1
3161 4718 40367752 1
3033 4525 40367762 1
2874 4328 40367772 1
2720 4172 40367782 1
2602 4045 40367792 1
2509 3992 40367802 1
2481 3972 40367812 1
3285 4724 40367892 0
3643 4662 40367902 1
3710 4651 40367912 1
3725 4665 40367922 1
3806 4591 40367932 1
3892 4522 40367942 1
3942 4457 40367952 1
3965 4413 40367962 1
3992 4387 40367972 1
4188 5792 40368072 0
4328 5880 40368082 1
4283 5936 40368092 1
4304 5968 40368102 1
4370 5935 40368112 1
4468 5899 40368122 1
4551 5839 40368132 1
4624 5765 40368142 1
4683 5683 40368152 1
4710 5597 40368162 1
4715 5485 40368172 1
4635 5357 40368182 1
4501 5214 40368192 1
4331 5081 40368202 1
4141 4956 40368212 1
3985 4842 40368222 1
3851 4767 40368232 1
3783 4718 40368242 1
3753 4687 40368252 1
3748 4667 40368262 1
3786 4655 40368272 1
3907 4639 40368282 1
4083 4652 40368292 1
4386 4684 40368302 1
4710 4717 40368312 1
5047 4717 40368322 1
5327 4707 40368332 1
5525 4639 40368342 1
5668 4540 40368352 1
5729 4420 40368362 1
5729 4267 40368372 1
5693 4114 40368382 1
5590 3963 40368392 1
5447 3813 40368402 1
5277 3689 40368412 1
5123 3615 40368423 1
5009 3575 40368433 1
4921 3575 40368443 1
4850 3612 40368453 1
4612 4806 40368533 0
4612 4806 40368543 1
4580 4797 40368553 1
4501 4719 40368563 1
4452 4566 40368573 1
4346 4364 40368583 1
4201 4150 40368593 1
4078 3988 40368603 1
4017 3862 40368613 1
3997 3805 40368623 1
4026 3787 40368633 1
4677 4516 40368693 0
4879 4536 40368703 1
4874 4536 40368713 1
4869 4555 40368723 1
4842 4443 40368733 1
4800 4266 40368743 1
4676 4046 40368753 1
4547 3825 40368763 1
4415 3614 40368773 1
7532 5732 40369234 0
7549 5692 40369244 1
7531 5785 40369254 1
7496 5848 40369264 1
7451 5892 40369274 1
7480 5898 40369284 1
7557 5916 40369294 1
7662 5941 40369304 1
7785 5946 40369314 1
7921 5922 40369324 1
8010 5880 40369334 1
8062 5807 40369344 1
8090 5734 40369354 1
8052 5628 40369364 1
7949 5501 40369374 1
7803 5349 40369384 1
7633 5210 40369394 1
7467 5080 40369404 1
7310 4981 40369414 1
7203 4909 40369424 1
7127 4856 40369434 1
7101 4821 40369444 1
7101 4800 40369454 1
7124 4788 40369464 1
7199 4779 40369474 1
7354 4788 40369484 1
7562 4808 40369494 1
7797 4830 40369504 1
8038 4817 40369514 1
8235 4782 40369524 1
8401 4695 40369534 1
8504 4562 40369544 1
8520 4398 40369554 1
8477 4200 40369564 1
8354 4023 40369574 1
8207 3861 40369584 1
8044 3723 40369594 1
7881 3640 40369604 1
7735 3595 40369614 1
7599 3589 40369624 1
7517 3614 40369634 1
7469 3659 40369644 1
7443 3752 40369654 1
7487 3922 40369664 1
8495 5896 40369735 0
8730 6023 40369745 1
8758 6101 40369755 1
8731 6148 40369765 1
8746 6119 40369775 1
8772 6040 40369785 1
8805 5924 40369795 1
8783 5773 40369805 1
8757 5599 40369815 1
8729 5424 40369825 1
8719 5294 40369835 1
8713 5195 40369845 1
8713 5160 40369855 1
8713 5153 40369865 1
8721 5164 40369875 1
8732 5214 40369885 1
8794 5333 40369895 1
8888 5499 40369905 1
9006 5672 40369915 1
9111 5842 40369925 1
9207 5956 40369935 1
9303 6035 40369945 1
9377 6071 40369955 1
9436 6077 40369965 1
9505 6062 40369975 1
9538 6006 40369985 1
9546 5909 40369995 1
9483 5785 40370005 1
9356 5655 40370015 1
9187 5524 40370025 1
9027 5397 40370035 1
8920 5318 40370045 1
8849 5269 40370055 1
8843 5261 40370065 1
8862 5261 40370075 1
8898 5261 40370085 1
9029 5289 40370095 1
9192 5331 40370105 1
9376 5381 40370115 1
9561 5396 40370125 1
9664 5372 40370135 1
8938 5022 40370215 0
8828 4979 40370225 1
8784 4967 40370235 1
8771 4976 40370245 1
8763 4953 40370255 1
8768 4909 40370265 1
8781 4797 40370275 1
8798 4682 40370285 1
8808 4564 40370295 1
8808 4451 40370305 1
8835 4381 40370315 1
8858 4339 40370325 1
8880 4324 40370335 1
8903 4352 40370345 1
8930 4409 40370355 1
8991 4518 40370365 1
9055 4636 40370375 1
9125 4760 40370385 1
9224 4886 40370395 1
9340 4959 40370405 1
9473 4997 40370415 1
9593 5015 40370425 1
9704 5003 40370435 1
9763 4971 40370445 1
9776 4909 40370455 1
9758 4806 40370465 1
9661 4677 40370475 1
9496 4550 40370485 1
9286 4409 40370495 1
9063 4258 40370505 1
8846 4148 40370515 1
8741 4095 40370525 1
8709 4081 40370535 1
8718 4075 40370545 1
8765 4075 40370555 1
8837 4090 40370565 1
9016 4135 40370575 1
9218 4195 40370585 1
9434 4264 40370595 1
9627 4332 40370605 1
9740 4394 40370615 1
9800 4441 40370625 1
9794 4481 40370635 1
9355 5097 40370686 0
9241 5132 40370696 1
9189 5108 40370706 1
9155 5087 40370716 1
9147 4963 40370726 1
9155 4809 40370736 1
9155 4635 40370746 1
9146 4453 40370756 1
9126 4270 40370766 1
9095 4122 40370776 1
9039 3998 40370786 1
8966 3884 40370796 1
8867 3794 40370806 1
8794 3721 40370816 1
8738 3690 40370826 1
8695 3673 40370836 1
8683 3666 40370846 1
8691 3666 40370856 1
8702 3666 40370866 1
8799 3694 40370876 1
8953 3737 40370886 1
9143 3793 40370896 1
9354 3847 40370906 1
9580 3896 40370916 1
9744 3930 40370926 1
10046 4202 40370997 0
10088 4276 40371007 1
10088 4306 40371017 1
10095 4343 40371027 1
10108 4343 40371037 1
10158 4308 40371047 1
10231 4258 40371057 1
10306 4168 40371067 1
10383 4063 40371077 1
10443 3948 40371087 1
10491 3847 40371097 1
10485 3746 40371107 1
10430 3647 40371117 1
