333
2538 4758 58352376 0
2605 4784 58352386 1
2644 4819 58352396 1
2733 4853 58352406 1
2845 4860 58352416 1
2973 4867 58352426 1
3145 4885 58352436 1
3317 4912 58352446 1
3485 4975 58352456 1
3620 5022 58352466 1
3735 5059 58352476 1
3800 5085 58352486 1
3832 5110 58352496 1
3843 5131 58352506 1
3827 5181 58352516 1
3785 5250 58352526 1
3726 5340 58352536 1
3641 5441 58352546 1
3560 5549 58352556 1
3481 5631 58352566 1
3417 5684 58352576 1
3372 5719 58352586 1
3340 5726 58352596 1
3327 5702 58352606 1
3317 5658 58352616 1
3317 5534 58352626 1
3317 5291 58352636 1
3317 4969 58352646 1
3317 4553 58352656 1
3312 4153 58352666 1
3312 3763 58352676 1
3312 3494 58352686 1
3304 3320 58352696 1
3291 3209 58352706 1
3277 3124 58352716 1
3263 3081 58352726 1
3263 3067 58352736 1
3263 3067 58352746 1
3263 3067 58352756 1
3263 3132 58352766 1
3271 3261 58352776 1
3341 4644 58352846 0
3413 4811 58352856 1
3406 4847 58352866 1
3394 4838 58352876 1
3379 4798 58352886 1
3342 4695 58352896 1
3285 4569 58352906 1
3214 4427 58352916 1
3138 4290 58352926 1
3065 4195 58352936 1
3012 4129 58352946 1
2971 4090 58352956 1
3089 4302 58353007 0
3282 4488 58353017 1
3377 4551 58353027 1
3461 4585 58353037 1
3560 4573 58353047 1
3664 4530 58353057 1
3776 4471 58353067 1
3863 4420 58353077 1
3933 4375 58353087 1
3988 4355 58353097 1
4031 4345 58353107 1
4066 4345 58353117 1
4167 5347 58353267 0
4161 5374 58353277 1
4152 5428 58353287 1
4152 5447 58353297 1
4170 5442 58353307 1
4210 5437 58353317 1
4254 5437 58353327 1
4300 5437 58353337 1
4352 5437 58353347 1
4409 5442 58353357 1
4471 5442 58353367 1
4540 5442 58353377 1
4614 5436 58353387 1
4691 5427 58353397 1
4754 5412 58353407 1
4808 5391 58353417 1
4839 5361 58353427 1
4848 5319 58353437 1
4842 5250 58353447 1
4801 5165 58353457 1
4724 5066 58353467 1
4622 4955 58353477 1
4521 4837 58353487 1
4421 4728 58353497 1
4322 4644 58353507 1
4223 4576 58353517 1
4136 4520 58353527 1
4081 4482 58353537 1
4048 4456 58353547 1
4048 4456 58353557 1
4057 4461 58353567 1
4102 4473 58353577 1
4169 4516 58353587 1
4271 4566 58353597 1
4399 4621 58353607 1
4544 4668 58353617 1
4711 4695 58353627 1
4886 4709 58353637 1
5066 4709 58353647 1
5256 4685 58353657 1
5427 4641 58353667 1
5584 4559 58353677 1
5708 4435 58353687 1
5795 4284 58353697 1
5856 4118 58353707 1
5870 3955 58353717 1
5835 3792 58353727 1
5766 3654 58353737 1
5658 3534 58353747 1
5520 3433 58353757 1
5363 3326 58353767 1
5197 3230 58353777 1
5043 3144 58353787 1
4926 3094 58353797 1
4828 3083 58353807 1
4759 3097 58353817 1
4708 3152 58353827 1
4926 4481 58353918 0
5084 4499 58353928 1
5061 4499 58353938 1
5043 4464 58353948 1
5029 4386 58353958 1
4979 4278 58353968 1
4905 4165 58353978 1
4814 4066 58353988 1
4710 3977 58353998 1
4627 3908 58354008 1
4559 3863 58354018 1
4519 3834 58354028 1
5176 4408 58354118 0
5347 4341 58354128 1
5347 4302 58354138 1
5328 4210 58354148 1
5285 4079 58354158 1
5224 3921 58354168 1
5146 3793 58354178 1
5062 3700 58354188 1
4975 3631 58354198 1
4904 3589 58354208 1
4838 3563 58354218 1
4806 3549 58354228 1
6902 5193 58354509 0
6902 5193 58354519 1
6858 5224 58354529 1
6833 5244 58354539 1
6833 5250 58354549 1
6833 5250 58354559 1
6841 5250 58354569 1
6871 5264 58354579 1
6913 5285 58354589 1
6967 5302 58354599 1
7026 5317 58354609 1
7095 5327 58354619 1
7178 5332 58354629 1
7270 5332 58354639 1
7370 5337 58354649 1
7457 5337 58354659 1
7536 5337 58354669 1
7586 5325 58354679 1
7618 5299 58354689 1
7637 5263 58354699 1
7637 5212 58354709 1
7606 5151 58354719 1
7557 5071 58354729 1
7486 4960 58354739 1
7389 4829 58354749 1
7275 4684 58354759 1
7163 4555 58354769 1
7054 4437 58354779 1
6961 4338 58354789 1
6878 4254 58354799 1
6804 4181 58354809 1
6758 4128 58354819 1
6731 4102 58354829 1
6731 4095 58354839 1
6731 4095 58354849 1
6758 4104 58354859 1
6803 4116 58354869 1
6903 4159 58354879 1
7008 4202 58354889 1
7121 4223 58354899 1
7238 4230 58354909 1
7357 4206 58354919 1
7462 4164 58354929 1
7557 4110 58354939 1
7634 4037 58354949 1
7690 3962 58354959 1
7731 3879 58354969 1
7737 3790 58354979 1
7701 3704 58354989 1
7637 3622 58354999 1
7538 3552 58355009 1
7405 3482 58355019 1
7250 3418 58355029 1
7100 3358 58355039 1
6989 3328 58355049 1
6904 3328 58355059 1
6869 3344 58355069 1
7940 5377 58355350 0
7995 5378 58355360 1
7984 5378 58355370 1
7992 5336 58355380 1
8013 5265 58355390 1
8037 5170 58355400 1
8062 5093 58355410 1
8086 5029 58355420 1
8098 4993 58355430 1
8103 4974 58355440 1
8103 4967 58355450 1
8108 4967 58355460 1
8108 4961 58355470 1
8076 5218 58355540 0
8120 5337 58355550 1
8120 5380 58355560 1
8143 5419 58355570 1
8185 5440 58355580 1
8259 5460 58355590 1
8351 5478 58355600 1
8456 5493 58355610 1
8559 5501 58355620 1
8653 5501 58355630 1
8742 5491 58355640 1
8822 5473 58355650 1
8891 5445 58355660 1
8952 5412 58355670 1
8979 5376 58355680 1
8986 5338 58355690 1
8980 5299 58355700 1
8922 5239 58355710 1
8830 5167 58355720 1
8716 5090 58355730 1
8593 5012 58355740 1
8470 4952 58355750 1
8367 4903 58355760 1
8276 4872 58355770 1
8211 4858 58355780 1
8181 4858 58355790 1
8173 4858 58355800 1
8180 4870 58355811 1
8180 4870 58355821 1
8233 4916 58355831 1
8294 4956 58355841 1
8378 5001 58355851 1
8161 4635 58355971 0
8061 4428 58355981 1
8011 4417 58355991 1
7957 4318 58356001 1
7957 4160 58356011 1
7983 4074 58356021 1
8021 4017 58356031 1
8044 3980 58356041 1
8054 3967 58356051 1
8054 3961 58356061 1
8054 3961 58356071 1
8061 3961 58356081 1
8066 3961 58356091 1
8075 3984 58356101 1
8090 4017 58356111 1
8108 4068 58356121 1
8130 4142 58356131 1
8159 4231 58356141 1
8194 4322 58356151 1
8248 4411 58356161 1
8325 4473 58356171 1
8417 4517 58356181 1
8515 4540 58356191 1
8612 4559 58356201 1
8707 4570 58356211 1
8800 4564 58356221 1
8884 4547 58356231 1
8953 4517 58356241 1
9013 4484 58356251 1
9053 4446 58356261 1
9068 4410 58356271 1
9068 4370 58356281 1
9039 4328 58356291 1
8959 4259 58356301 1
8843 4186 58356311 1
8721 4121 58356321 1
8607 4064 58356331 1
8513 4028 58356341 1
8429 4013 58356351 1
8363 4013 58356361 1
8326 4034 58356371 1
8307 4086 58356381 1
8316 4160 58356391 1
8346 4275 58356401 1
8389 4405 58356411 1
8431 4546 58356421 1
8465 4631 58356431 1
8493 4676 58356441 1
8519 4694 58356451 1
8546 4682 58356461 1
8574 4635 58356471 1
8594 4564 58356481 1
8609 4446 58356491 1
8595 4301 58356501 1
8568 4137 58356511 1
8532 3995 58356521 1
8503 3869 58356531 1
8477 3754 58356541 1
8459 3671 58356551 1
8450 3610 58356561 1
8450 3563 58356571 1
8471 3529 58356581 1
8504 3517 58356591 1
8567 3517 58356601 1
8648 3553 58356611 1
8741 3601 58356621 1
8836 3658 58356631 1
8932 3718 58356641 1
9026 3775 58356651 1
9102 3813 58356661 1
9168 3839 58356671 1
9229 3859 58356681 1
9286 3879 58356691 1
9341 3907 58356701 1
9389 3940 58356711 1
9427 3965 58356721 1
9457 3965 58356731 1
9483 3960 58356741 1
9529 3929 58356751 1
9588 3847 58356761 1
9657 3730 58356771 1
9724 3603 58356781 1
9748 3471 58356791 1
9748 3337 58356801 1
9666 3203 58356811 1
