357
2034 5608 61537385 0
1978 5608 61537395 1
1931 5601 61537405 1
1916 5601 61537415 1
1922 5570 61537425 1
1942 5546 61537435 1
1975 5525 61537445 1
2035 5503 61537455 1
2114 5503 61537465 1
2229 5519 61537475 1
2391 5575 61537485 1
2584 5647 61537495 1
2791 5729 61537505 1
2992 5814 61537515 1
3186 5898 61537525 1
3338 5981 61537536 1
3459 6041 61537546 1
3547 6096 61537556 1
3599 6133 61537566 1
3201 6781 61537696 0
3201 6828 61537706 1
3195 6828 61537716 1
3183 6822 61537726 1
3183 6774 61537736 1
3171 6687 61537746 1
3158 6575 61537756 1
3136 6404 61537766 1
3112 6180 61537776 1
3087 5920 61537786 1
3054 5620 61537796 1
3024 5273 61537806 1
3000 4896 61537816 1
2985 4546 61537826 1
2985 4224 61537836 1
2985 3922 61537846 1
3000 3656 61537856 1
3006 3489 61537866 1
3006 3389 61537876 1
3006 3325 61537886 1
3001 3325 61537896 1
2992 3358 61537906 1
2977 3472 61537916 1
2955 5574 61538006 0
3000 5712 61538016 1
2991 5734 61538026 1
2966 5727 61538036 1
2926 5700 61538046 1
2877 5628 61538056 1
2809 5494 61538066 1
2716 5320 61538076 1
2607 5156 61538086 1
2492 4966 61538096 1
2388 4760 61538106 1
2307 4618 61538116 1
2237 4526 61538126 1
2195 4467 61538136 1
2185 4467 61538146 1
2593 5335 61538237 0
2818 5440 61538247 1
2905 5479 61538257 1
2989 5462 61538267 1
3101 5409 61538277 1
3212 5341 61538287 1
3319 5272 61538297 1
3404 5205 61538307 1
3477 5152 61538317 1
3536 5106 61538327 1
3579 5084 61538337 1
3612 5078 61538347 1
3632 5084 61538357 1
3726 6281 61538477 0
3783 6291 61538487 1
3774 6346 61538497 1
3813 6369 61538507 1
3880 6369 61538517 1
3965 6369 61538527 1
4047 6359 61538537 1
4137 6335 61538547 1
4232 6294 61538557 1
4312 6248 61538567 1
4376 6191 61538577 1
4428 6127 61538587 1
4462 6056 61538597 1
4467 5983 61538607 1
4453 5887 61538617 1
4400 5776 61538627 1
4304 5656 61538637 1
4178 5523 61538647 1
4020 5381 61538657 1
3891 5234 61538667 1
3780 5139 61538677 1
3719 5098 61538687 1
3696 5092 61538697 1
3696 5092 61538707 1
3706 5126 61538717 1
3748 5158 61538727 1
3812 5216 61538737 1
3924 5289 61538747 1
4069 5371 61538757 1
4235 5432 61538767 1
4412 5472 61538777 1
4615 5498 61538787 1
4834 5513 61538797 1
5028 5528 61538807 1
5238 5528 61538817 1
5458 5509 61538827 1
5640 5477 61538837 1
5785 5440 61538847 1
5904 5357 61538857 1
5962 5245 61538867 1
5971 5106 61538877 1
5946 4949 61538887 1
5868 4779 61538897 1
5730 4612 61538907 1
5552 4441 61538917 1
5351 4259 61538927 1
5155 4072 61538937 1
4963 3963 61538947 1
4848 3937 61538957 1
4748 3967 61538967 1
4657 4054 61538977 1
4749 5401 61539058 0
4810 5424 61539068 1
4788 5401 61539078 1
4741 5347 61539088 1
4688 5258 61539098 1
4614 5145 61539108 1
4527 4995 61539118 1
4437 4842 61539128 1
4352 4686 61539138 1
4292 4582 61539148 1
4247 4523 61539158 1
4239 4494 61539168 1
4260 4513 61539178 1
4989 5402 61539258 0
5248 5366 61539268 1
5294 5321 61539278 1
5294 5286 61539288 1
5277 5158 61539298 1
5208 4995 61539308 1
5102 4809 61539318 1
4975 4604 61539328 1
4839 4399 61539338 1
4696 4193 61539348 1
4569 4022 61539358 1
4506 3946 61539368 1
7510 6524 61539659 0
7459 6591 61539669 1
7445 6631 61539679 1
7438 6649 61539689 1
7433 6649 61539699 1
7446 6665 61539709 1
7470 6674 61539719 1
7510 6674 61539729 1
7579 6674 61539739 1
7668 6657 61539749 1
7772 6625 61539759 1
7878 6581 61539769 1
7968 6524 61539779 1
8047 6462 61539789 1
8123 6394 61539799 1
8193 6323 61539809 1
8260 6248 61539819 1
8310 6168 61539829 1
8330 6071 61539839 1
8330 5963 61539849 1
8284 5831 61539859 1
8212 5710 61539869 1
8122 5597 61539879 1
8017 5484 61539889 1
7912 5370 61539899 1
7817 5286 61539909 1
7728 5221 61539919 1
7682 5189 61539929 1
7655 5175 61539939 1
7641 5175 61539949 1
7641 5175 61539959 1
7647 5194 61539969 1
7679 5218 61539979 1
7727 5250 61539989 1
7807 5284 61539999 1
7897 5320 61540009 1
7994 5342 61540019 1
8075 5349 61540029 1
8156 5349 61540039 1
8237 5323 61540049 1
8311 5284 61540059 1
8370 5235 61540069 1
8419 5165 61540079 1
8450 5075 61540089 1
8450 4973 61540099 1
8434 4839 61540109 1
8388 4700 61540119 1
8312 4556 61540129 1
8217 4410 61540139 1
8108 4237 61540149 1
7985 4076 61540159 1
7853 3922 61540169 1
7721 3795 61540179 1
7624 3713 61540189 1
7551 3660 61540199 1
7511 3660 61540209 1
7511 3739 61540219 1
8961 6270 61540350 0
9032 6337 61540360 1
9032 6408 61540370 1
9032 6428 61540380 1
9032 6434 61540390 1
9032 6434 61540400 1
9041 6424 61540410 1
9053 6391 61540420 1
9068 6340 61540430 1
9082 6252 61540440 1
9096 6147 61540450 1
9104 6032 61540460 1
9109 5876 61540470 1
9109 5730 61540480 1
9109 5591 61540490 1
9104 5475 61540500 1
9115 5395 61540510 1
9130 5339 61540520 1
9150 5315 61540530 1
9098 5805 61540610 0
9098 5959 61540620 1
9098 6015 61540630 1
9121 6061 61540640 1
9163 6093 61540650 1
9243 6135 61540660 1
9342 6181 61540670 1
9453 6214 61540680 1
9579 6248 61540690 1
9680 6282 61540700 1
9765 6277 61540710 1
9810 6268 61540720 1
9823 6237 61540730 1
9814 6193 61540740 1
9758 6106 61540750 1
9662 5990 61540760 1
9539 5855 61540770 1
9387 5720 61540780 1
9238 5611 61540790 1
9139 5520 61540800 1
9071 5449 61540810 1
9044 5390 61540820 1
9030 5338 61540830 1
9024 5284 61540840 1
9024 5232 61540850 1
9024 5159 61540860 1
9029 5071 61540870 1
9023 4969 61540880 1
9011 4849 61540890 1
8995 4716 61540900 1
8981 4615 61540901 1
8967 4525 61540911 1
8967 4442 61540921 1
8962 4380 61540931 1
8969 4348 61540941 1
8977 4336 61540951 1
8986 4344 61540961 1
8994 4383 61540971 1
9004 4444 61540981 1
9004 4509 61540991 1
8994 4583 61541001 1
8981 4663 61541011 1
8971 4742 61541021 1
8971 4815 61541031 1
8971 4863 61541041 1
8971 4897 61541051 1
8984 4927 61541061 1
9022 4959 61541071 1
9075 5001 61541081 1
9166 5050 61541091 1
9291 5110 61541101 1
9439 5168 61541111 1
9574 5217 61541121 1
9674 5230 61541131 1
9751 5220 61541141 1
9802 5194 61541151 1
9823 5164 61541161 1
9823 5109 61541171 1
9781 5040 61541181 1
9685 4939 61541191 1
9553 4816 61541201 1
9382 4679 61541211 1
9209 4556 61541221 1
9035 4450 61541231 1
8916 4355 61541241 1
8860 4307 61541251 1
8847 4297 61541261 1
8873 4312 61541271 1
8952 4369 61541281 1
9065 4443 61541291 1
9192 4528 61541301 1
9319 4603 61541311 1
9446 4674 61541321 1
9545 4736 61541331 1
9627 4790 61541341 1
9688 4839 61541351 1
9717 4866 61541361 1
9725 4878 61541371 1
9715 4878 61541381 1
9532 5300 61541481 0
9545 5461 61541491 1
9545 5505 61541501 1
9533 5529 61541511 1
9533 5529 61541521 1
9526 5494 61541531 1
9506 5435 61541541 1
9476 5310 61541551 1
9444 5179 61541561 1
9413 5026 61541571 1
9372 4861 61541581 1
9324 4693 61541591 1
9277 4555 61541601 1
9230 4436 61541611 1
9184 4326 61541621 1
9130 4237 61541631 1
9070 4161 61541641 1
8982 4094 61541651 1
8855 4031 61541661 1
8701 3970 61541671 1
8569 3914 61541681 1
8476 3880 61541691 1
8410 3862 61541701 1
8410 3862 61541711 1
8453 3884 61541721 1
8518 3916 61541731 1
8661 3977 61541741 1
8837 4046 61541751 1
9034 4121 61541761 1
9201 4179 61541771 1
9379 4238 61541781 1
9563 4296 61541791 1
9722 4353 61541801 1
9867 4404 61541811 1
10002 4449 61541821 1
10094 4489 61541831 1
10159 4523 61541841 1
10206 4557 61541851 1
10222 4593 61541861 1
10222 4634 61541871 1
10211 4676 61541881 1
10190 4707 61541891 1
10171 4732 61541901 1
10160 4740 61541911 1
10160 4740 61541921 1
10160 4740 61541931 1
10172 4704 61541941 1
10195 4652 61541951 1
10227 4569 61541961 1
10269 4448 61541971 1
10317 4302 61541981 1
10368 4151 61541991 1
10419 4002 61542001 1
10462 3851 61542011 1
10500 3697 61542021 1
10524 3567 61542031 1
