312
3379 5101 50819871 0
3346 5116 50819881 1
3367 5116 50819891 1
3382 5122 50819901 1
3420 5148 50819911 1
3474 5186 50819921 1
3540 5236 50819931 1
3621 5287 50819941 1
3713 5338 50819951 1
3801 5391 50819961 1
3878 5441 50819971 1
3948 5483 50819981 1
3998 5520 50819991 1
4024 5552 50820001 1
4033 5579 50820011 1
4021 5614 50820021 1
3997 5654 50820031 1
3964 5684 50820041 1
3919 5714 50820051 1
3874 5745 50820061 1
3828 5774 50820071 1
3787 5800 50820081 1
3750 5808 50820091 1
3721 5795 50820101 1
3697 5767 50820111 1
3689 5702 50820121 1
3689 5596 50820131 1
3703 5464 50820141 1
3716 5277 50820151 1
3732 5063 50820161 1
3750 4832 50820171 1
3773 4604 50820181 1
3802 4394 50820191 1
3835 4196 50820201 1
3867 4024 50820211 1
3889 3901 50820221 1
3905 3810 50820231 1
3913 3775 50820241 1
3913 3785 50820251 1
3913 3824 50820261 1
3845 4465 50820312 0
3808 4797 50820322 1
3797 4915 50820332 1
3790 4979 50820342 1
3783 5008 50820352 1
3776 5008 50820362 1
3758 4980 50820372 1
3733 4934 50820382 1
3685 4833 50820392 1
3637 4732 50820402 1
3583 4630 50820412 1
3525 4533 50820422 1
3466 4432 50820432 1
3404 4337 50820442 1
3340 4245 50820452 1
3287 4179 50820462 1
3256 4145 50820472 1
3574 4835 50820562 0
3718 4898 50820572 1
3747 4916 50820582 1
3810 4904 50820592 1
3872 4872 50820602 1
3935 4831 50820612 1
4000 4789 50820622 1
4070 4747 50820632 1
4147 4714 50820642 1
4226 4684 50820652 1
4303 4662 50820662 1
4361 4645 50820672 1
4407 4632 50820682 1
4436 4632 50820692 1
4403 5558 50820862 0
4403 5558 50820872 1
4403 5558 50820882 1
4422 5599 50820892 1
4467 5634 50820902 1
4534 5680 50820912 1
4607 5721 50820922 1
4690 5758 50820932 1
4778 5788 50820942 1
4839 5788 50820952 1
4882 5770 50820962 1
4903 5722 50820972 1
4903 5650 50820982 1
4883 5563 50820992 1
4841 5459 50821002 1
4778 5343 50821012 1
4701 5219 50821022 1
4630 5115 50821032 1
4577 5032 50821042 1
4536 4962 50821052 1
4521 4920 50821062 1
4521 4900 50821072 1
4542 4900 50821082 1
4580 4900 50821092 1
4657 4937 50821102 1
4760 4989 50821112 1
4878 5051 50821122 1
5001 5111 50821132 1
5134 5169 50821142 1
5271 5202 50821152 1
5390 5215 50821162 1
5496 5215 50821172 1
5580 5182 50821182 1
5651 5127 50821192 1
5713 5058 50821202 1
5748 4965 50821212 1
5748 4850 50821222 1
5734 4720 50821232 1
5681 4602 50821242 1
5606 4483 50821252 1
5515 4365 50821262 1
5427 4263 50821272 1
5345 4170 50821282 1
5288 4119 50821292 1
5246 4103 50821302 1
5075 5061 50821393 0
5075 5061 50821403 1
5063 5108 50821413 1
5045 5074 50821423 1
5028 5002 50821433 1
4999 4913 50821443 1
4963 4805 50821453 1
4914 4684 50821463 1
4864 4587 50821473 1
4814 4490 50821483 1
4774 4413 50821493 1
4758 4350 50821493 1
5060 4810 50821573 0
5199 4970 50821583 1
5241 4985 50821593 1
5254 4985 50821603 1
5254 4939 50821613 1
5254 4866 50821623 1
5229 4752 50821633 1
5174 4633 50821643 1
5100 4495 50821653 1
5022 4345 50821663 1
4944 4180 50821673 1
7382 6122 50822054 0
7314 6106 50822064 1
7314 6136 50822074 1
7332 6145 50822084 1
7372 6160 50822094 1
7429 6189 50822104 1
7498 6225 50822114 1
7560 6252 50822124 1
7610 6260 50822134 1
7652 6260 50822144 1
7673 6228 50822154 1
7673 6163 50822164 1
7655 6074 50822174 1
7607 5963 50822184 1
7544 5852 50822194 1
7472 5740 50822204 1
7399 5651 50822214 1
7330 5575 50822224 1
7269 5508 50822234 1
7238 5467 50822244 1
7225 5443 50822254 1
7237 5437 50822264 1
7280 5437 50822274 1
7344 5451 50822284 1
7443 5492 50822294 1
7548 5536 50822304 1
7660 5583 50822314 1
7769 5610 50822324 1
7858 5619 50822334 1
7934 5619 50822344 1
7973 5584 50822354 1
7989 5527 50822364 1
7989 5452 50822374 1
7962 5344 50822384 1
7911 5235 50822394 1
7844 5125 50822404 1
7761 5017 50822414 1
7672 4906 50822424 1
7578 4796 50822434 1
7495 4717 50822444 1
7438 4658 50822454 1
7397 4636 50822464 1
7397 4663 50822474 1
8060 6288 50822605 0
8104 6335 50822615 1
8086 6349 50822625 1
8086 6349 50822635 1
8099 6309 50822645 1
8111 6256 50822655 1
8123 6193 50822665 1
8135 6134 50822675 1
8146 6074 50822685 1
8157 6015 50822695 1
8166 5963 50822705 1
8175 5915 50822715 1
8186 5882 50822725 1
8198 5870 50822735 1
8198 5870 50822745 1
8198 5890 50822755 1
8198 5935 50822765 1
8198 5999 50822775 1
8198 6076 50822785 1
8235 6157 50822795 1
8284 6242 50822805 1
8356 6316 50822815 1
8440 6385 50822825 1
8532 6435 50822835 1
8620 6474 50822845 1
8699 6495 50822855 1
8771 6495 50822865 1
8816 6479 50822875 1
8827 6442 50822885 1
8816 6375 50822895 1
8767 6289 50822905 1
8702 6200 50822915 1
8625 6113 50822925 1
8555 6047 50822935 1
8512 5995 50822945 1
8488 5979 50822955 1
8488 5979 50822965 1
8495 5979 50822975 1
8523 6006 50822985 1
8565 6046 50822995 1
8625 6098 50823005 1
8674 6140 50823015 1
8715 6155 50823025 1
8721 6155 50823035 1
8721 6142 50823045 1
8706 6101 50823055 1
8667 6040 50823065 1
8615 5953 50823075 1
8555 5844 50823085 1
8490 5721 50823095 1
8421 5617 50823105 1
8349 5514 50823115 1
8276 5410 50823125 1
8230 5334 50823135 1
8201 5275 50823145 1
8191 5247 50823155 1
8191 5235 50823165 1
8206 5235 50823175 1
8236 5255 50823185 1
8292 5312 50823195 1
8365 5392 50823205 1
8462 5487 50823215 1
8560 5580 50823225 1
8658 5664 50823235 1
8741 5715 50823245 1
8814 5745 50823256 1
8845 5745 50823266 1
8845 5708 50823276 1
8828 5657 50823286 1
8781 5587 50823296 1
8719 5514 50823306 1
8648 5435 50823316 1
8575 5354 50823326 1
8508 5296 50823336 1
8477 5253 50823346 1
8467 5244 50823356 1
8481 5244 50823366 1
8514 5252 50823376 1
8559 5287 50823386 1
8624 5351 50823396 1
8690 5434 50823406 1
8757 5517 50823416 1
8809 5597 50823426 1
8854 5671 50823436 1
8870 5730 50823446 1
8863 5779 50823456 1
8841 5822 50823466 1
8812 5864 50823476 1
8783 5905 50823486 1
8754 5945 50823496 1
8731 5986 50823506 1
8712 6026 50823516 1
8700 6042 50823526 1
8700 6042 50823536 1
8691 6024 50823546 1
8681 5958 50823556 1
8652 5850 50823566 1
8611 5713 50823576 1
8562 5576 50823586 1
8499 5436 50823596 1
8439 5300 50823606 1
8381 5168 50823616 1
8343 5057 50823626 1
8317 4967 50823636 1
8329 4892 50823646 1
8365 4840 50823656 1
8417 4817 50823666 1
8493 4817 50823676 1
8591 4845 50823686 1
8703 4912 50823696 1
8838 5002 50823706 1
8984 5119 50823716 1
9136 5246 50823726 1
9275 5381 50823736 1
9397 5495 50823746 1
9508 5571 50823756 1
9586 5623 50823766 1
9646 5642 50823776 1
9694 5642 50823786 1
9740 5623 50823796 1
9786 5578 50823806 1
9821 5506 50823816 1
9848 5416 50823826 1
9854 5306 50823836 1
9831 5195 50823846 1
9788 5080 50823856 1
9721 4959 50823866 1
9635 4833 50823867 1
9535 4709 50823877 1
9446 4618 50823887 1
