181
2493 6308 62407987 0
2510 6459 62407997 1
2495 6529 62408007 1
2479 6522 62408017 1
2493 6464 62408027 1
2524 6358 62408037 1
2565 6247 62408047 1
2618 6114 62408057 1
2689 5967 62408067 1
2772 5821 62408077 1
2873 5723 62408087 1
2996 5656 62408097 1
4254 6364 62408188 0
4412 6418 62408198 1
4353 6458 62408208 1
4297 6435 62408218 1
4184 6346 62408228 1
4032 6224 62408238 1
3839 6080 62408248 1
3639 5948 62408258 1
3434 5815 62408268 1
3307 5728 62408278 1
3226 5672 62408288 1
3176 5627 62408298 1
3151 5586 62408308 1
3143 5549 62408318 1
3143 5492 62408328 1
3176 5397 62408338 1
3219 5278 62408348 1
3271 5112 62408358 1
3325 4896 62408368 1
3370 4646 62408378 1
3410 4394 62408388 1
3435 4116 62408398 1
3451 3821 62408408 1
3460 3596 62408418 1
3460 3437 62408428 1
3460 3323 62408438 1
3460 3251 62408448 1
3465 3221 62408458 1
4542 5040 62408849 0
4566 5001 62408859 1
4557 5060 62408869 1
4565 5001 62408879 1
4583 4855 62408889 1
4619 4652 62408899 1
4648 4472 62408909 1
4672 4271 62408919 1
4682 4079 62408929 1
4689 3901 62408939 1
4695 3772 62408949 1
4695 3708 62408959 1
4695 3688 62408969 1
4614 5580 62409059 0
4689 5579 62409069 1
4666 5648 62409079 1
4676 5783 62409089 1
4707 5751 62409099 1
4801 5713 62409109 1
4883 5661 62409119 1
4957 5599 62409129 1
5015 5508 62409139 1
5434 4796 62409349 0
5465 4888 62409359 1
5465 4933 62409369 1
5440 4933 62409379 1
5457 4900 62409389 1
5475 4845 62409399 1
5493 4742 62409409 1
5493 4606 62409419 1
5493 4424 62409429 1
5469 4248 62409439 1
5450 4077 62409449 1
5431 3973 62409459 1
5426 3926 62409469 1
5426 3916 62409479 1
5426 3929 62409489 1
5454 4026 62409499 1
5497 4180 62409509 1
5573 4408 62409519 1
5686 4651 62409529 1
5823 4905 62409539 1
5903 5043 62409549 1
5953 5087 62409559 1
5984 5068 62409569 1
6036 5020 62409579 1
6083 4904 62409589 1
6127 4743 62409599 1
6158 4567 62409609 1
6180 4369 62409619 1
6196 4156 62409629 1
6210 3987 62409639 1
6220 3851 62409649 1
6228 3737 62409659 1
6240 3676 62409669 1
7169 4877 62410040 0
7197 4860 62410050 1
7197 4908 62410060 1
7197 4853 62410070 1
7249 4755 62410080 1
7292 4629 62410090 1
7331 4480 62410100 1
7355 4278 62410110 1
7360 4042 62410120 1
7353 3750 62410130 1
7311 3458 62410140 1
7242 3165 62410150 1
7154 2871 62410160 1
7083 2655 62410170 1
7031 2491 62410180 1
6992 2399 62410190 1
6956 2359 62410200 1
6919 2354 62410210 1
7156 5177 62410331 0
7336 5407 62410341 1
7355 5566 62410351 1
7396 5721 62410361 1
7434 5728 62410371 1
7469 5712 62410381 1
7502 5680 62410391 1
7523 5620 62410401 1
7535 5531 62410411 1
7555 5424 62410421 1
8135 4670 62410551 0
8139 4624 62410561 1
8145 4624 62410571 1
8163 4605 62410581 1
8189 4583 62410591 1
8212 4558 62410601 1
8227 4490 62410611 1
8236 4396 62410621 1
8236 4236 62410631 1
8236 4073 62410641 1
8236 3910 62410651 1
8225 3780 62410661 1
8232 3670 62410671 1
8247 3616 62410681 1
8258 3605 62410691 1
8277 3624 62410701 1
8408 5429 62410781 0
8345 5410 62410791 1
8296 5624 62410801 1
8236 5689 62410811 1
8246 5654 62410821 1
8308 5625 62410831 1
8404 5578 62410841 1
8435 5519 62410851 1
8490 5409 62410861 1
8560 5272 62410871 1
8607 5118 62410881 1
8695 4516 62410932 0
8655 4238 62410942 1
8633 4220 62410952 1
8613 4173 62410962 1
8623 4106 62410972 1
8653 4034 62410982 1
8719 3978 62410992 1
8826 3934 62411002 1
8961 3927 62411012 1
9113 3959 62411022 1
9282 4018 62411032 1
9463 4111 62411042 1
9612 4243 62411052 1
9694 4402 62411062 1
9732 4564 62411072 1
9674 4666 62411082 1
9524 4728 62411092 1
9312 4728 62411102 1
9095 4671 62411112 1
8914 4576 62411122 1
8758 4440 62411132 1
8660 4266 62411142 1
8626 4068 62411152 1
8634 3896 62411162 1
8748 3755 62411172 1
8979 3635 62411182 1
9288 3580 62411192 1
9658 3556 62411202 1
9922 3556 62411212 1
10116 3533 62411222 1
10174 3507 62411232 1
