182
2952 5572 36168337 0
2971 5539 36168347 1
2939 5544 36168357 1
2928 5575 36168367 1
2933 5554 36168377 1
2933 5531 36168387 1
2933 5503 36168397 1
2967 5434 36168407 1
3013 5339 36168417 1
3099 5198 36168427 1
3211 5058 36168437 1
3339 4917 36168447 1
3471 4793 36168457 1
3608 4681 36168467 1
3751 4589 36168477 1
3878 4513 36168487 1
3994 4449 36168497 1
5171 5877 36168657 0
5313 5787 36168667 1
5300 5779 36168677 1
5243 5766 36168687 1
5193 5677 36168697 1
5102 5538 36168707 1
4984 5442 36168717 1
4830 5286 36168727 1
4651 5090 36168737 1
4456 4913 36168747 1
4351 4776 36168757 1
4253 4666 36168767 1
4159 4585 36168777 1
4123 4505 36168787 1
4093 4426 36168797 1
4075 4346 36168807 1
4064 4257 36168817 1
4058 4152 36168827 1
4069 4021 36168837 1
4092 3874 36168847 1
4132 3679 36168857 1
4173 3481 36168867 1
4213 3281 36168877 1
4244 3056 36168887 1
4272 2845 36168897 1
4299 2674 36168907 1
4326 2525 36168917 1
4352 2400 36168927 1
4374 2298 36168937 1
4393 2211 36168947 1
4409 2146 36168957 1
5023 3718 36169208 0
4974 3754 36169218 1
4960 3760 36169228 1
4960 3735 36169238 1
4982 3642 36169248 1
5006 3503 36169258 1
5033 3350 36169268 1
5061 3197 36169278 1
5081 3046 36169288 1
5095 2939 36169298 1
5104 2861 36169308 1
5123 2826 36169318 1
4630 4221 36169438 0
4687 4234 36169448 1
4687 4300 36169458 1
4659 4321 36169468 1
4677 4311 36169478 1
4701 4311 36169488 1
4737 4302 36169498 1
4788 4293 36169508 1
4849 4260 36169518 1
5576 3725 36169689 0
5540 3735 36169699 1
5511 3765 36169709 1
5539 3734 36169719 1
5573 3664 36169729 1
5606 3550 36169739 1
5636 3420 36169749 1
5667 3279 36169759 1
5690 3108 36169769 1
5707 2973 36169779 1
5722 2861 36169789 1
5731 2807 36169799 1
5737 2792 36169809 1
5737 2802 36169819 1
5745 2869 36169829 1
5760 2979 36169839 1
5774 3119 36169849 1
5787 3293 36169859 1
5821 3485 36169869 1
5861 3689 36169879 1
5913 3863 36169889 1
5971 3940 36169899 1
6009 3952 36169909 1
6050 3926 36169919 1
6098 3837 36169929 1
6150 3706 36169939 1
6206 3568 36169949 1
6265 3418 36169959 1
6278 3259 36169969 1
6317 3124 36169979 1
6727 4083 36170179 0
6756 3987 36170189 1
6761 3977 36170199 1
6768 4002 36170209 1
6805 3939 36170219 1
6862 3804 36170229 1
6911 3620 36170239 1
6960 3415 36170249 1
6993 3162 36170259 1
7016 2876 36170269 1
7034 2610 36170279 1
7046 2411 36170289 1
7055 2258 36170299 1
7074 2119 36170309 1
7081 2030 36170319 1
7081 1974 36170329 1
7073 1967 36170339 1
7049 2001 36170349 1
6422 4898 36170510 0
6422 4838 36170520 1
6327 4900 36170530 1
6318 4911 36170540 1
6367 4889 36170550 1
6432 4840 36170560 1
6511 4788 36170570 1
6599 4734 36170580 1
6691 4668 36170590 1
7713 3950 36170820 0
7775 3944 36170830 1
7775 3920 36170840 1
7784 3881 36170850 1
7784 3745 36170860 1
7799 3607 36170870 1
7812 3454 36170880 1
7826 3291 36170890 1
7840 3160 36170900 1
7854 3081 36170910 1
7869 3037 36170920 1
7568 4678 36171061 0
7568 4678 36171071 1
7530 4730 36171081 1
7536 4717 36171091 1
7558 4669 36171101 1
7584 4621 36171111 1
7613 4587 36171121 1
8366 3202 36171311 0
8339 3098 36171321 1
8287 3150 36171331 1
8287 3150 36171341 1
8319 3110 36171351 1
8377 3087 36171361 1
8475 3080 36171371 1
8600 3080 36171381 1
8775 3109 36171391 1
8980 3167 36171401 1
9206 3246 36171411 1
9442 3364 36171421 1
9679 3492 36171431 1
9887 3626 36171441 1
10074 3771 36171451 1
10197 3916 36171461 1
10267 4036 36171471 1
10301 4139 36171481 1
10301 4243 36171491 1
10262 4346 36171501 1
10205 4410 36171511 1
10146 4450 36171521 1
10076 4445 36171531 1
9998 4398 36171541 1
9887 4322 36171551 1
9770 4199 36171561 1
9661 4030 36171571 1
9559 3831 36171581 1
9506 3624 36171591 1
9537 3465 36171601 1
9624 3339 36171611 1
9760 3215 36171621 1
9967 3138 36171631 1
10222 3093 36171641 1
10510 3099 36171651 1
10812 3149 36171661 1
11123 3228 36171671 1
11389 3320 36171681 1
