186
3014 5285 23128980 0
2995 5329 23128990 1
2977 5336 23129000 1
2946 5343 23129010 1
2906 5332 23129020 1
2863 5310 23129030 1
2819 5263 23129040 1
2773 5202 23129050 1
2736 5131 23129060 1
2702 5047 23129070 1
2676 4959 23129080 1
2683 4859 23129090 1
2711 4753 23129100 1
2765 4683 23129110 1
2846 4627 23129120 1
2944 4580 23129130 1
3066 4546 23129140 1
3195 4521 23129150 1
3329 4503 23129160 1
3446 4503 23129170 1
3557 4518 23129180 1
4317 5216 23129311 0
4383 5246 23129321 1
4343 5284 23129331 1
4251 5325 23129341 1
4224 5313 23129351 1
4152 5278 23129361 1
4051 5228 23129371 1
3931 5164 23129381 1
3805 5091 23129391 1
3675 5013 23129401 1
3581 4952 23129411 1
3521 4897 23129421 1
3484 4847 23129431 1
3455 4799 23129441 1
3441 4773 23129451 1
3436 4761 23129461 1
3436 4754 23129471 1
3436 4741 23129481 1
3452 4707 23129491 1
3469 4660 23129501 1
3487 4615 23129511 1
3506 4570 23129521 1
3527 4523 23129531 1
3547 4479 23129541 1
3566 4437 23129551 1
3599 4370 23129561 1
3633 4272 23129571 1
3668 4153 23129581 1
3694 3997 23129591 1
3714 3806 23129601 1
3730 3592 23129611 1
3746 3407 23129621 1
3762 3251 23129631 1
3778 3114 23129641 1
3796 3046 23129641 1
3814 3017 23129651 1
3819 3017 23129661 1
3819 3017 23129671 1
3819 3048 23129681 1
3819 3105 23129691 1
4587 4014 23130012 0
4650 4092 23130022 1
4650 4147 23130032 1
4655 4100 23130042 1
4705 3998 23130052 1
4740 3859 23130062 1
4747 3695 23130072 1
4739 3553 23130082 1
4731 3427 23130092 1
4725 3319 23130102 1
4769 4404 23130202 0
4806 4548 23130212 1
4759 4615 23130222 1
4742 4633 23130232 1
5246 3849 23130593 0
5231 3982 23130603 1
5175 4055 23130613 1
5146 4147 23130623 1
5133 4167 23130633 1
5133 4167 23130643 1
5133 4159 23130653 1
5133 4117 23130663 1
5126 4010 23130673 1
5114 3859 23130683 1
5100 3679 23130693 1
5089 3541 23130703 1
5080 3432 23130713 1
5080 3379 23130723 1
5091 3367 23130733 1
5091 3383 23130743 1
5119 3445 23130753 1
5163 3550 23130763 1
5213 3683 23130773 1
5266 3825 23130783 1
5321 3943 23130793 1
5380 4045 23130803 1
5431 4107 23130813 1
5477 4132 23130823 1
5507 4132 23130833 1
5535 4107 23130843 1
5561 4039 23130853 1
5579 3943 23130863 1
5585 3814 23130873 1
5585 3679 23130883 1
5585 3541 23130893 1
5585 3413 23130903 1
5585 3306 23130913 1
5605 3213 23130923 1
5629 3150 23130933 1
6288 3894 23131214 0
6274 3920 23131224 1
6266 3942 23131234 1
6278 3979 23131244 1
6303 3979 23131254 1
6335 3945 23131264 1
6367 3893 23131274 1
6400 3769 23131284 1
6419 3610 23131294 1
6428 3427 23131304 1
6406 3160 23131314 1
6359 2956 23131324 1
6295 2794 23131334 1
6205 2613 23131344 1
6113 2487 23131354 1
6019 2397 23131364 1
5949 2367 23131374 1
5908 2403 23131384 1
5887 2483 23131394 1
5887 2615 23131404 1
6184 4561 23131494 0
6395 4682 23131504 1
6311 4725 23131514 1
6289 4757 23131524 1
6307 4751 23131534 1
6323 4740 23131544 1
6348 4710 23131554 1
7084 4129 23131835 0
7145 4054 23131845 1
7063 4066 23131855 1
7037 4092 23131865 1
7048 4021 23131875 1
7060 3885 23131885 1
7060 3703 23131895 1
7040 3554 23131905 1
7040 3427 23131915 1
7053 3343 23131925 1
7147 4294 23132015 0
7325 4445 23132025 1
7195 4527 23132035 1
7152 4654 23132045 1
7166 4671 23132055 1
7166 4681 23132065 1
7166 4681 23132075 1
7166 4651 23132085 1
7666 3838 23132425 0
7601 3879 23132435 1
7494 3903 23132445 1
7471 3924 23132455 1
7505 3937 23132465 1
7566 3909 23132475 1
7677 3855 23132485 1
7822 3827 23132495 1
8001 3827 23132505 1
8191 3850 23132515 1
8388 3883 23132525 1
8587 3939 23132535 1
8741 4010 23132545 1
8864 4080 23132555 1
8950 4152 23132565 1
8988 4225 23132575 1
8994 4292 23132585 1
8952 4338 23132595 1
8846 4371 23132605 1
8696 4360 23132615 1
8537 4301 23132625 1
8374 4209 23132635 1
8207 4097 23132645 1
8109 3981 23132655 1
8067 3832 23132665 1
8067 3662 23132675 1
8105 3487 23132685 1
8197 3312 23132695 1
8322 3196 23132705 1
8513 3119 23132715 1
8766 3156 23132725 1
