195
1871 6035 71630088 0
1840 6009 71630098 1
1784 6079 71630108 1
1771 6098 71630118 1
1787 6084 71630128 1
1813 6072 71630138 1
1858 6027 71630148 1
1916 5959 71630158 1
1988 5843 71630168 1
2070 5727 71630178 1
2158 5608 71630188 1
2233 5482 71630198 1
2302 5348 71630208 1
2368 5212 71630218 1
2430 5102 71630228 1
2485 5008 71630238 1
2535 4925 71630248 1
3154 5739 71630328 0
3298 5909 71630338 1
3298 5946 71630348 1
3280 5946 71630358 1
3258 5927 71630368 1
3206 5891 71630378 1
3133 5815 71630388 1
3031 5713 71630398 1
2925 5601 71630408 1
2815 5468 71630418 1
2720 5322 71630428 1
2627 5211 71630438 1
2580 5140 71630448 1
2563 5096 71630458 1
2573 5082 71630468 1
2588 5070 71630478 1
2611 5060 71630488 1
2636 5030 71630498 1
2662 4959 71630508 1
2686 4861 71630518 1
2700 4703 71630528 1
2715 4545 71630538 1
2723 4333 71630548 1
2728 4087 71630558 1
2728 3885 71630568 1
2735 3712 71630578 1
2745 3559 71630588 1
2757 3445 71630598 1
2772 3378 71630608 1
2794 3342 71630618 1
3896 4326 71630829 0
3863 4410 71630839 1
3838 4449 71630849 1
3838 4476 71630859 1
3851 4476 71630869 1
3868 4476 71630879 1
3893 4463 71630889 1
3923 4409 71630899 1
3952 4329 71630909 1
3973 4208 71630919 1
3991 4075 71630929 1
4000 3934 71630939 1
4013 3800 71630949 1
4033 3696 71630959 1
4057 3611 71630969 1
4084 3552 71630979 1
4096 3534 71630989 1
4096 3543 71630999 1
3973 5038 71631099 0
4000 5082 71631109 1
4000 5068 71631119 1
4005 5058 71631129 1
4033 5036 71631139 1
4062 5005 71631149 1
4092 4967 71631160 1
4124 4913 71631170 1
4163 4848 71631180 1
4860 4560 71631330 0
4847 4609 71631340 1
4823 4631 71631350 1
4823 4631 71631360 1
4823 4609 71631370 1
4830 4556 71631380 1
4821 4464 71631390 1
4809 4345 71631400 1
4795 4216 71631410 1
4780 4092 71631420 1
4770 3986 71631430 1
4770 3891 71631440 1
4781 3824 71631450 1
4797 3793 71631460 1
4814 3786 71631470 1
4837 3818 71631480 1
4879 3908 71631490 1
4933 4036 71631500 1
5002 4191 71631510 1
5072 4336 71631520 1
5140 4474 71631530 1
5192 4529 71631540 1
5235 4549 71631550 1
5263 4549 71631560 1
5287 4518 71631570 1
5308 4450 71631580 1
5323 4356 71631590 1
5339 4235 71631600 1
5352 4112 71631610 1
5363 4006 71631620 1
5392 3913 71631630 1
5423 3826 71631640 1
5459 3760 71631650 1
6184 4500 71631800 0
6193 4528 71631810 1
6179 4521 71631820 1
6170 4482 71631830 1
6154 4404 71631840 1
6134 4301 71631850 1
6123 4174 71631860 1
6117 4024 71631870 1
6117 3859 71631880 1
6122 3646 71631890 1
6122 3430 71631900 1
6115 3200 71631910 1
6115 2961 71631920 1
6105 2697 71631930 1
6091 2502 71631940 1
6086 2353 71631950 1
6086 2213 71631960 1
6066 2113 71631970 1
5853 5091 71632101 0
5922 5268 71632111 1
5946 5356 71632121 1
5961 5350 71632131 1
5978 5307 71632141 1
6010 5239 71632151 1
6052 5176 71632161 1
6068 5107 71632171 1
6083 5028 71632181 1
6097 4932 71632191 1
6821 4460 71632291 0
6918 4452 71632301 1
6926 4468 71632311 1
6932 4457 71632321 1
6932 4442 71632331 1
6932 4393 71632341 1
6932 4323 71632351 1
6921 4216 71632361 1
6911 4103 71632371 1
6904 3991 71632381 1
6904 3881 71632391 1
6904 3784 71632401 1
6904 3714 71632411 1
6904 3662 71632421 1
6815 5007 71632532 0
6868 5112 71632542 1
6868 5146 71632552 1
6850 5161 71632562 1
6872 5152 71632572 1
6898 5132 71632582 1
6925 5100 71632592 1
6951 5052 71632602 1
6976 4993 71632612 1
7003 4902 71632622 1
7599 4261 71632742 0
7599 4261 71632752 1
7599 4261 71632762 1
7551 4241 71632772 1
7560 4216 71632782 1
7599 4182 71632792 1
7658 4164 71632802 1
7744 4164 71632812 1
7854 4171 71632822 1
7979 4211 71632832 1
8098 4275 71632842 1
8221 4355 71632852 1
8351 4458 71632862 1
8445 4561 71632872 1
8515 4663 71632882 1
8523 4745 71632892 1
8482 4823 71632902 1
8407 4863 71632912 1
8298 4879 71632922 1
8189 4860 71632932 1
8081 4811 71632942 1
7983 4741 71632952 1
7920 4652 71632962 1
7880 4528 71632972 1
7858 4380 71632982 1
7851 4205 71632992 1
7851 4043 71633002 1
7893 3889 71633012 1
7976 3725 71633022 1
8089 3601 71633032 1
8261 3503 71633042 1
8500 3407 71633052 1
8784 3340 71633062 1
9088 3293 71633072 1
9392 3272 71633082 1
9697 3263 71633092 1
