190
2033 5669 40454907 0
2033 5669 40454917 1
2025 5707 40454927 1
2019 5684 40454937 1
2019 5621 40454947 1
2029 5531 40454957 1
2069 5432 40454967 1
2128 5331 40454977 1
2231 5258 40454987 1
2351 5206 40454997 1
2481 5184 40455007 1
2641 5201 40455017 1
3625 5703 40455067 0
3947 5830 40455077 1
3986 5862 40455087 1
3993 5862 40455097 1
3979 5850 40455107 1
3940 5816 40455117 1
3823 5741 40455127 1
3655 5640 40455137 1
3446 5514 40455147 1
3240 5387 40455157 1
3077 5287 40455168 1
2940 5205 40455178 1
2859 5149 40455188 1
2814 5098 40455198 1
2792 5051 40455208 1
2787 4987 40455218 1
2800 4899 40455228 1
2826 4796 40455238 1
2862 4682 40455248 1
2899 4563 40455258 1
2938 4402 40455268 1
2970 4214 40455278 1
2998 3991 40455288 1
3026 3762 40455298 1
3054 3530 40455308 1
3075 3351 40455318 1
3092 3194 40455328 1
3092 3051 40455338 1
3097 2965 40455348 1
3820 4320 40455458 0
3986 4377 40455468 1
3997 4372 40455478 1
3982 4317 40455488 1
4007 4228 40455498 1
4033 4135 40455508 1
4055 4016 40455518 1
4073 3883 40455528 1
4088 3719 40455538 1
4104 3596 40455548 1
4122 3501 40455558 1
4133 3464 40455568 1
4141 3464 40455578 1
4185 5003 40455678 0
4163 4963 40455688 1
4128 4986 40455698 1
4122 5038 40455708 1
4137 4992 40455718 1
4165 4934 40455728 1
4202 4868 40455738 1
4493 4613 40455839 0
4555 4506 40455849 1
4533 4491 40455859 1
4544 4500 40455869 1
4578 4433 40455879 1
4615 4325 40455889 1
4642 4191 40455899 1
4662 4018 40455909 1
4682 3839 40455919 1
4699 3656 40455929 1
4714 3542 40455939 1
4714 3476 40455949 1
4720 3441 40455959 1
4720 3441 40455969 1
4720 3456 40455979 1
4729 3487 40455989 1
4765 3591 40455999 1
4821 3757 40456009 1
4897 3965 40456019 1
4989 4166 40456029 1
5092 4317 40456039 1
5184 4435 40456049 1
5260 4471 40456059 1
5325 4471 40456069 1
5376 4457 40456079 1
5427 4408 40456089 1
5473 4317 40456099 1
5515 4199 40456109 1
5553 4063 40456119 1
5585 3907 40456129 1
5613 3737 40456139 1
5631 3594 40456149 1
5645 3470 40456159 1
5657 3359 40456169 1
5670 3287 40456179 1
6587 4416 40456309 0
6654 4471 40456319 1
6670 4482 40456329 1
6699 4457 40456339 1
6736 4403 40456349 1
6775 4311 40456359 1
6815 4195 40456369 1
6855 4022 40456379 1
6895 3785 40456389 1
6930 3505 40456399 1
6961 3182 40456409 1
6970 2853 40456419 1
6964 2520 40456429 1
6949 2279 40456439 1
6940 2082 40456449 1
6929 1915 40456459 1
6916 1831 40456469 1
6908 1798 40456479 1
6908 1798 40456489 1
6878 1841 40456499 1
7041 5245 40456620 0
7041 5422 40456630 1
7024 5591 40456640 1
7006 5649 40456650 1
7022 5649 40456660 1
7055 5602 40456670 1
7099 5548 40456680 1
7122 5491 40456690 1
7141 5398 40456700 1
7157 5282 40456710 1
7183 5167 40456720 1
7751 4505 40456830 0
7864 4376 40456840 1
7864 4440 40456850 1
7912 4392 40456860 1
7958 4295 40456870 1
7983 4165 40456880 1
7992 4017 40456890 1
7983 3835 40456900 1
7958 3630 40456910 1
7923 3445 40456920 1
7895 3264 40456930 1
7885 3085 40456940 1
7885 2965 40456950 1
7902 2892 40456960 1
7910 2850 40456970 1
7910 2850 40456980 1
7910 2885 40456990 1
8076 5116 40457080 0
8131 5233 40457090 1
8138 5371 40457100 1
8130 5588 40457110 1
8140 5588 40457120 1
8168 5557 40457130 1
8207 5510 40457140 1
8226 5444 40457150 1
8246 5351 40457160 1
8267 5240 40457170 1
8296 5127 40457180 1
8544 4046 40457291 0
8534 3884 40457301 1
8527 3900 40457311 1
8512 3914 40457321 1
8552 3873 40457331 1
8616 3796 40457341 1
8695 3733 40457351 1
8795 3689 40457361 1
8942 3657 40457371 1
9121 3648 40457381 1
9317 3672 40457391 1
9518 3719 40457401 1
9676 3794 40457411 1
9803 3887 40457421 1
9890 3991 40457431 1
9931 4122 40457441 1
9941 4252 40457451 1
9887 4381 40457461 1
9778 4448 40457471 1
9631 4448 40457481 1
9412 4413 40457491 1
9200 4320 40457501 1
8992 4201 40457511 1
8848 4064 40457521 1
8794 3901 40457531 1
8800 3736 40457541 1
8891 3594 40457551 1
9048 3470 40457561 1
9249 3349 40457571 1
9472 3249 40457581 1
9695 3163 40457591 1
9871 3104 40457601 1
10015 3063 40457611 1
10067 3034 40457621 1
10062 3003 40457631 1
