206
2473 6594 63102376 0
2495 6539 63102386 1
2511 6500 63102396 1
2555 6423 63102406 1
2616 6321 63102416 1
2697 6213 63102426 1
2769 6100 63102436 1
2835 5980 63102446 1
2906 5860 63102456 1
2972 5764 63102466 1
3029 5684 63102476 1
3080 5614 63102486 1
3118 5561 63102496 1
3150 5519 63102506 1
3179 5498 63102516 1
3688 6224 63102606 0
3835 6318 63102616 1
3863 6400 63102626 1
3871 6417 63102636 1
3871 6423 63102646 1
3854 6423 63102656 1
3825 6401 63102666 1
3775 6354 63102676 1
3699 6290 63102686 1
3606 6207 63102696 1
3501 6101 63102706 1
3393 5981 63102716 1
3282 5853 63102726 1
3186 5737 63102736 1
3116 5660 63102746 1
3062 5606 63102756 1
3044 5573 63102766 1
3044 5551 63102776 1
3044 5537 63102786 1
3064 5517 63102796 1
3083 5495 63102806 1
3111 5469 63102816 1
3142 5416 63102826 1
3163 5347 63102836 1
3179 5236 63102846 1
3188 5085 63102856 1
3188 4908 63102866 1
3188 4703 63102876 1
3183 4521 63102886 1
3175 4365 63102896 1
3166 4198 63102906 1
3160 4064 63102916 1
3155 3954 63102926 1
3155 3873 63102936 1
3155 3831 63102946 1
3161 3816 63102956 1
4285 4874 63103197 0
4285 4874 63103207 1
4252 4895 63103217 1
4242 4901 63103227 1
4242 4896 63103237 1
4235 4879 63103247 1
4235 4811 63103257 1
4240 4708 63103267 1
4250 4601 63103277 1
4260 4492 63103287 1
4266 4382 63103297 1
4271 4288 63103307 1
4271 4206 63103317 1
4277 4149 63103327 1
4277 4119 63103337 1
4284 4108 63103347 1
4284 4118 63103357 1
4304 5220 63103437 0
4365 5396 63103447 1
4365 5442 63103457 1
4380 5449 63103467 1
4397 5457 63103477 1
4414 5444 63103487 1
4447 5416 63103497 1
4486 5377 63103507 1
4536 5341 63103517 1
4600 5307 63103527 1
4940 5020 63103608 0
4969 4903 63103618 1
4960 4851 63103628 1
4945 4804 63103638 1
4928 4742 63103648 1
4909 4676 63103658 1
4891 4602 63103668 1
4877 4522 63103678 1
4871 4452 63103688 1
4871 4389 63103698 1
4871 4334 63103708 1
4871 4308 63103718 1
4879 4301 63103728 1
4887 4301 63103738 1
4898 4327 63103748 1
4926 4380 63103758 1
4964 4468 63103768 1
5002 4572 63103778 1
5054 4688 63103788 1
5115 4765 63103798 1
5181 4819 63103808 1
5247 4857 63103818 1
5310 4857 63103828 1
5374 4823 63103838 1
5430 4774 63103848 1
5481 4711 63103858 1
5520 4645 63103868 1
5552 4576 63103878 1
5578 4499 63103888 1
5610 4421 63103898 1
5645 4344 63103908 1
5687 4301 63103918 1
5753 4279 63103928 1
6692 4996 63104058 0
6699 5032 63104068 1
6672 5039 63104078 1
6650 5039 63104088 1
6621 5028 63104098 1
6586 5006 63104108 1
6554 4966 63104118 1
6524 4889 63104128 1
6500 4788 63104138 1
6479 4656 63104148 1
6465 4489 63104158 1
6455 4298 63104168 1
6455 4080 63104178 1
6446 3859 63104188 1
6440 3663 63104198 1
6434 3485 63104208 1
6425 3330 63104218 1
6406 3213 63104228 1
6379 3121 63104238 1
6343 3065 63104248 1
6292 3043 63104258 1
6232 3043 63104268 1
6153 3079 63104278 1
6069 3176 63104288 1
5982 3314 63104298 1
5678 5177 63104379 0
5892 5431 63104389 1
5947 5543 63104399 1
6009 5588 63104409 1
6082 5588 63104419 1
6161 5574 63104429 1
6256 5540 63104439 1
6361 5494 63104449 1
6468 5446 63104459 1
7146 4967 63104569 0
7164 4933 63104579 1
7159 4916 63104589 1
7151 4900 63104599 1
7143 4860 63104609 1
7136 4784 63104619 1
7127 4683 63104629 1
7118 4573 63104639 1
7111 4437 63104649 1
7106 4285 63104659 1
7106 4225 63104669 1
7113 4161 63104679 1
7130 4143 63104679 1
7130 4143 63104689 1
7270 5345 63104779 0
7392 5517 63104789 1
7415 5593 63104799 1
7462 5625 63104809 1
7512 5625 63104819 1
7569 5609 63104829 1
7630 5575 63104839 1
7699 5531 63104849 1
7780 5479 63104859 1
8054 4889 63104920 0
8082 4674 63104930 1
8097 4608 63104940 1
8116 4541 63104950 1
8161 4496 63104960 1
8206 4465 63104970 1
8276 4445 63104980 1
8362 4445 63104990 1
8462 4459 63105000 1
8562 4495 63105010 1
8665 4550 63105020 1
8769 4619 63105030 1
8880 4704 63105040 1
8971 4807 63105050 1
9049 4923 63105060 1
9092 5025 63105070 1
9109 5107 63105080 1
9109 5177 63105090 1
9075 5228 63105100 1
9008 5251 63105110 1
8917 5256 63105120 1
8789 5226 63105130 1
8658 5164 63105140 1
8525 5081 63105150 1
8411 4957 63105160 1
8300 4798 63105170 1
8227 4616 63105180 1
8178 4440 63105190 1
8166 4255 63105200 1
8231 4064 63105210 1
8346 3918 63105220 1
8537 3801 63105230 1
8805 3704 63105240 1
9123 3668 63105250 1
9463 3660 63105260 1
9814 3672 63105270 1
10173 3771 63105280 1
10457 3849 63105290 1
