198
2288 5773 40458953 0
2158 5716 40458963 1
2077 5742 40458973 1
1982 5812 40458983 1
1943 5812 40458993 1
1943 5781 40459003 1
1967 5730 40459013 1
1991 5635 40459023 1
2042 5510 40459033 1
2112 5366 40459043 1
2210 5232 40459053 1
2328 5144 40459063 1
2460 5087 40459073 1
2619 5079 40459083 1
2786 5108 40459093 1
3324 5372 40459133 0
3637 5648 40459143 1
3752 5750 40459153 1
3846 5831 40459163 1
3881 5859 40459173 1
3881 5859 40459183 1
3881 5859 40459193 1
3806 5767 40459203 1
3676 5662 40459213 1
3502 5536 40459223 1
3330 5402 40459233 1
3161 5277 40459243 1
3034 5187 40459253 1
2933 5117 40459263 1
2879 5066 40459273 1
2849 5011 40459283 1
2836 4954 40459293 1
2836 4857 40459303 1
2836 4733 40459313 1
2842 4591 40459323 1
2855 4419 40459333 1
2871 4224 40459343 1
2892 4013 40459354 1
2914 3801 40459364 1
2934 3629 40459374 1
2954 3483 40459384 1
2961 3363 40459394 1
2969 3269 40459404 1
2983 3193 40459414 1
3769 4138 40459514 0
4130 4297 40459524 1
4175 4360 40459534 1
4136 4360 40459544 1
4168 4327 40459554 1
4204 4265 40459564 1
4243 4181 40459574 1
4250 4055 40459584 1
4245 3902 40459594 1
4231 3728 40459604 1
4217 3597 40459614 1
4206 3496 40459624 1
4196 3424 40459634 1
4206 3389 40459644 1
4218 3380 40459654 1
4232 3391 40459664 1
4323 5225 40459754 0
4462 5252 40459764 1
4462 5364 40459774 1
4417 5378 40459784 1
4475 5328 40459794 1
4538 5292 40459804 1
4596 5254 40459814 1
4649 5193 40459824 1
4699 5118 40459834 1
5007 4749 40459934 0
5087 4638 40459944 1
5079 4630 40459954 1
5079 4646 40459964 1
5079 4601 40459974 1
5105 4551 40459984 1
5118 4457 40459994 1
5126 4336 40460004 1
5119 4153 40460014 1
5109 3951 40460024 1
5098 3736 40460034 1
5088 3581 40460044 1
5081 3482 40460054 1
5081 3421 40460064 1
5081 3410 40460074 1
5086 3417 40460084 1
5086 3436 40460094 1
5141 3549 40460104 1
5222 3707 40460114 1
5326 3896 40460125 1
5435 4100 40460135 1
5551 4302 40460145 1
5665 4440 40460155 1
5749 4536 40460165 1
5814 4571 40460175 1
5864 4571 40460185 1
5910 4559 40460195 1
5953 4507 40460205 1
5983 4396 40460215 1
5998 4245 40460225 1
6003 4072 40460235 1
6003 3896 40460245 1
6003 3716 40460255 1
5992 3599 40460265 1
5992 3524 40460275 1
5992 3479 40460285 1
5992 3456 40460295 1
6549 4467 40460405 0
6621 4475 40460415 1
6621 4537 40460425 1
6648 4513 40460435 1
6695 4447 40460445 1
6741 4352 40460455 1
6769 4214 40460465 1
6785 4026 40460475 1
6802 3805 40460485 1
6812 3544 40460495 1
6817 3280 40460505 1
6796 3012 40460515 1
6774 2748 40460525 1
6752 2550 40460535 1
6752 2394 40460545 1
6760 2270 40460555 1
6765 2187 40460565 1
6765 2132 40460575 1
6756 2121 40460585 1
7111 4993 40460706 0
7143 5221 40460716 1
7105 5410 40460726 1
7105 5463 40460736 1
7117 5425 40460746 1
7144 5385 40460756 1
7160 5343 40460766 1
7171 5275 40460776 1
7178 5191 40460786 1
7191 5080 40460796 1
7594 4646 40460906 0
7606 4507 40460916 1
7606 4507 40460926 1
7637 4439 40460936 1
7690 4342 40460946 1
7758 4224 40460956 1
7797 4084 40460966 1
7823 3911 40460976 1
7839 3717 40460986 1
7850 3555 40460996 1
7858 3406 40461006 1
7863 3266 40461016 1
7874 3166 40461026 1
7886 3106 40461036 1
7893 3074 40461046 1
7893 3074 40461056 1
7893 3097 40461066 1
8138 4865 40461156 0
8113 4953 40461166 1
8056 5028 40461176 1
8045 5113 40461186 1
8059 5086 40461196 1
8090 5040 40461206 1
8106 4981 40461216 1
8122 4931 40461226 1
8139 4845 40461236 1
8169 4736 40461246 1
8269 3783 40461356 0
8288 3606 40461366 1
8281 3594 40461376 1
8281 3585 40461386 1
8347 3565 40461396 1
8466 3538 40461406 1
8582 3538 40461416 1
8731 3552 40461426 1
8903 3577 40461436 1
9107 3625 40461446 1
9313 3706 40461457 1
9523 3808 40461467 1
9682 3940 40461477 1
9807 4100 40461487 1
9908 4279 40461497 1
9931 4430 40461507 1
9903 4529 40461517 1
9823 4593 40461527 1
9687 4624 40461537 1
9514 4606 40461547 1
9297 4555 40461557 1
9105 4451 40461567 1
8929 4295 40461577 1
8799 4104 40461587 1
8750 3923 40461597 1
8755 3739 40461607 1
8829 3586 40461617 1
8970 3454 40461627 1
9155 3329 40461637 1
9384 3229 40461647 1
9616 3145 40461657 1
9849 3085 40461667 1
10030 3040 40461677 1
10135 3004 40461687 1
10190 2977 40461697 1
10208 2951 40461707 1
