197
2514 5617 44317735 0
2470 5676 44317745 1
2453 5695 44317755 1
2453 5675 44317765 1
2478 5628 44317775 1
2516 5547 44317785 1
2563 5431 44317795 1
2615 5293 44317805 1
2676 5158 44317815 1
2742 5021 44317825 1
2802 4881 44317835 1
2860 4765 44317845 1
2917 4664 44317855 1
2972 4591 44317865 1
3023 4542 44317875 1
3657 5379 44317975 0
3829 5479 44317985 1
3853 5540 44317995 1
3863 5540 44318005 1
3869 5530 44318015 1
3852 5486 44318025 1
3820 5419 44318035 1
3744 5314 44318045 1
3635 5196 44318055 1
3505 5070 44318065 1
3397 4945 44318075 1
3319 4838 44318085 1
3260 4744 44318095 1
3244 4694 44318105 1
3244 4639 44318115 1
3256 4580 44318125 1
3273 4481 44318135 1
3281 4328 44318145 1
3281 4138 44318155 1
3271 3928 44318165 1
3263 3721 44318175 1
3252 3515 44318185 1
3238 3349 44318195 1
3246 3217 44318205 1
3258 3108 44318215 1
3280 3050 44318225 1
3309 3026 44318235 1
3342 3026 44318245 1
4302 3983 44318416 0
4274 3877 44318426 1
4238 3888 44318436 1
4228 3938 44318446 1
4228 3938 44318456 1
4274 4001 44318466 1
4335 4070 44318476 1
4411 4126 44318486 1
4492 4152 44318496 1
4568 4159 44318506 1
4626 4131 44318516 1
4675 4071 44318526 1
4710 3990 44318536 1
4736 3886 44318546 1
4755 3780 44318556 1
4774 3674 44318566 1
4799 3592 44318576 1
4819 3524 44318586 1
4832 3478 44318596 1
4844 3454 44318606 1
4851 3445 44318616 1
4851 3454 44318626 1
4814 4720 44318716 0
4823 4781 44318726 1
4823 4788 44318736 1
4823 4778 44318746 1
4828 4763 44318756 1
4848 4746 44318766 1
4868 4730 44318776 1
4887 4708 44318786 1
4920 4684 44318796 1
4956 4638 44318806 1
5518 4305 44318917 0
5615 4349 44318927 1
5623 4368 44318937 1
5623 4386 44318947 1
5616 4354 44318957 1
5610 4303 44318967 1
5599 4239 44318977 1
5588 4152 44318987 1
5578 4060 44318997 1
5564 3959 44319007 1
5551 3848 44319017 1
5541 3733 44319027 1
5533 3657 44319037 1
5533 3606 44319047 1
5538 3584 44319057 1
5546 3584 44319067 1
5555 3606 44319077 1
5584 3678 44319087 1
5632 3803 44319097 1
5692 3963 44319107 1
5764 4098 44319117 1
5836 4199 44319127 1
5887 4278 44319137 1
5924 4308 44319147 1
5951 4308 44319157 1
5979 4287 44319167 1
6009 4230 44319177 1
6031 4152 44319187 1
6049 4060 44319197 1
6061 3961 44319207 1
6071 3861 44319217 1
6079 3760 44319227 1
6090 3682 44319237 1
6106 3619 44319247 1
6129 3578 44319257 1
6784 4130 44319367 0
6860 4157 44319377 1
6860 4149 44319387 1
6849 4122 44319397 1
6837 4072 44319407 1
6829 3995 44319417 1
6819 3901 44319427 1
6830 3783 44319437 1
6856 3660 44319447 1
6866 3535 44319457 1
6866 3361 44319467 1
6854 3181 44319477 1
6833 2990 44319487 1
6805 2795 44319497 1
6771 2630 44319507 1
6744 2518 44319517 1
6713 2441 44319527 1
6679 2389 44319537 1
6647 2389 44319547 1
6697 4930 44319698 0
6769 4962 44319708 1
6760 4962 44319718 1
6768 4885 44319728 1
6778 4808 44319738 1
6797 4730 44319748 1
6814 4677 44319758 1
6827 4636 44319768 1
6858 4603 44319778 1
7867 4151 44319928 0
7918 4158 44319938 1
7902 4186 44319948 1
7871 4208 44319958 1
7847 4218 44319968 1
7837 4225 44319978 1
7837 4203 44319988 1
7830 4163 44319998 1
7824 4071 44320008 1
7813 3950 44320018 1
7798 3810 44320028 1
7798 3679 44320038 1
7780 3573 44320048 1
7758 3485 44320058 1
7758 3413 44320068 1
7758 3375 44320078 1
7758 3359 44320088 1
7764 3373 44320098 1
7678 4697 44320179 0
7673 4920 44320189 1
7665 4973 44320199 1
7659 5003 44320209 1
7653 5003 44320219 1
7662 4973 44320229 1
7680 4937 44320239 1
7695 4896 44320249 1
7719 4848 44320259 1
7750 4783 44320269 1
8306 4100 44320379 0
8432 3991 44320389 1
8437 3968 44320399 1
8474 3923 44320409 1
8528 3848 44320419 1
8594 3802 44320429 1
8677 3770 44320439 1
8788 3764 44320449 1
8917 3786 44320459 1
9055 3826 44320469 1
9188 3889 44320479 1
9307 3967 44320489 1
9418 4056 44320499 1
9485 4158 44320509 1
9501 4278 44320519 1
9482 4411 44320529 1
9422 4516 44320539 1
9324 4576 44320549 1
9201 4605 44320559 1
9081 4590 44320569 1
8963 4530 44320579 1
8850 4441 44320589 1
8764 4289 44320599 1
8697 4130 44320609 1
8668 3962 44320619 1
8695 3787 44320629 1
8759 3641 44320639 1
8900 3514 44320649 1
9104 3402 44320659 1
9349 3306 44320669 1
9686 3222 44320679 1
