193
2538 5607 44309033 0
2482 5679 44309043 1
2446 5714 44309053 1
2427 5757 44309063 1
2419 5765 44309073 1
2430 5765 44309083 1
2463 5765 44309093 1
2511 5729 44309103 1
2580 5680 44309113 1
2655 5590 44309123 1
2735 5452 44309133 1
2812 5282 44309143 1
2879 5121 44309153 1
2949 4973 44309163 1
3018 4835 44309173 1
3093 4727 44309183 1
3170 4653 44309193 1
3236 4603 44309203 1
4056 5382 44309303 0
4269 5486 44309313 1
4284 5555 44309323 1
4284 5555 44309333 1
4284 5560 44309343 1
4284 5560 44309353 1
4260 5511 44309363 1
4185 5436 44309373 1
4077 5305 44309383 1
3962 5172 44309393 1
3854 5038 44309403 1
3759 4912 44309413 1
3670 4791 44309423 1
3623 4720 44309433 1
3603 4653 44309443 1
3596 4590 44309453 1
3596 4482 44309463 1
3585 4316 44309473 1
3574 4112 44309483 1
3564 3871 44309493 1
3554 3657 44309503 1
3554 3460 44309513 1
3554 3293 44309523 1
3554 3182 44309533 1
3559 3109 44309543 1
3567 3092 44309553 1
3601 3118 44309563 1
4802 3773 44309734 0
4758 3760 44309744 1
4728 3785 44309754 1
4717 3805 44309764 1
4711 3826 44309774 1
4731 3860 44309784 1
4767 3902 44309794 1
4812 3939 44309804 1
4869 3975 44309814 1
4933 4010 44309824 1
4983 4028 44309834 1
5021 4028 44309844 1
5051 4013 44309854 1
5069 3970 44309864 1
5074 3885 44309874 1
5069 3773 44309884 1
5056 3651 44309894 1
5049 3529 44309904 1
5049 3408 44309914 1
5049 3309 44309924 1
5049 3232 44309934 1
5049 3170 44309944 1
5065 3155 44309954 1
5141 4774 44310064 0
5141 4843 44310074 1
5147 4858 44310084 1
5153 4844 44310094 1
5168 4812 44310104 1
5192 4776 44310114 1
5212 4734 44310124 1
5227 4686 44310134 1
5244 4637 44310144 1
6039 4183 44310274 0
6147 4190 44310284 1
6166 4204 44310294 1
6172 4217 44310304 1
6172 4210 44310314 1
6164 4176 44310324 1
6150 4124 44310334 1
6131 4041 44310344 1
6111 3936 44310354 1
6091 3816 44310364 1
6071 3701 44310374 1
6051 3619 44310384 1
6043 3558 44310394 1
6043 3526 44310404 1
6048 3521 44310414 1
6064 3533 44310424 1
6100 3596 44310434 1
6171 3714 44310444 1
6266 3869 44310454 1
6365 3999 44310464 1
6439 4072 44310474 1
6497 4107 44310484 1
6538 4107 44310494 1
6569 4072 44310504 1
6592 4016 44310514 1
6616 3941 44310524 1
6632 3862 44310534 1
6643 3775 44310544 1
6653 3691 44310554 1
6664 3624 44310564 1
6681 3566 44310574 1
6707 3517 44310584 1
7581 4063 44310685 0
7706 4044 44310695 1
7727 4039 44310705 1
7727 4039 44310715 1
7722 3972 44310725 1
7722 3887 44310745 1
7709 3794 44310755 1
7699 3684 44310765 1
7689 3574 44310775 1
7673 3431 44310785 1
7652 3267 44310795 1
7636 3061 44310805 1
7615 2885 44310815 1
7588 2730 44310825 1
7567 2574 44310835 1
7547 2453 44310845 1
7522 2356 44310855 1
7497 2281 44310865 1
7472 2244 44310875 1
7505 4910 44311035 0
7560 4927 44311045 1
7560 4932 44311055 1
7565 4958 44311065 1
7575 4927 44311075 1
7590 4898 44311085 1
7606 4871 44311095 1
7620 4839 44311105 1
7645 4806 44311115 1
8603 4250 44311296 0
8603 4250 44311306 1
8596 4219 44311316 1
8590 4189 44311326 1
8576 4117 44311336 1
8556 4019 44311346 1
8528 3896 44311356 1
8499 3767 44311366 1
8469 3671 44311376 1
8445 3600 44311386 1
8438 3563 44311396 1
8438 3563 44311406 1
8438 3579 44311416 1
8548 4874 44311506 0
8558 5011 44311516 1
8568 5011 44311526 1
8591 4987 44311536 1
8624 4945 44311546 1
8659 4887 44311556 1
8686 4819 44311566 1
8708 4736 44311576 1
9143 4079 44311696 0
9224 3949 44311706 1
9213 3969 44311716 1
9172 3953 44311726 1
9197 3914 44311736 1
9244 3896 44311746 1
9306 3884 44311756 1
9385 3876 44311766 1
9488 3876 44311776 1
9608 3876 44311786 1
9720 3888 44311796 1
9825 3911 44311806 1
9925 3949 44311816 1
10010 3997 44311826 1
10072 4066 44311836 1
10119 4160 44311846 1
10144 4271 44311856 1
10144 4402 44311866 1
10118 4504 44311876 1
10071 4587 44311886 1
10008 4624 44311896 1
9934 4624 44311906 1
9859 4600 44311916 1
9787 4541 44311926 1
9721 4439 44311936 1
9658 4308 44311946 1
9620 4161 44311956 1
9598 4014 44311966 1
9625 3868 44311976 1
9702 3723 44311986 1
9812 3617 44311996 1
9997 3523 44312006 1
10238 3437 44312016 1
10516 3363 44312026 1
10862 3285 44312036 1
