186
1872 5578 40430692 0
1954 5690 40430702 1
1912 5765 40430712 1
1897 5851 40430722 1
1897 5810 40430732 1
1943 5685 40430742 1
1987 5552 40430752 1
2034 5404 40430762 1
2101 5246 40430772 1
2180 5161 40430782 1
2283 5068 40430792 1
2409 4969 40430802 1
2550 4936 40430812 1
2742 4965 40430822 1
3375 5289 40430863 0
3712 5592 40430873 1
3822 5677 40430883 1
3855 5731 40430893 1
3855 5725 40430903 1
3826 5679 40430913 1
3735 5607 40430923 1
3593 5461 40430933 1
3418 5304 40430943 1
3256 5141 40430953 1
3118 5023 40430963 1
2995 4923 40430973 1
2912 4835 40430983 1
2861 4760 40430993 1
2830 4691 40431003 1
2815 4627 40431013 1
2815 4534 40431023 1
2815 4399 40431033 1
2824 4237 40431043 1
2839 4052 40431053 1
2860 3827 40431063 1
2883 3575 40431073 1
2905 3342 40431083 1
2923 3134 40431093 1
2937 2944 40431103 1
2949 2824 40431113 1
2961 2752 40431123 1
2974 2713 40431133 1
2988 2705 40431143 1
3712 3922 40431223 0
4050 4000 40431233 1
4094 4009 40431243 1
4053 4046 40431253 1
4065 3992 40431263 1
4094 3877 40431273 1
4134 3739 40431283 1
4134 3614 40431293 1
4134 3499 40431303 1
4118 3392 40431313 1
4105 3334 40431323 1
4098 3309 40431333 1
4098 3315 40431343 1
4098 3381 40431353 1
4263 4446 40431413 0
4361 4689 40431423 1
4361 4777 40431433 1
4326 4809 40431443 1
4342 4803 40431453 1
4361 4782 40431463 1
4388 4756 40431473 1
4422 4718 40431483 1
4462 4648 40431493 1
4913 4254 40431614 0
4995 4096 40431624 1
5000 4114 40431634 1
5000 4114 40431644 1
5000 4114 40431654 1
5018 4018 40431664 1
5044 3886 40431674 1
5044 3730 40431684 1
5044 3587 40431694 1
5044 3466 40431704 1
5052 3361 40431714 1
5058 3317 40431724 1
5065 3303 40431734 1
5074 3310 40431744 1
5084 3351 40431754 1
5153 3460 40431764 1
5246 3615 40431774 1
5356 3792 40431784 1
5471 3965 40431794 1
5559 4136 40431804 1
5629 4201 40431814 1
5668 4216 40431824 1
5708 4199 40431834 1
5750 4159 40431844 1
5793 4084 40431854 1
5823 3986 40431864 1
5846 3854 40431874 1
5855 3715 40431884 1
5855 3572 40431894 1
5855 3449 40431904 1
5860 3348 40431914 1
5893 3262 40431924 1
5944 3245 40431934 1
6024 3296 40431944 1
6124 3392 40431954 1
6237 3508 40431964 1
6333 3625 40431974 1
6412 3742 40431984 1
6480 3846 40431994 1
6528 3907 40432004 1
6563 3939 40432014 1
6588 3934 40432024 1
6622 3863 40432034 1
6657 3749 40432044 1
6693 3567 40432054 1
6722 3331 40432064 1
6748 3058 40432074 1
6755 2754 40432084 1
6749 2468 40432094 1
6735 2195 40432104 1
6751 1993 40432114 1
6773 1852 40432124 1
6788 1752 40432134 1
6797 1705 40432144 1
6797 1716 40432154 1
6989 4630 40432255 0
7038 4928 40432265 1
6994 5120 40432275 1
6982 5213 40432285 1
6990 5262 40432295 1
7066 5282 40432305 1
7099 5260 40432315 1
7099 5238 40432325 1
7107 5171 40432335 1
7113 5076 40432345 1
7122 4958 40432355 1
7605 3982 40432545 0
7637 3821 40432555 1
7637 3814 40432565 1
7631 3735 40432575 1
7631 3620 40432585 1
7642 3481 40432595 1
7657 3409 40432605 1
7657 3331 40432615 1
7657 3249 40432625 1
7657 3194 40432635 1
7649 3169 40432645 1
7649 3164 40432655 1
7654 3172 40432665 1
7870 4535 40432755 0
7875 4642 40432765 1
7832 4742 40432775 1
7832 4765 40432785 1
7851 4754 40432795 1
7909 4720 40432805 1
7937 4682 40432815 1
7945 4617 40432825 1
7951 4534 40432835 1
7960 4411 40432845 1
8178 3657 40433206 0
8205 3592 40433216 1
8205 3615 40433226 1
8191 3615 40433236 1
8203 3601 40433246 1
8259 3581 40433256 1
8344 3563 40433266 1
8478 3563 40433276 1
8648 3569 40433286 1
8842 3602 40433296 1
9115 3656 40433306 1
9295 3724 40433316 1
9414 3809 40433326 1
9485 3914 40433336 1
9479 4032 40433346 1
9422 4121 40433356 1
9293 4166 40433366 1
9100 4182 40433376 1
8864 4135 40433386 1
8607 4050 40433396 1
8420 3941 40433406 1
8280 3810 40433416 1
8243 3690 40433426 1
8323 3578 40433436 1
8481 3479 40433446 1
8770 3394 40433456 1
9118 3318 40433466 1
9504 3240 40433476 1
9821 3170 40433486 1
10028 3105 40433496 1
10162 3033 40433506 1
