191
2762 5326 36173865 0
2804 5368 36173875 1
2785 5395 36173885 1
2771 5422 36173895 1
2765 5430 36173905 1
2765 5425 36173915 1
2765 5425 36173925 1
2765 5420 36173935 1
2816 5385 36173945 1
2892 5330 36173955 1
2993 5240 36173965 1
3115 5124 36173975 1
3250 4991 36173985 1
3362 4838 36173995 1
3474 4699 36174005 1
3586 4569 36174015 1
3710 4475 36174025 1
3834 4411 36174035 1
3946 4368 36174045 1
4790 5920 36174225 0
4814 5870 36174235 1
4814 5843 36174245 1
4814 5853 36174255 1
4814 5853 36174265 1
4819 5844 36174275 1
4819 5839 36174285 1
4819 5810 36174295 1
4810 5764 36174305 1
4757 5655 36174315 1
4670 5508 36174325 1
4560 5336 36174335 1
4429 5165 36174345 1
4312 5012 36174355 1
4205 4870 36174365 1
4117 4742 36174375 1
4046 4633 36174386 1
3985 4537 36174396 1
3929 4429 36174406 1
3875 4321 36174416 1
3827 4213 36174426 1
3790 4125 36174436 1
3780 4050 36174446 1
3786 3978 36174456 1
3817 3900 36174466 1
3851 3781 36174476 1
3890 3636 36174486 1
3928 3460 36174496 1
3958 3241 36174506 1
3982 2993 36174516 1
4009 2767 36174526 1
4037 2592 36174536 1
4079 2452 36174546 1
4130 2340 36174556 1
4179 2235 36174566 1
4229 2136 36174576 1
4775 3804 36174826 0
4858 3858 36174836 1
4840 3870 36174846 1
4854 3818 36174856 1
4874 3692 36174866 1
4899 3518 36174876 1
4929 3376 36174886 1
4961 3227 36174896 1
4996 3073 36174906 1
5029 2977 36174916 1
5060 2916 36174926 1
4607 4480 36175056 0
4652 4504 36175066 1
4618 4526 36175076 1
4641 4557 36175086 1
4702 4529 36175096 1
4767 4495 36175106 1
4829 4451 36175116 1
4889 4401 36175126 1
5671 4002 36175367 0
5671 4002 36175377 1
5676 4056 36175387 1
5670 4047 36175397 1
5691 4013 36175407 1
5715 3962 36175417 1
5746 3840 36175427 1
5779 3677 36175437 1
5803 3487 36175447 1
5822 3311 36175457 1
5839 3170 36175467 1
5856 3053 36175477 1
5869 2982 36175487 1
5880 2951 36175497 1
5891 2951 36175507 1
5902 2963 36175517 1
5928 3044 36175527 1
5964 3168 36175537 1
5996 3336 36175547 1
6029 3522 36175557 1
6064 3721 36175567 1
6104 3913 36175577 1
6152 4019 36175587 1
6201 4069 36175597 1
6258 4074 36175607 1
6321 4029 36175617 1
6357 3951 36175627 1
6404 3815 36175637 1
6459 3667 36175647 1
6501 3511 36175657 1
6540 3382 36175667 1
6576 3276 36175677 1
6613 3185 36175687 1
6991 4115 36175848 0
7000 4088 36175858 1
7000 4102 36175868 1
7000 4131 36175878 1
7010 4102 36175888 1
7026 4030 36175898 1
7050 3929 36175908 1
7078 3733 36175918 1
7104 3511 36175928 1
7121 3273 36175938 1
7134 3016 36175948 1
7134 2759 36175958 1
7128 2546 36175968 1
7121 2363 36175978 1
7121 2196 36175988 1
7121 2055 36175998 1
7113 1931 36176008 1
7092 1848 36176018 1
7061 1805 36176028 1
7018 1790 36176038 1
6973 1827 36176048 1
6337 5049 36176198 0
6331 4963 36176208 1
6280 5016 36176218 1
6285 5022 36176228 1
6329 4998 36176238 1
6399 4953 36176248 1
6481 4908 36176258 1
6583 4835 36176268 1
7604 4133 36176469 0
7640 4134 36176479 1
7653 4168 36176489 1
7662 4159 36176499 1
7695 4074 36176509 1
7723 3952 36176519 1
7748 3769 36176529 1
7769 3582 36176539 1
7786 3393 36176549 1
7801 3258 36176559 1
7828 3176 36176569 1
7852 3130 36176579 1
7465 4834 36176719 0
7502 4810 36176729 1
7481 4825 36176739 1
7497 4792 36176749 1
7529 4751 36176759 1
7571 4704 36176769 1
7624 4650 36176779 1
8342 3456 36176979 0
8215 3404 36176989 1
8179 3446 36176999 1
8179 3446 36177009 1
8226 3371 36177019 1
8306 3362 36177029 1
8421 3381 36177039 1
8558 3418 36177049 1
8724 3481 36177059 1
8910 3578 36177069 1
9110 3698 36177079 1
9284 3855 36177089 1
9465 4009 36177099 1
9650 4159 36177109 1
9804 4304 36177119 1
9885 4445 36177129 1
9918 4552 36177139 1
9889 4639 36177149 1
9823 4724 36177159 1
9732 4779 36177169 1
9600 4813 36177179 1
9448 4796 36177189 1
9282 4726 36177199 1
9129 4622 36177209 1
9000 4449 36177219 1
8886 4226 36177229 1
8837 3971 36177239 1
8864 3716 36177250 1
8942 3532 36177260 1
9091 3396 36177270 1
9305 3283 36177280 1
9562 3224 36177290 1
9873 3201 36177300 1
10202 3214 36177310 1
10543 3266 36177320 1
10846 3343 36177330 1
