177
2745 6247 62390723 0
2745 6247 62390733 1
2732 6326 62390743 1
2723 6318 62390753 1
2754 6274 62390763 1
2803 6206 62390773 1
2863 6114 62390783 1
2975 5995 62390793 1
3087 5859 62390803 1
3198 5735 62390813 1
3339 5634 62390823 1
3480 5549 62390833 1
3636 5475 62390843 1
4563 5955 62390903 0
4792 6221 62390913 1
4813 6313 62390923 1
4813 6331 62390933 1
4793 6300 62390943 1
4762 6231 62390963 1
4634 6119 62390973 1
4478 5979 62390983 1
4302 5830 62390993 1
4118 5696 62391003 1
3979 5595 62391013 1
3869 5511 62391023 1
3816 5456 62391033 1
3790 5408 62391043 1
3781 5366 62391053 1
3781 5322 62391063 1
3788 5271 62391073 1
3799 5187 62391083 1
3814 5085 62391093 1
3832 4935 62391103 1
3847 4751 62391113 1
3853 4544 62391123 1
3853 4322 62391133 1
3853 4123 62391143 1
3859 3939 62391153 1
3864 3768 62391163 1
3864 3634 62391173 1
3888 3526 62391183 1
4550 4357 62391273 0
4686 4393 62391283 1
4706 4433 62391293 1
4730 4389 62391303 1
4799 4315 62391313 1
4834 4221 62391323 1
4847 4106 62391333 1
4863 3985 62391343 1
4881 3860 62391353 1
4901 3767 62391363 1
4919 3712 62391373 1
5039 5162 62391464 0
5071 5180 62391474 1
5039 5345 62391484 1
4969 5396 62391494 1
4996 5372 62391504 1
5028 5292 62391514 1
5064 5210 62391524 1
5087 5100 62391534 1
5485 4645 62391644 0
5561 4575 62391654 1
5582 4636 62391664 1
5606 4653 62391674 1
5681 4642 62391684 1
5713 4630 62391694 1
5713 4570 62391704 1
5707 4478 62391714 1
5689 4313 62391724 1
5666 4160 62391734 1
5654 4014 62391744 1
5648 3905 62391754 1
5648 3832 62391764 1
5660 3784 62391774 1
5666 3778 62391784 1
5666 3823 62391794 1
5718 3903 62391804 1
5794 4071 62391814 1
5893 4275 62391824 1
5975 4504 62391834 1
6046 4627 62391844 1
6082 4691 62391854 1
6112 4716 62391864 1
6137 4716 62391874 1
6170 4678 62391884 1
6207 4613 62391894 1
6248 4484 62391904 1
6298 4335 62391914 1
6355 4173 62391924 1
6405 4037 62391934 1
6447 3914 62391944 1
6484 3800 62391954 1
6499 3694 62391964 1
7069 4254 62392595 0
7167 4413 62392605 1
7186 4493 62392615 1
7194 4543 62392625 1
7194 4575 62392635 1
7213 4581 62392645 1
7233 4581 62392655 1
7259 4547 62392665 1
7293 4490 62392675 1
7332 4353 62392685 1
7360 4158 62392695 1
7381 3925 62392705 1
7375 3645 62392715 1
7347 3362 62392725 1
7303 3078 62392735 1
7260 2799 62392745 1
7222 2587 62392755 1
7192 2421 62392765 1
7169 2319 62392775 1
7155 2269 62392785 1
7150 2253 62392795 1
7150 2285 62392805 1
7545 5733 62392926 0
7564 5862 62392936 1
7540 5943 62392946 1
7566 5919 62392956 1
7595 5861 62392966 1
7625 5780 62392976 1
7620 5684 62392986 1
7620 5567 62392996 1
7628 5437 62393006 1
8234 5016 62393116 0
8275 4870 62393126 1
8256 4911 62393136 1
8269 4866 62393146 1
8302 4764 62393156 1
8363 4637 62393166 1
8410 4483 62393176 1
8448 4312 62393186 1
8407 4147 62393196 1
8381 4018 62393206 1
8366 3912 62393216 1
8347 3854 62393226 1
8334 3833 62393236 1
8718 5565 62393326 0
8751 5502 62393336 1
8751 5712 62393346 1
8728 5790 62393356 1
8721 5781 62393366 1
8761 5740 62393376 1
8831 5693 62393386 1
8855 5604 62393396 1
8872 5488 62393406 1
8882 4754 62393476 0
8839 4480 62393486 1
8817 4410 62393496 1
8812 4388 62393506 1
8817 4271 62393516 1
8880 4175 62393526 1
8947 4092 62393536 1
9022 4035 62393546 1
9131 3996 62393556 1
9261 3970 62393566 1
9475 3983 62393576 1
9655 4044 62393586 1
9811 4137 62393596 1
9991 4291 62393606 1
10116 4466 62393616 1
10205 4656 62393626 1
10188 4783 62393636 1
10073 4853 62393646 1
9892 4885 62393656 1
9653 4817 62393666 1
9444 4703 62393676 1
9255 4558 62393686 1
9120 4362 62393696 1
9065 4177 62393706 1
9065 4000 62393716 1
9138 3849 62393726 1
9314 3732 62393736 1
9558 3639 62393746 1
9865 3599 62393756 1
10164 3574 62393766 1
10457 3559 62393776 1
