198
2575 6388 40446896 0
2507 6430 40446906 1
2443 6590 40446916 1
2422 6599 40446926 1
2422 6568 40446936 1
2422 6510 40446946 1
2422 6369 40446956 1
2427 6232 40446966 1
2438 6099 40446976 1
2475 5980 40446986 1
2529 5888 40446996 1
2619 5813 40447006 1
2747 5793 40447016 1
2900 5822 40447026 1
3666 6236 40447066 0
3985 6436 40447076 1
4094 6604 40447086 1
4146 6629 40447096 1
4159 6624 40447106 1
4145 6598 40447116 1
4097 6531 40447126 1
3994 6420 40447136 1
3853 6281 40447146 1
3679 6153 40447156 1
3515 6031 40447166 1
3358 5914 40447176 1
3239 5845 40447186 1
3163 5791 40447196 1
3115 5748 40447206 1
3103 5700 40447216 1
3098 5618 40447226 1
3106 5513 40447236 1
3132 5343 40447246 1
3168 5152 40447256 1
3211 4948 40447266 1
3254 4708 40447276 1
3287 4457 40447286 1
3314 4199 40447296 1
3329 3923 40447306 1
3335 3669 40447316 1
3335 3429 40447326 1
3335 3217 40447336 1
3329 3068 40447346 1
3337 2962 40447356 1
3363 2912 40447366 1
3399 2912 40447376 1
4291 4275 40447467 0
4528 4393 40447477 1
4574 4428 40447487 1
4580 4454 40447497 1
4589 4474 40447507 1
4609 4415 40447517 1
4634 4308 40447527 1
4627 4169 40447537 1
4610 4026 40447547 1
4585 3890 40447557 1
4578 3760 40447567 1
4578 3677 40447577 1
4578 3637 40447587 1
4578 3627 40447597 1
4583 3636 40447607 1
4657 5359 40447707 0
4649 5422 40447717 1
4616 5513 40447727 1
4621 5502 40447737 1
4668 5465 40447747 1
4744 5412 40447757 1
4811 5345 40447767 1
4868 5265 40447777 1
4918 5176 40447787 1
5224 4770 40447867 0
5256 4649 40447877 1
5256 4657 40447887 1
5274 4572 40447897 1
5300 4453 40447907 1
5332 4311 40447917 1
5351 4155 40447927 1
5363 3996 40447937 1
5369 3831 40447947 1
5362 3695 40447957 1
5347 3578 40447967 1
5339 3516 40447977 1
5334 3494 40447987 1
5334 3499 40447997 1
5346 3515 40448007 1
5358 3608 40448017 1
5418 3752 40448027 1
5499 3942 40448037 1
5593 4161 40448047 1
5715 4400 40448057 1
5807 4563 40448067 1
5878 4645 40448077 1
5927 4674 40448087 1
5975 4682 40448097 1
6023 4663 40448107 1
6069 4627 40448117 1
6105 4535 40448127 1
6133 4388 40448137 1
6141 4205 40448147 1
6141 4038 40448157 1
6135 3874 40448167 1
6135 3713 40448178 1
6135 3579 40448188 1
6151 3448 40448198 1
6967 4425 40448638 0
6953 4490 40448648 1
6931 4578 40448658 1
6925 4679 40448668 1
6932 4697 40448678 1
6960 4661 40448688 1
7008 4590 40448698 1
7068 4456 40448708 1
7118 4279 40448718 1
7168 4066 40448728 1
7220 3796 40448738 1
7239 3488 40448748 1
7239 3149 40448758 1
7190 2821 40448768 1
7126 2501 40448778 1
7049 2247 40448778 1
6966 2046 40448788 1
6874 1881 40448798 1
6777 1751 40448808 1
6696 1673 40448818 1
6642 1631 40448828 1
6606 1656 40448838 1
7174 5140 40448949 0
7494 5495 40448959 1
7548 5675 40448969 1
7527 5874 40448979 1
7527 5880 40448989 1
7555 5844 40448999 1
7602 5781 40449009 1
7618 5696 40449019 1
7625 5587 40449029 1
7625 5462 40449039 1
7625 5324 40449049 1
7646 5212 40449059 1
8195 4981 40449149 0
8238 4714 40449159 1
8228 4714 40449169 1
8238 4714 40449179 1
8249 4652 40449189 1
8276 4555 40449199 1
8313 4431 40449209 1
8313 4278 40449219 1
8308 4106 40449229 1
8308 3938 40449239 1
8308 3791 40449249 1
8308 3657 40449259 1
8299 3583 40449269 1
8292 3546 40449279 1
8292 3534 40449289 1
8292 3540 40449299 1
8302 3607 40449309 1
8330 3714 40449319 1
8509 5135 40449379 0
8585 5439 40449389 1
8570 5565 40449399 1
8557 5626 40449409 1
8544 5644 40449419 1
8549 5634 40449429 1
8563 5592 40449439 1
8582 5530 40449449 1
8594 5424 40449459 1
8603 5289 40449469 1
8748 4418 40449560 0
8735 4254 40449570 1
8735 4220 40449580 1
8764 4148 40449590 1
8814 4054 40449600 1
8883 3987 40449610 1
8981 3938 40449620 1
9111 3922 40449630 1
9262 3937 40449640 1
9479 3972 40449650 1
9673 4040 40449660 1
9852 4130 40449670 1
9995 4236 40449680 1
10065 4365 40449690 1
10085 4493 40449700 1
10040 4587 40449710 1
9925 4658 40449720 1
9764 4682 40449730 1
9566 4659 40449740 1
9361 4604 40449750 1
9150 4500 40449760 1
9021 4367 40449770 1
8946 4214 40449780 1
8906 4063 40449790 1
8938 3918 40449800 1
9038 3777 40449810 1
9182 3659 40449820 1
9403 3571 40449830 1
9648 3503 40449840 1
9908 3444 40449850 1
10097 3397 40449860 1
10192 3357 40449870 1
