175
2202 5814 40426647 0
2130 5705 40426657 1
2060 5663 40426667 1
1985 5631 40426677 1
1956 5451 40426687 1
1961 5270 40426697 1
1989 5158 40426707 1
2047 5092 40426717 1
2140 5042 40426727 1
2257 5023 40426737 1
2397 5023 40426747 1
3571 5865 40426827 0
3765 5840 40426837 1
3759 5820 40426847 1
3706 5810 40426857 1
3609 5673 40426867 1
3472 5480 40426877 1
3309 5250 40426887 1
3054 5058 40426897 1
2841 4889 40426907 1
2656 4735 40426917 1
2548 4673 40426927 1
2500 4643 40426937 1
2492 4634 40426947 1
2492 4634 40426957 1
2515 4626 40426967 1
2545 4599 40426977 1
2597 4558 40426987 1
2666 4479 40426997 1
2745 4340 40427007 1
2804 4161 40427017 1
2866 3933 40427027 1
2910 3682 40427037 1
2940 3417 40427047 1
2952 3204 40427057 1
2964 3058 40427067 1
2976 2956 40427077 1
3004 2899 40427087 1
3055 2886 40427097 1
3967 4121 40427187 0
4244 4205 40427197 1
4283 4347 40427207 1
4294 4355 40427217 1
4332 4273 40427227 1
4388 4169 40427237 1
4400 4003 40427247 1
4400 3796 40427257 1
4393 3568 40427267 1
4419 3401 40427277 1
4445 3275 40427287 1
4471 3206 40427297 1
4493 3179 40427307 1
4514 3179 40427317 1
4576 4776 40427398 0
4683 4843 40427408 1
4689 4916 40427418 1
4657 5032 40427428 1
4693 5008 40427438 1
4777 4982 40427448 1
4893 4953 40427458 1
5522 4387 40427808 0
5625 4478 40427818 1
5610 4518 40427828 1
5598 4556 40427838 1
5604 4481 40427848 1
5621 4331 40427858 1
5599 4131 40427868 1
5576 3907 40427878 1
5551 3731 40427888 1
5499 3587 40427898 1
5483 3530 40427908 1
5492 3512 40427918 1
5492 3520 40427928 1
5527 3537 40427938 1
5584 3633 40427948 1
5696 3781 40427958 1
5826 3974 40427968 1
5968 4163 40427978 1
6103 4288 40427988 1
6179 4373 40427998 1
6216 4361 40428008 1
6255 4296 40428018 1
6283 4196 40428028 1
6304 4054 40428038 1
6309 3885 40428048 1
6319 3697 40428058 1
6331 3582 40428069 1
6350 3508 40428079 1
6368 3461 40428089 1
6386 3446 40428099 1
7073 4283 40428189 0
7196 4215 40428199 1
7203 4287 40428209 1
7208 4207 40428219 1
7271 4091 40428229 1
7337 3950 40428239 1
7387 3736 40428249 1
7426 3522 40428259 1
7450 3266 40428269 1
7456 2981 40428279 1
7449 2670 40428289 1
7406 2418 40428299 1
7355 2206 40428309 1
7298 2042 40428319 1
7261 1946 40428329 1
7244 1895 40428339 1
7244 1895 40428349 1
7620 5091 40428469 0
7647 5327 40428479 1
7627 5484 40428489 1
7637 5506 40428499 1
7665 5439 40428509 1
7719 5346 40428519 1
7727 5232 40428529 1
7705 5105 40428539 1
7696 4947 40428549 1
8166 4291 40428679 0
8235 4252 40428689 1
8229 4292 40428699 1
8222 4292 40428709 1
8213 4220 40428719 1
8213 4093 40428729 1
8213 3959 40428739 1
8199 3798 40428749 1
8191 3618 40428759 1
8199 3473 40428769 1
8218 3340 40428779 1
8231 3216 40428789 1
8231 3144 40428799 1
8231 3119 40428809 1
8231 3125 40428819 1
8473 4911 40428900 0
8572 5068 40428910 1
8541 5261 40428920 1
8517 5342 40428930 1
8498 5349 40428940 1
8552 5321 40428950 1
8598 5272 40428960 1
8638 5209 40428970 1
8653 5101 40428980 1
8662 4960 40428990 1
8691 4045 40429090 0
8669 3844 40429100 1
8646 3836 40429110 1
8613 3883 40429120 1
8640 3856 40429130 1
8701 3815 40429140 1
8784 3764 40429150 1
8918 3722 40429160 1
9088 3704 40429170 1
9282 3704 40429180 1
9510 3726 40429190 1
9738 3786 40429200 1
9966 3869 40429210 1
10184 3998 40429220 1
10330 4134 40429230 1
10429 4274 40429240 1
10437 4412 40429250 1
10364 4510 40429260 1
10237 4581 40429270 1
10040 4602 40429280 1
9784 4564 40429290 1
9489 4487 40429300 1
9255 4347 40429310 1
9122 4202 40429320 1
9057 4060 40429330 1
9075 3922 40429340 1
9179 3780 40429350 1
9341 3665 40429360 1
9617 3568 40429370 1
9917 3495 40429380 1
10234 3431 40429390 1
10471 3374 40429400 1
10632 3309 40429411 1
10741 3233 40429421 1
