185
2404 5859 40434818 0
2376 5809 40434828 1
2346 5844 40434838 1
2356 5833 40434848 1
2393 5756 40434858 1
2422 5636 40434868 1
2465 5521 40434878 1
2516 5421 40434888 1
2619 5331 40434898 1
2747 5276 40434908 1
3904 5910 40434999 0
4105 5914 40435009 1
4129 5971 40435019 1
4096 5944 40435029 1
4063 5844 40435039 1
3965 5695 40435049 1
3824 5547 40435059 1
3623 5382 40435069 1
3434 5205 40435079 1
3252 5084 40435089 1
3145 5023 40435099 1
3089 5001 40435109 1
3068 4991 40435119 1
3068 4976 40435129 1
3068 4959 40435139 1
3073 4888 40435149 1
3089 4778 40435159 1
3123 4643 40435169 1
3167 4474 40435179 1
3207 4265 40435189 1
3239 4030 40435199 1
3265 3800 40435209 1
3280 3605 40435219 1
3292 3433 40435229 1
3303 3299 40435239 1
3317 3209 40435249 1
3332 3148 40435259 1
3350 3119 40435269 1
4038 4111 40435359 0
4218 4109 40435369 1
4218 4163 40435379 1
4234 4106 40435389 1
4259 3996 40435399 1
4279 3850 40435409 1
4279 3700 40435419 1
4274 3577 40435429 1
4274 3471 40435439 1
4274 3413 40435449 1
4274 3413 40435459 1
4274 3413 40435469 1
4419 4845 40435549 0
4472 4860 40435559 1
4447 4890 40435569 1
4458 4932 40435579 1
4487 4876 40435589 1
4529 4804 40435599 1
4566 4722 40435609 1
4607 4644 40435619 1
4655 4566 40435629 1
4873 4538 40435710 0
4921 4454 40435720 1
4921 4533 40435730 1
4921 4540 40435740 1
4935 4498 40435750 1
4960 4437 40435760 1
4974 4326 40435770 1
4974 4182 40435780 1
4974 4018 40435790 1
4988 3853 40435800 1
4983 3748 40435810 1
4983 3684 40435820 1
4998 3665 40435830 1
5003 3665 40435840 1
5012 3688 40435850 1
5061 3795 40435860 1
5135 3937 40435870 1
5223 4103 40435880 1
5312 4265 40435890 1
5398 4423 40435900 1
5444 4489 40435910 1
5464 4496 40435920 1
5490 4496 40435930 1
5520 4462 40435940 1
5556 4410 40435950 1
5589 4301 40435960 1
5615 4171 40435970 1
5638 4026 40435980 1
5655 3898 40435990 1
5655 3769 40436000 1
5655 3685 40436010 1
5655 3632 40436020 1
5674 3606 40436030 1
6255 4298 40436110 0
6437 4356 40436120 1
6456 4386 40436130 1
6427 4428 40436140 1
6468 4409 40436150 1
6511 4337 40436160 1
6536 4231 40436170 1
6549 4062 40436180 1
6561 3836 40436190 1
6576 3572 40436200 1
6595 3338 40436210 1
6611 3101 40436220 1
6621 2861 40436230 1
6627 2639 40436240 1
6640 2483 40436250 1
6648 2371 40436260 1
6653 2307 40436270 1
6653 2292 40436280 1
6901 4962 40436381 0
6917 5156 40436391 1
6882 5369 40436401 1
6882 5391 40436411 1
6904 5378 40436421 1
6938 5343 40436431 1
6953 5305 40436441 1
6953 5236 40436451 1
6969 5147 40436461 1
6984 5045 40436471 1
7006 4943 40436481 1
7313 4265 40436621 0
7344 4181 40436631 1
7318 4249 40436641 1
7334 4236 40436651 1
7352 4217 40436661 1
7370 4188 40436671 1
7379 4124 40436681 1
7385 4037 40436691 1
7385 3906 40436701 1
7375 3764 40436711 1
7365 3614 40436721 1
7365 3497 40436731 1
7365 3394 40436741 1
7360 3300 40436751 1
7360 3247 40436761 1
7354 3231 40436771 1
7354 3241 40436781 1
7703 4846 40436861 0
7725 4917 40436871 1
7701 5000 40436881 1
7678 5132 40436891 1
7686 5132 40436901 1
7714 5122 40436911 1
7733 5113 40436921 1
7753 5105 40436931 1
7773 5077 40436941 1
7808 5005 40436951 1
7846 4905 40436961 1
7955 4101 40437072 0
7920 3938 40437082 1
7910 3908 40437092 1
7910 3920 40437102 1
7938 3883 40437112 1
7981 3813 40437122 1
8008 3759 40437132 1
8056 3703 40437142 1
8117 3645 40437152 1
8243 3600 40437162 1
8373 3564 40437172 1
8554 3573 40437182 1
8768 3618 40437192 1
9034 3686 40437202 1
9221 3781 40437212 1
9355 3904 40437222 1
9460 4046 40437232 1
9503 4186 40437242 1
9503 4320 40437252 1
9441 4417 40437262 1
9308 4492 40437272 1
9127 4502 40437282 1
8883 4460 40437292 1
8648 4383 40437302 1
8420 4254 40437312 1
8262 4101 40437322 1
8196 3932 40437332 1
8191 3769 40437342 1
8263 3636 40437352 1
8419 3523 40437362 1
8632 3432 40437372 1
8909 3353 40437382 1
9190 3283 40437392 1
9384 3226 40437402 1
9518 3174 40437412 1
9571 3126 40437422 1
