330
2962 5538 48370916 0
2952 5508 48370926 1
2943 5455 48370936 1
2943 5377 48370946 1
2943 5235 48370956 1
2950 5059 48370966 1
2961 4860 48370976 1
2975 4640 48370986 1
2992 4426 48370996 1
3008 4216 48371006 1
3024 4021 48371016 1
3040 3882 48371026 1
3057 3781 48371036 1
3071 3746 48371046 1
3530 5561 48371197 0
3530 5561 48371207 1
3530 5561 48371217 1
3530 5561 48371227 1
3530 5561 48371237 1
3530 5561 48371247 1
3530 5561 48371257 1
3577 5597 48371267 1
3613 5621 48371277 1
3646 5639 48371287 1
3671 5648 48371297 1
3690 5648 48371307 1
3822 5623 48371407 0
3869 5612 48371417 1
3881 5626 48371427 1
3887 5640 48371437 1
3902 5658 48371447 1
3924 5688 48371457 1
3956 5725 48371467 1
4007 5764 48371477 1
4068 5801 48371487 1
4133 5838 48371497 1
4196 5855 48371507 1
4243 5849 48371517 1
4280 5829 48371527 1
4308 5784 48371537 1
4324 5714 48371547 1
4331 5628 48371557 1
4337 5520 48371567 1
4342 5379 48371577 1
4342 5217 48371587 1
4355 5045 48371597 1
4367 4846 48371607 1
4385 4630 48371617 1
4410 4438 48371627 1
4440 4243 48371637 1
4468 4046 48371647 1
4489 3890 48371657 1
4506 3760 48371667 1
4518 3648 48371677 1
4518 3576 48371687 1
4518 3530 48371697 1
4518 3502 48371707 1
4498 3495 48371717 1
3384 4963 48371938 0
3384 4963 48371948 1
3384 4963 48371958 1
3384 4963 48371968 1
3417 4988 48371978 1
3440 5003 48371988 1
3472 5015 48371998 1
3508 5025 48372008 1
3550 5036 48372018 1
3595 5046 48372028 1
3640 5055 48372038 1
3681 5055 48372048 1
3616 4663 48372138 0
3598 4597 48372148 1
3590 4597 48372158 1
3590 4597 48372168 1
3590 4597 48372178 1
3603 4597 48372188 1
3615 4605 48372198 1
3652 4617 48372208 1
3701 4643 48372218 1
3758 4677 48372228 1
3811 4717 48372238 1
3857 4752 48372248 1
3791 4444 48372338 0
3734 4263 48372348 1
3705 4232 48372358 1
3705 4207 48372368 1
3700 4187 48372378 1
3700 4182 48372388 1
3725 4187 48372398 1
3756 4199 48372408 1
3806 4243 48372418 1
3861 4302 48372428 1
3923 4372 48372438 1
3985 4425 48372448 1
4043 4474 48372458 1
5169 5636 48372679 0
5101 5583 48372689 1
5088 5583 48372699 1
5088 5614 48372709 1
5088 5614 48372719 1
5117 5636 48372729 1
5155 5664 48372739 1
5214 5696 48372749 1
5275 5729 48372759 1
5338 5763 48372769 1
5398 5793 48372779 1
5452 5822 48372789 1
5500 5848 48372799 1
5538 5870 48372809 1
5560 5881 48372819 1
5463 5896 48372909 0
5442 5930 48372919 1
5434 5942 48372929 1
5428 5947 48372939 1
5428 5947 48372949 1
5423 5947 48372959 1
5423 5947 48372969 1
5423 5923 48372979 1
5423 5886 48372989 1
5423 5834 48372999 1
5423 5780 48373009 1
5414 5722 48373019 1
5407 5657 48373029 1
5400 5590 48373039 1
5393 5520 48373049 1
5387 5449 48373059 1
5316 5203 48373150 0
5316 5177 48373160 1
5316 5177 48373170 1
5316 5171 48373180 1
5309 5163 48373190 1
5309 5149 48373200 1
5301 5125 48373210 1
5301 5092 48373220 1
5310 5050 48373230 1
5319 5002 48373240 1
5328 4949 48373250 1
5336 4908 48373260 1
5344 4876 48373270 1
5353 4859 48373280 1
5363 4859 48373290 1
5401 5158 48373420 0
5411 5185 48373430 1
5397 5195 48373440 1
5397 5204 48373450 1
5397 5214 48373460 1
5402 5227 48373470 1
5425 5255 48373480 1
5458 5292 48373490 1
5509 5336 48373500 1
5564 5376 48373510 1
5618 5411 48373520 1
5668 5436 48373530 1
5710 5452 48373540 1
5746 5459 48373550 1
5778 5459 48373560 1
5797 5452 48373570 1
5797 5440 48373580 1
5792 5408 48373590 1
5764 5363 48373600 1
5726 5301 48373610 1
5680 5239 48373620 1
5641 5178 48373630 1
5407 4780 48373760 0
5401 4746 48373770 1
5394 4762 48373780 1
5410 4794 48373790 1
5441 4839 48373800 1
5477 4893 48373810 1
5519 4952 48373820 1
5573 5008 48373830 1
5636 5059 48373840 1
5701 5101 48373850 1
5764 5132 48373860 1
5804 5155 48373870 1
5829 5161 48373880 1
5829 5161 48373890 1
5822 5147 48373900 1
5775 5092 48373921 0
5722 5044 48373931 1
5697 5021 48373941 1
5676 5000 48373951 1
5655 4974 48373961 1
5633 4924 48373971 1
5608 4858 48373981 1
5581 4758 48373991 1
5554 4669 48374001 1
5528 4588 48374011 1
5503 4513 48374021 1
5487 4451 48374031 1
5474 4399 48374041 1
5474 4372 48374051 1
5485 4362 48374061 1
5504 4362 48374071 1
5540 4393 48374081 1
5588 4452 48374091 1
5639 4531 48374101 1
5689 4611 48374111 1
5739 4689 48374121 1
5781 4760 48374131 1
5818 4824 48374141 1
5837 4858 48374151 1
5845 4872 48374161 1
5845 4872 48374171 1
5845 4863 48374181 1
5845 4826 48374191 1
5838 4770 48374201 1
5838 4712 48374211 1
5847 4660 48374221 1
5864 4612 48374231 1
5892 4571 48374241 1
5935 4544 48374251 1
5989 4526 48374261 1
6059 4526 48374271 1
6133 4551 48374281 1
6215 4592 48374291 1
6294 4661 48374301 1
6370 4751 48374311 1
6396 5668 48374532 0
6377 5643 48374542 1
6363 5643 48374552 1
6344 5657 48374562 1
6349 5657 48374572 1
6378 5669 48374582 1
6424 5702 48374592 1
6509 5749 48374602 1
6598 5801 48374612 1
6686 5851 48374622 1
6770 5897 48374632 1
6844 5931 48374642 1
6891 5956 48374652 1
6919 5966 48374662 1
6925 5972 48374672 1
6916 5972 48374682 1
6896 5966 48374692 1
6863 5959 48374702 1
6832 5959 48374712 1
6806 5965 48374722 1
6787 5976 48374732 1
6772 5989 48374742 1
6760 6003 48374752 1
6752 6003 48374762 1
6747 6008 48374772 1
6747 6008 48374782 1
6738 5968 48374792 1
6727 5910 48374802 1
6712 5833 48374812 1
6698 5759 48374822 1
6683 5687 48374832 1
6668 5622 48374842 1
6659 5551 48374852 1
6650 5477 48374862 1
6566 5432 48374932 0
6529 5449 48374942 1
6501 5458 48374952 1
6485 5458 48374962 1
6471 5458 48374972 1
6462 5447 48374982 1
6462 5419 48374992 1
6462 5380 48375002 1
6477 5335 48375012 1
6492 5292 48375022 1
6509 5255 48375032 1
6525 5221 48375042 1
6539 5203 48375052 1
6547 5195 48375062 1
6552 5195 48375072 1
6552 5190 48375082 1
6552 5204 48375092 1
6552 5229 48375102 1
6557 5260 48375112 1
6571 5301 48375122 1
6601 5350 48375132 1
6642 5401 48375142 1
6701 5450 48375152 1
6763 5495 48375162 1
6831 5533 48375172 1
6899 5563 48375182 1
6959 5587 48375192 1
7015 5605 48375202 1
7061 5616 48375212 1
7088 5616 48375222 1
7101 5611 48375232 1
7106 5597 48375242 1
7089 5555 48375252 1
7057 5495 48375262 1
7011 5424 48375272 1
6964 5357 48375282 1
6915 5293 48375292 1
6885 5247 48375302 1
6860 5207 48375312 1
6781 5151 48375383 0
6781 5151 48375393 1
6781 5151 48375403 1
6752 5136 48375413 1
6736 5111 48375423 1
6717 5082 48375433 1
6703 5047 48375443 1
6689 5001 48375453 1
6669 4938 48375463 1
6645 4865 48375473 1
6618 4791 48375483 1
6595 4729 48375493 1
6580 4676 48375503 1
6573 4644 48375513 1
6581 4628 48375523 1
6599 4623 48375533 1
6629 4634 48375543 1
6855 4976 48375603 0
6926 5080 48375613 1
6935 5108 48375623 1
6935 5108 48375633 1
6935 5108 48375643 1
6935 5108 48375653 1
6928 5082 48375663 1
6919 5043 48375673 1
6905 4977 48375683 1
6905 4906 48375693 1
6905 4829 48375703 1
6915 4750 48375713 1
6942 4684 48375723 1
6980 4628 48375733 1
7037 4592 48375743 1
7113 4582 48375753 1
7202 4589 48375763 1
7321 4631 48375773 1
7441 4698 48375783 1
7560 4782 48375793 1
7659 4868 48375803 1
7745 4945 48375813 1
