255
6128 5030 60706901 0
6157 5073 60706911 1
6106 5094 60706921 1
6106 5094 60706931 1
6124 5023 60706941 1
6136 4925 60706951 1
6145 4733 60706961 1
6150 4522 60706971 1
6156 4298 60706981 1
6166 4113 60706991 1
6178 3950 60707001 1
6188 3801 60707011 1
6198 3657 60707021 1
6216 3551 60707031 1
6234 3471 60707041 1
6249 3412 60707051 1
6266 3382 60707061 1
6598 5290 60707222 0
6753 5465 60707232 1
6758 5554 60707242 1
6711 5587 60707252 1
6716 5587 60707262 1
6785 5524 60707352 0
6867 5539 60707362 1
6901 5576 60707372 1
6978 5607 60707382 1
7084 5668 60707392 1
7209 5728 60707402 1
7327 5788 60707412 1
7440 5839 60707422 1
7521 5872 60707432 1
7586 5894 60707442 1
7639 5894 60707452 1
7677 5858 60707462 1
7708 5803 60707472 1
7735 5708 60707482 1
7748 5526 60707492 1
7748 5287 60707502 1
7748 4997 60707512 1
7748 4721 60707522 1
7748 4455 60707532 1
7748 4200 60707542 1
7761 3958 60707552 1
7771 3725 60707562 1
7789 3556 60707572 1
7803 3409 60707582 1
7812 3278 60707592 1
7820 3188 60707602 1
7812 3144 60707612 1
7797 3131 60707622 1
6975 4700 60707803 0
6970 4747 60707813 1
6970 4763 60707823 1
6996 4781 60707833 1
7042 4821 60707843 1
7109 4876 60707853 1
7180 4919 60707863 1
7039 4625 60707973 0
7020 4592 60707983 1
7020 4592 60707993 1
7020 4592 60708003 1
7041 4600 60708013 1
7074 4607 60708023 1
7127 4615 60708033 1
7183 4624 60708043 1
7247 4633 60708053 1
6684 4050 60708173 0
6547 3927 60708183 1
6506 3927 60708193 1
6491 3934 60708203 1
6491 3934 60708213 1
6526 3940 60708223 1
6577 3951 60708233 1
6671 3975 60708243 1
6779 4009 60708253 1
6896 4051 60708263 1
6986 4085 60708273 1
7075 4122 60708283 1
8695 5307 60708534 0
8746 5285 60708544 1
8722 5309 60708554 1
8700 5343 60708564 1
8741 5385 60708574 1
8822 5425 60708584 1
8905 5463 60708594 1
8985 5498 60708604 1
9064 5529 60708614 1
9093 5714 60708744 0
9105 5725 60708754 1
9105 5725 60708764 1
9097 5725 60708774 1
9097 5725 60708784 1
9097 5719 60708794 1
9097 5719 60708804 1
9097 5667 60708814 1
9097 5584 60708824 1
9092 5554 60708834 1
9092 5495 60708844 1
8890 5154 60708944 0
8878 5047 60708954 1
8867 5069 60708964 1
8854 5069 60708974 1
8854 5069 60708984 1
8854 5058 60708994 1
8849 5025 60709004 1
8837 4976 60709014 1
8837 4937 60709024 1
8846 4907 60709034 1
8853 4892 60709044 1
8859 4885 60709054 1
8864 4885 60709064 1
8864 4885 60709074 1
8893 4920 60709084 1
8945 4974 60709094 1
9014 5041 60709104 1
9068 5096 60709114 1
9109 5125 60709124 1
9142 5141 60709134 1
9160 5141 60709144 1
9168 5146 60709154 1
9168 5146 60709164 1
9168 5135 60709174 1
9173 5120 60709184 1
9173 5097 60709194 1
9173 5068 60709204 1
9163 5037 60709214 1
9151 4997 60709224 1
9133 4963 60709234 1
9118 4933 60709244 1
9107 4911 60709254 1
9096 4896 60709264 1
9075 4886 60709274 1
9033 4848 60709284 1
8884 4663 60709395 0
8912 4638 60709405 1
8899 4638 60709415 1
8889 4638 60709425 1
8889 4638 60709435 1
8889 4632 60709445 1
8879 4623 60709455 1
8864 4592 60709465 1
8833 4547 60709475 1
8799 4490 60709485 1
8763 4445 60709495 1
8748 4407 60709505 1
8726 4349 60709515 1
8918 4515 60709595 0
8982 4484 60709605 1
8964 4453 60709615 1
8959 4422 60709625 1
8959 4378 60709635 1
8968 4343 60709645 1
8990 4315 60709655 1
9022 4301 60709665 1
9068 4301 60709675 1
9128 4307 60709685 1
9197 4336 60709695 1
9266 4371 60709705 1
9319 4410 60709715 1
9425 5498 60709916 0
9459 5476 60709926 1
9386 5523 60709936 1
9398 5548 60709946 1
9442 5558 60709956 1
9508 5590 60709966 1
9572 5621 60709976 1
9640 5656 60709986 1
9715 5693 60709996 1
9706 5934 60710096 0
9706 5934 60710106 1
9706 5934 60710116 1
9706 5934 60710126 1
9706 5934 60710136 1
9706 5934 60710146 1
9696 5877 60710156 1
9687 5812 60710166 1
9682 5766 60710176 1
9677 5705 60710186 1
9670 5634 60710196 1
9664 5556 60710206 1
9523 5302 60710316 0
9487 5196 60710326 1
9465 5187 60710336 1
9465 5228 60710346 1
9465 5203 60710356 1
9465 5176 60710366 1
9465 5140 60710376 1
9465 5099 60710386 1
9465 5052 60710396 1
9474 5018 60710406 1
9479 4991 60710416 1
9479 4976 60710426 1
9479 4971 60710436 1
9479 4971 60710446 1
9484 4976 60710456 1
9484 5001 60710466 1
9516 5041 60710476 1
9563 5115 60710486 1
9617 5188 60710496 1
9670 5240 60710506 1
9722 5277 60710516 1
9766 5305 60710526 1
9806 5329 60710536 1
9843 5339 60710546 1
9862 5339 60710556 1
9870 5339 60710566 1
9876 5329 60710576 1
9881 5313 60710586 1
9886 5288 60710596 1
9886 5251 60710606 1
9886 5215 60710617 1
9877 5181 60710627 1
9870 5157 60710637 1
9851 5129 60710647 1
9823 5098 60710657 1
9776 5060 60710667 1
9718 5020 60710677 1
9580 4835 60710827 0
9580 4803 60710837 1
9575 4803 60710847 1
9575 4794 60710857 1
9567 4786 60710867 1
9560 4760 60710877 1
9548 4730 60710887 1
9533 4697 60710897 1
9515 4656 60710907 1
9498 4617 60710917 1
9481 4577 60710927 1
9471 4535 60710937 1
9761 4926 60711047 0
9817 4906 60711057 1
9811 4906 60711067 1
9811 4899 60711077 1
9803 4857 60711087 1
9793 4791 60711097 1
9781 4725 60711107 1
9771 4662 60711117 1
9781 4602 60711127 1
9802 4567 60711137 1
9843 4532 60711147 1
9890 4509 60711157 1
9960 4495 60711167 1
10042 4505 60711177 1
10128 4523 60711187 1
10215 4546 60711197 1
10302 4566 60711207 1
10380 4584 60711217 1
10453 4599 60711227 1
10498 4608 60711237 1
10524 4615 60711247 1
10537 4615 60711257 1
10537 4621 60711267 1
10537 4634 60711277 1
10537 4655 60711287 1
10544 4676 60711297 1
