381
2260 6337 30397435 0
2260 6337 30397445 1
2260 6337 30397455 1
2260 6337 30397465 1
2260 6337 30397475 1
2260 6337 30397485 1
2260 6337 30397495 1
2260 6337 30397505 1
2260 6337 30397515 1
2260 6337 30397525 1
2258 6291 30397535 1
2253 6260 30397545 1
2247 6222 30397555 1
2241 6180 30397565 1
2241 6135 30397575 1
2235 6077 30397585 1
2235 6012 30397595 1
2230 5930 30397605 1
2225 5831 30397615 1
2218 5720 30397625 1
2209 5616 30397635 1
2201 5507 30397645 1
2192 5375 30397655 1
2182 5230 30397665 1
2171 5104 30397675 1
2166 4987 30397685 1
2166 4877 30397695 1
2166 4757 30397705 1
2174 4650 30397715 1
2179 4553 30397725 1
2179 4475 30397735 1
2195 4404 30397745 1
2205 4338 30397755 1
2211 4274 30397765 1
2216 4231 30397775 1
2216 4202 30397785 1
2221 4202 30397795 1
2221 4202 30397805 1
2221 4216 30397815 1
2221 4263 30397825 1
2221 4328 30397835 1
2687 6745 30398076 0
2702 6783 30398086 1
2716 6806 30398096 1
2731 6833 30398106 1
2748 6856 30398116 1
2760 6877 30398126 1
2769 6894 30398136 1
2777 6903 30398146 1
2777 6903 30398156 1
2782 6903 30398166 1
2782 6903 30398176 1
2791 6903 30398186 1
2800 6903 30398196 1
2817 6915 30398206 1
2842 6934 30398216 1
2878 6965 30398226 1
3392 7011 30398346 0
3448 7039 30398356 1
3469 7046 30398366 1
3487 7051 30398376 1
3504 7051 30398386 1
3519 7044 30398396 1
3533 7033 30398406 1
3545 7017 30398416 1
3558 6996 30398426 1
3573 6970 30398436 1
3588 6938 30398446 1
3603 6898 30398456 1
3618 6849 30398466 1
3634 6796 30398476 1
3650 6740 30398486 1
3660 6679 30398496 1
3666 6608 30398506 1
3679 6533 30398516 1
3691 6456 30398526 1
3700 6375 30398536 1
3708 6292 30398546 1
3718 6208 30398556 1
3726 6120 30398566 1
3735 6023 30398576 1
3735 5916 30398586 1
3740 5820 30398596 1
3746 5733 30398606 1
3751 5644 30398616 1
3751 5562 30398626 1
3761 5486 30398636 1
3761 5388 30398646 1
3761 5277 30398656 1
3761 5157 30398666 1
3761 5045 30398676 1
3761 4934 30398686 1
3761 4823 30398696 1
3768 4707 30398706 1
3768 4616 30398716 1
3768 4541 30398726 1
3768 4444 30398736 1
3753 4368 30398746 1
3738 4307 30398756 1
3715 4265 30398766 1
3686 4238 30398776 1
3653 4220 30398786 1
3611 4215 30398796 1
3564 4226 30398806 1
2793 5891 30399238 0
2793 5891 30399248 1
2793 5891 30399258 1
2793 5891 30399268 1
2793 5891 30399278 1
2793 5891 30399288 1
2810 5921 30399298 1
2833 5948 30399308 1
2858 5974 30399318 1
2882 5998 30399328 1
2905 6019 30399338 1
2927 6040 30399348 1
2945 6056 30399358 1
2957 6068 30399368 1
2966 6068 30399378 1
2844 5690 30399498 0
2844 5690 30399508 1
2844 5690 30399518 1
2844 5690 30399528 1
2872 5679 30399538 1
2894 5689 30399548 1
2921 5705 30399558 1
2949 5726 30399568 1
2976 5743 30399578 1
2997 5756 30399588 1
3014 5762 30399598 1
2758 5235 30399698 0
2725 5132 30399708 1
2702 5096 30399718 1
2696 5079 30399728 1
2696 5079 30399738 1
2696 5068 30399748 1
2706 5063 30399758 1
2720 5063 30399768 1
2743 5063 30399778 1
2790 5100 30399788 1
2853 5151 30399798 1
2935 5226 30399808 1
3033 5312 30399818 1
4392 6368 30400510 0
4364 6363 30400520 1
4364 6363 30400530 1
4370 6372 30400540 1
4387 6388 30400550 1
4431 6419 30400560 1
4491 6461 30400570 1
4574 6507 30400580 1
4671 6555 30400590 1
4776 6604 30400600 1
4844 6638 30400610 1
4896 6669 30400620 1
4937 6691 30400630 1
4959 6705 30400640 1
4968 6711 30400650 1
4968 6711 30400660 1
4968 6711 30400670 1
4845 6766 30400850 0
4845 6766 30400860 1
4845 6766 30400870 1
4825 6734 30400880 1
4817 6715 30400890 1
4812 6691 30400900 1
4805 6658 30400910 1
4796 6618 30400920 1
4786 6571 30400930 1
4771 6511 30400940 1
4757 6443 30400950 1
4744 6377 30400960 1
4744 6331 30400970 1
4744 6299 30400980 1
4744 6268 30400990 1
4744 6252 30401000 1
4744 6247 30401010 1
4744 6247 30401020 1
4744 6247 30401030 1
4737 6247 30401040 1
4737 6241 30401050 1
4727 6236 30401060 1
4722 6231 30401070 1
4717 6222 30401080 1
4711 6209 30401090 1
4705 6197 30401100 1
4700 6187 30401110 1
4700 6178 30401120 1
4695 6167 30401130 1
4695 6155 30401140 1
4690 6141 30401150 1
4690 6122 30401160 1
4680 6095 30401170 1
4672 6064 30401180 1
4663 6029 30401190 1
4654 5992 30401200 1
4645 5954 30401210 1
4636 5916 30401220 1
4630 5890 30401230 1
4630 5871 30401240 1
4624 5871 30401250 1
4624 5871 30401260 1
4633 5883 30401271 1
4725 6040 30401341 0
4752 6054 30401351 1
4762 6070 30401361 1
4797 6102 30401371 1
4835 6140 30401381 1
4879 6182 30401391 1
4926 6212 30401401 1
4972 6225 30401411 1
5004 6225 30401421 1
5028 6213 30401431 1
5028 6183 30401441 1
5013 6143 30401451 1
4980 6085 30401461 1
4933 6028 30401471 1
4887 5972 30401481 1
4845 5925 30401491 1
4794 5772 30401661 0
4794 5772 30401671 1
4773 5745 30401681 1
4757 5726 30401691 1
4740 5700 30401701 1
4715 5666 30401711 1
4684 5622 30401721 1
4645 5565 30401731 1
4606 5499 30401741 1
4572 5404 30401751 1
4543 5350 30401761 1
4521 5324 30401771 1
4504 5284 30401781 1
4494 5256 30401791 1
4487 5237 30401801 1
4487 5227 30401811 1
4481 5227 30401821 1
4481 5227 30401831 1
4490 5245 30401841 1
4508 5285 30401851 1
4855 5719 30402002 0
4855 5719 30402012 1
4855 5719 30402022 1
4855 5719 30402032 1
4855 5719 30402042 1
4855 5719 30402052 1
4855 5719 30402062 1
4855 5688 30402072 1
4846 5666 30402082 1
4846 5641 30402092 1
4838 5613 30402102 1
4838 5584 30402112 1
4838 5553 30402122 1
4845 5523 30402132 1
4859 5500 30402142 1
4879 5482 30402152 1
4907 5474 30402162 1
4950 5490 30402172 1
5001 5523 30402182 1
5479 6477 30402512 0
5479 6477 30402522 1
5479 6477 30402532 1
5479 6477 30402542 1
5506 6516 30402552 1
5559 6552 30402562 1
5636 6593 30402572 1
5729 6634 30402582 1
5832 6671 30402592 1
5901 6704 30402602 1
5959 6730 30402612 1
6010 6753 30402622 1
6042 6770 30402632 1
6059 6779 30402642 1
6065 6779 30402652 1
6065 6784 30402662 1
5909 6849 30402783 0
5909 6849 30402793 1
5909 6849 30402803 1
5909 6818 30402813 1
5902 6784 30402823 1
5891 6741 30402833 1
5876 6686 30402843 1
5856 6630 30402853 1
5833 6573 30402863 1
5808 6523 30402873 1
5665 6449 30402983 0
5647 6423 30402993 1
5631 6406 30403003 1
5621 6384 30403013 1
5610 6361 30403023 1
5600 6320 30403033 1
5589 6273 30403043 1
5580 6216 30403053 1
5569 6164 30403063 1
5557 6115 30403073 1
5557 6085 30403083 1
5557 6069 30403093 1
5557 6062 30403103 1
5702 6261 30403203 0
5772 6318 30403213 1
5827 6354 30403223 1
5876 6387 30403233 1
5920 6416 30403243 1
5959 6427 30403253 1
5985 6427 30403263 1
6003 6418 30403273 1
6003 6408 30403283 1
5994 6379 30403293 1
5970 6337 30403303 1
5927 6282 30403313 1
5880 6225 30403323 1
5831 6167 30403333 1
5787 6121 30403343 1
5766 6083 30403353 1
5796 6100 30403434 0
5796 6100 30403444 1
5765 6060 30403454 1
5745 6035 30403464 1
5726 6009 30403474 1
5704 5978 30403484 1
5680 5940 30403494 1
5652 5896 30403504 1
5618 5839 30403514 1
5580 5773 30403524 1
5541 5718 30403534 1
5502 5663 30403544 1
5467 5607 30403554 1
5439 5572 30403564 1
5426 5554 30403574 1
5426 5548 30403584 1
5426 5548 30403594 1
5431 5560 30403604 1
5886 6001 30403774 0
5886 6001 30403784 1
5886 6001 30403794 1
5886 6001 30403804 1
5886 5971 30403814 1
5886 5955 30403824 1
5891 5933 30403834 1
5891 5906 30403844 1
5891 5874 30403854 1
5891 5839 30403864 1
5896 5804 30403874 1
5903 5778 30403884 1
5911 5757 30403894 1
5921 5739 30403904 1
5935 5722 30403914 1
5950 5707 30403924 1
5967 5692 30403934 1
5983 5678 30403944 1
6001 5664 30403954 1
6020 5652 30403964 1
6043 5643 30403974 1
6070 5637 30403984 1
6104 5637 30403994 1
6145 5637 30404004 1
6191 5637 30404014 1
6241 5637 30404024 1
6286 5645 30404034 1
6328 5651 30404044 1
6372 5663 30404054 1
6418 5679 30404064 1
6467 5700 30404074 1
6514 5720 30404084 1
6561 5738 30404094 1
6615 5762 30404104 1
6673 5789 30404114 1
6736 5822 30404124 1
6801 5855 30404134 1
6852 5887 30404144 1
6896 5905 30404154 1
6925 5920 30404164 1
6949 5933 30404174 1
6969 5947 30404184 1
6988 5965 30404194 1
7010 5987 30404204 1
7035 6017 30404214 1
7047 6044 30404224 1
7047 6069 30404234 1
7047 6084 30404244 1
7042 6096 30404254 1
7035 6105 30404264 1
