255
6307 5136 60770703 0
6234 5220 60770713 1
6229 5256 60770723 1
6229 5249 60770733 1
6245 5199 60770743 1
6270 5120 60770753 1
6287 4943 60770763 1
6297 4719 60770773 1
6302 4464 60770783 1
6319 4253 60770793 1
6337 4069 60770803 1
6353 3904 60770813 1
6368 3740 60770823 1
6383 3625 60770833 1
6396 3544 60770843 1
6403 3500 60770853 1
6403 3487 60770863 1
6680 5656 60771034 0
6794 5807 60771044 1
6766 5871 60771054 1
6754 5891 60771064 1
6703 5778 60771134 0
6841 5761 60771144 1
6889 5784 60771154 1
6917 5820 60771164 1
7011 5888 60771174 1
7127 5954 60771184 1
7257 6018 60771194 1
7380 6093 60771204 1
7484 6134 60771214 1
7574 6152 60771224 1
7646 6152 60771234 1
7700 6128 60771244 1
7743 6089 60771254 1
7778 6009 60771264 1
7791 5852 60771274 1
7791 5643 60771284 1
7782 5396 60771294 1
7775 5116 60771304 1
7775 4814 60771314 1
7770 4555 60771324 1
7783 4310 60771334 1
7802 4075 60771344 1
7819 3862 60771354 1
7838 3698 60771364 1
7857 3567 60771374 1
7869 3477 60771384 1
7878 3429 60771394 1
7878 3410 60771404 1
7878 3410 60771414 1
7873 3421 60771424 1
6992 4985 60771604 0
7049 5055 60771614 1
7001 5083 60771624 1
7001 5107 60771634 1
7022 5130 60771644 1
7069 5166 60771654 1
7134 5212 60771664 1
7210 5239 60771674 1
7300 5259 60771684 1
7075 4901 60771795 0
7075 4863 60771805 1
7075 4863 60771815 1
7075 4863 60771825 1
7096 4875 60771835 1
7131 4890 60771845 1
7179 4910 60771855 1
7244 4923 60771865 1
7320 4933 60771875 1
6791 4375 60772005 0
6756 4345 60772015 1
6728 4356 60772025 1
6728 4347 60772035 1
6736 4347 60772045 1
6766 4360 60772055 1
6835 4380 60772065 1
6930 4416 60772075 1
7020 4452 60772085 1
7114 4485 60772095 1
7195 4512 60772105 1
7265 4535 60772115 1
8747 5565 60772355 0
8786 5548 60772365 1
8786 5566 60772375 1
8759 5592 60772385 1
8815 5620 60772395 1
8885 5652 60772405 1
8963 5687 60772415 1
9036 5719 60772425 1
9073 6013 60772546 0
9073 6013 60772556 1
9073 6013 60772566 1
9073 6013 60772576 1
9073 6013 60772586 1
9073 6013 60772596 1
9073 6013 60772606 1
9089 5952 60772616 1
9094 5882 60772626 1
9094 5809 60772636 1
9094 5734 60772646 1
8876 5353 60772756 0
8871 5240 60772766 1
8863 5287 60772776 1
8849 5296 60772786 1
8849 5280 60772796 1
8849 5262 60772806 1
8843 5230 60772816 1
8843 5189 60772826 1
8849 5163 60772836 1
8854 5147 60772846 1
8854 5137 60772856 1
8854 5137 60772866 1
8854 5137 60772876 1
8854 5137 60772886 1
8892 5178 60772896 1
8949 5239 60772906 1
9004 5297 60772916 1
9046 5330 60772926 1
9078 5347 60772936 1
9098 5347 60772946 1
9114 5347 60772956 1
9127 5347 60772966 1
9139 5337 60772976 1
9148 5325 60772986 1
9154 5306 60772996 1
9154 5284 60773006 1
9159 5260 60773016 1
9159 5233 60773026 1
9159 5205 60773036 1
9142 5175 60773046 1
9123 5143 60773056 1
9106 5126 60773066 1
9086 5120 60773076 1
9062 5115 60773086 1
9035 5110 60773096 1
8999 5104 60773106 1
8950 4962 60773237 0
8950 4962 60773247 1
8950 4962 60773257 1
8950 4962 60773267 1
8950 4962 60773277 1
8950 4962 60773287 1
8960 4931 60773297 1
8940 4893 60773307 1
8915 4838 60773317 1
8883 4780 60773327 1
8863 4740 60773337 1
8843 4712 60773347 1
8822 4666 60773357 1
8800 4631 60773367 1
9037 4844 60773447 0
9034 4769 60773457 1
9023 4734 60773467 1
9017 4709 60773477 1
9022 4681 60773487 1
9033 4655 60773497 1
9052 4626 60773507 1
9089 4605 60773517 1
9136 4588 60773527 1
9197 4588 60773537 1
9261 4603 60773547 1
9322 4626 60773557 1
9380 4648 60773567 1
9416 4673 60773577 1
9457 5775 60773747 0
9457 5775 60773757 1
9457 5775 60773767 1
9457 5775 60773777 1
9528 5833 60773787 1
9581 5875 60773797 1
9652 5922 60773807 1
9735 5950 60773817 1
9763 6224 60773928 0
9763 6224 60773938 1
9763 6224 60773948 1
9763 6224 60773958 1
9763 6224 60773968 1
9763 6224 60773978 1
9756 6194 60773988 1
9748 6137 60773998 1
9741 6088 60774008 1
9741 6033 60774018 1
9741 5969 60774028 1
9741 5898 60774038 1
9539 5658 60774138 0
9563 5565 60774148 1
9506 5584 60774158 1
9506 5572 60774168 1
9506 5539 60774178 1
9506 5517 60774188 1
9506 5483 60774198 1
9506 5442 60774208 1
9512 5412 60774218 1
9518 5395 60774228 1
9518 5387 60774238 1
9524 5387 60774248 1
9524 5387 60774258 1
9524 5387 60774268 1
9559 5420 60774278 1
9611 5482 60774288 1
9676 5563 60774298 1
9734 5606 60774308 1
9776 5626 60774318 1
9810 5632 60774328 1
9827 5627 60774338 1
9837 5622 60774348 1
9842 5615 60774358 1
9847 5604 60774368 1
9853 5588 60774378 1
9853 5565 60774388 1
9848 5537 60774398 1
9842 5516 60774408 1
9830 5500 60774418 1
9814 5482 60774428 1
9777 5464 60774438 1
9741 5449 60774448 1
9705 5440 60774458 1
9669 5432 60774468 1
9631 5416 60774478 1
9635 5278 60774589 0
9653 5236 60774599 1
9643 5230 60774609 1
9638 5235 60774619 1
9638 5235 60774629 1
9638 5228 60774639 1
9626 5205 60774649 1
9618 5169 60774659 1
9609 5120 60774669 1
9594 5070 60774679 1
9574 5020 60774689 1
9557 4974 60774699 1
9538 4927 60774709 1
9517 4882 60774719 1
9495 4837 60774729 1
9760 5192 60774829 0
9787 5158 60774839 1
9782 5180 60774849 1
9782 5166 60774859 1
9771 5127 60774869 1
9752 5071 60774879 1
9740 4998 60774889 1
9749 4929 60774899 1
9773 4862 60774909 1
9815 4816 60774919 1
9884 4782 60774929 1
9972 4755 60774939 1
10066 4755 60774949 1
10158 4765 60774959 1
10250 4789 60774969 1
10322 4801 60774979 1
10380 4813 60774989 1
10427 4823 60774999 1
10445 4830 60775009 1
10445 4830 60775019 1
10445 4830 60775029 1
