379
1796 6152 30434548 0
1796 6104 30434558 1
1787 6068 30434568 1
1787 6021 30434578 1
1779 5951 30434588 1
1779 5865 30434598 1
1772 5756 30434608 1
1765 5642 30434618 1
1756 5524 30434628 1
1745 5357 30434638 1
1736 5180 30434648 1
1731 4996 30434658 1
1731 4815 30434668 1
1738 4668 30434678 1
1751 4545 30434688 1
1764 4443 30434698 1
1775 4369 30434708 1
1775 4314 30434718 1
1782 4288 30434728 1
2067 6334 30434899 0
2067 6334 30434909 1
2067 6334 30434919 1
2067 6334 30434929 1
2067 6334 30434939 1
2067 6334 30434949 1
2095 6327 30434959 1
2110 6314 30434969 1
2125 6301 30434979 1
2139 6287 30434989 1
2155 6278 30434999 1
2171 6272 30435009 1
2187 6272 30435019 1
2207 6272 30435029 1
2589 6445 30435139 0
2656 6490 30435149 1
2691 6509 30435159 1
2732 6538 30435169 1
2784 6573 30435179 1
2845 6603 30435189 1
2901 6626 30435199 1
2953 6638 30435209 1
2999 6638 30435219 1
3035 6620 30435229 1
3065 6592 30435239 1
3085 6542 30435249 1
3097 6478 30435259 1
3103 6384 30435269 1
3103 6286 30435279 1
3109 6168 30435289 1
3109 6039 30435300 1
3120 5900 30435310 1
3128 5761 30435320 1
3139 5623 30435330 1
3151 5486 30435340 1
3162 5328 30435350 1
3171 5150 30435360 1
3180 4960 30435370 1
3194 4738 30435380 1
3209 4544 30435390 1
3224 4369 30435400 1
3239 4175 30435410 1
3251 4009 30435420 1
3262 3861 30435430 1
3262 3708 30435440 1
3262 3593 30435450 1
3244 3504 30435460 1
3228 3446 30435470 1
3210 3437 30435480 1
2261 5642 30435760 0
2228 5637 30435770 1
2210 5627 30435780 1
2210 5627 30435790 1
2210 5627 30435800 1
2210 5627 30435810 1
2233 5633 30435820 1
2267 5651 30435830 1
2314 5676 30435840 1
2366 5707 30435850 1
2424 5741 30435860 1
2484 5777 30435870 1
2546 5813 30435880 1
2588 5831 30435890 1
2618 5837 30435900 1
2626 5837 30435910 1
2626 5831 30435920 1
2618 5808 30435930 1
2597 5772 30435940 1
2348 5404 30436041 0
2329 5369 30436051 1
2315 5369 30436061 1
2315 5353 30436071 1
2315 5353 30436081 1
2315 5353 30436091 1
2333 5360 30436101 1
2357 5376 30436111 1
2387 5398 30436121 1
2418 5425 30436131 1
2449 5446 30436141 1
2469 5464 30436151 1
2483 5472 30436161 1
2483 5472 30436171 1
2483 5472 30436181 1
2192 4997 30436271 0
2148 4853 30436281 1
2124 4811 30436291 1
2124 4788 30436301 1
2124 4778 30436311 1
2139 4778 30436321 1
2184 4796 30436331 1
2249 4868 30436341 1
2344 4976 30436351 1
5129 5965 30437192 0
5129 5965 30437202 1
5129 5965 30437212 1
5129 5965 30437222 1
5166 5985 30437232 1
5218 6005 30437242 1
5288 6021 30437252 1
5381 6074 30437262 1
5482 6151 30437272 1
5587 6193 30437282 1
5667 6230 30437292 1
5727 6255 30437302 1
5773 6271 30437312 1
5797 6279 30437322 1
5805 6279 30437332 1
5805 6279 30437342 1
5610 6350 30437523 0
5589 6358 30437533 1
5582 6341 30437543 1
5577 6321 30437553 1
5577 6294 30437563 1
5569 6251 30437573 1
5560 6197 30437583 1
5549 6138 30437593 1
5535 6078 30437603 1
5521 6016 30437613 1
5457 5850 30437733 0
5457 5850 30437743 1
5445 5834 30437753 1
5445 5822 30437763 1
5445 5800 30437773 1
5439 5774 30437783 1
5434 5739 30437793 1
5434 5700 30437803 1
5426 5657 30437813 1
5426 5615 30437823 1
5420 5575 30437833 1
5420 5544 30437843 1
5415 5518 30437853 1
5415 5506 30437863 1
5415 5506 30437873 1
5488 5789 30437993 0
5521 5838 30438003 1
5546 5865 30438013 1
5580 5889 30438023 1
5616 5909 30438033 1
5650 5921 30438043 1
5672 5926 30438053 1
5688 5926 30438063 1
5688 5911 30438073 1
5688 5884 30438083 1
5672 5847 30438093 1
5646 5799 30438103 1
5613 5755 30438113 1
5444 5540 30438264 0
5426 5496 30438274 1
5417 5470 30438284 1
5404 5438 30438294 1
5389 5400 30438304 1
5370 5356 30438314 1
5348 5305 30438324 1
5324 5251 30438334 1
5300 5198 30438344 1
5278 5160 30438354 1
5264 5132 30438364 1
5258 5125 30438374 1
5258 5125 30438384 1
5268 5130 30438394 1
5288 5163 30438404 1
5552 5483 30438484 0
5580 5492 30438494 1
5580 5498 30438504 1
5580 5498 30438514 1
5580 5498 30438524 1
5580 5486 30438534 1
5589 5468 30438544 1
5596 5443 30438554 1
5606 5411 30438564 1
5620 5375 30438574 1
5643 5336 30438584 1
5673 5309 30438594 1
5711 5289 30438604 1
5755 5280 30438614 1
5804 5289 30438624 1
5843 5310 30438634 1
5875 5337 30438644 1
6224 6110 30439015 0
6224 6110 30439025 1
6224 6110 30439035 1
6198 6096 30439045 1
6187 6090 30439055 1
6176 6083 30439065 1
6166 6076 30439075 1
6157 6071 30439085 1
6150 6066 30439095 1
6143 6066 30439105 1
6138 6066 30439115 1
6133 6061 30439125 1
6133 6061 30439135 1
6133 6061 30439145 1
6133 6061 30439155 1
6133 6061 30439165 1
6133 6061 30439175 1
6138 6066 30439185 1
6146 6066 30439195 1
6157 6074 30439205 1
6176 6083 30439215 1
6201 6096 30439225 1
6249 6122 30439235 1
6312 6154 30439245 1
6379 6190 30439255 1
6443 6221 30439265 1
6499 6250 30439275 1
6551 6274 30439285 1
6585 6290 30439295 1
6606 6300 30439305 1
6617 6306 30439315 1
6617 6306 30439325 1
6617 6306 30439335 1
6617 6306 30439345 1
6599 6306 30439355 1
6579 6295 30439365 1
6436 6327 30439486 0
6436 6327 30439496 1
6436 6327 30439506 1
6436 6327 30439516 1
6436 6327 30439526 1
6436 6327 30439536 1
6430 6289 30439546 1
6422 6260 30439556 1
6416 6225 30439566 1
6409 6185 30439576 1
6401 6144 30439586 1
6391 6104 30439596 1
6381 6069 30439606 1
6372 6038 30439616 1
6235 5971 30439716 0
6235 5971 30439726 1
6235 5971 30439736 1
6235 5971 30439746 1
6235 5971 30439756 1
6235 5971 30439766 1
6204 5942 30439776 1
6198 5905 30439786 1
6188 5857 30439796 1
6175 5797 30439806 1
6163 5742 30439816 1
6153 5699 30439826 1
6148 5661 30439836 1
6148 5643 30439846 1
6153 5635 30439856 1
6158 5635 30439866 1
6288 5893 30439956 0
6380 5964 30439966 1
6433 5993 30439976 1
6486 6017 30439986 1
6538 6031 30439996 1
6582 6036 30440006 1
6621 6036 30440016 1
6621 6036 30440026 1
6651 6020 30440036 1
6651 6005 30440046 1
6631 5981 30440056 1
6598 5940 30440066 1
6555 5887 30440076 1
6506 5829 30440086 1
6456 5774 30440096 1
6321 5671 30440157 0
6321 5671 30440167 1
6321 5671 30440177 1
6321 5671 30440187 1
6321 5671 30440197 1
6280 5633 30440207 1
6256 5602 30440217 1
6228 5561 30440227 1
6198 5512 30440237 1
6168 5460 30440247 1
6137 5402 30440257 1
6114 5343 30440267 1
6094 5295 30440277 1
6080 5255 30440287 1
6071 5219 30440297 1
6066 5199 30440307 1
6066 5191 30440317 1
6071 5191 30440327 1
6082 5212 30440337 1
6450 5591 30440457 0
6450 5591 30440467 1
6450 5591 30440477 1
6450 5591 30440487 1
6450 5591 30440497 1
6450 5591 30440507 1
6450 5591 30440517 1
6457 5559 30440527 1
6451 5539 30440537 1
6444 5518 30440547 1
6437 5496 30440557 1
6430 5473 30440567 1
6430 5450 30440577 1
6425 5431 30440587 1
6425 5414 30440597 1
6425 5394 30440607 1
6425 5377 30440617 1
6425 5360 30440627 1
6433 5341 30440637 1
6433 5341 30440647 1
6443 5304 30440657 1
6451 5290 30440667 1
6459 5276 30440677 1
6469 5263 30440687 1
6482 5252 30440697 1
6497 5241 30440707 1
6513 5231 30440717 1
6532 5223 30440727 1
6552 5216 30440737 1
6570 5210 30440747 1
6589 5205 30440757 1
6608 5197 30440767 1
6627 5191 30440777 1
6645 5191 30440787 1
6664 5183 30440797 1
6684 5183 30440807 1
6705 5176 30440817 1
6726 5176 30440827 1
6748 5176 30440837 1
6769 5176 30440847 1
6793 5176 30440857 1
6819 5176 30440867 1
6846 5176 30440877 1
6873 5176 30440887 1
6895 5185 30440897 1
6915 5185 30440907 1
6936 5185 30440917 1
6956 5190 30440927 1
6976 5190 30440937 1
6994 5198 30440947 1
7015 5204 30440957 1
7036 5210 30440967 1
7056 5216 30440977 1
7075 5221 30440987 1
7095 5226 30440997 1
7109 5226 30441007 1
7120 5233 30441017 1
7133 5233 30441027 1
7145 5240 30441037 1
7156 5240 30441047 1
7167 5247 30441057 1
7179 5247 30441067 1
7192 5256 30441077 1
7204 5262 30441087 1
7212 5268 30441097 1
7218 5268 30441107 1
7223 5278 30441117 1
7223 5284 30441127 1
7231 5289 30441137 1
7231 5289 30441147 1
7238 5289 30441157 1
7238 5294 30441167 1
7248 5300 30441177 1
7254 5309 30441187 1
7254 5322 30441197 1
7260 5337 30441207 1
7260 5351 30441217 1
7260 5368 30441227 1
7252 5386 30441237 1
7252 5402 30441247 1
7252 5419 30441257 1
7252 5437 30441267 1
