382
1388 6168 30424274 0
1393 6198 30424284 1
1386 6182 30424294 1
1386 6160 30424304 1
1386 6133 30424314 1
1386 6090 30424324 1
1386 6037 30424334 1
1373 5965 30424344 1
1358 5874 30424354 1
1340 5770 30424364 1
1326 5674 30424374 1
1311 5558 30424384 1
1298 5430 30424394 1
1287 5267 30424404 1
1280 5111 30424414 1
1280 4960 30424424 1
1280 4798 30424434 1
1290 4644 30424444 1
1298 4518 30424454 1
1304 4408 30424464 1
1309 4313 30424474 1
1315 4255 30424484 1
1320 4222 30424494 1
1320 4222 30424504 1
1320 4253 30424514 1
1320 4311 30424524 1
1770 6444 30424704 0
1770 6444 30424714 1
1770 6444 30424724 1
1778 6469 30424734 1
1778 6469 30424744 1
1778 6469 30424754 1
1788 6469 30424764 1
1805 6459 30424774 1
1825 6450 30424784 1
1849 6445 30424794 1
1877 6445 30424804 1
1921 6452 30424814 1
2514 6570 30424965 0
2519 6577 30424975 1
2526 6577 30424985 1
2533 6577 30424995 1
2545 6587 30425005 1
2565 6595 30425015 1
2591 6600 30425025 1
2612 6600 30425035 1
2629 6600 30425045 1
2645 6590 30425055 1
2655 6571 30425065 1
2660 6542 30425075 1
2660 6507 30425085 1
2670 6469 30425095 1
2682 6429 30425105 1
2695 6389 30425115 1
2710 6348 30425125 1
2721 6288 30425135 1
2730 6223 30425145 1
2736 6140 30425155 1
2741 6048 30425165 1
2741 5949 30425175 1
2748 5843 30425185 1
2754 5733 30425195 1
2760 5630 30425205 1
2769 5522 30425215 1
2775 5391 30425225 1
2783 5247 30425235 1
2793 5096 30425245 1
2807 4942 30425255 1
2813 4766 30425265 1
2813 4575 30425275 1
2827 4424 30425285 1
2834 4270 30425295 1
2839 4108 30425305 1
2839 3943 30425315 1
2851 3809 30425325 1
2851 3697 30425335 1
2846 3600 30425345 1
2840 3549 30425355 1
2829 3532 30425365 1
2815 3538 30425375 1
2790 3568 30425385 1
1882 5576 30425816 0
1887 5611 30425826 1
1887 5611 30425836 1
1892 5604 30425846 1
1892 5604 30425856 1
1905 5612 30425866 1
1919 5619 30425876 1
1939 5629 30425886 1
1965 5642 30425896 1
1998 5656 30425906 1
2038 5672 30425916 1
2083 5689 30425926 1
2130 5705 30425936 1
2173 5719 30425946 1
2198 5728 30425956 1
2212 5728 30425966 1
2212 5728 30425976 1
2212 5728 30425986 1
2212 5728 30425996 1
2203 5718 30426006 1
1991 5325 30426126 0
1991 5297 30426136 1
1991 5297 30426146 1
1991 5297 30426156 1
1991 5297 30426166 1
1996 5297 30426176 1
2008 5306 30426186 1
2031 5317 30426196 1
2063 5339 30426206 1
2100 5368 30426216 1
2137 5401 30426226 1
2159 5417 30426236 1
2171 5417 30426246 1
2171 5417 30426256 1
1908 4925 30426337 0
1892 4800 30426347 1
1887 4774 30426357 1
1887 4763 30426367 1
1898 4757 30426377 1
1906 4751 30426387 1
1931 4761 30426397 1
1987 4781 30426407 1
2063 4843 30426417 1
2152 4920 30426427 1
4673 5642 30427368 0
4673 5642 30427378 1
4636 5643 30427388 1
4629 5643 30427398 1
4629 5643 30427408 1
4629 5643 30427418 1
4629 5643 30427428 1
4629 5643 30427438 1
4629 5643 30427448 1
4658 5653 30427458 1
4683 5666 30427468 1
4734 5682 30427478 1
4802 5721 30427488 1
4879 5778 30427498 1
4964 5848 30427508 1
5053 5907 30427518 1
5125 5947 30427528 1
5172 5975 30427538 1
5203 5985 30427548 1
5209 5991 30427558 1
5209 5991 30427568 1
5009 6085 30427759 0
5009 6085 30427769 1
5009 6085 30427779 1
5009 6085 30427789 1
5009 6085 30427799 1
5004 6043 30427809 1
5004 6005 30427819 1
5004 5957 30427829 1
4994 5895 30427839 1
4982 5833 30427849 1
4974 5781 30427859 1
4969 5736 30427869 1
4873 5546 30428009 0
4873 5546 30428019 1
4873 5546 30428029 1
4873 5546 30428039 1
4873 5546 30428049 1
4868 5514 30428059 1
4861 5485 30428069 1
4861 5449 30428079 1
4861 5409 30428089 1
4854 5366 30428099 1
4854 5332 30428109 1
4854 5303 30428119 1
4854 5287 30428129 1
4854 5280 30428139 1
4854 5280 30428149 1
4899 5386 30428209 0
4939 5440 30428219 1
4971 5470 30428229 1
5014 5501 30428239 1
5063 5529 30428249 1
5115 5553 30428259 1
5166 5569 30428269 1
5204 5576 30428279 1
5235 5576 30428289 1
5251 5569 30428299 1
5251 5559 30428309 1
5251 5544 30428319 1
5235 5519 30428329 1
5200 5486 30428339 1
5153 5447 30428349 1
4985 5239 30428480 0
4961 5214 30428490 1
4948 5197 30428500 1
4930 5174 30428510 1
4910 5142 30428520 1
4890 5101 30428530 1
4865 5050 30428540 1
4836 4992 30428550 1
4809 4932 30428560 1
4783 4876 30428570 1
4758 4824 30428580 1
4733 4783 30428590 1
4722 4760 30428600 1
4716 4750 30428610 1
4716 4750 30428620 1
4716 4750 30428630 1
4726 4772 30428640 1
4997 5099 30428740 0
5028 5120 30428750 1
5028 5120 30428760 1
5028 5120 30428770 1
5028 5120 30428780 1
5021 5113 30428790 1
5016 5097 30428800 1
5011 5074 30428810 1
5011 5047 30428820 1
5006 5019 30428830 1
5006 4990 30428840 1
5013 4958 30428850 1
5025 4925 30428860 1
5044 4900 30428870 1
5074 4880 30428880 1
5115 4880 30428890 1
5170 4888 30428900 1
5233 4911 30428910 1
5292 4946 30428920 1
5336 4982 30428930 1
5369 5020 30428940 1
5755 5776 30429221 0
5755 5776 30429231 1
5755 5776 30429241 1
5738 5806 30429251 1
5743 5814 30429261 1
5767 5829 30429271 1
5801 5848 30429281 1
5843 5871 30429291 1
5888 5899 30429301 1
5937 5931 30429311 1
5987 5960 30429321 1
6028 5987 30429331 1
6062 6008 30429341 1
6084 6020 30429351 1
6093 6028 30429361 1
6093 6028 30429371 1
6093 6028 30429381 1
5940 6069 30429501 0
5940 6069 30429511 1
5940 6069 30429521 1
5935 6040 30429531 1
5926 6005 30429541 1
5918 5959 30429551 1
5909 5909 30429561 1
5895 5857 30429571 1
5877 5802 30429581 1
5859 5763 30429591 1
5660 5657 30429681 0
5660 5657 30429691 1
5660 5657 30429701 1
5631 5620 30429711 1
5624 5592 30429721 1
5614 5554 30429731 1
5605 5514 30429741 1
5597 5474 30429751 1
5589 5432 30429761 1
5581 5401 30429771 1
5581 5376 30429781 1
5589 5360 30429791 1
5713 5550 30429892 0
5773 5599 30429902 1
5812 5626 30429912 1
5855 5651 30429922 1
5901 5677 30429932 1
5948 5703 30429942 1
5996 5721 30429952 1
6044 5733 30429962 1
6076 5733 30429972 1
6096 5727 30429982 1
6108 5713 30429992 1
6108 5690 30430002 1
6099 5654 30430012 1
6066 5609 30430022 1
6024 5562 30430032 1
5976 5515 30430042 1
5929 5471 30430052 1
5883 5428 30430062 1
5838 5396 30430072 1
5827 5386 30430152 0
5827 5386 30430162 1
5827 5386 30430172 1
5820 5377 30430182 1
5810 5366 30430192 1
5801 5354 30430202 1
5792 5343 30430212 1
5785 5331 30430222 1
5779 5320 30430232 1
5772 5310 30430242 1
5762 5293 30430252 1
5751 5271 30430262 1
5731 5240 30430272 1
5707 5200 30430282 1
5679 5152 30430292 1
5648 5094 30430302 1
5619 5039 30430312 1
5595 4986 30430322 1
5577 4943 30430332 1
5564 4909 30430342 1
5554 4880 30430352 1
5547 4867 30430362 1
5547 4867 30430372 1
5547 4867 30430382 1
5552 4867 30430392 1
5563 4900 30430402 1
5899 5279 30430543 0
5899 5279 30430553 1
5899 5279 30430563 1
5899 5279 30430573 1
5899 5279 30430583 1
5899 5279 30430593 1
5899 5279 30430603 1
5899 5279 30430613 1
5898 5246 30430623 1
5893 5227 30430633 1
5893 5207 30430643 1
5888 5187 30430653 1
5888 5167 30430663 1
5888 5147 30430673 1
5888 5125 30430683 1
5888 5103 30430693 1
5888 5082 30430703 1
5888 5062 30430713 1
5897 5043 30430723 1
5903 5025 30430733 1
5912 5007 30430743 1
5922 4994 30430753 1
5935 4984 30430763 1
5948 4971 30430773 1
5964 4959 30430783 1
5981 4951 30430793 1
6000 4944 30430803 1
6017 4939 30430813 1
6039 4934 30430823 1
6066 4934 30430833 1
6093 4927 30430843 1
6123 4927 30430853 1
6153 4927 30430863 1
6184 4921 30430873 1
6216 4921 30430883 1
6249 4921 30430893 1
6281 4921 30430903 1
6312 4921 30430913 1
6342 4930 30430923 1
6372 4938 30430933 1
6402 4944 30430943 1
6431 4944 30430953 1
6459 4953 30430963 1
6487 4961 30430973 1
6516 4972 30430983 1
6545 4981 30430993 1
6575 4993 30431003 1
6603 5007 30431013 1
6631 5017 30431023 1
6658 5027 30431033 1
6684 5038 30431043 1
6684 5038 30431053 1
6731 5052 30431063 1
6752 5061 30431073 1
6776 5069 30431083 1
6801 5078 30431093 1
6829 5087 30431103 1
6852 5097 30431113 1
6872 5109 30431123 1
6890 5124 30431133 1
6906 5139 30431143 1
6921 5154 30431153 1
6933 5163 30431163 1
6944 5172 30431173 1
6954 5179 30431183 1
6954 5179 30431193 1
6961 5186 30431203 1
6961 5196 30431213 1
6968 5209 30431223 1
6968 5229 30431233 1
6968 5256 30431243 1
6968 5287 30431253 1
