279
6641 4611 60719980 0
6653 4680 60719990 1
6636 4698 60720000 1
6636 4698 60720010 1
6624 4655 60720020 1
6637 4590 60720030 1
6631 4409 60720040 1
6611 4209 60720050 1
6600 3996 60720060 1
6600 3827 60720070 1
6607 3658 60720080 1
6612 3515 60720090 1
6617 3390 60720100 1
6625 3267 60720110 1
6633 3163 60720120 1
6639 3073 60720130 1
6950 5105 60720291 0
7072 5212 60720301 1
7026 5252 60720311 1
7015 5296 60720321 1
7031 5207 60720401 0
7122 5202 60720411 1
7158 5225 60720421 1
7233 5259 60720431 1
7342 5330 60720441 1
7473 5406 60720451 1
7586 5485 60720461 1
7675 5527 60720471 1
7749 5539 60720481 1
7799 5532 60720491 1
7842 5499 60720501 1
7881 5406 60720511 1
7906 5274 60720521 1
7916 5067 60720531 1
7916 4827 60720541 1
7925 4564 60720551 1
7925 4296 60720561 1
7910 4008 60720571 1
7894 3708 60720581 1
7894 3503 60720591 1
7907 3317 60720601 1
7907 3143 60720611 1
7916 3020 60720621 1
7916 2931 60720631 1
7906 2866 60720641 1
7906 2858 60720651 1
7900 2865 60720661 1
7157 4496 60720841 0
7237 4557 60720851 1
7160 4582 60720861 1
7153 4598 60720871 1
7192 4610 60720881 1
7238 4648 60720891 1
7303 4684 60720901 1
7244 4445 60721012 0
7211 4356 60721022 1
7191 4400 60721032 1
7191 4412 60721042 1
7203 4403 60721052 1
7239 4413 60721062 1
7280 4429 60721072 1
7341 4448 60721082 1
7414 4462 60721092 1
7473 4471 60721102 1
6942 4007 60721202 0
6834 3897 60721212 1
6794 3892 60721222 1
6784 3892 60721232 1
6794 3892 60721242 1
6818 3900 60721252 1
6876 3917 60721262 1
6956 3944 60721272 1
7050 3979 60721282 1
7145 4007 60721292 1
7238 4033 60721302 1
7323 4056 60721312 1
9017 5109 60721602 0
9017 5109 60721612 1
9038 5146 60721622 1
9054 5183 60721632 1
9121 5224 60721642 1
9189 5262 60721652 1
9261 5298 60721662 1
9365 5576 60721793 0
9365 5576 60721803 1
9365 5576 60721813 1
9365 5576 60721823 1
9365 5576 60721833 1
9365 5576 60721843 1
9336 5512 60721853 1
9336 5453 60721863 1
9330 5395 60721873 1
9330 5332 60721883 1
9330 5266 60721893 1
9114 4900 60722003 0
9096 4863 60722013 1
9080 4858 60722023 1
9080 4863 60722033 1
9080 4863 60722043 1
9080 4863 60722053 1
9080 4827 60722063 1
9090 4772 60722073 1
9098 4720 60722083 1
9107 4682 60722093 1
9116 4654 60722103 1
9121 4637 60722113 1
9121 4632 60722123 1
9121 4632 60722133 1
9121 4632 60722143 1
9128 4646 60722153 1
9134 4666 60722163 1
9179 4760 60722173 1
9233 4852 60722183 1
9293 4907 60722193 1
9349 4939 60722203 1
9389 4959 60722213 1
9419 4959 60722223 1
9443 4959 60722233 1
9460 4943 60722243 1
9471 4927 60722253 1
9478 4904 60722263 1
9478 4862 60722273 1
9471 4807 60722283 1
9456 4763 60722293 1
9441 4732 60722303 1
9415 4710 60722313 1
9380 4687 60722323 1
9345 4670 60722333 1
9304 4656 60722343 1
9259 4643 60722353 1
9190 4487 60722474 0
9196 4462 60722484 1
9189 4452 60722494 1
9175 4452 60722504 1
9175 4452 60722514 1
9175 4447 60722524 1
9164 4441 60722534 1
9153 4410 60722544 1
9136 4364 60722554 1
9119 4322 60722564 1
9099 4267 60722574 1
9075 4203 60722584 1
9054 4145 60722594 1
9036 4096 60722604 1
9280 4378 60722694 0
9280 4310 60722704 1
9267 4301 60722714 1
9267 4277 60722724 1
9267 4244 60722734 1
9274 4226 60722744 1
9288 4207 60722754 1
9324 4199 60722764 1
9375 4199 60722774 1
9433 4214 60722784 1
9487 4237 60722794 1
9539 4265 60722804 1
9575 4288 60722814 1
9598 4335 60722824 1
9676 5208 60723004 0
9725 5213 60723014 1
9669 5279 60723024 1
9683 5330 60723034 1
9743 5371 60723044 1
9822 5434 60723054 1
9879 5469 60723064 1
9922 5486 60723074 1
9987 5506 60723085 1
9978 5731 60723205 0
9978 5731 60723215 1
9980 5714 60723225 1
9980 5721 60723235 1
9980 5713 60723245 1
9980 5699 60723255 1
9975 5665 60723265 1
9975 5621 60723275 1
9966 5568 60723285 1
9955 5511 60723295 1
9947 5446 60723305 1
9939 5372 60723315 1
9786 5206 60723415 0
9760 5166 60723425 1
9752 5161 60723435 1
9752 5154 60723445 1
9752 5147 60723455 1
9746 5123 60723465 1
9746 5084 60723475 1
9746 5035 60723485 1
9746 5004 60723495 1
9753 4979 60723505 1
9753 4957 60723515 1
9759 4951 60723525 1
9759 4951 60723535 1
9759 4951 60723545 1
9759 4951 60723555 1
9769 4994 60723565 1
9808 5061 60723575 1
9866 5139 60723585 1
9908 5186 60723595 1
9950 5213 60723605 1
9987 5224 60723615 1
10010 5232 60723625 1
10027 5232 60723635 1
10036 5232 60723645 1
10046 5232 60723655 1
10055 5218 60723655 1
10055 5218 60723665 1
10073 5181 60723675 1
10079 5155 60723685 1
10084 5120 60723695 1
10084 5079 60723705 1
10084 5051 60723715 1
10078 5030 60723725 1
10068 5015 60723735 1
10055 5000 60723745 1
10039 4994 60723755 1
10024 4994 60723765 1
9997 4994 60723775 1
9962 4994 60723785 1
9864 4857 60723926 0
9885 4823 60723936 1
9885 4817 60723946 1
9868 4817 60723956 1
9868 4817 60723966 1
9868 4817 60723976 1
9851 4775 60723986 1
9825 4712 60723996 1
9798 4650 60724006 1
9782 4597 60724016 1
9768 4549 60724026 1
9752 4522 60724036 1
9736 4483 60724046 1
9721 4437 60724056 1
9977 4744 60724166 0
9977 4744 60724176 1
9977 4744 60724186 1
9977 4744 60724196 1
9977 4744 60724206 1
9950 4733 60724216 1
9938 4724 60724226 1
9924 4709 60724236 1
9914 4690 60724246 1
9907 4671 60724256 1
9907 4656 60724266 1
9907 4638 60724276 1
9914 4620 60724286 1
9914 4601 60724296 1
9921 4581 60724306 1
9921 4590 60724316 1
9921 4590 60724326 1
9921 4583 60724336 1
9921 4583 60724346 1
9928 4583 60724356 1
9936 4576 60724366 1
9946 4568 60724376 1
9961 4559 60724386 1
9978 4551 60724386 1
9978 4551 60724396 1
10026 4537 60724406 1
10055 4537 60724416 1
10089 4537 60724426 1
10135 4543 60724436 1
10190 4549 60724446 1
10257 4557 60724456 1
10330 4566 60724466 1
10401 4575 60724476 1
10471 4581 60724486 1
10526 4587 60724496 1
10564 4595 60724506 1
10591 4605 60724516 1
10603 4605 60724526 1
10603 4605 60724536 1
10603 4605 60724546 1
10603 4605 60724556 1
10603 4605 60724566 1
10603 4610 60724576 1
10603 4610 60724586 1
10603 4637 60724596 1
10603 4681 60724606 1
10616 4697 60724616 1
