206
1432 4881 27367435 0
1535 4889 27367445 1
1483 4939 27367455 1
1442 5040 27367465 1
1408 5013 27367475 1
1297 4855 27367485 1
1152 4610 27367495 1
984 4270 27367505 1
839 3890 27367515 1
712 3483 27367525 1
598 3144 27367535 1
498 2930 27367545 1
441 2800 27367555 1
413 2790 27367565 1
808 4272 27367625 0
1022 4463 27367635 1
1066 4480 27367645 1
1104 4372 27367655 1
1141 4180 27367665 1
1179 3855 27367675 1
1217 3480 27367685 1
1282 3071 27367695 1
1376 2808 27367705 1
1488 2693 27367715 1
1597 2677 27367725 1
1706 2776 27367735 1
1847 3009 27367745 1
2008 3332 27367755 1
2210 3721 27367765 1
2395 4146 27367775 1
2569 4594 27367785 1
2710 4868 27367795 1
2761 4985 27367805 1
2753 4997 27367815 1
2740 4870 27367825 1
2700 4604 27367835 1
2641 4245 27367845 1
2595 3854 27367855 1
2595 3510 27367865 1
2617 3197 27367875 1
2684 2978 27367885 1
2755 2848 27367895 1
3627 3918 27368036 0
3742 3884 27368046 1
3691 3834 27368056 1
3629 3732 27368066 1
3603 3510 27368076 1
3603 3295 27368086 1
3664 3084 27368096 1
3754 3018 27368106 1
3862 3038 27368116 1
3939 3116 27368126 1
4025 3262 27368136 1
4118 3451 27368146 1
4171 3668 27368156 1
4171 3874 27368166 1
4134 4056 27368176 1
4054 4135 27368186 1
3941 4154 27368196 1
3807 4087 27368206 1
3669 3958 27368216 1
3546 3787 27368226 1
3497 3651 27368236 1
3492 3587 27368246 1
3549 3571 27368256 1
3673 3603 27368266 1
3841 3721 27368276 1
4037 3897 27368286 1
4250 4112 27368296 1
4475 4323 27368306 1
4611 4468 27368316 1
4667 4570 27368326 1
4667 4580 27368336 1
4667 4580 27368346 1
4653 4563 27368356 1
4635 4545 27368366 1
4635 4538 27368376 1
4630 4538 27368386 1
4630 4538 27368396 1
4635 4532 27368406 1
4654 4521 27368416 1
4682 4484 27368426 1
4724 4431 27368436 1
4767 4335 27368446 1
4810 4219 27368456 1
4854 4091 27368466 1
4900 3960 27368476 1
4942 3830 27368486 1
4949 3699 27368496 1
4934 3578 27368506 1
4879 3462 27368516 1
4823 3327 27368526 1
4767 3201 27368536 1
4767 3110 27368546 1
4815 3040 27368556 1
4895 2987 27368566 1
5028 2978 27368576 1
5244 2998 27368586 1
6631 3950 27368767 0
6600 4025 27368777 1
6523 4057 27368787 1
6426 4065 27368797 1
6324 3925 27368807 1
6223 3729 27368817 1
6130 3496 27368827 1
6088 3271 27368837 1
6074 3130 27368847 1
6110 3044 27368857 1
6183 3025 27368867 1
6280 3093 27368877 1
6402 3220 27368887 1
6524 3438 27368897 1
6649 3709 27368907 1
6778 4015 27368917 1
6910 4388 27368927 1
7014 4698 27368937 1
7100 4966 27368947 1
7128 5078 27368957 1
7114 5073 27368967 1
7072 4990 27368977 1
6979 4784 27368987 1
6846 4500 27368997 1
6686 4165 27369007 1
6558 3787 27369017 1
6501 3470 27369027 1
6491 3195 27369037 1
6564 3024 27369047 1
6716 2930 27369057 1
6921 2887 27369067 1
7124 2922 27369077 1
7352 3037 27369087 1
7596 3205 27369097 1
7797 3440 27369107 1
7947 3687 27369117 1
8063 3943 27369127 1
8105 4103 27369137 1
8073 4142 27369147 1
7991 4101 27369157 1
7821 3923 27369167 1
7667 3682 27369177 1
7524 3400 27369187 1
7486 3151 27369197 1
7515 2987 27369207 1
7589 2880 27369217 1
7735 2834 27369227 1
7941 2855 27369237 1
8186 2920 27369247 1
9381 3974 27369438 0
9436 4049 27369448 1
9377 4104 27369458 1
9292 4163 27369468 1
9186 4102 27369478 1
9065 3967 27369488 1
8943 3782 27369498 1
8822 3563 27369508 1
8753 3330 27369518 1
8719 3088 27369528 1
8726 2938 27369538 1
8809 2855 27369548 1
8942 2816 27369558 1
9100 2846 27369568 1
9304 2942 27369578 1
9539 3083 27369588 1
9770 3285 27369598 1
10002 3506 27369608 1
10172 3740 27369618 1
10301 3920 27369628 1
10347 3996 27369638 1
10332 4002 27369648 1
10276 3922 27369658 1
10147 3760 27369668 1
9979 3543 27369678 1
9786 3333 27369688 1
9657 3145 27369698 1
9599 3059 27369708 1
9589 3033 27369718 1
9623 3070 27369728 1
9729 3168 27369738 1
9882 3306 27369748 1
10053 3452 27369758 1
10158 3524 27369768 1
10219 3548 27369778 1
10230 3494 27369788 1
10230 3377 27369798 1
10230 3217 27369808 1
10294 3109 27369818 1
10410 3060 27369828 1
10558 3051 27369838 1
10721 3104 27369848 1
10899 3221 27369858 1
11088 3380 27369868 1
11219 3543 27369878 1
11266 3628 27369888 1
11257 3661 27369898 1
11170 3590 27369908 1
11059 3414 27369918 1
10933 3167 27369928 1
10949 2990 27369938 1
11044 2881 27369948 1
11191 2817 27369958 1
12078 4792 27370049 0
11942 4782 27370059 1
11812 4728 27370069 1
11716 4700 27370079 1
11624 4613 27370089 1
11534 4487 27370099 1
