220
1372 4614 27376418 0
1366 4575 27376428 1
1328 4618 27376438 1
1290 4551 27376448 1
1253 4410 27376458 1
1100 4126 27376468 1
935 3746 27376478 1
761 3301 27376488 1
599 2834 27376498 1
484 2482 27376508 1
399 2207 27376518 1
376 2108 27376528 1
376 2100 27376538 1
384 2154 27376548 1
860 3676 27376598 0
1067 4021 27376608 1
1101 4072 27376618 1
1082 4105 27376628 1
1108 4014 27376638 1
1146 3783 27376648 1
1192 3458 27376658 1
1250 3077 27376668 1
1345 2821 27376678 1
1465 2649 27376688 1
1594 2633 27376698 1
1712 2718 27376708 1
1823 2871 27376718 1
1961 3116 27376728 1
2122 3429 27376738 1
2299 3788 27376748 1
2438 4162 27376758 1
2531 4439 27376768 1
2592 4651 27376778 1
2592 4675 27376788 1
2582 4601 27376798 1
2555 4462 27376808 1
2533 4177 27376818 1
2516 3858 27376828 1
2542 3517 27376838 1
2595 3232 27376848 1
2674 3029 27376858 1
2752 2882 27376868 1
3397 3638 27376999 0
3486 3639 27377009 1
3475 3639 27377019 1
3432 3680 27377029 1
3406 3543 27377039 1
3429 3337 27377049 1
3478 3085 27377059 1
3562 2959 27377069 1
3651 2915 27377079 1
3731 2926 27377089 1
3803 3002 27377099 1
3860 3136 27377109 1
3889 3308 27377119 1
3899 3521 27377129 1
3862 3721 27377139 1
3786 3912 27377149 1
3683 3985 27377159 1
3544 3954 27377169 1
3396 3854 27377179 1
3242 3674 27377189 1
3116 3521 27377199 1
3067 3385 27377209 1
3067 3306 27377219 1
3135 3287 27377229 1
3264 3309 27377239 1
3435 3429 27377249 1
3667 3609 27377259 1
3905 3828 27377269 1
4148 4060 27377279 1
4343 4272 27377289 1
4449 4404 27377299 1
4496 4491 27377309 1
4496 4499 27377319 1
4472 4489 27377329 1
4434 4467 27377339 1
4371 4420 27377349 1
4313 4380 27377359 1
4259 4346 27377369 1
4241 4328 27377379 1
4255 4309 27377389 1
4290 4271 27377399 1
4362 4220 27377409 1
4455 4147 27377419 1
4562 4059 27377429 1
4668 3961 27377439 1
4731 3850 27377449 1
4764 3724 27377459 1
4738 3589 27377469 1
4684 3448 27377479 1
4611 3296 27377489 1
4568 3137 27377499 1
4575 3020 27377509 1
4615 2923 27377519 1
4709 2840 27377529 1
4843 2785 27377539 1
5004 2785 27377549 1
6119 3614 27377620 0
6328 3711 27377630 1
6343 3788 27377640 1
6306 3888 27377650 1
6253 3899 27377660 1
6190 3863 27377670 1
6103 3795 27377680 1
5996 3647 27377690 1
5875 3463 27377700 1
5756 3254 27377710 1
5711 3080 27377720 1
5716 2985 27377730 1
5778 2942 27377740 1
5871 2949 27377750 1
5984 3026 27377760 1
6121 3149 27377770 1
6282 3362 27377780 1
6458 3635 27377790 1
6590 3947 27377800 1
6706 4313 27377810 1
6811 4679 27377820 1
6851 4884 27377830 1
6829 4982 27377840 1
6766 4946 27377850 1
6668 4788 27377860 1
6547 4549 27377870 1
6410 4188 27377880 1
6264 3801 27377890 1
6177 3396 27377900 1
6130 3085 27377910 1
6156 2860 27377920 1
6235 2693 27377930 1
6350 2619 27377940 1
6503 2626 27377950 1
6712 2687 27377960 1
6957 2863 27377970 1
7185 3092 27377980 1
7387 3356 27377990 1
7572 3635 27378000 1
7676 3901 27378010 1
7703 4026 27378020 1
7678 4062 27378030 1
7606 4000 27378040 1
7499 3838 27378050 1
7369 3610 27378060 1
7246 3366 27378070 1
7191 3121 27378080 1
7181 2940 27378090 1
7200 2803 27378100 1
7257 2729 27378110 1
7339 2722 27378120 1
7470 2761 27378130 1
7651 2867 27378140 1
8711 3779 27378281 0
8732 3711 27378291 1
8695 3754 27378301 1
8631 3853 27378311 1
8566 3808 27378321 1
8508 3704 27378331 1
8455 3561 27378341 1
8384 3373 27378351 1
8372 3179 27378361 1
8398 2981 27378371 1
8443 2851 27378381 1
8517 2780 27378391 1
8611 2748 27378401 1
8739 2782 27378411 1
8904 2872 27378421 1
9093 2999 27378431 1
9279 3152 27378441 1
9475 3315 27378451 1
9622 3484 27378461 1
9732 3600 27378471 1
9791 3686 27378481 1
9814 3751 27378491 1
9814 3793 27378501 1
9771 3798 27378511 1
9672 3778 27378521 1
9536 3708 27378531 1
9343 3599 27378541 1
9150 3465 27378551 1
9004 3282 27378561 1
8889 3159 27378571 1
8867 3077 27378581 1
8899 3040 27378591 1
8967 3045 27378601 1
9073 3078 27378611 1
9221 3172 27378621 1
9396 3294 27378631 1
9552 3436 27378641 1
9629 3504 27378651 1
9653 3504 27378661 1
9653 3470 27378671 1
9619 3346 27378681 1
9567 3206 27378691 1
9576 3055 27378701 1
9635 2988 27378711 1
9726 2974 27378721 1
9839 2996 27378731 1
9993 3083 27378741 1
10175 3229 27378751 1
10364 3414 27378761 1
10548 3592 27378771 1
10729 3716 27378781 1
10810 3805 27378791 1
10843 3782 27378801 1
10843 3687 27378811 1
10832 3544 27378821 1
10825 3372 27378831 1
10877 3241 27378841 1
10967 3138 27378851 1
11057 3095 27378861 1
11130 3107 27378871 1
11192 3157 27378881 1
11265 3268 27378891 1
11337 3433 27378901 1
11481 4953 27378972 0
11327 4795 27378982 1
11242 4729 27378992 1
11163 4656 27379002 1
11088 4523 27379012 1
11083 4349 27379022 1
