262
2111 4655 27442513 0
1963 4609 27442523 1
1854 4643 27442533 1
1715 4725 27442543 1
1609 4734 27442553 1
1526 4687 27442563 1
1436 4602 27442573 1
1330 4361 27442583 1
1213 4069 27442593 1
1023 3744 27442603 1
851 3329 27442613 1
692 2922 27442623 1
556 2521 27442633 1
453 2222 27442643 1
372 2038 27442653 1
762 3640 27442743 0
1153 3612 27442753 1
1185 3708 27442763 1
1100 3676 27442773 1
1148 3558 27442783 1
1200 3331 27442793 1
1255 3089 27442803 1
1317 2837 27442813 1
1412 2662 27442823 1
1529 2571 27442833 1
1655 2537 27442843 1
1771 2550 27442853 1
1873 2638 27442863 1
1980 2775 27442873 1
2101 3008 27442883 1
2231 3319 27442893 1
2356 3681 27442903 1
2487 4083 27442913 1
2630 4484 27442923 1
2710 4745 27442933 1
2747 4913 27442943 1
2747 4965 27442953 1
2747 4940 27442963 1
2730 4863 27442973 1
2709 4673 27442983 1
2700 4394 27442993 1
2693 4056 27443003 1
2693 3688 27443004 1
2708 3371 27443014 1
2722 3087 27443024 1
2739 2846 27443034 1
2760 2649 27443044 1
2785 2482 27443054 1
3633 3269 27443214 0
3726 3318 27443224 1
3714 3386 27443234 1
3685 3421 27443244 1
3668 3397 27443254 1
3658 3335 27443264 1
3644 3217 27443274 1
3631 3054 27443284 1
3631 2860 27443294 1
3637 2654 27443304 1
3685 2523 27443314 1
3748 2442 27443324 1
3822 2403 27443334 1
3908 2422 27443344 1
3997 2479 27443354 1
4092 2596 27443364 1
4190 2785 27443374 1
4257 3022 27443384 1
4303 3281 27443394 1
4293 3516 27443404 1
4232 3734 27443414 1
4138 3849 27443424 1
4005 3875 27443434 1
3858 3841 27443444 1
3701 3734 27443454 1
3552 3614 27443464 1
3477 3486 27443474 1
3451 3362 27443484 1
3476 3262 27443494 1
3559 3178 27443504 1
3681 3134 27443514 1
3860 3145 27443524 1
4044 3194 27443534 1
4268 3320 27443544 1
4517 3467 27443554 1
4718 3628 27443564 1
4846 3768 27443574 1
4925 3907 27443584 1
4956 4016 27443594 1
4963 4106 27443604 1
4953 4169 27443614 1
4945 4205 27443624 1
4939 4222 27443634 1
4939 4222 27443644 1
4939 4222 27443654 1
4944 4222 27443664 1
4951 4210 27443674 1
4964 4191 27443684 1
4983 4165 27443694 1
5007 4131 27443704 1
5036 4087 27443714 1
5070 4034 27443724 1
5125 3976 27443734 1
5192 3911 27443744 1
5267 3836 27443754 1
5338 3751 27443764 1
5393 3659 27443774 1
5439 3569 27443784 1
5444 3445 27443794 1
5406 3298 27443804 1
5339 3115 27443814 1
5239 2929 27443824 1
5143 2739 27443834 1
5107 2607 27443844 1
5107 2513 27443854 1
5159 2452 27443864 1
5265 2423 27443874 1
5407 2416 27443884 1
5588 2457 27443894 1
5799 2546 27443904 1
6029 2666 27443914 1
6254 2857 27443924 1
6456 3060 27443934 1
6642 3271 27443944 1
6768 3461 27443954 1
6819 3554 27443964 1
6819 3583 27443974 1
6782 3571 27443984 1
6696 3469 27443994 1
6579 3306 27444004 1
6451 3071 27444014 1
6327 2840 27444024 1
6266 2612 27444034 1
6245 2496 27444044 1
6271 2438 27444054 1
6329 2419 27444064 1
6407 2453 27444074 1
6504 2563 27444084 1
6620 2723 27444094 1
6748 2983 27444104 1
6881 3304 27444114 1
7000 3667 27444124 1
7109 4020 27444134 1
7184 4261 27444144 1
7211 4428 27444154 1
7211 4490 27444164 1
7184 4496 27444174 1
7141 4465 27444184 1
7084 4371 27444194 1
7010 4214 27444204 1
6921 4014 27444214 1
6823 3750 27444224 1
6729 3486 27444234 1
6668 3222 27444244 1
6629 2987 27444254 1
6642 2795 27444264 1
6704 2632 27444274 1
6799 2542 27444284 1
6933 2501 27444294 1
7094 2493 27444304 1
7272 2544 27444314 1
7488 2650 27444324 1
7704 2793 27444334 1
7904 2969 27444344 1
8093 3128 27444354 1
8217 3277 27444356 1
8299 3412 27444366 1
8352 3495 27444376 1
8357 3544 27444386 1
8325 3556 27444396 1
8267 3532 27444406 1
8173 3483 27444416 1
8052 3377 27444426 1
7913 3229 27444436 1
7769 3053 27444446 1
7641 2882 27444456 1
7586 2735 27444466 1
7573 2604 27444476 1
7616 2522 27444486 1
7727 2471 27444496 1
7882 2441 27444506 1
8080 2457 27444516 1
9524 3224 27444726 0
9559 3430 27444736 1
9501 3525 27444746 1
9444 3561 27444756 1
9374 3570 27444766 1
9296 3561 27444776 1
9212 3516 27444786 1
9127 3430 27444796 1
9040 3317 27444806 1
8961 3168 27444816 1
8887 3014 27444826 1
8826 2844 27444836 1
8813 2666 27444846 1
8832 2553 27444856 1
8895 2466 27444866 1
9003 2397 27444876 1
9140 2369 27444886 1
9314 2391 27444896 1
9529 2446 27444906 1
9772 2531 27444916 1
10016 2629 27444926 1
10203 2737 27444936 1
10352 2840 27444946 1
10471 2924 27444956 1
10553 2996 27444966 1
10609 3059 27444976 1
10645 3121 27444986 1
10668 3186 27444996 1
10681 3254 27445006 1
10676 3321 27445016 1
10648 3382 27445026 1
10604 3409 27445036 1
10518 3417 27445046 1
10399 3387 27445056 1
10258 3285 27445066 1
10089 3134 27445076 1
9908 2944 27445086 1
9720 2766 27445096 1
9637 2595 27445106 1
9624 2522 27445116 1
9658 2491 27445126 1
9736 2491 27445136 1
9861 2524 27445146 1
10016 2605 27445147 1
10174 2717 27445157 1
10304 2859 27445167 1
10415 2934 27445177 1
10449 2964 27445187 1
10461 2945 27445197 1
10461 2881 27445207 1
10467 2786 27445217 1
10521 2687 27445227 1
10605 2640 27445237 1
10738 2629 27445247 1
10898 2656 27445257 1
11077 2733 27445267 1
11219 2844 27445277 1
11333 2964 27445287 1
11428 3076 27445297 1
11479 3184 27445307 1
11490 3227 27445317 1
11475 3242 27445327 1
11475 3242 27445337 1
11475 3208 27445347 1
11484 3148 27445357 1
11505 3069 27445367 1
11519 2988 27445377 1
11519 2907 27445387 1
11500 2824 27445397 1
11475 2739 27445407 1
11450 2689 27445417 1
11461 2662 27445427 1
11495 2662 27445437 1
11567 2716 27445447 1
11676 2802 27445457 1
11900 4303 27445547 0
11844 4211 27445557 1
11793 4211 27445567 1
11728 4252 27445577 1
11674 4233 27445587 1
11639 4196 27445597 1
11617 4146 27445607 1
