202
1457 6330 31190322 0
1473 6194 31190332 1
1393 6166 31190342 1
1312 5943 31190352 1
1233 5589 31190362 1
1123 5157 31190372 1
1006 4608 31190382 1
884 3981 31190392 1
802 3446 31190402 1
740 3098 31190412 1
691 2874 31190422 1
1010 5318 31190522 0
1290 5266 31190532 1
1231 5260 31190542 1
1212 5036 31190552 1
1260 4668 31190562 1
1353 4203 31190572 1
1465 3832 31190582 1
1601 3626 31190592 1
1754 3529 31190602 1
1886 3549 31190612 1
2024 3689 31190622 1
2166 3910 31190632 1
2303 4247 31190642 1
2424 4660 31190652 1
2534 5125 31190662 1
2617 5612 31190672 1
2643 5958 31190682 1
2632 6211 31190692 1
2617 6243 31190702 1
2596 6105 31190712 1
2571 5855 31190722 1
2571 5370 31190732 1
2612 4801 31190742 1
2677 4177 31190752 1
2789 3643 31190762 1
3688 4617 31190923 0
3722 4512 31190933 1
3683 4496 31190943 1
3634 4323 31190953 1
3628 4075 31190963 1
3651 3777 31190973 1
3736 3550 31190983 1
3845 3428 31190993 1
3970 3375 31191003 1
4090 3419 31191013 1
4206 3563 31191023 1
4278 3774 31191033 1
4321 4071 31191043 1
4257 4385 31191053 1
4149 4710 31191063 1
4011 4976 31191073 1
3892 5082 31191083 1
3776 5082 31191093 1
3667 4986 31191103 1
3587 4798 31191113 1
3525 4549 31191123 1
3507 4298 31191133 1
3527 4132 31191143 1
3571 4023 31191153 1
4654 4180 31191313 0
4711 4199 31191323 1
4699 4328 31191333 1
4720 4438 31191343 1
4762 4547 31191353 1
4840 4659 31191363 1
4920 4782 31191373 1
4976 4911 31191383 1
5016 5002 31191393 1
5016 5042 31191403 1
5004 5049 31191413 1
4976 5049 31191423 1
4953 5040 31191433 1
4932 5021 31191443 1
4944 4997 31191453 1
4976 4972 31191463 1
5076 4948 31191473 1
5179 4928 31191483 1
5306 4909 31191493 1
5448 4872 31191503 1
5519 4812 31191513 1
5547 4737 31191523 1
5547 4625 31191533 1
5493 4428 31191543 1
5442 4175 31191553 1
5391 3931 31191563 1
5406 3741 31191573 1
5477 3588 31191583 1
5585 3503 31191593 1
5751 3479 31191603 1
5932 3497 31191613 1
6910 4269 31191704 0
6856 4487 31191714 1
6787 4613 31191724 1
6701 4643 31191734 1
6604 4609 31191744 1
6520 4493 31191754 1
6416 4261 31191764 1
6299 3953 31191774 1
6270 3678 31191784 1
6318 3524 31191794 1
6418 3452 31191804 1
6539 3458 31191814 1
6683 3551 31191824 1
6843 3701 31191834 1
6996 3965 31191844 1
7128 4298 31191854 1
7247 4678 31191864 1
7342 5096 31191874 1
7398 5393 31191884 1
7429 5610 31191894 1
7408 5610 31191904 1
7334 5439 31191914 1
7225 5150 31191924 1
7104 4706 31191934 1
7009 4261 31191944 1
6930 3858 31191954 1
6888 3483 31191964 1
6894 3241 31191974 1
7381 3615 31192085 0
7416 3310 31192095 1
7446 3343 31192105 1
7451 3492 31192115 1
7560 3580 31192125 1
7726 3742 31192135 1
7929 3954 31192145 1
8078 4201 31192155 1
8163 4427 31192165 1
8206 4639 31192165 1
8162 4743 31192175 1
8064 4761 31192185 1
7930 4722 31192195 1
7755 4523 31192205 1
7585 4195 31192215 1
7476 3780 31192225 1
7405 3469 31192235 1
7405 3264 31192245 1
7463 3130 31192255 1
7549 3081 31192265 1
7682 3116 31192275 1
8900 4203 31192455 0
8967 4322 31192465 1
8923 4454 31192475 1
8858 4557 31192485 1
8778 4525 31192495 1
8695 4404 31192505 1
8623 4169 31192515 1
8557 3886 31192525 1
8516 3572 31192535 1
8516 3323 31192545 1
8539 3149 31192555 1
8604 3025 31192565 1
8712 2992 31192575 1
8848 3029 31192585 1
9041 3113 31192595 1
9239 3287 31192605 1
9458 3516 31192615 1
9690 3782 31192625 1
9881 4064 31192635 1
10003 4305 31192645 1
10080 4406 31192655 1
10074 4426 31192665 1
9992 4367 31192675 1
9858 4199 31192685 1
9672 3959 31192695 1
9498 3699 31192705 1
9331 3525 31192715 1
9245 3408 31192725 1
9227 3385 31192735 1
9253 3440 31192745 1
9345 3548 31192755 1
9477 3717 31192765 1
9635 3881 31192775 1
9744 4043 31192785 1
9802 4043 31192795 1
9825 3935 31192805 1
9817 3747 31192815 1
9817 3548 31192825 1
9830 3417 31192835 1
9896 3331 31192845 1
9996 3331 31192855 1
10118 3425 31192865 1
10271 3572 31192875 1
10453 3787 31192885 1
10653 4028 31192895 1
10828 4287 31192905 1
10929 4420 31192915 1
10981 4407 31192925 1
10969 4297 31192935 1
10909 4054 31192945 1
10817 3801 31192955 1
10793 3541 31192965 1
10835 3418 31192975 1
10921 3391 31192985 1
11057 3427 31192995 1
11210 3565 31193005 1
11374 3802 31193015 1
11510 5922 31193096 0
11322 5679 31193106 1
11238 5657 31193116 1
11157 5580 31193126 1
11079 5421 31193136 1
