277
1332 5299 27436194 0
1264 5298 27436204 1
1206 5315 27436214 1
1151 5298 27436224 1
1096 5258 27436234 1
1028 5151 27436244 1
952 4949 27436254 1
861 4685 27436264 1
766 4342 27436274 1
667 3938 27436284 1
555 3494 27436294 1
445 3090 27436304 1
360 2776 27436314 1
289 2523 27436324 1
255 2423 27436334 1
245 2398 27436344 1
569 4008 27436424 0
751 4410 27436434 1
813 4557 27436444 1
861 4597 27436454 1
921 4559 27436464 1
983 4470 27436474 1
1049 4279 27436484 1
1114 4010 27436494 1
1170 3690 27436504 1
1221 3384 27436514 1
1295 3076 27436524 1
1369 2872 27436534 1
1444 2738 27436544 1
1517 2681 27436554 1
1585 2688 27436564 1
1651 2737 27436574 1
1723 2877 27436584 1
1802 3127 27436594 1
1912 3450 27436604 1
2039 3846 27436614 1
2185 4269 27436624 1
2324 4711 27436634 1
2457 5042 27436644 1
2531 5205 27436654 1
2554 5256 27436664 1
2542 5223 27436674 1
2552 5107 27436684 1
2566 4935 27436694 1
2588 4668 27436704 1
2633 4342 27436714 1
2693 3977 27436724 1
2752 3617 27436734 1
2808 3338 27436744 1
2861 3114 27436754 1
2909 2950 27436764 1
2946 2826 27436774 1
3888 3953 27436925 0
3990 3887 27436935 1
3958 3901 27436945 1
3913 3953 27436955 1
3860 3906 27436965 1
3825 3795 27436975 1
3793 3641 27436985 1
3770 3458 27436995 1
3770 3241 27437005 1
3795 3001 27437015 1
3841 2827 27437025 1
3907 2719 27437035 1
3985 2656 27437045 1
4078 2649 27437055 1
4194 2720 27437065 1
4325 2843 27437075 1
4456 3037 27437085 1
4571 3283 27437095 1
4675 3563 27437105 1
4741 3850 27437115 1
4746 4062 27437125 1
4710 4224 27437135 1
4628 4290 27437145 1
4524 4290 27437155 1
4406 4241 27437165 1
4283 4151 27437175 1
4168 4040 27437185 1
4059 3914 27437195 1
3995 3779 27437205 1
3963 3660 27437215 1
3953 3553 27437225 1
3976 3472 27437235 1
4061 3416 27437245 1
4187 3378 27437255 1
4379 3395 27437265 1
4614 3464 27437275 1
4877 3569 27437285 1
5093 3686 27437295 1
5310 3817 27437305 1
5480 3958 27437315 1
5617 4081 27437325 1
5696 4184 27437335 1
5730 4275 27437345 1
5730 4337 27437355 1
5730 4371 27437365 1
5724 4386 27437375 1
5724 4386 27437385 1
5724 4386 27437395 1
5724 4380 27437405 1
5724 4380 27437415 1
5724 4372 27437425 1
5724 4364 27437435 1
5716 4347 27437445 1
5716 4325 27437455 1
5709 4302 27437465 1
5709 4276 27437475 1
5723 4242 27437485 1
5757 4205 27437495 1
5806 4166 27437505 1
5878 4127 27437515 1
5951 4082 27437525 1
6026 4032 27437535 1
6074 3972 27437545 1
6104 3904 27437555 1
6098 3805 27437565 1
6044 3685 27437575 1
5959 3556 27437585 1
5870 3423 27437595 1
5790 3282 27437605 1
5752 3161 27437615 1
5738 3053 27437625 1
5770 2957 27437635 1
5834 2884 27437645 1
5918 2827 27437655 1
6043 2819 27437665 1
6219 2872 27437675 1
6429 2965 27437685 1
6646 3107 27437695 1
6866 3282 27437705 1
7052 3479 27437715 1
7213 3658 27437725 1
7374 3823 27437735 1
7477 3978 27437745 1
7542 4046 27437755 1
7542 4071 27437765 1
7525 4071 27437775 1
7487 4037 27437785 1
7389 3964 27437795 1
7254 3864 27437805 1
7093 3714 27437815 1
6948 3558 27437825 1
6834 3398 27437835 1
6740 3210 27437845 1
6712 3080 27437855 1
6740 2990 27437865 1
6804 2945 27437875 1
6900 2945 27437885 1
7016 2986 27437895 1
7146 3098 27437905 1
7305 3271 27437915 1
7464 3485 27437925 1
7611 3732 27437935 1
7748 4037 27437945 1
7891 4380 27437955 1
7986 4654 27437965 1
8050 4837 27437975 1
8033 4960 27437985 1
7981 4984 27437995 1
7905 4965 27438005 1
7822 4917 27438015 1
7735 4808 27438025 1
7644 4633 27438035 1
7540 4414 27438045 1
7433 4089 27438055 1
7325 3749 27438065 1
7264 3398 27438075 1
7271 3127 27438085 1
7323 2976 27438095 1
7438 2905 27438105 1
7573 2905 27438115 1
7722 2963 27438125 1
7876 3065 27438127 1
8021 3218 27438137 1
8152 3415 27438147 1
8276 3642 27438157 1
8395 3846 27438167 1
8472 3965 27438177 1
8521 4028 27438187 1
8042 3412 27438707 0
8128 3370 27438717 1
8180 3431 27438727 1
8234 3496 27438737 1
8347 3566 27438747 1
8480 3660 27438757 1
8626 3770 27438767 1
8754 3897 27438777 1
8860 4023 27438787 1
8950 4145 27438797 1
8992 4265 27438807 1
8992 4380 27438817 1
8972 4434 27438827 1
8888 4448 27438837 1
8767 4394 27438847 1
8622 4253 27438857 1
8453 4055 27438867 1
8290 3792 27438877 1
8211 3525 27438887 1
8186 3290 27438897 1
8244 3079 27438907 1
8376 2949 27438917 1
8557 2873 27438927 1
8744 2834 27438937 1
9735 3864 27439138 0
9821 3892 27439148 1
9806 3986 27439158 1
9753 4145 27439168 1
9689 4157 27439178 1
9628 4143 27439188 1
9568 4112 27439198 1
9493 4023 27439208 1
9391 3860 27439218 1
9271 3647 27439228 1
9178 3427 27439238 1
9121 3198 27439248 1
9087 2962 27439258 1
9120 2827 27439268 1
9211 2741 27439278 1
9341 2688 27439288 1
9520 2680 27439298 1
9702 2723 27439308 1
9890 2799 27439318 1
10087 2921 27439328 1
10256 3059 27439338 1
10407 3208 27439348 1
10540 3350 27439358 1
10630 3449 27439368 1
10692 3520 27439378 1
10729 3560 27439388 1
10750 3595 27439398 1
10760 3624 27439408 1
10769 3662 27439418 1
10761 3706 27439428 1
10741 3753 27439438 1
10695 3793 27439448 1
10614 3783 27439458 1
10510 3742 27439468 1
10348 3641 27439478 1
10176 3487 27439488 1
9997 3298 27439498 1
9879 3136 27439508 1
9844 3036 27439518 1
9863 2977 27439528 1
9925 2958 27439538 1
10020 2985 27439548 1
10138 3044 27439558 1
10260 3153 27439568 1
10375 3271 27439578 1
10485 3396 27439588 1
10508 3438 27439598 1
10500 3427 27439608 1
10472 3381 27439618 1
10437 3264 27439628 1
10428 3144 27439638 1
10484 3066 27439648 1
10575 3017 27439658 1
10687 3017 27439668 1
10815 3066 27439678 1
10954 3153 27439688 1
11089 3284 27439698 1
11190 3415 27439708 1
11268 3545 27439718 1
11294 3604 27439728 1
11294 3598 27439738 1
11276 3550 27439748 1
11298 3448 27439758 1
11371 3331 27439768 1
11479 3203 27439778 1
11617 3139 27439788 1
11746 3121 27439798 1
11868 3133 27439808 1
12015 5317 27439929 0
11903 5033 27439939 1
11860 4992 27439949 1
11822 4960 27439959 1
11784 4873 27439969 1
