294
1655 5647 23424545 0
1706 5674 23424555 1
1706 5665 23424565 1
1677 5640 23424575 1
1672 5539 23424585 1
1665 5388 23424595 1
1656 5193 23424605 1
1639 4904 23424615 1
1615 4552 23424625 1
1596 4209 23424635 1
1578 3892 23424645 1
1578 3592 23424655 1
1578 3415 23424665 1
1592 3298 23424675 1
1606 3220 23424685 1
1606 3220 23424695 1
1606 3289 23424705 1
1594 3413 23424715 1
1421 4688 23424776 0
1435 5177 23424786 1
1447 5320 23424796 1
1458 5389 23424806 1
1463 5410 23424816 1
1473 5388 23424826 1
1486 5333 23424836 1
1522 5255 23424846 1
1579 5093 23424856 1
1651 4867 23424866 1
1729 4599 23424876 1
1818 4347 23424886 1
1915 4117 23424896 1
2020 3901 23424906 1
2125 3792 23424916 1
2230 3742 23424926 1
2322 3732 23424936 1
2406 3793 23424946 1
2484 3924 23424956 1
2564 4103 23424966 1
2644 4360 23424976 1
2730 4653 23424986 1
2803 4969 23424996 1
2868 5276 23425006 1
2922 5496 23425016 1
2953 5659 23425026 1
2968 5742 23425036 1
2968 5769 23425046 1
2968 5759 23425056 1
2950 5708 23425066 1
2937 5543 23425076 1
2924 5303 23425086 1
2914 5012 23425096 1
2927 4685 23425106 1
2953 4333 23425116 1
3011 4038 23425126 1
3101 3831 23425136 1
3212 3682 23425146 1
3324 3638 23425156 1
3807 4268 23425226 0
3821 4420 23425236 1
3779 4472 23425246 1
3740 4496 23425256 1
3706 4496 23425266 1
3668 4479 23425276 1
3627 4422 23425286 1
3593 4325 23425296 1
3576 4202 23425306 1
3571 4053 23425316 1
3586 3926 23425326 1
3628 3813 23425336 1
3687 3753 23425346 1
3762 3753 23425356 1
3832 3793 23425366 1
3898 3881 23425376 1
3953 3978 23425386 1
3971 4082 23425396 1
3964 4173 23425406 1
3930 4259 23425416 1
3879 4318 23425426 1
3816 4361 23425436 1
3754 4361 23425446 1
3697 4344 23425456 1
3644 4320 23425466 1
3634 4314 23425477 1
3634 4314 23425487 1
3634 4314 23425497 1
3634 4314 23425507 1
3695 4282 23425517 1
3761 4257 23425527 1
3851 4241 23425537 1
3977 4241 23425547 1
4126 4241 23425557 1
4315 4262 23425567 1
4503 4292 23425577 1
4690 4330 23425587 1
4853 4364 23425597 1
4958 4395 23425607 1
4962 4455 23425677 0
4892 4475 23425687 1
4857 4475 23425697 1
4844 4468 23425707 1
4844 4454 23425717 1
4844 4392 23425727 1
4852 4299 23425737 1
4872 4180 23425747 1
4902 4056 23425757 1
4932 3959 23425767 1
4960 3881 23425777 1
4975 3855 23425787 1
4982 3855 23425797 1
4982 3874 23425807 1
4977 3952 23425817 1
4970 4061 23425827 1
4965 4191 23425837 1
4980 4342 23425847 1
5009 4467 23425857 1
5079 4576 23425867 1
5183 4649 23425877 1
5309 4696 23425887 1
5442 4727 23425897 1
5578 4759 23425907 1
6077 4451 23425977 0
6160 4348 23425987 1
6168 4356 23425997 1
6154 4364 23426007 1
6123 4377 23426017 1
6080 4424 23426027 1
6022 4490 23426037 1
5964 4573 23426047 1
5906 4652 23426057 1
5857 4723 23426067 1
5806 4739 23426077 1
5754 4720 23426087 1
5705 4657 23426097 1
5661 4553 23426107 1
5626 4422 23426117 1
5617 4234 23426127 1
5623 4084 23426137 1
5665 3959 23426147 1
5734 3891 23426157 1
5820 3891 23426167 1
5899 3928 23426177 1
5979 4032 23426187 1
6061 4190 23426197 1
6140 4383 23426207 1
6216 4612 23426217 1
6285 4855 23426227 1
6320 5107 23426237 1
6331 5296 23426247 1
6319 5426 23426257 1
6295 5517 23426267 1
6264 5541 23426277 1
6229 5541 23426287 1
6196 5526 23426297 1
6163 5509 23426307 1
6141 5490 23426317 1
6123 5466 23426327 1
6112 5443 23426337 1
6107 5429 23426347 1
6107 5420 23426357 1
6107 5420 23426367 1
6107 5412 23426377 1
6107 5412 23426387 1
6107 5403 23426397 1
6107 5385 23426407 1
6101 5359 23426417 1
6095 5330 23426427 1
6083 5299 23426437 1
6066 5251 23426447 1
6036 5193 23426457 1
6000 5118 23426467 1
5959 5028 23426477 1
5927 4927 23426487 1
5910 4808 23426497 1
5903 4683 23426507 1
5913 4549 23426517 1
5944 4411 23426527 1
5989 4238 23426528 1
6060 4086 23426538 1
6152 3949 23426548 1
6258 3854 23426558 1
6381 3811 23426568 1
6507 3804 23426578 1
6640 3838 23426588 1
6777 3908 23426598 1
6920 4001 23426608 1
7042 4116 23426618 1
7151 4237 23426628 1
7245 4363 23426638 1
7297 4434 23426648 1
7321 4475 23426658 1
7308 4497 23426668 1
7277 4514 23426678 1
7235 4526 23426688 1
7184 4526 23426698 1
7137 4534 23426708 1
7109 4541 23426718 1
7092 4541 23426728 1
7086 4541 23426738 1
7080 4546 23426748 1
7080 4546 23426758 1
7073 4546 23426768 1
7073 4551 23426778 1
7062 4551 23426788 1
7056 4551 23426798 1
7047 4551 23426808 1
7037 4551 23426818 1
7021 4537 23426828 1
6995 4504 23426838 1
6961 4459 23426848 1
6928 4395 23426858 1
6899 4316 23426868 1
6885 4228 23426878 1
6879 4133 23426888 1
6898 4037 23426898 1
6940 3940 23426908 1
6996 3860 23426918 1
7085 3790 23426928 1
7219 3764 23426938 1
7383 3788 23426948 1
7570 3846 23426958 1
7756 3937 23426968 1
7942 4038 23426978 1
8076 4146 23426988 1
8312 4417 23427029 0
8317 4488 23427039 1
8277 4505 23427049 1
8224 4513 23427059 1
8162 4513 23427069 1
8092 4506 23427079 1
8016 4492 23427089 1
7937 4463 23427099 1
7865 4423 23427109 1
7840 4378 23427119 1
7845 4312 23427129 1
7874 4232 23427139 1
7927 4152 23427149 1
7996 4070 23427159 1
8078 4007 23427169 1
8193 3958 23427179 1
8329 3950 23427189 1
8500 3970 23427199 1
8674 4010 23427209 1
8851 4087 23427219 1
8990 4162 23427229 1
9103 4236 23427239 1
9177 4313 23427249 1
9212 4389 23427259 1
9222 4463 23427269 1
9194 4510 23427279 1
9146 4535 23427289 1
9085 4546 23427299 1
9007 4535 23427309 1
8916 4495 23427319 1
8817 4435 23427329 1
8740 4346 23427339 1
8698 4250 23427349 1
8679 4149 23427359 1
8679 4075 23427369 1
8711 4029 23427379 1
8763 4003 23427389 1
8828 4003 23427399 1
8914 4044 23427409 1
9014 4102 23427419 1
9125 4178 23427429 1
9236 4253 23427439 1
9345 4281 23427449 1
9445 4281 23427459 1
9539 4240 23427469 1
9628 4175 23427479 1
9714 4093 23427489 1
9781 4021 23427499 1
9834 3982 23427509 1
9892 3964 23427519 1
9944 3983 23427529 1
9992 4035 23427539 1
10035 4110 23427549 1
10067 4196 23427559 1
10092 4290 23427569 1
10124 4389 23427579 1
10149 4399 23427589 1
10160 4365 23427599 1
10160 4302 23427609 1
10160 4210 23427619 1
10151 4116 23427629 1
10132 4052 23427639 1
10110 4009 23427649 1
10089 4018 23427659 1
10071 4078 23427669 1
10058 4173 23427679 1
10040 4484 23427700 0
10078 4903 23427710 1
10095 5000 23427720 1
10095 5027 23427730 1
10123 5014 23427740 1
