292
1522 5570 82818907 0
1561 5630 82818917 1
1545 5646 82818927 1
1508 5572 82818937 1
1490 5439 82818947 1
1454 5200 82818957 1
1407 4892 82818967 1
1352 4538 82818977 1
1296 4155 82818987 1
1240 3805 82818997 1
1195 3478 82819007 1
1170 3234 82819017 1
1157 3095 82819027 1
1157 3027 82819037 1
1165 3054 82819047 1
1192 3199 82819057 1
1230 3424 82819067 1
1279 3712 82819077 1
1329 4081 82819087 1
1376 4505 82819097 1
1421 4866 82819107 1
1478 5132 82819117 1
1536 5334 82819127 1
1586 5395 82819137 1
1630 5357 82819147 1
1672 5253 82819157 1
1705 5083 82819167 1
1733 4852 82819177 1
1758 4580 82819187 1
1786 4345 82819197 1
1821 4154 82819207 1
1876 3992 82819217 1
1944 3898 82819227 1
2034 3861 82819237 1
2136 3861 82819247 1
2246 3936 82819257 1
2369 4087 82819267 1
2497 4290 82819277 1
2635 4555 82819287 1
2777 4829 82819297 1
2887 5108 82819307 1
2976 5321 82819317 1
3050 5438 82819327 1
3071 5490 82819337 1
3071 5466 82819347 1
3062 5355 82819357 1
3025 5185 82819367 1
2973 4936 82819377 1
2910 4642 82819387 1
2858 4319 82819397 1
2836 4027 82819407 1
2836 3777 82819417 1
2858 3556 82819427 1
2920 3410 82819437 1
3007 3322 82819447 1
3143 3274 82819457 1
3282 3318 82819467 1
3427 3423 82819477 1
3591 3568 82819487 1
3767 3752 82819497 1
3904 3951 82819507 1
4020 4160 82819517 1
4122 4308 82819527 1
4179 4405 82819537 1
4188 4469 82819547 1
4164 4493 82819557 1
4101 4493 82819567 1
4029 4483 82819578 1
3952 4443 82819588 1
3882 4365 82819598 1
3815 4261 82819608 1
3753 4112 82819618 1
3694 3919 82819628 1
3660 3697 82819638 1
3643 3523 82819648 1
3659 3383 82819658 1
3705 3265 82819668 1
3771 3204 82819678 1
3856 3204 82819688 1
3947 3234 82819698 1
4048 3335 82819708 1
4159 3480 82819718 1
4277 3654 82819728 1
4366 3872 82819738 1
4429 4090 82819748 1
4474 4306 82819758 1
4485 4472 82819768 1
4468 4606 82819778 1
4431 4656 82819788 1
4377 4668 82819798 1
4305 4654 82819808 1
4222 4602 82819818 1
4142 4521 82819828 1
4090 4422 82819838 1
4057 4293 82819848 1
4057 4163 82819858 1
4075 4031 82819868 1
4111 3898 82819878 1
4185 3785 82819888 1
4282 3686 82819898 1
4394 3644 82819908 1
4525 3644 82819918 1
4671 3663 82819928 1
4826 3735 82819938 1
4956 3848 82819948 1
5087 3989 82819958 1
5208 4130 82819968 1
5321 4278 82819978 1
5400 4430 82819988 1
5450 4536 82819998 1
5481 4594 82820008 1
5481 4619 82820018 1
5476 4619 82820028 1
5460 4619 82820038 1
5435 4589 82820048 1
5389 4534 82820058 1
5330 4410 82820068 1
5278 4253 82820078 1
5245 4073 82820088 1
5225 3907 82820098 1
5241 3756 82820108 1
5280 3614 82820118 1
5333 3515 82820128 1
5399 3431 82820138 1
5480 3357 82820148 1
5570 3298 82820158 1
5666 3250 82820168 1
5762 3209 82820178 1
5862 3189 82820188 1
6622 4222 82820409 0
6575 4341 82820419 1
6495 4416 82820429 1
6439 4455 82820439 1
6365 4503 82820449 1
6278 4512 82820459 1
6169 4496 82820469 1
6064 4407 82820479 1
5964 4240 82820489 1
5886 4022 82820499 1
5822 3777 82820509 1
5784 3586 82820519 1
5784 3430 82820529 1
5812 3323 82820539 1
5872 3260 82820549 1
5955 3226 82820559 1
6054 3249 82820569 1
6187 3351 82820579 1
6345 3506 82820589 1
6520 3718 82820599 1
6697 3996 82820609 1
6876 4317 82820619 1
7027 4652 82820629 1
7158 4982 82820639 1
7291 5309 82820649 1
7360 5555 82820659 1
7387 5675 82820669 1
7379 5712 82820679 1
7350 5704 82820689 1
7308 5623 82820699 1
7226 5493 82820709 1
7137 5265 82820719 1
7042 5005 82820729 1
6960 4725 82820739 1
6901 4460 82820749 1
6858 4198 82820759 1
6852 3937 82820769 1
6887 3740 82820779 1
6949 3613 82820789 1
7046 3534 82820799 1
7173 3489 82820809 1
7319 3498 82820819 1
7479 3542 82820829 1
7644 3644 82820839 1
7818 3803 82820849 1
7971 4001 82820859 1
8108 4204 82820869 1
8203 4400 82820879 1
8247 4591 82820889 1
8258 4674 82820899 1
8219 4695 82820909 1
8148 4676 82820919 1
8056 4610 82820929 1
7954 4473 82820939 1
7856 4289 82820949 1
7761 4099 82820959 1
7704 3914 82820969 1
7685 3733 82820979 1
7690 3601 82820989 1
7741 3492 82820999 1
7837 3398 82821009 1
7962 3347 82821019 1
8110 3353 82821029 1
8308 3398 82821039 1
8539 3517 82821049 1
8777 3686 82821059 1
9020 3888 82821069 1
9221 4101 82821079 1
9392 4313 82821089 1
9532 4477 82821099 1
9603 4608 82821109 1
9627 4661 82821119 1
9606 4678 82821129 1
9543 4672 82821130 1
9452 4636 82821140 1
9333 4549 82821150 1
9215 4428 82821160 1
9112 4235 82821170 1
9018 4038 82821180 1
8950 3832 82821190 1
8915 3622 82821200 1
8902 3478 82821210 1
8953 3376 82821220 1
9052 3303 82821230 1
9182 3303 82821240 1
9345 3373 82821250 1
9533 3495 82821260 1
9737 3656 82821270 1
9931 3838 82821280 1
10086 4035 82821290 1
10215 4182 82821300 1
10297 4306 82821310 1
10324 4415 82821320 1
10315 4481 82821330 1
10265 4520 82821340 1
10201 4542 82821350 1
10128 4542 82821360 1
10043 4506 82821370 1
9935 4441 82821380 1
9812 4300 82821390 1
9698 4118 82821400 1
9604 3910 82821410 1
9522 3685 82821420 1
9485 3530 82821430 1
9498 3421 82821440 1
9543 3353 82821450 1
9613 3329 82821460 1
9703 3335 82821470 1
9806 3405 82821480 1
9939 3528 82821490 1
10074 3687 82821500 1
10193 3892 82821510 1
10301 4068 82821520 1
10388 4224 82821530 1
10414 4269 82821540 1
10399 4259 82821550 1
10367 4212 82821560 1
10307 4088 82821570 1
10227 3943 82821580 1
10171 3784 82821590 1
10157 3663 82821600 1
10171 3573 82821610 1
10222 3503 82821620 1
10311 3449 82821630 1
10426 3419 82821640 1
10590 3406 82821650 1
10757 3444 82821660 1
10925 3520 82821670 1
11114 3621 82821680 1
11298 3756 82821690 1
11478 3920 82821700 1
11636 4104 82821710 1
11740 4274 82821720 1
11807 4373 82821730 1
11816 4424 82821740 1
11809 4424 82821750 1
11792 4424 82821760 1
11762 4365 82821770 1
11706 4276 82821780 1
11632 4144 82821790 1
11563 4010 82821800 1
11499 3869 82821810 1
11442 3722 82821820 1
11412 3570 82821830 1
11401 3449 82821840 1
11422 3351 82821850 1
11484 3268 82821860 1
11572 3222 82821870 1
11669 3228 82821880 1
11772 3270 82821890 1
11886 3364 82821900 1
12012 3495 82821910 1
11884 5547 82822071 0
11884 5547 82822081 1
11860 5536 82822091 1
11876 5501 82822101 1
11889 5427 82822111 1
11897 5344 82822121 1
11902 5254 82822131 1
11918 5182 82822141 1
11938 5127 82822151 1
11992 5083 82822161 1
12067 5072 82822171 1
