279
1797 5768 82827719 0
1882 5879 82827729 1
1874 5899 82827739 1
1827 5869 82827749 1
1800 5749 82827759 1
1759 5569 82827769 1
1708 5325 82827779 1
1644 5005 82827789 1
1570 4634 82827799 1
1489 4282 82827809 1
1446 3963 82827819 1
1407 3665 82827829 1
1392 3472 82827830 1
1392 3345 82827840 1
1407 3261 82827850 1
1425 3275 82827860 1
1450 3393 82827870 1
1481 3580 82827880 1
1530 3871 82827890 1
1590 4222 82827900 1
1637 4613 82827910 1
1669 4962 82827920 1
1690 5244 82827930 1
1717 5482 82827940 1
1734 5562 82827950 1
1743 5543 82827960 1
1760 5459 82827970 1
1777 5272 82827980 1
1791 5030 82827990 1
1804 4751 82828000 1
1818 4501 82828010 1
1861 4280 82828020 1
1923 4078 82828030 1
2013 3960 82828040 1
2125 3893 82828050 1
2251 3861 82828060 1
2375 3893 82828070 1
2499 3995 82828080 1
2640 4143 82828090 1
2792 4391 82828100 1
2940 4659 82828110 1
3093 4941 82828120 1
3257 5211 82828130 1
3363 5400 82828140 1
3432 5534 82828150 1
3450 5550 82828160 1
3450 5505 82828170 1
3433 5420 82828180 1
3391 5223 82828190 1
3339 4991 82828200 1
3280 4736 82828210 1
3231 4482 82828220 1
3187 4202 82828230 1
3176 3906 82828240 1
3186 3664 82828250 1
3243 3501 82828260 1
3329 3390 82828270 1
3434 3333 82828280 1
3560 3356 82828290 1
3701 3433 82828300 1
3852 3568 82828310 1
4005 3747 82828320 1
4164 3955 82828330 1
4307 4169 82828340 1
4438 4350 82828350 1
4527 4510 82828360 1
4585 4617 82828370 1
4623 4691 82828380 1
4628 4742 82828390 1
4611 4767 82828400 1
4579 4789 82828410 1
4532 4774 82828420 1
4472 4736 82828430 1
4404 4635 82828440 1
4329 4452 82828450 1
4254 4215 82828460 1
4197 3972 82828470 1
4152 3762 82828480 1
4159 3575 82828490 1
4194 3463 82828500 1
4248 3403 82828510 1
4326 3379 82828520 1
4422 3408 82828530 1
4531 3492 82828540 1
4639 3613 82828550 1
4750 3783 82828560 1
4834 3977 82828570 1
4899 4187 82828580 1
4941 4425 82828590 1
4956 4628 82828600 1
4956 4807 82828610 1
4933 4948 82828620 1
4904 5031 82828630 1
4868 5075 82828640 1
4831 5085 82828650 1
4787 5049 82828660 1
4737 4982 82828670 1
4693 4828 82828680 1
4654 4666 82828690 1
4654 4498 82828700 1
4681 4371 82828710 1
4733 4278 82828720 1
4819 4208 82828730 1
4928 4188 82828740 1
5062 4223 82828750 1
5232 4295 82828760 1
5425 4411 82828770 1
5597 4529 82828780 1
5754 4648 82828790 1
5902 4757 82828800 1
6006 4867 82828810 1
6079 4932 82828820 1
6131 4968 82828830 1
6147 4960 82828840 1
6147 4904 82828850 1
6142 4815 82828860 1
6127 4683 82828870 1
6111 4524 82828880 1
6094 4348 82828890 1
6085 4156 82828900 1
6077 3966 82828910 1
6077 3779 82828920 1
6077 3614 82828930 1
6105 3466 82828940 1
6144 3334 82828950 1
6200 3222 82828960 1
6276 3124 82828970 1
7330 4142 82829152 0
7299 4205 82829162 1
7241 4287 82829172 1
7202 4405 82829182 1
7163 4454 82829192 1
7117 4467 82829202 1
7067 4455 82829212 1
7003 4390 82829222 1
6938 4251 82829232 1
6872 4064 82829242 1
6808 3854 82829252 1
6775 3663 82829262 1
6762 3486 82829272 1
6778 3354 82829282 1
6823 3271 82829292 1
6886 3220 82829302 1
6959 3228 82829312 1
7056 3318 82829322 1
7170 3462 82829332 1
7319 3668 82829342 1
7470 3940 82829352 1
7612 4255 82829362 1
7748 4613 82829372 1
7869 4927 82829382 1
7951 5211 82829392 1
8008 5445 82829402 1
8022 5554 82829412 1
8003 5581 82829422 1
7962 5545 82829432 1
7886 5405 82829442 1
7787 5195 82829452 1
7672 4933 82829462 1
7575 4629 82829472 1
7482 4298 82829482 1
7425 3986 82829492 1
7389 3746 82829502 1
7430 3555 82829512 1
7513 3449 82829522 1
7625 3394 82829532 1
7760 3372 82829542 1
7917 3411 82829552 1
8088 3500 82829562 1
8269 3622 82829572 1
8452 3798 82829582 1
8635 4006 82829592 1
8779 4236 82829602 1
8884 4471 82829612 1
8964 4618 82829622 1
8964 4706 82829632 1
8923 4724 82829642 1
8849 4684 82829652 1
8734 4605 82829662 1
8613 4454 82829672 1
8489 4255 82829682 1
8369 4024 82829692 1
8281 3815 82829702 1
8215 3637 82829712 1
8202 3479 82829722 1
8241 3355 82829732 1
8315 3273 82829742 1
8440 3218 82829752 1
10312 4657 82829873 0
10326 4744 82829883 1
10267 4775 82829893 1
10199 4793 82829903 1
10126 4788 82829913 1
10031 4742 82829923 1
9903 4669 82829933 1
9752 4539 82829943 1
9616 4348 82829953 1
9482 4117 82829963 1
9378 3920 82829973 1
9293 3758 82829983 1
9273 3619 82829993 1
9313 3539 82830003 1
9392 3504 82830013 1
9507 3504 82830023 1
10004 3811 82830063 0
10382 4168 82830073 1
10555 4338 82830083 1
10666 4467 82830093 1
10736 4571 82830103 1
10746 4617 82830113 1
10716 4640 82830123 1
10658 4648 82830133 1
10582 4640 82830143 1
10477 4590 82830153 1
10352 4511 82830163 1
10227 4355 82830173 1
10126 4182 82830183 1
10042 3997 82830193 1
9987 3831 82830203 1
9973 3713 82830213 1
9985 3627 82830223 1
10039 3598 82830233 1
10122 3617 82830243 1
10225 3667 82830253 1
10366 3788 82830263 1
10521 3945 82830273 1
10685 4126 82830283 1
10806 4303 82830293 1
10886 4463 82830303 1
10938 4526 82830313 1
10938 4526 82830323 1
10905 4513 82830333 1
10853 4424 82830343 1
10782 4287 82830353 1
10719 4130 82830363 1
10660 3983 82830373 1
10647 3863 82830383 1
10675 3759 82830393 1
10731 3691 82830403 1
10821 3653 82830413 1
10944 3635 82830423 1
11090 3658 82830433 1
11245 3720 82830443 1
11416 3809 82830453 1
11598 3928 82830463 1
11748 4039 82830473 1
11872 4145 82830483 1
11978 4313 82830493 1
12040 4403 82830503 1
12059 4441 82830513 1
12050 4447 82830523 1
12036 4447 82830533 1
12023 4439 82830543 1
12001 4422 82830553 1
11971 4382 82830563 1
11938 4328 82830573 1
11900 4233 82830583 1
11859 4108 82830593 1
11816 3963 82830603 1
11778 3808 82830613 1
11751 3674 82830623 1
11743 3553 82830633 1
11748 3469 82830643 1
11773 3430 82830653 1
11818 3421 82830663 1
11877 3481 82830673 1
11904 5432 82830824 0
11904 5482 82830834 1
11893 5536 82830844 1
11879 5555 82830854 1
11891 5536 82830864 1
11905 5510 82830874 1
11923 5454 82830884 1
11941 5378 82830894 1
11961 5292 82830904 1
11982 5218 82830914 1
12017 5169 82830924 1
12055 5132 82830934 1
12116 5105 82830944 1
