279
1652 5017 23437384 0
1725 5146 23437394 1
1718 5191 23437404 1
1688 5227 23437414 1
1688 5236 23437424 1
1682 5207 23437434 1
1668 5153 23437444 1
1645 5040 23437454 1
1612 4854 23437464 1
1576 4620 23437474 1
1538 4348 23437484 1
1488 4025 23437494 1
1443 3668 23437504 1
1400 3425 23437514 1
1382 3231 23437524 1
1370 3069 23437534 1
1377 3018 23437544 1
1395 3031 23437554 1
1416 3088 23437564 1
1541 4500 23437634 0
1658 4840 23437644 1
1687 4988 23437654 1
1706 5011 23437664 1
1715 5006 23437674 1
1715 4982 23437684 1
1732 4898 23437694 1
1748 4754 23437704 1
1770 4570 23437714 1
1810 4358 23437724 1
1860 4135 23437734 1
1923 3904 23437744 1
2015 3697 23437754 1
2126 3583 23437764 1
2242 3532 23437774 1
2357 3532 23437784 1
2472 3593 23437794 1
2582 3694 23437804 1
2688 3863 23437814 1
2781 4070 23437824 1
2871 4302 23437834 1
2960 4575 23437844 1
3054 4859 23437854 1
3143 5151 23437864 1
3200 5397 23437874 1
3238 5546 23437884 1
3245 5630 23437895 1
3245 5630 23437905 1
3207 5600 23437915 1
3178 5547 23437925 1
3139 5405 23437935 1
3094 5181 23437945 1
3060 4903 23437955 1
3031 4565 23437965 1
3031 4241 23437975 1
3057 3926 23437985 1
3118 3625 23437995 1
3206 3429 23438005 1
3313 3304 23438015 1
4144 4053 23438115 0
4196 4162 23438125 1
4169 4186 23438135 1
4127 4207 23438145 1
4083 4184 23438155 1
4035 4129 23438165 1
3985 4054 23438175 1
3949 3946 23438185 1
3942 3812 23438195 1
3953 3661 23438205 1
3986 3515 23438215 1
4042 3388 23438225 1
4113 3275 23438235 1
4214 3224 23438245 1
4317 3234 23438255 1
4421 3284 23438265 1
4509 3379 23438275 1
4587 3484 23438285 1
4637 3595 23438295 1
4651 3733 23438305 1
4640 3888 23438315 1
4594 4055 23438325 1
4534 4166 23438335 1
4464 4262 23438345 1
4378 4349 23438355 1
4289 4335 23438365 1
4199 4321 23438375 1
4154 4306 23438385 1
4145 4290 23438395 1
4159 4259 23438405 1
4204 4219 23438415 1
4276 4175 23438425 1
4367 4146 23438435 1
4484 4128 23438445 1
4632 4138 23438455 1
4801 4157 23438465 1
4946 4181 23438475 1
5698 4326 23438586 0
5610 4377 23438596 1
5570 4390 23438606 1
5534 4399 23438616 1
5515 4405 23438626 1
5505 4405 23438636 1
5505 4374 23438646 1
5505 4328 23438656 1
5505 4224 23438666 1
5523 4097 23438676 1
5544 3956 23438686 1
5565 3800 23438696 1
5582 3681 23438706 1
5597 3586 23438716 1
5610 3563 23438726 1
5619 3572 23438736 1
5624 3602 23438746 1
5624 3691 23438756 1
5624 3830 23438766 1
5624 4003 23438776 1
5624 4172 23438786 1
5646 4311 23438796 1
5700 4430 23438806 1
5773 4493 23438816 1
5853 4535 23438826 1
5937 4564 23438836 1
6031 4586 23438846 1
6135 4606 23438856 1
6236 4591 23438866 1
6548 4315 23438916 0
6657 4195 23438926 1
6672 4166 23438936 1
6672 4150 23438946 1
6653 4143 23438956 1
6631 4154 23438966 1
6598 4193 23438976 1
6565 4251 23438986 1
6532 4337 23438996 1
6499 4416 23439006 1
6481 4491 23439016 1
6464 4517 23439026 1
6450 4517 23439036 1
6426 4500 23439046 1
6396 4429 23439056 1
6363 4296 23439066 1
6333 4123 23439076 1
6304 3974 23439086 1
6312 3847 23439096 1
6340 3736 23439106 1
6380 3685 23439116 1
6428 3685 23439126 1
6494 3725 23439136 1
6571 3837 23439146 1
6650 3976 23439156 1
6731 4134 23439166 1
6813 4351 23439176 1
6880 4579 23439186 1
6938 4815 23439196 1
6969 5027 23439206 1
6969 5184 23439216 1
6959 5304 23439226 1
6929 5340 23439236 1
6879 5340 23439246 1
6816 5309 23439256 1
6758 5247 23439266 1
6702 5146 23439276 1
6654 5019 23439286 1
6615 4834 23439296 1
6600 4644 23439306 1
6600 4452 23439316 1
6634 4248 23439326 1
6706 4072 23439336 1
6803 3915 23439346 1
6931 3806 23439356 1
7062 3758 23439366 1
7218 3750 23439376 1
7389 3792 23439386 1
7525 3861 23439396 1
7629 3948 23439406 1
7712 4041 23439416 1
7764 4133 23439426 1
7775 4238 23439436 1
7759 4353 23439446 1
7717 4448 23439456 1
7656 4489 23439466 1
7581 4495 23439476 1
7494 4444 23439486 1
7407 4374 23439496 1
7356 4292 23439506 1
7328 4193 23439516 1
7341 4084 23439526 1
7384 3968 23439536 1
7447 3864 23439546 1
7534 3777 23439556 1
7642 3701 23439566 1
7763 3683 23439576 1
8400 4127 23439647 0
8366 4209 23439657 1
8314 4240 23439667 1
8258 4266 23439677 1
8197 4292 23439687 1
8132 4300 23439697 1
8076 4284 23439707 1
8036 4253 23439717 1
8006 4203 23439727 1
7985 4135 23439737 1
7985 4056 23439747 1
7998 3976 23439757 1
8040 3895 23439767 1
8097 3824 23439777 1
8165 3760 23439787 1
8246 3719 23439797 1
8339 3709 23439807 1
8441 3721 23439817 1
8535 3766 23439827 1
8620 3824 23439837 1
8700 3891 23439847 1
8760 3961 23439857 1
8803 4029 23439867 1
8834 4095 23439877 1
8834 4126 23439887 1
8819 4139 23439897 1
8794 4139 23439907 1
8774 4139 23439917 1
8755 4139 23439927 1
8740 4139 23439937 1
8731 4139 23439947 1
8726 4146 23439957 1
8726 4146 23439967 1
8726 4146 23439977 1
8726 4146 23439987 1
8726 4146 23439997 1
8726 4146 23440007 1
8719 4154 23440017 1
8719 4159 23440027 1
8711 4164 23440037 1
8701 4169 23440047 1
8692 4169 23440057 1
8676 4177 23440067 1
8656 4172 23440077 1
8625 4163 23440087 1
8588 4145 23440097 1
8548 4113 23440107 1
8533 4073 23440117 1
8533 4018 23440127 1
8546 3962 23440137 1
8573 3915 23440147 1
8616 3876 23440157 1
8669 3859 23440167 1
8738 3859 23440177 1
8810 3879 23440187 1
8890 3924 23440197 1
8962 3979 23440207 1
9028 4042 23440217 1
9074 4097 23440227 1
9103 4128 23440237 1
9120 4144 23440247 1
9126 4121 23440257 1
9137 4075 23440267 1
9156 4015 23440277 1
9183 3950 23440287 1
9220 3896 23440297 1
9281 3850 23440307 1
9357 3833 23440317 1
9450 3853 23440327 1
9547 3898 23440337 1
9639 3955 23440347 1
9780 4071 23440368 0
9851 4162 23440378 1
9831 4137 23440388 1
9811 4080 23440398 1
9791 4013 23440408 1
9771 3941 23440418 1
9752 3861 23440428 1
9733 3808 23440438 1
9728 3772 23440448 1
9728 3792 23440458 1
9751 3865 23440468 1
9773 3974 23440478 1
9789 4444 23440518 0
9871 4790 23440528 1
9921 4847 23440538 1
9952 4857 23440548 1
9993 4823 23440558 1
