308
2152 4487 44913802 0
2175 4572 44913812 1
2175 4626 44913822 1
2181 4683 44913832 1
2187 4707 44913842 1
2187 4702 44913852 1
2182 4677 44913862 1
2162 4576 44913872 1
2111 4380 44913882 1
2039 4122 44913892 1
1955 3842 44913902 1
1872 3595 44913912 1
1791 3370 44913922 1
1716 3179 44913932 1
1661 3037 44913942 1
1617 2929 44913952 1
1605 2845 44913962 1
1611 2791 44913972 1
1629 2758 44913982 1
1659 2751 44913992 1
1974 4204 44914143 0
2110 4351 44914153 1
2137 4407 44914163 1
2143 4452 44914173 1
2149 4426 44914183 1
2157 4340 44914193 1
2166 4215 44914203 1
2178 4052 44914213 1
2197 3871 44914223 1
2224 3679 44914233 1
2258 3571 44914243 1
2295 3491 44914253 1
2330 3431 44914263 1
2363 3399 44914273 1
2394 3399 44914283 1
2435 3412 44914293 1
2497 3482 44914303 1
2573 3596 44914313 1
2673 3739 44914323 1
2772 3947 44914333 1
2871 4164 44914343 1
2978 4388 44914353 1
3081 4550 44914363 1
3132 4620 44914373 1
3149 4628 44914383 1
3143 4596 44914393 1
3092 4454 44914403 1
3012 4238 44914413 1
2929 3964 44914423 1
2869 3640 44914433 1
2825 3284 44914443 1
2811 2974 44914453 1
2818 2779 44914463 1
2838 2661 44914473 1
2863 2594 44914483 1
2889 2533 44914493 1
2917 2476 44914503 1
2947 2432 44914513 1
4012 3512 44915364 0
4058 3498 44915374 1
4002 3512 44915384 1
3973 3502 44915394 1
3933 3476 44915404 1
3885 3440 44915414 1
3831 3298 44915424 1
3771 3194 44915434 1
3708 3116 44915444 1
3650 2945 44915454 1
3616 2771 44915464 1
3598 2596 44915474 1
3611 2493 44915484 1
3643 2419 44915494 1
3687 2364 44915504 1
3751 2333 44915514 1
3815 2333 44915524 1
3902 2353 44915534 1
4004 2410 44915544 1
4128 2493 44915554 1
4252 2593 44915564 1
4373 2720 44915574 1
4463 2868 44915584 1
4534 3031 44915594 1
4557 3183 44915604 1
4526 3335 44915614 1
4458 3486 44915624 1
4356 3564 44915634 1
4216 3576 44915644 1
4051 3545 44915654 1
3900 3445 44915664 1
3781 3309 44915674 1
3682 3148 44915684 1
3642 3022 44915694 1
3664 2915 44915704 1
3727 2820 44915714 1
3812 2758 44915724 1
3933 2737 44915734 1
4079 2744 44915744 1
4270 2788 44915754 1
4452 2857 44915764 1
4627 2943 44915774 1
4778 3030 44915784 1
4870 3114 44915794 1
4922 3191 44915804 1
4950 3265 44915814 1
4967 3337 44915824 1
4977 3404 44915834 1
4986 3438 44915844 1
4994 3452 44915854 1
5000 3452 44915864 1
5032 3459 44915874 1
5090 3459 44915884 1
5165 3452 44915894 1
5250 3438 44915904 1
5312 3413 44915914 1
5358 3362 44915924 1
5380 3294 44915934 1
5363 3187 44915944 1
5319 3053 44915954 1
5279 2902 44915964 1
5266 2764 44915974 1
5272 2668 44915984 1
5306 2599 44915994 1
5345 2558 44916004 1
5403 2541 44916014 1
5472 2541 44916024 1
5553 2569 44916034 1
5651 2625 44916044 1
5761 2699 44916054 1
5871 2812 44916064 1
5936 2903 44916074 1
5972 2979 44916084 1
5981 3040 44916094 1
7290 3136 44916796 0
7320 3075 44916806 1
7335 3131 44916816 1
7352 3245 44916826 1
7368 3307 44916836 1
7368 3370 44916846 1
7337 3434 44916856 1
7295 3475 44916866 1
7225 3483 44916876 1
7138 3468 44916886 1
7040 3389 44916896 1
6940 3245 44916906 1
6850 3057 44916916 1
6767 2843 44916926 1
6739 2681 44916936 1
6746 2554 44916946 1
6777 2501 44916956 1
6817 2482 44916966 1
6881 2482 44916976 1
6961 2526 44916986 1
7058 2599 44916996 1
7159 2693 44917006 1
7269 2849 44917016 1
7383 3024 44917026 1
7464 3213 44917036 1
7525 3457 44917046 1
7573 3685 44917056 1
7616 3903 44917066 1
7639 4036 44917076 1
7649 4083 44917086 1
7637 4072 44917096 1
7597 4013 44917106 1
7538 3878 44917116 1
7468 3693 44917126 1
7401 3478 44917136 1
7336 3231 44917146 1
7308 2963 44917156 1
7314 2766 44917166 1
7343 2639 44917176 1
7378 2558 44917186 1
7413 2507 44917196 1
7449 2481 44917206 1
7487 2472 44917216 1
7530 2495 44917226 1
7586 2549 44917236 1
7649 2623 44917247 1
7696 2691 44917257 1
7726 2756 44917267 1
7744 2793 44917277 1
7754 2813 44917287 1
7754 2813 44917297 1
7754 2813 44917307 1
7765 2800 44917317 1
7781 2777 44917327 1
7807 2747 44917337 1
7840 2737 44917347 1
7882 2743 44917357 1
7940 2761 44917367 1
8009 2800 44917377 1
8091 2864 44917387 1
8195 2944 44917397 1
8313 3040 44917407 1
8434 3154 44917417 1
8522 3279 44917427 1
8587 3415 44917437 1
8607 3531 44917447 1
8594 3578 44917457 1
8559 3587 44917467 1
8469 3536 44917477 1
8335 3416 44917487 1
8171 3250 44917497 1
8082 3072 44917507 1
8061 2893 44917517 1
8086 2758 44917527 1
8141 2654 44917537 1
8244 2616 44917547 1
8380 2610 44917557 1
8552 2626 44917567 1
8711 2675 44917577 1
8860 2758 44917587 1
8998 2865 44917597 1
9058 2930 44917607 1
9067 2992 44917617 1
10004 3155 44918309 0
10096 3212 44918319 1
10143 3276 44918329 1
10174 3340 44918339 1
10193 3407 44918349 1
10200 3478 44918359 1
10194 3542 44918369 1
10179 3603 44918379 1
10147 3655 44918389 1
10099 3688 44918399 1
10041 3708 44918409 1
9962 3699 44918419 1
9861 3657 44918429 1
9745 3592 44918439 1
9641 3474 44918449 1
9544 3304 44918459 1
9452 3099 44918469 1
9382 2921 44918479 1
9358 2777 44918489 1
9364 2657 44918499 1
9401 2596 44918509 1
9466 2555 44918519 1
9549 2527 44918529 1
9646 2517 44918539 1
9745 2522 44918549 1
9846 2536 44918559 1
9945 2563 44918569 1
10045 2603 44918579 1
10143 2651 44918589 1
10239 2726 44918599 1
10352 2815 44918609 1
10470 2913 44918619 1
10585 3007 44918629 1
10696 3098 44918639 1
10784 3183 44918649 1
10852 3266 44918659 1
10907 3344 44918669 1
10930 3417 44918679 1
10935 3459 44918689 1
10928 3482 44918699 1
10893 3472 44918709 1
10802 3402 44918719 1
10673 3292 44918729 1
10534 3152 44918739 1
10396 2991 44918749 1
10258 2815 44918759 1
10201 2676 44918769 1
10187 2603 44918779 1
10202 2574 44918789 1
10226 2559 44918799 1
10287 2571 44918809 1
10372 2601 44918819 1
10497 2660 44918829 1
10618 2762 44918839 1
10736 2893 44918849 1
10840 3040 44918859 1
10907 3134 44918869 1
10950 3193 44918879 1
10940 3193 44918889 1
10885 3140 44918899 1
10800 3059 44918909 1
10709 2958 44918919 1
10653 2857 44918929 1
10621 2760 44918939 1
10629 2703 44918949 1
10675 2671 44918959 1
10745 2671 44918969 1
10861 2703 44918979 1
10988 2760 44918989 1
11122 2835 44918999 1
11222 2898 44919009 1
11274 2954 44919019 1
11295 2954 44919029 1
11295 2933 44919039 1
11287 2897 44919049 1
11287 2848 44919059 1
11294 2808 44919069 1
11331 2775 44919079 1
11384 2750 44919089 1
11482 2750 44919099 1
11606 2762 44919109 1
11746 2790 44919119 1
11867 2824 44919129 1
11997 4274 44919480 0
12051 4217 44919490 1
12051 4331 44919500 1
12014 4321 44919510 1
11949 4228 44919520 1
11834 4130 44919530 1
11718 4032 44919540 1
11600 3935 44919550 1
11522 3838 44919560 1
11476 3739 44919570 1
