314
1860 5198 65711808 0
1926 5255 65711818 1
1913 5318 65711828 1
1873 5414 65711838 1
1901 5414 65711848 1
1912 5419 65711858 1
1912 5353 65711868 1
1857 5243 65711878 1
1761 4987 65711888 1
1638 4650 65711898 1
1487 4259 65711908 1
1331 3825 65711918 1
1171 3461 65711928 1
1004 3144 65711938 1
882 2907 65711948 1
791 2763 65711958 1
762 2681 65711968 1
762 2673 65711978 1
777 2708 65711988 1
2076 5379 65712108 0
2164 5371 65712118 1
2131 5331 65712128 1
2099 5226 65712138 1
2110 5078 65712148 1
2110 4853 65712158 1
2104 4606 65712168 1
2104 4344 65712178 1
2104 4076 65712188 1
2104 3837 65712198 1
2109 3617 65712208 1
2109 3492 65712218 1
2117 3412 65712228 1
2127 3363 65712238 1
2142 3344 65712248 1
2161 3344 65712258 1
2189 3358 65712268 1
2251 3427 65712278 1
2335 3553 65712288 1
2442 3718 65712298 1
2575 3943 65712308 1
2725 4191 65712318 1
2862 4455 65712328 1
2994 4714 65712338 1
3122 4971 65712348 1
3226 5168 65712358 1
3311 5326 65712368 1
3383 5496 65712378 1
3459 5627 65712388 1
3518 5732 65712398 1
3566 5786 65712408 1
3580 5805 65712418 1
3580 5800 65712428 1
3567 5791 65712438 1
3513 5694 65712448 1
3434 5538 65712458 1
3339 5237 65712468 1
3221 4834 65712478 1
3105 4363 65712488 1
3016 3959 65712498 1
2944 3645 65712508 1
2899 3392 65712518 1
2858 3189 65712528 1
2825 3061 65712538 1
2809 2984 65712548 1
2804 2961 65712558 1
2809 2961 65712568 1
2817 2969 65712578 1
2826 2974 65712588 1
2874 3008 65712598 1
3923 3841 65713190 0
3979 3880 65713200 1
3939 3955 65713210 1
3939 3980 65713220 1
3955 3972 65713230 1
3955 4012 65713240 1
3940 4022 65713250 1
3924 4013 65713260 1
3893 3982 65713270 1
3848 3909 65713280 1
3793 3808 65713290 1
3723 3640 65713300 1
3659 3453 65713310 1
3598 3254 65713320 1
3584 3068 65713330 1
3613 2950 65713340 1
3670 2878 65713350 1
3764 2857 65713360 1
3861 2894 65713370 1
3982 2971 65713380 1
4118 3096 65713390 1
4264 3249 65713400 1
4396 3422 65713410 1
4481 3574 65713420 1
4538 3721 65713430 1
4538 3861 65713440 1
4499 3947 65713450 1
4426 3998 65713460 1
4331 4003 65713470 1
4221 3967 65713480 1
4100 3904 65713490 1
4016 3845 65713500 1
3961 3785 65713510 1
3926 3721 65713520 1
3919 3654 65713530 1
3945 3588 65713540 1
3994 3535 65713550 1
4085 3492 65713560 1
4210 3487 65713570 1
4358 3515 65713580 1
4507 3566 65713590 1
4669 3634 65713600 1
4839 3707 65713610 1
4971 3783 65713620 1
5081 3841 65713630 1
5177 3877 65713640 1
5239 3898 65713650 1
5271 3898 65713660 1
5282 3898 65713670 1
5282 3898 65713680 1
5282 3898 65713690 1
5276 3898 65713700 1
5276 3898 65713710 1
5276 3898 65713720 1
5271 3898 65713730 1
5271 3898 65713740 1
5271 3889 65713750 1
5258 3870 65713760 1
5242 3843 65713770 1
5219 3806 65713780 1
5170 3739 65713790 1
5103 3651 65713800 1
5018 3524 65713810 1
4933 3357 65713820 1
4849 3164 65713830 1
4811 3012 65713840 1
4811 2895 65713850 1
4826 2801 65713860 1
4884 2749 65713870 1
4978 2749 65713880 1
5095 2794 65713890 1
5266 2886 65713900 1
5438 3003 65713910 1
5607 3137 65713920 1
5722 3239 65713930 1
6187 3652 65714261 0
6206 3702 65714271 1
6206 3747 65714281 1
6248 3792 65714291 1
6274 3837 65714301 1
6281 3881 65714311 1
6275 3921 65714321 1
6243 3943 65714331 1
6190 3953 65714341 1
6123 3941 65714351 1
6047 3891 65714361 1
5961 3816 65714371 1
5867 3672 65714381 1
5774 3526 65714391 1
5688 3365 65714401 1
5638 3195 65714411 1
5609 3085 65714421 1
5618 3014 65714431 1
5663 2970 65714441 1
5732 2960 65714451 1
5840 2985 65714461 1
5951 3034 65714471 1
6086 3116 65714481 1
6235 3229 65714491 1
6392 3364 65714501 1
6538 3508 65714511 1
6647 3652 65714521 1
6736 3817 65714531 1
6787 3996 65714541 1
6820 4154 65714551 1
6841 4314 65714561 1
6858 4475 65714571 1
6868 4607 65714582 1
6874 4687 65714592 1
6874 4732 65714602 1
6865 4750 65714612 1
6858 4750 65714622 1
6851 4750 65714632 1
6822 4713 65714642 1
6777 4622 65714652 1
6712 4494 65714662 1
6638 4311 65714672 1
6559 4091 65714682 1
6477 3847 65714692 1
6398 3587 65714702 1
6346 3378 65714712 1
6310 3202 65714722 1
6318 3075 65714732 1
6359 2991 65714742 1
6423 2936 65714752 1
6521 2916 65714762 1
6648 2934 65714772 1
6795 2977 65714782 1
6944 3032 65714792 1
7074 3102 65714802 1
7191 3182 65714812 1
7305 3280 65714822 1
7388 3392 65714832 1
7450 3513 65714842 1
7484 3636 65714852 1
7484 3754 65714862 1
7451 3819 65714872 1
7390 3849 65714882 1
7291 3798 65714892 1
7166 3695 65714902 1
7073 3558 65714912 1
7012 3419 65714922 1
6973 3279 65714932 1
6967 3164 65714942 1
7002 3065 65714952 1
7065 3021 65714962 1
7176 3021 65714972 1
7310 3042 65714982 1
7458 3085 65714992 1
8611 3864 65715844 0
8577 3899 65715854 1
8560 3967 65715864 1
8546 4010 65715874 1
8513 4050 65715884 1
8467 4089 65715894 1
8392 4099 65715904 1
8299 4077 65715914 1
8195 4035 65715924 1
8100 3943 65715934 1
8035 3804 65715944 1
7991 3633 65715954 1
7998 3501 65715964 1
8034 3389 65715974 1
8088 3291 65715984 1
8161 3234 65715994 1
8254 3217 65716004 1
8361 3226 65716014 1
8486 3274 65716024 1
9528 4030 65716124 0
9569 4030 65716134 1
9504 4060 65716144 1
9476 4072 65716154 1
9476 4072 65716164 1
9423 4084 65716174 1
9344 4094 65716184 1
9244 4079 65716194 1
9128 4050 65716204 1
9005 3970 65716214 1
8876 3855 65716224 1
8788 3718 65716234 1
8752 3582 65716244 1
8752 3482 65716254 1
8799 3405 65716264 1
8889 3374 65716274 1
9007 3381 65716284 1
9122 3414 65716294 1
9238 3469 65716304 1
9351 3527 65716314 1
9446 3588 65716324 1
9529 3655 65716334 1
9588 3737 65716344 1
9625 3828 65716354 1
9647 3893 65716364 1
9642 3915 65716374 1
9625 3909 65716384 1
9601 3885 65716394 1
9542 3811 65716404 1
9482 3705 65716414 1
9422 3609 65716424 1
9372 3511 65716434 1
9344 3410 65716444 1
9330 3326 65716454 1
9346 3254 65716464 1
9394 3209 65716474 1
9463 3194 65716484 1
9555 3200 65716494 1
9661 3240 65716504 1
9777 3310 65716514 1
9897 3400 65716524 1
10015 3507 65716534 1
10107 3627 65716544 1
10181 3755 65716554 1
10240 3869 65716564 1
10274 3931 65716574 1
10292 3959 65716584 1
10292 3964 65716594 1
10292 3964 65716604 1
10277 3918 65716614 1
10223 3841 65716624 1
10152 3691 65716634 1
10069 3551 65716644 1
10007 3417 65716654 1
9986 3297 65716664 1
9993 3202 65716674 1
10031 3125 65716684 1
10092 3081 65716694 1
10167 3075 65716704 1
10275 3095 65716714 1
10400 3140 65716724 1
10536 3206 65716734 1
10649 3286 65716744 1
10732 3378 65716754 1
10201 4508 65716865 0
10135 4563 65716875 1
10098 4631 65716885 1
10091 4631 65716895 1
10127 4598 65716905 1
10180 4547 65716915 1
10241 4527 65716925 1
10277 4511 65716935 1
10297 4499 65716945 1
10331 4499 65716955 1
10365 4509 65716965 1
10401 4525 65716975 1
10439 4550 65716985 1
