198
1907 5227 31166117 0
1954 5053 31166127 1
1910 5038 31166137 1
1847 4841 31166147 1
1780 4522 31166157 1
1700 4013 31166167 1
1612 3500 31166177 1
1537 2985 31166187 1
1461 2677 31166197 1
1383 2538 31166207 1
1331 2511 31166217 1
1284 2523 31166227 1
1315 4402 31166297 0
1649 4502 31166307 1
1669 4564 31166317 1
1689 4456 31166327 1
1774 4234 31166337 1
1903 3728 31166347 1
2026 3219 31166357 1
2150 2708 31166367 1
2273 2484 31166377 1
2353 2415 31166387 1
2406 2450 31166397 1
2486 2575 31166407 1
2569 2841 31166417 1
2627 3200 31166427 1
2668 3659 31166437 1
2687 4143 31166448 1
2747 4645 31166458 1
2833 4967 31166468 1
2889 5080 31166478 1
2923 5055 31166488 1
2942 4836 31166498 1
2974 4390 31166508 1
3012 3794 31166518 1
3053 3220 31166528 1
3132 2784 31166538 1
3223 2441 31166548 1
3321 2302 31166558 1
4091 3453 31166718 0
4030 3289 31166728 1
3948 3235 31166738 1
3904 3216 31166748 1
3863 2940 31166758 1
3889 2697 31166768 1
3958 2475 31166778 1
4021 2431 31166798 1
4088 2447 31166808 1
4161 2503 31166818 1
4265 2644 31166828 1
4387 2860 31166838 1
4469 3127 31166848 1
4499 3379 31166858 1
4499 3537 31166868 1
4435 3633 31166878 1
4331 3614 31166888 1
4197 3504 31166898 1
4063 3333 31166908 1
3992 3147 31166918 1
3964 2977 31166928 1
3973 2884 31166938 1
4015 2836 31166948 1
4079 2842 31166958 1
4208 2940 31166968 1
4372 3100 31166978 1
4560 3366 31166988 1
4760 3631 31166998 1
4897 3895 31167008 1
4991 4032 31167018 1
5002 4072 31167028 1
4995 4048 31167038 1
4976 4006 31167048 1
4961 3931 31167058 1
4948 3834 31167068 1
4966 3767 31167078 1
5002 3715 31167088 1
5070 3673 31167098 1
5179 3617 31167108 1
5314 3523 31167118 1
5445 3403 31167128 1
5530 3252 31167138 1
5583 3113 31167148 1
5576 2982 31167158 1
5530 2816 31167168 1
5458 2647 31167178 1
5415 2475 31167188 1
5415 2352 31167198 1
5450 2271 31167208 1
5533 2217 31167218 1
5679 2241 31167228 1
5867 2345 31167238 1
5867 2345 31167249 0
6432 2949 31167259 1
6565 3196 31167269 1
6664 3348 31167279 1
6702 3413 31167289 1
6708 3421 31167299 1
6693 3412 31167309 1
6653 3312 31167319 1
6555 3152 31167329 1
6417 2894 31167339 1
6317 2635 31167349 1
6295 2494 31167359 1
6324 2432 31167369 1
6409 2421 31167379 1
6543 2485 31167389 1
6709 2598 31167399 1
6887 2819 31167409 1
7047 3122 31167419 1
7167 3481 31167429 1
7267 3857 31167439 1
7364 4114 31167449 1
7383 4292 31167459 1
7350 4278 31167469 1
7266 4096 31167479 1
7133 3803 31167489 1
6967 3361 31167499 1
6866 2959 31167509 1
6854 2584 31167519 1
6901 2394 31167529 1
7444 2594 31167729 0
7432 2485 31167739 1
7424 2573 31167749 1
7454 2717 31167759 1
7550 2806 31167769 1
7689 2920 31167779 1
7848 3052 31167789 1
7923 3180 31167799 1
7942 3271 31167809 1
7873 3337 31167819 1
7760 3307 31167829 1
7618 3167 31167839 1
7495 2955 31167849 1
7428 2667 31167859 1
7398 2459 31167869 1
7427 2305 31167879 1
7499 2212 31167889 1
7599 2189 31167899 1
7750 2213 31167909 1
7948 2312 31167919 1
8995 3341 31168010 0
8862 3417 31168020 1
8773 3451 31168030 1
8651 3360 31168040 1
8507 3186 31168050 1
8410 2953 31168060 1
8372 2715 31168070 1
8372 2473 31168080 1
8429 2308 31168090 1
8534 2228 31168100 1
8672 2205 31168110 1
8857 2253 31168120 1
9071 2355 31168130 1
9305 2493 31168140 1
9546 2639 31168150 1
9729 2798 31168160 1
9874 2966 31168170 1
9988 3139 31168180 1
10039 3275 31168190 1
10049 3386 31168200 1
9963 3404 31168210 1
9794 3299 31168220 1
9570 3113 31168230 1
9326 2851 31168240 1
9184 2629 31168250 1
9110 2435 31168260 1
9101 2363 31168270 1
9148 2357 31168280 1
9231 2396 31168290 1
9382 2505 31168300 1
9550 2665 31168310 1
9729 2858 31168320 1
9845 2975 31168330 1
9884 2975 31168340 1
9872 2906 31168350 1
9834 2710 31168360 1
9801 2531 31168370 1
9841 2363 31168380 1
9927 2264 31168390 1
10059 2234 31168400 1
10193 2249 31168410 1
10369 2370 31168420 1
10572 2541 31168430 1
10763 2745 31168440 1
10899 2941 31168450 1
10999 3008 31168460 1
10999 2989 31168470 1
10999 2888 31168480 1
11034 2721 31168490 1
11089 2511 31168500 1
11216 2391 31168510 1
11364 2351 31168520 1
12040 3781 31168591 0
11985 4154 31168601 1
11851 4167 31168611 1
11681 4190 31168621 1
11572 4041 31168631 1
11478 3833 31168641 1
