191
2808 5677 30585415 0
2808 5677 30585425 1
2808 5677 30585435 1
2833 5700 30585445 1
2842 5700 30585455 1
2851 5700 30585465 1
2860 5695 30585475 1
2869 5681 30585485 1
2878 5658 30585495 1
2886 5612 30585505 1
2892 5551 30585515 1
2892 5468 30585525 1
2892 5371 30585535 1
2892 5266 30585545 1
2892 5179 30585555 1
2892 5113 30585565 1
2892 5061 30585575 1
2892 5025 30585585 1
2892 5008 30585595 1
2892 5008 30585605 1
2892 5008 30585615 1
2886 5030 30585625 1
2881 5067 30585635 1
2881 5137 30585646 1
2895 5231 30585656 1
2917 5341 30585666 1
2948 5443 30585676 1
2984 5518 30585686 1
3021 5575 30585696 1
3060 5621 30585706 1
3106 5661 30585716 1
3153 5690 30585726 1
3200 5712 30585736 1
3241 5712 30585746 1
3275 5706 30585756 1
3303 5677 30585766 1
3323 5630 30585776 1
3337 5572 30585786 1
3346 5495 30585796 1
3355 5405 30585806 1
3366 5306 30585816 1
3383 5235 30585826 1
3407 5185 30585836 1
3438 5148 30585846 1
3474 5137 30585856 1
3517 5157 30585866 1
3565 5198 30585876 1
3618 5256 30585886 1
3871 5612 30586187 0
3871 5612 30586197 1
3844 5578 30586207 1
3836 5564 30586217 1
3830 5548 30586227 1
3830 5528 30586237 1
3840 5508 30586247 1
3860 5495 30586257 1
3891 5488 30586267 1
3931 5500 30586277 1
3977 5528 30586287 1
4026 5567 30586297 1
4064 5608 30586307 1
4095 5648 30586317 1
4119 5686 30586327 1
4131 5722 30586337 1
4131 5757 30586347 1
4131 5803 30586357 1
4118 5855 30586367 1
4100 5889 30586377 1
4079 5902 30586387 1
4050 5902 30586397 1
4016 5877 30586407 1
3980 5836 30586417 1
3947 5785 30586427 1
3921 5729 30586437 1
3900 5668 30586447 1
3883 5597 30586457 1
3883 5529 30586467 1
3890 5463 30586477 1
3916 5404 30586487 1
3946 5361 30586497 1
3986 5330 30586507 1
4048 5330 30586517 1
4124 5364 30586527 1
4472 5881 30586827 0
4472 5881 30586837 1
4472 5881 30586847 1
4472 5881 30586857 1
4472 5881 30586867 1
4472 5881 30586877 1
4472 5881 30586887 1
4495 5829 30586897 1
4507 5786 30586907 1
4519 5741 30586917 1
4531 5691 30586927 1
4541 5636 30586937 1
4551 5584 30586947 1
4565 5544 30586957 1
4582 5510 30586967 1
4602 5489 30586977 1
4625 5489 30586987 1
4667 5510 30586997 1
4721 5574 30587007 1
4787 5651 30587017 1
4842 5738 30587027 1
4881 5815 30587037 1
4913 5891 30587047 1
4931 5934 30587057 1
4931 5956 30587067 1
4931 5956 30587077 1
4916 5956 30587087 1
5047 6274 30587238 0
5047 6274 30587248 1
5047 6274 30587258 1
5074 6290 30587268 1
5088 6281 30587278 1
5108 6265 30587288 1
5132 6249 30587298 1
5155 6232 30587308 1
5178 6218 30587318 1
5201 6205 30587328 1
5218 6198 30587338 1
5232 6190 30587348 1
5110 6037 30587428 0
5071 5980 30587438 1
5056 5968 30587448 1
5051 5968 30587458 1
5051 5968 30587468 1
5051 5968 30587478 1
5069 5968 30587488 1
5095 5981 30587498 1
5126 5991 30587508 1
5154 5997 30587518 1
5179 5991 30587528 1
5202 5977 30587538 1
5215 5955 30587548 1
5223 5918 30587558 1
5223 5871 30587568 1
5223 5802 30587578 1
5205 5735 30587588 1
5187 5669 30587598 1
5182 5612 30587608 1
5182 5571 30587618 1
5199 5542 30587628 1
5223 5526 30587638 1
5255 5520 30587648 1
5291 5520 30587658 1
5335 5547 30587668 1
5384 5583 30587678 1
5433 5626 30587688 1
5470 5654 30587698 1
5499 5679 30587708 1
5517 5698 30587718 1
5822 6047 30587899 0
5822 6047 30587909 1
5822 6047 30587919 1
5822 6047 30587929 1
5822 6047 30587939 1
5822 6047 30587949 1
5812 6022 30587959 1
5812 5994 30587969 1
5807 5958 30587979 1
5807 5914 30587989 1
5802 5860 30587999 1
5797 5800 30588009 1
5797 5752 30588019 1
5802 5713 30588029 1
5808 5680 30588039 1
5814 5662 30588049 1
5814 5653 30588059 1
5814 5653 30588069 1
5814 5653 30588079 1
5814 5661 30588089 1
5823 5682 30588099 1
5834 5723 30588109 1
5851 5777 30588119 1
5872 5831 30588129 1
5894 5879 30588139 1
5920 5918 30588149 1
5952 5954 30588159 1
5988 5984 30588169 1
6025 6005 30588179 1
6066 6017 30588189 1
6106 6017 30588199 1
6145 6017 30588209 1
6182 5995 30588219 1
6217 5965 30588229 1
6240 5919 30588239 1
6254 5859 30588249 1
6261 5789 30588259 1
6285 5747 30588269 1
6313 5722 30588279 1
