150
3877 4039 60820825 0
3943 4127 60820835 1
3929 4165 60820845 1
3885 4199 60820855 1
3885 4186 60820865 1
3893 4143 60820875 1
3885 4079 60820885 1
3868 3927 60820895 1
3840 3780 60820905 1
3817 3637 60820915 1
3801 3567 60820925 1
3787 3511 60820935 1
3772 3464 60820945 1
3772 3464 60820955 1
3779 3464 60820965 1
3784 3464 60820975 1
3784 3503 60820985 1
3845 3623 60820995 1
3916 3800 60821005 1
3996 3950 60821015 1
4065 4035 60821025 1
4119 4076 60821035 1
4162 4088 60821045 1
4189 4068 60821055 1
4198 4027 60821065 1
4198 3914 60821075 1
4160 3792 60821085 1
4140 3665 60821095 1
4131 3591 60821105 1
4142 3531 60821115 1
4159 3481 60821125 1
4190 3436 60821135 1
4227 3410 60821145 1
4268 3398 60821155 1
4307 3398 60821166 1
4348 3398 60821176 1
4391 3414 60821186 1
4440 3440 60821196 1
4495 3490 60821206 1
4704 3888 60821356 0
4731 3848 60821366 1
4731 3848 60821376 1
4745 3865 60821386 1
4764 3875 60821396 1
4800 3900 60821406 1
4846 3935 60821416 1
4923 3989 60821426 1
4968 4039 60821436 1
4991 4083 60821446 1
4996 4122 60821456 1
4972 4140 60821466 1
4928 4145 60821476 1
4846 4122 60821486 1
4752 4060 60821496 1
4650 3973 60821506 1
4606 3888 60821516 1
4592 3807 60821526 1
4597 3728 60821536 1
4616 3672 60821546 1
4652 3629 60821556 1
4699 3596 60821566 1
4752 3568 60821576 1
4804 3555 60821586 1
4857 3555 60821596 1
5157 4017 60821706 0
5244 4055 60821716 1
5231 4062 60821726 1
5166 4073 60821736 1
5166 4087 60821746 1
5171 4049 60821756 1
5176 3961 60821766 1
5176 3840 60821776 1
5209 3758 60821786 1
5238 3689 60821796 1
5265 3630 60821806 1
5296 3597 60821816 1
5326 3580 60821826 1
5346 3573 60821836 1
5359 3573 60821846 1
5359 3593 60821856 1
5359 3623 60821866 1
5387 3778 60821876 1
5427 3907 60821886 1
5437 4018 60821896 1
5437 4114 60821906 1
5706 4469 60822097 0
5746 4505 60822107 1
5737 4526 60822117 1
5737 4551 60822127 1
5737 4551 60822137 1
5737 4545 60822147 1
5611 4310 60822217 0
5628 4246 60822227 1
5609 4246 60822237 1
5624 4246 60822247 1
5641 4257 60822257 1
5662 4270 60822267 1
5689 4280 60822277 1
5721 4288 60822287 1
5757 4288 60822297 1
5778 4288 60822307 1
5789 4250 60822317 1
5794 4190 60822327 1
5781 4087 60822337 1
5756 4004 60822347 1
5756 3934 60822357 1
5756 3861 60822367 1
5756 3821 60822377 1
5756 3802 60822387 1
5766 3787 60822397 1
5774 3778 60822407 1
5783 3778 60822417 1
6008 4127 60822518 0
6071 4185 60822528 1
6034 4179 60822538 1
6026 4179 60822548 1
6038 4174 60822558 1
6038 4142 60822568 1
6027 4095 60822578 1
6007 4002 60822588 1
5995 3916 60822598 1
5985 3835 60822608 1
5976 3787 60822618 1
5976 3757 60822628 1
5976 3739 60822638 1
5976 3745 60822648 1
5976 3745 60822658 1
5976 3757 60822668 1
5985 3774 60822678 1
6030 3911 60822688 1
6100 4031 60822698 1
6155 4139 60822708 1
6194 4194 60822718 1
6221 4222 60822728 1
6236 4233 60822738 1
6236 4227 60822748 1
6231 4222 60822758 1
6231 4222 60822768 1
6239 4150 60822778 1
6245 4059 60822788 1
6245 3954 60822798 1
6252 3870 60822808 1
6272 3798 60822818 1
6293 3735 60822828 1
6323 3696 60822838 1
6358 3672 60822848 1
6391 3657 60822858 1
6437 3657 60822868 1
6491 3672 60822878 1
6549 3700 60822888 1
