146
4536 4225 60844950 0
4536 4225 60844960 1
4536 4225 60844970 1
4526 4269 60844980 1
4526 4269 60844990 1
4526 4264 60845000 1
4519 4206 60845010 1
4512 4109 60845020 1
4502 3983 60845030 1
4477 3854 60845040 1
4442 3757 60845050 1
4425 3682 60845060 1
4410 3636 60845070 1
4404 3617 60845080 1
4404 3617 60845090 1
4404 3617 60845100 1
4409 3641 60845110 1
4446 3678 60845120 1
4511 3783 60845130 1
4595 3916 60845140 1
4692 4067 60845150 1
4763 4159 60845160 1
4817 4201 60845170 1
4833 4210 60845180 1
4842 4202 60845190 1
4847 4158 60845200 1
4852 4090 60845210 1
4839 3972 60845220 1
4814 3849 60845230 1
4802 3752 60845240 1
4816 3675 60845250 1
4846 3616 60845260 1
4880 3580 60845270 1
4930 3560 60845280 1
4990 3552 60845290 1
5068 3567 60845300 1
5170 3597 60845310 1
5390 3932 60845491 0
5421 3871 60845501 1
5375 3895 60845511 1
5366 3901 60845521 1
5382 3896 60845531 1
5414 3921 60845541 1
5473 3970 60845551 1
5549 4034 60845561 1
5609 4092 60845571 1
5631 4138 60845581 1
5631 4175 60845591 1
5597 4202 60845601 1
5536 4202 60845611 1
5455 4184 60845621 1
5359 4133 60845631 1
5278 4064 60845641 1
5207 3982 60845651 1
5183 3898 60845661 1
5190 3823 60845671 1
5218 3753 60845681 1
5270 3709 60845691 1
5324 3676 60845701 1
5384 3650 60845711 1
5442 3650 60845721 1
5498 3650 60845731 1
5556 3662 60845741 1
5954 4202 60845891 0
5959 4234 60845901 1
5930 4251 60845911 1
5922 4251 60845921 1
5927 4251 60845931 1
5927 4246 60845941 1
5934 4192 60845951 1
5934 4105 60845961 1
5943 4025 60845971 1
5952 3945 60845981 1
5962 3868 60845991 1
5984 3817 60846001 1
6013 3781 60846011 1
6029 3768 60846021 1
6045 3768 60846031 1
6057 3777 60846041 1
6065 3830 60846051 1
6125 3932 60846061 1
6158 4068 60846071 1
6172 4182 60846081 1
6178 4272 60846091 1
6449 4591 60846272 0
6470 4641 60846282 1
6461 4661 60846292 1
6468 4668 60846302 1
6468 4668 60846312 1
6468 4668 60846322 1
6336 4429 60846382 0
6299 4314 60846392 1
6304 4314 60846402 1
6309 4314 60846412 1
6309 4314 60846422 1
6309 4314 60846432 1
6367 4334 60846442 1
6411 4356 60846452 1
6445 4362 60846462 1
6463 4348 60846472 1
6470 4320 60846482 1
6470 4245 60846492 1
6454 4162 60846502 1
6433 4073 60846512 1
6426 4008 60846522 1
6426 3958 60846532 1
6426 3919 60846542 1
6438 3888 60846552 1
6448 3869 60846562 1
6462 3858 60846572 1
6700 4254 60846662 0
6738 4321 60846672 1
6726 4321 60846682 1
6735 4332 60846692 1
6735 4332 60846702 1
6728 4316 60846712 1
6722 4264 60846722 1
6711 4195 60846732 1
6697 4115 60846742 1
6666 4030 60846752 1
6659 3981 60846762 1
6668 3956 60846772 1
6668 3949 60846782 1
6668 3949 60846792 1
6668 3949 60846802 1
6668 3949 60846812 1
6744 4045 60846822 1
6813 4168 60846832 1
6884 4288 60846842 1
6907 4327 60846852 1
6897 4313 60846862 1
6897 4313 60846872 1
6902 4305 60846882 1
6902 4286 60846892 1
6897 4211 60846902 1
6897 4099 60846912 1
6897 4037 60846922 1
6918 3983 60846932 1
6942 3935 60846942 1
6967 3904 60846952 1
6992 3889 60846962 1
7014 3889 60846972 1
7032 3894 60846982 1
7080 3928 60846992 1
7142 3979 60847002 1
7213 4036 60847012 1
