142
3933 3881 60870086 0
3925 3938 60870096 1
3912 3952 60870106 1
3912 3952 60870116 1
3918 3909 60870126 1
3918 3845 60870136 1
3902 3720 60870146 1
3878 3630 60870156 1
3869 3564 60870166 1
3860 3516 60870176 1
3849 3487 60870186 1
3849 3470 60870196 1
3849 3470 60870206 1
3854 3475 60870216 1
3854 3475 60870226 1
3863 3523 60870236 1
3904 3601 60870246 1
3967 3719 60870256 1
4034 3830 60870266 1
4103 3936 60870276 1
4151 3975 60870286 1
4185 3985 60870296 1
4195 3976 60870306 1
4206 3960 60870316 1
4206 3888 60870326 1
4197 3778 60870336 1
4187 3666 60870346 1
4187 3594 60870356 1
4205 3549 60870366 1
4228 3499 60870376 1
4253 3473 60870386 1
4302 3463 60870396 1
4351 3463 60870406 1
4424 3481 60870416 1
4735 3916 60870527 0
4729 3813 60870537 1
4723 3798 60870547 1
4714 3810 60870557 1
4726 3810 60870567 1
4740 3810 60870577 1
4781 3823 60870587 1
4839 3852 60870597 1
4935 3924 60870607 1
5000 3979 60870617 1
5044 4024 60870627 1
5071 4063 60870637 1
5071 4094 60870647 1
5043 4121 60870657 1
4988 4127 60870667 1
4906 4092 60870677 1
4806 4030 60870687 1
4722 3965 60870697 1
4675 3871 60870707 1
4652 3757 60870717 1
4668 3680 60870727 1
4689 3626 60870737 1
4736 3587 60870747 1
4798 3562 60870757 1
4858 3550 60870767 1
4919 3550 60870777 1
4985 3562 60870787 1
5057 3587 60870797 1
5387 3943 60870917 0
5427 4022 60870927 1
5422 4051 60870937 1
5422 4058 60870947 1
5422 4050 60870957 1
5432 4007 60870967 1
5445 3922 60870977 1
5457 3808 60870987 1
5468 3710 60870997 1
5486 3652 60871007 1
5510 3621 60871017 1
5530 3606 60871027 1
5546 3600 60871037 1
5561 3600 60871047 1
5569 3600 60871057 1
5569 3653 60871067 1
5612 3732 60871077 1
5628 3844 60871087 1
5628 3957 60871097 1
5641 4072 60871107 1
5927 4356 60871288 0
5993 4366 60871298 1
5993 4420 60871308 1
5970 4433 60871318 1
5970 4421 60871328 1
5970 4421 60871338 1
5817 4107 60871418 0
5811 4049 60871428 1
5822 4049 60871438 1
5846 4062 60871448 1
5884 4084 60871458 1
5915 4103 60871468 1
5942 4109 60871478 1
5962 4109 60871488 1
5973 4094 60871498 1
5979 4049 60871508 1
5979 3984 60871518 1
5964 3899 60871528 1
5946 3827 60871538 1
5951 3765 60871548 1
5957 3718 60871558 1
5964 3690 60871568 1
5976 3676 60871578 1
5986 3669 60871588 1
5994 3669 60871598 1
6001 3669 60871608 1
6203 4048 60871678 0
6286 4071 60871688 1
6295 4096 60871698 1
6286 4102 60871708 1
6286 4092 60871718 1
6281 4078 60871728 1
6270 4011 60871738 1
6254 3910 60871748 1
6235 3832 60871758 1
6218 3771 60871778 1
6209 3721 60871788 1
6209 3713 60871798 1
6209 3713 60871808 1
6209 3718 60871818 1
6217 3724 60871828 1
6261 3797 60871838 1
6330 3915 60871848 1
6401 4024 60871858 1
6443 4081 60871868 1
6466 4104 60871878 1
6466 4104 60871888 1
6466 4095 60871898 1
6466 4084 60871908 1
6466 4031 60871918 1
6471 3951 60871928 1
6479 3889 60871938 1
6494 3837 60871948 1
6522 3792 60871958 1
6557 3756 60871968 1
6595 3744 60871978 1
6631 3744 60871988 1
6676 3765 60871998 1
6728 3808 60872008 1
6793 3867 60872018 1
