201
2470 6076 30578495 0
2435 6085 30578505 1
2411 6096 30578515 1
2398 6102 30578525 1
2398 6110 30578535 1
2398 6121 30578545 1
2398 6137 30578555 1
2410 6161 30578565 1
2433 6190 30578575 1
2464 6218 30578585 1
2493 6242 30578595 1
2516 6251 30578605 1
2535 6251 30578615 1
2549 6238 30578625 1
2558 6205 30578635 1
2563 6160 30578645 1
2563 6095 30578655 1
2552 6027 30578665 1
2544 5942 30578675 1
2534 5847 30578685 1
2524 5755 30578695 1
2513 5682 30578705 1
2501 5623 30578715 1
2496 5580 30578725 1
2496 5556 30578735 1
2491 5546 30578745 1
2491 5546 30578755 1
2497 5569 30578765 1
2507 5603 30578775 1
2524 5676 30578785 1
2547 5768 30578795 1
2575 5874 30578805 1
2612 5966 30578815 1
2657 6052 30578825 1
2707 6125 30578836 1
2749 6181 30578846 1
2786 6227 30578856 1
2817 6253 30578866 1
2845 6265 30578876 1
2871 6265 30578886 1
2891 6250 30578896 1
2905 6209 30578906 1
2915 6154 30578916 1
2920 6077 30578926 1
2920 5985 30578936 1
2913 5883 30578946 1
2919 5804 30578956 1
2930 5758 30578966 1
2951 5735 30578976 1
2979 5727 30578986 1
3013 5744 30578996 1
3066 5778 30579006 1
3349 6201 30579277 0
3327 6175 30579287 1
3312 6160 30579297 1
3297 6143 30579307 1
3281 6124 30579317 1
3270 6100 30579327 1
3262 6078 30579337 1
3262 6058 30579347 1
3270 6040 30579357 1
3282 6029 30579367 1
3301 6029 30579377 1
3331 6029 30579387 1
3369 6044 30579397 1
3413 6071 30579407 1
3460 6106 30579417 1
3508 6150 30579427 1
3552 6198 30579437 1
3593 6248 30579447 1
3619 6292 30579457 1
3629 6334 30579467 1
3629 6381 30579477 1
3613 6433 30579487 1
3589 6468 30579497 1
3560 6483 30579507 1
3526 6483 30579517 1
3488 6467 30579527 1
3447 6434 30579537 1
3410 6392 30579547 1
3376 6345 30579557 1
3348 6283 30579567 1
3324 6210 30579577 1
3308 6134 30579587 1
3308 6059 30579597 1
3325 5998 30579607 1
3348 5946 30579617 1
3388 5913 30579627 1
3440 5908 30579637 1
3515 5921 30579647 1
3882 6458 30579887 0
3882 6458 30579897 1
3882 6458 30579907 1
3882 6458 30579917 1
3882 6458 30579927 1
3882 6458 30579937 1
3877 6404 30579947 1
3877 6347 30579957 1
3883 6286 30579967 1
3883 6223 30579977 1
3892 6162 30579987 1
3903 6106 30579997 1
3916 6067 30580007 1
3934 6039 30580017 1
3960 6039 30580027 1
3992 6061 30580037 1
4041 6107 30580047 1
4101 6188 30580057 1
4160 6271 30580067 1
4204 6356 30580077 1
4237 6426 30580087 1
4250 6470 30580097 1
4250 6497 30580107 1
4240 6513 30580117 1
4336 6801 30580348 0
4336 6801 30580358 1
4360 6826 30580368 1
4367 6826 30580378 1
4375 6826 30580388 1
4389 6821 30580398 1
4409 6810 30580408 1
4430 6795 30580418 1
4449 6779 30580428 1
4468 6762 30580438 1
4485 6745 30580448 1
4501 6727 30580458 1
4422 6562 30580538 0
4380 6519 30580548 1
4360 6507 30580558 1
4353 6507 30580568 1
4353 6507 30580578 1
4353 6507 30580588 1
4361 6507 30580598 1
4383 6521 30580608 1
4416 6539 30580618 1
4452 6545 30580628 1
4480 6545 30580638 1
4502 6539 30580648 1
4517 6521 30580658 1
4525 6487 30580668 1
4525 6442 30580678 1
4525 6376 30580688 1
4511 6307 30580698 1
4499 6231 30580708 1
4499 6175 30580718 1
4504 6132 30580728 1
4523 6110 30580738 1
4552 6104 30580748 1
4586 6104 30580758 1
4626 6132 30580768 1
4666 6162 30580778 1
4706 6195 30580788 1
4746 6230 30580798 1
4779 6262 30580808 1
4807 6286 30580818 1
5028 6626 30581019 0
5028 6626 30581029 1
5028 6626 30581039 1
5028 6626 30581049 1
5028 6626 30581059 1
5028 6626 30581069 1
5028 6626 30581079 1
5028 6626 30581089 1
5038 6592 30581099 1
5038 6566 30581109 1
5033 6535 30581119 1
5033 6497 30581129 1
5026 6451 30581139 1
5026 6400 30581149 1
5020 6357 30581159 1
5020 6319 30581169 1
5020 6296 30581179 1
5027 6280 30581189 1
5027 6268 30581199 1
5032 6262 30581209 1
5032 6262 30581219 1
5032 6262 30581229 1
5032 6276 30581239 1
5032 6302 30581249 1
5039 6340 30581259 1
5050 6379 30581269 1
5066 6419 30581279 1
5087 6458 30581289 1
5110 6497 30581299 1
5138 6527 30581300 1
5169 6554 30581310 1
5200 6573 30581320 1
5235 6585 30581330 1
5268 6590 30581340 1
5297 6590 30581350 1
5324 6578 30581360 1
5346 6561 30581370 1
5361 6530 30581380 1
5372 6491 30581390 1
5372 6438 30581400 1
5380 6385 30581410 1
5387 6333 30581420 1
5396 6295 30581430 1
5408 6264 30581440 1
5422 6246 30581450 1
5431 6246 30581460 1
