152
4264 3825 60878989 0
4261 3895 60878999 1
4201 3917 60879009 1
4201 3930 60879019 1
4210 3903 60879029 1
4210 3829 60879039 1
4202 3724 60879049 1
4188 3629 60879059 1
4181 3556 60879069 1
4171 3499 60879079 1
4156 3450 60879089 1
4156 3432 60879099 1
4156 3432 60879109 1
4161 3432 60879119 1
4168 3437 60879129 1
4178 3485 60879139 1
4237 3565 60879149 1
4304 3671 60879159 1
4376 3778 60879169 1
4437 3886 60879179 1
4468 3929 60879179 1
4468 3929 60879189 1
4468 3929 60879199 1
4468 3929 60879209 1
4480 3864 60879219 1
4480 3765 60879229 1
4468 3657 60879239 1
4460 3580 60879249 1
4460 3525 60879259 1
4480 3474 60879269 1
4503 3437 60879279 1
4527 3410 60879289 1
4551 3398 60879299 1
4579 3393 60879309 1
4613 3393 60879319 1
4660 3409 60879329 1
4960 3719 60879479 0
4946 3665 60879489 1
4938 3665 60879499 1
4951 3673 60879509 1
4964 3684 60879519 1
5003 3701 60879529 1
5059 3738 60879539 1
5129 3787 60879549 1
5205 3845 60879559 1
5286 3910 60879569 1
5321 3957 60879579 1
5321 3993 60879589 1
5304 4018 60879599 1
5258 4018 60879609 1
5170 4007 60879619 1
5055 3953 60879629 1
4969 3885 60879639 1
4923 3807 60879649 1
4904 3725 60879659 1
4896 3652 60879669 1
4915 3601 60879679 1
4951 3562 60879689 1
4992 3526 60879699 1
5053 3508 60879709 1
5126 3501 60879719 1
5205 3501 60879729 1
5630 3968 60879880 0
5643 4039 60879890 1
5632 4058 60879900 1
5632 4058 60879910 1
5632 4058 60879920 1
5632 4058 60879930 1
5639 4010 60879940 1
5646 3934 60879950 1
5654 3845 60879960 1
5672 3775 60879970 1
5691 3717 60879980 1
5713 3687 60879990 1
5745 3667 60880000 1
5771 3654 60880010 1
5793 3654 60880020 1
5805 3667 60880030 1
5826 3682 60880040 1
5854 3769 60880050 1
5865 3853 60880060 1
5878 3936 60880070 1
5884 4004 60880080 1
5884 4072 60880090 1
6156 4342 60880281 0
6193 4394 60880291 1
6193 4445 60880301 1
6193 4467 60880311 1
6193 4456 60880321 1
6193 4456 60880331 1
6084 4161 60880411 0
6075 4092 60880421 1
6075 4092 60880431 1
6080 4098 60880441 1
6090 4103 60880451 1
6117 4121 60880461 1
6154 4147 60880471 1
6185 4158 60880481 1
6207 4164 60880491 1
6224 4164 60880501 1
6236 4127 60880511 1
6236 4073 60880521 1
6217 3994 60880531 1
6204 3924 60880541 1
6193 3860 60880551 1
6193 3818 60880561 1
6199 3785 60880571 1
6208 3759 60880581 1
6216 3759 60880591 1
6225 3754 60880601 1
6231 3754 60880611 1
6245 3748 60880621 1
6477 4119 60880721 0
6527 4120 60880731 1
6519 4165 60880741 1
6519 4175 60880751 1
6519 4163 60880761 1
6519 4157 60880771 1
6511 4114 60880781 1
6500 4046 60880791 1
6485 3972 60880801 1
6467 3898 60880811 1
6450 3842 60880821 1
6445 3797 60880831 1
6445 3756 60880841 1
6458 3746 60880851 1
6458 3758 60880861 1
6458 3758 60880871 1
6458 3766 60880881 1
6469 3835 60880891 1
6517 3943 60880901 1
6592 4044 60880911 1
6632 4109 60880921 1
6657 4149 60880931 1
6673 4167 60880941 1
6686 4185 60880951 1
6686 4185 60880961 1
6686 4169 60880971 1
6686 4118 60880981 1
6681 4043 60880991 1
6681 3951 60881001 1
6688 3892 60881011 1
6702 3840 60881021 1
6723 3794 60881031 1
6747 3774 60881041 1
6786 3763 60881051 1
6829 3757 60881061 1
6881 3782 60881071 1
6940 3818 60881081 1
7001 3861 60881091 1
7044 3898 60881101 1
7100 3959 60881111 1
