208
3254 4826 61817939 0
3273 4877 61817949 1
3261 4905 61817959 1
3252 4912 61817969 1
3247 4912 61817979 1
3239 4912 61817989 1
3228 4912 61817999 1
3218 4892 61818009 1
3207 4854 61818019 1
3196 4803 61818029 1
3189 4737 61818039 1
3183 4669 61818049 1
3183 4581 61818059 1
3183 4480 61818069 1
3183 4376 61818079 1
3178 4280 61818089 1
3178 4220 61818099 1
3178 4182 61818109 1
3190 4168 61818119 1
3190 4168 61818129 1
3190 4168 61818139 1
3199 4179 61818149 1
3204 4223 61818159 1
3204 4289 61818169 1
3210 4377 61818179 1
3215 4471 61818189 1
3222 4568 61818199 1
3234 4654 61818209 1
3254 4733 61818219 1
3276 4799 61818229 1
3296 4840 61818239 1
3314 4866 61818249 1
3330 4882 61818259 1
3353 4895 61818269 1
3376 4904 61818279 1
3399 4891 61818289 1
3422 4866 61818299 1
3445 4809 61818309 1
3464 4731 61818319 1
3480 4638 61818329 1
3495 4551 61818339 1
3512 4467 61818349 1
3535 4385 61818359 1
3563 4329 61818369 1
3596 4298 61818379 1
3634 4284 61818389 1
3686 4303 61818399 1
3747 4351 61818409 1
3797 4418 61818419 1
3956 4709 61818520 0
3956 4709 61818530 1
3926 4692 61818540 1
3917 4692 61818550 1
3917 4680 61818560 1
3917 4669 61818570 1
3930 4656 61818580 1
3951 4643 61818590 1
3982 4643 61818600 1
4019 4643 61818610 1
4059 4656 61818620 1
4102 4681 61818630 1
4144 4713 61818640 1
4177 4746 61818650 1
4204 4780 61818660 1
4216 4816 61818670 1
4216 4851 61818680 1
4207 4895 61818690 1
4190 4945 61818700 1
4170 4988 61818710 1
4149 5010 61818720 1
4118 5019 61818730 1
4082 5009 61818740 1
4042 4978 61818750 1
4007 4932 61818760 1
3976 4867 61818770 1
3953 4788 61818780 1
3947 4701 61818790 1
3952 4636 61818800 1
3973 4583 61818810 1
4011 4539 61818820 1
4060 4514 61818830 1
4121 4502 61818840 1
4182 4502 61818850 1
4241 4502 61818860 1
4611 5087 61819181 0
4611 5087 61819191 1
4586 5120 61819201 1
4581 5131 61819211 1
4581 5123 61819221 1
4581 5123 61819231 1
4593 5094 61819241 1
4608 5051 61819251 1
4623 4981 61819261 1
4635 4893 61819271 1
4646 4794 61819281 1
4655 4713 61819291 1
4667 4662 61819301 1
4685 4632 61819311 1
4710 4620 61819321 1
4738 4630 61819331 1
4771 4655 61819341 1
4817 4726 61819351 1
4872 4824 61819361 1
4919 4939 61819371 1
4956 5032 61819381 1
4985 5096 61819391 1
4997 5141 61819401 1
4997 5150 61819411 1
4986 5156 61819421 1
4973 5156 61819431 1
4957 5146 61819441 1
4938 5132 61819451 1
5054 5414 61819601 0
5054 5414 61819611 1
5058 5444 61819621 1
5069 5453 61819631 1
5086 5465 61819641 1
5113 5479 61819651 1
5153 5479 61819661 1
5200 5479 61819671 1
5241 5469 61819681 1
5270 5458 61819691 1
5290 5447 61819701 1
5304 5438 61819711 1
5314 5430 61819721 1
5320 5416 61819731 1
5225 5238 61819792 0
5197 5161 61819802 1
5179 5148 61819812 1
5179 5148 61819822 1
5179 5148 61819832 1
5179 5148 61819842 1
5198 5163 61819852 1
5231 5185 61819862 1
5277 5215 61819872 1
5317 5243 61819882 1
5346 5251 61819892 1
5367 5246 61819902 1
5381 5222 61819912 1
5381 5185 61819922 1
5381 5140 61819932 1
5371 5080 61819942 1
5364 5021 61819952 1
5364 4961 61819962 1
5374 4918 61819972 1
5395 4885 61819982 1
5420 4869 61819992 1
5445 4869 61820002 1
5471 4881 61820012 1
5498 4912 61820022 1
5527 4947 61820032 1
5556 4984 61820042 1
5574 5002 61820052 1
5586 5015 61820062 1
5593 5025 61820072 1
5593 5034 61820082 1
5600 5039 61820092 1
5846 5401 61820212 0
5861 5449 61820222 1
5861 5466 61820232 1
5861 5481 61820242 1
5861 5495 61820252 1
5861 5495 61820262 1
5861 5495 61820272 1
5861 5495 61820282 1
5861 5487 61820292 1
5861 5463 61820302 1
5856 5428 61820312 1
5851 5378 61820322 1
5851 5324 61820332 1
5851 5260 61820342 1
5851 5193 61820352 1
5851 5124 61820362 1
5860 5076 61820372 1
5867 5037 61820382 1
5873 5004 61820392 1
5882 4999 61820402 1
5882 5006 61820412 1
5882 5020 61820422 1
5889 5057 61820432 1
5894 5106 61820442 1
5894 5162 61820452 1
5914 5241 61820462 1
5935 5318 61820472 1
5962 5393 61820482 1
5991 5445 61820492 1
6024 5479 61820502 1
6048 5501 61820512 1
6065 5501 61820522 1
6084 5501 61820532 1
6103 5493 61820542 1
6121 5474 61820552 1
6144 5448 61820562 1
6168 5404 61820572 1
6192 5350 61820582 1
6215 5297 61820592 1
6235 5243 61820602 1
6252 5191 61820612 1
6268 5156 61820622 1
6282 5130 61820632 1
6298 5117 61820642 1
6324 5117 61820652 1
6361 5122 61820662 1
6420 5139 61820672 1
6492 5166 61820682 1
6565 5199 61820692 1
6618 5227 61820702 1
6657 5249 61820712 1
