194
3208 5680 61829896 0
3282 5750 61829906 1
3232 5769 61829916 1
3232 5777 61829926 1
3227 5777 61829936 1
3227 5782 61829946 1
3227 5782 61829956 1
3221 5782 61829966 1
3221 5775 61829976 1
3216 5767 61829986 1
3211 5734 61829996 1
3203 5686 61830006 1
3189 5609 61830016 1
3175 5504 61830026 1
3160 5381 61830036 1
3153 5247 61830046 1
3153 5118 61830056 1
3166 5021 61830066 1
3178 4944 61830076 1
3187 4888 61830086 1
3194 4856 61830096 1
3202 4839 61830106 1
3202 4839 61830116 1
3202 4855 61830126 1
3202 4884 61830136 1
3208 4960 61830146 1
3218 5060 61830156 1
3231 5177 61830166 1
3249 5307 61830176 1
3276 5436 61830186 1
3308 5531 61830196 1
3338 5603 61830206 1
3363 5640 61830216 1
3386 5659 61830226 1
3411 5667 61830227 1
3437 5657 61830237 1
3463 5621 61830247 1
3493 5568 61830257 1
3523 5484 61830267 1
3552 5380 61830277 1
3576 5263 61830287 1
3600 5154 61830297 1
3624 5072 61830307 1
3639 5009 61830317 1
3649 4973 61830327 1
3660 4958 61830337 1
3671 4958 61830347 1
3839 5346 61830437 0
3851 5378 61830447 1
3851 5378 61830457 1
3856 5378 61830467 1
3863 5378 61830477 1
3880 5362 61830487 1
3903 5339 61830497 1
3930 5321 61830507 1
3960 5307 61830517 1
3993 5307 61830527 1
4032 5317 61830537 1
4071 5340 61830547 1
4113 5385 61830557 1
4150 5435 61830567 1
4182 5489 61830577 1
4202 5537 61830587 1
4202 5587 61830597 1
4202 5638 61830607 1
4182 5689 61830617 1
4158 5722 61830627 1
4128 5733 61830637 1
4088 5733 61830647 1
4048 5709 61830657 1
4008 5669 61830667 1
3973 5616 61830677 1
3952 5543 61830687 1
3940 5458 61830697 1
3945 5364 61830707 1
3955 5277 61830717 1
3988 5217 61830727 1
4035 5174 61830737 1
4097 5148 61830747 1
4165 5138 61830757 1
4246 5138 61830767 1
4731 5740 61830978 0
4718 5787 61830988 1
4704 5801 61830998 1
4704 5807 61831008 1
4699 5807 61831018 1
4699 5800 61831028 1
4699 5768 61831038 1
4704 5720 61831048 1
4710 5653 61831058 1
4719 5581 61831068 1
4731 5502 61831078 1
4748 5421 61831088 1
4765 5360 61831098 1
4782 5312 61831108 1
4798 5296 61831118 1
4814 5296 61831128 1
4837 5315 61831138 1
4862 5375 61831148 1
4893 5450 61831158 1
4926 5535 61831168 1
4954 5615 61831178 1
4980 5694 61831188 1
5000 5741 61831198 1
5005 5768 61831208 1
5000 5775 61831218 1
4992 5781 61831218 1
4992 5781 61831228 1
4992 5781 61831238 1
4992 5781 61831248 1
5032 6109 61831348 0
5071 6142 61831358 1
5076 6159 61831368 1
5106 6173 61831378 1
5141 6182 61831388 1
5183 6182 61831398 1
5227 6182 61831408 1
5271 6182 61831418 1
5309 6174 61831428 1
5344 6169 61831438 1
5304 6003 61831518 0
5243 5920 61831528 1
5218 5903 61831538 1
5206 5892 61831548 1
5206 5892 61831558 1
5206 5892 61831568 1
5216 5892 61831578 1
5242 5892 61831588 1
5278 5902 61831598 1
5320 5920 61831608 1
5363 5934 61831618 1
5395 5942 61831628 1
5420 5942 61831638 1
5438 5922 61831648 1
5448 5893 61831658 1
5448 5842 61831668 1
5448 5786 61831678 1
5448 5724 61831688 1
5436 5661 61831698 1
5436 5597 61831708 1
5441 5550 61831718 1
5451 5513 61831728 1
5468 5486 61831738 1
5488 5478 61831748 1
5513 5484 61831758 1
5541 5508 61831768 1
5575 5551 61831778 1
5614 5607 61831788 1
5653 5658 61831798 1
5694 5708 61831808 1
5913 6039 61831899 0
5951 6086 61831909 1
5951 6102 61831919 1
5951 6118 61831929 1
5942 6134 61831939 1
5936 6141 61831949 1
5936 6148 61831959 1
5929 6148 61831969 1
5929 6153 61831979 1
5929 6153 61831989 1
5929 6153 61831999 1
5929 6130 61832009 1
5929 6097 61832019 1
5922 6053 61832029 1
5922 5996 61832039 1
5922 5930 61832049 1
5917 5863 61832059 1
5917 5798 61832069 1
5927 5757 61832079 1
5936 5733 61832089 1
5941 5714 61832099 1
5941 5706 61832109 1
5941 5706 61832119 1
5946 5706 61832129 1
5951 5727 61832139 1
5961 5756 61832149 1
5977 5793 61832159 1
5997 5837 61832169 1
6018 5887 61832179 1
6041 5918 61832189 1
6065 5947 61832199 1
6093 5971 61832209 1
6124 5989 61832219 1
6157 6000 61832229 1
6186 6000 61832239 1
6211 5990 61832249 1
6231 5967 61832259 1
6248 5926 61832269 1
6264 5881 61832279 1
6277 5832 61832289 1
6291 5787 61832299 1
6306 5756 61832309 1
6322 5732 61832319 1
6341 5723 61832329 1
