162
3257 3994 60804612 0
3195 4056 60804622 1
3200 4089 60804632 1
3200 4094 60804642 1
3200 4081 60804652 1
3200 4081 60804662 1
3187 3987 60804672 1
3172 3834 60804682 1
3141 3621 60804692 1
3112 3477 60804702 1
3090 3378 60804712 1
3080 3309 60804722 1
3080 3271 60804732 1
3080 3254 60804742 1
3080 3261 60804752 1
3086 3266 60804762 1
3086 3342 60804772 1
3136 3468 60804782 1
3210 3652 60804792 1
3283 3834 60804802 1
3357 3961 60804812 1
3423 4053 60804822 1
3484 4105 60804832 1
3528 4130 60804842 1
3555 4138 60804852 1
3570 4125 60804862 1
3597 4106 60804872 1
3625 4014 60804882 1
3649 3876 60804892 1
3654 3719 60804902 1
3649 3604 60804912 1
3654 3516 60804922 1
3674 3437 60804932 1
3704 3378 60804942 1
3746 3333 60804952 1
3781 3303 60804962 1
3812 3288 60804972 1
3847 3283 60804982 1
3880 3283 60804992 1
3908 3283 60805002 1
3933 3294 60805012 1
3959 3307 60805022 1
3978 3317 60805032 1
3992 3329 60805042 1
3992 3342 60805052 1
3992 3337 60805062 1
3992 3337 60805072 1
3992 3347 60805082 1
3992 3347 60805092 1
3981 3353 60805102 1
3981 3353 60805112 1
3976 3360 60805122 1
3976 3360 60805132 1
4135 3699 60805403 0
4135 3699 60805413 1
4135 3699 60805423 1
4135 3699 60805433 1
4162 3709 60805443 1
4199 3737 60805453 1
4250 3779 60805463 1
4330 3849 60805473 1
4410 3922 60805483 1
4471 3996 60805493 1
4520 4063 60805503 1
4541 4122 60805513 1
4530 4176 60805523 1
4497 4240 60805533 1
4432 4257 60805543 1
4342 4243 60805553 1
4234 4182 60805563 1
4125 4097 60805573 1
4055 3996 60805583 1
4011 3892 60805593 1
4001 3768 60805603 1
4018 3630 60805613 1
4052 3545 60805623 1
4107 3476 60805633 1
4167 3417 60805643 1
4234 3386 60805653 1
4302 3369 60805663 1
4372 3362 60805673 1
4448 3398 60805683 1
4652 3955 60805804 0
4704 4085 60805814 1
4704 4091 60805824 1
4704 4091 60805834 1
4704 4091 60805844 1
4704 4031 60805854 1
4716 3940 60805864 1
4731 3828 60805874 1
4748 3737 60805884 1
4771 3660 60805894 1
4799 3596 60805904 1
4831 3555 60805914 1
4862 3530 60805924 1
4880 3530 60805934 1
4891 3530 60805944 1
4898 3536 60805954 1
4909 3588 60805964 1
4934 3712 60805974 1
4966 3885 60805984 1
4966 4032 60805994 1
4966 4147 60806004 1
5226 4550 60806164 0
5285 4596 60806174 1
5291 4627 60806184 1
5291 4661 60806194 1
5291 4668 60806204 1
5291 4677 60806214 1
5297 4687 60806224 1
5172 4464 60806284 0
5172 4315 60806294 1
5172 4315 60806304 1
5181 4363 60806314 1
5200 4363 60806324 1
5230 4373 60806334 1
5254 4386 60806344 1
5279 4378 60806354 1
5306 4365 60806364 1
5328 4290 60806374 1
5319 4176 60806384 1
5291 4061 60806394 1
5278 3969 60806404 1
5267 3892 60806414 1
5267 3812 60806424 1
5267 3764 60806434 1
5282 3737 60806444 1
5295 3717 60806454 1
5584 4241 60806565 0
5640 4349 60806575 1
5640 4343 60806585 1
5640 4343 60806595 1
5640 4343 60806605 1
5630 4321 60806615 1
5621 4237 60806625 1
5599 4109 60806635 1
5579 4002 60806645 1
5564 3914 60806655 1
5555 3840 60806665 1
5555 3795 60806675 1
5555 3777 60806685 1
5561 3777 60806695 1
5561 3777 60806705 1
5580 3819 60806715 1
5601 3881 60806725 1
5690 4045 60806735 1
5779 4196 60806745 1
5831 4339 60806755 1
5858 4362 60806765 1
5858 4362 60806775 1
5858 4354 60806785 1
5858 4333 60806795 1
5866 4252 60806805 1
5871 4130 60806815 1
5871 4028 60806825 1
5871 3944 60806835 1
5893 3871 60806845 1
5918 3811 60806855 1
5952 3766 60806865 1
5987 3730 60806875 1
6027 3722 60806885 1
6072 3745 60806895 1
