200
3639 5629 48603441 0
3593 5584 48603451 1
3559 5640 48603461 1
3539 5669 48603471 1
3546 5712 48603481 1
3570 5764 48603491 1
3639 5857 48603501 1
3739 5947 48603511 1
3860 6036 48603521 1
3990 6101 48603531 1
4140 6145 48603541 1
4304 6174 48603551 1
4435 6174 48603561 1
4533 6128 48603571 1
4608 6058 48603581 1
4644 5949 48603591 1
4644 5824 48603601 1
4613 5689 48603611 1
4550 5567 48603621 1
4476 5455 48603631 1
4394 5351 48603641 1
4320 5288 48603651 1
4271 5268 48603661 1
4238 5276 48603671 1
4222 5325 48603681 1
4238 5421 48603691 1
4274 5549 48603701 1
4339 5670 48603711 1
4404 5763 48603721 1
4445 5838 48603731 1
4471 5864 48603741 1
4471 5858 48603751 1
4457 5832 48603761 1
4433 5757 48603771 1
4367 5643 48603781 1
4284 5504 48603791 1
4189 5347 48603801 1
4099 5217 48603811 1
4045 5104 48603821 1
4014 5039 48603831 1
4014 5002 48603841 1
4043 4984 48603851 1
4082 4984 48603861 1
4160 5003 48603871 1
4266 5043 48603881 1
4391 5086 48603891 1
4511 5103 48603901 1
4624 5103 48603911 1
4732 5075 48603921 1
4810 5029 48603931 1
4857 4971 48603941 1
4882 4889 48603951 1
4887 4786 48603961 1
4859 4668 48603971 1
4810 4556 48603981 1
4719 4442 48603991 1
4610 4326 48604001 1
4489 4244 48604011 1
4370 4185 48604021 1
4253 4153 48604031 1
4136 4153 48604041 1
4057 4168 48604051 1
4018 4209 48604061 1
4006 4272 48604071 1
4031 4349 48604081 1
4105 4461 48604091 1
4212 4572 48604101 1
4340 4684 48604111 1
4485 4807 48604121 1
4642 4938 48604131 1
4813 5043 48604141 1
5609 6263 48604602 0
5599 6336 48604612 1
5586 6354 48604622 1
5581 6377 48604632 1
5581 6377 48604642 1
5601 6358 48604652 1
5631 6329 48604662 1
5684 6280 48604672 1
5751 6229 48604682 1
5826 6173 48604692 1
5881 6124 48604702 1
5929 6080 48604712 1
5972 6051 48604722 1
6000 6034 48604732 1
6012 6026 48604742 1
6012 6026 48604752 1
6012 6057 48604762 1
6039 6106 48604772 1
6077 6205 48604782 1
6149 6327 48604792 1
6255 6465 48604802 1
6383 6581 48604812 1
6491 6643 48604822 1
6582 6668 48604832 1
6661 6658 48604842 1
6714 6619 48604852 1
6736 6560 48604862 1
6736 6475 48604872 1
6712 6382 48604882 1
6667 6285 48604892 1
6610 6208 48604902 1
6558 6156 48604912 1
6512 6121 48604922 1
6492 6113 48604932 1
6487 6132 48604942 1
6497 6168 48604952 1
6545 6260 48604962 1
6618 6357 48604972 1
6685 6458 48604982 1
6717 6502 48604992 1
6725 6510 48605002 1
6718 6493 48605012 1
6670 6425 48605022 1
6594 6314 48605032 1
6492 6175 48605042 1
6389 6036 48605052 1
6285 5898 48605062 1
6179 5764 48605072 1
6098 5667 48605082 1
6034 5592 48605092 1
5999 5540 48605102 1
5992 5509 48605112 1
6003 5493 48605122 1
6029 5493 48605132 1
6096 5531 48605142 1
6190 5591 48605152 1
6318 5673 48605162 1
6435 5754 48605172 1
6545 5816 48605182 1
6628 5867 48605192 1
6674 5886 48605202 1
6696 5886 48605212 1
6696 5865 48605213 1
6669 5804 48605223 1
6618 5716 48605233 1
6518 5611 48605243 1
6397 5492 48605253 1
6262 5369 48605263 1
6137 5244 48605273 1
6049 5151 48605283 1
5985 5091 48605293 1
5961 5054 48605303 1
5961 5054 48605313 1
5961 5054 48605323 1
5990 5059 48605333 1
6058 5095 48605343 1
6154 5157 48605353 1
6287 5236 48605363 1
6411 5305 48605373 1
6529 5339 48605383 1
6628 5351 48605393 1
6706 5339 48605403 1
6771 5310 48605413 1
6819 5270 48605423 1
6848 5218 48605433 1
6865 5132 48605443 1
6851 5024 48605453 1
6797 4868 48605463 1
6716 4692 48605473 1
6610 4504 48605483 1
6483 4302 48605493 1
6341 4119 48605503 1
6191 3948 48605513 1
6059 3804 48605523 1
5939 3699 48605533 1
5835 3619 48605543 1
5758 3573 48605553 1
5699 3553 48605563 1
5687 3553 48605573 1
5696 3553 48605583 1
5920 4757 48605804 0
5932 4883 48605814 1
5937 4934 48605824 1
5937 4947 48605834 1
5937 4947 48605844 1
5952 4941 48605854 1
5996 4941 48605864 1
6058 4936 48605874 1
6152 4950 48605884 1
6276 4976 48605894 1
6420 5013 48605904 1
6551 5056 48605914 1
6666 5102 48605924 1
6770 5135 48605934 1
6839 5162 48605944 1
6868 5177 48605954 1
6868 5194 48605964 1
6844 5214 48605974 1
6582 5319 48606044 0
6558 5346 48606054 1
6558 5346 48606064 1
6558 5346 48606074 1
6558 5346 48606084 1
6558 5341 48606094 1
6549 5305 48606104 1
6535 5251 48606114 1
6503 5178 48606124 1
6462 5101 48606134 1
6414 5007 48606144 1
