148
5280 5018 68922395 0
5226 4909 68922405 1
5144 4900 68922415 1
5049 4900 68922425 1
5057 4917 68922435 1
5103 5011 68922445 1
5173 5123 68922455 1
5319 5247 68922465 1
5469 5444 68922475 1
5649 5574 68922485 1
5847 5659 68922495 1
5997 5681 68922505 1
6099 5652 68922515 1
6169 5589 68922525 1
6169 5479 68922535 1
6128 5334 68922545 1
6050 5165 68922555 1
5940 4997 68922565 1
5829 4876 68922575 1
5717 4787 68922585 1
5672 4795 68922595 1
5657 4864 68922605 1
5657 4975 68922615 1
5691 5115 68922625 1
5732 5224 68922635 1
5780 5312 68922645 1
5800 5322 68922655 1
5800 5269 68922665 1
5794 5175 68922675 1
5753 5030 68922685 1
5705 4862 68922695 1
5651 4680 68922705 1
5621 4569 68922715 1
5634 4504 68922725 1
5676 4470 68922735 1
5775 4481 68922745 1
5901 4519 68922755 1
6044 4575 68922765 1
6193 4603 68922775 1
6296 4565 68922785 1
6368 4483 68922795 1
6368 4340 68922805 1
6322 4172 68922815 1
6240 3988 68922825 1
6135 3821 68922835 1
6032 3691 68922845 1
5934 3587 68922855 1
5846 3534 68922865 1
5763 3524 68922875 1
5697 3544 68922885 1
5416 3851 68922945 0
5316 3863 68922955 1
5285 3880 68922965 1
5300 3921 68922975 1
5359 4004 68922985 1
5448 4099 68922995 1
5573 4201 68923005 1
6716 6094 68923246 0
6751 6034 68923256 1
6804 6052 68923266 1
6900 6020 68923276 1
7019 5956 68923286 1
7113 5897 68923296 1
7189 5831 68923306 1
7284 5760 68923316 1
7356 5710 68923326 1
7413 5678 68923336 1
7441 5657 68923346 1
7452 5651 68923356 1
7452 5651 68923366 1
7452 5662 68923376 1
7441 5710 68923386 1
7487 6244 68923446 0
7657 6424 68923456 1
7715 6477 68923466 1
7797 6490 68923476 1
7880 6476 68923486 1
7930 6436 68923496 1
7956 6378 68923506 1
7956 6313 68923516 1
7915 6246 68923526 1
7857 6175 68923536 1
7755 6103 68923546 1
7645 6031 68923556 1
7530 5999 68923566 1
7471 5992 68923576 1
7437 6013 68923586 1
7420 6053 68923596 1
7434 6105 68923606 1
7466 6145 68923616 1
7511 6160 68923626 1
7552 6160 68923636 1
7567 6130 68923646 1
7567 6030 68923656 1
7517 5882 68923666 1
7447 5733 68923676 1
7363 5609 68923686 1
7276 5503 68923696 1
7241 5454 68923706 1
7241 5445 68923716 1
7274 5463 68923726 1
7350 5519 68923736 1
7455 5591 68923746 1
7566 5674 68923756 1
7671 5722 68923766 1
7721 5704 68923776 1
7735 5641 68923786 1
7687 5508 68923796 1
7583 5320 68923806 1
7442 5096 68923816 1
7264 4874 68923826 1
7147 4724 68923836 1
7071 4622 68923846 1
7071 4604 68923856 1
7168 4648 68923866 1
7323 4733 68923876 1
7523 4847 68923886 1
7725 4906 68923896 1
7887 4929 68923906 1
8021 4833 68923916 1
8056 4665 68923926 1
8021 4449 68923936 1
7939 4180 68923946 1
7786 3894 68923956 1
7621 3598 68923966 1
7449 3398 68923976 1
7313 3246 68923986 1
7217 3126 68923996 1
7148 3072 68924006 1
7127 3072 68924016 1
7142 3116 68924026 1
7181 3225 68924036 1
7089 4271 68924117 0
7040 4340 68924127 1
7024 4356 68924137 1
7058 4378 68924147 1
7123 4349 68924157 1
7208 4303 68924167 1
7299 4246 68924177 1
7406 4191 68924187 1
7524 4169 68924197 1
7638 4169 68924207 1
7719 4194 68924217 1
7607 4680 68924287 0
7607 4680 68924297 1
7607 4680 68924307 1
7533 4606 68924317 1
7475 4475 68924327 1
