154
5036 4694 68918970 0
5047 4618 68918980 1
5006 4631 68918990 1
5042 4660 68919000 1
5128 4729 68919010 1
5244 4830 68919020 1
5377 4952 68919030 1
5522 5084 68919040 1
5676 5154 68919050 1
5808 5182 68919060 1
5924 5137 68919070 1
5993 5048 68919080 1
6011 4931 68919090 1
5995 4803 68919100 1
5949 4693 68919110 1
5883 4595 68919120 1
5803 4514 68919130 1
5710 4481 68919140 1
5658 4481 68919150 1
5634 4519 68919160 1
5627 4588 68919170 1
5633 4676 68919180 1
5647 4770 68919190 1
5665 4825 68919200 1
5671 4853 68919210 1
5671 4829 68919220 1
5648 4730 68919230 1
5607 4582 68919240 1
5553 4415 68919250 1
5495 4246 68919260 1
5444 4110 68919270 1
5397 3996 68919280 1
5397 3948 68919290 1
5446 3936 68919300 1
5522 3949 68919310 1
5632 3985 68919320 1
5757 4019 68919330 1
5892 4046 68919340 1
5991 4017 68919350 1
6050 3952 68919360 1
6081 3855 68919370 1
6081 3750 68919380 1
6046 3641 68919390 1
5988 3539 68919400 1
5907 3458 68919400 1
5820 3392 68919410 1
5729 3353 68919420 1
5654 3337 68919430 1
5583 3337 68919440 1
5528 3353 68919450 1
5483 3392 68919460 1
5483 3392 68919480 0
5361 3571 68919490 1
5324 3620 68919500 1
5309 3629 68919510 1
5309 3629 68919520 1
5318 3629 68919530 1
5368 3679 68919540 1
5444 3742 68919550 1
5554 3816 68919560 1
5696 3902 68919570 1
7030 5213 68919711 0
6534 5604 68919781 0
6450 5680 68919791 1
6445 5680 68919801 1
6454 5691 68919811 1
6510 5691 68919821 1
6598 5665 68919831 1
6723 5618 68919841 1
6860 5550 68919851 1
7006 5474 68919861 1
7109 5392 68919871 1
7184 5288 68919881 1
7241 5261 68919891 1
7265 5285 68919901 1
7283 5285 68919911 1
7298 5317 68919921 1
7303 5367 68919931 1
7303 5450 68919941 1
7303 5556 68919951 1
7336 5678 68919961 1
7387 5796 68919971 1
7453 5907 68919981 1
7536 5971 68919991 1
7620 6006 68920001 1
7686 5999 68920011 1
7740 5947 68920021 1
7748 5865 68920031 1
7712 5745 68920041 1
7647 5625 68920051 1
7545 5505 68920061 1
7410 5377 68920071 1
7253 5301 68920081 1
7157 5260 68920091 1
7111 5287 68920101 1
7099 5374 68920111 1
7137 5501 68920121 1
7211 5630 68920131 1
7308 5729 68920141 1
7411 5808 68920151 1
7500 5813 68920161 1
7535 5754 68920171 1
7535 5653 68920181 1
7477 5488 68920191 1
7372 5287 68920201 1
7238 5061 68920211 1
7103 4886 68920221 1
7039 4791 68920231 1
7022 4749 68920241 1
7048 4761 68920251 1
7132 4827 68920261 1
7254 4929 68920271 1
7408 5025 68920281 1
7528 5070 68920291 1
7625 5080 68920301 1
7657 4999 68920311 1
7623 4850 68920321 1
7544 4655 68920331 1
7412 4444 68920341 1
7277 4225 68920351 1
7141 4002 68920361 1
7099 3882 68920371 1
7129 3825 68920381 1
7208 3810 68920391 1
7363 3839 68920401 1
7528 3869 68920411 1
7699 3900 68920421 1
7803 3841 68920431 1
7823 3705 68920441 1
7786 3518 68920451 1
7676 3295 68920461 1
7517 3036 68920471 1
7324 2753 68920481 1
7135 2549 68920491 1
6999 2425 68920501 1
6898 2355 68920511 1
6828 2346 68920521 1
6805 2405 68920531 1
6942 4122 68920622 0
6974 4102 68920632 1
6914 4072 68920642 1
7027 4028 68920652 1
7109 3970 68920662 1
7170 3911 68920672 1
7310 3879 68920682 1
7453 3865 68920692 1
7565 3851 68920702 1
7656 3829 68920712 1
7686 3802 68920722 1
7602 4117 68920792 0
7543 4128 68920802 1
7477 4101 68920812 1
7461 4070 68920822 1
7417 3952 68920832 1
