153
5065 4656 68904539 0
5042 4554 68904549 1
4986 4554 68904559 1
4981 4560 68904569 1
4988 4578 68904579 1
5004 4604 68904589 1
5051 4663 68904599 1
5161 4764 68904609 1
5312 4893 68904619 1
5463 5004 68904629 1
5605 5080 68904639 1
5742 5133 68904649 1
5859 5133 68904659 1
5930 5097 68904669 1
5970 5040 68904679 1
5970 4977 68904689 1
5941 4896 68904699 1
5883 4802 68904709 1
5782 4713 68904719 1
5675 4660 68904729 1
5564 4631 68904739 1
5517 4656 68904749 1
5498 4717 68904759 1
5498 4801 68904769 1
5511 4878 68904779 1
5530 4916 68904789 1
5549 4928 68904799 1
5567 4896 68904809 1
5555 4779 68904819 1
5512 4605 68904829 1
5447 4431 68904839 1
5385 4254 68904849 1
5327 4074 68904859 1
5272 3960 68904869 1
5272 3916 68904879 1
5320 3916 68904889 1
5400 3949 68904899 1
5522 3996 68904909 1
5662 4055 68904919 1
5813 4046 68904929 1
5920 3966 68904939 1
5986 3840 68904949 1
6024 3657 68904959 1
6024 3492 68904969 1
5981 3339 68904979 1
5915 3182 68904989 1
5814 3076 68904999 1
5713 3005 68905009 1
5612 2995 68905019 1
5547 3022 68905029 1
5020 3326 68905110 0
5020 3326 68905120 1
5072 3341 68905130 1
5156 3399 68905140 1
5259 3453 68905150 1
5395 3517 68905160 1
6399 5223 68905380 0
6477 5279 68905390 1
6514 5338 68905400 1
6571 5413 68905410 1
6658 5418 68905420 1
6771 5397 68905430 1
6901 5359 68905440 1
7010 5308 68905450 1
7109 5264 68905460 1
7200 5224 68905470 1
7287 5192 68905470 1
7345 5171 68905480 1
7383 5158 68905490 1
7390 5158 68905500 1
7378 5165 68905510 1
7352 5176 68905520 1
7299 5194 68905530 1
7252 5231 68905540 1
7208 5280 68905550 1
7208 5394 68905560 1
7256 5545 68905570 1
7345 5720 68905580 1
7469 5886 68905590 1
7583 5966 68905600 1
7691 5988 68905610 1
7778 5969 68905620 1
7842 5899 68905630 1
7890 5795 68905640 1
7881 5690 68905650 1
7836 5585 68905660 1
7767 5478 68905670 1
7671 5379 68905680 1
7558 5285 68905690 1
7434 5233 68905700 1
7357 5251 68905710 1
7321 5315 68905720 1
7312 5450 68905730 1
7350 5582 68905740 1
7403 5713 68905750 1
7465 5765 68905760 1
7517 5781 68905770 1
7547 5772 68905780 1
7562 5722 68905790 1
7533 5623 68905800 1
7479 5492 68905810 1
7409 5348 68905820 1
7334 5229 68905830 1
7272 5126 68905840 1
7259 5091 68905850 1
7274 5081 68905860 1
7328 5088 68905870 1
7421 5142 68905880 1
7540 5195 68905890 1
7639 5247 68905900 1
7699 5240 68905910 1
7732 5174 68905920 1
7698 5070 68905930 1
7618 4913 68905940 1
7508 4742 68905950 1
7368 4563 68905960 1
7230 4423 68905970 1
7162 4339 68905980 1
7140 4292 68905990 1
7175 4292 68906000 1
7281 4317 68906010 1
7433 4365 68906020 1
7588 4385 68906030 1
7709 4336 68906040 1
7807 4241 68906050 1
7827 4096 68906060 1
7791 3919 68906070 1
7717 3721 68906080 1
7574 3513 68906091 1
7406 3302 68906101 1
7220 3118 68906111 1
7054 2952 68906121 1
6921 2842 68906131 1
6809 2797 68906141 1
6738 2797 68906151 1
6727 2887 68906161 1
6807 3791 68906231 0
6762 3879 68906241 1
6762 3916 68906251 1
6805 3944 68906261 1
6872 3944 68906271 1
6964 3922 68906281 1
7081 3878 68906291 1
7214 3843 68906301 1
7358 3814 68906311 1
7469 3797 68906321 1
7558 3792 68906331 1
7615 3792 68906341 1
7453 4122 68906422 0
7413 4107 68906432 1
7394 4166 68906442 1
7387 4109 68906452 1
7331 3974 68906462 1
