217
3545 5417 50946804 0
3472 5399 50946814 1
3445 5387 50946824 1
3425 5377 50946834 1
3416 5377 50946844 1
3416 5384 50946854 1
3443 5411 50946864 1
3488 5453 50946874 1
3580 5510 50946884 1
3699 5573 50946894 1
3836 5639 50946904 1
3973 5696 50946914 1
4112 5730 50946924 1
4253 5750 50946934 1
4357 5742 50946944 1
4438 5698 50946954 1
4490 5631 50946964 1
4508 5522 50946974 1
4508 5378 50946984 1
4461 5212 50946994 1
4391 5059 50947004 1
4303 4916 50947014 1
4208 4780 50947024 1
4116 4706 50947034 1
4065 4684 50947044 1
4040 4696 50947054 1
4032 4752 50947064 1
4062 4883 50947074 1
4118 5065 50947084 1
4205 5241 50947094 1
4274 5366 50947104 1
4330 5457 50947114 1
4354 5466 50947124 1
4363 5428 50947134 1
4363 5359 50947144 1
4336 5234 50947154 1
4290 5083 50947164 1
4231 4916 50947174 1
4162 4738 50947184 1
4096 4595 50947194 1
4052 4475 50947204 1
4023 4393 50947214 1
4030 4340 50947224 1
4063 4307 50947234 1
4114 4294 50947244 1
4207 4309 50947244 1
4330 4344 50947254 1
4472 4393 50947264 1
4628 4440 50947274 1
4784 4456 50947284 1
4897 4451 50947294 1
4980 4409 50947304 1
5052 4317 50947314 1
5088 4192 50947324 1
5100 4059 50947334 1
5067 3918 50947344 1
5000 3771 50947354 1
4910 3622 50947364 1
4796 3518 50947374 1
4653 3432 50947384 1
4491 3358 50947394 1
4356 3318 50947404 1
4252 3318 50947414 1
4169 3341 50947424 1
4130 3397 50947434 1
4137 3476 50947444 1
4175 3570 50947454 1
4262 3695 50947464 1
4395 3860 50947474 1
4559 4052 50947484 1
4760 4250 50947494 1
5958 5887 50947705 0
5888 5863 50947715 1
5852 5872 50947725 1
5834 5899 50947735 1
5829 5899 50947745 1
5829 5899 50947755 1
5842 5869 50947765 1
5858 5828 50947775 1
5893 5780 50947785 1
5939 5730 50947795 1
5993 5677 50947805 1
6044 5623 50947815 1
6084 5575 50947825 1
6117 5530 50947835 1
6142 5488 50947845 1
6160 5456 50947855 1
6172 5430 50947865 1
6172 5422 50947875 1
6164 5427 50947885 1
6147 5440 50947895 1
6117 5476 50947905 1
6085 5525 50947915 1
6052 5582 50947925 1
6036 5635 50947935 1
6036 5687 50947945 1
6054 5738 50947955 1
6101 5791 50947965 1
6181 5844 50947975 1
6282 5898 50947985 1
6395 5931 50947995 1
6505 5952 50948005 1
6612 5952 50948015 1
6699 5925 50948025 1
6760 5885 50948035 1
6804 5823 50948045 1
6816 5761 50948055 1
6800 5698 50948065 1
6764 5630 50948075 1
6710 5572 50948085 1
6650 5521 50948095 1
6587 5493 50948105 1
6543 5488 50948115 1
6517 5498 50948125 1
6504 5535 50948135 1
6511 5600 50948145 1
6542 5683 50948155 1
6588 5749 50948165 1
6630 5793 50948175 1
6655 5823 50948185 1
6669 5823 50948186 1
6669 5823 50948196 1
6681 5780 50948206 1
6672 5731 50948216 1
6652 5661 50948226 1
6610 5578 50948236 1
6559 5481 50948246 1
6501 5372 50948256 1
6442 5255 50948266 1
6385 5157 50948276 1
6346 5080 50948286 1
6318 5018 50948296 1
6308 4977 50948306 1
6302 4950 50948316 1
6302 4933 50948326 1
6311 4928 50948336 1
6324 4923 50948346 1
6344 4934 50948356 1
6382 4956 50948366 1
6431 5001 50948376 1
6490 5051 50948386 1
6549 5104 50948396 1
6593 5138 50948406 1
6626 5152 50948416 1
6637 5152 50948426 1
6642 5140 50948436 1
6642 5096 50948446 1
6630 5033 50948456 1
6600 4950 50948466 1
6559 4851 50948476 1
6511 4742 50948486 1
6462 4658 50948496 1
6412 4575 50948506 1
6372 4493 50948516 1
6339 4416 50948526 1
6319 4359 50948536 1
6327 4316 50948546 1
6354 4296 50948556 1
6409 4307 50948566 1
6511 4338 50948576 1
6644 4421 50948586 1
6818 4504 50948596 1
6977 4588 50948606 1
7125 4643 50948616 1
7255 4665 50948626 1
7349 4665 50948636 1
7420 4636 50948646 1
7448 4570 50948656 1
7439 4480 50948666 1
7404 4327 50948676 1
7321 4147 50948686 1
7204 3950 50948696 1
7064 3724 50948706 1
6919 3511 50948716 1
6749 3307 50948726 1
6561 3086 50948736 1
6406 2895 50948746 1
6256 2723 50948756 1
6143 2594 50948766 1
6053 2511 50948776 1
5993 2458 50948786 1
5965 2437 50948796 1
5959 2437 50948806 1
5964 2437 50948816 1
5973 2471 50948826 1
5948 3813 50948967 0
5889 3764 50948977 1
5845 3790 50948987 1
5788 3852 50948997 1
5788 3866 50949007 1
5830 3905 50949017 1
5891 3961 50949027 1
5987 4006 50949037 1
6123 4056 50949047 1
6286 4110 50949057 1
6457 4159 50949067 1
6625 4210 50949077 1
6792 4260 50949087 1
6930 4311 50949097 1
7046 4361 50949107 1
7131 4395 50949117 1
7178 4419 50949127 1
7200 4434 50949137 1
7195 4449 50949147 1
6999 4543 50949187 0
6879 4629 50949197 1
6819 4673 50949207 1
6778 4694 50949217 1
6750 4700 50949227 1
6739 4691 50949237 1
6721 4643 50949247 1
6697 4569 50949257 1
6659 4454 50949277 1
6611 4320 50949287 1
6557 4174 50949297 1
6512 4046 50949307 1
6490 3920 50949317 1
