158
5595 4836 68897369 0
5548 4770 68897379 1
5502 4789 68897389 1
5502 4809 68897399 1
5502 4836 68897409 1
5536 4897 68897419 1
5583 4976 68897429 1
5685 5072 68897439 1
5801 5162 68897449 1
5926 5247 68897459 1
6036 5299 68897469 1
6131 5309 68897479 1
6217 5290 68897489 1
6258 5224 68897499 1
6247 5127 68897509 1
6200 5010 68897519 1
6128 4893 68897529 1
6052 4782 68897539 1
5974 4737 68897549 1
5929 4737 68897559 1
5907 4794 68897569 1
5900 4899 68897579 1
5913 5034 68897589 1
5927 5138 68897599 1
5941 5178 68897609 1
5941 5178 68897619 1
5927 5127 68897629 1
5892 4996 68897639 1
5844 4811 68897649 1
5787 4637 68897659 1
5721 4464 68897669 1
5687 4335 68897679 1
5674 4235 68897689 1
5710 4194 68897699 1
5802 4204 68897709 1
5932 4248 68897719 1
6083 4300 68897729 1
6234 4308 68897739 1
6350 4287 68897749 1
6441 4195 68897759 1
6456 4071 68897769 1
6431 3927 68897779 1
6378 3769 68897789 1
6279 3639 68897799 1
6175 3528 68897809 1
6068 3466 68897819 1
5989 3449 68897829 1
5921 3463 68897839 1
5860 3509 68897849 1
5737 3656 68897869 0
5601 3757 68897879 1
5564 3782 68897889 1
5554 3798 68897899 1
5562 3822 68897909 1
5622 3886 68897919 1
5738 3974 68897929 1
5892 4084 68897939 1
6707 5767 68898180 0
6729 5799 68898190 1
6684 5860 68898200 1
6729 5873 68898200 1
6833 5856 68898210 1
6920 5811 68898220 1
7008 5762 68898230 1
7096 5689 68898240 1
7184 5603 68898250 1
7256 5568 68898260 1
7318 5529 68898270 1
7345 5508 68898280 1
7356 5500 68898290 1
7356 5500 68898300 1
7356 5500 68898310 1
7346 5500 68898320 1
7326 5515 68898330 1
7291 5532 68898340 1
7249 5553 68898350 1
7203 5572 68898360 1
7166 5591 68898370 1
7134 5614 68898380 1
7123 5639 68898390 1
7123 5671 68898400 1
7171 5729 68898410 1
7256 5804 68898420 1
7365 5879 68898430 1
7469 5954 68898440 1
7575 6025 68898450 1
7686 6094 68898460 1
7798 6153 68898470 1
7891 6187 68898480 1
7972 6204 68898490 1
8006 6188 68898500 1
7996 6128 68898510 1
7957 6040 68898520 1
7861 5918 68898530 1
7738 5796 68898540 1
7598 5675 68898550 1
7480 5600 68898560 1
7425 5594 68898570 1
7411 5633 68898580 1
7411 5701 68898590 1
7429 5781 68898600 1
7457 5870 68898610 1
7480 5900 68898620 1
7493 5891 68898630 1
7498 5855 68898640 1
7482 5746 68898650 1
7453 5637 68898660 1
7415 5528 68898670 1
7380 5444 68898680 1
7374 5377 68898690 1
7387 5362 68898700 1
7427 5382 68898710 1
7490 5425 68898720 1
7568 5491 68898730 1
7639 5529 68898740 1
7692 5549 68898751 1
7733 5520 68898761 1
7738 5418 68898771 1
7703 5268 68898781 1
7642 5110 68898791 1
7566 4951 68898801 1
7494 4787 68898811 1
7425 4679 68898821 1
7411 4609 68898831 1
7444 4572 68898841 1
7509 4563 68898851 1
7625 4572 68898861 1
7770 4586 68898871 1
7935 4556 68898881 1
8048 4496 68898891 1
8100 4347 68898901 1
8110 4133 68898911 1
8054 3876 68898921 1
7929 3582 68898931 1
7759 3316 68898941 1
7585 3070 68898951 1
7449 2901 68898961 1
7337 2805 68898971 1
7254 2759 68898981 1
7220 2790 68898991 1
7220 2879 68899001 1
7032 4203 68899101 0
6977 4189 68899111 1
7003 4211 68899121 1
7092 4205 68899131 1
7194 4178 68899141 1
7355 4146 68899151 1
7554 4157 68899161 1
7787 4190 68899171 1
7978 4239 68899181 1
8142 4249 68899191 1
8192 4224 68899201 1
7873 4558 68899291 0
7824 4529 68899301 1
7758 4515 68899311 1
7694 4396 68899321 1
7624 4207 68899331 1
7549 4041 68899341 1
