215
4586 5683 48771452 0
4615 5799 48771462 1
4568 5858 48771472 1
4500 5867 48771482 1
4419 5844 48771492 1
4299 5785 48771502 1
4138 5669 48771512 1
3949 5516 48771522 1
3777 5285 48771532 1
3609 5061 48771542 1
3444 4841 48771552 1
3367 4691 48771562 1
3352 4596 48771572 1
3378 4537 48771582 1
3452 4490 48771592 1
3580 4463 48771602 1
3744 4449 48771612 1
3917 4444 48771622 1
4101 4439 48771632 1
4293 4406 48771642 1
4427 4355 48771652 1
4512 4284 48771662 1
4564 4198 48771672 1
4564 4101 48771682 1
4499 3983 48771692 1
4401 3859 48771702 1
4258 3727 48771712 1
4101 3624 48771722 1
3935 3541 48771732 1
3813 3489 48771742 1
3729 3472 48771752 1
3669 3479 48771762 1
3669 3533 48771772 1
3740 3628 48771782 1
3853 3750 48771792 1
3999 3899 48771802 1
4172 4044 48771812 1
4362 4180 48771822 1
4523 4305 48771832 1
4660 4422 48771842 1
4782 4489 48771852 1
4847 4524 48771862 1
4880 4519 48771872 1
4891 4481 48771882 1
4891 4420 48771892 1
4885 4334 48771902 1
4875 4248 48771912 1
4867 4170 48771922 1
4862 4097 48771932 1
4862 4030 48771942 1
4872 3974 48771952 1
4885 3925 48771962 1
4907 3895 48771972 1
4945 3889 48771982 1
4994 3899 48771992 1
5060 3958 48772002 1
5143 4054 48772012 1
5238 4176 48772022 1
5326 4308 48772032 1
5395 4435 48772042 1
5452 4511 48772052 1
5485 4556 48772062 1
5498 4562 48772072 1
5498 4544 48772082 1
5498 4510 48772092 1
5489 4442 48772102 1
5472 4365 48772112 1
5461 4282 48772122 1
5467 4222 48772132 1
5485 4185 48772143 1
5520 4163 48772153 1
5591 4169 48772163 1
5685 4229 48772173 1
5827 4324 48772183 1
5959 4451 48772193 1
6084 4577 48772203 1
6198 4681 48772213 1
6271 4770 48772223 1
6316 4831 48772233 1
6308 4863 48772243 1
6283 4875 48772253 1
6247 4881 48772263 1
6196 4862 48772273 1
6147 4827 48772283 1
6098 4777 48772293 1
6067 4725 48772303 1
6054 4669 48772313 1
6054 4608 48772323 1
6069 4546 48772333 1
6091 4489 48772343 1
6134 4434 48772353 1
6189 4391 48772363 1
6242 4351 48772373 1
6279 4312 48772383 1
6304 4278 48772393 1
6304 4242 48772403 1
6279 4204 48772413 1
6232 4162 48772423 1
6162 4129 48772433 1
6093 4101 48772443 1
6048 4092 48772453 1
6019 4104 48772463 1
6019 4130 48772473 1
6070 4194 48772483 1
6158 4294 48772493 1
6298 4417 48772503 1
6438 4529 48772513 1
6576 4639 48772523 1
6688 4729 48772533 1
6785 4806 48772543 1
6848 4868 48772553 1
6869 4898 48772563 1
6862 4906 48772573 1
6840 4911 48772583 1
6793 4885 48772593 1
6728 4838 48772603 1
6658 4755 48772613 1
6591 4672 48772623 1
6546 4588 48772633 1
6514 4512 48772643 1
6505 4442 48772653 1
6513 4395 48772663 1
6533 4375 48772673 1
6572 4375 48772683 1
6625 4405 48772693 1
6686 4470 48772703 1
6756 4556 48772713 1
6820 4645 48772723 1
6863 4731 48772733 1
6893 4795 48772743 1
6899 4845 48772753 1
6899 4845 48772763 1
6899 4845 48772773 1
6892 4812 48772783 1
6892 4754 48772793 1
6892 4691 48772803 1
6900 4635 48772813 1
6922 4583 48772823 1
6960 4545 48772833 1
7008 4530 48772843 1
7069 4530 48772853 1
7148 4564 48772863 1
7239 4625 48772873 1
7334 4704 48772883 1
7413 4799 48772893 1
7482 4898 48772903 1
7533 4999 48772913 1
7566 5073 48772923 1
7587 5114 48772933 1
7594 5133 48772943 1
7594 5133 48772953 1
7594 5120 48772963 1
7594 5073 48772973 1
7586 5003 48772983 1
7573 4923 48772993 1
7559 4843 48773003 1
7546 4764 48773013 1
7539 4714 48773023 1
7539 4682 48773033 1
7539 4670 48773043 1
7539 4670 48773053 1
7547 4683 48773063 1
7573 4741 48773073 1
7612 4832 48773083 1
7666 4946 48773093 1
7734 5050 48773103 1
7811 5130 48773113 1
7874 5193 48773123 1
7921 5223 48773133 1
7956 5223 48773143 1
7982 5204 48773153 1
8001 5157 48773163 1
8014 5096 48773173 1
8028 5026 48773183 1
8044 4966 48773193 1
8065 4917 48773203 1
8102 4875 48773213 1
8149 4860 48773223 1
8219 4882 48773233 1
8313 4928 48773243 1
8423 4992 48773253 1
8517 5065 48773263 1
8581 5145 48773273 1
8625 5219 48773283 1
8634 5289 48773293 1
8619 5353 48773303 1
8589 5399 48773313 1
8549 5432 48773323 1
8504 5437 48773333 1
8455 5412 48773343 1
8405 5368 48773353 1
8359 5296 48773363 1
8320 5220 48773373 1
8290 5143 48773383 1
8278 5068 48773393 1
8278 5008 48773403 1
8293 4972 48773413 1
8316 4953 48773423 1
8362 4959 48773433 1
8421 5007 48773443 1
8494 5083 48773453 1
8560 5172 48773463 1
8620 5259 48773473 1
8662 5341 48773483 1
8682 5380 48773493 1
8688 5393 48773503 1
8688 5386 48773513 1
8693 5347 48773523 1
8704 5286 48773533 1
8716 5216 48773543 1
8729 5150 48773553 1
8757 5097 48773563 1
8793 5051 48773573 1
8841 5025 48773583 1
8908 5018 48773593 1
