230
6414 5184 68993066 0
6116 4981 68993076 1
5635 5308 68993196 0
5997 5696 68993206 1
6101 5844 68993216 1
6208 5968 68993226 1
6317 6043 68993236 1
6362 6073 68993246 1
6362 6073 68993256 1
6324 6051 68993266 1
6192 5931 68993276 1
5995 5744 68993286 1
5754 5497 68993296 1
5416 5105 68993306 1
5028 4617 68993317 1
4607 4109 68993327 1
4196 3622 68993337 1
3904 3150 68993347 1
3690 2904 68993357 1
3690 2800 68993367 1
3821 2792 68993377 1
4031 2915 68993387 1
4379 3098 68993397 1
4741 3321 68993407 1
5112 3472 68993417 1
5390 3505 68993427 1
5527 3460 68993437 1
5569 3329 68993447 1
5523 3103 68993457 1
5381 2813 68993467 1
5176 2509 68993477 1
4935 2230 68993487 1
4731 1967 68993497 1
4552 1799 68993507 1
4484 1730 68993517 1
4494 1730 68993527 1
4556 1810 68993537 1
4735 2007 68993547 1
4977 2280 68993557 1
5260 2572 68993567 1
5552 2883 68993577 1
5820 3206 68993587 1
6072 3522 68993597 1
6314 3781 68993607 1
6496 4001 68993617 1
6639 4113 68993627 1
6707 4150 68993637 1
6730 4138 68993647 1
6723 4105 68993657 1
6702 4065 68993667 1
6683 4020 68993677 1
6666 3996 68993687 1
6666 3981 68993697 1
6666 3973 68993707 1
6666 3957 68993717 1
6666 3917 68993727 1
6679 3861 68993737 1
6691 3773 68993747 1
6703 3683 68993757 1
6718 3615 68993767 1
6737 3562 68993777 1
6758 3531 68993787 1
6785 3517 68993797 1
6815 3517 68993807 1
6866 3547 68993817 1
6931 3617 68993827 1
7010 3711 68993837 1
7081 3830 68993847 1
7147 3961 68993857 1
7211 4101 68993867 1
7257 4200 68993877 1
7278 4247 68993887 1
7278 4259 68993897 1
7278 4248 68993907 1
7259 4180 68993917 1
7233 4073 68993927 1
7208 3967 68993937 1
7208 3886 68993947 1
7222 3822 68993957 1
7254 3789 68993967 1
7310 3796 68993977 1
7381 3829 68993987 1
7470 3895 68993997 1
7553 3960 68994007 1
7631 4025 68994017 1
7836 4247 68994048 0
7913 4419 68994058 1
7913 4483 68994068 1
7913 4532 68994078 1
7905 4572 68994088 1
7887 4600 68994098 1
7887 4600 68994108 1
7887 4600 68994118 1
7856 4620 68994128 1
7831 4588 68994138 1
7798 4545 68994148 1
7764 4488 68994158 1
7738 4429 68994168 1
7718 4369 68994178 1
7705 4314 68994188 1
7715 4280 68994198 1
7740 4257 68994208 1
7770 4240 68994218 1
7816 4235 68994228 1
7873 4235 68994238 1
7898 4227 68994248 1
7898 4192 68994258 1
7884 4140 68994268 1
7816 4056 68994278 1
7736 3969 68994288 1
7649 3878 68994298 1
7552 3782 68994308 1
7461 3723 68994318 1
7424 3688 68994328 1
7424 3688 68994338 1
7431 3706 68994348 1
7473 3732 68994358 1
7535 3795 68994368 1
7642 3873 68994378 1
8030 4161 68994418 0
8301 4371 68994428 1
8398 4478 68994438 1
8438 4543 68994448 1
8438 4582 68994458 1
8424 4620 68994468 1
8395 4653 68994478 1
8358 4675 68994488 1
8331 4691 68994498 1
8305 4703 68994508 1
8283 4712 68994518 1
8264 4719 68994528 1
8246 4704 68994538 1
8210 4675 68994548 1
8164 4597 68994558 1
8127 4483 68994568 1
8095 4344 68994578 1
8089 4228 68994588 1
8099 4155 68994598 1
8131 4111 68994608 1
8185 4105 68994618 1
8254 4137 68994628 1
8342 4194 68994638 1
8405 4261 68994648 1
8451 4323 68994658 1
8475 4388 68994668 1
8485 4456 68994678 1
8485 4521 68994688 1
8485 4564 68994698 1
8485 4593 68994708 1
8485 4593 68994718 1
8485 4582 68994728 1
8490 4530 68994738 1
8490 4451 68994748 1
8495 4376 68994758 1
8525 4318 68994768 1
8570 4271 68994778 1
8635 4263 68994788 1
8716 4304 68994798 1
8807 4377 68994808 1
8876 4444 68994818 1
8912 4509 68994828 1
8927 4568 68994838 1
8942 4633 68994848 1
8956 4701 68994858 1
8961 4736 68994868 1
8961 4736 68994878 1
8961 4718 68994888 1
8948 4668 68994898 1
8924 4589 68994908 1
8894 4490 68994918 1
8868 4404 68994928 1
8848 4339 68994938 1
8853 4289 68994949 1
8853 4289 68994959 1
8899 4300 68994969 1
8926 4332 68994979 1
8960 4399 68994989 1
8994 4474 68994999 1
9023 4555 68995009 1
9067 4651 68995019 1
9120 4736 68995029 1
9154 4813 68995039 1
9175 4822 68995049 1
9188 4807 68995059 1
9206 4776 68995069 1
9215 4722 68995079 1
9215 4665 68995089 1
9223 4605 68995099 1
9230 4546 68995109 1
9264 4502 68995119 1
9315 4467 68995129 1
9379 4445 68995139 1
9463 4445 68995149 1
9561 4460 68995159 1
9652 4500 68995169 1
9724 4558 68995179 1
9782 4628 68995189 1
9814 4710 68995199 1
9831 4805 68995209 1
9839 4909 68995219 1
9839 4997 68995229 1
9828 5058 68995239 1
9815 5100 68995249 1
9794 5122 68995259 1
9766 5138 68995269 1
9733 5119 68995279 1
9682 5080 68995289 1
9625 4978 68995299 1
9563 4860 68995309 1
9537 4732 68995319 1
9537 4644 68995329 1
9545 4588 68995339 1
9577 4554 68995349 1
9625 4554 68995359 1
9684 4578 68995369 1
9740 4627 68995379 1
9777 4687 68995389 1
9801 4760 68995399 1
9820 4841 68995409 1
9838 4933 68995419 1
9856 4990 68995429 1
9856 5024 68995439 1
9856 5016 68995449 1
9856 4966 68995459 1
9856 4889 68995469 1
9856 4783 68995479 1
9917 4696 68995489 1
10011 4637 68995499 1
10080 4590 68995509 1
10145 4570 68995519 1
