270
5126 7185 31040219 0
5152 7319 31040229 1
5152 7361 31040239 1
5125 7392 31040249 1
5089 7417 31040259 1
5041 7442 31040269 1
4980 7450 31040279 1
4911 7450 31040289 1
4846 7434 31040299 1
4761 7394 31040309 1
4663 7338 31040319 1
4548 7255 31040329 1
4405 7123 31040339 1
4243 6959 31040349 1
4034 6736 31040359 1
3825 6483 31040369 1
3612 6209 31040379 1
3396 5924 31040389 1
3204 5669 31040399 1
3047 5435 31040409 1
2913 5218 31040419 1
2821 5031 31040429 1
2760 4863 31040439 1
2720 4717 31040449 1
2705 4619 31040459 1
2721 4553 31040469 1
2758 4508 31040479 1
2827 4495 31040489 1
2936 4503 31040499 1
3072 4540 31040509 1
3245 4583 31040519 1
3392 4629 31040529 1
3522 4647 31040539 1
3618 4642 31040549 1
3685 4621 31040559 1
3733 4586 31040569 1
3748 4531 31040579 1
3723 4464 31040589 1
3670 4368 31040599 1
3593 4259 31040609 1
3504 4141 31040619 1
3407 4035 31040629 1
3327 3941 31040639 1
3250 3856 31040649 1
3213 3814 31040659 1
3200 3804 31040669 1
3207 3816 31040679 1
3241 3851 31040689 1
3294 3929 31040699 1
3395 4035 31040709 1
3501 4128 31040719 1
3615 4221 31040729 1
3735 4322 31040739 1
3859 4428 31040749 1
3970 4509 31040759 1
4070 4585 31040769 1
4162 4634 31040779 1
4229 4666 31040789 1
4265 4677 31040799 1
4281 4677 31040809 1
4281 4666 31040819 1
4281 4647 31040829 1
4270 4623 31040830 1
4259 4591 31040840 1
4248 4554 31040850 1
4239 4515 31040860 1
4233 4471 31040870 1
4233 4421 31040880 1
4238 4371 31040890 1
4243 4324 31040900 1
4261 4291 31040910 1
4285 4266 31040920 1
4319 4257 31040930 1
4364 4280 31040940 1
4418 4325 31040950 1
4477 4395 31040960 1
4535 4468 31040970 1
4589 4542 31040980 1
4642 4619 31040990 1
4686 4687 31041000 1
4716 4726 31041010 1
4736 4749 31041020 1
4736 4749 31041030 1
4730 4749 31041040 1
4730 4740 31041050 1
4723 4715 31041060 1
4710 4678 31041070 1
4710 4636 31041080 1
4715 4590 31041090 1
4723 4545 31041100 1
4748 4503 31041110 1
4783 4470 31041120 1
4822 4457 31041130 1
4879 4457 31041140 1
4947 4488 31041150 1
5026 4528 31041160 1
5106 4574 31041170 1
5179 4615 31041180 1
5246 4656 31041190 1
5293 4694 31041200 1
5319 4726 31041210 1
5331 4755 31041220 1
5338 4785 31041230 1
5338 4813 31041240 1
5329 4836 31041250 1
5319 4853 31041260 1
5309 4865 31041270 1
5300 4873 31041280 1
5293 4873 31041290 1
5287 4873 31041300 1
5273 4862 31041310 1
5253 4834 31041320 1
5229 4796 31041330 1
5206 4760 31041340 1
5184 4726 31041350 1
5168 4694 31041360 1
5159 4668 31041370 1
5152 4648 31041380 1
5158 4636 31041390 1
5164 4623 31041400 1
5171 4614 31041410 1
5197 4609 31041420 1
5227 4609 31041430 1
5265 4609 31041440 1
5303 4609 31041450 1
5339 4609 31041460 1
5364 4601 31041470 1
5382 4589 31041480 1
5392 4573 31041490 1
5387 4552 31041500 1
5372 4527 31041510 1
5345 4499 31041520 1
5308 4477 31041530 1
5264 4458 31041540 1
5224 4445 31041550 1
5203 4440 31041560 1
5195 4440 31041570 1
5195 4445 31041580 1
5228 4466 31041590 1
5515 4608 31041631 0
5706 4668 31041641 1
5775 4687 31041651 1
5825 4704 31041661 1
5849 4717 31041671 1
5855 4727 31041681 1
5849 4736 31041691 1
5840 4752 31041701 1
5828 4772 31041711 1
5805 4800 31041721 1
5784 4829 31041731 1
5767 4860 31041741 1
5753 4869 31041751 1
5737 4876 31041761 1
5722 4876 31041771 1
5706 4871 31041781 1
5691 4855 31041791 1
5675 4816 31041801 1
5657 4762 31041811 1
5648 4714 31041821 1
5641 4666 31041831 1
5641 4628 31041841 1
5647 4597 31041851 1
5662 4582 31041861 1
5686 4582 31041871 1
5726 4597 31041881 1
5776 4634 31041891 1
5825 4675 31041901 1
5856 4719 31041911 1
5876 4760 31041921 1
5893 4802 31041931 1
5898 4844 31041941 1
5898 4853 31041951 1
5892 4853 31041961 1
5892 4853 31041971 1
5892 4846 31041981 1
5908 4825 31041991 1
5932 4795 31042001 1
5965 4772 31042011 1
6002 4753 31042021 1
6043 4737 31042031 1
6093 4731 31042041 1
6148 4737 31042051 1
6207 4751 31042061 1
6267 4774 31042071 1
6308 4797 31042081 1
6337 4818 31042091 1
6342 4837 31042101 1
6342 4871 31042111 1
6342 4915 31042121 1
6335 4956 31042131 1
6335 4994 31042141 1
6335 5026 31042151 1
6335 5041 31042161 1
6335 5046 31042171 1
6335 5046 31042181 1
6335 5038 31042191 1
6335 5009 31042201 1
6340 4968 31042211 1
6340 4911 31042221 1
6340 4854 31042231 1
6340 4797 31042241 1
6350 4759 31042251 1
6358 4732 31042261 1
6366 4719 31042271 1
6374 4719 31042281 1
6384 4726 31042291 1
6395 4752 31042301 1
6422 4792 31042311 1
6444 4841 31042321 1
6463 4897 31042331 1
6498 4949 31042341 1
6529 4998 31042351 1
6558 5017 31042361 1
6583 5031 31042371 1
6602 5038 31042381 1
6616 5038 31042391 1
6625 5027 31042401 1
6634 5012 31042411 1
6643 4993 31042421 1
6653 4968 31042431 1
6664 4945 31042441 1
6679 4921 31042451 1
6694 4902 31042461 1
6712 4887 31042471 1
6732 4877 31042481 1
6753 4870 31042491 1
6778 4864 31042501 1
6809 4870 31042511 1
6846 4885 31042521 1
6879 4907 31042531 1
6907 4930 31042541 1
6935 4957 31042553 1
6949 4988 31042563 1
6954 5026 31042573 1
6959 5063 31042583 1
6959 5097 31042593 1
6953 5127 31042603 1
6941 5150 31042613 1
6926 5164 31042623 1
6909 5171 31042633 1
6892 5171 31042643 1
6877 5158 31042653 1
6859 5124 31042663 1
6837 5076 31042673 1
6830 5018 31042683 1
6830 4958 31042693 1
6830 4896 31042703 1
6847 4850 31042713 1
6865 4814 31042723 1
6889 4798 31042733 1
6915 4798 31042743 1
6940 4817 31042753 1
6966 4849 31042763 1
6990 4888 31042773 1
7011 4933 31042783 1
7028 4985 31042793 1
7041 5019 31042803 1
7050 5040 31042813 1
7050 5040 31042823 1
7059 5040 31042833 1
7072 5040 31042843 1
7100 5020 31042853 1
7137 4997 31042863 1
7191 4969 31042873 1
7249 4936 31042883 1
7313 4912 31042893 1
7376 4894 31042903 1
7424 4889 31042913 1
7463 4889 31042923 1
7476 4889 31042933 1
