223
7257 5670 69029529 0
7405 5883 69029539 1
7348 5979 69029549 1
7337 6072 69029559 1
7286 6131 69029569 1
7209 6170 69029579 1
7075 6163 69029589 1
6887 6090 69029599 1
6664 5972 69029609 1
6420 5765 69029619 1
6160 5496 69029629 1
5890 5187 69029639 1
5626 4782 69029649 1
5394 4405 69029659 1
5182 4046 69029669 1
5098 3853 69029679 1
5182 3751 69029689 1
5378 3709 69029699 1
5634 3778 69029709 1
5890 3862 69029719 1
6146 3956 69029729 1
6344 3941 69029739 1
6424 3790 69029749 1
6424 3548 69029759 1
6286 3228 69029769 1
6089 2882 69029779 1
5854 2518 69029789 1
5597 2238 69029799 1
5345 1981 69029809 1
5151 1740 69029819 1
4993 1606 69029829 1
4975 1580 69029839 1
5038 1625 69029849 1
5154 1792 69029859 1
5387 2071 69029869 1
5681 2424 69029879 1
6016 2803 69029889 1
6360 3177 69029899 1
6673 3547 69029909 1
6966 3843 69029919 1
7160 4039 69029929 1
7279 4168 69029939 1
7347 4179 69029949 1
7347 4191 69029959 1
7335 4204 69029969 1
7320 4204 69029979 1
7310 4199 69029989 1
7302 4190 69029999 1
7302 4190 69030009 1
7302 4190 69030019 1
7302 4171 69030029 1
7308 4118 69030039 1
7299 4042 69030049 1
7283 3927 69030059 1
7268 3812 69030069 1
7275 3702 69030079 1
7296 3646 69030089 1
7347 3624 69030099 1
7400 3636 69030109 1
7472 3693 69030119 1
7555 3779 69030129 1
7617 3866 69030139 1
7664 3957 69030149 1
7701 4060 69030159 1
7732 4170 69030169 1
7763 4285 69030179 1
7792 4355 69030189 1
7803 4396 69030199 1
7803 4396 69030209 1
7796 4336 69030219 1
7773 4239 69030229 1
7740 4128 69030239 1
7722 4034 69030249 1
7706 3951 69030259 1
7723 3901 69030269 1
7760 3885 69030279 1
7814 3891 69030289 1
7888 3943 69030299 1
7976 4010 69030309 1
8039 4086 69030319 1
8106 4172 69030329 1
8197 4295 69030339 1
8303 4443 69030349 1
8403 4578 69030359 1
8464 4669 69030369 1
8500 4730 69030379 1
8500 4760 69030389 1
8490 4770 69030399 1
8463 4770 69030409 1
8404 4723 69030419 1
8330 4649 69030429 1
8246 4556 69030439 1
8189 4469 69030449 1
8168 4398 69030459 1
8168 4339 69030469 1
8208 4307 69030479 1
8279 4307 69030489 1
8374 4319 69030499 1
8458 4341 69030509 1
8506 4341 69030519 1
8531 4323 69030529 1
8510 4271 69030539 1
8453 4196 69030549 1
8371 4107 69030559 1
8266 4011 69030569 1
8163 3920 69030579 1
8062 3833 69030589 1
7997 3775 69030599 1
7976 3753 69030609 1
7984 3753 69030619 1
8019 3790 69030629 1
8137 3890 69030639 1
8311 4035 69030649 1
8491 4183 69030659 1
8666 4332 69030669 1
8818 4483 69030679 1
8956 4593 69030689 1
9012 4676 69030699 1
9047 4741 69030709 1
9069 4793 69030719 1
9041 4823 69030729 1
9007 4838 69030739 1
8970 4851 69030749 1
8920 4851 69030759 1
8870 4839 69030769 1
8819 4803 69030779 1
8756 4726 69030789 1
8686 4623 69030799 1
8614 4499 69030809 1
8586 4397 69030819 1
8586 4309 69030829 1
8620 4254 69030839 1
8691 4247 69030849 1
8786 4271 69030859 1
8917 4352 69030869 1
9015 4437 69030879 1
9091 4524 69030889 1
9137 4601 69030899 1
9160 4681 69030909 1
9168 4770 69030919 1
9163 4865 69030929 1
9151 4925 69030939 1
9134 4947 69030949 1
9121 4947 69030959 1
9105 4918 69030969 1
9076 4828 69030979 1
9040 4694 69030989 1
9040 4601 69030999 1
9067 4534 69031009 1
9117 4485 69031019 1
9195 4458 69031029 1
9278 4465 69031039 1
9370 4496 69031049 1
9457 4563 69031051 1
9541 4613 69031061 1
9552 4653 69031071 1
9561 4700 69031081 1
9568 4763 69031091 1
9568 4838 69031101 1
9568 4911 69031111 1
9580 4950 69031121 1
9580 4966 69031131 1
9580 4966 69031141 1
9580 4924 69031151 1
9560 4858 69031161 1
9517 4741 69031171 1
9445 4633 69031181 1
9385 4532 69031191 1
9333 4459 69031201 1
9324 4422 69031211 1
9324 4409 69031221 1
9330 4418 69031231 1
9348 4461 69031241 1
9393 4528 69031251 1
9454 4604 69031261 1
9511 4696 69031271 1
9577 4798 69031281 1
9648 4910 69031291 1
9696 4969 69031301 1
9719 4994 69031311 1
9725 4994 69031321 1
9731 4960 69031331 1
9722 4913 69031341 1
9703 4835 69031351 1
9691 4757 69031361 1
9705 4704 69031371 1
9736 4668 69031381 1
9796 4654 69031391 1
9906 4676 69031401 1
10048 4722 69031411 1
10154 4783 69031421 1
10217 4848 69031431 1
10252 4916 69031441 1
10286 4992 69031451 1
10298 5066 69031461 1
10298 5124 69031471 1
10270 5173 69031481 1
10235 5207 69031491 1
10194 5220 69031501 1
10137 5220 69031511 1
10055 5174 69031521 1
9956 5092 69031531 1
9884 4985 69031541 1
9863 4901 69031551 1
9875 4828 69031561 1
9900 4763 69031571 1
9957 4737 69031581 1
10035 4743 69031591 1
10122 4770 69031601 1
10195 4834 69031611 1
10258 4898 69031621 1
10288 4970 69031631 1
10302 5047 69031641 1
10302 5116 69031651 1
10296 5150 69031661 1
10280 5162 69031671 1
10259 5146 69031681 1
10238 5082 69031691 1
10230 4986 69031701 1
10279 4891 69031711 1
10361 4821 69031721 1
10534 4768 69031731 1
10711 4756 69031741 1
