235
7597 6409 69037250 0
7647 6541 69037260 1
7569 6599 69037270 1
7454 6647 69037280 1
7315 6647 69037290 1
7146 6609 69037300 1
6931 6503 69037310 1
6686 6328 69037320 1
6402 6106 69037330 1
6076 5790 69037340 1
5723 5376 69037350 1
5319 4897 69037360 1
4948 4389 69037370 1
4599 3976 69037380 1
4424 3626 69037390 1
4445 3498 69037400 1
4596 3439 69037410 1
4874 3426 69037420 1
5166 3492 69037430 1
5467 3556 69037440 1
5702 3549 69037450 1
5841 3495 69037460 1
5916 3305 69037470 1
5839 3010 69037480 1
5663 2644 69037490 1
5420 2361 69037500 1
5187 2114 69037510 1
4970 1890 69037520 1
4858 1759 69037530 1
4810 1718 69037540 1
4826 1737 69037550 1
4918 1793 69037560 1
5061 1962 69037570 1
5315 2206 69037580 1
5595 2510 69037590 1
5891 2813 69037600 1
6113 3080 69037610 1
6295 3324 69037620 1
6451 3517 69037630 1
6546 3664 69037640 1
6604 3780 69037650 1
6636 3847 69037660 1
6653 3882 69037670 1
6667 3895 69037680 1
6667 3895 69037690 1
6701 3895 69037700 1
6719 3895 69037710 1
6733 3895 69037720 1
6746 3895 69037730 1
6752 3895 69037740 1
6752 3895 69037750 1
6752 3895 69037760 1
6752 3895 69037770 1
6752 3846 69037780 1
6737 3769 69037790 1
6737 3687 69037800 1
6732 3618 69037810 1
6732 3559 69037820 1
6748 3515 69037830 1
6776 3490 69037840 1
6811 3478 69037850 1
6867 3498 69037860 1
6938 3555 69037870 1
7012 3637 69037880 1
7081 3733 69037890 1
7130 3839 69037900 1
7168 3952 69037910 1
7195 4063 69037920 1
7212 4134 69037930 1
7222 4178 69037940 1
7222 4178 69037950 1
7222 4166 69037960 1
7228 4109 69037970 1
7220 4022 69037980 1
7203 3943 69037990 1
7203 3878 69038000 1
7234 3823 69038010 1
7290 3812 69038020 1
7404 3853 69038030 1
7518 3929 69038040 1
7628 3999 69038050 1
7711 4059 69038060 1
7779 4112 69038070 1
7846 4181 69038080 1
7891 4249 69038090 1
7922 4318 69038100 1
7935 4387 69038110 1
7935 4432 69038120 1
7917 4456 69038130 1
7894 4465 69038140 1
7846 4439 69038150 1
7781 4357 69038160 1
7702 4239 69038170 1
7629 4134 69038180 1
7564 4045 69038190 1
7529 3966 69038200 1
7513 3926 69038210 1
7527 3913 69038220 1
7582 3913 69038230 1
7664 3951 69038240 1
7770 3982 69038250 1
7862 4010 69038260 1
7944 4010 69038270 1
7981 3980 69038280 1
7981 3939 69038290 1
7947 3874 69038300 1
7884 3807 69038310 1
7800 3737 69038320 1
7703 3690 69038330 1
7628 3657 69038340 1
7593 3650 69038350 1
7585 3664 69038360 1
7610 3692 69038370 1
7703 3781 69038380 1
7841 3905 69038390 1
7999 4053 69038400 1
8154 4208 69038410 1
8306 4353 69038420 1
8444 4491 69038430 1
8523 4577 69038440 1
8563 4628 69038450 1
8563 4657 69038460 1
8550 4680 69038470 1
8523 4699 69038480 1
8493 4710 69038490 1
8468 4717 69038500 1
8449 4724 69038510 1
8432 4730 69038520 1
8420 4736 69038530 1
8413 4736 69038540 1
8387 4728 69038550 1
8348 4683 69038560 1
8290 4614 69038570 1
8234 4511 69038580 1
8181 4394 69038590 1
8163 4269 69038600 1
8168 4197 69038610 1
8206 4156 69038620 1
8276 4137 69038630 1
8366 4172 69038640 1
8469 4234 69038650 1
8540 4314 69038660 1
8590 4383 69038670 1
8606 4452 69038680 1
8613 4526 69038690 1
8613 4603 69038700 1
8613 4665 69038710 1
8613 4696 69038720 1
8613 4706 69038730 1
8613 4695 69038740 1
8613 4642 69038750 1
8599 4562 69038760 1
8572 4467 69038770 1
8562 4389 69038780 1
8562 4323 69038790 1
8562 4275 69038800 1
8586 4253 69038810 1
8617 4248 69038820 1
8674 4278 69038830 1
8747 4328 69038840 1
8801 4392 69038850 1
8852 4458 69038860 1
8901 4537 69038870 1
8961 4626 69038880 1
8998 4706 69038890 1
9020 4781 69038900 1
9038 4843 69038910 1
9043 4870 69038920 1
9043 4870 69038930 1
9043 4870 69038940 1
9053 4870 69038950 1
9048 4823 69038960 1
9034 4757 69038970 1
9009 4696 69038980 1
8986 4635 69038990 1
8969 4584 69039000 1
8969 4540 69039010 1
8984 4502 69039020 1
8984 4479 69039030 1
8991 4465 69039040 1
8991 4465 69039050 1
8997 4483 69039060 1
9018 4514 69039070 1
9052 4590 69039080 1
9112 4698 69039090 1
9198 4827 69039100 1
9300 4968 69039110 1
9397 5064 69039120 1
9459 5131 69039130 1
9497 5151 69039140 1
9508 5144 69039150 1
9503 5119 69039160 1
9487 5055 69039170 1
9461 4973 69039180 1
9446 4880 69039190 1
9428 4784 69039200 1
9405 4697 69039210 1
9405 4637 69039220 1
9436 4592 69039230 1
9488 4581 69039240 1
9568 4602 69039250 1
9671 4645 69039260 1
9788 4716 69039270 1
9899 4809 69039280 1
10010 4916 69039290 1
10089 5036 69039300 1
10146 5109 69039310 1
10129 5151 69039320 1
10098 5200 69039330 1
10058 5244 69039340 1
9992 5265 69039350 1
9914 5273 69039360 1
9829 5240 69039370 1
9756 5181 69039380 1
9709 5106 69039390 1
9679 4998 69039400 1
9654 4886 69039393 1
9654 4789 69039403 1
9682 4704 69039413 1
9730 4663 69039423 1
9805 4663 69039433 1
9897 4696 69039443 1
9985 4754 69039453 1
10037 4830 69039463 1
10064 4918 69039473 1
10075 4993 69039483 1
10075 5024 69039493 1
10057 5024 69039503 1
10050 4999 69039513 1
10045 4918 69039523 1
10045 4802 69039533 1
10113 4712 69039543 1
10221 4638 69039553 1
10343 4576 69039563 1
10468 4525 69039573 1
