218
3997 5623 48804169 0
4058 5704 48804179 1
4076 5750 48804189 1
4090 5787 48804199 1
4081 5821 48804209 1
4037 5831 48804219 1
3969 5831 48804229 1
3867 5774 48804239 1
3729 5680 48804249 1
3568 5560 48804259 1
3414 5385 48804269 1
3272 5210 48804279 1
3138 5036 48804289 1
3034 4883 48804299 1
2983 4742 48804309 1
2968 4664 48804319 1
3005 4615 48804329 1
3100 4586 48804339 1
3233 4580 48804349 1
3398 4593 48804359 1
3589 4620 48804369 1
3796 4643 48804379 1
3956 4661 48804389 1
4094 4651 48804399 1
4216 4624 48804409 1
4286 4570 48804419 1
4312 4486 48804429 1
4312 4382 48804439 1
4271 4258 48804449 1
4198 4134 48804459 1
4101 4011 48804469 1
3979 3886 48804479 1
3842 3758 48804489 1
3695 3661 48804499 1
3539 3585 48804509 1
3428 3549 48804519 1
3348 3549 48804529 1
3305 3571 48804539 1
3299 3619 48804549 1
3317 3695 48804559 1
3386 3790 48804569 1
3508 3911 48804579 1
3665 4035 48804589 1
3842 4162 48804599 1
4010 4286 48804609 1
4171 4409 48804619 1
4308 4500 48804629 1
4403 4569 48804639 1
4469 4609 48804649 1
4502 4626 48804659 1
4516 4626 48804669 1
4516 4620 48804679 1
4526 4585 48804689 1
4526 4532 48804699 1
4518 4440 48804709 1
4512 4346 48804719 1
4512 4252 48804729 1
4512 4182 48804739 1
4534 4125 48804749 1
4564 4096 48804759 1
4610 4096 48804769 1
4687 4113 48804779 1
4785 4185 48804789 1
4886 4308 48804799 1
4992 4464 48804809 1
5106 4606 48804819 1
5197 4712 48804829 1
5274 4795 48804839 1
5298 4818 48804849 1
5307 4805 48804859 1
5307 4768 48804869 1
5307 4705 48804879 1
5307 4640 48804889 1
5307 4573 48804899 1
5320 4514 48804909 1
5355 4458 48804919 1
5403 4420 48804929 1
5483 4420 48804939 1
5599 4448 48804949 1
5740 4529 48804959 1
5906 4633 48804969 1
6058 4752 48804979 1
6201 4902 48804989 1
6332 5021 48804999 1
6399 5120 48805009 1
6423 5153 48805019 1
6409 5162 48805029 1
6380 5156 48805039 1
6340 5129 48805049 1
6272 5082 48805059 1
6230 5021 48805069 1
6206 4964 48805079 1
6206 4911 48805089 1
6219 4860 48805099 1
6246 4802 48805109 1
6291 4747 48805119 1
6336 4700 48805129 1
6380 4656 48805139 1
6405 4622 48805149 1
6419 4589 48805159 1
6419 4557 48805169 1
6380 4527 48805179 1
6323 4503 48805189 1
6265 4482 48805199 1
6214 4477 48805209 1
6198 4489 48805219 1
6204 4512 48805229 1
6245 4567 48805239 1
6328 4637 48805249 1
6440 4718 48805259 1
6573 4817 48805269 1
6708 4915 48805279 1
6843 5013 48805289 1
6935 5090 48805299 1
6999 5143 48805309 1
7024 5179 48805319 1
7024 5187 48805329 1
6998 5187 48805339 1
6959 5187 48805349 1
6895 5145 48805359 1
6814 5085 48805369 1
6736 5011 48805379 1
6687 4935 48805389 1
6656 4858 48805399 1
6647 4797 48805409 1
6661 4747 48805419 1
6689 4719 48805429 1
6735 4713 48805439 1
6807 4721 48805449 1
6895 4774 48805459 1
6982 4861 48805469 1
7070 4971 48805479 1
7133 5055 48805489 1
7178 5102 48805499 1
7191 5124 48805509 1
7191 5119 48805519 1
7185 5112 48805529 1
7185 5071 48805539 1
7185 5010 48805549 1
7175 4944 48805559 1
7190 4878 48805569 1
7223 4827 48805579 1
7268 4785 48805589 1
7336 4772 48805599 1
7421 4802 48805609 1
7517 4860 48805619 1
7626 4952 48805629 1
7736 5050 48805639 1
7828 5152 48805649 1
7909 5240 48805659 1
7943 5297 48805669 1
7955 5333 48805679 1
7955 5333 48805689 1
7955 5324 48805699 1
7943 5276 48805709 1
7923 5201 48805719 1
7894 5118 48805729 1
7869 5037 48805739 1
7849 4972 48805749 1
7849 4916 48805759 1
7849 4888 48805769 1
7864 4879 48805779 1
7877 4879 48805789 1
7909 4919 48805799 1
7952 4986 48805809 1
8009 5074 48805819 1
8067 5160 48805829 1
8128 5246 48805839 1
8189 5308 48805849 1
8234 5355 48805859 1
8269 5370 48805869 1
8294 5356 48805879 1
8315 5324 48805889 1
8333 5266 48805899 1
8346 5207 48805909 1
8363 5147 48805919 1
8385 5094 48805929 1
8423 5047 48805939 1
8472 5022 48805949 1
8544 5027 48805959 1
8636 5052 48805969 1
8740 5106 48805979 1
8845 5170 48805989 1
8925 5240 48805999 1
8987 5307 48806009 1
9010 5372 48806019 1
9010 5429 48806029 1
8997 5480 48806039 1
8968 5518 48806049 1
8935 5545 48806059 1
8900 5554 48806069 1
8859 5554 48806079 1
8809 5523 48806089 1
8752 5460 48806099 1
8690 5374 48806109 1
8652 5289 48806119 1
8630 5217 48806129 1
8630 5154 48806139 1
8640 5111 48806149 1
8664 5090 48806159 1
8699 5083 48806169 1
8738 5096 48806179 1
8786 5140 48806189 1
8840 5204 48806199 1
8894 5282 48806209 1
8946 5358 48806219 1
8975 5431 48806229 1
8991 5463 48806239 1
8991 5469 48806249 1
8991 5464 48806259 1
8996 5418 48806269 1
8996 5346 48806279 1
9008 5268 48806289 1
9028 5203 48806299 1
9059 5147 48806309 1
9106 5106 48806319 1
9163 5083 48806329 1
9242 5071 48806339 1
