259
3855 7440 31015093 0
3764 7497 31015103 1
3688 7492 31015113 1
3599 7469 31015123 1
3471 7413 31015133 1
3330 7327 31015143 1
3181 7220 31015153 1
2990 7082 31015163 1
2803 6904 31015173 1
2600 6700 31015183 1
2385 6478 31015193 1
2191 6223 31015203 1
1999 5947 31015213 1
1807 5677 31015223 1
1639 5420 31015233 1
1471 5172 31015243 1
1351 4941 31015253 1
1262 4771 31015263 1
1219 4641 31015273 1
1219 4575 31015283 1
1256 4546 31015293 1
1330 4546 31015303 1
1476 4577 31015313 1
1670 4630 31015323 1
1854 4694 31015333 1
2049 4732 31015343 1
2252 4738 31015353 1
2404 4722 31015363 1
2513 4674 31015373 1
2593 4598 31015383 1
2627 4504 31015393 1
2611 4375 31015403 1
2562 4220 31015413 1
2476 4048 31015423 1
2364 3860 31015433 1
2234 3666 31015443 1
2081 3506 31015453 1
1929 3371 31015463 1
1777 3267 31015473 1
1673 3216 31015483 1
1574 3200 31015493 1
1526 3229 31015503 1
1510 3299 31015513 1
1543 3396 31015523 1
1631 3498 31015533 1
2545 4287 31015594 0
2891 4500 31015604 1
2985 4596 31015614 1
3044 4642 31015624 1
3082 4655 31015634 1
3092 4655 31015644 1
3084 4643 31015654 1
3062 4609 31015664 1
3031 4559 31015674 1
2995 4486 31015684 1
2966 4384 31015694 1
2941 4263 31015704 1
2936 4162 31015714 1
2943 4088 31015724 1
2965 4031 31015734 1
2992 4006 31015744 1
3026 4006 31015754 1
3065 4031 31015764 1
3125 4109 31015774 1
3198 4201 31015784 1
3258 4302 31015794 1
3311 4409 31015804 1
3359 4514 31015814 1
3409 4593 31015824 1
3440 4656 31015834 1
3457 4679 31015844 1
3457 4685 31015854 1
3457 4679 31015864 1
3457 4669 31015874 1
3465 4633 31015884 1
3471 4580 31015894 1
3480 4519 31015904 1
3492 4458 31015914 1
3512 4395 31015924 1
3542 4351 31015934 1
3580 4320 31015944 1
3642 4329 31015954 1
3720 4369 31015964 1
3799 4429 31015974 1
3881 4505 31015984 1
3967 4579 31015994 1
4053 4651 31016004 1
4136 4718 31016014 1
4200 4779 31016024 1
4254 4833 31016034 1
4288 4867 31016044 1
4297 4889 31016054 1
4290 4898 31016064 1
4280 4906 31016074 1
4265 4912 31016084 1
4247 4912 31016094 1
4230 4907 31016104 1
4211 4894 31016114 1
4185 4865 31016124 1
4154 4826 31016134 1
4119 4779 31016144 1
4087 4737 31016154 1
4062 4699 31016164 1
4046 4667 31016174 1
4036 4647 31016184 1
4036 4634 31016194 1
4041 4622 31016204 1
4055 4617 31016214 1
4090 4617 31016224 1
4139 4631 31016234 1
4207 4653 31016244 1
4275 4681 31016254 1
4344 4704 31016265 1
4395 4710 31016275 1
4434 4705 31016285 1
4451 4688 31016295 1
4451 4666 31016305 1
4446 4632 31016315 1
4415 4593 31016325 1
4366 4549 31016335 1
4306 4503 31016345 1
4247 4469 31016355 1
4195 4442 31016365 1
4174 4442 31016375 1
4174 4454 31016385 1
4174 4480 31016395 1
4226 4531 31016405 1
4467 4725 31016435 0
4675 4841 31016445 1
4757 4887 31016455 1
4820 4922 31016465 1
4870 4951 31016475 1
4912 4979 31016485 1
4939 5004 31016495 1
4957 5025 31016505 1
4957 5047 31016515 1
4949 5074 31016525 1
4936 5103 31016535 1
4918 5124 31016545 1
4899 5132 31016555 1
4880 5132 31016565 1
4853 5118 31016575 1
4822 5082 31016585 1
4789 5032 31016595 1
4755 4957 31016605 1
4720 4878 31016615 1
4703 4804 31016625 1
4703 4734 31016635 1
4709 4695 31016645 1
4743 4677 31016655 1
4781 4677 31016665 1
4825 4702 31016675 1
4877 4758 31016685 1
4933 4832 31016695 1
4973 4897 31016705 1
5004 4960 31016715 1
5029 5019 31016725 1
5042 5053 31016735 1
5042 5070 31016745 1
5042 5070 31016755 1
5042 5070 31016765 1
5042 5070 31016775 1
5042 5060 31016786 1
5042 5060 31016796 1
5072 5021 31016806 1
5093 4992 31016816 1
5121 4957 31016826 1
5153 4919 31016836 1
5193 4882 31016846 1
5242 4859 31016856 1
5298 4845 31016866 1
5362 4857 31016876 1
5432 4892 31016886 1
5507 4942 31016896 1
5581 4999 31016906 1
5642 5053 31016916 1
5695 5103 31016926 1
5730 5160 31016936 1
5756 5222 31016946 1
5777 5285 31016956 1
5792 5342 31016966 1
5792 5369 31016976 1
5782 5379 31016986 1
5767 5379 31016996 1
5750 5374 31017006 1
5731 5363 31017016 1
5714 5339 31017026 1
5697 5311 31017036 1
5680 5263 31017046 1
5665 5204 31017056 1
5653 5144 31017066 1
5653 5096 31017076 1
5659 5057 31017086 1
5671 5037 31017096 1
5684 5030 31017106 1
5702 5030 31017116 1
5725 5054 31017126 1
5757 5091 31017136 1
5787 5137 31017146 1
5815 5186 31017156 1
5840 5238 31017166 1
5867 5292 31017176 1
5894 5334 31017186 1
5920 5357 31017196 1
5939 5367 31017206 1
5955 5360 31017216 1
5975 5350 31017226 1
5993 5329 31017236 1
6008 5298 31017246 1
6021 5261 31017256 1
6032 5227 31017266 1
6046 5202 31017276 1
6067 5183 31017286 1
6097 5176 31017296 1
6144 5186 31017306 1
6201 5207 31017316 1
6269 5236 31017326 1
6338 5275 31017336 1
6392 5320 31017346 1
6437 5371 31017356 1
6465 5425 31017366 1
6477 5480 31017376 1
6477 5519 31017386 1
6468 5543 31017396 1
6447 5558 31017406 1
6419 5558 31017416 1
6394 5558 31017426 1
6369 5558 31017436 1
6347 5544 31017446 1
6332 5527 31017456 1
6323 5493 31017466 1
6317 5449 31017476 1
6317 5392 31017486 1
6317 5340 31017496 1
6327 5291 31017506 1
6339 5250 31017516 1
6356 5229 31017526 1
6379 5221 31017536 1
6403 5221 31017546 1
6430 5246 31017556 1
6457 5279 31017566 1
6482 5319 31017576 1
6506 5362 31017586 1
6522 5407 31017596 1
6537 5445 31017606 1
6550 5465 31017616 1
6550 5473 31017626 1
6560 5473 31017636 1
6571 5466 31017646 1
6591 5454 31017656 1
6620 5434 31017666 1
6659 5407 31017676 1
6711 5378 31017686 1
6772 5350 31017696 1
6851 5335 31017706 1
6941 5330 31017716 1
7027 5341 31017726 1
7113 5366 31017736 1
7188 5401 31017746 1
