241
5861 4599 68963834 0
5555 4257 68963844 1
6326 6541 68964004 0
6625 6715 68964014 1
6659 6809 68964024 1
6682 6861 68964034 1
6665 6866 68964044 1
6589 6855 68964054 1
6473 6818 68964064 1
6277 6721 68964074 1
6038 6584 68964084 1
5769 6323 68964094 1
5450 5975 68964104 1
5128 5570 68964114 1
4803 5134 68964124 1
4496 4756 68964134 1
4298 4418 68964144 1
4172 4155 68964154 1
4156 4009 68964164 1
4252 3940 68964174 1
4423 3974 68964184 1
4711 4071 68964194 1
5032 4211 68964204 1
5374 4322 68964214 1
5658 4365 68964224 1
5849 4365 68964234 1
5978 4261 68964244 1
6007 4074 68964254 1
5940 3830 68964264 1
5810 3531 68964274 1
5557 3199 68964284 1
5306 2844 68964294 1
5057 2573 68964304 1
4897 2395 68964314 1
4807 2280 68964324 1
4763 2252 68964334 1
4799 2323 68964344 1
4918 2461 68964354 1
5093 2708 68964364 1
5364 3050 68964374 1
5661 3456 68964384 1
5976 3822 68964394 1
6228 4136 68964404 1
6428 4416 68964414 1
6593 4607 68964424 1
6669 4688 68964434 1
6680 4696 68964444 1
6648 4689 68964454 1
6628 4664 68964464 1
6609 4626 68964474 1
6593 4598 68964484 1
6593 4579 68964494 1
6593 4567 68964504 1
6601 4558 68964514 1
6601 4553 68964524 1
6608 4553 68964534 1
6614 4546 68964544 1
6620 4541 68964554 1
6625 4533 68964564 1
6633 4518 68964574 1
6644 4495 68964584 1
6653 4426 68964594 1
6653 4328 68964604 1
6659 4209 68964614 1
6659 4119 68964624 1
6673 4049 68964634 1
6695 4014 68964644 1
6731 4024 68964654 1
6799 4063 68964664 1
6887 4172 68964674 1
6964 4301 68964684 1
7019 4443 68964694 1
7060 4561 68964704 1
7086 4659 68964714 1
7091 4743 68964724 1
7082 4793 68964734 1
7074 4810 68964744 1
7066 4810 68964754 1
7050 4773 68964764 1
7029 4690 68964774 1
7018 4575 68964784 1
7007 4450 68964794 1
7022 4358 68964804 1
7053 4287 68964814 1
7140 4267 68964824 1
7256 4298 68964834 1
7392 4363 68964844 1
7536 4464 68964854 1
7680 4568 68964864 1
7795 4673 68964874 1
7891 4742 68964884 1
7920 4806 68964894 1
7920 4861 68964904 1
7909 4901 68964914 1
7873 4933 68964924 1
7837 4960 68964934 1
7802 4983 68964944 1
7785 4995 68964954 1
7772 4995 68964964 1
7772 4995 68964974 1
7772 4995 68964984 1
7779 4995 68964994 1
7787 4995 68965004 1
7797 4995 68965014 1
7803 4995 68965024 1
7803 5000 68965034 1
7809 5005 68965044 1
7809 5015 68965054 1
7818 5028 68965064 1
7833 5053 68965074 1
7853 5081 68965084 1
7872 5111 68965094 1
7885 5126 68965104 1
7894 5140 68965114 1
7894 5140 68965124 1
7876 5132 68965134 1
7845 5093 68965144 1
7788 5035 68965154 1
7727 4964 68965164 1
7664 4876 68965174 1
7604 4779 68965184 1
7562 4677 68965194 1
7531 4599 68965204 1
7531 4550 68965214 1
7572 4521 68965224 1
7635 4526 68965234 1
7742 4570 68965244 1
7853 4639 68965254 1
7967 4708 68965264 1
8015 4738 68965274 1
8021 4738 68965284 1
7998 4712 68965286 1
7945 4658 68965296 1
7867 4588 68965306 1
7771 4516 68965316 1
7685 4442 68965326 1
7601 4364 68965336 1
7567 4320 68965346 1
7567 4298 68965356 1
8439 5095 68965446 0
8630 5231 68965456 1
8639 5252 68965466 1
8621 5268 68965476 1
8582 5275 68965486 1
8534 5275 68965496 1
8481 5275 68965506 1
8442 5283 68965516 1
8409 5283 68965526 1
8386 5277 68965536 1
8367 5270 68965546 1
8351 5261 68965556 1
8333 5248 68965566 1
8300 5190 68965576 1
8258 5103 68965586 1
8219 4971 68965596 1
8183 4834 68965606 1
8189 4743 68965616 1
8221 4686 68965626 1
8275 4670 68965636 1
8352 4706 68965646 1
8445 4777 68965656 1
8533 4895 68965666 1
8588 4995 68965676 1
8620 5083 68965686 1
8629 5153 68965696 1
8620 5198 68965706 1
8598 5227 68965716 1
8584 5227 68965726 1
8570 5227 68965736 1
8558 5175 68965746 1
8549 5096 68965756 1
8549 4994 68965766 1
8581 4910 68965776 1
8625 4881 68965786 1
8697 4881 68965797 1
8789 4947 68965807 1
8894 5043 68965817 1
8995 5160 68965827 1
9054 5253 68965837 1
9086 5342 68965847 1
9098 5423 68965857 1
9098 5467 68965867 1
9088 5488 68965877 1
9088 5488 68965887 1
9082 5446 68965897 1
9082 5382 68965907 1
9082 5273 68965917 1
9082 5162 68965927 1
9076 5080 68965937 1
9076 5018 68965947 1
9076 4998 68965957 1
9076 5005 68965967 1
9085 5030 68965977 1
9094 5083 68965987 1
9109 5156 68965997 1
9132 5243 68966007 1
9164 5347 68966017 1
9201 5439 68966017 1
9220 5522 68966027 1
9228 5522 68966037 1
9241 5494 68966047 1
9251 5443 68966057 1
9256 5354 68966067 1
9256 5259 68966077 1
9268 5188 68966087 1
9296 5135 68966097 1
9336 5107 68966107 1
9383 5107 68966117 1
9449 5136 68966127 1
9527 5189 68966137 1
9859 5487 68966188 0
10087 5692 68966198 1
10137 5792 68966208 1
10157 5885 68966218 1
10144 5942 68966228 1
10108 5976 68966238 1
10056 5994 68966248 1
9991 5975 68966258 1
9902 5931 68966268 1
9797 5822 68966278 1
9711 5695 68966288 1
9654 5555 68966298 1
9617 5413 68966308 1
9617 5300 68966318 1
9635 5207 68966328 1
9673 5169 68966338 1
9730 5182 68966348 1
9815 5228 68966358 1
9919 5326 68966368 1
10013 5433 68966378 1
10067 5545 68966388 1
10095 5629 68966398 1
10107 5684 68966408 1
10107 5720 68966418 1
10101 5710 68966428 1
10101 5695 68966438 1
10110 5621 68966448 1
10138 5510 68966458 1
10180 5439 68966468 1
10260 5424 68966478 1
10389 5447 68966488 1
