249
4338 7068 30993342 0
4464 7166 30993352 1
4478 7196 30993362 1
4507 7226 30993372 1
4525 7258 30993382 1
4530 7292 30993392 1
4530 7322 30993402 1
4518 7350 30993412 1
4497 7375 30993422 1
4467 7402 30993432 1
4415 7430 30993442 1
4335 7459 30993452 1
4237 7483 30993462 1
4099 7503 30993472 1
3946 7484 30993482 1
3783 7441 30993492 1
3571 7354 30993502 1
3359 7241 30993512 1
3144 7111 30993522 1
2926 6944 30993532 1
2709 6771 30993542 1
2487 6594 30993552 1
2301 6397 30993562 1
2138 6219 30993572 1
2015 6055 30993582 1
1955 5927 30993592 1
1937 5819 30993602 1
1942 5725 30993612 1
1995 5658 30993622 1
2081 5608 30993632 1
2217 5569 30993642 1
2398 5547 30993652 1
2609 5536 30993662 1
2833 5536 30993672 1
3026 5507 30993682 1
3199 5453 30993692 1
3329 5379 30993702 1
3416 5297 30993712 1
3474 5203 30993722 1
3488 5102 30993732 1
3450 4986 30993742 1
3378 4850 30993752 1
3269 4701 30993762 1
3126 4571 30993772 1
2961 4440 30993782 1
2810 4308 30993792 1
2661 4214 30993802 1
2546 4144 30993813 1
2454 4135 30993823 1
2424 4164 30993833 1
2441 4219 30993843 1
2488 4324 30993853 1
3841 5072 30993943 0
4077 5115 30993953 1
4095 5138 30993963 1
4103 5173 30993973 1
4095 5183 30993983 1
4076 5192 30993993 1
4059 5192 30994003 1
4041 5192 30994013 1
4023 5185 30994023 1
4009 5175 30994033 1
3994 5150 30994043 1
3981 5116 30994053 1
3970 5075 30994063 1
3959 5018 30994073 1
3946 4951 30994083 1
3937 4876 30994093 1
3937 4804 30994103 1
3943 4757 30994113 1
3962 4726 30994123 1
3998 4718 30994133 1
4045 4744 30994143 1
4111 4792 30994153 1
4183 4875 30994163 1
4259 4963 30994173 1
4323 5055 30994183 1
4379 5147 30994193 1
4429 5233 30994203 1
4460 5276 30994213 1
4471 5293 30994223 1
4471 5293 30994233 1
4466 5283 30994243 1
4457 5243 30994253 1
4442 5182 30994263 1
4442 5119 30994273 1
4437 5059 30994283 1
4446 5012 30994293 1
4473 4973 30994303 1
4511 4950 30994313 1
4575 4961 30994323 1
4665 4994 30994333 1
5083 5273 30994393 0
5191 5363 30994403 1
5202 5397 30994413 1
5202 5425 30994423 1
5202 5445 30994433 1
5184 5458 30994443 1
5162 5466 30994453 1
5136 5466 30994463 1
5102 5466 30994473 1
5062 5442 30994483 1
5019 5413 30994493 1
4967 5359 30994503 1
4917 5305 30994513 1
4868 5253 30994523 1
4842 5213 30994533 1
4834 5181 30994543 1
4834 5166 30994553 1
4856 5151 30994563 1
4892 5143 30994573 1
4940 5143 30994583 1
5003 5143 30994593 1
5062 5143 30994603 1
5117 5137 30994613 1
5149 5124 30994623 1
5161 5104 30994633 1
5161 5079 30994643 1
5133 5039 30994653 1
5080 4991 30994663 1
5008 4941 30994673 1
4941 4894 30994683 1
4897 4868 30994693 1
4869 4854 30994703 1
4879 4865 30994713 1
5356 5192 30994784 0
5540 5235 30994794 1
5589 5252 30994804 1
5632 5267 30994814 1
5663 5284 30994824 1
5686 5303 30994834 1
5692 5314 30994844 1
5692 5330 30994854 1
5683 5355 30994864 1
5671 5385 30994874 1
5656 5426 30994884 1
5638 5460 30994894 1
5616 5489 30994904 1
5595 5489 30994914 1
5570 5477 30994924 1
5543 5450 30994934 1
5512 5404 30994944 1
5478 5336 30994954 1
5441 5254 30994964 1
5416 5177 30994974 1
5397 5115 30994984 1
5402 5063 30994994 1
5420 5033 30995004 1
5458 5033 30995014 1
5518 5054 30995024 1
5593 5113 30995034 1
5667 5172 30995044 1
5717 5232 30995054 1
5752 5288 30995064 1
5759 5339 30995074 1
5754 5372 30995084 1
5742 5394 30995094 1
5737 5394 30995104 1
5737 5400 30995114 1
5737 5400 30995124 1
5737 5395 30995134 1
5732 5395 30995144 1
5732 5395 30995154 1
5732 5395 30995164 1
5732 5395 30995174 1
5737 5395 30995184 1
5737 5395 30995194 1
5737 5395 30995204 1
5748 5382 30995214 1
5759 5362 30995224 1
5774 5333 30995234 1
5790 5295 30995244 1
5811 5257 30995254 1
5839 5220 30995264 1
5877 5190 30995265 1
5936 5178 30995275 1
6007 5178 30995285 1
6085 5193 30995295 1
6372 5473 30995375 0
6374 5519 30995385 1
6352 5532 30995395 1
6321 5539 30995405 1
6300 5544 30995415 1
6279 5544 30995425 1
6258 5528 30995435 1
6240 5500 30995445 1
6224 5440 30995455 1
6213 5376 30995465 1
6213 5304 30995475 1
6213 5244 30995485 1
6213 5192 30995495 1
6220 5161 30995505 1
6227 5145 30995515 1
6234 5138 30995525 1
6244 5138 30995535 1
6257 5162 30995545 1
6291 5198 30995555 1
6330 5264 30995565 1
6374 5345 30995575 1
6420 5435 30995585 1
6465 5487 30995595 1
6501 5517 30995605 1
6530 5532 30995615 1
6550 5526 30995625 1
6569 5504 30995635 1
6586 5471 30995645 1
6610 5421 30995655 1
6633 5375 30995665 1
6659 5332 30995675 1
6691 5299 30995685 1
6727 5284 30995695 1
6769 5284 30995705 1
6825 5296 30995715 1
6889 5324 30995725 1
6948 5361 30995735 1
6998 5400 30995745 1
7043 5438 30995755 1
7073 5480 30995765 1
7091 5525 30995775 1
7101 5576 30995785 1
7094 5621 30995795 1
7079 5656 30995805 1
7059 5674 30995815 1
7035 5682 30995826 1
7035 5682 30995836 1
6988 5659 30995846 1
6963 5623 30995856 1
6941 5573 30995866 1
6921 5502 30995876 1
6907 5431 30995886 1
6900 5362 30995896 1
6909 5316 30995906 1
6926 5284 30995916 1
6954 5273 30995926 1
6987 5287 30995936 1
7028 5317 30995946 1
7073 5361 30995956 1
7113 5418 30995966 1
7150 5484 30995976 1
7180 5534 30995986 1
7195 5552 30995996 1
7195 5552 30996006 1
7215 5530 30996016 1
7235 5489 30996026 1
7278 5434 30996036 1
7334 5369 30996046 1
7400 5313 30996056 1
7467 5282 30996066 1
7536 5265 30996076 1
