245
7234 6529 69000627 0
7319 6658 69000637 1
7236 6697 69000647 1
7180 6711 69000657 1
7054 6692 69000667 1
6882 6604 69000677 1
6635 6471 69000687 1
6392 6287 69000697 1
6133 6044 69000707 1
5862 5762 69000717 1
5550 5444 69000727 1
5258 5069 69000737 1
4979 4655 69000747 1
4835 4424 69000757 1
4835 4272 69000767 1
4924 4172 69000777 1
5103 4142 69000787 1
5332 4158 69000797 1
5593 4206 69000807 1
5826 4206 69000817 1
5944 4097 69000827 1
5986 3908 69000837 1
5916 3607 69000847 1
5778 3302 69000857 1
5595 2995 69000867 1
5375 2671 69000877 1
5152 2440 69000887 1
4927 2272 69000897 1
4823 2179 69000907 1
4772 2144 69000917 1
4756 2149 69000927 1
4819 2257 69000937 1
4996 2472 69000947 1
5250 2759 69000957 1
5589 3121 69000967 1
5941 3466 69000977 1
6302 3801 69000987 1
6567 4031 69000997 1
6746 4142 69001007 1
6868 4174 69001017 1
6882 4197 69001027 1
6854 4197 69001037 1
6798 4158 69001047 1
6756 4104 69001057 1
6740 4085 69001067 1
6740 4078 69001077 1
6740 4078 69001087 1
6752 4083 69001097 1
6767 4083 69001107 1
6787 4090 69001117 1
6804 4096 69001127 1
6809 4096 69001137 1
6809 4096 69001147 1
6809 4096 69001157 1
6809 4096 69001167 1
6804 4088 69001177 1
6804 4074 69001187 1
6793 4044 69001197 1
6784 4003 69001207 1
6776 3956 69001217 1
6771 3907 69001227 1
6771 3855 69001237 1
6771 3811 69001247 1
6786 3774 69001257 1
6802 3742 69001267 1
6823 3722 69001277 1
6849 3711 69001287 1
6897 3720 69001297 1
6960 3784 69001307 1
7053 3884 69001317 1
7130 3984 69001327 1
7196 4086 69001337 1
7226 4171 69001347 1
7231 4245 69001357 1
7220 4300 69001367 1
7212 4328 69001377 1
7206 4338 69001387 1
7206 4338 69001397 1
7206 4329 69001407 1
7213 4285 69001417 1
7213 4216 69001427 1
7213 4123 69001437 1
7213 4029 69001447 1
7213 3955 69001457 1
7237 3895 69001467 1
7275 3860 69001477 1
7329 3854 69001487 1
7382 3867 69001497 1
7433 3906 69001507 1
7488 3952 69001517 1
7546 4003 69001527 1
7605 4060 69001537 1
7690 4133 69001547 1
7777 4217 69001557 1
7868 4319 69001567 1
7927 4419 69001577 1
7964 4518 69001587 1
7971 4591 69001597 1
7971 4659 69001607 1
7965 4702 69001617 1
7959 4729 69001627 1
7959 4729 69001637 1
7959 4735 69001647 1
7959 4735 69001657 1
7964 4721 69001667 1
7956 4703 69001677 1
7938 4660 69001687 1
7881 4603 69001697 1
7814 4515 69001707 1
7740 4414 69001717 1
7681 4304 69001727 1
7659 4233 69001737 1
7659 4188 69001747 1
7696 4161 69001757 1
7762 4161 69001767 1
7848 4182 69001777 1
7927 4212 69001787 1
7966 4225 69001797 1
7979 4214 69001807 1
7964 4188 69001817 1
7910 4128 69001827 1
7830 4053 69001837 1
7735 3967 69001847 1
7632 3875 69001857 1
7523 3785 69001867 1
7449 3736 69001877 1
7424 3713 69001887 1
7432 3721 69001897 1
7484 3783 69001907 1
7597 3881 69001917 1
7941 4134 69001939 0
8231 4388 69001949 1
8316 4464 69001959 1
8350 4514 69001969 1
8350 4540 69001979 1
8317 4561 69001989 1
8279 4580 69001999 1
8238 4601 69002009 1
8215 4618 69002019 1
8197 4632 69002029 1
8192 4640 69002039 1
8185 4640 69002049 1
8177 4632 69002059 1
8130 4565 69002069 1
8086 4459 69002079 1
8043 4364 69002089 1
8030 4290 69002099 1
8039 4230 69002109 1
8063 4206 69002119 1
8102 4206 69002129 1
8158 4230 69002139 1
8225 4281 69002149 1
8284 4340 69002159 1
8323 4404 69002169 1
8349 4464 69002169 1
8365 4522 69002179 1
8375 4577 69002189 1
8380 4611 69002199 1
8380 4632 69002209 1
8380 4632 69002219 1
8380 4612 69002229 1
8380 4573 69002239 1
8374 4492 69002249 1
8360 4430 69002259 1
8373 4380 69002269 1
8391 4359 69002279 1
8441 4372 69002289 1
8511 4409 69002299 1
8564 4456 69002309 1
8605 4504 69002319 1
8639 4554 69002329 1
8658 4598 69002339 1
8673 4639 69002349 1
8685 4676 69002359 1
8685 4691 69002369 1
8685 4691 69002379 1
8685 4682 69002389 1
8661 4641 69002399 1
8628 4580 69002409 1
8587 4520 69002419 1
8571 4469 69002429 1
8571 4425 69002439 1
8571 4402 69002449 1
8577 4396 69002459 1
8586 4402 69002469 1
8597 4430 69002479 1
8611 4474 69002489 1
8630 4529 69002499 1
8655 4592 69002509 1
8697 4668 69002519 1
8749 4754 69002529 1
8802 4845 69002539 1
8832 4889 69002549 1
8847 4901 69002559 1
8837 4882 69002569 1
8828 4831 69002579 1
8795 4758 69002589 1
8745 4677 69002599 1
8712 4606 69002609 1
8705 4542 69002619 1
8714 4496 69002629 1
8750 4477 69002639 1
8820 4477 69002649 1
8913 4498 69002659 1
8981 4528 69002669 1
9043 4562 69002679 1
9100 4610 69002689 1
9165 4668 69002699 1
9240 4734 69002709 1
9322 4801 69002719 1
9351 4862 69002729 1
9351 4913 69002739 1
9338 4962 69002749 1
9304 5011 69002759 1
9264 5042 69002769 1
9220 5048 69002779 1
9180 5038 69002789 1
9137 4995 69002799 1
9087 4904 69002809 1
9034 4781 69002819 1
8998 4680 69002829 1
8981 4601 69002839 1
8981 4536 69002849 1
9000 4509 69002859 1
9042 4514 69002869 1
9097 4541 69002879 1
9159 4598 69002889 1
9213 4658 69002899 1
9246 4720 69002909 1
9268 4781 69002919 1
9268 4840 69002929 1
9261 4863 69002939 1
9246 4863 69002949 1
9175 4796 69002959 1
9158 4740 69002960 1
9176 4693 69002970 1
9232 4657 69002980 1
9342 4646 69002990 1
9487 4651 69003000 1
9678 4687 69003010 1
9836 4722 69003020 1
9971 4757 69003030 1
10004 4751 69003040 1
9986 4716 69003050 1
9934 4670 69003060 1
