234
6714 5902 68956454 0
6631 5951 68956464 1
6552 6014 68956474 1
6465 6005 68956484 1
6360 5994 68956494 1
6207 5981 68956504 1
6022 5875 68956514 1
5836 5724 68956524 1
5629 5544 68956534 1
5407 5322 68956544 1
5196 5069 68956554 1
4990 4796 68956564 1
4877 4591 68956574 1
4825 4477 68956584 1
4891 4424 68956594 1
5056 4406 68956604 1
5287 4447 68956614 1
5551 4527 68956624 1
5803 4562 68956634 1
6046 4525 68956644 1
6212 4441 68956654 1
6254 4235 68956664 1
6212 3972 68956674 1
6064 3672 68956684 1
5850 3390 68956694 1
5591 3064 68956704 1
5310 2708 68956714 1
5096 2474 68956724 1
4926 2355 68956734 1
4874 2314 68956744 1
4907 2354 68956754 1
4996 2517 68956764 1
5210 2763 68956774 1
5478 3087 68956784 1
5783 3417 68956794 1
6031 3752 68956804 1
6245 4032 68956814 1
6435 4216 68956824 1
6543 4335 68956834 1
6591 4384 68956844 1
6600 4392 68956854 1
6592 4374 68956864 1
6592 4374 68956874 1
6542 4285 68956884 1
6506 4194 68956894 1
6487 4115 68956904 1
6478 4030 68956914 1
6485 3936 68956924 1
6497 3828 68956934 1
6532 3711 68956944 1
6581 3646 68956954 1
6631 3622 68956964 1
6704 3622 68956974 1
6792 3697 68956984 1
6889 3811 68956994 1
6950 3953 68957004 1
6987 4073 68957014 1
7011 4197 68957024 1
7019 4315 68957034 1
7019 4428 68957044 1
7019 4469 68957054 1
7014 4474 68957064 1
7014 4456 68957074 1
7014 4377 68957084 1
7014 4264 68957094 1
7014 4128 68957104 1
7023 4036 68957114 1
7075 3984 68957124 1
7156 3959 68957134 1
7257 3971 68957144 1
7384 4026 68957154 1
7527 4109 68957164 1
7661 4204 68957174 1
7789 4312 68957184 1
7914 4428 68957194 1
7979 4539 68957204 1
8016 4646 68957214 1
8034 4706 68957224 1
8022 4736 68957234 1
7995 4743 68957244 1
7958 4743 68957254 1
7922 4737 68957264 1
7886 4723 68957274 1
7874 4723 68957284 1
7874 4723 68957294 1
7874 4723 68957304 1
7882 4729 68957314 1
7888 4734 68957324 1
7888 4734 68957334 1
7883 4734 68957344 1
7858 4718 68957354 1
7821 4671 68957364 1
7777 4601 68957374 1
7730 4508 68957384 1
7688 4414 68957394 1
7677 4345 68957404 1
7686 4293 68957414 1
7715 4269 68957424 1
7787 4282 68957434 1
7888 4321 68957444 1
8004 4396 68957454 1
8122 4472 68957464 1
8248 4551 68957474 1
8352 4598 68957484 1
8439 4620 68957494 1
8464 4592 68957504 1
8428 4510 68957514 1
8352 4392 68957524 1
8236 4224 68957534 1
8147 4138 68957544 1
8076 4106 68957554 1
8029 4073 68957564 1
8015 4073 68957574 1
8023 4095 68957584 1
8047 4146 68957594 1
8103 4228 68957595 1
8179 4330 68957605 1
8267 4442 68957615 1
8355 4552 68957625 1
8440 4659 68957635 1
8506 4750 68957645 1
8562 4832 68957655 1
8616 4914 68957665 1
8675 4995 68957675 1
8706 5076 68957685 1
8716 5111 68957695 1
8706 5143 68957705 1
8691 5156 68957715 1
8673 5156 68957725 1
8657 5156 68957735 1
8644 5156 68957745 1
8635 5161 68957755 1
8629 5161 68957765 1
8622 5161 68957775 1
8609 5167 68957785 1
8593 5167 68957795 1
8570 5158 68957805 1
8538 5122 68957815 1
8499 5068 68957825 1
8469 4976 68957835 1
8441 4851 68957845 1
8421 4704 68957855 1
8432 4610 68957865 1
8462 4559 68957875 1
8505 4538 68957885 1
8565 4563 68957895 1
8635 4631 68957905 1
8708 4728 68957915 1
8756 4838 68957925 1
8787 4928 68957935 1
8792 5005 68957945 1
8785 5066 68957955 1
8769 5090 68957965 1
8752 5090 68957975 1
8735 5066 68957985 1
8718 4993 68957995 1
8718 4886 68958005 1
8728 4780 68958015 1
8750 4723 68958025 1
8813 4699 68958035 1
8903 4726 68958045 1
9000 4807 68958055 1
9096 4925 68958065 1
9179 5036 68958075 1
9254 5142 68958085 1
9311 5241 68958095 1
9341 5334 68958105 1
9354 5398 68958115 1
9354 5444 68958125 1
9354 5444 68958135 1
9346 5414 68958145 1
9336 5364 68958155 1
9329 5271 68958165 1
9329 5181 68958175 1
9329 5092 68958185 1
9329 5013 68958195 1
9351 4968 68958205 1
9381 4946 68958215 1
9394 4946 68958225 1
9403 4974 68958235 1
9409 5011 68958245 1
9409 5062 68958255 1
9415 5140 68958265 1
9423 5236 68958275 1
9454 5365 68958285 1
9486 5441 68958295 1
9515 5482 68958305 1
9543 5473 68958315 1
9571 5425 68958325 1
9600 5351 68958335 1
9620 5273 68958345 1
9635 5193 68958355 1
9647 5130 68958365 1
9675 5080 68958375 1
9713 5060 68958385 1
9753 5066 68958395 1
9813 5089 68958405 1
9886 5137 68958415 1
9969 5193 68958425 1
10053 5255 68958435 1
10141 5336 68958445 1
10233 5432 68958455 1
10310 5539 68958465 1
10377 5641 68958475 1
10420 5738 68958485 1
10420 5826 68958496 1
10402 5904 68958506 1
10357 5944 68958516 1
10299 5959 68958526 1
10231 5931 68958536 1
10144 5845 68958546 1
10081 5721 68958556 1
10034 5594 68958566 1
10004 5459 68958576 1
10004 5320 68958586 1
10013 5241 68958596 1
10058 5217 68958606 1
10129 5229 68958616 1
10216 5310 68958626 1
10315 5418 68958636 1
10385 5544 68958646 1
10436 5637 68958656 1
10449 5706 68958666 1
10449 5758 68958676 1
10432 5758 68958686 1
10414 5725 68958696 1
10395 5663 68958706 1
10376 5540 68958716 1
10376 5408 68958726 1
10412 5271 68958736 1
10474 5202 68958746 1
10576 5202 68958756 1
10717 5260 68958766 1
10885 5403 68958776 1
