251
2964 5773 1436315 0
2886 5667 1436325 1
2840 5633 1436335 1
2797 5610 1436345 1
2759 5504 1436355 1
2728 5444 1436365 1
2744 5415 1436375 1
2790 5430 1436385 1
2943 5506 1436395 1
3221 5622 1436405 1
3583 5805 1436415 1
4006 6010 1436425 1
4423 6229 1436435 1
4836 6355 1436445 1
5056 6427 1436455 1
5182 6464 1436465 1
5245 6475 1436475 1
5213 6475 1436485 1
5135 6457 1436495 1
5027 6468 1436505 1
4920 6483 1436515 1
4502 6611 1436565 0
4455 6791 1436575 1
4455 6899 1436585 1
4475 6989 1436595 1
4499 7014 1436605 1
4528 6996 1436615 1
4543 6940 1436625 1
4549 6812 1436635 1
4549 6636 1436645 1
4549 6371 1436655 1
4549 6013 1436665 1
4549 5593 1436675 1
4549 5080 1436685 1
4502 4642 1436695 1
4458 4253 1436705 1
4437 3918 1436715 1
4430 3668 1436725 1
4430 3476 1436735 1
4439 3353 1436745 1
4439 3287 1436755 1
4448 3258 1436765 1
4455 3276 1436775 1
4455 3333 1436785 1
4362 5889 1436956 0
4455 5991 1436966 1
4450 6034 1436976 1
4423 6034 1436986 1
4373 6007 1436996 1
4307 5907 1437006 1
4203 5716 1437016 1
4073 5464 1437026 1
3926 5124 1437036 1
3786 4773 1437046 1
3620 4416 1437056 1
3436 4093 1437066 1
3289 3861 1437076 1
3195 3690 1437086 1
3135 3625 1437096 1
3135 3633 1437106 1
3178 3689 1437116 1
3253 3821 1437126 1
3354 4014 1437136 1
3887 5100 1437186 0
4076 5589 1437196 1
4150 5723 1437206 1
4211 5768 1437216 1
4278 5755 1437226 1
4366 5695 1437236 1
4467 5596 1437246 1
4596 5472 1437256 1
4724 5365 1437266 1
4851 5287 1437276 1
4941 5229 1437286 1
5007 5195 1437296 1
5017 5188 1437306 1
5001 5200 1437316 1
5235 7239 1437497 0
5235 7239 1437507 1
5166 7288 1437517 1
5177 7330 1437527 1
5249 7285 1437537 1
5365 7177 1437547 1
5456 7026 1437557 1
5529 6852 1437567 1
5587 6674 1437577 1
5601 6489 1437587 1
5586 6300 1437597 1
5549 6157 1437607 1
5514 6045 1437617 1
5482 5954 1437627 1
5455 5910 1437637 1
5440 5897 1437647 1
5431 5918 1437657 1
5425 6010 1437667 1
5445 6150 1437677 1
5483 6358 1437687 1
5554 6617 1437697 1
5667 6911 1437707 1
5808 7140 1437717 1
5948 7285 1437727 1
6080 7374 1437737 1
6207 7413 1437747 1
6326 7413 1437757 1
6448 7382 1437767 1
6572 7337 1437777 1
6674 7251 1437787 1
6741 7138 1437797 1
6784 6937 1437807 1
6769 6689 1437817 1
6703 6409 1437827 1
6603 6134 1437837 1
6475 5894 1437847 1
6318 5678 1437857 1
6141 5487 1437867 1
5979 5296 1437877 1
5835 5170 1437887 1
5702 5088 1437897 1
5610 5088 1437907 1
5543 5155 1437917 1
5493 5270 1437927 1
5484 5453 1437937 1
5539 5589 1437947 1
5637 5695 1437957 1
5736 5798 1437967 1
5856 5916 1437977 1
5990 6044 1437987 1
6153 6147 1437997 1
6339 6259 1438007 1
6539 6378 1438017 1
6668 6483 1438027 1
6707 6521 1438037 1
6686 6514 1438047 1
6600 6457 1438057 1
6492 6374 1438067 1
5846 5050 1438268 0
5688 4911 1438278 1
5604 4863 1438288 1
5523 4840 1438298 1
5478 4831 1438308 1
5455 4831 1438318 1
5471 4877 1438328 1
5543 4950 1438338 1
5653 5042 1438348 1
5847 5122 1438358 1
6046 5201 1438368 1
6269 5270 1438378 1
6507 5332 1438388 1
6710 5392 1438398 1
6867 5447 1438408 1
6992 5470 1438418 1
7029 5470 1438428 1
7008 5448 1438438 1
6947 5351 1438448 1
6815 5206 1438458 1
6649 5023 1438468 1
6459 4803 1438478 1
6268 4558 1438488 1
6080 4305 1438498 1
5893 4076 1438508 1
5704 3862 1438518 1
5527 3654 1438528 1
5361 3500 1438538 1
5141 3382 1438548 1
5025 3312 1438558 1
4978 3312 1438568 1
4999 3348 1438578 1
5131 3471 1438588 1
5336 3641 1438598 1
5623 3842 1438608 1
5975 4044 1438618 1
6370 4243 1438628 1
6776 4393 1438638 1
7161 4511 1438648 1
7533 4561 1438658 1
7879 4536 1438668 1
8158 4462 1438678 1
8393 4320 1438688 1
8560 4149 1438698 1
8639 3959 1438708 1
8660 3738 1438718 1
8628 3514 1438728 1
8523 3284 1438738 1
8369 3048 1438748 1
8149 2809 1438758 1
7883 2561 1438768 1
7586 2337 1438778 1
7264 2128 1438788 1
6942 1998 1438798 1
6658 1973 1438808 1
6398 2017 1438818 1
6210 2109 1438828 1
6103 2196 1438838 1
6049 2287 1438848 1
6731 4035 1439049 0
6731 4035 1439059 1
6656 4052 1439069 1
6596 4069 1439079 1
6545 4019 1439089 1
6498 3940 1439099 1
6411 3842 1439109 1
6265 3698 1439119 1
6079 3553 1439129 1
5882 3404 1439139 1
5670 3248 1439149 1
5449 3109 1439159 1
5297 2982 1439169 1
5239 2940 1439179 1
5244 2970 1439189 1
5361 3047 1439199 1
5592 3219 1439209 1
5900 3397 1439219 1
6237 3578 1439229 1
6601 3720 1439239 1
6982 3830 1439249 1
7235 3918 1439259 1
7412 3946 1439269 1
7538 3929 1439279 1
7575 3882 1439289 1
7541 3801 1439299 1
7459 3670 1439309 1
7295 3507 1439319 1
7078 3324 1439329 1
6826 3136 1439339 1
6541 2946 1439349 1
6261 2775 1439359 1
5984 2649 1439369 1
5773 2554 1439379 1
5634 2524 1439389 1
5542 2534 1439399 1
5533 2571 1439409 1
5609 2635 1439419 1
5741 2735 1439429 1
5962 2858 1439439 1
6250 2950 1439449 1
6583 3041 1439459 1
6930 3105 1439469 1
7214 3152 1439479 1
7456 3180 1439489 1
7593 3180 1439499 1
7634 3167 1439509 1
7612 3114 1439519 1
7486 2987 1439529 1
7244 2811 1439539 1
6924 2586 1439549 1
6552 2358 1439559 1
6170 2116 1439569 1
5780 1865 1439579 1
5410 1636 1439589 1
5103 1476 1439599 1
4837 1362 1439609 1
