342
4471 5474 1200696 4
3592 4830 1200886 0
3592 4830 1200896 1
3461 4730 1200906 1
3454 4739 1200916 1
3466 4739 1200926 1
3488 4739 1200936 1
3514 4739 1200946 1
3545 4739 1200956 1
3619 4746 1200966 1
3721 4790 1200976 1
3867 4879 1200986 1
4077 4997 1200996 1
4077 4997 1201006 5
4584 5294 1201016 5
4850 5442 1201026 5
5066 5546 1201036 5
5245 5623 1201046 5
5409 5683 1201056 5
5543 5739 1201066 5
5657 5791 1201076 5
5743 5836 1201086 5
5789 5870 1201096 5
5807 5882 1201106 5
5775 5882 1201116 5
5775 5882 1201126 1
5614 5844 1201136 1
4780 5892 1201217 0
4792 5997 1201227 1
4792 6035 1201237 1
4792 6051 1201247 1
4805 6051 1201257 1
4831 6065 1201267 1
4864 6074 1201277 1
4900 6074 1201287 1
4944 6054 1201297 1
4993 6019 1201307 1
5042 5937 1201317 1
5081 5795 1201327 1
5113 5612 1201337 1
5113 5612 1201347 5
5147 5030 1201357 5
5158 4645 1201367 5
5184 4281 1201377 5
5211 3979 1201387 5
5239 3718 1201397 5
5257 3535 1201407 5
5270 3427 1201417 5
5276 3370 1201427 5
5268 3362 1201437 5
5251 3384 1201447 5
5227 3426 1201457 5
5227 3426 1201467 4
5148 3597 1201477 4
4904 4887 1201557 0
5084 5182 1201567 1
5047 5264 1201577 1
5047 5337 1201587 1
5078 5357 1201597 1
5102 5348 1201607 1
5126 5320 1201617 1
5116 5187 1201627 1
5083 4981 1201637 1
5017 4726 1201647 1
4935 4472 1201657 1
4843 4212 1201667 1
4762 4006 1201677 1
4700 3838 1201687 1
4651 3743 1201697 1
4651 3713 1201707 1
4651 3726 1201717 1
4664 3789 1201727 1
4691 3927 1201737 1
4733 4114 1201747 1
4776 4331 1201757 1
4836 4454 1201767 1
4908 4515 1201777 1
4975 4530 1201787 1
4975 4530 1201797 5
5110 4471 1201807 5
5178 4435 1201817 5
5246 4407 1201827 5
5318 4384 1201837 5
5392 4384 1201847 5
5465 4384 1201857 5
5525 4392 1201867 5
5577 4378 1201877 5
5604 4360 1201887 5
5604 4360 1201897 4
5586 4265 1201907 4
5551 4232 1201917 4
5212 5952 1202449 0
5206 6076 1202459 1
5213 6152 1202469 1
5230 6226 1202479 1
5251 6295 1202489 1
5265 6322 1202499 1
5276 6322 1202509 1
5299 6300 1202519 1
5315 6216 1202529 1
5325 6091 1202539 1
5325 5910 1202549 1
5315 5727 1202559 1
5307 5578 1202569 1
5307 5452 1202579 1
5307 5336 1202589 1
5324 5258 1202599 1
5344 5205 1202609 1
5364 5181 1202619 1
5376 5176 1202629 1
5384 5183 1202639 1
5390 5220 1202649 1
5390 5315 1202659 1
5390 5449 1202669 1
5378 5600 1202679 1
5365 5773 1202689 1
5350 5961 1202699 1
5343 6137 1202709 1
5360 6290 1202719 1
5392 6429 1202729 1
5434 6512 1202739 1
5500 6574 1202749 1
5583 6622 1202759 1
5661 6637 1202769 1
5724 6618 1202779 1
5778 6577 1202789 1
5810 6484 1202799 1
5810 6324 1202809 1
5800 6119 1202819 1
5767 5888 1202829 1
5728 5672 1202839 1
5685 5467 1202849 1
5666 5297 1202859 1
5652 5179 1202869 1
5642 5095 1202879 1
5647 5075 1202889 1
5647 5075 1202899 1
5653 5100 1202909 1
5653 5171 1202919 1
5653 5268 1202929 1
5644 5383 1202939 1
5624 5475 1202949 1
5580 5534 1202959 1
5533 5572 1202969 1
5361 5588 1203039 0
5361 5588 1203049 1
5389 5652 1203059 1
5416 5688 1203069 1
5459 5738 1203079 1
5513 5790 1203089 1
5571 5844 1203099 1
5627 5889 1203109 1
5659 5899 1203119 1
5676 5885 1203129 1
5659 5836 1203139 1
5606 5748 1203149 1
5528 5633 1203159 1
5449 5524 1203169 1
5372 5444 1203179 1
5333 5383 1203189 1
5317 5377 1203199 1
5317 5383 1203209 1
5338 5396 1203219 1
5366 5411 1203229 1
5404 5425 1203239 1
5444 5439 1203249 1
5487 5454 1203259 1
5534 5466 1203269 1
5569 5473 1203279 1
5597 5473 1203289 1
5611 5473 1203299 1
5617 5473 1203309 1
5617 5473 1203319 1
5611 5466 1203329 1
5116 4723 1203420 0
5073 4656 1203430 1
5056 4656 1203440 1
5088 4669 1203450 1
5157 4721 1203460 1
5250 4808 1203470 1
5371 4919 1203480 1
5495 5029 1203490 1
5625 5122 1203500 1
5743 5204 1203510 1
5854 5261 1203520 1
5931 5299 1203530 1
5988 5325 1203540 1
6031 5337 1203550 1
6050 5337 1203560 1
6045 5323 1203570 1
6024 5269 1203580 1
5962 5178 1203590 1
5870 5062 1203600 1
5757 4932 1203610 1
5641 4802 1203620 1
5532 4678 1203630 1
5449 4587 1203640 1
5380 4514 1203650 1
5326 4475 1203660 1
5286 4452 1203670 1
5256 4439 1203680 1
5241 4431 1203690 1
5231 4422 1203700 1
5231 4413 1203710 1
5239 4404 1203720 1
5256 4396 1203730 1
5300 4409 1203740 1
5361 4436 1203750 1
5466 4516 1203760 1
5609 4636 1203770 1
5778 4782 1203780 1
5941 4928 1203790 1
5941 4928 1203800 5
6331 5141 1203810 5
6519 5217 1203820 5
6709 5261 1203830 5
6901 5285 1203840 5
7042 5267 1203850 5
7148 5210 1203860 5
7225 5127 1203870 5
7251 4993 1203880 5
7243 4806 1203890 5
7196 4583 1203900 5
7138 4332 1203910 5
7073 4092 1203920 5
7022 3860 1203930 5
6982 3721 1203940 5
6949 3633 1203950 5
6889 3578 1203960 5
6783 3546 1203970 5
6647 3540 1203980 5
6490 3551 1203990 5
6330 3587 1204000 5
6330 3587 1204010 4
6046 3777 1204020 4
5925 4670 1204141 0
5936 4842 1204151 1
5951 4922 1204161 1
5971 4988 1204171 1
6010 5041 1204181 1
6025 5026 1204191 1
6025 4965 1204201 1
5973 4819 1204211 1
5894 4642 1204221 1
5797 4445 1204231 1
5710 4278 1204241 1
5665 4178 1204251 1
5649 4122 1204261 1
5678 4135 1204271 1
5750 4202 1204281 1
5851 4305 1204291 1
5947 4453 1204301 1
6046 4601 1204311 1
6152 4749 1204321 1
6261 4840 1204331 1
6352 4892 1204341 1
6352 4892 1204351 5
6465 4825 1204361 5
6465 4722 1204371 5
6430 4597 1204381 5
6360 4432 1204391 5
6250 4240 1204401 5
6112 4054 1204411 5
5976 3897 1204421 5
5854 3759 1204431 5
5742 3658 1204441 5
5636 3616 1204451 5
5576 3616 1204461 5
5546 3657 1204471 5
5567 3742 1204481 5
5645 3855 1204491 5
5761 3993 1204501 5
5913 4147 1204511 5
6068 4313 1204521 5
6231 4466 1204531 5
6399 4562 1204541 5
6511 4621 1204551 5
6574 4621 1204561 5
6604 4545 1204571 5
6569 4428 1204581 5
6481 4222 1204591 5
6358 4014 1204601 5
6193 3825 1204611 5
6052 3651 1204621 5
5928 3536 1204631 5
5839 3483 1204641 5
5783 3471 1204651 5
5749 3513 1204661 5
5763 3622 1204671 5
5816 3776 1204681 5
5895 3960 1204691 5
6003 4122 1204701 5
6134 4270 1204711 5
6281 4381 1204721 5
6410 4443 1204731 5
6514 4472 1204741 5
6600 4444 1204751 5
6646 4357 1204761 5
6646 4231 1204771 5
6605 4050 1204781 5
6518 3846 1204791 5
6404 3628 1204801 5
6272 3456 1204811 5
6146 3327 1204821 5
6042 3227 1204831 5
5952 3185 1204841 5
5882 3194 1204851 5
5844 3237 1204861 5
5828 3324 1204871 5
5870 3411 1204881 5
5946 3497 1204891 5
6044 3565 1204901 5
6138 3595 1204911 5
6175 3600 1204921 5
6175 3531 1204931 5
6175 3531 1204941 4
6019 3192 1204951 4
6019 3192 1204972 5
5779 2801 1204982 5
5639 2602 1204992 5
5490 2452 1205002 5
5379 2333 1205012 5
5313 2296 1205022 5
5313 2296 1205032 4
5287 2524 1205042 4
5333 2767 1205052 4
5404 3024 1205062 4
5444 3291 1205072 4
5490 3535 1205082 4
5556 3784 1205092 4
5632 3990 1205102 4
5699 4166 1205112 4
5777 4301 1205122 4
5862 4437 1205132 4
5917 4575 1205142 4
5924 4575 1205152 4
5899 4520 1205162 4
5931 4421 1205172 4
5967 4335 1205182 4
6006 4171 1205192 4
6006 4171 1205202 4
5291 2141 1205463 4
