223
4356 5413 775925 0
4356 5413 775935 1
4356 5413 775945 1
4356 5413 775955 1
4356 5413 775965 1
4356 5413 775975 1
4356 5413 775985 1
4356 5413 775995 1
4475 5434 776005 1
4627 5479 776015 1
4817 5527 776025 1
5013 5577 776035 1
5242 5623 776045 1
5493 5666 776055 1
5710 5703 776065 1
5890 5736 776075 1
6044 5763 776085 1
6160 5784 776095 1
6243 5798 776105 1
6304 5806 776115 1
6321 5806 776125 1
6295 5811 776135 1
5607 6553 776236 0
5628 6828 776246 1
5647 6976 776256 1
5683 7133 776266 1
5723 7205 776276 1
5750 7213 776286 1
5770 7179 776296 1
5791 7047 776306 1
5791 6774 776316 1
5770 6408 776326 1
5744 5949 776336 1
5719 5487 776346 1
5695 5066 776356 1
5684 4673 776366 1
5684 4379 776376 1
5702 4152 776386 1
5724 3969 776396 1
5745 3857 776406 1
5765 3799 776416 1
5774 3776 776426 1
5774 3776 776436 1
5763 3826 776446 1
5743 3903 776456 1
5719 4029 776466 1
5702 4209 776476 1
5734 5436 776536 0
5809 5788 776546 1
5823 5906 776556 1
5823 5955 776566 1
5809 5955 776576 1
5773 5914 776586 1
5725 5782 776596 1
5649 5592 776606 1
5558 5328 776616 1
5458 5059 776626 1
5397 4851 776636 1
5318 4685 776646 1
5228 4621 776656 1
5220 4609 776666 1
5244 4631 776676 1
5290 4712 776686 1
5369 4839 776696 1
5471 4996 776706 1
5589 5114 776716 1
5723 5185 776726 1
5860 5225 776736 1
5981 5225 776746 1
6090 5200 776756 1
6202 5162 776766 1
6304 5112 776776 1
6398 5067 776786 1
6465 5025 776796 1
6503 5000 776806 1
6521 4987 776816 1
6521 4987 776826 1
6499 4987 776836 1
6586 6508 776977 0
6690 6782 776987 1
6728 6883 776997 1
6767 6945 777007 1
6794 6952 777017 1
6814 6923 777027 1
6819 6825 777037 1
6798 6657 777047 1
6759 6442 777057 1
6723 6167 777067 1
6705 5940 777077 1
6700 5745 777087 1
6705 5627 777097 1
6711 5537 777107 1
6716 5466 777117 1
6716 5435 777127 1
6716 5427 777137 1
6716 5434 777147 1
6711 5474 777157 1
6711 5568 777167 1
6726 5699 777177 1
6751 5868 777187 1
6785 6041 777197 1
6833 6218 777207 1
6889 6381 777217 1
6941 6541 777227 1
6993 6655 777237 1
7032 6740 777247 1
7062 6778 777257 1
7081 6786 777267 1
7102 6773 777277 1
7125 6727 777287 1
7148 6603 777297 1
7148 6428 777307 1
7143 6192 777317 1
7129 5977 777327 1
7112 5777 777337 1
7094 5626 777347 1
7073 5510 777357 1
7054 5417 777367 1
7040 5377 777377 1
7030 5369 777387 1
7009 5383 777397 1
6981 5432 777407 1
6947 5509 777417 1
6917 5606 777427 1
6894 5719 777437 1
6889 5839 777447 1
6895 5965 777457 1
6920 6050 777467 1
6947 6098 777477 1
6975 6122 777487 1
6998 6122 777497 1
7019 6111 777507 1
7038 6088 777517 1
7066 6043 777527 1
6826 5398 777648 0
6668 5299 777658 1
6569 5279 777668 1
6528 5253 777678 1
6528 5247 777688 1
6491 5255 777698 1
6505 5270 777708 1
6550 5305 777718 1
6616 5354 777728 1
6715 5399 777738 1
6837 5439 777748 1
6952 5469 777758 1
7044 5469 777768 1
7120 5461 777778 1
7159 5429 777788 1
7159 5371 777798 1
7130 5297 777808 1
7057 5199 777818 1
6945 5105 777828 1
6808 5014 777838 1
6640 4928 777848 1
6477 4859 777858 1
6345 4802 777868 1
6232 4764 777878 1
6170 4753 777888 1
6170 4759 777898 1
6201 4790 777908 1
6322 4855 777918 1
6506 4942 777928 1
6733 5023 777938 1
7010 5102 777948 1
7291 5154 777958 1
7564 5190 777968 1
7829 5190 777978 1
8077 5190 777988 1
8276 5139 777998 1
8442 5058 778008 1
8525 4952 778018 1
8525 4808 778028 1
8458 4640 778038 1
8314 4487 778048 1
8115 4337 778058 1
7880 4188 778068 1
7601 4069 778078 1
7326 3977 778088 1
7088 3903 778098 1
6873 3846 778108 1
6679 3815 778118 1
6550 3802 778128 1
6465 3825 778138 1
7578 5142 778259 0
7476 5083 778269 1
7342 5033 778279 1
7169 4946 778289 1
7002 4837 778299 1
6828 4733 778309 1
6648 4645 778319 1
6488 4567 778329 1
6373 4519 778339 1
6287 4502 778349 1
6280 4507 778359 1
6339 4537 778369 1
6442 4589 778379 1
6613 4657 778389 1
6835 4723 778399 1
7091 4788 778409 1
7363 4833 778419 1
7601 4866 778429 1
7815 4866 778439 1
7937 4819 778449 1
7962 4749 778459 1
7922 4665 778469 1
7776 4558 778479 1
7588 4435 778489 1
7373 4334 778499 1
7118 4247 778509 1
6869 4169 778519 1
6624 4121 778529 1
6413 4098 778539 1
6285 4093 778549 1
6211 4114 778559 1
6232 4184 778569 1
6361 4288 778579 1
6561 4436 778589 1
6829 4550 778599 1
7061 4641 778609 1
7269 4677 778619 1
7388 4662 778629 1
7414 4613 778639 1
