218
4080 4987 424750 0
4069 4879 424760 1
4015 4854 424770 1
3938 4849 424780 1
3933 4841 424790 1
3974 4833 424800 1
4046 4849 424810 1
4177 4880 424820 1
4363 4947 424830 1
4586 5038 424840 1
4890 5144 424850 1
5196 5248 424860 1
5504 5350 424870 1
5822 5446 424880 1
6083 5518 424890 1
6307 5575 424900 1
6471 5600 424910 1
6575 5612 424920 1
6640 5612 424930 1
6665 5612 424940 1
6132 6317 425031 0
6110 6594 425041 1
6110 6687 425051 1
6085 6755 425061 1
6079 6768 425071 1
6079 6738 425081 1
6101 6679 425091 1
6111 6431 425101 1
6111 6003 425111 1
6121 5455 425121 1
6133 4794 425131 1
6148 4289 425141 1
6148 3889 425151 1
6139 3586 425161 1
6121 3347 425171 1
6128 3151 425181 1
6137 3058 425191 1
6166 3036 425201 1
6208 3061 425211 1
6240 3158 425221 1
6250 3345 425231 1
6244 3591 425241 1
6225 3908 425251 1
6207 4244 425261 1
6189 4594 425271 1
6189 4897 425281 1
6189 5159 425291 1
6204 5395 425301 1
6233 5569 425311 1
6233 5622 425321 1
6233 5594 425331 1
6184 5497 425341 1
6102 5246 425351 1
5987 4892 425361 1
5833 4554 425371 1
5654 4294 425381 1
5505 4085 425391 1
5407 3959 425401 1
5342 3903 425411 1
5342 3895 425421 1
5385 3930 425431 1
5467 4039 425441 1
5604 4197 425451 1
5800 4388 425461 1
6035 4563 425471 1
6323 4727 425481 1
6612 4887 425491 1
6901 4966 425501 1
7082 4990 425511 1
7201 4968 425521 1
7278 4918 425531 1
7284 4850 425541 1
7246 4758 425551 1
7179 4719 425561 1
7136 4719 425571 1
7195 5838 425672 0
7369 5992 425682 1
7291 6062 425692 1
7284 6137 425702 1
7324 6230 425712 1
7386 6334 425722 1
7449 6419 425732 1
7512 6408 425742 1
7539 6334 425752 1
7523 6102 425762 1
7477 5809 425772 1
7407 5476 425782 1
7352 5272 425792 1
7306 5133 425802 1
7268 5037 425812 1
7250 4981 425822 1
7250 4963 425832 1
7250 4971 425842 1
7245 5003 425852 1
7245 5125 425862 1
7261 5307 425872 1
7289 5562 425882 1
7342 5850 425892 1
7414 6161 425902 1
7498 6456 425912 1
7583 6622 425922 1
7642 6703 425932 1
7683 6681 425942 1
7731 6598 425952 1
7781 6474 425962 1
7797 6191 425972 1
7790 5897 425982 1
7800 5595 425992 1
7795 5338 426002 1
7781 5117 426012 1
7750 4919 426022 1
7700 4745 426032 1
7636 4646 426042 1
7577 4597 426052 1
7526 4597 426062 1
7486 4664 426072 1
7466 4778 426082 1
7459 4964 426092 1
7470 5156 426102 1
7495 5351 426112 1
7530 5491 426122 1
7555 5550 426132 1
7573 5555 426142 1
7586 5571 426152 1
7610 5571 426162 1
7636 5566 426172 1
7662 5538 426182 1
7673 5472 426192 1
7673 5382 426202 1
7636 5235 426212 1
7573 5101 426222 1
7494 4976 426232 1
7400 4866 426242 1
7302 4789 426252 1
7200 4734 426262 1
7101 4694 426272 1
7002 4661 426282 1
6904 4634 426292 1
6798 4601 426302 1
6685 4569 426312 1
6593 4536 426322 1
6506 4509 426332 1
6470 4485 426342 1
6465 4485 426352 1
6516 4512 426362 1
6660 4555 426372 1
6865 4640 426382 1
7107 4725 426392 1
7379 4789 426402 1
7672 4838 426412 1
7890 4832 426422 1
8002 4793 426432 1
8042 4733 426442 1
7994 4650 426452 1
7856 4545 426462 1
7658 4426 426472 1
7415 4305 426482 1
7125 4184 426492 1
6804 4087 426502 1
6526 4006 426512 1
6390 3972 426522 1
6349 3990 426532 1
6462 4043 426542 1
6736 4199 426552 1
7116 4356 426562 1
7602 4515 426572 1
8090 4599 426582 1
8578 4586 426592 1
8936 4508 426602 1
9134 4341 426612 1
9225 4121 426622 1
9216 3865 426632 1
9108 3614 426642 1
8933 3398 426652 1
8657 3206 426662 1
8330 3049 426672 1
7969 2943 426682 1
7561 2871 426692 1
7233 2846 426702 1
6958 2897 426712 1
6800 2998 426722 1
6756 3173 426732 1
6789 3395 426742 1
6928 3648 426752 1
7135 3895 426762 1
7386 4116 426772 1
7685 4320 426782 1
7998 4485 426792 1
8320 4588 426802 1
8570 4650 426812 1
8690 4650 426822 1
8724 4593 426832 1
8611 4506 426842 1
8371 4354 426852 1
8047 4187 426862 1
7706 4009 426872 1
7364 3854 426882 1
7020 3750 426892 1
6819 3679 426902 1
6759 3679 426912 1
6793 3761 426922 1
6998 3889 426932 1
7299 4027 426942 1
7665 4105 426952 1
8052 4142 426962 1
8367 4163 426972 1
8634 4128 426982 1
8772 4055 426992 1
8772 3972 427002 1
8681 3849 427012 1
8453 3699 427022 1
8132 3551 427032 1
7749 3421 427042 1
7344 3303 427052 1
7075 3240 427062 1
6897 3253 427072 1
6889 3316 427082 1
7016 3455 427092 1
