210
4427 5506 791057 0
4353 5498 791067 1
4332 5491 791077 1
4313 5485 791087 1
4298 5480 791097 1
4291 5480 791107 1
4291 5480 791117 1
4304 5480 791127 1
4367 5494 791137 1
4464 5522 791147 1
4654 5581 791157 1
4926 5656 791167 1
5253 5743 791177 1
5606 5844 791187 1
5959 5940 791197 1
6261 6034 791207 1
6529 6088 791217 1
6690 6111 791227 1
6764 6111 791237 1
6779 6111 791247 1
6735 6103 791257 1
6662 6093 791267 1
6003 6490 791337 0
5927 6633 791347 1
5904 6672 791357 1
5883 6689 791367 1
5883 6689 791377 1
5898 6689 791387 1
5920 6632 791397 1
5944 6546 791407 1
5952 6293 791417 1
5952 5946 791427 1
5942 5536 791437 1
5924 5087 791447 1
5900 4729 791457 1
5884 4432 791467 1
5870 4223 791477 1
5863 4066 791487 1
5863 3943 791497 1
5863 3882 791507 1
5863 3866 791517 1
5863 3879 791527 1
5863 3953 791537 1
5868 4118 791547 1
5908 5509 791608 0
5910 5902 791618 1
5887 6011 791628 1
5863 6045 791638 1
5839 6028 791648 1
5794 5948 791658 1
5733 5776 791668 1
5640 5543 791678 1
5533 5298 791688 1
5416 5090 791698 1
5303 4908 791708 1
5231 4806 791718 1
5186 4777 791728 1
5195 4797 791738 1
5825 5638 791818 0
6048 5718 791828 1
6072 5709 791838 1
6051 5700 791848 1
6082 5690 791858 1
6193 5659 791868 1
6356 5633 791878 1
6518 5611 791888 1
6672 5581 791898 1
6771 5545 791908 1
6835 5500 791918 1
6829 5450 791928 1
6793 5414 791938 1
6736 5387 791948 1
6790 6300 792038 0
6879 6552 792048 1
6879 6625 792058 1
6887 6696 792068 1
6928 6763 792078 1
6988 6827 792088 1
7028 6842 792098 1
7039 6827 792108 1
7031 6731 792118 1
6988 6524 792128 1
6933 6243 792138 1
6869 5951 792148 1
6830 5737 792158 1
6820 5574 792168 1
6828 5487 792178 1
6828 5441 792188 1
6834 5423 792198 1
6834 5428 792208 1
6823 5461 792218 1
6817 5513 792228 1
6827 5618 792238 1
6847 5766 792248 1
6880 5943 792258 1
6916 6134 792268 1
6958 6340 792278 1
7001 6555 792288 1
7044 6744 792298 1
7078 6897 792308 1
7106 7027 792318 1
7116 7069 792328 1
7129 7075 792338 1
7143 7058 792348 1
7175 7000 792358 1
7194 6832 792368 1
7205 6591 792378 1
7212 6305 792388 1
7230 6082 792398 1
7243 5902 792408 1
7249 5749 792418 1
7236 5639 792428 1
7209 5559 792438 1
7173 5505 792448 1
7146 5485 792458 1
7119 5485 792468 1
7091 5521 792478 1
7061 5606 792488 1
7044 5724 792498 1
7044 5880 792508 1
7044 6035 792518 1
7070 6155 792528 1
7106 6251 792538 1
7152 6326 792548 1
7201 6370 792558 1
7233 6394 792568 1
7253 6394 792578 1
7267 6389 792588 1
7277 6355 792598 1
7030 5596 792689 0
6902 5502 792699 1
6818 5477 792709 1
6738 5454 792719 1
6748 5449 792729 1
6759 5456 792739 1
6797 5462 792749 1
6853 5482 792759 1
6932 5511 792769 1
7033 5552 792779 1
7149 5592 792789 1
7248 5606 792799 1
7300 5606 792809 1
7321 5568 792819 1
7270 5484 792829 1
7170 5367 792839 1
7038 5224 792849 1
6891 5094 792859 1
6726 4974 792869 1
6550 4871 792879 1
6409 4799 792889 1
6313 4749 792899 1
6248 4735 792909 1
6248 4754 792919 1
6327 4794 792929 1
6449 4888 792939 1
6644 4982 792949 1
6904 5075 792959 1
7207 5146 792969 1
7533 5180 792979 1
7828 5189 792989 1
8101 5144 792999 1
8344 5056 793009 1
8519 4939 793019 1
8649 4770 793029 1
8680 4609 793039 1
8624 4453 793049 1
8509 4291 793059 1
8316 4137 793069 1
8078 4007 793079 1
7811 3890 793089 1
7524 3795 793099 1
7279 3741 793109 1
7063 3715 793119 1
6921 3752 793129 1
6862 3856 793139 1
6857 4006 793149 1
6951 4224 793159 1
7104 4453 793169 1
7297 4689 793179 1
7507 4901 793189 1
7690 5037 793199 1
7855 5122 793209 1
7959 5141 793219 1
7996 5123 793229 1
7988 5080 793239 1
7905 4991 793249 1
7750 4878 793259 1
7546 4749 793269 1
7314 4638 793279 1
7099 4548 793289 1
6896 4471 793299 1
6765 4447 793309 1
6735 4461 793319 1
6773 4501 793329 1
6911 4612 793339 1
7121 4713 793349 1
7380 4808 793359 1
7662 4855 793369 1
7903 4855 793379 1
8116 4828 793389 1
8224 4761 793399 1
8244 4693 793409 1
8205 4593 793419 1
8061 4473 793429 1
7835 4337 793439 1
7555 4206 793449 1
7237 4098 793459 1
6972 4003 793469 1
6742 3964 793479 1
6606 3977 793489 1
