237
2993 6093 1413632 0
2917 5947 1413642 1
2877 5923 1413652 1
2844 5901 1413662 1
2814 5867 1413672 1
2790 5826 1413682 1
2772 5802 1413692 1
2787 5796 1413702 1
2823 5802 1413712 1
2969 5852 1413722 1
3214 5940 1413732 1
3526 6053 1413742 1
3880 6228 1413752 1
4236 6387 1413762 1
4592 6536 1413772 1
4831 6618 1413782 1
4938 6652 1413792 1
4956 6652 1413802 1
4939 6630 1413812 1
4881 6583 1413822 1
4795 6520 1413832 1
4543 7046 1413973 0
4543 7046 1413983 1
4543 7046 1413993 1
4473 6950 1414003 1
4440 6767 1414013 1
4412 6566 1414023 1
4387 6295 1414033 1
4414 5978 1414043 1
4469 5532 1414053 1
4542 5080 1414063 1
4557 4623 1414073 1
4528 4348 1414083 1
4469 4100 1414093 1
4417 3870 1414103 1
4367 3683 1414113 1
4346 3579 1414123 1
4346 3531 1414133 1
4346 3537 1414143 1
4346 3590 1414153 1
4288 5800 1414343 0
4276 5974 1414353 1
4261 6014 1414363 1
4244 6054 1414373 1
4234 6068 1414383 1
4225 6068 1414393 1
4219 6054 1414403 1
4219 6041 1414413 1
4219 6020 1414423 1
4191 5963 1414433 1
4148 5882 1414443 1
4050 5721 1414453 1
3909 5467 1414463 1
3738 5152 1414473 1
3515 4765 1414483 1
3295 4407 1414493 1
3078 4068 1414503 1
2893 3863 1414513 1
2756 3734 1414523 1
2650 3657 1414533 1
2580 3643 1414543 1
2569 3670 1414553 1
2597 3725 1414563 1
2682 3846 1414573 1
2809 4008 1414583 1
2965 4197 1414593 1
3196 4455 1414603 1
3432 4732 1414613 1
3685 5023 1414623 1
3947 5283 1414633 1
4190 5483 1414643 1
4396 5642 1414653 1
4577 5697 1414663 1
4705 5697 1414673 1
4800 5653 1414683 1
4874 5595 1414693 1
4935 5530 1414703 1
4979 5461 1414713 1
5011 5414 1414723 1
5042 5378 1414733 1
5075 5350 1414743 1
5111 5327 1414753 1
5127 5313 1414763 1
5638 7408 1414984 0
5525 7449 1414994 1
5468 7467 1415004 1
5419 7496 1415014 1
5375 7533 1415024 1
5380 7533 1415034 1
5385 7533 1415044 1
5427 7453 1415054 1
5493 7323 1415064 1
5539 7093 1415074 1
5564 6849 1415084 1
5574 6595 1415094 1
5574 6431 1415104 1
5560 6318 1415114 1
5535 6239 1415124 1
5505 6196 1415134 1
5470 6178 1415144 1
5431 6178 1415154 1
5397 6206 1415164 1
5380 6284 1415174 1
5375 6395 1415184 1
5415 6593 1415194 1
5494 6827 1415204 1
5600 7084 1415214 1
5758 7307 1415224 1
5889 7458 1415234 1
6003 7561 1415244 1
6092 7581 1415254 1
6163 7532 1415264 1
6222 7438 1415274 1
6262 7308 1415284 1
6290 7134 1415294 1
6309 6931 1415304 1
6290 6720 1415314 1
6239 6516 1415324 1
6166 6316 1415334 1
6065 6143 1415344 1
5944 5998 1415354 1
5809 5872 1415364 1
5654 5775 1415374 1
5535 5725 1415384 1
5441 5707 1415394 1
5421 5728 1415404 1
5447 5814 1415414 1
5504 5943 1415424 1
5609 6095 1415434 1
5747 6246 1415444 1
5908 6396 1415454 1
6028 6485 1415464 1
6117 6533 1415474 1
6185 6553 1415484 1
6224 6553 1415494 1
6224 6553 1415504 1
5252 5151 1415655 0
5132 4949 1415665 1
5076 4927 1415675 1
5033 4960 1415685 1
5050 4968 1415695 1
5107 5019 1415705 1
5246 5099 1415715 1
5423 5207 1415725 1
5626 5307 1415735 1
5854 5402 1415745 1
6035 5460 1415755 1
6184 5497 1415765 1
6315 5521 1415775 1
6382 5521 1415785 1
6407 5512 1415795 1
6395 5494 1415805 1
6335 5429 1415815 1
6242 5334 1415825 1
6125 5179 1415835 1
6005 4963 1415845 1
5883 4707 1415855 1
5746 4453 1415865 1
5599 4233 1415875 1
5446 4036 1415885 1
5311 3891 1415895 1
5179 3798 1415905 1
5094 3739 1415915 1
5040 3739 1415925 1
5040 3774 1415935 1
5117 3829 1415945 1
5236 3933 1415955 1
5415 4053 1415965 1
5636 4184 1415975 1
5884 4336 1415985 1
6131 4486 1415995 1
6440 4634 1416005 1
6791 4735 1416015 1
7080 4784 1416025 1
7318 4798 1416035 1
7523 4744 1416045 1
7652 4652 1416055 1
7717 4534 1416065 1
7738 4380 1416075 1
7719 4200 1416085 1
7639 4002 1416095 1
7518 3786 1416105 1
7330 3567 1416115 1
7097 3339 1416125 1
6835 3106 1416135 1
6548 2929 1416145 1
6308 2790 1416155 1
6098 2725 1416165 1
5967 2731 1416175 1
5890 2785 1416185 1
5849 2878 1416195 1
5862 2984 1416205 1
5908 3100 1416215 1
6020 4059 1416436 0
6020 4059 1416446 1
6058 4135 1416456 1
6038 4171 1416466 1
6038 4180 1416476 1
6000 4161 1416486 1
5947 4113 1416496 1
5841 4047 1416506 1
5691 3941 1416516 1
5511 3822 1416526 1
5341 3695 1416536 1
5171 3628 1416546 1
5092 3603 1416556 1
5074 3603 1416566 1
5133 3653 1416576 1
5299 3770 1416586 1
5535 3932 1416596 1
5838 4057 1416606 1
6125 4137 1416616 1
6401 4187 1416626 1
6620 4168 1416636 1
6741 4116 1416646 1
6796 4042 1416656 1
6750 3940 1416666 1
6625 3811 1416676 1
6447 3664 1416686 1
6214 3531 1416696 1
5975 3413 1416706 1
5732 3306 1416716 1
5520 3240 1416726 1
5395 3215 1416736 1
5327 3215 1416746 1
5335 3234 1416756 1
5431 3289 1416766 1
5586 3370 1416776 1
5807 3438 1416786 1
6003 3485 1416796 1
6182 3517 1416806 1
6220 3509 1416816 1
6128 3431 1416826 1
5949 3306 1416836 1
5656 3131 1416846 1
5335 2954 1416856 1
4995 2768 1416866 1
