221
3619 4775 416058 0
3619 4775 416068 1
3619 4775 416078 1
3619 4775 416088 1
3619 4775 416098 1
3818 4809 416108 1
3994 4896 416118 1
4229 4980 416128 1
4491 5064 416138 1
4770 5146 416148 1
5034 5231 416158 1
5304 5318 416168 1
5552 5390 416178 1
5784 5456 416188 1
5965 5502 416198 1
6102 5538 416208 1
6210 5556 416218 1
6277 5570 416228 1
6293 5575 416238 1
5640 6188 416338 0
5629 6305 416348 1
5605 6360 416358 1
5575 6376 416368 1
5591 6366 416378 1
5607 6322 416388 1
5643 6139 416398 1
5691 5864 416408 1
5716 5441 416418 1
5742 4967 416428 1
5742 4459 416438 1
5732 4098 416448 1
5707 3805 416458 1
5682 3558 416468 1
5657 3357 416478 1
5639 3214 416488 1
5632 3111 416498 1
5632 3076 416508 1
5632 3076 416518 1
5632 3089 416528 1
5627 3173 416538 1
5615 3327 416548 1
5620 3527 416558 1
5629 3800 416568 1
5649 4097 416578 1
5679 4410 416588 1
5721 4687 416598 1
5773 4963 416608 1
5832 5190 416618 1
5854 5385 416628 1
5854 5470 416638 1
5833 5485 416648 1
5774 5453 416658 1
5688 5337 416668 1
5578 5076 416678 1
5456 4719 416688 1
5325 4442 416698 1
5188 4231 416708 1
5088 4065 416718 1
5013 3974 416728 1
4997 3952 416738 1
5029 3977 416748 1
5093 4058 416758 1
5218 4200 416768 1
5386 4382 416778 1
5582 4527 416788 1
5824 4636 416798 1
6053 4720 416808 1
6272 4751 416818 1
6437 4730 416828 1
6535 4675 416838 1
6587 4589 416848 1
6587 4504 416858 1
6555 4423 416868 1
6507 4395 416878 1
6473 4395 416888 1
6444 4445 416898 1
6526 5470 416989 0
6653 5695 416999 1
6673 5771 417009 1
6685 5859 417019 1
6721 5954 417029 1
6759 6021 417039 1
6797 6045 417049 1
6820 6045 417059 1
6834 5970 417069 1
6834 5776 417079 1
6818 5499 417089 1
6785 5260 417099 1
6769 5088 417109 1
6754 4961 417119 1
6741 4870 417129 1
6733 4815 417139 1
6733 4785 417149 1
6733 4785 417159 1
6728 4831 417169 1
6720 4909 417179 1
6731 5069 417189 1
6752 5289 417199 1
6798 5548 417209 1
6850 5797 417219 1
6912 6046 417229 1
6965 6227 417239 1
7011 6362 417249 1
7054 6404 417259 1
7085 6404 417269 1
7108 6379 417279 1
7159 6302 417289 1
7199 6096 417299 1
7231 5805 417309 1
7231 5535 417319 1
7213 5306 417329 1
7192 5105 417339 1
7139 4949 417349 1
7079 4835 417359 1
7014 4749 417369 1
6964 4713 417379 1
6919 4713 417389 1
6888 4749 417399 1
6868 4851 417409 1
6857 4985 417419 1
6873 5140 417429 1
6905 5274 417439 1
6954 5372 417449 1
7003 5445 417459 1
7055 5487 417469 1
7108 5502 417479 1
7155 5502 417489 1
7199 5462 417499 1
7232 5399 417509 1
7234 5233 417540 0
7136 5063 417550 1
7051 4976 417560 1
6939 4888 417570 1
6793 4790 417580 1
6623 4686 417590 1
6469 4593 417600 1
6335 4523 417610 1
6214 4468 417620 1
6133 4435 417630 1
6100 4423 417640 1
6100 4423 417650 1
6130 4439 417660 1
6207 4474 417670 1
6314 4522 417680 1
6472 4569 417690 1
6667 4614 417700 1
6886 4651 417710 1
7063 4679 417720 1
7186 4679 417730 1
7274 4651 417740 1
7274 4606 417750 1
7197 4514 417760 1
7069 4390 417770 1
6900 4251 417780 1
6683 4121 417790 1
6434 3996 417800 1
6193 3902 417810 1
6026 3849 417820 1
5908 3823 417830 1
5875 3835 417840 1
5935 3897 417850 1
6057 3992 417860 1
6296 4106 417870 1
6624 4224 417880 1
7012 4344 417890 1
7402 4441 417900 1
7783 4508 417910 1
8159 4555 417920 1
8463 4550 417930 1
8657 4476 417940 1
8777 4356 417950 1
8787 4171 417960 1
8692 3965 417970 1
8528 3746 417980 1
8286 3558 417990 1
7994 3390 418000 1
7669 3235 418010 1
7309 3094 418020 1
6961 2984 418030 1
6622 2895 418040 1
6360 2846 418050 1
6200 2851 418060 1
6107 2892 418070 1
6151 3024 418080 1
6288 3237 418090 1
6488 3504 418100 1
6720 3764 418110 1
6970 4019 418120 1
7233 4191 418130 1
7485 4311 418140 1
7695 4365 418150 1
7878 4377 418160 1
7980 4361 418170 1
8005 4320 418180 1
7978 4250 418190 1
7865 4162 418200 1
7687 4066 418210 1
7465 3970 418220 1
7198 3862 418230 1
6934 3746 418240 1
6670 3650 418250 1
6519 3599 418260 1
6445 3579 418270 1
6481 3608 418280 1
6639 3709 418290 1
6878 3858 418300 1
7143 3957 418310 1
7446 4020 418320 1
7773 4060 418330 1
8023 4060 418340 1
8186 4020 418350 1
8292 3964 418360 1
8292 3900 418370 1
8178 3805 418380 1
7992 3690 418390 1
7725 3584 418400 1
7400 3473 418410 1
7037 3360 418420 1
6770 3275 418430 1
6580 3239 418440 1
6441 3239 418450 1
