243
4253 5514 754344 0
4253 5514 754354 1
4253 5514 754364 1
4170 5457 754374 1
4163 5457 754384 1
4168 5457 754394 1
4200 5457 754404 1
4276 5465 754414 1
4380 5496 754424 1
4549 5542 754434 1
4777 5596 754444 1
5045 5650 754454 1
5335 5702 754464 1
5594 5754 754474 1
5832 5806 754484 1
5989 5844 754494 1
6082 5860 754504 1
6131 5860 754514 1
6136 5855 754524 1
6104 5835 754534 1
5409 6385 754635 0
5424 6547 754645 1
5390 6607 754655 1
5310 6660 754665 1
5303 6676 754675 1
5317 6667 754685 1
5346 6644 754695 1
5381 6539 754705 1
5410 6380 754715 1
5419 6081 754725 1
5419 5676 754735 1
5404 5200 754745 1
5390 4710 754755 1
5374 4364 754765 1
5369 4113 754775 1
5369 3954 754785 1
5381 3851 754795 1
5400 3785 754805 1
5414 3773 754815 1
5422 3788 754825 1
5427 3821 754835 1
5427 3919 754845 1
5427 4074 754855 1
5475 5248 754915 0
5515 5618 754925 1
5521 5718 754935 1
5511 5776 754945 1
5491 5798 754955 1
5465 5798 754965 1
5426 5742 754975 1
5369 5596 754985 1
5301 5390 754995 1
5219 5138 755005 1
5139 4931 755015 1
5065 4753 755025 1
5014 4654 755035 1
4977 4606 755045 1
4965 4591 755055 1
5488 5504 755155 0
5553 5549 755165 1
5490 5549 755175 1
5469 5555 755185 1
5476 5550 755195 1
5551 5517 755205 1
5673 5465 755215 1
5826 5401 755225 1
5957 5334 755235 1
6067 5276 755245 1
6162 5226 755255 1
6220 5184 755265 1
6256 5151 755275 1
6278 5124 755285 1
6294 5117 755295 1
6400 6361 755416 0
6421 6522 755426 1
6421 6617 755436 1
6421 6685 755446 1
6435 6714 755456 1
6459 6714 755466 1
6489 6682 755476 1
6495 6521 755486 1
6485 6275 755496 1
6453 5967 755506 1
6426 5731 755516 1
6416 5543 755526 1
6416 5453 755536 1
6421 5398 755546 1
6427 5367 755556 1
6427 5367 755566 1
6427 5404 755576 1
6421 5467 755586 1
6421 5568 755596 1
6421 5692 755606 1
6421 5832 755616 1
6432 5998 755626 1
6450 6162 755636 1
6472 6328 755646 1
6497 6483 755656 1
6521 6630 755666 1
6544 6714 755676 1
6567 6777 755686 1
6607 6826 755696 1
6671 6885 755706 1
6751 6939 755716 1
6839 6965 755726 1
6904 6974 755736 1
6953 6946 755746 1
6985 6855 755756 1
6985 6721 755766 1
6967 6487 755776 1
6932 6232 755786 1
6901 5964 755796 1
6876 5789 755806 1
6854 5671 755816 1
6832 5591 755826 1
6808 5533 755836 1
6792 5509 755846 1
6780 5509 755856 1
6772 5533 755866 1
6665 6153 755946 0
6665 6153 755956 1
6555 6167 755966 1
6514 6167 755976 1
6502 6167 755986 1
6508 6167 755996 1
6546 6173 756006 1
6605 6190 756016 1
6679 6206 756026 1
6761 6221 756036 1
6842 6221 756046 1
6891 6210 756056 1
6918 6185 756066 1
6928 6151 756076 1
6916 6093 756086 1
6890 6011 756096 1
6731 5795 756127 0
6547 5617 756137 1
6478 5566 756147 1
6419 5535 756157 1
6396 5517 756167 1
6396 5517 756177 1
6418 5536 756187 1
6472 5565 756197 1
6542 5607 756207 1
6623 5647 756217 1
6712 5678 756227 1
6799 5703 756237 1
6865 5708 756247 1
6917 5702 756257 1
6939 5682 756267 1
6286 5258 756357 0
6066 5153 756367 1
5968 5128 756377 1
5916 5109 756387 1
5933 5114 756397 1
5996 5146 756407 1
6108 5196 756417 1
6261 5268 756427 1
6441 5335 756437 1
6592 5372 756447 1
6701 5392 756457 1
6782 5370 756467 1
6806 5312 756477 1
6770 5230 756487 1
6694 5109 756497 1
6574 4986 756507 1
6424 4858 756517 1
6253 4727 756527 1
6085 4635 756537 1
5965 4571 756547 1
5878 4537 756557 1
5837 4537 756567 1
5844 4552 756577 1
5884 4617 756587 1
5969 4709 756597 1
6361 4984 756637 0
6548 5065 756647 1
6601 5075 756657 1
6644 5075 756667 1
6681 5075 756677 1
6738 5075 756687 1
6820 5092 756697 1
6918 5127 756707 1
7019 5166 756717 1
7122 5208 756727 1
7229 5235 756737 1
7359 5256 756747 1
7503 5265 756757 1
7677 5265 756767 1
7888 5265 756777 1
8124 5265 756787 1
8338 5198 756797 1
8489 5089 756807 1
8598 4935 756817 1
8623 4739 756827 1
8573 4514 756837 1
8474 4320 756847 1
8312 4142 756857 1
8120 3975 756867 1
7907 3836 756877 1
7643 3729 756887 1
7380 3643 756897 1
7120 3587 756907 1
6925 3576 756917 1
6772 3596 756927 1
7070 5034 757008 0
7490 5206 757018 1
7571 5246 757028 1
7682 5268 757038 1
7814 5277 757048 1
7914 5269 757058 1
7944 5255 757068 1
7926 5197 757078 1
7830 5112 757088 1
7660 4968 757098 1
7441 4798 757108 1
7167 4612 757118 1
6892 4446 757128 1
6616 4301 757138 1
6410 4171 757148 1
6253 4109 757158 1
6167 4101 757168 1
6152 4130 757178 1
6184 4229 757188 1
6332 4377 757198 1
6546 4558 757208 1
6803 4695 757218 1
7059 4807 757228 1
7315 4903 757238 1
7570 4937 757248 1
7765 4930 757258 1
7902 4895 757268 1
8000 4824 757278 1
8024 4728 757288 1
7976 4616 757298 1
7879 4491 757308 1
7702 4361 757318 1
7480 4227 757328 1
7229 4100 757338 1
6972 4006 757348 1
6739 3932 757358 1
6521 3907 757368 1
6386 3930 757378 1
