281
4099 5262 381087 0
4099 5262 381097 1
4023 5209 381107 1
3981 5192 381117 1
3960 5167 381127 1
3952 5160 381137 1
3958 5165 381147 1
4007 5165 381157 1
4084 5191 381167 1
4223 5232 381177 1
4415 5304 381187 1
4643 5388 381197 1
4896 5480 381207 1
5135 5545 381217 1
5364 5604 381227 1
5548 5641 381237 1
5703 5666 381247 1
5839 5682 381257 1
5927 5694 381267 1
5984 5702 381277 1
6019 5710 381287 1
6009 5710 381297 1
5291 6208 381438 0
5367 6258 381448 1
5367 6280 381458 1
5373 6291 381468 1
5396 6304 381478 1
5432 6317 381488 1
5446 6294 381498 1
5463 6249 381508 1
5451 6078 381518 1
5418 5789 381528 1
5362 5422 381538 1
5295 5060 381548 1
5221 4751 381558 1
5150 4477 381568 1
5107 4277 381578 1
5083 4151 381588 1
5083 4074 381598 1
5095 4045 381608 1
5113 4039 381618 1
5130 4048 381628 1
5145 4089 381638 1
5161 4184 381648 1
5178 4315 381658 1
5213 4499 381668 1
5250 4727 381678 1
5292 4985 381688 1
5331 5225 381698 1
5366 5464 381708 1
5385 5624 381718 1
5379 5733 381728 1
5357 5750 381738 1
5322 5750 381748 1
5290 5734 381758 1
5232 5681 381768 1
5157 5564 381778 1
5062 5404 381788 1
4966 5239 381798 1
4869 5074 381808 1
4781 4941 381818 1
4696 4829 381828 1
4654 4779 381838 1
4640 4765 381848 1
4640 4774 381858 1
4662 4804 381868 1
4695 4881 381878 1
4757 4989 381888 1
4840 5089 381898 1
4937 5189 381908 1
5062 5285 381918 1
5216 5373 381928 1
5388 5429 381938 1
5555 5466 381948 1
5699 5466 381958 1
5828 5441 381968 1
5907 5397 381978 1
5966 5347 381988 1
6012 5281 381998 1
6036 5205 382008 1
6041 5135 382018 1
6033 5072 382028 1
6014 5014 382038 1
5997 4988 382048 1
5984 4982 382058 1
5978 4990 382068 1
5978 5025 382078 1
5978 5078 382088 1
6180 6299 382219 0
6274 6391 382229 1
6249 6449 382239 1
6157 6507 382249 1
6169 6545 382259 1
6219 6570 382269 1
6294 6587 382279 1
6342 6527 382289 1
6342 6416 382299 1
6314 6142 382309 1
6243 5870 382319 1
6189 5600 382329 1
6147 5455 382339 1
6119 5362 382349 1
6108 5304 382359 1
6108 5304 382369 1
6118 5324 382379 1
6132 5364 382389 1
6151 5484 382399 1
6179 5637 382409 1
6213 5812 382419 1
6261 6003 382429 1
6317 6185 382439 1
6375 6361 382449 1
6432 6542 382459 1
6469 6687 382469 1
6492 6808 382479 1
6492 6890 382489 1
6487 6949 382499 1
6478 6994 382509 1
6483 7028 382519 1
6493 7058 382529 1
6537 7081 382539 1
6603 7099 382549 1
6689 7108 382559 1
6776 7087 382569 1
6863 7048 382579 1
6911 6956 382589 1
6935 6786 382599 1
6924 6563 382609 1
6885 6262 382619 1
6827 5990 382629 1
6771 5737 382639 1
6735 5616 382649 1
6711 5540 382659 1
6698 5494 382669 1
6691 5494 382679 1
6683 5514 382689 1
6518 6264 382810 0
6518 6264 382820 1
6426 6217 382830 1
6414 6209 382840 1
6433 6209 382850 1
6473 6217 382860 1
6525 6236 382870 1
6595 6256 382880 1
6676 6273 382890 1
6740 6273 382900 1
6780 6257 382910 1
6804 6233 382920 1
6804 6181 382930 1
6773 6110 382940 1
6444 5687 383000 0
6383 5583 383010 1
6310 5548 383020 1
6243 5524 383030 1
6219 5508 383040 1
6219 5508 383050 1
6236 5517 383060 1
6283 5531 383070 1
6352 5564 383080 1
6433 5595 383090 1
6525 5623 383100 1
6624 5648 383110 1
6713 5666 383120 1
6778 5671 383130 1
6826 5671 383140 1
6840 5657 383150 1
6834 5646 383160 1
6121 5311 383251 0
5963 5193 383261 1
5856 5146 383271 1
5778 5105 383281 1
5750 5083 383291 1
5750 5074 383301 1
5783 5074 383311 1
5840 5081 383321 1
5915 5109 383331 1
6015 5151 383341 1
6140 5200 383351 1
6281 5247 383361 1
6414 5290 383371 1
6522 5314 383381 1
6612 5325 383391 1
6666 5309 383401 1
6688 5288 383411 1
6688 5239 383421 1
6652 5174 383431 1
6569 5088 383441 1
6455 4999 383451 1
6295 4901 383461 1
6115 4797 383471 1
5921 4691 383481 1
5761 4613 383491 1
5646 4562 383501 1
5561 4529 383511 1
5543 4529 383521 1
5567 4555 383531 1
5618 4599 383541 1
5708 4664 383551 1
5817 4728 383561 1
5939 4789 383571 1
6071 4846 383581 1
6238 4901 383591 1
6429 4955 383601 1
6627 5012 383611 1
6834 5070 383621 1
7046 5123 383631 1
7237 5158 383641 1
7412 5182 383651 1
7575 5188 383661 1
7705 5168 383671 1
7808 5130 383681 1
7894 5052 383691 1
7927 4926 383701 1
7902 4767 383711 1
7839 4605 383721 1
7726 4447 383731 1
7577 4291 383741 1
7405 4132 383751 1
7204 4024 383761 1
6990 3949 383771 1
6766 3876 383781 1
6537 3822 383791 1
6354 3781 383801 1
6202 3781 383811 1
6100 3822 383821 1
6053 3892 383831 1
6043 4001 383841 1
6084 4148 383851 1
6169 4320 383861 1
6282 4490 383871 1
6430 4640 383881 1
6582 4777 383891 1
7258 5056 383942 0
7484 5077 383952 1
7516 5068 383962 1
7511 5058 383972 1
7473 5033 383982 1
7413 4998 383992 1
7339 4970 384002 1
7265 4941 384012 1
7173 4894 384022 1
7068 4836 384032 1
6945 4743 384042 1
6784 4650 384052 1
6597 4546 384062 1
6434 4435 384072 1
6303 4359 384082 1
6193 4322 384092 1
6134 4310 384102 1
6114 4310 384112 1
6120 4342 384122 1
6158 4392 384132 1
6237 4455 384142 1
6342 4527 384152 1
6496 4604 384162 1
6687 4696 384172 1
6903 4784 384182 1
7102 4850 384192 1
7301 4902 384202 1
7501 4932 384212 1
7642 4932 384222 1
7732 4910 384232 1
7787 4872 384242 1
7795 4829 384252 1
7761 4771 384262 1
7699 4705 384272 1
7597 4640 384282 1
7463 4574 384292 1
7307 4505 384302 1
7130 4436 384312 1
6954 4367 384322 1
6783 4295 384332 1
6615 4237 384342 1
6479 4189 384352 1
6363 4151 384362 1
6263 4123 384372 1
6189 4102 384382 1
6131 4086 384392 1
6103 4078 384402 1
6098 4078 384412 1
6107 4086 384422 1
