255
2632 4205 595506 0
2581 4047 595516 1
2540 3984 595526 1
2488 3931 595536 1
2459 3884 595546 1
2436 3862 595556 1
2431 3862 595566 1
2437 3862 595576 1
2452 3862 595586 1
2472 3862 595596 1
2502 3877 595606 1
2564 3905 595616 1
2646 3969 595626 1
2753 4092 595636 1
2912 4254 595646 1
3106 4496 595656 1
3354 4759 595666 1
3619 5037 595676 1
3896 5279 595686 1
4158 5482 595696 1
4399 5659 595706 1
4626 5798 595716 1
4836 5911 595726 1
5003 6008 595736 1
5141 6070 595746 1
5239 6103 595756 1
5269 6118 595766 1
5253 6098 595776 1
5192 6072 595786 1
5121 6049 595796 1
5042 6031 595806 1
4976 6020 595816 1
4911 6007 595826 1
4848 5986 595836 1
4773 5959 595846 1
3759 5917 595986 0
3759 5917 595996 1
3759 5917 596006 1
3759 5917 596016 1
3759 5917 596026 1
3759 5917 596036 1
3758 5852 596046 1
3797 5711 596056 1
3853 5464 596066 1
3949 5186 596076 1
4075 4888 596086 1
4220 4546 596096 1
4364 4199 596106 1
4488 3849 596116 1
4598 3525 596126 1
4691 3282 596136 1
4754 3092 596146 1
4796 2999 596156 1
4804 2959 596166 1
4798 2954 596176 1
4782 2969 596186 1
4730 3027 596196 1
4679 3115 596206 1
4628 3200 596216 1
4562 3293 596226 1
4487 3414 596236 1
4408 3552 596246 1
4321 3759 596256 1
4229 3998 596266 1
4131 4258 596276 1
4036 4501 596286 1
3966 4670 596296 1
3912 4790 596306 1
3889 4790 596316 1
3871 4739 596326 1
3861 4660 596336 1
3854 4569 596346 1
3846 4455 596356 1
3837 4325 596366 1
3826 4129 596376 1
3816 3931 596386 1
3806 3749 596396 1
3799 3579 596406 1
3799 3456 596416 1
3799 3408 596426 1
3799 3408 596436 1
3820 3431 596446 1
3851 3521 596456 1
3884 3656 596466 1
3923 3835 596476 1
3973 4012 596486 1
4030 4189 596496 1
4092 4377 596506 1
4167 4521 596516 1
4250 4637 596526 1
4333 4726 596536 1
4421 4788 596546 1
4518 4833 596556 1
4627 4841 596566 1
4744 4802 596576 1
4831 4732 596586 1
4898 4631 596596 1
4946 4527 596606 1
4970 4421 596616 1
4977 4304 596626 1
4966 4196 596636 1
4957 4093 596646 1
4640 5934 596798 0
4652 6264 596808 1
4652 6345 596818 1
4645 6366 596828 1
4652 6347 596838 1
4662 6339 596848 1
4689 6297 596858 1
4727 6232 596868 1
4769 6097 596878 1
4832 5915 596888 1
4908 5702 596898 1
5005 5471 596908 1
5105 5220 596918 1
5210 4956 596928 1
5285 4768 596938 1
5340 4647 596948 1
5365 4570 596958 1
5374 4516 596968 1
5374 4474 596978 1
5366 4441 596988 1
5360 4433 596998 1
5342 4452 597008 1
5314 4489 597018 1
5257 4581 597028 1
5175 4716 597038 1
5077 4880 597048 1
4998 5069 597058 1
4936 5312 597068 1
4885 5592 597078 1
4854 5864 597088 1
4845 6043 597098 1
4851 6160 597108 1
4873 6212 597118 1
4902 6238 597128 1
4944 6248 597138 1
4995 6216 597148 1
5067 6153 597158 1
5153 6070 597168 1
5260 5958 597178 1
5367 5824 597188 1
5457 5675 597198 1
5535 5519 597208 1
5598 5358 597218 1
5629 5219 597228 1
5639 5095 597238 1
5606 4974 597248 1
5563 4866 597258 1
5513 4766 597268 1
5470 4718 597278 1
5429 4718 597288 1
5388 4751 597298 1
5345 4834 597308 1
5301 4939 597318 1
5259 5058 597328 1
5241 5223 597338 1
5241 5358 597348 1
5266 5474 597358 1
5303 5533 597368 1
5346 5567 597378 1
5385 5584 597388 1
5420 5579 597398 1
5453 5569 597408 1
5470 5523 597418 1
5470 5455 597428 1
5463 5296 597438 1
5426 5083 597448 1
5386 4835 597458 1
5345 4589 597468 1
5300 4373 597478 1
5257 4178 597488 1
5217 4076 597498 1
5191 4025 597508 1
5174 4008 597518 1
5160 4008 597528 1
5145 4048 597538 1
5135 4111 597548 1
5129 4220 597558 1
5141 4351 597568 1
5179 4498 597578 1
5235 4656 597588 1
5328 4820 597598 1
5457 4996 597608 1
5609 5170 597618 1
5810 5343 597628 1
6001 5463 597638 1
6184 5511 597648 1
6383 5511 597658 1
6576 5477 597668 1
6761 5399 597678 1
6913 5292 597688 1
7041 5132 597698 1
7134 4942 597708 1
7181 4733 597718 1
7198 4498 597728 1
7163 4246 597738 1
7088 3982 597748 1
6986 3742 597758 1
6879 3535 597768 1
6751 3349 597778 1
6609 3201 597788 1
6481 3095 597798 1
6344 3016 597808 1
6201 2994 597818 1
6056 3040 597828 1
5926 3131 597838 1
5805 3295 597848 1
5687 3506 597858 1
5592 3749 597868 1
5513 4027 597878 1
5457 4299 597888 1
5433 4566 597898 1
5433 4656 597908 1
5447 4678 597918 1
5482 4654 597928 1
5528 4580 597938 1
5585 4389 597948 1
5635 4120 597958 1
5680 3895 597968 1
5687 3709 597978 1
5662 3550 597988 1
5615 3483 597998 1
5591 3462 598008 1
5591 3471 598018 1
5612 3563 598028 1
5668 3728 598038 1
5760 3942 598048 1
5876 4170 598058 1
5980 4379 598068 1
6083 4575 598078 1
6170 4616 598088 1
6246 4594 598098 1
6300 4530 598108 1
6329 4398 598118 1
6340 4242 598128 1
6326 4071 598138 1
6276 3911 598148 1
6201 3745 598158 1
6081 3571 598168 1
5948 3447 598178 1
5807 3357 598188 1
5699 3332 598198 1
5665 3390 598208 1
5680 3503 598218 1
5745 3690 598228 1
5943 4107 598260 0
6141 4430 598270 1
6240 4511 598280 1
6323 4526 598290 1
6394 4481 598300 1
6474 4395 598310 1
6559 4223 598320 1
6651 3970 598330 1
6715 3663 598340 1
