212
4291 5909 517604 4
5263 5458 518034 0
5263 5458 518044 1
5263 5458 518054 1
5263 5458 518064 1
5263 5458 518074 1
5213 5365 518084 1
5144 5321 518094 1
5029 5252 518104 1
4882 5167 518114 1
4681 5076 518124 1
4439 4990 518134 1
4169 4935 518144 1
3917 4899 518154 1
3708 4923 518164 1
3527 5007 518174 1
3386 5131 518184 1
3290 5335 518194 1
3225 5622 518204 1
3205 5964 518214 1
3240 6384 518224 1
3312 6786 518234 1
3412 7176 518244 1
3518 7483 518254 1
3646 7644 518264 1
3787 7708 518274 1
3967 7703 518284 1
4198 7603 518294 1
4464 7439 518304 1
4731 7221 518314 1
4975 6929 518324 1
5190 6588 518334 1
5393 6130 518344 1
5544 5676 518354 1
5661 5226 518364 1
5754 4888 518374 1
5754 4596 518384 1
5681 4336 518394 1
5551 4068 518404 1
5382 3825 518414 1
5169 3598 518424 1
4927 3440 518434 1
4690 3358 518444 1
4431 3327 518454 1
4156 3355 518464 1
3898 3435 518474 1
3663 3549 518484 1
3442 3726 518494 1
3270 3906 518504 1
3151 4088 518514 1
3068 4180 518524 1
3054 4214 518534 1
5774 6288 518996 0
5733 6156 519006 1
5672 6156 519016 1
5615 6103 519026 1
5572 6027 519036 1
5537 5937 519046 1
5507 5828 519056 1
5481 5696 519066 1
5481 5548 519076 1
5488 5361 519086 1
5547 5213 519096 1
5626 5092 519106 1
5717 5031 519116 1
5811 5014 519126 1
5883 5027 519136 1
5941 5085 519146 1
5985 5180 519156 1
6007 5301 519166 1
6015 5442 519176 1
6006 5579 519186 1
5984 5707 519196 1
5953 5809 519206 1
5902 5895 519216 1
5823 5920 519226 1
5724 5880 519236 1
5577 5798 519246 1
5459 5690 519256 1
5360 5591 519266 1
5305 5497 519276 1
5300 5433 519286 1
5328 5396 519296 1
5397 5376 519306 1
6135 5945 519396 0
6293 6057 519406 1
6285 6074 519416 1
6285 6074 519426 1
6285 6067 519436 1
6277 6032 519446 1
6267 5926 519456 1
6252 5774 519466 1
6243 5622 519476 1
6237 5471 519486 1
6244 5322 519496 1
6253 5224 519506 1
6264 5159 519516 1
6276 5128 519526 1
6285 5119 519536 1
6291 5124 519546 1
6310 5138 519556 1
6334 5197 519566 1
6369 5286 519576 1
6413 5394 519586 1
6464 5509 519596 1
6523 5630 519606 1
6584 5725 519616 1
6644 5764 519626 1
6689 5764 519636 1
6725 5727 519646 1
6748 5652 519656 1
6760 5553 519666 1
6765 5422 519676 1
6759 5303 519686 1
6754 5193 519696 1
6749 5114 519706 1
6749 5060 519716 1
6757 5024 519726 1
6764 5011 519736 1
6771 5004 519746 1
6777 5004 519756 1
6787 5004 519766 1
6805 5004 519776 1
7069 5494 519927 0
7069 5494 519937 1
7069 5494 519947 1
7056 5430 519957 1
7095 5413 519967 1
7138 5390 519977 1
7199 5356 519987 1
7272 5318 519997 1
7356 5307 520007 1
7438 5323 520017 1
7508 5356 520027 1
7570 5410 520037 1
7618 5467 520047 1
7645 5526 520057 1
7657 5577 520067 1
7647 5614 520077 1
7615 5642 520087 1
7568 5666 520097 1
7494 5684 520107 1
7394 5675 520117 1
7276 5651 520127 1
7149 5579 520137 1
7034 5487 520147 1
6967 5383 520157 1
6927 5283 520167 1
6927 5197 520177 1
6966 5121 520187 1
7027 5054 520197 1
7118 5005 520207 1
7241 4968 520217 1
7384 4968 520227 1
8383 5693 520308 0
8547 5869 520318 1
8540 5919 520328 1
8522 5948 520338 1
8496 5979 520348 1
8449 5994 520358 1
8369 5994 520368 1
8267 5967 520378 1
8146 5898 520388 1
8030 5803 520398 1
7924 5723 520408 1
7827 5642 520418 1
7756 5561 520428 1
7702 5480 520438 1
7687 5387 520448 1
7708 5294 520458 1
7752 5199 520468 1
7832 5104 520478 1
7918 5009 520488 1
8015 4903 520498 1
8113 4797 520508 1
8211 4699 520518 1
8302 4607 520528 1
8302 4607 520538 5
8433 4439 520548 5
8453 4358 520558 5
8448 4279 520568 5
8425 4205 520578 5
8383 4135 520588 5
8313 4063 520598 5
8223 3991 520608 5
8117 3918 520618 5
7989 3843 520628 5
7845 3785 520638 5
7685 3738 520648 5
7524 3724 520658 5
7362 3746 520668 5
7203 3791 520678 5
7048 3867 520688 5
6941 3957 520698 5
6867 4056 520708 5
6815 4138 520718 5
6792 4209 520728 5
6792 4274 520738 5
6815 4348 520748 5
6862 4411 520758 5
6926 4466 520768 5
7000 4518 520778 5
7095 4554 520788 5
7194 4579 520798 5
7194 4579 520808 4
7367 4602 520818 4
7404 4610 520828 4
7383 4610 520838 4
7340 4598 520848 4
7282 4571 520858 4
7290 4571 520868 4
7259 4576 520878 4
