255
4332 5699 526597 4
5416 5934 527117 0
5535 5888 527127 1
5482 5888 527137 1
5470 5853 527147 1
5437 5799 527157 1
5391 5734 527167 1
5305 5627 527177 1
5193 5518 527187 1
5064 5409 527197 1
4923 5279 527207 1
4751 5154 527217 1
4559 5057 527227 1
4364 4976 527237 1
4172 4942 527247 1
3981 4966 527257 1
3846 5029 527267 1
3748 5156 527277 1
3675 5368 527287 1
3637 5636 527297 1
3665 5930 527307 1
3736 6235 527317 1
3834 6548 527327 1
3954 6770 527337 1
4088 6944 527347 1
4261 7087 527357 1
4458 7153 527367 1
4672 7153 527377 1
4921 7115 527387 1
5175 7001 527397 1
5432 6792 527407 1
5646 6519 527417 1
5817 6180 527427 1
5960 5841 527437 1
6057 5502 527447 1
6106 5185 527457 1
6123 4926 527467 1
6093 4707 527477 1
6027 4521 527487 1
5937 4335 527497 1
5827 4149 527507 1
5679 3990 527517 1
5505 3848 527527 1
5321 3709 527537 1
5107 3606 527547 1
4874 3527 527557 1
4651 3509 527567 1
4415 3556 527577 1
4169 3646 527587 1
3935 3839 527597 1
3732 4071 527607 1
3550 4328 527617 1
3420 4565 527627 1
3356 4753 527637 1
3335 4909 527647 1
3371 5032 527657 1
3455 5153 527667 1
3570 5250 527677 1
6865 6054 528289 0
6865 6054 528299 1
6865 6054 528309 1
6767 6066 528319 1
6742 6066 528329 1
6729 6066 528339 1
6723 6071 528349 1
6717 6071 528359 1
6710 6071 528369 1
6702 6071 528379 1
6691 6063 528389 1
6679 6034 528399 1
6661 5992 528409 1
6645 5898 528419 1
6633 5765 528429 1
6633 5605 528439 1
6642 5439 528449 1
6665 5295 528459 1
6700 5165 528469 1
6740 5100 528479 1
6791 5053 528489 1
6850 5017 528499 1
6914 5000 528509 1
6979 5011 528519 1
7043 5041 528529 1
7098 5096 528539 1
7148 5165 528549 1
7180 5244 528559 1
7188 5339 528569 1
7181 5444 528579 1
7158 5556 528589 1
7128 5658 528599 1
7093 5736 528609 1
7045 5797 528619 1
6976 5826 528629 1
6893 5821 528639 1
6785 5794 528649 1
6681 5746 528659 1
6579 5698 528669 1
6522 5651 528679 1
6506 5611 528689 1
6517 5576 528699 1
7326 5975 528820 0
7438 6026 528830 1
7430 6026 528840 1
7423 6021 528850 1
7433 5986 528860 1
7439 5907 528870 1
7439 5799 528880 1
7428 5673 528890 1
7423 5532 528900 1
7423 5381 528910 1
7423 5239 528920 1
7423 5148 528930 1
7430 5092 528940 1
7430 5071 528950 1
7437 5071 528960 1
7437 5084 528970 1
7459 5142 528980 1
7483 5243 528990 1
7515 5372 529000 1
7548 5495 529010 1
7582 5617 529020 1
7616 5708 529030 1
7639 5778 529040 1
7655 5778 529050 1
7666 5750 529060 1
7677 5708 529070 1
7688 5608 529080 1
7688 5493 529090 1
7693 5369 529100 1
7693 5251 529110 1
7693 5154 529120 1
7693 5071 529130 1
7701 5030 529140 1
7710 5011 529150 1
7889 5429 529251 0
7889 5429 529261 1
7889 5429 529271 1
7949 5354 529281 1
7994 5330 529291 1
8036 5316 529301 1
8090 5309 529311 1
8151 5303 529321 1
8218 5303 529331 1
8289 5308 529341 1
8364 5332 529351 1
8436 5375 529361 1
8489 5430 529371 1
8532 5474 529381 1
8556 5517 529391 1
8565 5559 529401 1
8565 5604 529411 1
8539 5651 529421 1
8496 5698 529431 1
8441 5722 529441 1
8367 5730 529451 1
8276 5704 529461 1
8174 5652 529471 1
8093 5582 529481 1
8030 5516 529491 1
7978 5448 529501 1
7949 5378 529511 1
7938 5297 529521 1
7938 5218 529531 1
7957 5153 529541 1
7989 5097 529551 1
8032 5057 529561 1
8091 5035 529571 1
8163 5024 529581 1
8244 5036 529591 1
8344 5072 529601 1
8437 5123 529611 1
8437 5123 529621 5
8525 5184 529631 4
8681 5316 529641 4
8730 5399 529651 4
8768 5478 529661 4
8824 5553 529671 4
8892 5621 529681 4
8961 5681 529691 4
9042 5734 529701 4
9107 5781 529711 4
9160 5812 529721 4
9160 5812 529741 5
9160 5812 529751 5
9186 5888 529761 5
9169 5920 529771 5
9149 5943 529781 5
9128 5962 529791 5
9093 5975 529801 5
9042 5965 529811 5
8981 5941 529821 5
8904 5896 529831 5
8826 5847 529841 5
8748 5793 529851 5
8678 5741 529861 5
8621 5689 529871 5
8573 5635 529881 5
8547 5575 529891 5
8527 5498 529901 5
8527 5411 529911 5
8547 5318 529921 5
8588 5229 529931 5
8634 5149 529941 5
8708 5075 529951 5
8798 5012 529961 5
8894 4951 529971 5
8968 4892 529981 5
9028 4827 529991 5
9077 4756 530001 5
9104 4686 530011 5
9115 4618 530021 5
9108 4552 530031 5
9086 4490 530041 5
9053 4430 530051 5
9001 4360 530061 5
8912 4287 530071 5
8799 4208 530081 5
8668 4129 530091 5
8521 4059 530101 5
8363 3995 530111 5
8193 3945 530121 5
8034 3920 530131 5
7883 3913 530141 5
7722 3927 530151 5
7567 3957 530161 5
7429 3999 530171 5
7299 4046 530181 5
7191 4097 530191 5
7119 4151 530201 5
7070 4212 530211 5
7041 4283 530221 5
7034 4362 530231 5
7042 4434 530241 5
7071 4493 530251 5
7115 4543 530261 5
7169 4580 530271 5
7225 4602 530281 5
7282 4615 530291 5
7338 4615 530301 5
7338 4615 530311 4
7409 4603 530321 4
7382 4592 530331 4
7349 4586 530341 4
7312 4596 530351 4
7362 4619 530361 4
7373 4650 530371 4
7359 4688 530381 4
7359 4732 530391 4
7375 4773 530401 4
7392 4810 530411 4
7402 4833 530421 4
7420 4848 530431 4
7456 4883 530441 4
7500 4914 530451 4
7500 4914 530461 4
