235
5119 6339 507690 0
5119 6339 507700 1
5119 6339 507710 1
5119 6339 507720 1
5119 6339 507730 1
5119 6339 507740 1
5119 6339 507750 1
5119 6339 507760 1
5014 6247 507770 1
4945 6183 507780 1
4845 6071 507790 1
4723 5927 507800 1
4539 5762 507810 1
4345 5636 507820 1
4145 5536 507830 1
3941 5454 507840 1
3754 5415 507850 1
3577 5415 507860 1
3422 5442 507870 1
3284 5507 507880 1
3156 5624 507890 1
3042 5775 507900 1
2974 6001 507910 1
2937 6261 507920 1
2957 6543 507930 1
3038 6794 507940 1
3159 7009 507950 1
3302 7199 507960 1
3450 7337 507970 1
3625 7452 507980 1
3817 7553 507990 1
4017 7611 508000 1
4246 7636 508010 1
4494 7636 508020 1
4736 7548 508030 1
4941 7353 508040 1
5121 7088 508050 1
5300 6722 508060 1
5443 6355 508070 1
5562 5976 508080 1
5679 5591 508090 1
5763 5233 508100 1
5825 4917 508110 1
5832 4628 508120 1
5782 4374 508130 1
5694 4120 508140 1
5565 3896 508150 1
5412 3693 508160 1
5242 3526 508170 1
5061 3407 508180 1
4886 3321 508190 1
4702 3307 508200 1
4511 3365 508210 1
4339 3470 508220 1
4173 3657 508230 1
4060 3918 508240 1
3979 4228 508250 1
3995 4500 508260 1
4085 4724 508270 1
4223 4915 508280 1
4390 5082 508290 1
4583 5225 508300 1
4793 5353 508310 1
4976 5470 508320 1
5160 5571 508330 1
5345 5661 508340 1
5494 5737 508350 1
5622 5793 508360 1
5738 5836 508370 1
6510 6026 508491 0
6654 6063 508501 1
6642 6092 508511 1
6571 6118 508521 1
6557 6140 508531 1
6543 6158 508541 1
6510 6175 508551 1
6464 6175 508561 1
6392 6118 508571 1
6315 6030 508581 1
6235 5887 508591 1
6185 5720 508601 1
6180 5538 508611 1
6205 5332 508621 1
6258 5152 508631 1
6333 4990 508641 1
6423 4898 508651 1
6506 4861 508661 1
6580 4861 508671 1
6649 4887 508681 1
6699 4935 508691 1
6726 4996 508701 1
6738 5062 508711 1
6725 5128 508721 1
6694 5204 508731 1
6650 5288 508741 1
6588 5396 508751 1
6512 5502 508761 1
6427 5602 508771 1
6344 5664 508781 1
6289 5702 508791 1
6252 5710 508801 1
6252 5715 508811 1
6284 5715 508821 1
6337 5715 508831 1
6416 5724 508841 1
6500 5735 508851 1
6586 5757 508861 1
6670 5780 508871 1
6747 5803 508881 1
6815 5826 508891 1
6878 5852 508901 1
6931 5880 508911 1
6981 5913 508921 1
7029 5945 508931 1
7081 5975 508941 1
7122 6000 508951 1
7155 6000 508961 1
7183 5980 508971 1
7205 5912 508981 1
7223 5798 508991 1
7239 5653 509001 1
7252 5499 509011 1
7262 5340 509021 1
7249 5186 509031 1
7254 5038 509041 1
7271 4929 509051 1
7261 4834 509061 1
7252 4749 509071 1
7246 4713 509081 1
7246 4706 509091 1
7246 4718 509101 1
7246 4774 509111 1
7246 4865 509121 1
7251 4979 509131 1
7259 5097 509141 1
7273 5225 509151 1
7292 5360 509161 1
7318 5457 509171 1
7350 5502 509181 1
7383 5512 509191 1
7420 5493 509201 1
7460 5426 509211 1
7506 5327 509221 1
7553 5207 509231 1
7593 5094 509241 1
7628 4987 509251 1
7644 4874 509261 1
7673 4800 509271 1
7710 4752 509281 1
7725 4726 509291 1
7740 4713 509301 1
7756 4713 509311 1
7971 5269 509442 0
8010 5135 509452 1
7984 5130 509462 1
7999 5068 509472 1
8042 5041 509482 1
8109 5041 509492 1
8192 5048 509502 1
8286 5092 509512 1
8366 5157 509522 1
8421 5225 509532 1
8460 5279 509542 1
8468 5325 509552 1
8452 5370 509562 1
8421 5414 509572 1
8373 5454 509582 1
8309 5489 509592 1
8234 5489 509602 1
8152 5464 509612 1
8071 5388 509622 1
7991 5293 509632 1
7927 5185 509642 1
7874 5085 509652 1
7852 5001 509662 1
7852 4928 509672 1
7864 4875 509682 1
7897 4841 509692 1
7950 4821 509702 1
8015 4832 509712 1
8099 4879 509722 1
8203 4951 509732 1
8321 5033 509742 1
8772 5464 509793 0
8956 5653 509803 1
9003 5703 509813 1
9019 5734 509823 1
9038 5753 509833 1
9050 5769 509843 1
9058 5778 509853 1
9058 5778 509863 1
9036 5790 509873 1
9007 5799 509883 1
8959 5793 509893 1
8893 5761 509903 1
8816 5712 509913 1
8750 5646 509923 1
8689 5574 509933 1
8646 5490 509943 1
8614 5413 509953 1
8604 5342 509963 1
8615 5283 509973 1
8640 5224 509983 1
8669 5156 509993 1
8734 5081 510003 1
8823 5019 510013 1
8894 4952 510023 1
8968 4873 510033 1
9046 4789 510043 1
9104 4716 510053 1
9147 4638 510063 1
9190 4558 510073 1
9218 4484 510083 1
9236 4416 510093 1
9236 4347 510103 1
9212 4276 510113 1
9179 4206 510123 1
9126 4138 510133 1
9042 4073 510143 1
8936 4012 510153 1
8783 3954 510163 1
8620 3918 510173 1
8451 3909 510183 1
8283 3918 510193 1
8126 3954 510203 1
7989 4018 510213 1
7861 4102 510223 1
7740 4194 510233 1
7648 4285 510243 1
7574 4349 510253 1
7537 4395 510263 1
7529 4426 510273 1
7540 4469 510283 1
7580 4532 510293 1
7646 4604 510303 1
