200
4253 5117 1471916 0
4253 5117 1471926 1
4253 5117 1471936 1
4174 5071 1471946 1
4093 5056 1471956 1
4002 5069 1471966 1
3890 5097 1471976 1
3765 5135 1471986 1
3603 5178 1471996 1
3438 5237 1472006 1
3270 5306 1472016 1
3097 5439 1472026 1
2971 5614 1472036 1
2877 5817 1472046 1
2855 6103 1472056 1
2911 6390 1472066 1
3019 6679 1472076 1
3233 6914 1472086 1
3502 7084 1472096 1
3808 7211 1472106 1
4117 7252 1472116 1
4446 7237 1472126 1
4805 7185 1472136 1
5128 7076 1472146 1
5430 6920 1472156 1
5652 6733 1472166 1
5791 6475 1472176 1
5874 6134 1472186 1
5860 5738 1472196 1
5758 5343 1472206 1
5596 4931 1472216 1
5391 4530 1472226 1
5159 4142 1472236 1
4909 3827 1472246 1
4666 3585 1472256 1
4404 3391 1472266 1
4129 3276 1472276 1
3898 3230 1472286 1
3696 3230 1472296 1
3514 3279 1472306 1
3408 3368 1472316 1
3384 3485 1472326 1
3415 3671 1472336 1
3520 3920 1472346 1
3733 4211 1472356 1
4018 4499 1472366 1
4384 4732 1472376 1
4739 4928 1472386 1
5086 5064 1472396 1
5393 5195 1472406 1
5633 5287 1472416 1
5828 5354 1472426 1
5958 5398 1472436 1
6047 5435 1472446 1
6109 5461 1472456 1
6131 5469 1472466 1
6131 5469 1472476 1
6119 5451 1472486 1
6094 5433 1472496 1
6371 5358 1472727 0
6371 5358 1472737 1
6371 5358 1472747 1
6371 5358 1472757 1
6371 5358 1472767 1
6435 5385 1472777 1
6453 5403 1472787 1
6438 5382 1472797 1
6403 5336 1472807 1
6339 5204 1472817 1
6276 5010 1472827 1
6253 4776 1472837 1
6253 4607 1472847 1
6335 4539 1472857 1
6469 4539 1472867 1
6641 4585 1472877 1
6827 4673 1472887 1
6934 4788 1472897 1
6987 4919 1472907 1
6987 5020 1472917 1
6945 5102 1472927 1
6875 5163 1472937 1
6775 5197 1472947 1
6653 5213 1472957 1
6516 5204 1472967 1
6402 5193 1472977 1
6319 5180 1472987 1
6256 5180 1472997 1
6243 5180 1473007 1
6272 5180 1473017 1
6328 5191 1473027 1
7137 5320 1473118 0
7137 5320 1473128 1
7171 5398 1473138 1
7151 5398 1473148 1
7142 5390 1473158 1
7142 5348 1473168 1
7125 5235 1473178 1
7125 5074 1473188 1
7120 4942 1473198 1
7102 4829 1473208 1
7085 4729 1473218 1
7065 4671 1473228 1
7043 4645 1473238 1
7029 4640 1473248 1
7018 4646 1473258 1
7013 4659 1473268 1
7013 4677 1473278 1
7041 4733 1473288 1
7088 4837 1473298 1
7171 4972 1473308 1
7260 5122 1473318 1
7358 5245 1473328 1
7433 5349 1473338 1
7493 5366 1473348 1
7533 5337 1473358 1
7563 5277 1473368 1
7585 5198 1473378 1
7596 5114 1473388 1
7596 5021 1473398 1
7596 4921 1473408 1
7596 4819 1473418 1
7596 4719 1473428 1
7601 4646 1473438 1
7608 4589 1473448 1
7621 4567 1473458 1
7990 5083 1473749 0
8038 4978 1473759 1
8048 4996 1473769 1
8048 4996 1473779 1
8086 4986 1473789 1
8155 4986 1473799 1
8210 5012 1473809 1
8270 5049 1473819 1
8337 5111 1473829 1
8404 5189 1473839 1
8459 5278 1473849 1
8507 5364 1473859 1
8516 5433 1473869 1
8501 5491 1473879 1
8470 5541 1473889 1
8411 5573 1473899 1
8335 5594 1473909 1
8247 5576 1473919 1
8159 5513 1473929 1
8075 5419 1473939 1
8018 5292 1473949 1
7977 5165 1473959 1
7977 5050 1473969 1
8023 4944 1473979 1
8090 4860 1473989 1
8200 4806 1473999 1
8340 4773 1474009 1
8500 4765 1474019 1
8644 4772 1474029 1
8746 4790 1474039 1
9473 5252 1474189 0
9473 5252 1474199 1
9473 5252 1474209 1
9473 5252 1474219 1
9473 5252 1474229 1
9517 5325 1474239 1
9527 5393 1474249 1
9532 5472 1474259 1
9525 5535 1474269 1
9511 5582 1474279 1
9469 5619 1474289 1
9394 5633 1474299 1
9298 5616 1474309 1
9184 5579 1474319 1
9053 5518 1474329 1
8910 5449 1474339 1
8807 5375 1474349 1
8764 5324 1474359 1
8764 5275 1474369 1
8795 5228 1474379 1
8885 5153 1474389 1
9011 5057 1474399 1
9157 4948 1474409 1
9314 4780 1474419 1
9479 4633 1474429 1
9572 4501 1474439 1
9596 4380 1474449 1
9575 4257 1474459 1
9503 4126 1474469 1
9381 3991 1474479 1
9225 3871 1474489 1
9056 3761 1474499 1
8857 3707 1474509 1
8637 3716 1474519 1
8415 3767 1474529 1
8161 3835 1474539 1
7885 3873 1474549 1
7621 3890 1474559 1
7381 3855 1474569 1
7158 3838 1474579 1
7010 3832 1474589 1
6928 3881 1474599 1
6889 3956 1474609 1
6901 4048 1474619 1
6916 4136 1474629 1
