199
4308 5460 1483623 0
4282 5355 1483633 1
4259 5343 1483643 1
4227 5354 1483653 1
4190 5316 1483663 1
4126 5285 1483673 1
4056 5260 1483683 1
3981 5260 1483693 1
3898 5267 1483703 1
3796 5280 1483713 1
3682 5299 1483723 1
3541 5337 1483733 1
3405 5387 1483743 1
3288 5486 1483753 1
3182 5627 1483763 1
3088 5795 1483773 1
3027 6017 1483783 1
2987 6246 1483793 1
2996 6479 1483803 1
3061 6682 1483813 1
3162 6865 1483823 1
3325 7035 1483833 1
3564 7182 1483843 1
3854 7284 1483853 1
4152 7355 1483863 1
4494 7370 1483873 1
4866 7319 1483883 1
5180 7225 1483893 1
5468 7083 1483903 1
5739 6897 1483913 1
5945 6682 1483923 1
6089 6418 1483933 1
6192 6094 1483943 1
6245 5730 1483953 1
6240 5368 1483963 1
6196 4989 1483973 1
6087 4599 1483983 1
5920 4227 1483993 1
5714 3899 1484003 1
5450 3600 1484013 1
5153 3373 1484023 1
4834 3211 1484033 1
4493 3092 1484043 1
4157 3036 1484053 1
3856 3014 1484063 1
3576 3014 1484073 1
3304 3042 1484083 1
3088 3104 1484093 1
2908 3189 1484103 1
2810 3332 1484113 1
2789 3533 1484123 1
2819 3772 1484133 1
2960 4077 1484143 1
3223 4367 1484153 1
3568 4648 1484163 1
3960 4865 1484173 1
4406 5035 1484183 1
4889 5173 1484193 1
5348 5274 1484203 1
5807 5371 1484213 1
6265 5460 1484223 1
6658 5513 1484233 1
6921 5544 1484243 1
7097 5528 1484253 1
7153 5486 1484263 1
7140 5428 1484273 1
6927 5355 1484514 0
6785 5400 1484524 1
6681 5400 1484534 1
6598 5355 1484544 1
6530 5309 1484554 1
6476 5266 1484564 1
6427 5226 1484574 1
6386 5157 1484584 1
6366 5038 1484594 1
6361 4885 1484604 1
6399 4714 1484614 1
6476 4562 1484624 1
6578 4489 1484634 1
6739 4462 1484644 1
6902 4523 1484654 1
7066 4619 1484664 1
7178 4739 1484674 1
7242 4883 1484684 1
7275 4990 1484694 1
7244 5073 1484704 1
7181 5138 1484714 1
7097 5185 1484724 1
6993 5220 1484734 1
6874 5246 1484744 1
6746 5269 1484754 1
6654 5287 1484764 1
6602 5287 1484774 1
6576 5279 1484784 1
6582 5270 1484794 1
6634 5245 1484804 1
7361 5369 1484905 0
7463 5286 1484915 1
7480 5286 1484925 1
7488 5335 1484935 1
7503 5290 1484945 1
7522 5216 1484955 1
7540 5122 1484965 1
7559 5038 1484975 1
7578 4954 1484985 1
7578 4859 1484995 1
7578 4757 1485005 1
7558 4690 1485015 1
7539 4653 1485025 1
7521 4636 1485035 1
7521 4645 1485045 1
7521 4686 1485055 1
7542 4749 1485065 1
7576 4849 1485075 1
7625 4946 1485085 1
7678 5034 1485095 1
7741 5108 1485105 1
7809 5175 1485115 1
7888 5232 1485125 1
7972 5252 1485135 1
8021 5247 1485145 1
8049 5199 1485155 1
8063 5112 1485165 1
8063 4998 1485175 1
8055 4871 1485185 1
8044 4760 1485195 1
8044 4659 1485205 1
8044 4596 1485215 1
8054 4572 1485225 1
8075 4572 1485235 1
8101 4597 1485245 1
8524 5000 1485405 0
8484 4922 1485415 1
8473 4907 1485425 1
8460 4890 1485435 1
8509 4867 1485445 1
8579 4842 1485455 1
8664 4847 1485465 1
8746 4877 1485475 1
8828 4924 1485485 1
8893 4992 1485495 1
8947 5059 1485505 1
8958 5125 1485515 1
8938 5177 1485525 1
8898 5225 1485535 1
8843 5250 1485545 1
8778 5261 1485555 1
8705 5261 1485565 1
8628 5226 1485575 1
8552 5177 1485585 1
8476 5087 1485595 1
8399 4976 1485605 1
8383 4851 1485615 1
8406 4718 1485625 1
8454 4622 1485635 1
8532 4550 1485645 1
8628 4520 1485655 1
8735 4514 1485665 1
8837 4524 1485675 1
9558 5044 1485806 0
9558 5044 1485816 1
9558 5044 1485826 1
9558 5044 1485836 1
9534 5126 1485846 1
9545 5171 1485856 1
9555 5218 1485866 1
9563 5267 1485876 1
9563 5303 1485886 1
9552 5335 1485896 1
9519 5346 1485906 1
9453 5346 1485916 1
9365 5312 1485926 1
9251 5258 1485936 1
9140 5191 1485946 1
9064 5125 1485956 1
9010 5061 1485966 1
9000 5009 1485976 1
9040 4966 1485986 1
9112 4913 1485996 1
9231 4829 1486006 1
9375 4724 1486016 1
9535 4605 1486026 1
9645 4490 1486036 1
9708 4380 1486046 1
9740 4263 1486056 1
9716 4142 1486066 1
9629 4026 1486076 1
9500 3912 1486086 1
9296 3820 1486096 1
9082 3743 1486106 1
8862 3732 1486116 1
8671 3773 1486126 1
8520 3848 1486136 1
8396 3951 1486146 1
8304 4054 1486156 1
8259 4125 1486166 1
8244 4174 1486176 1
8255 4214 1486186 1
8298 4248 1486196 1
