230
5117 4931 556730 0
5117 4931 556740 1
5117 4931 556750 1
5088 4865 556760 1
5093 4856 556770 1
5111 4847 556780 1
5124 4837 556790 1
5130 4828 556800 1
5130 4819 556810 1
5121 4810 556820 1
5078 4774 556830 1
5011 4738 556840 1
4912 4700 556850 1
4770 4681 556860 1
4600 4675 556870 1
4417 4717 556880 1
4220 4824 556890 1
4014 4975 556900 1
3835 5162 556910 1
3652 5355 556920 1
3466 5553 556930 1
3309 5684 556940 1
3186 5796 556950 1
3085 5895 556960 1
3068 5972 556970 1
3143 6068 556980 1
3279 6177 556990 1
3506 6327 557000 1
3808 6451 557010 1
4160 6559 557020 1
4540 6616 557030 1
4924 6586 557040 1
5256 6498 557050 1
5552 6249 557060 1
5859 5919 557070 1
6126 5535 557080 1
6126 5535 557090 5
6550 4911 557100 5
6666 4651 557110 5
6737 4396 557120 5
6737 4140 557130 5
6651 3896 557140 5
6509 3661 557150 5
6259 3458 557160 5
5937 3282 557170 5
5568 3123 557180 5
5181 3022 557190 5
4815 3004 557200 5
4497 3041 557210 5
4205 3159 557220 5
3993 3340 557230 5
3873 3562 557240 5
3815 3795 557250 5
3836 4018 557260 5
3927 4234 557270 5
4064 4453 557280 5
4331 4631 557290 5
4684 4782 557300 5
5095 4897 557310 5
5555 4953 557320 5
5939 4969 557330 5
6272 4952 557340 5
6464 4900 557350 5
6537 4825 557360 5
6530 4739 557370 5
6530 4739 557380 4
6368 4650 557390 4
6847 5050 557581 0
6847 5050 557591 1
6697 5050 557601 1
6607 5036 557611 1
6521 5019 557621 1
6449 4998 557631 1
6380 4977 557641 1
6316 4939 557651 1
6257 4896 557661 1
6217 4822 557671 1
6189 4730 557681 1
6189 4629 557691 1
6189 4629 557701 5
6299 4474 557711 5
6409 4432 557721 5
6547 4432 557731 5
6703 4470 557741 5
6872 4529 557751 5
7000 4598 557761 5
7100 4673 557771 5
7156 4744 557781 5
7172 4809 557791 5
7172 4809 557801 1
7127 4910 557811 1
7064 4950 557821 1
6983 4967 557831 1
6863 4967 557841 1
6736 4952 557851 1
6605 4930 557861 1
6524 4911 557871 1
6486 4897 557881 1
6477 4897 557891 1
6511 4904 557901 1
6584 4921 557911 1
6684 4941 557921 1
6799 4960 557931 1
6915 4978 557941 1
7013 4984 557951 1
7098 4984 557961 1
7165 4973 557971 1
7220 4959 557981 1
7268 4943 557991 1
7313 4923 558001 1
7347 4898 558011 1
7374 4854 558021 1
7389 4798 558031 1
7376 4725 558041 1
7344 4661 558051 1
7310 4603 558061 1
7276 4572 558071 1
7259 4557 558081 1
7254 4557 558091 1
7254 4557 558101 1
7259 4567 558111 1
7270 4587 558121 1
7311 4633 558131 1
7370 4702 558141 1
7461 4787 558151 1
7552 4872 558161 1
7642 4932 558171 1
7712 4975 558181 1
7770 4991 558191 1
7809 4991 558201 1
7838 4980 558211 1
7859 4942 558221 1
7879 4877 558231 1
7885 4793 558241 1
7885 4707 558251 1
7895 4647 558261 1
7909 4604 558271 1
7922 4579 558281 1
7922 4571 558291 1
7922 4571 558301 1
7922 4577 558311 1
7922 4600 558321 1
8066 4877 558422 0
8042 4798 558432 1
8011 4771 558442 1
7968 4756 558452 1
8004 4756 558462 1
8078 4773 558472 1
8177 4797 558482 1
8275 4830 558492 1
8356 4858 558502 1
8426 4883 558512 1
8488 4908 558522 1
8555 4940 558532 1
8617 4978 558542 1
8674 5020 558552 1
8698 5052 558562 1
8698 5080 558572 1
8673 5099 558582 1
8623 5107 558592 1
8549 5093 558602 1
8458 5065 558612 1
8358 5015 558622 1
8259 4959 558632 1
8177 4892 558642 1
8106 4821 558652 1
8060 4749 558662 1
8042 4687 558672 1
8042 4631 558682 1
8042 4631 558692 5
8143 4542 558702 5
8233 4520 558712 5
8356 4525 558722 5
8466 4546 558732 5
8567 4577 558742 5
8625 4603 558752 5
8651 4629 558762 5
8651 4629 558772 1
9506 5015 558923 0
9506 5015 558933 1
9506 5015 558943 1
9436 5075 558953 1
9365 5088 558963 1
9290 5098 558973 1
9217 5103 558983 1
9141 5103 558993 1
9064 5098 559003 1
8984 5088 559013 1
8904 5066 559023 1
8825 5037 559033 1
8778 5005 559043 1
8752 4973 559053 1
8740 4941 559063 1
8750 4907 559073 1
8776 4873 559083 1
8813 4841 559093 1
8873 4812 559103 1
8954 4790 559113 1
9049 4773 559123 1
9160 4759 559133 1
9276 4740 559143 1
9403 4717 559153 1
9525 4687 559163 1
9644 4653 559173 1
9774 4620 559183 1
9774 4620 559193 5
9972 4513 559203 5
10022 4442 559213 5
10045 4367 559223 5
10040 4285 559233 5
10016 4197 559243 5
9948 4110 559253 5
9834 4035 559263 5
9689 3968 559273 5
9503 3910 559283 5
9280 3871 559293 5
9032 3846 559303 5
8736 3846 559313 5
8428 3854 559323 5
8111 3871 559333 5
7830 3880 559343 5
7608 3888 559353 5
7424 3911 559363 5
7348 3946 559373 5
7404 3991 559383 5
7404 3991 559393 4
7822 4288 559403 4
8040 4388 559413 4
8220 4439 559423 4
8410 4458 559433 4
