216
4844 5096 843542 0
4844 5096 843552 1
4844 5096 843562 1
4844 5096 843572 1
4844 5096 843582 1
4844 5096 843592 1
4844 5096 843602 1
4844 5096 843612 1
4844 5096 843622 1
4844 5096 843632 1
4844 5096 843642 1
4844 5096 843652 1
4844 5096 843662 1
4828 5013 843672 1
4744 4979 843682 1
4604 4941 843692 1
4428 4902 843702 1
4228 4865 843712 1
4000 4854 843722 1
3782 4861 843732 1
3570 4920 843742 1
3388 5041 843752 1
3229 5203 843762 1
3086 5428 843772 1
2989 5652 843782 1
2950 5874 843792 1
2950 6066 843802 1
3010 6237 843812 1
3160 6361 843822 1
3371 6489 843832 1
3655 6565 843842 1
3992 6605 843852 1
4365 6599 843862 1
4750 6543 843872 1
5107 6455 843882 1
5444 6299 843892 1
5734 6073 843902 1
5982 5800 843912 1
6202 5481 843922 1
6372 5192 843932 1
6454 4924 843942 1
6478 4676 843952 1
6413 4461 843962 1
6257 4269 843972 1
6041 4077 843982 1
5761 3912 843992 1
5411 3766 844002 1
5015 3653 844012 1
4665 3604 844022 1
4321 3597 844032 1
4047 3647 844042 1
3817 3739 844052 1
3676 3858 844062 1
3648 4008 844072 1
3695 4231 844082 1
3855 4502 844092 1
4130 4775 844102 1
4481 5040 844112 1
4884 5229 844122 1
5246 5371 844132 1
5581 5435 844142 1
5862 5435 844152 1
6071 5401 844162 1
6231 5338 844172 1
6393 5270 844182 1
6759 5277 844404 0
6759 5277 844414 1
6679 5283 844424 1
6639 5293 844434 1
6623 5306 844444 1
6623 5324 844454 1
6612 5342 844464 1
6590 5355 844474 1
6561 5362 844484 1
6519 5352 844494 1
6472 5332 844504 1
6421 5292 844514 1
6373 5230 844524 1
6329 5154 844534 1
6294 5071 844544 1
6286 4993 844554 1
6297 4938 844564 1
6341 4897 844574 1
6414 4876 844584 1
6505 4884 844594 1
6620 4912 844604 1
6754 4976 844614 1
6900 5046 844624 1
7009 5119 844634 1
7073 5181 844644 1
7106 5226 844654 1
7089 5259 844664 1
7033 5284 844674 1
6950 5284 844684 1
6843 5264 844694 1
6729 5235 844704 1
6609 5205 844714 1
6534 5173 844724 1
6495 5158 844734 1
6479 5152 844744 1
6488 5152 844754 1
6934 5277 844824 0
7096 5286 844834 1
7123 5281 844844 1
7140 5271 844854 1
7149 5259 844864 1
7162 5249 844874 1
7172 5242 844884 1
7180 5234 844894 1
7180 5200 844904 1
7174 5140 844914 1
7156 5064 844924 1
7125 4994 844934 1
7096 4944 844944 1
7069 4907 844954 1
7069 4900 844964 1
7069 4913 844974 1
7079 4939 844984 1
7112 5002 844994 1
7158 5064 845004 1
7226 5133 845014 1
7310 5206 845024 1
7404 5268 845034 1
7475 5307 845044 1
7522 5330 845054 1
7553 5325 845064 1
7564 5314 845074 1
7564 5260 845084 1
7559 5179 845094 1
7559 5082 845104 1
7559 4999 845114 1
7559 4926 845124 1
7570 4886 845134 1
7579 4871 845144 1
7589 4871 845154 1
7604 4898 845164 1
7673 5124 845275 0
7673 5124 845285 1
7584 5048 845295 1
7573 5048 845305 1
7603 5048 845315 1
7660 5069 845325 1
7734 5092 845335 1
7824 5117 845345 1
7924 5147 845355 1
8019 5182 845365 1
8090 5221 845375 1
8145 5246 845385 1
8163 5267 845395 1
8163 5280 845405 1
8146 5299 845415 1
8129 5321 845425 1
8106 5337 845435 1
8078 5351 845445 1
8022 5335 845455 1
7945 5301 845465 1
7853 5240 845475 1
7761 5177 845485 1
7691 5113 845495 1
7635 5051 845505 1
7615 5006 845515 1
7622 4971 845525 1
7646 4939 845535 1
7705 4917 845545 1
7798 4902 845555 1
7913 4915 845565 1
8016 4935 845575 1
8104 4961 845585 1
8182 4977 845595 1
8230 4990 845605 1
8255 4997 845615 1
8600 5288 845746 0
8669 5326 845756 1
8694 5348 845766 1
8715 5366 845776 1
8726 5383 845786 1
8731 5395 845796 1
8731 5404 845806 1
8715 5415 845816 1
8695 5430 845826 1
8669 5444 845836 1
8636 5456 845846 1
8598 5463 845856 1
8545 5463 845866 1
8475 5449 845876 1
8393 5421 845886 1
8298 5382 845896 1
8205 5329 845906 1
8119 5270 845916 1
8068 5207 845926 1
8038 5175 845936 1
8038 5146 845946 1
8088 5120 845956 1
8164 5105 845966 1
8301 5105 845976 1
8468 5114 845986 1
8656 5114 845996 1
8841 5109 846006 1
9025 5083 846016 1
9193 5046 846026 1
9351 4984 846036 1
9499 4893 846046 1
9571 4783 846056 1
9591 4683 846066 1
9500 4567 846076 1
9313 4440 846086 1
9062 4325 846096 1
8766 4238 846106 1
8455 4170 846116 1
8133 4128 846126 1
7894 4128 846136 1
7687 4146 846146 1
7502 4193 846156 1
7406 4252 846166 1
7399 4318 846176 1
7451 4416 846186 1
