236
5195 5205 658877 0
5179 5136 658887 1
5136 5112 658897 1
5096 5098 658907 1
5062 5084 658917 1
5012 5074 658927 1
4953 5066 658937 1
4875 5055 658947 1
4764 5042 658957 1
4632 5027 658967 1
4487 5017 658977 1
4332 5011 658987 1
4170 5011 658997 1
4000 5021 659007 1
3842 5030 659017 1
3680 5049 659027 1
3511 5070 659037 1
3368 5092 659047 1
3227 5108 659057 1
3092 5135 659067 1
2964 5169 659077 1
2872 5213 659087 1
2801 5269 659097 1
2754 5334 659107 1
2733 5397 659117 1
2733 5472 659127 1
2756 5554 659137 1
2817 5645 659147 1
2902 5739 659157 1
3011 5834 659167 1
3158 5942 659177 1
3331 6036 659187 1
3527 6121 659197 1
3729 6190 659207 1
3936 6230 659217 1
4135 6252 659227 1
4318 6240 659237 1
4491 6195 659247 1
4663 6128 659257 1
4834 6046 659267 1
4995 5922 659277 1
5148 5771 659287 1
5289 5590 659297 1
5391 5354 659307 1
5468 5082 659317 1
5503 4816 659327 1
5522 4545 659337 1
5530 4333 659347 1
5536 4162 659357 1
5523 4012 659367 1
5497 3856 659377 1
5447 3696 659387 1
5372 3550 659397 1
5280 3403 659407 1
5158 3256 659417 1
5020 3116 659427 1
4872 3004 659437 1
4699 2911 659447 1
4503 2820 659457 1
4292 2754 659467 1
4069 2704 659477 1
3865 2669 659487 1
3673 2657 659497 1
3469 2657 659507 1
3302 2685 659517 1
3159 2735 659527 1
3037 2802 659537 1
2962 2888 659547 1
2918 3005 659557 1
2918 3143 659567 1
2944 3320 659577 1
2995 3502 659587 1
3070 3691 659597 1
3173 3917 659607 1
3295 4166 659617 1
3431 4383 659627 1
3606 4597 659637 1
3808 4809 659647 1
4006 5006 659657 1
4218 5186 659667 1
4439 5354 659677 1
4627 5489 659687 1
4790 5573 659697 1
4937 5622 659707 1
5073 5651 659717 1
5209 5656 659727 1
5345 5645 659737 1
5462 5619 659747 1
5566 5592 659757 1
5664 5563 659767 1
5751 5531 659777 1
5831 5496 659787 1
5882 5455 659797 1
5929 5408 659807 1
5972 5352 659817 1
5999 5287 659827 1
5999 5218 659837 1
5980 5131 659847 1
5928 5033 659857 1
5857 4924 659867 1
5774 4825 659877 1
5701 4732 659887 1
5650 4684 659897 1
5614 4654 659907 1
5582 4635 659917 1
5531 4635 659927 1
5468 4648 659937 1
5392 4678 659947 1
5315 4712 659957 1
5237 4762 659967 1
5167 4822 659977 1
5116 4890 659987 1
5078 4968 659997 1
5063 5054 660007 1
5069 5143 660017 1
5090 5246 660027 1
5131 5359 660037 1
5191 5456 660047 1
5264 5536 660057 1
5345 5605 660067 1
5431 5665 660077 1
5540 5721 660087 1
5661 5761 660097 1
5809 5793 660107 1
5936 5821 660117 1
6050 5845 660127 1
6144 5856 660137 1
6235 5861 660147 1
6323 5861 660157 1
6401 5861 660167 1
6461 5850 660177 1
6509 5832 660187 1
6534 5810 660197 1
6540 5785 660207 1
6534 5755 660217 1
6500 5720 660227 1
6451 5674 660237 1
6393 5627 660247 1
6342 5579 660257 1
6292 5499 660267 1
6246 5400 660277 1
6205 5269 660287 1
6173 5137 660297 1
6147 5002 660307 1
6147 4888 660317 1
6164 4788 660327 1
6204 4712 660337 1
6262 4672 660347 1
6331 4655 660357 1
6396 4665 660367 1
6453 4710 660377 1
6505 4778 660387 1
6538 4847 660397 1
6559 4915 660407 1
6572 4988 660417 1
6572 5065 660427 1
6567 5147 660437 1
6555 5252 660447 1
6540 5373 660457 1
6528 5486 660467 1
6522 5573 660477 1
6532 5643 660487 1
6551 5708 660497 1
6580 5755 660507 1
6614 5790 660517 1
6660 5819 660527 1
6713 5829 660537 1
6777 5829 660547 1
6848 5803 660557 1
6905 5762 660567 1
6955 5710 660577 1
7000 5641 660587 1
7035 5560 660597 1
7058 5472 660607 1
7074 5378 660617 1
7084 5276 660627 1
7095 5168 660637 1
7109 5081 660647 1
7139 5015 660657 1
7178 4963 660667 1
7225 4937 660677 1
7274 4937 660687 1
7329 4960 660697 1
7385 5007 660707 1
7451 5081 660717 1
7523 5172 660727 1
7583 5276 660737 1
7638 5402 660747 1
7689 5544 660757 1
7733 5679 660767 1
7751 5808 660777 1
7751 5892 660787 1
7715 5948 660797 1
7667 5968 660807 1
7612 5961 660817 1
7553 5935 660827 1
7493 5868 660837 1
7431 5777 660847 1
7376 5670 660857 1
7344 5566 660867 1
7327 5480 660877 1
7348 5407 660887 1
7396 5348 660897 1
7461 5296 660907 1
7536 5248 660917 1
7614 5203 660927 1
7699 5175 660937 1
7790 5158 660947 1
7886 5181 660957 1
7967 5243 660967 1
8039 5331 660977 1
8105 5451 660987 1
8166 5571 660997 1
8223 5705 661007 1
8280 5848 661017 1
8309 5988 661027 1
8319 6053 661037 1
8280 6067 661047 1
8196 6035 661057 1
8082 5959 661067 1
7980 5854 661077 1
7898 5774 661087 1
7829 5704 661097 1
7781 5642 661107 1
7786 5613 661117 1
7827 5583 661127 1
7896 5562 661137 1
8002 5547 661147 1
8133 5538 661157 1
8331 5524 661167 1
8531 5505 661177 1
8732 5456 661187 1
8874 5388 661197 1
8902 5272 661207 1
8853 5094 661217 1
8662 4874 661227 1
