221
3890 6196 349192 0
3872 6492 349202 1
3872 6598 349212 1
3879 6668 349222 1
3888 6705 349232 1
3897 6722 349242 1
3905 6722 349252 1
3905 6722 349262 1
3905 6670 349272 1
3923 6584 349282 1
3946 6346 349292 1
3976 6006 349302 1
4004 5598 349312 1
4031 5157 349322 1
4058 4766 349332 1
4119 4408 349342 1
4206 4142 349352 1
4309 4032 349362 1
4398 4026 349372 1
4487 4071 349382 1
4567 4167 349392 1
4640 4297 349402 1
4685 4472 349412 1
4716 4669 349422 1
4738 4880 349432 1
4729 5074 349442 1
4678 5244 349452 1
4600 5399 349462 1
4521 5446 349472 1
4445 5415 349482 1
4371 5332 349492 1
4317 5163 349502 1
4276 4913 349512 1
4276 4610 349522 1
4304 4275 349532 1
4354 3970 349542 1
4420 3851 349552 1
4527 3851 349562 1
4662 3937 349572 1
4803 4144 349582 1
4895 4430 349592 1
4963 6272 349873 0
4924 6556 349883 1
4918 6626 349893 1
4918 6654 349903 1
4938 6654 349913 1
4968 6621 349923 1
5014 6500 349933 1
5065 6322 349943 1
5121 6027 349953 1
5169 5672 349963 1
5213 5277 349973 1
5265 4875 349983 1
5322 4478 349993 1
5390 4232 350003 1
5440 4085 350013 1
5479 4104 350023 1
5536 4229 350033 1
5591 4425 350043 1
5644 4670 350053 1
5711 4929 350063 1
5781 5198 350073 1
5826 5472 350083 1
5853 5705 350093 1
5853 5912 350103 1
5845 6021 350113 1
5832 6043 350123 1
5789 6007 350133 1
5736 5923 350143 1
5677 5744 350153 1
5625 5501 350163 1
5589 5177 350173 1
5563 4856 350183 1
5538 4536 350193 1
5538 4304 350203 1
5555 4191 350213 1
5630 4158 350223 1
5741 4296 350233 1
5876 4523 350243 1
6002 4809 350253 1
6134 4998 350263 1
6256 5149 350273 1
6287 5617 350403 0
6294 5382 350413 1
6278 5209 350423 1
6256 5024 350433 1
6277 4884 350443 1
6298 4793 350453 1
6318 4736 350463 1
6353 4720 350473 1
6390 4756 350483 1
6431 4826 350493 1
6468 4972 350503 1
6503 5178 350513 1
6536 5424 350523 1
6570 5659 350533 1
6609 5861 350543 1
6654 6041 350553 1
6708 6131 350563 1
6744 6160 350573 1
6769 6149 350583 1
6788 6088 350593 1
6805 5959 350603 1
6821 5785 350613 1
6836 5552 350623 1
6860 5260 350633 1
6899 4929 350643 1
6956 4569 350653 1
7026 4203 350663 1
7079 3832 350673 1
7113 3507 350683 1
7134 3240 350693 1
7134 3013 350703 1
7118 2915 350713 1
7085 2934 350723 1
7006 3030 350733 1
6906 3225 350743 1
6793 3460 350753 1
6682 3723 350763 1
6623 3991 350773 1
7139 5695 350904 0
7307 5464 350914 1
7346 5257 350924 1
7356 5016 350934 1
7383 4864 350944 1
7399 4812 350954 1
7407 4828 350964 1
7423 4889 350974 1
7423 5011 350984 1
7407 5174 350994 1
7400 5375 351004 1
7371 5577 351014 1
7328 5801 351024 1
7264 6040 351034 1
7205 6210 351044 1
7178 6280 351054 1
7171 6280 351064 1
7163 6280 351074 1
7157 6239 351084 1
7152 6182 351094 1
7165 6047 351104 1
7189 5869 351114 1
7212 5662 351124 1
7238 5498 351134 1
7270 5395 351144 1
7310 5334 351154 1
7370 5355 351164 1
7444 5464 351174 1
7502 5633 351184 1
7560 5854 351194 1
7603 6050 351204 1
7636 6229 351214 1
7664 6350 351224 1
7676 6370 351234 1
7676 6322 351244 1
7676 6213 351254 1
7676 6083 351264 1
7686 5940 351274 1
7700 5795 351284 1
7720 5712 351294 1
7751 5671 351304 1
7805 5702 351314 1
7874 5815 351324 1
7938 5984 351334 1
8002 6173 351344 1
8066 6368 351354 1
8122 6521 351364 1
8175 6645 351374 1
8221 6668 351384 1
8251 6631 351394 1
8269 6555 351404 1
8280 6418 351414 1
8280 6254 351424 1
8272 6072 351434 1
8272 5971 351444 1
8286 5953 351454 1
8317 5990 351464 1
8366 6097 351474 1
8419 6245 351484 1
8479 6420 351494 1
8526 6583 351504 1
8565 6689 351514 1
8595 6757 351524 1
8611 6737 351534 1
8618 6676 351544 1
8632 6587 351554 1
8652 6518 351564 1
8683 6454 351574 1
8729 6438 351584 1
8785 6452 351594 1
8841 6528 351604 1
8872 6634 351614 1
8886 6759 351624 1
8864 6852 351634 1
8829 6916 351644 1
8785 6961 351654 1
8766 6961 351664 1
8772 6941 351674 1
8795 6915 351684 1
8849 6810 351694 1
8917 6705 351704 1
8994 6519 351714 1
9099 6280 351724 1
9208 6021 351734 1
9320 5747 351744 1
9419 5462 351754 1
9457 5203 351764 1
9457 4992 351774 1
9416 4813 351784 1
9381 4665 351794 1
9310 4614 351804 1
9214 4628 351814 1
9130 4739 351824 1
9042 4914 351834 1
8950 5132 351844 1
8885 5383 351854 1
8900 5569 351864 1
8969 5712 351874 1
9055 5833 351884 1
9173 5968 351894 1
9312 6121 351904 1
