300
5742 7167 591971 0
5720 7243 591981 1
5703 7282 591991 1
5682 7321 592001 1
5667 7355 592011 1
5653 7387 592021 1
5636 7411 592031 1
5618 7427 592041 1
5618 7410 592051 1
5613 7372 592061 1
5621 7214 592071 1
5638 6954 592081 1
5656 6627 592091 1
5672 6285 592101 1
5699 5954 592111 1
5743 5630 592121 1
5797 5330 592131 1
5854 5104 592141 1
5903 4927 592151 1
5949 4832 592161 1
5994 4776 592171 1
6046 4745 592181 1
6098 4763 592191 1
6152 4851 592201 1
6319 5877 592261 0
6386 6349 592271 1
6366 6517 592281 1
6358 6608 592291 1
6358 6635 592301 1
6329 6619 592311 1
6270 6609 592321 1
6189 6554 592331 1
6086 6468 592341 1
5983 6355 592351 1
5879 6249 592361 1
5787 6147 592371 1
5728 6048 592381 1
5690 5945 592391 1
5707 5811 592401 1
5772 5657 592411 1
5868 5508 592421 1
5982 5380 592431 1
6126 5266 592441 1
6289 5243 592451 1
6452 5275 592461 1
6608 5344 592471 1
6758 5455 592481 1
6894 5575 592491 1
6985 5701 592501 1
6985 5701 592511 3
7088 5893 592521 3
7106 5982 592531 3
7106 5982 592541 2
7094 6238 592551 2
7061 6419 592561 2
7014 6595 592571 2
6968 6762 592581 2
6942 6925 592591 2
6944 7182 592632 0
6992 7305 592642 1
6968 7346 592652 1
6961 7364 592662 1
6961 7379 592672 1
6961 7386 592682 1
6961 7386 592692 1
6961 7381 592702 1
6961 7350 592712 1
6961 7301 592722 1
6953 7191 592732 1
6953 7042 592742 1
6953 6867 592752 1
6969 6652 592762 1
6987 6409 592772 1
7022 6148 592782 1
7068 5930 592792 1
7111 5757 592802 1
7144 5613 592812 1
7170 5526 592822 1
7194 5480 592832 1
7215 5462 592842 1
7235 5462 592852 1
7268 5503 592862 1
7268 5503 592872 3
7346 5698 592882 3
7385 5866 592892 3
7413 6061 592902 3
7435 6277 592912 3
7453 6472 592922 3
7453 6652 592932 3
7444 6727 592942 3
7428 6767 592952 3
7405 6784 592962 3
7376 6784 592972 3
7330 6784 592982 3
7264 6767 592992 3
7185 6738 593002 3
7104 6703 593012 3
7026 6653 593022 3
6956 6594 593032 3
6909 6518 593042 3
6877 6429 593052 3
6872 6331 593062 3
6894 6255 593072 3
6935 6199 593082 3
6986 6157 593092 3
7053 6125 593102 3
7130 6097 593112 3
7222 6072 593122 3
7336 6047 593132 3
7465 6031 593142 3
7601 6021 593152 3
7742 6035 593162 3
7891 6076 593172 3
7997 6135 593182 3
8075 6207 593192 3
8136 6277 593202 3
8166 6346 593212 3
8174 6390 593222 3
8161 6430 593232 3
8130 6461 593242 3
8087 6467 593252 3
8037 6458 593262 3
8037 6458 593272 2
7942 6425 593282 2
7906 6443 593292 2
7861 6478 593302 2
7810 6529 593312 2
7782 6590 593322 2
7756 6658 593332 2
7731 6739 593342 2
7724 6813 593352 2
7724 6874 593362 2
7724 6913 593372 2
7732 6938 593382 2
7732 6938 593393 3
7732 6938 593403 3
7732 6938 593413 3
7667 6996 593423 3
7660 6983 593433 3
7653 6966 593443 3
7644 6878 593453 3
7644 6739 593463 3
7644 6567 593473 3
7676 6408 593483 3
7712 6257 593493 3
7758 6169 593503 3
7812 6121 593513 3
7875 6111 593523 3
7944 6162 593533 3
8019 6255 593543 3
8095 6386 593553 3
8168 6516 593563 3
8211 6632 593573 3
8237 6739 593583 3
8244 6834 593593 3
8238 6927 593603 3
8222 6971 593613 3
8212 6982 593623 3
8202 6972 593633 3
8194 6896 593643 3
8187 6777 593653 3
8187 6601 593663 3
8193 6400 593673 3
8222 6183 593683 3
8267 5962 593693 3
8325 5735 593703 3
8376 5570 593713 3
8421 5448 593723 3
8440 5357 593733 3
8440 5293 593743 3
8432 5247 593753 3
8405 5220 593763 3
8337 5199 593773 3
8242 5182 593783 3
8123 5176 593793 3
7989 5176 593803 3
7846 5183 593813 3
7690 5210 593823 3
7559 5268 593833 3
7490 5348 593843 3
7455 5423 593853 3
7455 5423 593863 2
7503 5573 593873 2
7557 5646 593883 2
7622 5737 593893 2
7723 5841 593903 2
7847 5962 593913 2
7997 6080 593923 2
7997 6080 593934 3
8257 6231 593944 3
8324 6226 593954 3
8362 6181 593964 3
8401 6142 593974 3
8436 6107 593984 3
8467 6093 593994 3
8490 6093 594004 3
8516 6105 594014 3
8549 6166 594024 3
8590 6270 594034 3
8639 6404 594044 3
8672 6522 594054 3
8694 6636 594064 3
8694 6750 594074 3
8670 6866 594084 3
8639 6960 594094 3
8598 6997 594104 3
8550 6997 594114 3
8497 6941 594124 3
8452 6827 594134 3
8410 6675 594144 3
8393 6506 594154 3
8393 6369 594164 3
8433 6254 594174 3
8498 6188 594184 3
8580 6167 594194 3
8663 6176 594204 3
8744 6217 594214 3
8821 6281 594224 3
8894 6360 594234 3
8954 6452 594244 3
8990 6530 594254 3
9009 6598 594264 3
9021 6654 594274 3
9028 6706 594284 3
9028 6712 594294 3
9028 6689 594304 3
9028 6655 594314 3
9045 6598 594324 3
9064 6526 594334 3
9087 6448 594344 3
9130 6393 594354 3
9183 6353 594364 3
9238 6347 594374 3
9296 6368 594384 3
9360 6407 594394 3
9413 6463 594404 3
9460 6517 594414 3
9489 6571 594424 3
9507 6607 594434 3
9518 6640 594444 3
9518 6670 594454 3
9518 6679 594464 3
9518 6673 594474 3
9525 6663 594484 3
9541 6637 594494 3
9564 6600 594504 3
9598 6582 594514 3
9636 6582 594524 3
9689 6599 594534 3
9751 6639 594544 3
9815 6700 594554 3
9879 6775 594564 3
9931 6854 594574 3
9975 6931 594584 3
9995 6992 594594 3
10002 7042 594604 3
10002 7060 594614 3
9997 7060 594624 3
9997 7045 594634 3
9989 7015 594644 3
9989 6936 594654 3
9989 6825 594664 3
9998 6744 594674 3
10029 6659 594684 3
10069 6565 594694 3
10119 6446 594704 3
10173 6311 594714 3
10243 6161 594724 3
10322 6013 594734 3
10393 5866 594744 3
10449 5722 594754 3
10496 5588 594764 3
10525 5462 594774 3
10525 5341 594784 3
10502 5221 594794 3
10466 5121 594804 3
10408 5033 594814 3
10336 4947 594824 3
10240 4864 594834 3
10124 4783 594844 3
9995 4706 594854 3
9842 4647 594864 3
9696 4600 594874 3
9561 4578 594884 3
9446 4578 594894 3
9344 4585 594904 3
9268 4595 594914 3
9212 4605 594924 3
9168 4612 594934 3
9139 4618 594944 3
9117 4618 594954 3
9107 4624 594964 3
9107 4624 594974 3
9107 4640 594984 3
9120 4667 594994 3
9120 4667 595004 2
9143 4730 595014 2
9112 4768 595024 2
9050 4792 595034 2
9008 4849 595044 2
