334
3745 4454 1595484 0
3743 4383 1595494 1
3726 4383 1595504 1
3706 4365 1595514 1
3706 4360 1595524 1
3700 4360 1595534 1
3692 4360 1595544 1
3686 4379 1595554 1
3656 4405 1595564 1
3610 4479 1595574 1
3550 4584 1595584 1
3484 4711 1595594 1
3414 4867 1595604 1
3340 5044 1595614 1
3291 5234 1595624 1
3259 5476 1595634 1
3277 5745 1595644 1
3321 6033 1595654 1
3382 6228 1595664 1
3436 6288 1595674 1
3490 6259 1595684 1
3544 6107 1595694 1
3592 5834 1595704 1
3637 5481 1595714 1
3697 5105 1595724 1
3754 4750 1595734 1
3810 4409 1595744 1
3870 3995 1595754 1
3940 3516 1595764 1
4016 2995 1595774 1
4074 2575 1595784 1
4105 2289 1595794 1
4119 2092 1595804 1
4125 1981 1595814 1
4125 1945 1595824 1
4131 1958 1595834 1
4140 1971 1595844 1
4140 1990 1595854 1
4140 2018 1595864 1
4126 2037 1595874 1
4121 2049 1595884 1
4114 2062 1595894 1
4101 2111 1595904 1
4084 2185 1595914 1
4069 2308 1595924 1
4056 2500 1595934 1
4048 2737 1595944 1
4048 3024 1595954 1
4048 3333 1595964 1
4063 3656 1595974 1
4107 3868 1595984 1
4170 3948 1595994 1
4250 3939 1596004 1
4331 3895 1596014 1
4415 3753 1596024 1
4487 3547 1596034 1
4550 3265 1596044 1
4561 2957 1596054 1
4518 2631 1596064 1
4440 2359 1596074 1
4342 2141 1596084 1
4246 1960 1596094 1
4193 1909 1596104 1
4169 1943 1596114 1
4164 2033 1596124 1
4186 2286 1596134 1
5181 4249 1596545 0
5181 4249 1596555 1
5181 4249 1596565 1
5181 4249 1596575 1
5181 4249 1596585 1
5181 4249 1596595 1
5181 4249 1596605 1
5113 4164 1596615 1
5095 4125 1596625 1
5067 4093 1596635 1
5033 4084 1596645 1
4991 4084 1596655 1
4939 4116 1596665 1
4880 4196 1596675 1
4814 4311 1596685 1
4736 4482 1596695 1
4649 4705 1596705 1
4580 4963 1596715 1
4540 5231 1596725 1
4520 5503 1596735 1
4553 5777 1596745 1
4637 6039 1596755 1
4756 6191 1596765 1
4848 6271 1596775 1
4930 6291 1596785 1
5005 6240 1596795 1
5057 6142 1596805 1
5075 5954 1596815 1
5070 5652 1596825 1
5031 5275 1596835 1
4981 4817 1596845 1
4924 4335 1596855 1
4886 3837 1596865 1
4868 3391 1596875 1
4862 3056 1596885 1
4862 2794 1596895 1
4862 2611 1596905 1
4870 2480 1596915 1
4877 2383 1596925 1
4889 2312 1596935 1
4903 2272 1596945 1
4919 2254 1596955 1
4929 2254 1596965 1
4936 2262 1596975 1
4943 2279 1596985 1
4949 2361 1596995 1
4958 2484 1597005 1
4969 2618 1597015 1
4990 2743 1597025 1
5007 2861 1597035 1
5017 3003 1597045 1
5024 3192 1597055 1
5037 3412 1597065 1
5055 3648 1597075 1
5084 3915 1597085 1
5124 4202 1597095 1
5176 4480 1597105 1
5237 4629 1597115 1
5296 4691 1597125 1
5354 4653 1597135 1
5411 4502 1597145 1
5472 4275 1597155 1
5541 3949 1597165 1
5588 3660 1597175 1
5619 3397 1597185 1
5595 3179 1597195 1
5530 2992 1597205 1
5438 2827 1597215 1
5333 2682 1597225 1
5230 2580 1597235 1
5128 2507 1597245 1
5086 2494 1597255 1
5079 2525 1597265 1
5096 2586 1597275 1
5140 2726 1597285 1
6349 4532 1597477 0
6202 4532 1597487 1
6152 4532 1597497 1
6110 4522 1597507 1
6075 4515 1597517 1
6045 4505 1597527 1
6023 4490 1597537 1
6007 4470 1597547 1
5995 4406 1597557 1
5990 4314 1597567 1
5995 4111 1597577 1
6008 3862 1597587 1
6025 3582 1597597 1
6043 3383 1597607 1
6061 3246 1597617 1
6081 3151 1597627 1
6110 3106 1597637 1
6164 3106 1597647 1
6233 3148 1597657 1
6316 3266 1597667 1
6400 3417 1597677 1
6484 3591 1597687 1
6551 3791 1597697 1
6608 3983 1597707 1
6643 4170 1597717 1
6657 4342 1597727 1
6657 4449 1597737 1
6646 4512 1597747 1
6629 4528 1597757 1
6608 4523 1597767 1
6587 4505 1597777 1
6564 4425 1597787 1
6540 4229 1597797 1
6524 3957 1597807 1
6511 3593 1597817 1
6504 3258 1597827 1
6504 2942 1597837 1
6504 2696 1597847 1
6532 2502 1597857 1
6568 2342 1597867 1
6605 2231 1597877 1
6638 2144 1597887 1
6651 2072 1597897 1
6651 2042 1597907 1
6651 2034 1597917 1
6639 2040 1597927 1
6628 2099 1597937 1
6600 2213 1597947 1
7244 4332 1598168 0
7160 4195 1598178 1
7081 4114 1598188 1
7028 4028 1598198 1
6991 3940 1598208 1
6981 3895 1598218 1
6981 3862 1598228 1
6981 3837 1598238 1
7009 3829 1598248 1
7042 3854 1598258 1
7088 3902 1598268 1
7147 4006 1598278 1
7214 4135 1598288 1
7283 4281 1598298 1
7328 4423 1598308 1
7358 4519 1598318 1
7349 4584 1598328 1
7309 4608 1598338 1
7248 4600 1598348 1
7167 4571 1598358 1
7077 4503 1598368 1
6982 4360 1598378 1
6906 4168 1598388 1
6858 3907 1598398 1
6829 3620 1598408 1
6855 3315 1598418 1
6904 3167 1598428 1
6969 3100 1598438 1
7045 3087 1598448 1
7125 3123 1598458 1
7211 3219 1598468 1
7303 3356 1598478 1
7398 3494 1598488 1
7471 3642 1598498 1
7532 3798 1598508 1
7584 3931 1598518 1
7624 4023 1598528 1
7650 4087 1598538 1
7667 4129 1598548 1
7672 4165 1598558 1
7672 4193 1598568 1
7672 4219 1598578 1
7663 4239 1598588 1
7663 4255 1598598 1
7655 4245 1598608 1
7650 4157 1598618 1
7650 4017 1598628 1
7638 3798 1598638 1
7630 3637 1598648 1
7630 3515 1598658 1
7625 3464 1598668 1
7625 3446 1598678 1
7636 3451 1598688 1
7654 3472 1598698 1
7680 3549 1598708 1
7713 3663 1598718 1
7761 3813 1598728 1
7818 3962 1598738 1
7875 4107 1598748 1
7918 4250 1598758 1
7951 4349 1598768 1
7965 4380 1598778 1
7965 4366 1598788 1
7965 4308 1598798 1
7949 4155 1598808 1
7933 3939 1598818 1
7916 3753 1598828 1
7900 3629 1598838 1
7887 3546 1598848 1
7893 3529 1598858 1
7911 3529 1598868 1
7935 3548 1598878 1
7964 3624 1598888 1
8002 3740 1598898 1
8046 3882 1598908 1
8094 4002 1598918 1
8131 4082 1598928 1
8162 4136 1598938 1
8162 4136 1598948 1
8153 4064 1598958 1
8132 3952 1598968 1
8109 3830 1598978 1
8090 3738 1598988 1
8082 3667 1598998 1
8082 3667 1599008 1
8101 3684 1599018 1
8133 3717 1599028 1
8175 3814 1599038 1
8221 3907 1599048 1
8273 3998 1599058 1
8327 4067 1599068 1
8372 4111 1599078 1
8409 4138 1599088 1
8431 4144 1599098 1
8444 4149 1599108 1
8451 4149 1599118 1
8458 4149 1599128 1
8468 4169 1599138 1
8879 4592 1599229 0
8879 4592 1599239 1
8879 4592 1599249 1
8729 4538 1599259 1
8676 4501 1599269 1
8641 4405 1599279 1
8617 4271 1599289 1
8609 4077 1599299 1
8622 3959 1599309 1
8649 3893 1599319 1
8681 3881 1599329 1
8728 3918 1599339 1
8785 3988 1599349 1
8864 4123 1599359 1
8945 4273 1599369 1
9014 4432 1599379 1
9074 4557 1599389 1
9125 4641 1599399 1
9155 4698 1599409 1
9170 4710 1599419 1
9170 4710 1599429 1
9170 4710 1599439 1
9175 4695 1599449 1
9175 4597 1599459 1
9169 4443 1599469 1
9159 4095 1599479 1
9148 3669 1599489 1
9128 3191 1599499 1
9101 2793 1599509 1
9070 2509 1599519 1
9018 2301 1599529 1
8953 2142 1599539 1
8862 2017 1599549 1
8758 1916 1599559 1
8644 1853 1599569 1
8539 1827 1599579 1
8454 1827 1599589 1
8383 1908 1599599 1
8341 2158 1599609 1
8374 2520 1599619 1
8458 2939 1599629 1
8658 3274 1599639 1
8897 3553 1599649 1
9163 3706 1599659 1
9396 3770 1599669 1
9565 3775 1599679 1
9691 3699 1599689 1
