245
4534 6141 977465 0
4477 6339 977475 1
4461 6456 977485 1
4482 6566 977495 1
4527 6675 977505 1
4575 6763 977515 1
4607 6837 977525 1
4629 6863 977535 1
4636 6863 977545 1
4645 6845 977555 1
4659 6807 977565 1
4666 6677 977575 1
4666 6487 977585 1
4672 6136 977595 1
4660 5785 977605 1
4637 5440 977615 1
4619 5100 977625 1
4619 4686 977635 1
4625 4271 977645 1
4645 3978 977655 1
4690 3766 977665 1
4751 3733 977675 1
4842 3777 977685 1
4939 3872 977695 1
5047 4033 977705 1
5145 4220 977715 1
5237 4424 977725 1
5296 4620 977735 1
5313 4831 977745 1
5301 5052 977755 1
5251 5233 977765 1
5189 5345 977775 1
5118 5412 977785 1
5066 5381 977795 1
5015 5258 977805 1
4970 5074 977815 1
4932 4830 977825 1
4908 4571 977835 1
4892 4303 977845 1
4885 4084 977855 1
4919 3956 977865 1
4980 3889 977875 1
5117 3917 977885 1
5279 4039 977895 1
5457 4224 977905 1
5607 4386 977915 1
5734 4498 977925 1
5600 5474 978106 0
5614 5673 978116 1
5621 5768 978126 1
5655 5884 978136 1
5701 6024 978146 1
5734 6098 978156 1
5759 6136 978166 1
5759 6122 978176 1
5767 6081 978186 1
5761 6021 978196 1
5747 5807 978206 1
5701 5535 978216 1
5644 5225 978226 1
5580 4898 978236 1
5536 4572 978246 1
5551 4349 978256 1
5605 4195 978266 1
5683 4165 978276 1
5772 4208 978286 1
5867 4299 978296 1
5941 4433 978306 1
6015 4580 978316 1
6077 4735 978326 1
6132 4918 978336 1
6161 5101 978346 1
6151 5285 978356 1
6116 5463 978366 1
6059 5575 978376 1
6007 5642 978386 1
5976 5642 978396 1
5956 5598 978406 1
5940 5528 978416 1
5927 5375 978426 1
5916 5191 978436 1
5905 4986 978446 1
5890 4794 978456 1
5879 4602 978466 1
5879 4450 978476 1
5897 4324 978486 1
5936 4280 978496 1
6006 4335 978506 1
6097 4457 978516 1
6226 4640 978526 1
6343 4822 978536 1
6356 5140 978717 0
6378 4968 978727 1
6350 4912 978737 1
6355 4879 978747 1
6381 4861 978757 1
6424 4868 978767 1
6463 4888 978777 1
6499 4917 978787 1
6535 4971 978797 1
6570 5046 978807 1
6612 5135 978817 1
6653 5243 978827 1
6690 5361 978837 1
6725 5485 978847 1
6747 5595 978857 1
6757 5699 978867 1
6757 5745 978877 1
6757 5755 978887 1
6738 5755 978897 1
6710 5722 978907 1
6668 5676 978917 1
6627 5574 978927 1
6587 5398 978937 1
6552 5174 978947 1
6522 4939 978957 1
6495 4755 978967 1
6518 4605 978977 1
6565 4549 978987 1
6629 4563 978997 1
6713 4624 979007 1
6797 4752 979017 1
6882 4900 979027 1
6944 5062 979037 1
6993 5211 979047 1
7040 5383 979057 1
7088 5571 979067 1
7122 5689 979077 1
7146 5730 979087 1
7146 5721 979097 1
7128 5691 979107 1
7096 5593 979117 1
7058 5449 979127 1
7013 5234 979137 1
6964 4970 979147 1
6919 4674 979157 1
6886 4333 979167 1
6860 3968 979177 1
6831 3587 979187 1
6801 3260 979197 1
6770 3048 979207 1
6757 2914 979217 1
6757 2897 979227 1
6757 2952 979237 1
6751 3056 979247 1
6751 3225 979257 1
6762 3385 979267 1
6788 3540 979277 1
6820 3723 979287 1
7338 5706 979418 0
7452 5703 979428 1
7371 5670 979438 1
7371 5589 979448 1
7371 5430 979458 1
7371 5220 979468 1
7345 5013 979478 1
7309 4866 979488 1
7298 4758 979498 1
7317 4722 979508 1
7355 4773 979518 1
7426 4882 979528 1
7512 5073 979538 1
7607 5272 979548 1
7683 5477 979558 1
7738 5660 979568 1
7778 5791 979578 1
7793 5887 979588 1
7785 5871 979598 1
7761 5813 979608 1
7722 5726 979618 1
7676 5582 979628 1
7626 5404 979638 1
7586 5204 979648 1
7573 5072 979658 1
7578 5010 979668 1
7620 4995 979678 1
7687 5031 979688 1
7770 5149 979698 1
7876 5322 979708 1
7949 5491 979718 1
8000 5643 979728 1
8040 5783 979738 1
8067 5919 979748 1
8084 5968 979758 1
8084 5958 979768 1
8059 5918 979778 1
8027 5814 979788 1
7983 5668 979798 1
7935 5496 979808 1
7883 5319 979818 1
7850 5215 979828 1
7863 5162 979838 1
7906 5152 979848 1
7971 5218 979858 1
8061 5336 979868 1
8168 5511 979878 1
8262 5656 979888 1
8340 5780 979898 1
8406 5895 979908 1
8442 5939 979918 1
8452 5939 979928 1
8445 5889 979938 1
8423 5776 979948 1
8373 5621 979958 1
8303 5444 979968 1
8228 5263 979978 1
8154 5080 979988 1
8131 5012 979998 1
8143 5005 980008 1
8180 5040 980018 1
8251 5168 980028 1
8345 5344 980038 1
8446 5552 980048 1
8522 5735 980058 1
8582 5924 980068 1
8632 6050 980078 1
8668 6131 980088 1
8695 6143 980098 1
8709 6103 980108 1
8709 6029 980118 1
8703 5876 980128 1
8686 5693 980138 1
8672 5491 980148 1
8672 5233 980158 1
8672 4935 980168 1
8681 4610 980178 1
8689 4214 980188 1
8698 3834 980198 1
8714 3464 980208 1
8701 3138 980218 1
8669 2910 980228 1
8637 2747 980238 1
8622 2738 980248 1
8622 2802 980258 1
8609 2914 980268 1
8589 3088 980278 1
8563 3347 980288 1
8532 3662 980298 1
8503 4044 980308 1
8522 4404 980318 1
8572 4749 980328 1
8666 4913 980338 1
8763 4991 980348 1
8863 5012 980358 1
8961 5058 980368 1
