227
3515 6602 1584408 0
3515 6602 1584418 1
3515 6602 1584428 1
3515 6602 1584438 1
3515 6602 1584448 1
3511 6709 1584458 1
3534 6787 1584468 1
3565 6906 1584478 1
3592 7024 1584488 1
3604 7115 1584498 1
3604 7189 1584508 1
3585 7238 1584518 1
3547 7268 1584528 1
3497 7286 1584538 1
3435 7266 1584548 1
3355 7203 1584558 1
3262 7111 1584568 1
3171 6959 1584578 1
3069 6754 1584588 1
2960 6515 1584598 1
2868 6210 1584608 1
2802 5879 1584618 1
2754 5531 1584628 1
2763 5186 1584638 1
2825 4923 1584648 1
2922 4716 1584658 1
3058 4607 1584668 1
3210 4578 1584678 1
3373 4602 1584688 1
3525 4695 1584698 1
3643 4850 1584708 1
3738 5046 1584718 1
3780 5253 1584728 1
3791 5468 1584738 1
3782 5689 1584748 1
3757 5868 1584758 1
3719 5952 1584768 1
3671 5973 1584778 1
3596 5916 1584788 1
3523 5746 1584798 1
3454 5500 1584808 1
3412 5181 1584818 1
3388 4889 1584828 1
3405 4614 1584838 1
3468 4422 1584848 1
3562 4293 1584858 1
3703 4205 1584868 1
3844 4185 1584878 1
3989 4199 1584888 1
4827 6541 1585269 0
4827 6541 1585279 1
4827 6541 1585289 1
4827 6541 1585299 1
4856 6608 1585309 1
4896 6693 1585319 1
4940 6825 1585329 1
4991 6984 1585339 1
5042 7160 1585349 1
5067 7295 1585359 1
5077 7390 1585369 1
5052 7458 1585379 1
4991 7478 1585389 1
4905 7436 1585399 1
4778 7354 1585409 1
4639 7222 1585419 1
4493 7036 1585429 1
4389 6815 1585439 1
4308 6553 1585449 1
4243 6215 1585459 1
4227 5826 1585469 1
4260 5460 1585479 1
4326 5160 1585489 1
4414 4904 1585499 1
4517 4747 1585509 1
4631 4669 1585519 1
4736 4644 1585529 1
4812 4691 1585539 1
4868 4801 1585549 1
4908 4954 1585559 1
4938 5140 1585569 1
4962 5338 1585579 1
4978 5545 1585589 1
4978 5686 1585599 1
4956 5783 1585609 1
4917 5851 1585619 1
4870 5874 1585629 1
4817 5849 1585639 1
4744 5791 1585649 1
4677 5688 1585659 1
4613 5555 1585669 1
4587 5401 1585679 1
4610 5217 1585689 1
4665 5031 1585699 1
4767 4844 1585709 1
4897 4699 1585719 1
5046 4579 1585729 1
5224 4515 1585739 1
5361 4499 1585749 1
5922 5677 1585980 0
5859 6000 1586120 0
5944 6103 1586130 1
5944 6110 1586140 1
5949 6094 1586150 1
5957 5969 1586160 1
5957 5771 1586170 1
5942 5517 1586180 1
5942 5267 1586190 1
5951 5019 1586200 1
5957 4894 1586210 1
5990 4837 1586220 1
6051 4826 1586230 1
6130 4880 1586240 1
6220 5011 1586250 1
6319 5194 1586260 1
6424 5438 1586270 1
6515 5677 1586280 1
6573 5905 1586290 1
6608 6042 1586300 1
6608 6119 1586310 1
6587 6102 1586320 1
6546 5974 1586330 1
6485 5771 1586340 1
6425 5481 1586350 1
6389 5102 1586360 1
6367 4665 1586370 1
6379 4178 1586380 1
6393 3689 1586390 1
6410 3339 1586400 1
6417 3083 1586410 1
6417 2946 1586420 1
6417 2902 1586430 1
6417 2919 1586440 1
6417 2994 1586450 1
7193 5590 1586651 0
7073 5519 1586661 1
7008 5531 1586671 1
6982 5531 1586681 1
6982 5520 1586691 1
6999 5520 1586701 1
7056 5560 1586711 1
7141 5617 1586721 1
7240 5748 1586731 1
7323 5916 1586741 1
7396 6109 1586751 1
7429 6255 1586761 1
7437 6360 1586771 1
7429 6438 1586781 1
7406 6449 1586791 1
7366 6407 1586801 1
7314 6330 1586811 1
7263 6178 1586821 1
7217 6000 1586831 1
7195 5805 1586841 1
7187 5642 1586851 1
7210 5515 1586861 1
7269 5412 1586871 1
7351 5379 1586881 1
7454 5414 1586891 1
7560 5495 1586901 1
7673 5627 1586911 1
7789 5778 1586921 1
7904 5942 1586931 1
7986 6093 1586941 1
8047 6190 1586951 1
8090 6251 1586961 1
8111 6251 1586971 1
8118 6162 1586981 1
8101 6011 1586991 1
8070 5756 1587001 1
8030 5616 1587011 1
8019 5554 1587021 1
8033 5569 1587031 1
8063 5638 1587041 1
8123 5743 1587051 1
8212 5907 1587061 1
8321 6068 1587071 1
8437 6226 1587081 1
8534 6337 1587091 1
8619 6379 1587101 1
8678 6374 1587111 1
8731 6339 1587121 1
8780 6288 1587131 1
8806 6226 1587141 1
8823 6178 1587151 1
8835 6150 1587161 1
8844 6136 1587171 1
8852 6136 1587181 1
8860 6136 1587191 1
8876 6145 1587201 1
8897 6178 1587211 1
8926 6232 1587221 1
8963 6301 1587231 1
9006 6383 1587241 1
9073 6493 1587251 1
9156 6623 1587261 1
9245 6758 1587271 1
9334 6849 1587281 1
9389 6912 1587291 1
9421 6912 1587301 1
9437 6865 1587311 1
9437 6781 1587321 1
9437 6682 1587331 1
9432 6578 1587341 1
9424 6471 1587351 1
9413 6300 1587361 1
9402 6020 1587371 1
9390 5668 1587381 1
9383 5257 1587391 1
9383 4823 1587401 1
9395 4375 1587411 1
9354 4029 1587421 1
9275 3771 1587431 1
9170 3571 1587441 1
9027 3391 1587451 1
8848 3238 1587461 1
8644 3102 1587471 1
8455 3015 1587481 1
8272 3000 1587491 1
8126 3032 1587501 1
8003 3154 1587511 1
7880 3377 1587521 1
7755 3667 1587531 1
7630 4022 1587541 1
7537 4330 1587551 1
7463 4606 1587561 1
7437 4727 1587571 1
7501 4736 1587581 1
