331
4642 7182 577450 0
4638 7249 577460 1
4620 7277 577470 1
4611 7303 577480 1
4604 7326 577490 1
4604 7349 577500 1
4597 7355 577510 1
4597 7355 577520 1
4597 7348 577530 1
4608 7282 577540 1
4629 7174 577550 1
4644 6967 577560 1
4651 6697 577570 1
4651 6384 577580 1
4651 6039 577590 1
4651 5698 577600 1
4684 5359 577610 1
4734 5074 577620 1
4785 4895 577630 1
4836 4786 577640 1
4883 4736 577650 1
4928 4715 577660 1
4958 4715 577670 1
4981 4732 577680 1
4998 4787 577690 1
4998 4868 577700 1
5003 4992 577710 1
5003 5165 577720 1
5012 5370 577730 1
5024 5594 577740 1
5050 5818 577750 1
5085 6042 577760 1
5123 6236 577770 1
5162 6410 577780 1
5183 6544 577790 1
5193 6631 577800 1
5176 6686 577810 1
5135 6723 577820 1
5078 6736 577830 1
5006 6736 577840 1
4927 6690 577850 1
4843 6611 577860 1
4752 6508 577870 1
4666 6371 577880 1
4583 6231 577890 1
4523 6083 577900 1
4484 5935 577910 1
4460 5788 577920 1
4460 5670 577930 1
4484 5570 577940 1
4532 5490 577950 1
4621 5414 577960 1
4747 5340 577970 1
4898 5302 577980 1
5061 5318 577990 1
5238 5369 578000 1
5424 5457 578010 1
5574 5564 578020 1
5699 5685 578030 1
5806 5785 578040 1
5857 5880 578050 1
5880 5968 578060 1
5880 6050 578070 1
5864 6139 578080 1
5824 6232 578090 1
5565 7474 578241 0
5597 7589 578251 1
5589 7612 578261 1
5582 7603 578271 1
5582 7603 578281 1
5568 7592 578291 1
5550 7575 578301 1
5535 7550 578311 1
5521 7522 578321 1
5510 7495 578331 1
5504 7468 578341 1
5504 7430 578351 1
5504 7361 578361 1
5504 7271 578371 1
5504 7131 578381 1
5520 6906 578391 1
5541 6625 578401 1
5569 6251 578411 1
5613 5939 578421 1
5667 5669 578431 1
5702 5525 578441 1
5737 5407 578451 1
5774 5307 578461 1
5796 5230 578471 1
5808 5177 578481 1
5815 5141 578491 1
5822 5131 578501 1
5832 5150 578511 1
5846 5189 578521 1
5933 6168 578581 0
6008 6538 578591 1
6028 6641 578601 1
6050 6701 578611 1
6072 6759 578621 1
6089 6813 578631 1
6089 6845 578641 1
6082 6865 578651 1
6053 6879 578661 1
6008 6887 578671 1
5953 6872 578681 1
5878 6844 578691 1
5788 6800 578701 1
5687 6732 578711 1
5592 6649 578721 1
5512 6547 578731 1
5441 6419 578741 1
5386 6275 578751 1
5364 6114 578761 1
5364 5964 578771 1
5406 5821 578781 1
5486 5710 578791 1
5591 5650 578801 1
5732 5625 578811 1
5875 5638 578821 1
6008 5678 578831 1
6134 5737 578841 1
6258 5818 578851 1
6352 5898 578861 1
6426 5978 578871 1
6475 6036 578881 1
6508 6093 578891 1
6530 6162 578901 1
5986 5892 579022 0
6016 5792 579032 1
5991 5784 579042 1
5997 5791 579052 1
6024 5806 579062 1
6071 5858 579072 1
6123 5934 579082 1
6193 6033 579092 1
6273 6160 579102 1
6357 6307 579112 1
6427 6453 579122 1
6487 6578 579132 1
6517 6660 579142 1
6526 6720 579152 1
6520 6742 579162 1
6503 6742 579172 1
6477 6720 579182 1
6446 6658 579192 1
6417 6549 579202 1
6386 6408 579212 1
6378 6268 579222 1
6387 6110 579232 1
6403 5939 579242 1
6432 5828 579252 1
6469 5768 579262 1
6519 5742 579272 1
6586 5758 579282 1
6663 5829 579292 1
6755 5937 579302 1
6852 6064 579312 1
6927 6200 579322 1
6985 6342 579332 1
7030 6493 579342 1
7057 6638 579352 1
7071 6733 579362 1
7071 6796 579372 1
7057 6796 579382 1
7042 6779 579392 1
7028 6753 579402 1
7014 6648 579412 1
7001 6501 579422 1
6995 6325 579432 1
7005 6160 579442 1
7025 5971 579452 1
7067 5766 579462 1
7111 5554 579472 1
7166 5337 579482 1
7226 5109 579492 1
7281 4944 579502 1
7308 4822 579512 1
7317 4715 579522 1
7305 4636 579532 1
7257 4576 579542 1
7184 4526 579552 1
7081 4488 579562 1
6958 4457 579572 1
6821 4451 579582 1
6659 4473 579592 1
6500 4513 579602 1
6346 4573 579612 1
6227 4632 579622 1
6130 4691 579632 1
6085 4753 579642 1
6953 5734 579753 0
7190 5763 579763 1
7208 5757 579773 1
7231 5734 579783 1
7262 5700 579793 1
7306 5688 579803 1
7360 5688 579813 1
7410 5693 579823 1
7461 5723 579833 1
7514 5785 579843 1
7514 5785 579853 3
7624 5970 579863 3
7669 6072 579873 3
7706 6174 579883 3
7721 6287 579893 3
7716 6407 579903 3
7698 6522 579913 3
7666 6595 579923 3
7615 6639 579933 3
7551 6627 579943 3
7482 6564 579953 3
7413 6468 579963 3
7343 6341 579973 3
7293 6222 579983 3
7267 6108 579993 3
7257 5987 580003 3
7277 5864 580013 3
7332 5741 580023 3
7411 5655 580033 3
7515 5593 580043 3
7619 5577 580053 3
7725 5598 580063 3
7824 5643 580073 3
7918 5721 580083 3
7991 5817 580093 3
8044 5926 580103 3
8083 6024 580113 3
8083 6024 580123 2
8111 6243 580133 2
8111 6243 580154 3
8097 6463 580164 3
8087 6522 580174 3
8077 6556 580184 3
8068 6561 580194 3
8068 6561 580204 3
8068 6520 580214 3
8078 6453 580224 3
8085 6332 580234 3
8093 6228 580244 3
8114 6136 580254 3
8138 6062 580264 3
8167 6010 580274 3
8198 5973 580284 3
8233 5963 580294 3
8273 5989 580304 3
8320 6040 580314 3
8366 6131 580324 3
8412 6237 580334 3
8448 6352 580344 3
8476 6471 580354 3
8502 6549 580364 3
8515 6601 580374 3
8520 6601 580384 3
8528 6574 580394 3
8543 6535 580404 3
8561 6449 580414 3
8577 6384 580424 3
8603 6332 580434 3
8630 6303 580444 3
8660 6292 580454 3
8688 6292 580464 3
8716 6321 580474 3
8752 6377 580484 3
8787 6452 580494 3
8822 6528 580504 3
8850 6608 580514 3
8875 6692 580524 3
8896 6772 580534 3
8891 6825 580544 3
8868 6859 580554 3
8855 6864 580564 3
8845 6864 580574 3
8845 6864 580584 3
8845 6859 580594 3
8845 6854 580604 3
8845 6814 580614 3
8837 6759 580624 3
8828 6694 580634 3
8828 6623 580644 3
8845 6559 580654 3
8872 6501 580664 3
8919 6444 580674 3
8984 6394 580684 3
9061 6348 580694 3
9156 6310 580704 3
9241 6272 580714 3
9319 6233 580724 3
9382 6194 580734 3
9430 6113 580744 3
9469 6005 580754 3
9507 5842 580764 3
9540 5673 580774 3
9570 5508 580784 3
9588 5347 580794 3
9596 5188 580804 3
9596 5049 580814 3
9581 4923 580824 3
9553 4800 580834 3
9515 4689 580844 3
9463 4586 580854 3
9401 4507 580864 3
9331 4446 580874 3
9250 4397 580884 3
9169 4364 580894 3
9085 4359 580904 3
8998 4374 580914 3
8907 4425 580924 3
8817 4487 580934 3
8754 4557 580944 3
8709 4614 580954 3
8691 4655 580964 3
8679 4685 580974 3
8679 4685 580984 2
8679 4723 580994 2
8656 4746 581004 2
8620 4772 581014 2
8586 4805 581024 2
8556 4859 581034 2
8556 4928 581044 2
8566 5006 581054 2
8549 5097 581064 2
8533 5198 581074 2
8520 5292 581084 2
8508 5378 581094 2
8498 5448 581104 2
8492 5530 581114 2
8497 5621 581124 2
8508 5645 581134 2
8508 5631 581144 2
8508 5631 581154 2
7858 4859 581516 2
