286
3738 6890 690342 0
3674 6818 690352 1
3624 6791 690362 1
3598 6764 690372 1
3575 6731 690382 1
3559 6696 690392 1
3548 6656 690402 1
3540 6574 690412 1
3534 6465 690422 1
3522 6289 690432 1
3506 6090 690442 1
3499 5876 690452 1
3492 5660 690462 1
3492 5447 690472 1
3492 5237 690482 1
3506 5060 690492 1
3528 4917 690502 1
3560 4797 690512 1
3614 4683 690522 1
3681 4593 690532 1
3743 4520 690542 1
3801 4469 690552 1
3857 4446 690562 1
3920 4441 690572 1
3986 4473 690582 1
4058 4551 690592 1
4132 4659 690602 1
4192 4795 690612 1
4243 4927 690622 1
4272 5052 690632 1
4288 5174 690642 1
4294 5315 690652 1
4294 5467 690662 1
4281 5610 690672 1
4259 5731 690682 1
4223 5837 690692 1
4188 5881 690702 1
4147 5890 690712 1
4103 5875 690722 1
4052 5804 690732 1
4003 5695 690742 1
3956 5561 690752 1
3913 5414 690762 1
3888 5282 690772 1
3874 5161 690782 1
3874 5058 690792 1
3874 4950 690802 1
3874 4833 690812 1
3886 4701 690822 1
3897 4559 690832 1
3913 4433 690842 1
3934 4298 690852 1
3957 4157 690862 1
3995 3999 690872 1
4044 3848 690882 1
4099 3728 690892 1
4161 3626 690902 1
4217 3539 690912 1
4267 3500 690922 1
4315 3493 690932 1
4374 3513 690942 1
4438 3581 690952 1
4507 3680 690962 1
4577 3777 690972 1
4639 3876 690982 1
4686 3975 690992 1
4723 4096 691002 1
4076 6719 692225 0
4076 6719 692235 1
4076 6719 692245 1
4076 6790 692255 1
4071 6798 692265 1
4063 6804 692275 1
4057 6804 692285 1
4052 6804 692295 1
4052 6794 692305 1
4037 6743 692315 1
4022 6665 692325 1
4003 6529 692335 1
3986 6329 692345 1
3974 6086 692355 1
3974 5815 692365 1
3992 5556 692375 1
4018 5304 692385 1
4050 5120 692395 1
4092 5015 692405 1
4140 4963 692415 1
4192 4927 692425 1
4251 4907 692435 1
4313 4899 692445 1
4377 4910 692455 1
4444 4939 692465 1
4510 4980 692475 1
4567 5039 692485 1
4620 5122 692495 1
4672 5221 692505 1
4727 5339 692515 1
4763 5454 692525 1
4786 5568 692535 1
4793 5679 692545 1
4782 5790 692555 1
4759 5899 692565 1
4721 6008 692575 1
4678 6089 692585 1
4632 6131 692595 1
4585 6147 692605 1
4538 6094 692615 1
4493 5982 692625 1
4450 5832 692635 1
4423 5687 692645 1
4406 5551 692655 1
4400 5422 692665 1
4415 5291 692675 1
4444 5188 692685 1
4491 5103 692695 1
4551 5024 692705 1
4620 4998 692715 1
4695 5007 692725 1
4769 5069 692735 1
4832 5170 692745 1
4888 5297 692755 1
4932 5425 692765 1
4961 5553 692775 1
4980 5683 692785 1
4989 5821 692795 1
4989 5964 692805 1
4989 6067 692815 1
4979 6122 692825 1
4963 6145 692835 1
4943 6106 692845 1
4916 5990 692855 1
4891 5822 692865 1
4891 5667 692875 1
4900 5563 692885 1
4943 5494 692895 1
4990 5463 692905 1
5045 5463 692915 1
5105 5487 692925 1
5172 5553 692935 1
5241 5641 692945 1
5306 5743 692955 1
5355 5840 692965 1
5394 5934 692975 1
5416 6025 692985 1
5424 6123 692995 1
5424 6228 693005 1
5418 6334 693015 1
5413 6419 693025 1
5408 6448 693035 1
5401 6441 693045 1
5393 6392 693055 1
5377 6271 693065 1
5356 6102 693075 1
5356 5918 693085 1
5386 5705 693095 1
5426 5473 693105 1
5480 5187 693115 1
5524 4929 693125 1
5561 4690 693135 1
5572 4499 693145 1
5587 4395 693155 1
5597 4349 693165 1
5597 4313 693175 1
5597 4301 693185 1
5584 4301 693195 1
5561 4323 693205 1
5509 4382 693215 1
5448 4469 693225 1
5380 4576 693235 1
5314 4714 693245 1
5251 4874 693255 1
5204 5044 693265 1
5883 6540 693537 0
5883 6540 693547 1
5777 6528 693557 1
5744 6505 693567 1
5724 6468 693577 1
5712 6383 693587 1
5712 6262 693597 1
5734 6118 693607 1
5774 5984 693617 1
5834 5840 693627 1
5889 5715 693637 1
5941 5605 693647 1
5988 5547 693657 1
6030 5521 693667 1
6068 5516 693677 1
6102 5546 693687 1
6130 5627 693697 1
6153 5741 693707 1
6153 5848 693717 1
6153 5962 693727 1
6153 6080 693737 1
6153 6184 693747 1
6153 6237 693757 1
6153 6257 693767 1
6153 6257 693777 1
6153 6247 693787 1
6153 6187 693797 1
6158 6092 693807 1
6179 6007 693817 1
6212 5935 693827 1
6258 5873 693837 1
6304 5823 693847 1
6351 5792 693857 1
6390 5773 693867 1
6423 5768 693877 1
6444 5776 693887 1
6456 5793 693897 1
6462 5851 693907 1
6462 5945 693917 1
6462 6064 693927 1
6488 6213 693937 1
6526 6352 693947 1
6557 6485 693957 1
6576 6485 693967 1
6588 6448 693977 1
6597 6383 693987 1
6608 6265 693997 1
6627 6162 694007 1
6662 6069 694017 1
6706 5991 694027 1
6743 5935 694037 1
6765 5893 694047 1
6778 5869 694057 1
6784 5858 694067 1
6784 5858 694077 1
6784 5858 694087 1
6784 5874 694097 1
6784 5902 694107 1
6790 5975 694117 1
6790 6048 694127 1
6802 6119 694137 1
6802 6188 694147 1
6807 6200 694157 1
6807 6176 694167 1
6817 6128 694177 1
6830 6048 694187 1
6869 5992 694197 1
6923 5984 694207 1
6987 6000 694217 1
7055 6053 694227 1
7129 6125 694237 1
7209 6209 694247 1
7288 6298 694257 1
7366 6393 694267 1
7428 6493 694277 1
7479 6595 694287 1
7515 6693 694297 1
7533 6761 694307 1
7538 6810 694317 1
7538 6841 694327 1
7528 6847 694337 1
7515 6836 694347 1
7488 6784 694357 1
7470 6724 694367 1
7459 6659 694377 1
7479 6633 694387 1
7514 6633 694397 1
7560 6650 694407 1
7609 6704 694417 1
7660 6771 694427 1
7713 6847 694437 1
7750 6912 694447 1
7775 6938 694457 1
7775 6938 694467 1
7775 6899 694477 1
7760 6753 694487 1
7734 6535 694497 1
7711 6241 694507 1
7706 5943 694517 1
7711 5681 694527 1
7735 5445 694537 1
7735 5216 694547 1
7715 5057 694557 1
7681 4946 694567 1
7618 4835 694577 1
7536 4745 694587 1
7457 4668 694597 1
7384 4626 694607 1
7335 4618 694617 1
7300 4632 694627 1
7290 4732 694637 1
7327 4973 694647 1
7394 5308 694657 1
7521 5729 694667 1
