280
3467 6320 703221 0
3467 6320 703231 1
3467 6320 703241 1
3467 6320 703251 1
3467 6320 703261 1
3399 6283 703271 1
3376 6229 703281 1
3353 6160 703291 1
3331 6088 703301 1
3313 6006 703311 1
3299 5887 703321 1
3290 5744 703331 1
3290 5603 703341 1
3290 5448 703351 1
3306 5262 703361 1
3339 5060 703371 1
3383 4888 703381 1
3446 4739 703391 1
3513 4605 703401 1
3587 4507 703411 1
3666 4433 703421 1
3750 4374 703431 1
3813 4360 703441 1
3875 4387 703451 1
3936 4441 703461 1
3996 4537 703471 1
4050 4648 703481 1
4100 4770 703491 1
4137 4879 703501 1
4158 4977 703511 1
4169 5069 703521 1
4164 5165 703531 1
4153 5280 703541 1
4137 5407 703551 1
4121 5526 703561 1
4105 5624 703571 1
4086 5708 703581 1
4065 5748 703591 1
4038 5748 703601 1
4000 5730 703611 1
3955 5638 703621 1
3902 5477 703631 1
3853 5271 703641 1
3813 5106 703651 1
3779 4944 703661 1
3750 4785 703671 1
3724 4629 703681 1
3700 4440 703691 1
3700 4230 703701 1
3718 3996 703711 1
3760 3790 703721 1
3817 3603 703731 1
3885 3472 703741 1
3962 3388 703751 1
4044 3335 703761 1
4138 3310 703771 1
4226 3321 703781 1
4309 3356 703791 1
4391 3420 703801 1
4473 3529 703811 1
4555 3667 703821 1
4637 3838 703831 1
4719 4007 703841 1
4740 5904 705854 0
4740 5904 705864 1
4740 5904 705874 1
4740 5904 705884 1
4719 5970 705894 1
4712 5970 705904 1
4712 5930 705914 1
4712 5864 705924 1
4705 5711 705934 1
4714 5555 705944 1
4737 5373 705954 1
4770 5174 705964 1
4805 4995 705974 1
4839 4823 705984 1
4875 4657 705994 1
4913 4535 706004 1
4954 4454 706014 1
4997 4401 706024 1
5046 4367 706034 1
5105 4367 706044 1
5171 4386 706054 1
5235 4457 706064 1
5296 4559 706074 1
5354 4683 706084 1
5399 4803 706094 1
5435 4927 706104 1
5447 5055 706114 1
5447 5183 706124 1
5428 5331 706134 1
5402 5493 706144 1
5376 5618 706154 1
5349 5705 706164 1
5326 5767 706174 1
5303 5792 706184 1
5280 5792 706194 1
5249 5769 706204 1
5213 5703 706214 1
5170 5600 706224 1
5132 5473 706234 1
5102 5333 706244 1
5090 5193 706254 1
5090 5053 706264 1
5115 4938 706274 1
5163 4841 706284 1
5226 4766 706294 1
5283 4725 706304 1
5337 4706 706314 1
5388 4696 706324 1
5448 4711 706334 1
5511 4742 706344 1
5573 4799 706354 1
5633 4870 706364 1
5692 4950 706374 1
5753 5046 706384 1
5797 5161 706394 1
5828 5289 706404 1
5857 5442 706414 1
5877 5593 706424 1
5891 5707 706434 1
5891 5798 706444 1
5882 5833 706454 1
5868 5864 706464 1
5853 5889 706474 1
5840 5911 706484 1
5831 5925 706494 1
5825 5935 706504 1
5819 5935 706514 1
5819 5941 706524 1
5814 5941 706534 1
5814 5941 706544 1
5803 5941 706554 1
5788 5921 706564 1
5768 5885 706574 1
5753 5805 706584 1
5732 5728 706594 1
5706 5654 706604 1
5706 5578 706614 1
5713 5492 706624 1
5734 5400 706634 1
5768 5320 706644 1
5811 5252 706654 1
5859 5193 706664 1
5903 5142 706674 1
5948 5098 706684 1
5996 5058 706694 1
6048 5058 706704 1
6115 5101 706714 1
6193 5183 706724 1
6273 5296 706734 1
6334 5410 706744 1
6382 5524 706754 1
6408 5630 706764 1
6422 5739 706774 1
6427 5853 706784 1
6427 5968 706794 1
6427 6023 706804 1
6415 6037 706814 1
6403 6023 706824 1
6375 5966 706834 1
6337 5836 706844 1
6303 5658 706854 1
6273 5442 706864 1
6263 5152 706874 1
6263 4813 706884 1
6290 4518 706894 1
6319 4289 706904 1
6336 4104 706914 1
6345 3986 706924 1
6345 3894 706934 1
6327 3820 706944 1
6305 3759 706954 1
6284 3726 706964 1
6260 3711 706974 1
6233 3732 706984 1
6198 3821 706994 1
6168 3956 707004 1
6149 4150 707014 1
6149 4422 707024 1
6159 4745 707034 1
6304 5963 707096 0
6417 6208 707106 1
6460 6246 707116 1
6492 6262 707126 1
6517 6234 707136 1
6526 6177 707146 1
6520 6029 707156 1
6503 5839 707166 1
6503 5620 707176 1
6503 5448 707186 1
6520 5275 707196 1
6554 5183 707206 1
6601 5144 707216 1
6633 5125 707226 1
6658 5133 707236 1
6678 5160 707246 1
6702 5233 707256 1
6727 5351 707266 1
6756 5498 707276 1
6790 5651 707286 1
6831 5810 707296 1
6876 5973 707306 1
6882 5993 707316 1
6882 5951 707326 1
6869 5869 707336 1
6857 5734 707346 1
6851 5630 707356 1
6864 5547 707366 1
6887 5488 707376 1
6919 5442 707386 1
6956 5404 707396 1
6990 5376 707406 1
7021 5364 707416 1
7052 5364 707426 1
7080 5399 707436 1
7107 5473 707446 1
7133 5573 707456 1
7161 5689 707466 1
7198 5834 707476 1
7241 5999 707486 1
7281 6114 707496 1
7295 6145 707506 1
7295 6120 707516 1
7295 6062 707526 1
7283 5960 707536 1
7268 5829 707546 1
7273 5718 707556 1
7280 5632 707566 1
7295 5564 707576 1
7317 5549 707586 1
7343 5558 707596 1
7373 5582 707606 1
7404 5631 707616 1
7435 5679 707626 1
7458 5723 707636 1
7476 5760 707646 1
7488 5772 707656 1
7494 5767 707666 1
7494 5751 707676 1
7523 5751 707686 1
7567 5751 707696 1
7624 5774 707706 1
7692 5824 707716 1
7763 5891 707726 1
7845 5981 707736 1
7934 6090 707746 1
8007 6212 707756 1
8078 6360 707766 1
8148 6527 707776 1
8202 6707 707786 1
8217 6822 707796 1
8205 6881 707806 1
8159 6903 707816 1
8100 6876 707826 1
8033 6805 707836 1
7968 6704 707846 1
7907 6584 707856 1
7853 6440 707866 1
7831 6281 707876 1
7831 6136 707886 1
7847 5950 707896 1
7889 5736 707906 1
7947 5527 707916 1
8015 5284 707926 1
8091 5037 707936 1
8171 4800 707946 1
8199 4566 707956 1
8237 4426 707966 1
8281 4349 707976 1
8261 4261 707986 1
8195 4174 707996 1
8098 4122 708006 1
7984 4094 708016 1
7861 4109 708026 1
7731 4174 708036 1
7645 4273 708046 1
7632 4467 708056 1
7668 4733 708066 1
