169
4502 4739 1127751 0
4397 4406 1127761 1
4276 4287 1127771 1
4290 4287 1127781 1
4375 4353 1127791 1
4506 4465 1127801 1
4662 4622 1127811 1
4846 4803 1127821 1
5049 4999 1127831 1
5282 5183 1127841 1
5494 5344 1127851 1
5693 5491 1127861 1
5823 5550 1127871 1
5846 5525 1127881 1
5797 5445 1127891 1
5678 5210 1127901 1
5531 4899 1127911 1
5364 4538 1127921 1
5163 4124 1127931 1
4967 3777 1127941 1
4869 3476 1127951 1
4834 3363 1127961 1
4842 3345 1127971 1
4852 3391 1127981 1
4884 3499 1127991 1
4930 3703 1128001 1
5359 5420 1128062 0
5581 5884 1128072 1
5625 5936 1128082 1
5620 5944 1128092 1
5620 5924 1128102 1
5626 5884 1128112 1
5626 5787 1128122 1
5634 5652 1128132 1
5641 5477 1128142 1
5649 5232 1128152 1
5661 4940 1128162 1
5676 4583 1128172 1
5697 4156 1128182 1
5734 3682 1128192 1
5781 3260 1128202 1
5809 2951 1128212 1
5840 2718 1128222 1
5853 2662 1128232 1
5853 2718 1128242 1
5841 2849 1128252 1
5965 5427 1128342 0
6257 6163 1128352 1
6365 6314 1128362 1
6384 6371 1128372 1
6410 6366 1128382 1
6440 6389 1128392 1
6440 6389 1128402 1
6435 6375 1128412 1
6376 6170 1128422 1
6277 5872 1128432 1
6146 5512 1128442 1
6016 5180 1128452 1
5918 4941 1128462 1
5842 4763 1128472 1
5849 4727 1128482 1
5919 4773 1128492 1
6031 4874 1128502 1
6167 5019 1128512 1
6318 5168 1128522 1
6478 5283 1128532 1
6607 5374 1128542 1
6696 5418 1128552 1
6759 5418 1128562 1
6764 5382 1128572 1
6719 5271 1128582 1
6641 5112 1128592 1
6530 4922 1128602 1
6408 4703 1128612 1
6278 4534 1128622 1
6192 4398 1128632 1
6162 4362 1128642 1
6168 4378 1128652 1
6200 4428 1128662 1
6261 4528 1128672 1
6341 4670 1128682 1
6446 4840 1128692 1
6556 4992 1128702 1
6662 5088 1128712 1
6764 5147 1128722 1
6830 5164 1128732 1
6865 5155 1128742 1
6879 5129 1128752 1
6879 5075 1128762 1
6850 4974 1128772 1
6795 4842 1128782 1
6710 4685 1128792 1
6623 4535 1128802 1
6534 4390 1128812 1
6496 4322 1128822 1
6506 4314 1128832 1
6549 4347 1128842 1
6612 4425 1128852 1
6704 4551 1128862 1
6815 4708 1128872 1
6928 4903 1128882 1
7028 5071 1128892 1
7119 5220 1128902 1
7188 5313 1128912 1
7215 5341 1128922 1
7215 5327 1128932 1
7177 5277 1128942 1
7109 5164 1128952 1
7019 5009 1128962 1
6901 4798 1128972 1
6743 4539 1128982 1
6558 4248 1128992 1
6366 3936 1129002 1
6175 3628 1129012 1
5984 3419 1129022 1
5907 3275 1129032 1
5930 3306 1129042 1
6020 3473 1129052 1
6195 3730 1129062 1
6441 3988 1129072 1
6734 4226 1129082 1
7025 4452 1129092 1
7333 4633 1129102 1
7653 4794 1129112 1
8009 4941 1129122 1
8341 5064 1129132 1
8656 5151 1129142 1
8962 5213 1129152 1
9179 5158 1129162 1
9337 4978 1129172 1
9398 4715 1129182 1
9334 4423 1129192 1
9187 4049 1129202 1
8962 3621 1129212 1
8674 3175 1129222 1
8343 2833 1129232 1
8066 2560 1129242 1
7860 2507 1129252 1
7700 2637 1129262 1
7321 4460 1129323 0
7386 4668 1129333 1
7366 4576 1129343 1
7286 4385 1129353 1
7218 4127 1129363 1
7138 3820 1129373 1
7050 3536 1129383 1
7001 3267 1129393 1
6975 3114 1129403 1
6965 3054 1129413 1
6970 3054 1129423 1
7001 3123 1129433 1
7048 3283 1129443 1
7135 3505 1129453 1
7273 3710 1129463 1
7446 3869 1129473 1
7620 3998 1129483 1
7731 4038 1129493 1
7800 3990 1129503 1
7789 3883 1129513 1
7739 3676 1129523 1
7662 3423 1129533 1
7553 3139 1129543 1
7409 2849 1129553 1
7242 2561 1129563 1
7074 2370 1129573 1
6971 2243 1129583 1
6911 2314 1129593 1
6954 2611 1129603 1
7118 3058 1129613 1
