175
3908 4969 1113891 0
3872 4835 1113901 1
3791 4780 1113911 1
3776 4733 1113921 1
3787 4742 1113931 1
3815 4794 1113941 1
3875 4874 1113951 1
3997 5031 1113961 1
4161 5243 1113971 1
4379 5492 1113981 1
4601 5711 1113991 1
4829 5889 1114001 1
4999 6040 1114011 1
5130 6117 1114021 1
5228 6117 1114031 1
5253 6076 1114041 1
5230 5924 1114051 1
5144 5645 1114061 1
5019 5282 1114071 1
4868 4862 1114081 1
4692 4433 1114091 1
4539 3998 1114101 1
4400 3726 1114111 1
4350 3602 1114121 1
4339 3577 1114131 1
4355 3619 1114141 1
4363 3742 1114151 1
4388 3919 1114161 1
4681 5990 1114242 0
4928 6479 1114252 1
5002 6570 1114262 1
5057 6595 1114272 1
5100 6595 1114282 1
5124 6573 1114292 1
5135 6522 1114302 1
5135 6383 1114312 1
5127 6186 1114322 1
5112 5931 1114332 1
5092 5588 1114342 1
5076 5186 1114352 1
5083 4744 1114362 1
5102 4252 1114372 1
5143 3727 1114382 1
5208 3261 1114392 1
5289 2939 1114402 1
5338 2712 1114412 1
5363 2603 1114422 1
5373 2572 1114432 1
5334 2594 1114442 1
5286 2693 1114452 1
5231 2853 1114462 1
5713 6514 1114612 0
5819 6632 1114622 1
5833 6632 1114632 1
5833 6632 1114642 1
5833 6638 1114652 1
5833 6638 1114662 1
5828 6638 1114672 1
5828 6638 1114682 1
5828 6638 1114692 1
5823 6631 1114702 1
5795 6553 1114712 1
5750 6344 1114722 1
5644 6049 1114732 1
5537 5698 1114742 1
5428 5434 1114752 1
5386 5227 1114762 1
5410 5195 1114772 1
5479 5239 1114782 1
5562 5333 1114792 1
5647 5472 1114802 1
5738 5621 1114812 1
5836 5778 1114822 1
5925 5944 1114832 1
6008 6062 1114842 1
6078 6149 1114852 1
6101 6158 1114862 1
6093 6106 1114872 1
6034 6014 1114882 1
5934 5806 1114892 1
5807 5569 1114902 1
5639 5313 1114912 1
5540 5133 1114922 1
5487 5044 1114932 1
5487 5017 1114942 1
5522 5017 1114952 1
5573 5049 1114962 1
5653 5103 1114972 1
5751 5193 1114982 1
5861 5298 1114992 1
5967 5413 1115002 1
6061 5506 1115012 1
6146 5553 1115022 1
6177 5570 1115032 1
6159 5547 1115042 1
6107 5444 1115052 1
6011 5287 1115062 1
5888 5104 1115072 1
5747 4951 1115082 1
5623 4817 1115092 1
5578 4772 1115102 1
5586 4787 1115112 1
5643 4843 1115122 1
5738 4940 1115132 1
5858 5063 1115142 1
6000 5204 1115152 1
6157 5352 1115162 1
6324 5431 1115172 1
6428 5465 1115182 1
6471 5450 1115192 1
6471 5396 1115202 1
6442 5315 1115212 1
6379 5174 1115222 1
6295 5026 1115232 1
6175 4873 1115242 1
6037 4674 1115252 1
5888 4445 1115262 1
5716 4195 1115272 1
5536 3934 1115282 1
5350 3688 1115292 1
5195 3453 1115302 1
5154 3392 1115312 1
5189 3496 1115322 1
5358 3711 1115332 1
5614 4045 1115342 1
5927 4371 1115352 1
6248 4691 1115362 1
6589 4953 1115372 1
6962 5174 1115382 1
7350 5367 1115392 1
7755 5530 1115402 1
8138 5648 1115412 1
8506 5735 1115422 1
8792 5721 1115432 1
8975 5603 1115442 1
9088 5417 1115452 1
9075 5147 1115462 1
8952 4844 1115472 1
8756 4518 1115482 1
8491 4138 1115492 1
8201 3802 1115502 1
7893 3496 1115512 1
7658 3359 1115522 1
7506 3397 1115532 1
6931 4450 1115584 0
6802 4943 1115594 1
6854 4968 1115604 1
6866 4934 1115614 1
6858 4799 1115624 1
6836 4598 1115634 1
6754 4310 1115644 1
6655 3997 1115654 1
6544 3668 1115664 1
6501 3499 1115674 1
6521 3466 1115684 1
6584 3523 1115694 1
6657 3665 1115704 1
6761 3853 1115714 1
6885 4073 1115724 1
7009 4298 1115734 1
7135 4458 1115744 1
7266 4575 1115754 1
7351 4609 1115764 1
7404 4582 1115774 1
7396 4515 1115784 1
7353 4361 1115794 1
7286 4157 1115804 1
7204 3921 1115814 1
7146 3677 1115824 1
7103 3449 1115834 1
7103 3231 1115844 1
7120 3124 1115854 1
7149 3076 1115864 1
7188 3067 1115874 1
7188 3039 1115884 1
