263
2965 4247 755366 0
2965 4247 755376 1
2965 4247 755386 1
2889 4225 755396 1
2889 4248 755406 1
2889 4283 755416 1
2907 4351 755426 1
2932 4432 755436 1
2966 4523 755446 1
3024 4642 755456 1
3096 4796 755466 1
3270 4973 755476 1
3357 5136 755486 1
3387 5275 755496 1
3479 5399 755506 1
3558 5476 755516 1
3628 5532 755526 1
3697 5573 755536 1
3767 5599 755546 1
3829 5621 755556 1
3885 5632 755566 1
3945 5632 755576 1
3996 5616 755586 1
4041 5581 755596 1
4071 5506 755606 1
4084 5390 755616 1
4084 5247 755626 1
4068 5042 755636 1
4030 4781 755646 1
3979 4483 755656 1
3945 4202 755666 1
3910 3944 755676 1
3875 3701 755686 1
3844 3497 755696 1
3814 3293 755706 1
3786 3089 755716 1
3760 2941 755726 1
3734 2831 755736 1
3705 2788 755746 1
3689 2763 755756 1
3684 2750 755766 1
3684 2750 755776 1
3692 2787 755786 1
3455 6016 756047 0
3455 6016 756057 1
3455 6016 756067 1
3455 6016 756077 1
3455 6016 756087 1
3479 5912 756097 1
3511 5825 756107 1
3551 5738 756117 1
3595 5650 756127 1
3641 5560 756137 1
3695 5440 756147 1
3753 5302 756157 1
3811 5123 756167 1
3870 4902 756177 1
3937 4654 756187 1
4009 4433 756197 1
4081 4210 756207 1
4152 4020 756217 1
4207 3853 756227 1
4252 3672 756237 1
4307 3470 756247 1
4366 3255 756257 1
4431 3035 756267 1
4500 2834 756277 1
4574 2645 756287 1
4671 6893 757519 0
4671 6893 757529 1
4686 6997 757539 1
4696 7025 757549 1
4702 7033 757559 1
4707 7027 757569 1
4717 7027 757579 1
4729 7014 757589 1
4745 6971 757599 1
4745 6906 757609 1
4740 6773 757619 1
4724 6607 757629 1
4708 6418 757639 1
4708 6254 757649 1
4715 6090 757659 1
4697 5924 757669 1
4692 5784 757679 1
4692 5661 757689 1
4702 5560 757699 1
4711 5481 757709 1
4726 5416 757719 1
4740 5378 757729 1
4751 5365 757739 1
4774 5365 757749 1
4800 5389 757759 1
4834 5442 757769 1
4875 5518 757779 1
4919 5604 757789 1
4967 5694 757799 1
5015 5786 757809 1
5068 5888 757819 1
5130 5988 757829 1
5211 6084 757839 1
5304 6178 757849 1
5400 6270 757859 1
5494 6339 757869 1
5567 6394 757879 1
5626 6420 757889 1
5667 6426 757899 1
5687 6418 757909 1
5693 6376 757919 1
5676 6301 757929 1
5640 6204 757939 1
5590 6097 757949 1
5537 5987 757959 1
5484 5875 757969 1
5428 5756 757979 1
5368 5653 757989 1
5315 5561 757999 1
5267 5483 758009 1
5236 5413 758019 1
5214 5348 758029 1
5198 5289 758039 1
5198 5249 758049 1
5198 5221 758059 1
5207 5212 758069 1
5219 5217 758079 1
5235 5231 758089 1
5268 5280 758099 1
5311 5366 758109 1
5368 5478 758119 1
5427 5586 758129 1
5491 5700 758139 1
5560 5819 758149 1
5632 5935 758159 1
5690 6001 758169 1
5738 6034 758179 1
5756 6034 758189 1
5756 6034 758199 1
5756 6029 758209 1
5742 5983 758219 1
5720 5912 758229 1
5693 5828 758239 1
5667 5742 758249 1
5637 5653 758259 1
5602 5558 758269 1
5564 5460 758279 1
5530 5358 758289 1
5499 5278 758299 1
5487 5211 758309 1
5487 5199 758319 1
5498 5199 758329 1
5509 5206 758339 1
5521 5219 758349 1
5529 5230 758359 1
5529 5236 758369 1
5529 5236 758379 1
5529 5236 758389 1
5529 5236 758399 1
5529 5236 758409 1
5522 5200 758419 1
5507 5148 758429 1
5484 5056 758439 1
5456 4942 758449 1
5426 4814 758459 1
5392 4691 758469 1
5356 4585 758479 1
5313 4490 758489 1
5273 4412 758499 1
5239 4357 758509 1
5211 4317 758519 1
5187 4295 758529 1
5177 4289 758539 1
5177 4295 758549 1
5177 4316 758559 1
5177 4373 758569 1
5199 4453 758579 1
5228 4548 758589 1
5265 4652 758599 1
5305 4761 758609 1
5364 4903 758619 1
5435 5056 758629 1
5535 5216 758639 1
5658 5393 758649 1
5797 5538 758659 1
5907 5661 758669 1
6017 5754 758679 1
6126 5842 758689 1
6254 5921 758699 1
6386 5991 758709 1
6520 6054 758719 1
6657 6110 758729 1
6803 6161 758739 1
6955 6206 758749 1
7072 6223 758759 1
7180 6223 758769 1
7283 6211 758779 1
7377 6185 758789 1
7456 6147 758799 1
7524 6085 758809 1
7583 6004 758819 1
7637 5910 758829 1
7688 5809 758839 1
7727 5706 758849 1
7736 5542 758859 1
7725 5337 758869 1
7690 5082 758879 1
7643 4848 758889 1
7587 4629 758899 1
7523 4460 758909 1
7440 4299 758919 1
7344 4144 758929 1
7280 3981 758939 1
7193 3844 758949 1
7090 3724 758959 1
6995 3578 758969 1
6900 3456 758979 1
6799 3351 758989 1
6692 3276 758999 1
6601 3226 759009 1
6511 3192 759019 1
6411 3201 759029 1
6303 3228 759039 1
6175 3268 759049 1
6050 3318 759059 1
5934 3374 759069 1
5828 3469 759079 1
5728 3588 759089 1
5627 3761 759099 1
5563 3967 759109 1
5523 4195 759119 1
5507 4440 759129 1
5529 4669 759139 1
5575 4839 759149 1
5642 4976 759159 1
5714 5088 759169 1
5801 5192 759179 1
5897 5292 759189 1
5973 5355 759199 1
6032 5368 759209 1
6079 5347 759219 1
6103 5232 759229 1
6097 5065 759239 1
6070 4863 759249 1
6026 4677 759259 1
5994 4552 759269 1
5969 4469 759279 1
5950 4409 759289 1
5935 4383 759299 1
5929 4383 759309 1
5929 4408 759319 1
5954 4486 759329 1
5989 4597 759339 1
6058 4716 759349 1
6132 4836 759359 1
6217 4956 759369 1
6307 5046 759379 1
6384 5101 759389 1
6434 5132 759399 1
6465 5116 759409 1
6488 5047 759419 1
6479 4943 759429 1
6449 4653 759439 1
6393 4314 759449 1
6310 3943 759459 1
