186
4528 6046 1009070 0
4329 5851 1009080 1
4248 5795 1009090 1
4203 5759 1009100 1
4250 5759 1009110 1
4364 5775 1009120 1
4523 5872 1009130 1
4763 6007 1009140 1
5009 6167 1009150 1
5260 6317 1009160 1
5490 6414 1009170 1
5648 6476 1009180 1
5757 6445 1009190 1
5774 6301 1009200 1
5704 6083 1009210 1
5704 6083 1009220 5
5415 5436 1009230 5
5219 5074 1009240 5
5000 4691 1009250 5
4841 4428 1009260 5
4760 4283 1009270 5
4732 4217 1009280 5
4788 4266 1009290 5
4877 4420 1009300 5
4988 4643 1009310 5
5123 4907 1009320 5
5123 4907 1009330 1
5356 5483 1009340 1
5424 5755 1009350 1
5463 6010 1009360 1
5493 6254 1009370 1
5518 6441 1009380 1
5551 6582 1009390 1
5595 6693 1009400 1
5645 6760 1009410 1
5678 6788 1009420 1
5690 6788 1009430 1
5690 6775 1009440 1
5705 6723 1009450 1
5705 6647 1009460 1
5698 6470 1009470 1
5651 6216 1009480 1
5581 5910 1009490 1
5495 5575 1009500 1
5417 5209 1009510 1
5342 4822 1009520 1
5306 4483 1009530 1
5294 4231 1009540 1
5317 4037 1009550 1
5351 3942 1009560 1
5392 3893 1009570 1
5424 3874 1009580 1
5747 6276 1009681 0
6013 6826 1009691 1
6087 6954 1009701 1
6146 6990 1009711 1
6194 6965 1009721 1
6242 6927 1009731 1
6234 6825 1009741 1
6188 6681 1009751 1
6085 6448 1009761 1
5966 6197 1009771 1
5836 5933 1009781 1
5734 5733 1009791 1
5692 5630 1009801 1
5692 5592 1009811 1
5777 5597 1009821 1
5885 5660 1009831 1
6005 5762 1009841 1
6150 5896 1009851 1
6300 6009 1009861 1
6452 6107 1009871 1
6558 6166 1009881 1
6601 6176 1009891 1
6601 6153 1009901 1
6532 6062 1009911 1
6420 5923 1009921 1
6279 5753 1009931 1
6119 5600 1009941 1
5963 5445 1009951 1
5863 5331 1009961 1
5797 5246 1009971 1
5797 5235 1009981 1
5847 5257 1009991 1
5928 5302 1010001 1
6034 5376 1010011 1
6163 5452 1010021 1
6307 5529 1010031 1
6446 5595 1010041 1
6561 5658 1010051 1
6660 5690 1010061 1
6708 5702 1010071 1
6718 5702 1010081 1
6702 5689 1010091 1
6656 5635 1010101 1
6582 5552 1010111 1
6489 5440 1010121 1
6377 5304 1010131 1
6253 5152 1010141 1
6121 5030 1010151 1
6047 4953 1010161 1
6024 4906 1010171 1
6034 4915 1010181 1
6095 4972 1010191 1
6195 5060 1010201 1
6321 5181 1010211 1
6456 5298 1010221 1
6588 5380 1010231 1
6696 5440 1010241 1
6789 5457 1010251 1
6835 5446 1010261 1
6845 5417 1010271 1
6830 5362 1010281 1
6787 5273 1010291 1
6691 5162 1010301 1
6559 5022 1010311 1
6393 4852 1010321 1
6200 4663 1010331 1
5989 4505 1010341 1
5874 4422 1010351 1
5853 4388 1010361 1
5895 4416 1010371 1
6023 4493 1010381 1
6221 4603 1010391 1
6465 4705 1010401 1
6724 4804 1010411 1
6983 4898 1010421 1
7231 4954 1010431 1
7470 4985 1010441 1
7675 4990 1010451 1
7846 4951 1010461 1
7993 4882 1010471 1
8061 4772 1010481 1
8066 4615 1010491 1
8030 4426 1010501 1
7935 4146 1010511 1
7786 3897 1010521 1
7601 3669 1010531 1
7445 3480 1010541 1
7290 3315 1010551 1
7138 3165 1010561 1
7012 3075 1010571 1
6903 3052 1010581 1
6802 3074 1010591 1
6482 4048 1010653 0
6519 4135 1010663 1
6519 4125 1010673 1
6497 4114 1010683 1
6474 4044 1010693 1
6449 3973 1010703 1
6422 3932 1010713 1
6429 3911 1010723 1
6452 3905 1010733 1
6485 3924 1010743 1
6529 3961 1010753 1
6578 4018 1010763 1
6634 4073 1010773 1
6689 4128 1010783 1
6738 4164 1010793 1
6784 4173 1010803 1
6828 4163 1010813 1
6859 4140 1010823 1
6880 4085 1010833 1
6851 4008 1010843 1
6771 3878 1010853 1
6658 3729 1010863 1
6534 3567 1010873 1
6479 3491 1010883 1
6471 3484 1010893 1
6531 3523 1010903 1
6660 3614 1010913 1
6835 3713 1010923 1
6983 3817 1010933 1
7106 3879 1010943 1
7213 3892 1010953 1
7236 3872 1010963 1
7184 3778 1010973 1
7081 3619 1010983 1
6939 3416 1010993 1
6745 3156 1011003 1
6517 2884 1011013 1
6281 2604 1011023 1
6041 2373 1011033 1
5830 2202 1011043 1
5640 2071 1011053 1
5484 2051 1011063 1
