158
5176 5302 1047305 0
5087 5324 1047315 1
4977 5313 1047325 1
4930 5297 1047335 1
4912 5281 1047345 1
4912 5288 1047355 1
4957 5309 1047365 1
5075 5408 1047375 1
5243 5539 1047385 1
5430 5691 1047395 1
5610 5825 1047405 1
5784 5927 1047415 1
5909 6008 1047425 1
5979 6027 1047435 1
6013 5995 1047445 1
5992 5930 1047455 1
5911 5740 1047465 1
5790 5545 1047475 1
5625 5298 1047485 1
5453 5018 1047495 1
5275 4746 1047505 1
5111 4543 1047515 1
5030 4386 1047525 1
5004 4345 1047535 1
5035 4355 1047545 1
5103 4398 1047555 1
5196 4512 1047565 1
5878 6314 1047666 0
6027 6365 1047676 1
6035 6365 1047686 1
5996 6365 1047696 1
6021 6359 1047706 1
6046 6352 1047716 1
6069 6338 1047726 1
6078 6316 1047736 1
6078 6239 1047746 1
6053 6128 1047756 1
6003 5936 1047766 1
5936 5690 1047776 1
5858 5408 1047786 1
5774 5059 1047796 1
5687 4726 1047806 1
5635 4404 1047816 1
5615 4147 1047826 1
5615 3975 1047836 1
5633 3859 1047846 1
5651 3801 1047856 1
5667 3788 1047866 1
5678 3806 1047876 1
5685 3862 1047886 1
5987 5781 1047966 0
6333 6379 1047976 1
6494 6549 1047986 1
6613 6656 1047996 1
6695 6695 1048006 1
6753 6695 1048016 1
6770 6680 1048026 1
6732 6613 1048036 1
6658 6456 1048046 1
6525 6238 1048056 1
6371 6010 1048066 1
6202 5810 1048076 1
6078 5629 1048086 1
6023 5520 1048096 1
6013 5476 1048106 1
6063 5476 1048116 1
6163 5513 1048126 1
6295 5593 1048136 1
6435 5702 1048146 1
6572 5804 1048156 1
6707 5906 1048166 1
6811 5960 1048176 1
6893 5984 1048186 1
6905 5984 1048196 1
6868 5936 1048206 1
6799 5863 1048216 1
6666 5750 1048226 1
6533 5636 1048236 1
6400 5528 1048246 1
6268 5424 1048256 1
6170 5340 1048266 1
6131 5296 1048276 1
6131 5279 1048286 1
6168 5268 1048296 1
6255 5287 1048306 1
6374 5327 1048316 1
6521 5403 1048326 1
6690 5482 1048336 1
6873 5564 1048346 1
7004 5618 1048356 1
7090 5646 1048366 1
7147 5656 1048376 1
7147 5656 1048386 1
7104 5624 1048396 1
7036 5579 1048406 1
6953 5522 1048416 1
6854 5458 1048426 1
6744 5384 1048436 1
6616 5279 1048446 1
6473 5154 1048456 1
6320 5032 1048466 1
6159 4929 1048476 1
6075 4839 1048486 1
6041 4818 1048496 1
6063 4831 1048506 1
6149 4868 1048516 1
6277 4945 1048526 1
6441 5040 1048536 1
6636 5148 1048546 1
6851 5260 1048556 1
7068 5370 1048566 1
7301 5478 1048576 1
7557 5570 1048586 1
7830 5648 1048596 1
8115 5718 1048606 1
8404 5778 1048616 1
8687 5834 1048626 1
8965 5854 1048636 1
9171 5854 1048646 1
9315 5782 1048656 1
9417 5657 1048666 1
9377 5496 1048676 1
9250 5243 1048686 1
9064 4986 1048696 1
8850 4720 1048706 1
8616 4449 1048716 1
8369 4238 1048726 1
8150 4080 1048736 1
7963 3957 1048746 1
7796 3898 1048756 1
7628 3898 1048766 1
7494 3937 1048776 1
6836 4830 1048858 0
6836 4830 1048868 1
6836 4830 1048878 1
6836 4830 1048888 1
6749 4771 1048898 1
6664 4653 1048908 1
6553 4515 1048918 1
6487 4416 1048928 1
6451 4343 1048938 1
6473 4316 1048948 1
6549 4326 1048958 1
6660 4361 1048968 1
6828 4440 1048978 1
6991 4521 1048988 1
7151 4603 1048998 1
7304 4628 1049008 1
7372 4599 1049018 1
7382 4535 1049028 1
7301 4390 1049038 1
7165 4215 1049048 1
6991 4019 1049058 1
6842 3871 1049068 1
6697 3767 1049078 1
6597 3693 1049088 1
6526 3693 1049098 1
6508 3751 1049108 1
