181
5154 4950 1124657 0
4944 4799 1124667 1
4830 4697 1124677 1
4738 4576 1124687 1
4661 4497 1124697 1
4619 4455 1124707 1
4630 4438 1124717 1
4677 4477 1124727 1
4808 4606 1124737 1
4977 4794 1124747 1
5170 4999 1124757 1
5373 5142 1124767 1
5546 5243 1124777 1
5700 5286 1124787 1
5812 5260 1124797 1
5863 5188 1124807 1
5873 5050 1124817 1
5838 4836 1124827 1
5762 4571 1124837 1
5658 4264 1124847 1
5533 3957 1124857 1
5411 3649 1124867 1
5292 3423 1124877 1
5228 3306 1124887 1
5196 3262 1124897 1
5185 3262 1124907 1
5185 3319 1124917 1
5198 3413 1124927 1
5779 5951 1125017 0
5924 6144 1125027 1
5911 6115 1125037 1
5902 6073 1125047 1
5902 6020 1125057 1
5902 5930 1125067 1
5902 5816 1125077 1
5891 5610 1125087 1
5880 5317 1125097 1
5866 4967 1125107 1
5877 4550 1125117 1
5899 4098 1125127 1
5928 3622 1125137 1
5966 3204 1125147 1
5994 2894 1125157 1
6015 2657 1125167 1
6020 2547 1125177 1
6001 2539 1125187 1
5965 2599 1125197 1
5919 2743 1125207 1
6524 6346 1125358 0
6651 6437 1125368 1
6634 6437 1125378 1
6634 6437 1125388 1
6634 6437 1125398 1
6634 6437 1125408 1
6640 6437 1125418 1
6646 6402 1125428 1
6646 6351 1125438 1
6609 6185 1125448 1
6540 5952 1125458 1
6452 5674 1125468 1
6367 5418 1125478 1
6285 5252 1125488 1
6292 5146 1125498 1
6370 5176 1125508 1
6496 5281 1125518 1
6632 5435 1125528 1
6781 5596 1125538 1
6939 5734 1125548 1
7053 5856 1125558 1
7112 5909 1125568 1
7133 5886 1125578 1
7077 5812 1125588 1
6978 5640 1125598 1
6849 5444 1125608 1
6703 5231 1125618 1
6561 5028 1125628 1
6472 4898 1125638 1
6417 4818 1125648 1
6427 4818 1125658 1
6472 4853 1125668 1
6540 4910 1125678 1
6643 5008 1125688 1
6763 5116 1125698 1
6894 5231 1125708 1
6991 5319 1125718 1
7063 5357 1125728 1
7117 5362 1125738 1
7128 5329 1125748 1
7104 5244 1125758 1
7057 5124 1125768 1
6979 4994 1125778 1
6879 4849 1125788 1
6764 4695 1125798 1
6639 4581 1125808 1
6582 4530 1125818 1
6569 4522 1125828 1
6607 4583 1125838 1
6697 4706 1125848 1
6821 4870 1125858 1
6961 5015 1125868 1
7094 5114 1125878 1
7176 5182 1125888 1
7227 5162 1125898 1
7197 5067 1125908 1
7120 4921 1125918 1
7011 4740 1125928 1
6892 4563 1125938 1
6760 4407 1125948 1
6619 4265 1125958 1
6505 4148 1125968 1
6441 4094 1125978 1
6409 4083 1125988 1
6417 4090 1125998 1
6451 4118 1126008 1
6503 4160 1126018 1
6582 4211 1126028 1
6677 4266 1126038 1
6783 4301 1126048 1
6867 4322 1126058 1
6919 4308 1126068 1
6950 4271 1126078 1
6966 4220 1126088 1
6958 4163 1126098 1
6935 4098 1126108 1
6880 4027 1126118 1
6814 3959 1126128 1
6740 3914 1126138 1
6700 3884 1126148 1
6682 3878 1126158 1
6682 3878 1126168 1
6692 3894 1126178 1
6732 3919 1126188 1
6790 3969 1126198 1
6880 4036 1126208 1
7001 4150 1126218 1
7142 4330 1126228 1
7367 4553 1126238 1
7656 4823 1126248 1
7988 5075 1126258 1
8299 5316 1126268 1
8605 5472 1126278 1
8907 5528 1126288 1
9084 5517 1126298 1
9158 5381 1126308 1
9163 5131 1126318 1
9093 4805 1126328 1
8984 4457 1126338 1
8848 4111 1126348 1
8706 3816 1126358 1
8606 3556 1126368 1
8535 3355 1126378 1
8421 3208 1126388 1
8282 3097 1126398 1
8125 3033 1126408 1
7975 3009 1126418 1
7813 3009 1126428 1
7036 4096 1126509 0
7195 4087 1126519 1
7206 4008 1126529 1
7193 3931 1126539 1
7193 3850 1126549 1
7176 3705 1126559 1
7152 3519 1126569 1
7131 3381 1126579 1
7118 3315 1126589 1
7135 3297 1126599 1
7170 3333 1126609 1
7218 3443 1126619 1
7288 3602 1126629 1
7373 3802 1126639 1
7474 3967 1126649 1
7580 4109 1126659 1
7672 4181 1126669 1
7752 4161 1126679 1
7771 4080 1126689 1
7759 3908 1126699 1
7726 3671 1126709 1
7667 3391 1126719 1
7584 3095 1126729 1
7486 2904 1126739 1
7414 2782 1126749 1
