208
4477 4612 1631526 0
4477 4612 1631536 1
4477 4612 1631546 1
4477 4612 1631556 1
4355 4566 1631566 1
4271 4529 1631576 1
4153 4498 1631586 1
4012 4483 1631596 1
3883 4475 1631606 1
3754 4470 1631616 1
3626 4470 1631626 1
3545 4483 1631636 1
3494 4497 1631646 1
3511 4506 1631656 1
3618 4559 1631666 1
3784 4644 1631676 1
3993 4759 1631686 1
4291 4920 1631696 1
4649 5112 1631706 1
4950 5215 1631716 1
5159 5239 1631726 1
5307 5210 1631736 1
5349 5124 1631746 1
5310 4964 1631756 1
5217 4756 1631766 1
5085 4517 1631776 1
4946 4285 1631786 1
4801 4057 1631796 1
4676 3928 1631806 1
4632 3888 1631816 1
4642 3907 1631826 1
4702 3951 1631836 1
5675 5613 1631926 0
5782 5962 1631936 1
5717 6080 1631946 1
5642 6178 1631956 1
5561 6249 1631966 1
5511 6319 1631976 1
5486 6398 1631986 1
5478 6483 1631996 1
5478 6537 1632006 1
5478 6544 1632016 1
5478 6520 1632026 1
5473 6383 1632036 1
5461 6114 1632046 1
5443 5757 1632056 1
5435 5265 1632066 1
5455 4604 1632076 1
5493 3831 1632086 1
5561 3050 1632096 1
5639 2537 1632106 1
5723 2204 1632116 1
5800 1991 1632126 1
5873 1846 1632136 1
5943 1747 1632146 1
5991 1713 1632156 1
6017 1713 1632166 1
6028 1743 1632176 1
6019 1838 1632186 1
5777 5772 1632517 0
5712 5748 1632527 1
5676 5766 1632537 1
5671 5788 1632547 1
5686 5793 1632557 1
5747 5834 1632567 1
5839 5900 1632577 1
5952 5940 1632587 1
6075 5976 1632597 1
6185 5984 1632607 1
6286 5976 1632617 1
6329 5929 1632627 1
6310 5820 1632637 1
6249 5671 1632647 1
6149 5492 1632657 1
6042 5308 1632667 1
5929 5171 1632677 1
5841 5067 1632687 1
5793 5019 1632697 1
5772 5009 1632707 1
5795 5024 1632717 1
5849 5066 1632727 1
5924 5129 1632737 1
6018 5205 1632747 1
6116 5252 1632757 1
6218 5266 1632767 1
6318 5258 1632777 1
6387 5222 1632787 1
6437 5165 1632797 1
6442 5093 1632807 1
6395 4990 1632817 1
6312 4852 1632827 1
6187 4692 1632837 1
6058 4535 1632847 1
5927 4421 1632857 1
5850 4337 1632867 1
5843 4337 1632877 1
5883 4395 1632887 1
5991 4493 1632897 1
6147 4645 1632907 1
6336 4794 1632917 1
6500 4883 1632927 1
6608 4933 1632937 1
6678 4913 1632947 1
6688 4858 1632957 1
6646 4779 1632967 1
6570 4677 1632977 1
6461 4561 1632987 1
6358 4435 1632997 1
6259 4325 1633007 1
6152 4274 1633017 1
6136 4263 1633027 1
6181 4274 1633037 1
6258 4312 1633047 1
6347 4368 1633057 1
6443 4432 1633067 1
6528 4491 1633077 1
6600 4527 1633087 1
6662 4550 1633097 1
6702 4550 1633107 1
6719 4550 1633117 1
6719 4521 1633127 1
6697 4482 1633137 1
6652 4418 1633147 1
6592 4336 1633157 1
6526 4241 1633167 1
6462 4156 1633177 1
6401 4094 1633187 1
6349 4048 1633197 1
6303 4011 1633207 1
6264 3981 1633217 1
6232 3956 1633227 1
6205 3940 1633237 1
6185 3924 1633247 1
6172 3909 1633257 1
6165 3895 1633267 1
6160 3884 1633277 1
6160 3875 1633287 1
6154 3869 1633297 1
6154 3869 1633307 1
6154 3869 1633317 1
6154 3869 1633327 1
6154 3869 1633337 1
6154 3869 1633347 1
6154 3869 1633357 1
6163 3897 1633367 1
6214 3939 1633377 1
6293 4040 1633387 1
6471 4234 1633397 1
6796 4489 1633407 1
7218 4798 1633417 1
7757 5102 1633427 1
8232 5215 1633437 1
8665 5203 1633447 1
8917 4988 1633457 1
9022 4596 1633467 1
9028 4086 1633477 1
8906 3562 1633487 1
8670 3141 1633497 1
8357 2790 1633507 1
7977 2435 1633517 1
7571 2127 1633527 1
7147 1851 1633537 1
6831 1734 1633547 1
6613 1791 1633557 1
6461 1965 1633567 1
7405 4073 1633769 0
7405 4073 1633779 1
7405 4073 1633789 1
7405 4073 1633799 1
7482 3985 1633809 1
7546 3929 1633819 1
7515 3884 1633829 1
7398 3777 1633839 1
7224 3628 1633849 1
7031 3487 1633859 1
6840 3386 1633869 1
6711 3311 1633879 1
6622 3311 1633889 1
6629 3379 1633899 1
6735 3489 1633909 1
6908 3673 1633919 1
7113 3810 1633929 1
7338 3915 1633939 1
7575 3927 1633949 1
7707 3873 1633959 1
7750 3775 1633969 1
7733 3637 1633979 1
7642 3475 1633989 1
7508 3298 1633999 1
7345 3126 1634009 1
7193 3019 1634019 1
7118 2955 1634029 1
7093 2955 1634039 1
7148 3055 1634049 1
7298 3220 1634059 1
7512 3399 1634069 1
7722 3495 1634079 1
7897 3537 1634089 1
8049 3512 1634099 1
8117 3438 1634109 1
8117 3332 1634119 1
8082 3187 1634129 1
7978 3052 1634139 1
7820 2925 1634149 1
7626 2788 1634159 1
7432 2651 1634169 1
7241 2568 1634179 1
7121 2521 1634189 1
