231
1883 6770 669763 0
1764 6730 669773 1
1715 6756 669783 1
1681 6756 669793 1
1658 6751 669803 1
1633 6751 669813 1
1606 6751 669823 1
1601 6751 669833 1
1601 6751 669843 1
1601 6760 669853 1
1643 6781 669863 1
1719 6831 669873 1
1828 6914 669883 1
1981 7019 669893 1
2162 7104 669903 1
2341 7184 669913 1
2525 7240 669923 1
2718 7282 669933 1
2858 7276 669943 1
2962 7217 669953 1
3056 7122 669963 1
3117 6910 669973 1
3156 6575 669983 1
3168 6157 669993 1
3168 5681 670003 1
3168 5270 670013 1
3154 4903 670023 1
3123 4584 670033 1
3078 4347 670043 1
3035 4164 670053 1
3019 4084 670063 1
3019 4077 670073 1
3066 4119 670083 1
3147 4250 670093 1
3252 4442 670103 1
3352 4675 670113 1
4031 7002 670193 0
4306 7486 670203 1
4365 7577 670213 1
4391 7548 670223 1
4415 7435 670233 1
4432 7267 670243 1
4445 7053 670253 1
4450 6782 670263 1
4450 6474 670273 1
4439 6080 670283 1
4426 5668 670293 1
4413 5244 670303 1
4404 4813 670313 1
4404 4478 670323 1
4404 4208 670333 1
4409 4071 670343 1
4434 4021 670353 1
4493 4028 670363 1
4575 4100 670373 1
4662 4250 670383 1
4752 4452 670393 1
4817 4672 670403 1
4864 4938 670413 1
4886 5234 670423 1
4863 5544 670433 1
4811 5817 670443 1
4704 6066 670453 1
4547 6239 670463 1
4357 6312 670473 1
4141 6319 670483 1
3909 6226 670493 1
3667 6078 670503 1
3391 5894 670513 1
3139 5689 670523 1
2903 5489 670533 1
2731 5293 670543 1
2603 5133 670553 1
2504 4983 670563 1
2496 4839 670573 1
2572 4664 670583 1
2704 4471 670593 1
2892 4266 670603 1
3169 4083 670613 1
3506 3983 670623 1
3873 3938 670633 1
4278 4000 670643 1
4709 4133 670653 1
5130 4314 670663 1
5552 4483 670673 1
5922 4628 670683 1
6257 4756 670693 1
6546 4920 670703 1
6783 5081 670713 1
6986 5240 670723 1
7127 5400 670733 1
7226 5561 670743 1
7297 5710 670753 1
7290 5872 670763 1
7207 6044 670773 1
7073 6152 670783 1
6887 6144 670793 1
6652 6058 670803 1
6383 5860 670813 1
6146 5644 670823 1
5985 5417 670833 1
5875 5191 670843 1
5826 4997 670853 1
5834 4825 670863 1
5881 4676 670873 1
5982 4592 670883 1
6135 4552 670893 1
6323 4600 670903 1
6520 4738 670913 1
6717 4936 670923 1
6912 5149 670933 1
7055 5361 670943 1
7165 5537 670953 1
7237 5690 670963 1
7269 5817 670973 1
7274 5862 670983 1
7259 5852 670993 1
7241 5745 671003 1
7221 5507 671013 1
7234 5182 671023 1
7281 4913 671033 1
7351 4687 671043 1
7436 4489 671053 1
7574 4440 671063 1
7748 4485 671073 1
7941 4592 671083 1
8121 4798 671093 1
8293 4997 671103 1
8429 5191 671113 1
8507 5349 671123 1
8547 5452 671133 1
8558 5519 671143 1
8558 5507 671153 1
8548 5490 671163 1
8555 5390 671173 1
8564 5237 671183 1
8577 5123 671193 1
8596 5038 671203 1
8620 4973 671213 1
8647 4948 671223 1
8675 4959 671233 1
8706 4994 671243 1
8742 5091 671253 1
8785 5218 671263 1
8832 5364 671273 1
8884 5510 671283 1
8936 5656 671293 1
8967 5728 671303 1
8984 5752 671313 1
8984 5739 671323 1
8984 5672 671333 1
9003 5568 671343 1
9033 5418 671353 1
9087 5298 671363 1
9171 5199 671373 1
9276 5165 671383 1
9420 5192 671393 1
9565 5261 671403 1
9698 5390 671413 1
9821 5510 671423 1
9906 5625 671433 1
9950 5704 671443 1
9967 5756 671453 1
9955 5791 671463 1
9937 5791 671473 1
9914 5747 671483 1
9895 5672 671493 1
9879 5545 671503 1
9868 5382 671513 1
9862 5196 671523 1
9854 4995 671533 1
9844 4757 671543 1
9844 4495 671553 1
9861 4240 671563 1
9888 4009 671573 1
9906 3793 671583 1
9885 3630 671593 1
9838 3486 671603 1
9753 3355 671613 1
9627 3213 671623 1
9473 3074 671633 1
9275 2955 671643 1
9061 2848 671653 1
8836 2766 671663 1
8563 2707 671673 1
8265 2664 671683 1
7950 2630 671693 1
7579 2630 671703 1
7181 2649 671713 1
6766 2692 671723 1
6295 2736 671733 1
5827 2777 671743 1
5355 2812 671753 1
4878 2846 671763 1
4469 2866 671773 1
4144 2912 671783 1
3874 2976 671793 1
3688 3072 671803 1
3579 3209 671813 1
3522 3373 671823 1
3565 3557 671833 1
3698 3768 671843 1
3892 3998 671853 1
4182 4223 671863 1
4538 4432 671873 1
4937 4568 671883 1
5309 4660 671893 1
5705 4676 671903 1
6117 4621 671913 1
6551 4519 671923 1
6998 4385 671933 1
7453 4246 671943 1
7935 4105 671953 1
8399 4012 671963 1
8850 3935 671973 1
9275 3868 671983 1
9679 3805 671993 1
10068 3737 672003 1
10372 3675 672013 1
10646 3618 672023 1
10899 3574 672033 1
11114 3549 672043 1
11263 3537 672053 1
11369 3548 672063 1
11413 3557 672073 1
11395 3565 672083 1
11335 3596 672093 1
11245 3624 672103 1
11151 3651 672113 1
11053 3670 672123 1
10974 3693 672133 1
