181
1707 6545 1439670 0
1650 6478 1439680 1
1591 6498 1439690 1
1554 6555 1439700 1
1531 6555 1439710 1
1531 6563 1439720 1
1560 6609 1439730 1
1608 6680 1439740 1
1717 6793 1439750 1
1850 6913 1439760 1
1998 7039 1439770 1
2147 7106 1439780 1
2269 7137 1439790 1
2373 7143 1439800 1
2458 7105 1439810 1
2524 6988 1439820 1
2578 6818 1439830 1
2619 6584 1439840 1
2648 6212 1439850 1
2670 5747 1439860 1
2679 5269 1439870 1
2660 4806 1439880 1
2621 4441 1439890 1
2566 4136 1439900 1
2515 3984 1439910 1
2496 3913 1439920 1
2496 3897 1439930 1
2518 3917 1439940 1
2568 3992 1439950 1
3933 6444 1440070 0
4188 6472 1440080 1
4147 6522 1440090 1
4147 6515 1440100 1
4154 6508 1440110 1
4162 6417 1440120 1
4167 6271 1440130 1
4172 6009 1440140 1
4172 5682 1440150 1
4179 5311 1440160 1
4171 4966 1440170 1
4151 4664 1440180 1
4122 4390 1440190 1
4084 4177 1440200 1
4051 4025 1440210 1
4040 3913 1440220 1
4040 3840 1440230 1
4068 3807 1440240 1
4114 3802 1440250 1
4172 3826 1440260 1
4211 3900 1440270 1
4211 4007 1440280 1
4173 4155 1440290 1
4060 4339 1440300 1
3892 4547 1440310 1
3686 4737 1440320 1
3432 4891 1440330 1
3158 5022 1440340 1
2871 5088 1440350 1
2592 5118 1440360 1
2318 5125 1440370 1
2078 5118 1440380 1
1858 5082 1440390 1
1717 5028 1440400 1
1649 4979 1440410 1
1630 4924 1440420 1
1697 4825 1440430 1
1854 4700 1440440 1
2072 4576 1440450 1
2388 4461 1440460 1
2755 4353 1440470 1
3156 4271 1440480 1
3598 4221 1440490 1
4040 4192 1440500 1
4486 4209 1440510 1
4874 4250 1440520 1
5222 4308 1440530 1
5515 4385 1440540 1
5742 4483 1440550 1
5925 4595 1440560 1
6039 4711 1440570 1
6090 4823 1440580 1
6100 4932 1440590 1
6055 4994 1440600 1
5956 5002 1440610 1
5820 4975 1440620 1
5639 4899 1440630 1
5476 4780 1440640 1
5324 4632 1440650 1
5213 4480 1440660 1
5182 4329 1440670 1
5203 4200 1440680 1
5334 4086 1440690 1
5532 4022 1440700 1
5774 3994 1440710 1
6040 3994 1440720 1
6312 4025 1440730 1
6589 4098 1440740 1
6837 4197 1440750 1
7066 4339 1440760 1
7281 4495 1440770 1
7509 4660 1440780 1
7731 4814 1440790 1
7946 4899 1440800 1
8114 4939 1440810 1
8250 4922 1440820 1
8369 4830 1440830 1
8443 4687 1440840 1
8488 4521 1440850 1
8511 4361 1440860 1
8520 4205 1440870 1
8520 4100 1440880 1
8520 4057 1440890 1
8552 4057 1440900 1
8594 4080 1440910 1
8663 4132 1440920 1
8752 4202 1440930 1
8854 4286 1440940 1
8982 4368 1440950 1
9114 4429 1440960 1
9253 4477 1440970 1
9416 4508 1440980 1
9593 4488 1440990 1
9745 4433 1441000 1
9894 4355 1441010 1
10042 4276 1441020 1
10164 4197 1441030 1
10284 4141 1441040 1
10403 4099 1441050 1
10527 4107 1441060 1
10651 4135 1441070 1
10778 4177 1441080 1
10899 4216 1441090 1
11016 4250 1441100 1
11130 4262 1441110 1
11243 4262 1441120 1
11355 4267 1441130 1
11483 4284 1441140 1
11600 4309 1441150 1
11709 4335 1441160 1
11793 4352 1441170 1
11828 4307 1441180 1
11828 4224 1441190 1
11777 4065 1441200 1
11683 3857 1441210 1
11561 3616 1441220 1
11387 3370 1441230 1
11155 3124 1441240 1
10885 2878 1441250 1
10554 2645 1441260 1
10150 2430 1441270 1
9697 2229 1441280 1
9198 2012 1441290 1
8674 1830 1441300 1
8134 1671 1441310 1
7563 1555 1441320 1
6968 1499 1441330 1
6357 1483 1441340 1
5714 1519 1441350 1
5069 1584 1441360 1
4423 1668 1441370 1
3842 1765 1441380 1
3369 1860 1441390 1
2967 1948 1441400 1
2722 2026 1441410 1
2599 2098 1441420 1
2558 2163 1441430 1
2630 2258 1441440 1
2860 2372 1441450 1
3196 2506 1441460 1
3703 2614 1441470 1
4360 2705 1441480 1
5118 2789 1441490 1
5943 2869 1441500 1
6826 2915 1441510 1
7747 2940 1441520 1
8692 2951 1441530 1
9593 2961 1441540 1
10464 2961 1441550 1
11230 2949 1441560 1
11813 2922 1441570 1
12273 2893 1441580 1
