178
1524 6425 1434422 0
1464 6358 1434432 1
1442 6443 1434442 1
1426 6488 1434452 1
1435 6506 1434462 1
1461 6560 1434472 1
1530 6637 1434482 1
1639 6729 1434492 1
1775 6832 1434502 1
1946 6944 1434512 1
2121 7063 1434522 1
2253 7113 1434532 1
2355 7082 1434542 1
2412 6997 1434552 1
2429 6752 1434562 1
2419 6406 1434572 1
2395 5994 1434582 1
2350 5518 1434592 1
2291 5062 1434602 1
2242 4620 1434612 1
2198 4364 1434622 1
2157 4192 1434632 1
2157 4076 1434642 1
2157 4022 1434652 1
2174 4009 1434662 1
2210 4023 1434672 1
3265 6264 1434783 0
3866 6538 1434793 1
3980 6659 1434803 1
3985 6782 1434813 1
4034 6755 1434823 1
4066 6589 1434833 1
4087 6330 1434843 1
4087 5945 1434853 1
4082 5499 1434863 1
4082 5013 1434873 1
4123 4575 1434883 1
4161 4248 1434893 1
4194 3994 1434903 1
4206 3834 1434913 1
4206 3706 1434923 1
4206 3599 1434933 1
4206 3570 1434943 1
4206 3589 1434953 1
4218 3641 1434963 1
4231 3793 1434973 1
4199 4004 1434983 1
4123 4254 1434993 1
4017 4495 1435003 1
3861 4674 1435013 1
3642 4813 1435023 1
3380 4919 1435033 1
3090 4987 1435043 1
2804 5031 1435053 1
2517 5080 1435063 1
2226 5133 1435073 1
2023 5145 1435083 1
1898 5129 1435093 1
1826 5048 1435103 1
1826 4900 1435113 1
1922 4708 1435123 1
2073 4536 1435133 1
2307 4402 1435143 1
2615 4294 1435153 1
2972 4279 1435163 1
3414 4318 1435173 1
3871 4393 1435183 1
4338 4467 1435193 1
4758 4546 1435203 1
5110 4628 1435213 1
5417 4693 1435223 1
5638 4771 1435233 1
5785 4859 1435243 1
5883 4973 1435253 1
5898 5081 1435263 1
5852 5180 1435273 1
5764 5213 1435283 1
5616 5203 1435293 1
5452 5101 1435303 1
5277 4966 1435313 1
5134 4809 1435323 1
5050 4665 1435333 1
5004 4539 1435343 1
5004 4426 1435353 1
5062 4339 1435363 1
5149 4280 1435373 1
5291 4240 1435383 1
5457 4227 1435393 1
5639 4227 1435403 1
5852 4227 1435413 1
6061 4257 1435423 1
6266 4340 1435433 1
6493 4459 1435443 1
6717 4637 1435453 1
6939 4830 1435463 1
7124 5033 1435473 1
7263 5140 1435483 1
7370 5162 1435493 1
7422 5128 1435503 1
7442 5048 1435513 1
7442 4939 1435523 1
7448 4811 1435533 1
7480 4692 1435543 1
7527 4594 1435553 1
7598 4509 1435563 1
7697 4466 1435573 1
7815 4466 1435583 1
7951 4498 1435593 1
8080 4539 1435603 1
8203 4579 1435613 1
8327 4616 1435623 1
8451 4650 1435633 1
8574 4683 1435643 1
8695 4694 1435653 1
8822 4694 1435663 1
8950 4672 1435673 1
9057 4632 1435683 1
9151 4579 1435693 1
9253 4510 1435703 1
9373 4446 1435713 1
9504 4386 1435723 1
9651 4349 1435733 1
9815 4330 1435743 1
9991 4322 1435753 1
10165 4340 1435763 1
10326 4356 1435773 1
10478 4388 1435783 1
10595 4431 1435793 1
10676 4451 1435803 1
10733 4471 1435813 1
10791 4507 1435823 1
10846 4555 1435833 1
10899 4619 1435843 1
10944 4641 1435853 1
10953 4636 1435863 1
10937 4528 1435873 1
10842 4310 1435883 1
10707 4019 1435893 1
10546 3682 1435903 1
10341 3355 1435913 1
10137 3035 1435923 1
9932 2758 1435933 1
9692 2516 1435943 1
9431 2297 1435953 1
9114 2112 1435963 1
8720 1984 1435973 1
8275 1894 1435983 1
7758 1845 1435993 1
7162 1829 1436003 1
6514 1834 1436013 1
5824 1849 1436023 1
5113 1863 1436033 1
4388 1875 1436043 1
3721 1913 1436053 1
3127 1966 1436063 1
2582 2062 1436073 1
2116 2195 1436083 1
1754 2354 1436093 1
1460 2497 1436103 1
1322 2584 1436113 1
1322 2633 1436123 1
1411 2710 1436133 1
1709 2816 1436143 1
2188 2942 1436153 1
2787 3070 1436163 1
3483 3196 1436173 1
4280 3281 1436183 1
5143 3341 1436193 1
6004 3341 1436203 1
6869 3318 1436213 1
7737 3274 1436223 1
8613 3221 1436233 1
9413 3162 1436243 1
10161 3104 1436253 1
10757 3050 1436263 1
11247 3015 1436273 1
11667 2996 1436283 1
11915 2987 1436293 1
