202
1157 6476 1715646 0
1157 6476 1715656 1
1157 6476 1715666 1
1091 6477 1715676 1
1086 6490 1715686 1
1094 6504 1715696 1
1111 6546 1715706 1
1142 6604 1715716 1
1176 6675 1715726 1
1234 6751 1715736 1
1307 6831 1715746 1
1422 6921 1715756 1
1564 6991 1715766 1
1723 6954 1715776 1
1856 6852 1715786 1
1941 6594 1715796 1
1993 6160 1715806 1
1978 5610 1715816 1
1906 5129 1715826 1
1796 4733 1715836 1
1658 4394 1715846 1
1530 4100 1715856 1
1409 3907 1715866 1
1365 3782 1715876 1
1380 3766 1715886 1
1434 3798 1715896 1
1538 3862 1715906 1
3611 6894 1716087 0
3611 6894 1716097 1
3611 6894 1716107 1
3542 6904 1716117 1
3542 6890 1716127 1
3542 6861 1716137 1
3560 6823 1716147 1
3579 6782 1716157 1
3603 6734 1716167 1
3613 6621 1716177 1
3613 6468 1716187 1
3573 6140 1716197 1
3516 5693 1716207 1
3448 5166 1716217 1
3405 4701 1716227 1
3405 4385 1716237 1
3429 4169 1716247 1
3465 4004 1716257 1
3506 3903 1716267 1
3554 3846 1716277 1
3600 3831 1716287 1
3626 3845 1716297 1
3639 3879 1716307 1
3625 3977 1716317 1
3590 4139 1716327 1
3541 4344 1716337 1
3464 4577 1716347 1
3341 4840 1716357 1
3188 5122 1716367 1
2962 5365 1716377 1
2692 5516 1716387 1
2392 5606 1716397 1
2059 5620 1716407 1
1767 5593 1716417 1
1503 5539 1716427 1
1289 5449 1716437 1
1126 5345 1716447 1
998 5231 1716457 1
944 5187 1716467 1
987 5132 1716477 1
1095 5069 1716487 1
1272 4912 1716497 1
1517 4738 1716507 1
1808 4553 1716517 1
2203 4422 1716527 1
2615 4352 1716537 1
3039 4322 1716547 1
3457 4349 1716557 1
3867 4381 1716567 1
4213 4417 1716577 1
4517 4438 1716587 1
4832 4470 1716597 1
5096 4510 1716607 1
5325 4578 1716617 1
5521 4676 1716627 1
5663 4795 1716637 1
5770 4942 1716647 1
5809 5087 1716657 1
5785 5200 1716667 1
5720 5293 1716677 1
5621 5328 1716687 1
5498 5315 1716697 1
5359 5270 1716707 1
5193 5190 1716717 1
5024 5084 1716727 1
4854 4961 1716737 1
4696 4803 1716747 1
4571 4642 1716757 1
4467 4477 1716767 1
4421 4329 1716777 1
4421 4192 1716787 1
4456 4094 1716797 1
4545 4030 1716807 1
4700 3990 1716817 1
4900 4006 1716827 1
5171 4088 1716837 1
5475 4215 1716847 1
5802 4335 1716857 1
6062 4432 1716867 1
6280 4515 1716877 1
6471 4561 1716887 1
6600 4584 1716897 1
6693 4591 1716907 1
6762 4576 1716917 1
6821 4531 1716927 1
6866 4465 1716937 1
6901 4363 1716947 1
6935 4259 1716957 1
6995 4190 1716967 1
7073 4145 1716977 1
7192 4140 1716987 1
7378 4206 1716997 1
7609 4320 1717007 1
7873 4434 1717017 1
8124 4512 1717027 1
8366 4567 1717037 1
8584 4581 1717047 1
8769 4565 1717057 1
8933 4529 1717067 1
9042 4489 1717077 1
9108 4448 1717087 1
9146 4405 1717097 1
9165 4357 1717107 1
9186 4304 1717117 1
9208 4254 1717127 1
9273 4225 1717137 1
9384 4210 1717147 1
9526 4236 1717157 1
9680 4287 1717167 1
9825 4354 1717177 1
9964 4401 1717187 1
10051 4421 1717197 1
10110 4421 1717207 1
10150 4403 1717217 1
10197 4365 1717227 1
10249 4314 1717237 1
10346 4275 1717247 1
10470 4275 1717257 1
10633 4304 1717267 1
10823 4372 1717277 1
11030 4446 1717287 1
11205 4523 1717297 1
11311 4566 1717307 1
11370 4580 1717317 1
11370 4575 1717327 1
11360 4567 1717337 1
11334 4548 1717347 1
11323 4523 1717357 1
11315 4510 1717367 1
11315 4497 1717377 1
11315 4488 1717387 1
11299 4481 1717397 1
11280 4461 1717407 1
11237 4424 1717417 1
11173 4376 1717427 1
11095 4302 1717437 1
10993 4189 1717447 1
10864 4050 1717457 1
10717 3858 1717467 1
10523 3587 1717477 1
10271 3264 1717487 1
9980 2881 1717497 1
9650 2497 1717507 1
9328 2148 1717517 1
9010 1824 1717527 1
8703 1582 1717537 1
8410 1431 1717547 1
8125 1342 1717557 1
7814 1342 1717567 1
7432 1416 1717577 1
7003 1541 1717587 1
6533 1749 1717597 1
6050 1976 1717607 1
5559 2215 1717617 1
4996 2408 1717627 1
4475 2536 1717637 1
3982 2620 1717647 1
3634 2665 1717657 1
3396 2680 1717667 1
3232 2674 1717677 1
3252 2686 1717687 1
3478 2753 1717697 1
3840 2857 1717707 1
4375 2971 1717717 1
5113 3069 1717727 1
5985 3157 1717737 1
6906 3201 1717747 1
7805 3187 1717757 1
8689 3135 1717767 1
9472 3085 1717777 1
10156 3054 1717787 1
10773 3035 1717797 1
11312 3007 1717807 1
11709 2955 1717817 1
12012 2886 1717827 1
