446
2330 5500 820920 0
2330 5500 820930 1
2330 5500 820940 1
2330 5500 820950 1
2357 5596 820960 1
2374 5637 820970 1
2391 5681 820980 1
2406 5721 820990 1
2426 5756 821000 1
2448 5803 821010 1
2473 5857 821020 1
2505 5923 821030 1
2543 5987 821040 1
2587 6050 821050 1
2638 6102 821060 1
2677 6140 821070 1
2709 6170 821080 1
2742 6193 821090 1
2776 6211 821100 1
2813 6228 821110 1
2851 6246 821120 1
2889 6261 821130 1
2929 6271 821140 1
2974 6271 821150 1
3023 6260 821160 1
3076 6237 821170 1
3133 6198 821180 1
3190 6140 821190 1
3242 6069 821200 1
3290 5976 821210 1
3332 5861 821220 1
3368 5731 821230 1
3400 5592 821240 1
3432 5448 821250 1
3462 5295 821260 1
3493 5148 821270 1
3524 5007 821280 1
3556 4850 821290 1
3583 4688 821300 1
3606 4519 821310 1
3629 4333 821320 1
3654 4135 821330 1
3681 4000 821340 1
3688 3898 821350 1
3701 3817 821360 1
3719 3752 821370 1
3730 3702 821380 1
3742 3662 821390 1
3748 3638 821400 1
3748 3619 821410 1
3754 3611 821420 1
3754 3611 821430 1
3754 3611 821440 1
4571 5767 823754 0
4615 5559 823764 1
4644 5444 823774 1
4675 5315 823784 1
4718 5178 823794 1
4769 5062 823804 1
4812 4954 823814 1
4853 4852 823824 1
4870 4733 823834 1
4870 4594 823844 1
4930 4441 823854 1
4977 4329 823864 1
5015 4202 823874 1
5035 4066 823884 1
5057 3945 823894 1
5082 3890 823904 1
5102 3880 823914 1
5111 3855 823924 1
5116 3837 823934 1
5116 3828 823944 1
5124 3822 823954 1
5124 3822 823964 1
5129 3817 823974 1
5129 3822 823984 1
5129 3828 823994 1
5124 3853 824004 1
5115 3890 824014 1
5101 3940 824024 1
5079 3992 824034 1
5051 4051 824044 1
5020 4117 824054 1
4988 4190 824064 1
4956 4276 824074 1
4919 4371 824084 1
4878 4478 824094 1
4827 4589 824104 1
4768 4707 824114 1
4703 4799 824124 1
4639 4875 824134 1
4576 4927 824144 1
4513 4964 824154 1
4454 4991 824164 1
4396 5010 824174 1
4337 5028 824184 1
4274 5048 824194 1
4207 5070 824204 1
4125 5092 824214 1
4045 5109 824224 1
3966 5117 824234 1
3900 5117 824244 1
3836 5117 824254 1
3773 5110 824264 1
3698 5103 824274 1
3625 5096 824284 1
3552 5088 824294 1
3478 5080 824304 1
3412 5069 824314 1
3350 5054 824324 1
3289 5030 824334 1
3231 4995 824344 1
3175 4953 824354 1
3119 4908 824364 1
3065 4863 824374 1
3013 4818 824384 1
2970 4770 824394 1
2933 4716 824404 1
2902 4656 824414 1
2876 4590 824424 1
2857 4522 824434 1
2844 4451 824444 1
2838 4384 824454 1
2838 4321 824464 1
2838 4258 824474 1
2848 4200 824484 1
2860 4146 824494 1
2874 4096 824504 1
2894 4036 824514 1
2920 3976 824524 1
2952 3914 824534 1
2988 3873 824544 1
3031 3846 824554 1
3080 3831 824564 1
3131 3831 824574 1
3184 3831 824584 1
3234 3844 824594 1
3287 3856 824604 1
3343 3869 824614 1
3399 3881 824624 1
3453 3893 824634 1
3505 3905 824644 1
3558 3920 824654 1
3617 3939 824664 1
3680 3958 824674 1
3736 3970 824684 1
3796 3977 824694 1
3863 3987 824704 1
3933 3999 824714 1
4006 4012 824724 1
4085 4024 824734 1
4168 4035 824744 1
4249 4050 824754 1
4329 4069 824764 1
4423 4090 824774 1
4519 4115 824784 1
4620 4148 824794 1
4730 4185 824804 1
4818 4218 824814 1
4890 4247 824824 1
4973 4317 824834 1
5060 4387 824844 1
5154 4455 824854 1
5254 4515 824864 1
5340 4574 824874 1
5417 4633 824884 1
5486 4705 824894 1
5556 4785 824904 1
5627 4873 824914 1
5697 4956 824924 1
5765 5024 824934 1
5809 5083 824944 1
5842 5139 824954 1
5868 5190 824964 1
5880 5236 824974 1
5880 5282 824984 1
5880 5333 824994 1
5867 5387 825004 1
5853 5447 825014 1
5832 5507 825024 1
5805 5566 825034 1
5775 5622 825044 1
5744 5654 825054 1
5712 5671 825064 1
5670 5671 825074 1
5627 5657 825084 1
5574 5628 825094 1
5515 5592 825104 1
5461 5557 825114 1
5412 5523 825124 1
5374 5491 825134 1
5348 5448 825144 1
5329 5387 825154 1
5310 5313 825164 1
5289 5217 825174 1
5267 5119 825184 1
5250 5020 825194 1
5239 4936 825204 1
5246 4863 825214 1
5264 4794 825224 1
5301 4724 825234 1
5343 4672 825244 1
5393 4631 825254 1
5447 4607 825264 1
5500 4594 825274 1
5551 4588 825284 1
5602 4588 825294 1
5653 4595 825304 1
5716 4605 825314 1
5782 4630 825324 1
5840 4655 825334 1
5890 4695 825344 1
5945 4746 825354 1
5997 4809 825364 1
6048 4859 825374 1
6100 4901 825384 1
6150 4942 825394 1
6203 4983 825404 1
6262 5022 825414 1
6320 5067 825424 1
6377 5116 825434 1
6434 5172 825444 1
6491 5242 825454 1
6549 5321 825464 1
6606 5402 825474 1
6662 5479 825484 1
6715 5532 825494 1
6771 5572 825504 1
6828 5609 825514 1
6887 5651 825524 1
6945 5700 825534 1
7003 5752 825544 1
7068 5809 825554 1
7141 5870 825564 1
7222 5933 825574 1
7308 5974 825584 1
7392 6012 825594 1
7471 6042 825604 1
7547 6066 825614 1
7627 6084 825624 1
7706 6099 825634 1
7788 6108 825644 1
7876 6108 825654 1
7946 6108 825664 1
8004 6085 825674 1
8052 6050 825684 1
8096 5995 825694 1
8137 5924 825704 1
8178 5843 825714 1
8221 5760 825724 1
8266 5679 825734 1
8311 5600 825744 1
8349 5511 825754 1
8383 5428 825764 1
8418 5348 825774 1
8454 5290 825784 1
8496 5249 825794 1
8544 5219 825804 1
8595 5205 825814 1
8651 5198 825824 1
8711 5198 825834 1
8772 5198 825844 1
8834 5215 825854 1
8899 5234 825864 1
8953 5267 825874 1
8997 5315 825884 1
9046 5373 825894 1
9095 5449 825904 1
9145 5524 825914 1
9194 5598 825924 1
9243 5661 825934 1
9291 5721 825944 1
9347 5776 825954 1
9403 5829 825964 1
9460 5879 825974 1
9519 5927 825984 1
9575 5973 825994 1
9630 6003 826004 1
9681 6023 826014 1
9727 6032 826024 1
9770 6037 826034 1
9812 6037 826044 1
9844 6028 826054 1
9869 6014 826064 1
9884 5995 826074 1
9884 5970 826084 1
9884 5936 826094 1
9870 5885 826104 1
9859 5823 826114 1
9849 5765 826124 1
9849 5716 826134 1
9867 5672 826144 1
9891 5630 826154 1
9937 5596 826164 1
9980 5568 826174 1
10020 5544 826184 1
10077 5516 826194 1
10149 5522 826204 1
10231 5552 826214 1
10317 5578 826224 1
10405 5604 826234 1
10494 5630 826244 1
10574 5651 826254 1
10649 5673 826264 1
10729 5695 826274 1
10813 5723 826284 1
10903 5755 826294 1
11002 5800 826304 1
11099 5849 826314 1
11195 5902 826324 1
11296 5951 826334 1
11397 5998 826344 1
11496 6038 826354 1
11594 6065 826364 1
11665 6085 826374 1
11729 6085 826384 1
11789 6077 826394 1
11845 6051 826404 1
11897 6020 826414 1
11947 5977 826424 1
11992 5927 826434 1
12033 5866 826444 1
12071 5796 826454 1
12100 5720 826464 1
12122 5638 826474 1
12139 5547 826484 1
12148 5437 826494 1
12148 5315 826504 1
12148 5193 826514 1
12137 5070 826524 1
12122 4950 826534 1
12104 4831 826544 1
12072 4698 826554 1
12028 4563 826564 1
11975 4403 826574 1
11916 4226 826584 1
11857 4070 826594 1
11798 3933 826604 1
11736 3809 826614 1
11672 3690 826624 1
11601 3588 826634 1
11501 3497 826644 1
11382 3404 826654 1
11254 3310 826664 1
11116 3213 826674 1
10971 3113 826684 1
10812 3019 826694 1
10657 2930 826704 1
10495 2848 826714 1
10327 2767 826724 1
10165 2687 826734 1
10007 2618 826744 1
9825 2557 826754 1
9626 2496 826764 1
9432 2435 826774 1
9226 2375 826784 1
9013 2312 826794 1
8802 2248 826804 1
8570 2184 826814 1
8323 2128 826824 1
8082 2077 826834 1
7843 2032 826844 1
7590 1986 826854 1
7325 1940 826864 1
7046 1894 826874 1
6765 1846 826884 1
6483 1798 826894 1
6186 1755 826904 1
5906 1717 826914 1
5637 1686 826924 1
5331 1660 826934 1
5030 1638 826944 1
4742 1629 826954 1
4461 1629 826964 1
4182 1644 826974 1
3905 1644 826984 1
3629 1638 826994 1
3345 1620 827004 1
3093 1608 827014 1
2861 1608 827024 1
2658 1608 827034 1
2456 1632 827044 1
2281 1664 827054 1
2122 1704 827064 1
1955 1750 827074 1
1821 1794 827084 1
1708 1830 827094 1
1595 1858 827104 1
1524 1887 827114 1
1482 1918 827124 1
1460 1949 827134 1
1460 1986 827144 1
1480 2027 827154 1
1517 2080 827164 1
1574 2133 827174 1
1645 2194 827184 1
1737 2262 827194 1
1849 2318 827204 1
1974 2373 827214 1
2137 2423 827224 1
2305 2465 827234 1
2506 2511 827244 1
2727 2562 827254 1
2933 2612 827264 1
3175 2671 827274 1
3442 2735 827284 1
3729 2798 827294 1
4014 2861 827304 1
4298 2920 827314 1
4604 2977 827324 1
4931 3035 827334 1
5273 3109 827344 1
5617 3190 827354 1
5962 3277 827364 1
6308 3345 827374 1
6641 3396 827384 1
6965 3437 827394 1
7284 3466 827404 1
7604 3493 827414 1
7925 3517 827424 1
8210 3545 827434 1
8513 3576 827444 1
8829 3605 827454 1
9124 3629 827464 1
9425 3644 827474 1
9737 3653 827484 1
10053 3663 827494 1
10332 3676 827504 1
10644 3688 827514 1
10979 3701 827524 1
11313 3713 827534 1
11644 3723 827544 1
11929 3731 827554 1
12185 3738 827564 1
12527 3743 827574 1
12677 3743 827584 1
12699 3724 827594 1
12699 3696 827604 1
12699 3676 827614 1
12699 3663 827624 1
12699 3656 827634 1
12699 3635 827644 1
12699 3617 827654 1
12699 3599 827664 1
12699 3575 827674 1
