167
1520 6688 1450535 0
1469 6569 1450545 1
1427 6526 1450555 1
1373 6513 1450565 1
1321 6472 1450575 1
1292 6459 1450585 1
1278 6466 1450595 1
1283 6466 1450605 1
1294 6508 1450615 1
1358 6568 1450625 1
1454 6657 1450635 1
1590 6749 1450645 1
1733 6844 1450655 1
1880 6953 1450665 1
2007 7037 1450675 1
2103 7104 1450685 1
2178 7118 1450695 1
2211 7066 1450705 1
2219 6970 1450715 1
2211 6726 1450725 1
2185 6369 1450735 1
2158 5937 1450745 1
2131 5460 1450755 1
2072 5053 1450765 1
1992 4693 1450775 1
1924 4481 1450785 1
1879 4318 1450795 1
1849 4187 1450805 1
1840 4136 1450815 1
1851 4123 1450825 1
1874 4136 1450835 1
1940 4136 1450845 1
4407 6981 1451026 0
4401 6899 1451036 1
4348 6853 1451046 1
4343 6664 1451056 1
4368 6379 1451066 1
4307 5990 1451076 1
4278 5586 1451086 1
4269 5172 1451096 1
4275 4849 1451106 1
4286 4590 1451116 1
4303 4374 1451126 1
4321 4199 1451136 1
4339 4070 1451146 1
4339 3972 1451156 1
4334 3910 1451166 1
4319 3897 1451176 1
4273 3918 1451186 1
4205 4018 1451196 1
4103 4210 1451206 1
3977 4464 1451216 1
3836 4728 1451226 1
3656 4947 1451236 1
3437 5135 1451246 1
3192 5266 1451256 1
2903 5352 1451266 1
2593 5408 1451276 1
2268 5414 1451286 1
1932 5365 1451296 1
1672 5279 1451306 1
1463 5210 1451316 1
1369 5115 1451326 1
1360 5002 1451336 1
1407 4847 1451346 1
1562 4702 1451356 1
1828 4565 1451366 1
2168 4489 1451376 1
2590 4449 1451386 1
3052 4434 1451396 1
3541 4485 1451406 1
4021 4570 1451416 1
4461 4678 1451426 1
4875 4782 1451436 1
5186 4864 1451446 1
5438 4932 1451456 1
5651 4993 1451466 1
5776 5042 1451476 1
5830 5084 1451486 1
5837 5105 1451496 1
5788 5123 1451506 1
5691 5099 1451516 1
5562 5048 1451526 1
5423 4920 1451536 1
5287 4760 1451546 1
5219 4579 1451556 1
5194 4430 1451566 1
5255 4318 1451576 1
5388 4230 1451586 1
5568 4186 1451596 1
5793 4175 1451606 1
6006 4186 1451616 1
6210 4217 1451626 1
6400 4217 1451636 1
6569 4201 1451646 1
6725 4201 1451656 1
6872 4234 1451666 1
7021 4288 1451676 1
7189 4404 1451686 1
7369 4523 1451696 1
7537 4643 1451706 1
7686 4703 1451716 1
7821 4703 1451726 1
7936 4672 1451736 1
8036 4608 1451746 1
8127 4532 1451756 1
8224 4447 1451766 1
8350 4413 1451776 1
8495 4403 1451786 1
8636 4410 1451796 1
8777 4436 1451806 1
8923 4462 1451816 1
9072 4448 1451826 1
9214 4409 1451836 1
9357 4292 1451846 1
9501 4167 1451856 1
9646 4037 1451866 1
9793 3978 1451876 1
9946 3965 1451886 1
10082 3984 1451896 1
10207 4065 1451906 1
10329 4157 1451916 1
10432 4256 1451926 1
10521 4321 1451936 1
10608 4362 1451946 1
10692 4388 1451956 1
10775 4363 1451966 1
10847 4274 1451976 1
10888 4142 1451986 1
10907 3954 1451996 1
10862 3714 1452006 1
10755 3440 1452016 1
10607 3117 1452026 1
10384 2788 1452036 1
10121 2449 1452046 1
9831 2142 1452056 1
9476 1856 1452066 1
9076 1559 1452076 1
8647 1335 1452086 1
8155 1159 1452096 1
7603 1092 1452106 1
7010 1127 1452116 1
6391 1230 1452126 1
5752 1372 1452136 1
5100 1500 1452146 1
4506 1620 1452156 1
3955 1715 1452166 1
3433 1806 1452176 1
2999 1895 1452186 1
2652 1970 1452196 1
2364 2040 1452206 1
2199 2077 1452216 1
2180 2093 1452226 1
2257 2138 1452236 1
2567 2220 1452246 1
3090 2327 1452256 1
3754 2413 1452266 1
4533 2485 1452276 1
5397 2547 1452286 1
6318 2617 1452296 1
7313 2714 1452306 1
8303 2830 1452316 1
9290 2937 1452326 1
10150 2979 1452336 1
10830 2979 1452346 1
11391 2947 1452356 1
11721 2898 1452366 1
