218
1543 6442 1729456 0
1543 6442 1729466 1
1543 6442 1729476 1
1543 6442 1729486 1
1543 6442 1729496 1
1543 6442 1729506 1
1543 6442 1729516 1
1543 6442 1729526 1
1543 6442 1729536 1
1577 6548 1729546 1
1650 6638 1729556 1
1773 6747 1729566 1
1924 6870 1729576 1
2094 6985 1729586 1
2233 7031 1729596 1
2336 7031 1729606 1
2416 6942 1729616 1
2455 6705 1729626 1
2455 6369 1729636 1
2427 5861 1729646 1
2396 5340 1729656 1
2341 4811 1729666 1
2269 4431 1729676 1
2177 4122 1729686 1
2073 3860 1729696 1
1961 3643 1729706 1
1873 3514 1729716 1
1826 3444 1729726 1
1806 3438 1729736 1
1806 3459 1729746 1
1858 3497 1729756 1
1936 3614 1729766 1
3805 6776 1730037 0
3805 6776 1730047 1
3765 6846 1730057 1
3752 6878 1730067 1
3752 6863 1730077 1
3759 6843 1730087 1
3764 6813 1730097 1
3764 6776 1730107 1
3764 6708 1730117 1
3757 6619 1730127 1
3740 6407 1730137 1
3711 6046 1730147 1
3675 5586 1730157 1
3666 5078 1730167 1
3666 4651 1730177 1
3678 4279 1730187 1
3706 4104 1730197 1
3738 3976 1730207 1
3767 3879 1730217 1
3793 3816 1730227 1
3806 3790 1730237 1
3811 3790 1730247 1
3811 3790 1730257 1
3802 3842 1730267 1
3780 3923 1730277 1
3748 4101 1730287 1
3689 4317 1730297 1
3596 4558 1730307 1
3481 4800 1730317 1
3317 5028 1730327 1
3101 5246 1730337 1
2850 5396 1730347 1
2589 5477 1730357 1
2304 5513 1730367 1
2003 5505 1730377 1
1770 5471 1730387 1
1588 5421 1730397 1
1440 5376 1730407 1
1391 5326 1730417 1
1408 5221 1730427 1
1468 5082 1730437 1
1603 4899 1730447 1
1807 4722 1730457 1
2056 4550 1730467 1
2358 4462 1730477 1
2693 4428 1730487 1
3051 4428 1730497 1
3434 4441 1730507 1
3821 4435 1730517 1
4169 4407 1730527 1
4488 4371 1730537 1
4827 4384 1730547 1
5120 4440 1730557 1
5381 4524 1730567 1
5610 4619 1730577 1
5794 4723 1730587 1
5947 4833 1730597 1
6026 4941 1730607 1
6050 5023 1730617 1
6036 5089 1730627 1
5975 5156 1730637 1
5873 5192 1730647 1
5744 5208 1730657 1
5576 5180 1730667 1
5410 5116 1730677 1
5245 5029 1730687 1
5090 4903 1730697 1
4941 4759 1730707 1
4829 4602 1730717 1
4723 4437 1730727 1
4661 4267 1730737 1
4625 4094 1730747 1
4665 3996 1730757 1
4767 3929 1730767 1
4909 3883 1730777 1
5091 3883 1730787 1
5326 3939 1730797 1
5596 4038 1730807 1
5881 4139 1730817 1
6129 4239 1730827 1
6351 4341 1730837 1
6566 4444 1730847 1
6765 4540 1730857 1
6954 4635 1730867 1
7103 4711 1730877 1
7219 4775 1730887 1
7313 4807 1730897 1
7332 4807 1730907 1
7315 4782 1730917 1
7274 4719 1730927 1
7237 4640 1730937 1
7221 4550 1730947 1
7221 4456 1730957 1
7260 4368 1730967 1
7342 4313 1730977 1
7451 4278 1730987 1
7589 4289 1730997 1
7758 4318 1731007 1
7947 4360 1731017 1
8130 4406 1731027 1
8336 4468 1731037 1
8558 4540 1731047 1
8746 4605 1731057 1
8893 4666 1731067 1
9012 4690 1731077 1
9049 4690 1731087 1
9049 4665 1731097 1
9027 4604 1731107 1
9004 4521 1731117 1
8984 4442 1731127 1
8984 4380 1731137 1
8996 4330 1731147 1
9031 4305 1731157 1
9086 4305 1731167 1
9153 4313 1731177 1
9235 4346 1731187 1
9335 4380 1731197 1
9447 4414 1731207 1
9562 4438 1731217 1
9679 4461 1731227 1
9801 4493 1731237 1
9923 4532 1731247 1
10041 4570 1731257 1
10134 4603 1731267 1
10213 4629 1731277 1
10279 4636 1731287 1
10335 4636 1731297 1
10383 4626 1731307 1
10424 4620 1731317 1
10459 4614 1731327 1
10490 4607 1731337 1
10517 4607 1731347 1
10543 4607 1731357 1
10568 4612 1731367 1
10577 4612 1731377 1
10577 4612 1731387 1
10577 4612 1731397 1
10567 4612 1731407 1
10558 4612 1731417 1
10548 4612 1731427 1
10548 4612 1731437 1
10543 4612 1731447 1
10543 4612 1731457 1
10543 4612 1731467 1
10537 4612 1731477 1
10526 4602 1731487 1
10484 4552 1731497 1
10409 4475 1731507 1
10313 4349 1731517 1
10181 4148 1731527 1
9990 3896 1731537 1
9759 3553 1731547 1
9480 3206 1731557 1
9175 2852 1731567 1
8852 2494 1731577 1
8511 2205 1731587 1
8165 1986 1731597 1
7815 1813 1731607 1
7416 1705 1731617 1
6993 1645 1731627 1
6554 1616 1731637 1
6091 1631 1731647 1
5620 1680 1731657 1
5143 1751 1731667 1
4691 1835 1731677 1
4242 1922 1731687 1
3885 2011 1731697 1
3589 2098 1731707 1
3389 2184 1731717 1
3332 2270 1731727 1
3369 2338 1731737 1
3562 2456 1731747 1
3930 2607 1731757 1
4415 2767 1731767 1
5054 2935 1731777 1
5844 3109 1731787 1
6734 3265 1731797 1
7663 3341 1731807 1
8526 3365 1731817 1
9344 3268 1731827 1
9998 3139 1731837 1
10461 2989 1731847 1
10796 2845 1731857 1
11048 2728 1731867 1
11208 2629 1731877 1
11306 2585 1731887 1
