171
1285 6444 951618 0
1285 6444 951628 1
1220 6463 951638 1
1181 6494 951648 1
1191 6502 951658 1
1256 6548 951668 1
1357 6620 951678 1
1489 6671 951688 1
1642 6699 951698 1
1808 6713 951708 1
1920 6682 951718 1
1992 6609 951728 1
2038 6508 951738 1
2038 6294 951748 1
2015 5975 951758 1
1980 5586 951768 1
1957 5152 951778 1
1932 4786 951788 1
1904 4466 951798 1
1880 4202 951808 1
1862 3995 951818 1
1862 3825 951828 1
1884 3665 951838 1
1921 3580 951848 1
1963 3544 951858 1
3594 6293 952018 0
3808 6145 952028 1
3798 6119 952038 1
3788 6129 952048 1
3801 5989 952058 1
3830 5761 952068 1
3875 5474 952078 1
3921 5135 952088 1
3976 4798 952098 1
4037 4463 952108 1
4053 4162 952118 1
4047 3967 952128 1
4027 3843 952138 1
4006 3772 952148 1
3987 3746 952158 1
3974 3746 952168 1
3960 3790 952178 1
3931 3870 952188 1
3893 3975 952198 1
3816 4079 952208 1
3666 4213 952218 1
3466 4368 952228 1
3211 4518 952238 1
2925 4678 952248 1
2618 4848 952258 1
2304 5022 952268 1
2009 5140 952278 1
1727 5140 952288 1
1538 5071 952298 1
1421 4972 952308 1
1353 4849 952318 1
1334 4710 952328 1
1371 4633 952338 1
1444 4578 952348 1
1633 4537 952358 1
1914 4456 952368 1
2255 4373 952378 1
2644 4290 952388 1
3038 4201 952398 1
3436 4154 952408 1
3831 4136 952418 1
4179 4183 952428 1
4496 4290 952438 1
4841 4436 952448 1
5128 4586 952458 1
5377 4732 952468 1
5563 4871 952478 1
5662 4979 952488 1
5703 5067 952498 1
5653 5133 952508 1
5534 5148 952518 1
5368 5130 952528 1
5153 5006 952538 1
4977 4825 952548 1
4828 4606 952558 1
4716 4435 952568 1
4667 4310 952578 1
4659 4217 952588 1
4739 4138 952598 1
4880 4057 952608 1
5061 4000 952618 1
5314 3960 952628 1
5569 3970 952638 1
5825 4022 952648 1
6045 4102 952658 1
6239 4211 952668 1
6437 4320 952678 1
6629 4429 952688 1
6816 4513 952698 1
7014 4572 952708 1
7214 4615 952718 1
7415 4626 952728 1
7589 4583 952738 1
7712 4504 952748 1
7801 4409 952758 1
7854 4331 952768 1
7899 4264 952778 1
7939 4251 952788 1
8004 4281 952798 1
8103 4339 952808 1
8225 4415 952818 1
8374 4471 952828 1
8524 4513 952838 1
8677 4536 952848 1
8855 4553 952858 1
9050 4560 952868 1
9253 4560 952878 1
9474 4567 952888 1
9706 4567 952898 1
9909 4567 952908 1
10072 4549 952918 1
10207 4514 952928 1
10304 4459 952938 1
10400 4419 952948 1
10495 4389 952958 1
10616 4404 952968 1
10758 4458 952978 1
10915 4537 952988 1
11061 4606 952998 1
11137 4633 953008 1
11166 4633 953018 1
11108 4514 953028 1
11006 4336 953038 1
10875 4117 953048 1
10773 3913 953058 1
10684 3662 953068 1
10603 3379 953078 1
10524 3022 953088 1
10415 2650 953098 1
10286 2268 953108 1
10114 1921 953118 1
9852 1639 953128 1
9529 1400 953138 1
9113 1247 953148 1
8636 1178 953158 1
8118 1165 953168 1
7553 1203 953178 1
6934 1262 953188 1
6280 1335 953198 1
5577 1407 953208 1
4819 1497 953218 1
4025 1599 953228 1
3292 1746 953238 1
2635 1926 953248 1
2028 2127 953258 1
1615 2297 953268 1
1356 2407 953278 1
1200 2476 953288 1
1191 2567 953298 1
1331 2683 953308 1
1570 2815 953318 1
1981 2930 953328 1
2511 3045 953338 1
3120 3127 953348 1
3830 3188 953358 1
4540 3242 953368 1
5325 3295 953378 1
6159 3358 953388 1
7028 3428 953398 1
7943 3523 953408 1
8888 3613 953418 1
9773 3701 953428 1
10521 3742 953438 1
11177 3736 953448 1
11566 3698 953458 1
11707 3594 953468 1
