202
1437 6794 1720523 0
1437 6794 1720533 1
1437 6794 1720543 1
1437 6794 1720553 1
1437 6794 1720563 1
1369 6791 1720573 1
1360 6791 1720583 1
1353 6797 1720593 1
1353 6806 1720603 1
1353 6829 1720613 1
1380 6861 1720623 1
1423 6922 1720633 1
1494 6992 1720643 1
1588 7068 1720653 1
1697 7114 1720663 1
1789 7103 1720673 1
1860 7053 1720683 1
1916 6889 1720693 1
1924 6609 1720703 1
1893 6251 1720713 1
1835 5860 1720723 1
1757 5516 1720733 1
1653 5203 1720743 1
1531 4930 1720753 1
1403 4685 1720763 1
1278 4458 1720773 1
1181 4307 1720783 1
1101 4247 1720793 1
1106 4247 1720803 1
1162 4316 1720813 1
1252 4459 1720823 1
3135 7093 1721074 0
3203 7088 1721084 1
3082 7127 1721094 1
3036 7195 1721104 1
3036 7195 1721114 1
3041 7186 1721124 1
3041 7131 1721134 1
3025 7044 1721144 1
2997 6819 1721154 1
2960 6545 1721164 1
2923 6238 1721174 1
2889 5829 1721184 1
2873 5387 1721194 1
2873 4923 1721204 1
2873 4503 1721214 1
2873 4213 1721224 1
2873 4009 1721234 1
2882 3907 1721244 1
2893 3865 1721254 1
2906 3865 1721264 1
2917 3873 1721274 1
2917 3954 1721284 1
2922 4083 1721294 1
2917 4308 1721304 1
2898 4572 1721314 1
2869 4863 1721324 1
2803 5182 1721334 1
2682 5475 1721344 1
2525 5751 1721354 1
2327 5927 1721364 1
2093 6019 1721374 1
1835 6055 1721384 1
1612 6046 1721394 1
1414 5990 1721404 1
1233 5903 1721414 1
1033 5814 1721424 1
912 5722 1721434 1
843 5649 1721444 1
843 5590 1721454 1
970 5470 1721464 1
1175 5304 1721474 1
1385 5107 1721484 1
1664 4900 1721494 1
1990 4730 1721504 1
2358 4586 1721514 1
2730 4475 1721524 1
3072 4389 1721534 1
3392 4321 1721544 1
3732 4294 1721554 1
4037 4311 1721564 1
4319 4357 1721574 1
4592 4440 1721584 1
4825 4538 1721594 1
5031 4646 1721604 1
5189 4756 1721614 1
5302 4878 1721624 1
5384 5008 1721634 1
5429 5136 1721644 1
5429 5256 1721654 1
5403 5372 1721664 1
5312 5417 1721674 1
5163 5403 1721684 1
4976 5349 1721694 1
4774 5253 1721704 1
4575 5151 1721714 1
4378 5039 1721724 1
4237 4920 1721734 1
4134 4768 1721744 1
4056 4594 1721754 1
4039 4362 1721764 1
4063 4136 1721774 1
4114 3915 1721784 1
4209 3818 1721794 1
4334 3768 1721804 1
4479 3750 1721814 1
4675 3819 1721824 1
4931 3958 1721834 1
5226 4144 1721844 1
5558 4337 1721854 1
5874 4510 1721864 1
6179 4620 1721874 1
6447 4695 1721884 1
6667 4743 1721894 1
6854 4764 1721904 1
6998 4764 1721914 1
7106 4747 1721924 1
7189 4708 1721934 1
7244 4657 1721944 1
7269 4585 1721954 1
7274 4495 1721964 1
7282 4393 1721974 1
7317 4298 1721984 1
7370 4243 1721994 1
7477 4215 1722004 1
7636 4266 1722014 1
7830 4349 1722024 1
8026 4454 1722034 1
8202 4513 1722044 1
8364 4542 1722054 1
8497 4550 1722064 1
8612 4550 1722074 1
8715 4555 1722084 1
8823 4562 1722094 1
8925 4579 1722104 1
9023 4606 1722114 1
9115 4641 1722124 1
9197 4669 1722134 1
9272 4692 1722144 1
9343 4692 1722154 1
9417 4686 1722164 1
9499 4676 1722174 1
9591 4676 1722184 1
9690 4683 1722194 1
9794 4705 1722204 1
9879 4726 1722214 1
9953 4746 1722224 1
9976 4746 1722234 1
9976 4746 1722244 1
9965 4741 1722254 1
9945 4726 1722264 1
9925 4702 1722274 1
9909 4672 1722284 1
9897 4657 1722294 1
9890 4648 1722304 1
9883 4642 1722314 1
9873 4635 1722324 1
9854 4624 1722334 1
9831 4606 1722344 1
9813 4579 1722354 1
9799 4548 1722364 1
9792 4514 1722374 1
9792 4483 1722384 1
9792 4453 1722394 1
9780 4426 1722404 1
9757 4351 1722414 1
9689 4245 1722424 1
9570 4039 1722434 1
9418 3768 1722444 1
9239 3454 1722454 1
9064 3137 1722464 1
8892 2841 1722474 1
8680 2580 1722484 1
8423 2337 1722494 1
8137 2119 1722504 1
7802 1926 1722514 1
7407 1749 1722524 1
6973 1594 1722534 1
6534 1496 1722544 1
6102 1435 1722554 1
5675 1446 1722564 1
5217 1512 1722574 1
4765 1616 1722584 1
4316 1768 1722594 1
3877 1905 1722604 1
3517 2033 1722614 1
3209 2108 1722624 1
3026 2157 1722634 1
3020 2190 1722644 1
3133 2279 1722654 1
3473 2443 1722664 1
4064 2656 1722674 1
4821 2881 1722684 1
5715 3078 1722694 1
6647 3144 1722704 1
7603 3132 1722714 1
8464 3031 1722724 1
9232 2930 1722734 1
9937 2830 1722744 1
10631 2788 1722754 1
11345 2783 1722764 1
12071 2783 1722774 1
