183
1641 6633 1460900 0
1641 6633 1460910 1
1588 6708 1460920 1
1566 6733 1460930 1
1545 6753 1460940 1
1526 6764 1460950 1
1500 6753 1460960 1
1470 6728 1460970 1
1444 6696 1460980 1
1422 6667 1460990 1
1406 6652 1461000 1
1397 6646 1461010 1
1397 6646 1461020 1
1397 6678 1461030 1
1447 6731 1461040 1
1522 6832 1461050 1
1647 6926 1461060 1
1777 7015 1461070 1
1905 7054 1461080 1
2030 7067 1461090 1
2158 7062 1461100 1
2258 7031 1461110 1
2338 6998 1461120 1
2394 6961 1461130 1
2423 6875 1461140 1
2434 6757 1461150 1
2406 6506 1461160 1
2361 6124 1461170 1
2304 5654 1461180 1
2239 5192 1461190 1
2166 4788 1461200 1
2087 4423 1461210 1
2032 4189 1461220 1
2012 4026 1461230 1
2012 3911 1461240 1
2050 3844 1461250 1
2104 3805 1461260 1
2172 3786 1461270 1
3338 6422 1461391 0
3711 6819 1461401 1
3785 6884 1461411 1
3822 6893 1461421 1
3835 6784 1461431 1
3848 6529 1461441 1
3848 6177 1461451 1
3848 5748 1461461 1
3884 5354 1461471 1
3924 4983 1461481 1
3964 4618 1461491 1
4006 4309 1461501 1
4048 4038 1461511 1
4090 3848 1461521 1
4117 3723 1461531 1
4135 3642 1461541 1
4135 3631 1461551 1
4120 3656 1461561 1
4093 3705 1461571 1
3999 3833 1461581 1
3861 3994 1461591 1
3694 4177 1461601 1
3473 4391 1461611 1
3220 4589 1461621 1
2946 4777 1461631 1
2673 4950 1461641 1
2387 5075 1461651 1
2091 5167 1461661 1
1821 5182 1461671 1
1622 5143 1461681 1
1469 5067 1461691 1
1407 4998 1461701 1
1434 4926 1461711 1
1521 4851 1461721 1
1728 4717 1461731 1
2024 4576 1461741 1
2378 4423 1461751 1
2816 4265 1461761 1
3284 4148 1461771 1
3773 4057 1461781 1
4231 4067 1461791 1
4643 4141 1461801 1
5025 4259 1461811 1
5364 4400 1461821 1
5644 4540 1461831 1
5884 4677 1461841 1
6036 4810 1461851 1
6122 4936 1461861 1
6165 5024 1461871 1
6137 5089 1461881 1
6052 5111 1461891 1
5928 5053 1461901 1
5758 4943 1461911 1
5594 4778 1461921 1
5434 4610 1461931 1
5345 4440 1461941 1
5314 4258 1461951 1
5322 4085 1461961 1
5390 3946 1461971 1
5507 3828 1461981 1
5656 3762 1461991 1
5850 3755 1462001 1
6045 3787 1462011 1
6240 3876 1462021 1
6438 3986 1462031 1
6615 4109 1462041 1
6778 4223 1462051 1
6943 4331 1462061 1
7092 4403 1462071 1
7230 4454 1462081 1
7376 4466 1462091 1
7501 4436 1462101 1
7611 4377 1462111 1
7709 4258 1462121 1
7778 4136 1462131 1
7828 4058 1462141 1
7876 4009 1462151 1
7929 4009 1462161 1
7991 4034 1462171 1
8074 4070 1462181 1
8170 4119 1462191 1
8293 4166 1462201 1
8430 4207 1462211 1
8576 4243 1462221 1
8720 4251 1462231 1
8868 4242 1462241 1
9022 4188 1462251 1
9171 4130 1462261 1
9311 4080 1462271 1
9447 4037 1462281 1
9587 4026 1462291 1
9724 4026 1462301 1
9860 4041 1462311 1
10025 4058 1462321 1
10196 4074 1462331 1
10371 4086 1462341 1
10561 4097 1462351 1
10739 4110 1462361 1
10880 4145 1462371 1
10999 4197 1462381 1
11083 4241 1462391 1
11121 4275 1462401 1
11127 4259 1462411 1
11110 4213 1462421 1
11071 4077 1462431 1
11017 3902 1462441 1
10933 3701 1462451 1
10822 3479 1462461 1
10692 3227 1462471 1
10504 2955 1462481 1
10238 2649 1462491 1
9921 2359 1462501 1
9531 2079 1462511 1
9075 1820 1462521 1
8576 1612 1462531 1
8022 1438 1462541 1
7439 1357 1462551 1
6837 1335 1462561 1
6232 1353 1462571 1
5611 1407 1462581 1
4980 1494 1462591 1
4339 1603 1462601 1
3682 1712 1462611 1
3013 1816 1462621 1
2395 1912 1462631 1
1844 1993 1462641 1
1338 2063 1462651 1
1039 2129 1462661 1
937 2198 1462671 1
965 2290 1462681 1
1213 2397 1462691 1
1688 2523 1462701 1
2315 2648 1462711 1
3075 2772 1462721 1
3906 2869 1462731 1
4784 2949 1462741 1
5687 3018 1462751 1
6608 3064 1462761 1
7540 3087 1462771 1
8431 3094 1462781 1
9219 3057 1462791 1
9938 3006 1462801 1
10533 2946 1462811 1
11015 2915 1462821 1
11421 2909 1462831 1
