213
1723 6671 1725040 0
1723 6671 1725050 1
1723 6671 1725060 1
1723 6671 1725070 1
1723 6671 1725080 1
1723 6671 1725090 1
1723 6671 1725100 1
1723 6671 1725110 1
1723 6671 1725120 1
1723 6671 1725130 1
1723 6671 1725140 1
1817 6768 1725150 1
1869 6816 1725160 1
1938 6876 1725170 1
2018 6939 1725180 1
2181 7005 1725190 1
2269 7036 1725200 1
2308 7019 1725210 1
2379 6971 1725220 1
2411 6803 1725230 1
2418 6515 1725240 1
2364 6148 1725250 1
2269 5724 1725260 1
2146 5343 1725270 1
1995 5072 1725280 1
1850 4860 1725290 1
1740 4721 1725300 1
1652 4650 1725310 1
1608 4624 1725320 1
1617 4641 1725330 1
1660 4717 1725340 1
1751 4833 1725350 1
3719 7074 1725611 0
3741 7165 1725621 1
3684 7231 1725631 1
3675 7241 1725641 1
3693 7214 1725651 1
3730 7147 1725661 1
3750 6981 1725671 1
3750 6749 1725681 1
3729 6425 1725691 1
3696 6036 1725701 1
3645 5603 1725711 1
3582 5169 1725721 1
3529 4783 1725731 1
3500 4429 1725741 1
3488 4206 1725751 1
3513 4080 1725761 1
3557 4020 1725771 1
3614 3987 1725781 1
3660 3987 1725791 1
3685 4014 1725801 1
3695 4069 1725811 1
3670 4184 1725821 1
3623 4340 1725831 1
3561 4544 1725841 1
3486 4795 1725851 1
3396 5078 1725861 1
3296 5390 1725871 1
3157 5656 1725881 1
2978 5892 1725891 1
2771 6014 1725901 1
2506 6026 1725911 1
2241 5966 1725921 1
1977 5850 1725931 1
1794 5753 1725941 1
1666 5668 1725951 1
1578 5622 1725961 1
1566 5579 1725971 1
1605 5537 1725981 1
1723 5433 1725991 1
1920 5279 1726001 1
2169 5092 1726011 1
2480 4894 1726021 1
2842 4707 1726031 1
3237 4527 1726041 1
3630 4436 1726051 1
4011 4406 1726061 1
4392 4416 1726071 1
4777 4464 1726081 1
5082 4531 1726091 1
5359 4612 1726101 1
5617 4715 1726111 1
5827 4834 1726121 1
5970 4964 1726131 1
6067 5095 1726141 1
6123 5221 1726151 1
6130 5335 1726161 1
6104 5441 1726171 1
6027 5503 1726181 1
5901 5536 1726191 1
5742 5517 1726201 1
5544 5448 1726211 1
5350 5345 1726221 1
5173 5200 1726231 1
5005 5037 1726241 1
4896 4861 1726251 1
4824 4682 1726261 1
4776 4505 1726271 1
4746 4370 1726281 1
4751 4264 1726291 1
4778 4199 1726301 1
4841 4162 1726311 1
4945 4144 1726321 1
5075 4177 1726331 1
5278 4255 1726341 1
5502 4364 1726351 1
5741 4463 1726361 1
5960 4542 1726371 1
6158 4608 1726381 1
6343 4659 1726391 1
6493 4711 1726401 1
6624 4762 1726411 1
6741 4824 1726421 1
6851 4894 1726431 1
6942 4948 1726441 1
7020 4969 1726451 1
7090 4969 1726461 1
7148 4924 1726471 1
7198 4828 1726481 1
7235 4698 1726491 1
7266 4569 1726501 1
7292 4461 1726511 1
7336 4367 1726521 1
7422 4322 1726531 1
7536 4343 1726541 1
7701 4407 1726551 1
7907 4512 1726561 1
8140 4627 1726571 1
8402 4750 1726581 1
8628 4833 1726591 1
8831 4868 1726601 1
8979 4868 1726611 1
9077 4843 1726621 1
9141 4789 1726631 1
9202 4718 1726641 1
9280 4653 1726651 1
9368 4605 1726661 1
9476 4569 1726671 1
9577 4564 1726681 1
9674 4569 1726691 1
9749 4580 1726701 1
9811 4571 1726711 1
9864 4557 1726721 1
9933 4538 1726731 1
10017 4519 1726741 1
10110 4519 1726751 1
10217 4528 1726761 1
10327 4556 1726771 1
10444 4587 1726781 1
10533 4621 1726791 1
10605 4644 1726801 1
10670 4663 1726811 1
10741 4676 1726821 1
10825 4689 1726831 1
10917 4700 1726841 1
10996 4708 1726851 1
11066 4708 1726861 1
11089 4708 1726871 1
11089 4698 1726881 1
11069 4669 1726891 1
11044 4625 1726901 1
11023 4586 1726911 1
11023 4557 1726921 1
11035 4535 1726931 1
11057 4515 1726941 1
11074 4504 1726951 1
11087 4504 1726961 1
11087 4504 1726971 1
11087 4504 1726981 1
11087 4504 1726991 1
11087 4504 1727001 1
11087 4504 1727011 1
11074 4479 1727021 1
11051 4445 1727031 1
11004 4371 1727041 1
10930 4256 1727051 1
10837 4114 1727061 1
10717 3933 1727071 1
10535 3676 1727081 1
10311 3369 1727091 1
10053 3005 1727101 1
9748 2639 1727111 1
9412 2317 1727121 1
9067 2026 1727131 1
8683 1821 1727141 1
8273 1666 1727151 1
7833 1544 1727161 1
7319 1474 1727171 1
6756 1434 1727181 1
6107 1413 1727191 1
5456 1425 1727201 1
4804 1469 1727211 1
4158 1534 1727221 1
3631 1653 1727231 1
3184 1827 1727241 1
2927 2037 1727251 1
2888 2266 1727261 1
2994 2494 1727271 1
3338 2724 1727281 1
3880 2955 1727291 1
4555 3089 1727301 1
5387 3145 1727311 1
6346 3145 1727321 1
7389 3090 1727331 1
8404 3035 1727341 1
9499 2981 1727351 1
10647 2951 1727361 1
11720 2899 1727371 1
12356 2741 1727381 1
12699 2521 1727391 1
12699 2367 1727401 1
12699 2238 1727411 1
