117
1529 6811 1064350 0
1529 6811 1064360 1
1529 6811 1064370 1
1529 6811 1064380 1
1529 6811 1064390 1
1529 6811 1064400 1
1529 6811 1064410 1
1535 6653 1064420 1
1519 6321 1064430 1
1511 5871 1064440 1
1521 5313 1064450 1
1541 4807 1064460 1
1534 4335 1064470 1
1507 3994 1064480 1
1466 3743 1064490 1
1454 3551 1064500 1
1454 3446 1064510 1
1465 3412 1064520 1
1472 3425 1064530 1
1488 3482 1064540 1
2775 6268 1064710 0
2905 6402 1064720 1
2874 6468 1064730 1
2906 6490 1064740 1
2979 6482 1064750 1
3079 6429 1064760 1
3213 6334 1064770 1
3350 6212 1064780 1
3437 6080 1064790 1
3488 5937 1064800 1
3463 5788 1064810 1
3368 5621 1064820 1
3227 5416 1064830 1
3000 5187 1064840 1
2742 4972 1064850 1
2464 4811 1064860 1
2230 4685 1064870 1
2024 4639 1064880 1
1836 4627 1064890 1
1695 4637 1064900 1
1598 4660 1064910 1
1531 4693 1064920 1
1516 4732 1064930 1
1535 4765 1064940 1
1576 4813 1064950 1
1658 4871 1064960 1
1769 4900 1064970 1
1898 4894 1064980 1
2057 4865 1064990 1
2232 4772 1065000 1
2418 4644 1065010 1
2599 4492 1065020 1
2780 4332 1065030 1
2959 4174 1065040 1
3136 4059 1065050 1
3339 3973 1065060 1
3575 3954 1065070 1
3834 3982 1065080 1
4101 4042 1065090 1
4374 4131 1065100 1
4592 4218 1065110 1
4771 4304 1065120 1
4888 4373 1065130 1
4955 4442 1065140 1
4988 4522 1065150 1
4979 4609 1065160 1
4935 4716 1065170 1
4868 4777 1065180 1
4794 4808 1065190 1
4702 4749 1065200 1
4598 4643 1065210 1
4530 4505 1065220 1
4488 4341 1065230 1
4464 4198 1065240 1
4485 4070 1065250 1
4556 3999 1065260 1
4660 3955 1065270 1
4826 3930 1065280 1
5017 3948 1065290 1
5224 3994 1065300 1
5462 4060 1065310 1
5671 4112 1065320 1
5861 4168 1065330 1
6037 4228 1065340 1
6234 4307 1065350 1
6445 4392 1065360 1
6648 4482 1065370 1
6837 4532 1065380 1
7016 4527 1065390 1
7160 4485 1065400 1
7280 4384 1065410 1
7384 4251 1065420 1
7482 4098 1065430 1
7564 3978 1065440 1
7636 3928 1065450 1
7737 3928 1065460 1
7866 3971 1065470 1
8013 4054 1065480 1
8181 4161 1065490 1
8363 4250 1065500 1
8553 4315 1065510 1
8743 4364 1065520 1
8941 4364 1065530 1
9144 4324 1065540 1
9337 4260 1065550 1
9516 4177 1065560 1
9686 4098 1065570 1
9817 4022 1065580 1
9911 3978 1065590 1
9980 3984 1065600 1
10034 4023 1065610 1
10096 4083 1065620 1
10164 4181 1065630 1
10272 4304 1065640 1
10437 4460 1065650 1
10641 4641 1065660 1
10901 4840 1065670 1
