120
1378 6728 1777555 0
1392 6806 1777565 1
1392 6856 1777575 1
1397 6877 1777585 1
1405 6868 1777595 1
1415 6840 1777605 1
1415 6743 1777615 1
1391 6491 1777625 1
1359 6136 1777635 1
1319 5685 1777645 1
1269 5234 1777655 1
1211 4853 1777665 1
1110 4519 1777675 1
994 4263 1777685 1
868 4062 1777695 1
791 3898 1777705 1
767 3808 1777715 1
779 3784 1777725 1
851 3803 1777735 1
2034 5656 1777826 0
2609 5921 1777836 1
2720 6026 1777846 1
2783 6080 1777856 1
2813 6099 1777866 1
2843 6076 1777876 1
2851 5991 1777886 1
2843 5865 1777896 1
2798 5653 1777906 1
2696 5399 1777916 1
2557 5117 1777926 1
2361 4878 1777936 1
2109 4665 1777946 1
1820 4470 1777956 1
1529 4298 1777966 1
1251 4179 1777976 1
974 4095 1777986 1
694 4080 1777996 1
491 4120 1778006 1
367 4197 1778016 1
295 4314 1778026 1
295 4426 1778036 1
356 4531 1778046 1
461 4593 1778056 1
651 4627 1778066 1
901 4572 1778076 1
1191 4457 1778086 1
1450 4302 1778096 1
1749 4132 1778106 1
2074 3981 1778116 1
2414 3843 1778126 1
2748 3769 1778136 1
3078 3747 1778146 1
3398 3761 1778156 1
3674 3829 1778166 1
3921 3932 1778176 1
4144 4058 1778186 1
4329 4204 1778196 1
4489 4357 1778206 1
4591 4515 1778216 1
4640 4644 1778226 1
4653 4741 1778236 1
4628 4816 1778246 1
4563 4826 1778256 1
4470 4773 1778266 1
4351 4678 1778276 1
4220 4562 1778286 1
4080 4409 1778296 1
3982 4231 1778306 1
3928 4062 1778316 1
3904 3907 1778326 1
3933 3761 1778336 1
4027 3653 1778346 1
4165 3597 1778356 1
4379 3577 1778366 1
4614 3600 1778376 1
4864 3657 1778386 1
5069 3736 1778396 1
5277 3812 1778406 1
5444 3889 1778416 1
5582 3978 1778426 1
5698 4076 1778436 1
5808 4177 1778446 1
5914 4264 1778456 1
6012 4342 1778466 1
6106 4337 1778476 1
6198 4245 1778486 1
6285 4095 1778496 1
6359 3934 1778506 1
6425 3790 1778516 1
6491 3724 1778526 1
6563 3704 1778536 1
6643 3751 1778546 1
6748 3844 1778556 1
6869 3967 1778566 1
6991 4077 1778576 1
7116 4149 1778586 1
7258 4195 1778596 1
7411 4162 1778606 1
7556 4111 1778616 1
7697 4049 1778626 1
7835 3997 1778636 1
7974 3956 1778646 1
8090 3923 1778656 1
8190 3909 1778666 1
8266 3895 1778676 1
8329 3881 1778686 1
8384 3847 1778696 1
8451 3785 1778706 1
8545 3705 1778716 1
8656 3625 1778726 1
8778 3611 1778736 1
8917 3641 1778746 1
9066 3761 1778756 1
9211 3928 1778766 1
9362 4126 1778776 1
9525 4336 1778786 1
9691 4499 1778796 1
9861 4630 1778806 1
10035 4667 1778816 1
10169 4678 1778826 1
