169
2696 6162 886214 0
2696 6162 886224 1
2696 6162 886234 1
2696 6162 886244 1
2707 6021 886254 1
2729 5868 886264 1
2759 5692 886274 1
2800 5500 886284 1
2847 5277 886294 1
2908 5013 886304 1
2978 4723 886314 1
3148 4389 886324 1
3231 4029 886334 1
3257 3651 886344 1
3345 3350 886354 1
3415 3112 886364 1
3472 2917 886374 1
3523 2790 886384 1
3570 2697 886394 1
3606 2626 886404 1
3637 2577 886414 1
3655 2562 886424 1
3676 2569 886434 1
3809 4775 886664 0
3809 4775 886674 1
3809 4775 886684 1
3809 4775 886694 1
3809 4775 886704 1
3872 4720 886714 1
3901 4733 886724 1
3947 4761 886734 1
4004 4822 886744 1
4092 4906 886754 1
4206 5009 886764 1
4338 5108 886774 1
4482 5218 886784 1
4629 5337 886794 1
4764 5416 886804 1
4890 5456 886814 1
4987 5470 886824 1
5077 5476 886834 1
5162 5476 886844 1
5243 5471 886854 1
5312 5456 886864 1
5373 5419 886874 1
5420 5368 886884 1
5445 5282 886894 1
5454 5166 886904 1
5439 5030 886914 1
5402 4897 886924 1
5349 4758 886934 1
5283 4627 886944 1
5202 4503 886954 1
5111 4368 886964 1
5010 4229 886974 1
4901 4088 886984 1
4786 3959 886994 1
4647 3826 887004 1
4507 3677 887014 1
4365 3519 887024 1
4106 3354 887034 1
3903 3189 887044 1
3736 3026 887054 1
3520 2892 887064 1
3319 2776 887074 1
3128 2652 887084 1
2927 2536 887094 1
2743 2463 887104 1
2581 2415 887114 1
2410 2408 887124 1
2279 2433 887134 1
2177 2479 887144 1
2099 2549 887154 1
2068 2621 887164 1
2068 2718 887174 1
2121 2833 887184 1
2211 2979 887194 1
2326 3138 887204 1
2479 3305 887214 1
2661 3442 887224 1
2861 3542 887234 1
3070 3618 887244 1
3279 3679 887254 1
3483 3726 887264 1
3684 3764 887274 1
3860 3772 887284 1
4066 3735 887294 1
4291 3667 887304 1
4521 3593 887314 1
4746 3526 887324 1
4968 3463 887334 1
5187 3440 887344 1
5378 3475 887354 1
5550 3548 887364 1
5713 3653 887374 1
5857 3783 887384 1
5989 3931 887394 1
6106 4068 887404 1
6199 4204 887414 1
6277 4345 887424 1
6315 4490 887434 1
6326 4627 887444 1
6319 4759 887454 1
6293 4841 887464 1
6254 4891 887474 1
6207 4882 887484 1
6157 4843 887494 1
6107 4785 887504 1
6056 4684 887514 1
5998 4538 887524 1
5936 4361 887534 1
5883 4179 887544 1
5857 4039 887554 1
5850 3928 887564 1
5870 3868 887574 1
5914 3826 887584 1
5974 3795 887594 1
6047 3789 887604 1
6167 3807 887614 1
6318 3842 887624 1
6326 3928 887634 1
6398 4049 887644 1
6513 4194 887654 1
6608 4373 887664 1
6707 4560 887674 1
6806 4753 887684 1
6903 4941 887694 1
6969 5051 887704 1
7031 5108 887714 1
7090 5136 887724 1
7160 5157 887734 1
7233 5167 887744 1
7310 5172 887754 1
7386 5148 887764 1
7450 5105 887774 1
7509 5027 887784 1
7561 4922 887794 1
7614 4800 887804 1
7669 4665 887814 1
7723 4535 887824 1
7778 4409 887834 1
7834 4314 887844 1
7855 4244 887854 1
7905 4192 887864 1
7973 4178 887874 1
8026 4191 887884 1
8084 4223 887894 1
8148 4282 887904 1
8218 4365 887914 1
8300 4465 887924 1
8391 4579 887934 1
8478 4695 887944 1
8554 4813 887954 1
8623 4892 887964 1
8685 4923 887974 1
8748 4923 887984 1
8815 4902 887994 1
8883 4815 888004 1
8939 4682 888014 1
8988 4540 888024 1
9062 4419 888034 1
9176 4312 888044 1
9316 4260 888054 1
9492 4260 888064 1
9675 4295 888074 1
9862 4379 888084 1
10079 4509 888094 1
10333 4670 888104 1
10611 4858 888114 1
