117
1888 7070 1826135 0
1888 7070 1826145 1
1937 7202 1826155 1
1912 7266 1826165 1
1891 7246 1826175 1
1853 7101 1826185 1
1802 6874 1826195 1
1750 6560 1826205 1
1697 6179 1826215 1
1644 5753 1826225 1
1568 5354 1826235 1
1478 4999 1826245 1
1374 4673 1826255 1
1273 4447 1826265 1
1174 4259 1826275 1
1103 4097 1826285 1
1093 4014 1826295 1
3061 5978 1826406 0
3816 6301 1826416 1
4006 6421 1826426 1
4110 6440 1826436 1
4205 6411 1826446 1
4231 6350 1826456 1
4210 6280 1826466 1
4105 6147 1826476 1
3920 5973 1826486 1
3681 5737 1826496 1
3355 5510 1826506 1
3001 5290 1826516 1
2627 5091 1826526 1
2259 4949 1826536 1
1899 4846 1826546 1
1608 4806 1826556 1
1360 4832 1826566 1
1152 4902 1826576 1
946 5009 1826586 1
829 5113 1826596 1
771 5214 1826606 1
787 5245 1826616 1
897 5276 1826626 1
1070 5269 1826636 1
1323 5236 1826646 1
1630 5142 1826656 1
1972 5031 1826666 1
2356 4910 1826676 1
2748 4786 1826686 1
3144 4661 1826696 1
3506 4558 1826706 1
3871 4470 1826716 1
4174 4391 1826726 1
4436 4351 1826736 1
4692 4336 1826746 1
4946 4369 1826756 1
5199 4426 1826766 1
5452 4500 1826776 1
5677 4579 1826786 1
5883 4677 1826796 1
6021 4788 1826806 1
6084 4912 1826816 1
6098 5031 1826826 1
6041 5117 1826836 1
5921 5183 1826846 1
5758 5163 1826856 1
5552 5079 1826866 1
5337 4953 1826876 1
5117 4794 1826886 1
4967 4634 1826896 1
4884 4499 1826906 1
4845 4381 1826916 1
4870 4253 1826926 1
4961 4146 1826936 1
5097 4052 1826946 1
5318 3997 1826956 1
5577 3997 1826966 1
5860 4025 1826976 1
6127 4117 1826986 1
6373 4249 1826996 1
6606 4409 1827006 1
6797 4545 1827016 1
6958 4647 1827026 1
7100 4727 1827036 1
7231 4775 1827046 1
7345 4775 1827056 1
7447 4754 1827066 1
7519 4692 1827076 1
7570 4597 1827086 1
7607 4479 1827096 1
7619 4351 1827106 1
7631 4236 1827116 1
7643 4131 1827126 1
7693 4093 1827136 1
7789 4100 1827146 1
7915 4136 1827156 1
8055 4203 1827166 1
8213 4273 1827176 1
8383 4344 1827186 1
8532 4383 1827196 1
8677 4416 1827206 1
8819 4416 1827216 1
8973 4403 1827226 1
9121 4385 1827236 1
9286 4363 1827246 1
9464 4321 1827256 1
9618 4268 1827266 1
9744 4201 1827276 1
9850 4150 1827286 1
9930 4109 1827296 1
9995 4091 1827306 1
10051 4098 1827316 1
10125 4122 1827326 1
10228 4168 1827336 1
10351 4265 1827346 1
10524 4395 1827356 1
10717 4540 1827366 1
10922 4716 1827376 1
11159 4913 1827386 1
11409 5070 1827396 1
