139
3515 7017 1775633 0
3515 7017 1775643 1
3592 7030 1775653 1
3611 7061 1775663 1
3611 7045 1775673 1
3600 6953 1775683 1
3542 6810 1775693 1
3418 6535 1775703 1
3250 6171 1775713 1
3018 5749 1775723 1
2780 5263 1775733 1
2537 4809 1775743 1
2356 4376 1775753 1
2197 4097 1775763 1
2052 3932 1775773 1
2015 3843 1775783 1
2040 3812 1775793 1
2106 3832 1775803 1
4731 6474 1775993 0
4830 6512 1776003 1
4841 6546 1776013 1
4857 6574 1776023 1
4909 6596 1776033 1
4985 6618 1776043 1
5059 6571 1776053 1
5075 6478 1776063 1
5053 6289 1776073 1
4939 6056 1776083 1
4730 5794 1776093 1
4457 5599 1776103 1
4110 5404 1776113 1
3735 5209 1776123 1
3340 5076 1776133 1
2986 4983 1776143 1
2717 4966 1776153 1
2504 5009 1776163 1
2355 5091 1776173 1
2289 5218 1776183 1
2278 5358 1776193 1
2340 5507 1776203 1
2473 5573 1776213 1
2652 5613 1776223 1
2876 5635 1776233 1
3144 5611 1776243 1
3441 5526 1776253 1
3733 5400 1776263 1
4011 5219 1776273 1
4280 5032 1776283 1
4557 4834 1776293 1
4840 4633 1776303 1
5087 4441 1776313 1
5308 4255 1776323 1
5529 4137 1776333 1
5736 4065 1776343 1
5933 4025 1776353 1
6109 4007 1776363 1
6303 4025 1776373 1
6509 4067 1776383 1
6750 4153 1776393 1
7021 4286 1776403 1
7313 4450 1776413 1
7587 4617 1776423 1
7786 4764 1776433 1
7934 4897 1776443 1
7950 4966 1776453 1
7854 4983 1776463 1
7684 4966 1776473 1
7484 4918 1776483 1
7290 4849 1776493 1
7100 4766 1776503 1
6965 4670 1776513 1
6847 4543 1776523 1
6741 4395 1776533 1
6656 4227 1776543 1
6622 4093 1776553 1
6622 4023 1776563 1
6676 3985 1776573 1
6809 3973 1776583 1
6995 4030 1776593 1
7239 4133 1776603 1
7519 4267 1776613 1
7823 4396 1776623 1
8087 4523 1776633 1
8333 4617 1776643 1
8567 4679 1776653 1
8768 4720 1776663 1
8948 4752 1776673 1
9114 4781 1776683 1
9235 4801 1776693 1
9320 4792 1776703 1
9382 4766 1776713 1
9416 4720 1776723 1
9440 4669 1776733 1
9457 4609 1776743 1
9483 4547 1776753 1
9512 4485 1776763 1
9547 4443 1776773 1
9587 4412 1776783 1
9631 4395 1776793 1
9679 4388 1776803 1
9732 4388 1776813 1
9783 4380 1776823 1
9831 4345 1776833 1
9855 4292 1776843 1
9865 4228 1776853 1
9865 4166 1776863 1
9865 4106 1776873 1
9859 4069 1776883 1
9883 4051 1776893 1
9923 4045 1776903 1
9994 4071 1776913 1
10104 4133 1776923 1
10241 4218 1776933 1
10403 4340 1776943 1
10553 4429 1776953 1
10694 4495 1776963 1
10820 4539 1776973 1
10929 4556 1776983 1
11026 4556 1776993 1
11098 4526 1777003 1
11124 4490 1777013 1
11124 4434 1777023 1
11083 4368 1777033 1
11042 4298 1777043 1
10997 4255 1777053 1
10997 4230 1777063 1
11012 4224 1777073 1
11044 4214 1777083 1
11102 4201 1777093 1
11165 4214 1777103 1
11238 4223 1777113 1
11335 4232 1777123 1
11448 4242 1777133 1
11607 4270 1777143 1
11790 4317 1777153 1
11990 4378 1777163 1
12189 4420 1777173 1
12320 4461 1777183 1
12405 4498 1777193 1
