158
2875 6980 1768783 0
2875 6980 1768793 1
2875 6980 1768803 1
2893 7050 1768813 1
2893 7060 1768823 1
2906 7071 1768833 1
2922 7084 1768843 1
2937 7098 1768853 1
2951 7098 1768863 1
2960 7072 1768873 1
2933 7025 1768883 1
2881 6759 1768893 1
2760 6343 1768903 1
2573 5828 1768913 1
2342 5184 1768923 1
2102 4576 1768933 1
1900 3993 1768943 1
1724 3666 1768953 1
1608 3469 1768963 1
1563 3359 1768973 1
1563 3312 1768983 1
1623 3335 1768993 1
1721 3405 1769003 1
3907 6075 1769183 0
3907 6075 1769193 1
3907 6075 1769203 1
3907 6075 1769213 1
3816 6160 1769223 1
3840 6224 1769233 1
3901 6313 1769243 1
4022 6423 1769253 1
4197 6504 1769263 1
4408 6567 1769273 1
4574 6560 1769283 1
4677 6502 1769293 1
4739 6409 1769303 1
4696 6264 1769313 1
4557 6055 1769323 1
4355 5804 1769333 1
4084 5568 1769343 1
3788 5323 1769353 1
3475 5072 1769363 1
3133 4856 1769373 1
2793 4688 1769383 1
2453 4553 1769393 1
2145 4461 1769403 1
1859 4413 1769413 1
1627 4394 1769423 1
1483 4443 1769433 1
1398 4525 1769443 1
1383 4630 1769453 1
1430 4735 1769463 1
1518 4866 1769473 1
1675 5014 1769483 1
1875 5148 1769493 1
2104 5237 1769503 1
2325 5296 1769513 1
2535 5315 1769523 1
2738 5266 1769533 1
2882 5172 1769543 1
3020 5031 1769553 1
3154 4849 1769563 1
3279 4640 1769573 1
3403 4454 1769583 1
3527 4307 1769593 1
3684 4185 1769603 1
3837 4102 1769613 1
3987 4040 1769623 1
4148 3992 1769633 1
4320 3940 1769643 1
4499 3906 1769653 1
4695 3884 1769663 1
4906 3909 1769673 1
5127 3973 1769683 1
5376 4063 1769693 1
5622 4167 1769703 1
5866 4284 1769713 1
6056 4409 1769723 1
6228 4502 1769733 1
6387 4581 1769743 1
6475 4652 1769753 1
6507 4718 1769763 1
6501 4799 1769773 1
6463 4889 1769783 1
6399 4965 1769793 1
6317 5021 1769803 1
6212 5064 1769813 1
6077 5064 1769823 1
5922 5022 1769833 1
5745 4944 1769843 1
5574 4794 1769853 1
5407 4636 1769863 1
5282 4472 1769873 1
5209 4351 1769883 1
5170 4254 1769893 1
5175 4174 1769903 1
5223 4106 1769913 1
5299 4055 1769923 1
5429 4016 1769933 1
5629 4016 1769943 1
5875 4052 1769953 1
6123 4104 1769963 1
6396 4187 1769973 1
6686 4274 1769983 1
6938 4364 1769993 1
7160 4456 1770003 1
7361 4548 1770013 1
7540 4640 1770023 1
7689 4702 1770033 1
7819 4744 1770043 1
7908 4744 1770053 1
7946 4715 1770063 1
7946 4662 1770073 1
7928 4569 1770083 1
7895 4453 1770093 1
7855 4323 1770103 1
7838 4216 1770113 1
7866 4148 1770123 1
7923 4106 1770133 1
8014 4092 1770143 1
8136 4112 1770153 1
8278 4155 1770163 1
8453 4214 1770173 1
8625 4251 1770183 1
8795 4273 1770193 1
8987 4279 1770203 1
9146 4284 1770213 1
9282 4284 1770223 1
9427 4284 1770233 1
9539 4284 1770243 1
9628 4284 1770253 1
9708 4277 1770263 1
9779 4263 1770273 1
9845 4236 1770283 1
9918 4203 1770293 1
9990 4171 1770303 1
10041 4138 1770313 1
10077 4115 1770323 1
10100 4099 1770333 1
10116 4090 1770343 1
10127 4080 1770353 1
10149 4074 1770363 1
10197 4074 1770373 1
10263 4067 1770383 1
10370 4067 1770393 1
10503 4074 1770403 1
10653 4088 1770413 1
10798 4105 1770423 1
10940 4125 1770433 1
11079 4149 1770443 1
11201 4172 1770453 1
11327 4192 1770463 1
11481 4216 1770473 1
11651 4241 1770483 1
11823 4263 1770493 1
11999 4263 1770503 1
12181 4244 1770513 1
12301 4211 1770523 1
