320
5286 6043 1417137 0
5228 5936 1417147 1
5207 5895 1417157 1
5213 5860 1417167 1
5236 5831 1417177 1
5255 5815 1417187 1
5271 5808 1417197 1
5284 5813 1417207 1
5293 5839 1417217 1
5306 5880 1417227 1
5323 5964 1417237 1
5341 6068 1417247 1
5341 6186 1417257 1
5341 6242 1417267 1
5311 6314 1417277 1
5259 6397 1417287 1
5191 6402 1417297 1
5089 6357 1417307 1
4973 6278 1417317 1
4847 6145 1417327 1
4702 5947 1417337 1
4536 5706 1417347 1
4356 5445 1417357 1
4215 5154 1417367 1
4125 4843 1417377 1
4068 4599 1417387 1
4098 4434 1417397 1
4187 4321 1417407 1
4314 4242 1417417 1
4472 4201 1417427 1
4634 4186 1417437 1
4806 4200 1417447 1
4951 4231 1417457 1
5076 4274 1417467 1
5197 4344 1417477 1
5293 4414 1417487 1
5372 4483 1417497 1
5421 4531 1417507 1
5446 4558 1417517 1
5455 4571 1417527 1
5449 4571 1417537 1
5433 4571 1417547 1
5409 4571 1417557 1
5393 4571 1417567 1
5380 4563 1417577 1
5374 4556 1417587 1
5374 4556 1417597 1
5374 4556 1417607 1
5374 4550 1417617 1
5374 4550 1417627 1
5374 4550 1417637 1
5374 4550 1417647 1
5374 4550 1417657 1
5374 4550 1417667 1
5374 4550 1417677 1
5374 4556 1417687 1
5367 4561 1417697 1
5367 4561 1417707 1
5367 4561 1417717 1
5361 4561 1417727 1
5361 4561 1417737 1
5361 4561 1417747 1
5361 4561 1417757 1
5361 4561 1417767 1
5361 4561 1417777 1
5361 4561 1417787 1
5361 4561 1417797 1
5361 4561 1417807 1
5361 4561 1417817 1
5361 4561 1417827 1
5361 4561 1417837 1
5361 4561 1417847 1
5361 4561 1417857 1
5361 4561 1417867 1
5361 4561 1417877 1
5361 4561 1417887 1
5361 4561 1417897 1
5361 4561 1417907 1
5361 4561 1417917 1
5361 4561 1417927 1
5361 4561 1417937 1
5355 4569 1417947 1
5741 4521 1418099 0
5805 4460 1418109 1
5788 4451 1418119 1
5774 4444 1418129 1
5767 4439 1418139 1
5767 4439 1418149 1
5767 4445 1418159 1
5767 4452 1418169 1
5787 4484 1418179 1
5826 4567 1418189 1
5892 4683 1418199 1
5970 4833 1418209 1
6056 4980 1418219 1
6127 5126 1418229 1
6163 5206 1418239 1
6176 5239 1418249 1
6176 5239 1418259 1
6176 5245 1418269 1
6176 5245 1418279 1
6176 5245 1418289 1
6176 5245 1418299 1
6176 5238 1418309 1
6158 5196 1418319 1
6132 5128 1418329 1
6078 4989 1418339 1
6018 4827 1418349 1
5953 4649 1418359 1
5903 4489 1418369 1
5898 4392 1418379 1
5922 4336 1418389 1
5980 4314 1418399 1
6056 4338 1418409 1
6144 4393 1418419 1
6248 4475 1418429 1
6339 4570 1418439 1
6421 4674 1418449 1
6492 4806 1418459 1
6559 4944 1418469 1
6622 5085 1418479 1
6656 5138 1418489 1
6663 5145 1418499 1
6652 5122 1418509 1
6652 5111 1418519 1
6636 5049 1418529 1
6607 4952 1418539 1
6570 4853 1418549 1
6531 4748 1418559 1
6494 4664 1418569 1
6462 4595 1418579 1
6437 4518 1418589 1
6428 4468 1418599 1
6428 4437 1418609 1
6434 4437 1418619 1
6462 4473 1418629 1
6504 4538 1418639 1
6560 4647 1418649 1
6621 4777 1418659 1
6693 4921 1418669 1
6753 5030 1418679 1
6804 5080 1418689 1
6817 5090 1418699 1
6817 5085 1418709 1
6817 5069 1418719 1
6828 5046 1418729 1
6844 4974 1418739 1
6863 4876 1418749 1
6883 4762 1418759 1
6903 4670 1418769 1
6943 4609 1418779 1
6996 4568 1418789 1
7070 4555 1418799 1
7172 4576 1418809 1
7292 4621 1418819 1
7408 4692 1418829 1
7503 4800 1418839 1
7585 4934 1418849 1
7647 5079 1418859 1
7676 5208 1418869 1
7684 5326 1418879 1
7653 5442 1418889 1
7599 5462 1418899 1
7529 5436 1418909 1
7446 5379 1418919 1
7350 5254 1418929 1
7245 5126 1418939 1
7175 5011 1418949 1
7132 4905 1418959 1
7108 4811 1418969 1
7114 4750 1418979 1
7152 4710 1418989 1
7210 4710 1418999 1
7312 4791 1419009 1
7424 4921 1419019 1
7543 5089 1419029 1
7648 5308 1419039 1
7737 5560 1419049 1
7816 5840 1419059 1
7893 6130 1419069 1
7944 6426 1419079 1
7978 6597 1419089 1
7978 6674 1419099 1
7978 6688 1419109 1
7972 6688 1419119 1
7972 6657 1419129 1
7972 6607 1419139 1
7931 6409 1419149 1
7861 6127 1419159 1
7755 5789 1419169 1
7649 5464 1419179 1
7543 5131 1419189 1
7454 4794 1419199 1
7441 4569 1419209 1
7478 4424 1419219 1
7547 4332 1419229 1
7615 4266 1419239 1
7680 4243 1419249 1
7730 4249 1419259 1
8281 5278 1419360 0
8281 5278 1419370 1
8281 5278 1419380 1
8197 5331 1419390 1
8159 5302 1419400 1
8142 5257 1419410 1
8125 5170 1419420 1
8098 5046 1419430 1
8065 4898 1419440 1
8029 4744 1419450 1
7990 4605 1419460 1
7949 4481 1419470 1
7914 4362 1419480 1
7924 4321 1419490 1
7963 4321 1419500 1
8025 4359 1419510 1
8121 4472 1419520 1
8240 4630 1419530 1
8372 4817 1419540 1
8492 5031 1419550 1
8586 5212 1419560 1
8666 5370 1419570 1
8698 5462 1419580 1
8710 5508 1419590 1
8710 5524 1419600 1
8710 5544 1419610 1
8716 5558 1419620 1
8716 5564 1419630 1
8716 5564 1419640 1
8716 5564 1419650 1
8716 5564 1419660 1
8716 5564 1419670 1
8722 5564 1419680 1
8728 5569 1419690 1
8735 5569 1419700 1
8742 5577 1419710 1
8742 5577 1419720 1
8750 5577 1419730 1
8750 5577 1419740 1
8750 5577 1419750 1
8750 5570 1419760 1
8750 5561 1419770 1
8750 5550 1419780 1
8750 5539 1419790 1
8750 5527 1419800 1
8745 5516 1419810 1
8745 5503 1419820 1
8739 5488 1419830 1
8732 5470 1419840 1
8721 5429 1419850 1
8702 5373 1419860 1
8674 5283 1419870 1
8641 5159 1419880 1
8589 5012 1419890 1
8519 4789 1419900 1
8438 4560 1419910 1
8329 4287 1419920 1
8240 3988 1419930 1
8163 3760 1419940 1
8133 3574 1419950 1
8107 3416 1419960 1
8088 3264 1419970 1
8068 3133 1419980 1
8044 3017 1419990 1
8015 2932 1420000 1
7981 2859 1420010 1
7940 2794 1420020 1
7885 2747 1420030 1
7820 2721 1420040 1
7741 2708 1420050 1
7666 2746 1420060 1
7596 2831 1420070 1
7525 2948 1420080 1
7443 3101 1420090 1
7353 3269 1420100 1
7234 3447 1420110 1
7073 3560 1420120 1
6883 3635 1420130 1
6604 3686 1420140 1
6288 3712 1420150 1
5947 3721 1420160 1
5606 3721 1420170 1
5238 3721 1420180 1
4852 3721 1420190 1
4493 3735 1420200 1
4182 3755 1420210 1
3903 3783 1420220 1
3715 3817 1420230 1
3597 3838 1420240 1
3526 3854 1420250 1
3533 3854 1420260 1
3584 3854 1420270 1
3664 3841 1420280 1
3801 3831 1420290 1
3992 3836 1420300 1
4219 3852 1420310 1
4502 3898 1420320 1
4844 3973 1420330 1
5225 4067 1420340 1
5665 4170 1420350 1
6135 4268 1420360 1
6624 4358 1420370 1
7133 4419 1420380 1
7646 4462 1420390 1
8131 4489 1420400 1
8597 4514 1420410 1
9060 4537 1420420 1
9462 4578 1420430 1
9824 4630 1420440 1
10171 4706 1420450 1
10488 4806 1420460 1
10786 4922 1420470 1
11052 5035 1420480 1
11244 5112 1420490 1
11387 5164 1420500 1
11438 5176 1420510 1
11418 5171 1420520 1
11350 5156 1420530 1
11237 5118 1420540 1
11082 5075 1420550 1
10900 5030 1420560 1
