196
4856 6019 1711340 0
4916 6092 1711350 1
4916 6119 1711360 1
4900 6157 1711370 1
4905 6202 1711380 1
4905 6273 1711390 1
4910 6348 1711400 1
4905 6425 1711410 1
4889 6475 1711420 1
4865 6497 1711430 1
4826 6497 1711440 1
4747 6483 1711450 1
4641 6426 1711460 1
4521 6342 1711470 1
4392 6223 1711480 1
4258 6042 1711490 1
4117 5820 1711500 1
4011 5574 1711510 1
3929 5317 1711520 1
3918 5053 1711530 1
3988 4890 1711540 1
4111 4788 1711550 1
4308 4726 1711560 1
4524 4755 1711570 1
4752 4858 1711580 1
4927 5010 1711590 1
5051 5128 1711600 1
5142 5224 1711610 1
5187 5306 1711620 1
5196 5358 1711630 1
5589 5710 1711801 0
5711 5720 1711811 1
5668 5720 1711821 1
5647 5713 1711831 1
5641 5678 1711841 1
5627 5627 1711851 1
5606 5571 1711861 1
5580 5513 1711871 1
5570 5448 1711881 1
5560 5377 1711891 1
5550 5307 1711901 1
5536 5250 1711911 1
5520 5200 1711921 1
5513 5164 1711931 1
5513 5164 1711941 1
5599 6333 1712091 0
5599 6333 1712101 1
5599 6333 1712111 1
5599 6333 1712121 1
5599 6333 1712131 1
5599 6333 1712141 1
5599 6333 1712151 1
5599 6333 1712161 1
5599 6333 1712171 1
5703 6369 1712181 1
6206 6114 1712332 0
6206 6114 1712342 1
6256 6048 1712352 1
6242 6020 1712362 1
6242 5978 1712372 1
6230 5906 1712382 1
6211 5830 1712392 1
6186 5747 1712402 1
6157 5646 1712412 1
6127 5535 1712422 1
6096 5452 1712432 1
6084 5413 1712442 1
6084 5404 1712452 1
6091 5421 1712462 1
6121 5480 1712472 1
6167 5566 1712482 1
6213 5641 1712492 1
6266 5715 1712502 1
6322 5787 1712512 1
6379 5875 1712522 1
6455 5974 1712532 1
6537 6067 1712542 1
6616 6124 1712552 1
6690 6157 1712562 1
6733 6205 1712572 1
6754 6205 1712582 1
6761 6179 1712592 1
6771 6136 1712602 1
6781 6088 1712612 1
6781 6016 1712622 1
6781 5929 1712632 1
6773 5805 1712642 1
6765 5715 1712652 1
6757 5648 1712662 1
6770 5613 1712672 1
6785 5613 1712682 1
6820 5635 1712692 1
7622 6262 1713023 0
7622 6262 1713033 1
7573 6340 1713043 1
7556 6355 1713053 1
7524 6381 1713063 1
7490 6405 1713073 1
7455 6405 1713083 1
7408 6378 1713093 1
7352 6332 1713103 1
7289 6261 1713113 1
7225 6173 1713123 1
7170 6090 1713133 1
7155 6011 1713143 1
7164 5936 1713153 1
7215 5862 1713163 1
7311 5821 1713173 1
7438 5801 1713183 1
7577 5819 1713193 1
7719 5872 1713203 1
7821 5948 1713213 1
7896 6036 1713223 1
7918 6140 1713233 1
7912 6256 1713243 1
7887 6398 1713253 1
7867 6605 1713263 1
7849 6856 1713273 1
7861 7215 1713283 1
7893 7541 1713293 1
7996 7844 1713303 1
8034 8014 1713313 1
8029 8080 1713323 1
8023 8080 1713333 1
8003 8035 1713343 1
7974 7958 1713353 1
7964 7858 1713363 1
7957 7765 1713373 1
8312 6650 1713523 0
8312 6650 1713533 1
8312 6650 1713543 1
8283 6587 1713553 1
8283 6520 1713563 1
8270 6428 1713573 1
8255 6330 1713583 1
8235 6204 1713593 1
8215 6060 1713603 1
8197 5901 1713613 1
8180 5794 1713623 1
8209 5723 1713633 1
8243 5702 1713643 1
8288 5733 1713653 1
8368 5800 1713663 1
8472 5938 1713673 1
8567 6085 1713683 1
8653 6239 1713693 1
8733 6392 1713703 1
8781 6538 1713713 1
8804 6641 1713723 1
8811 6718 1713733 1
8799 6764 1713743 1
8780 6787 1713753 1
8755 6794 1713763 1
8728 6771 1713773 1
8694 6686 1713783 1
8654 6561 1713793 1
8605 6324 1713803 1
8552 6016 1713813 1
8495 5662 1713823 1
8418 5318 1713833 1
8323 4960 1713843 1
8215 4592 1713853 1
8105 4269 1713863 1
7998 3995 1713873 1
7893 3754 1713883 1
7789 3575 1713893 1
7675 3448 1713903 1
7554 3356 1713913 1
7366 3318 1713923 1
7112 3327 1713933 1
6813 3367 1713943 1
6443 3442 1713953 1
6030 3518 1713963 1
5589 3595 1713973 1
5090 3641 1713983 1
4601 3679 1713993 1
4119 3712 1714003 1
3687 3768 1714013 1
3312 3836 1714023 1
2974 3912 1714033 1
2741 3977 1714043 1
2626 4028 1714053 1
2590 4069 1714063 1
2687 4142 1714073 1
2969 4253 1714083 1
3373 4390 1714093 1
3974 4554 1714103 1
4680 4755 1714113 1
5455 4982 1714123 1
6287 5218 1714133 1
7150 5476 1714143 1
8033 5749 1714153 1
8878 6005 1714163 1
9648 6180 1714173 1
10369 6300 1714183 1
10923 6360 1714193 1
