266
4439 5798 1824403 0
4439 5798 1824413 1
4439 5798 1824423 1
4439 5798 1824433 1
4439 5798 1824443 1
4439 5798 1824453 1
4439 5798 1824463 1
4439 5798 1824473 1
4439 5798 1824483 1
4439 5798 1824493 1
4439 5798 1824503 1
4439 5798 1824513 1
4439 5798 1824523 1
4439 5798 1824533 1
4439 5798 1824543 1
4439 5798 1824553 1
4439 5798 1824563 1
4439 5798 1824573 1
4439 5798 1824583 1
4439 5798 1824593 1
4439 5798 1824603 1
4439 5798 1824613 1
4439 5798 1824623 1
4439 5798 1824633 1
4439 5798 1824643 1
4439 5798 1824653 1
4439 5798 1824663 1
4439 5803 1824673 1
4439 5811 1824683 1
4434 5823 1824693 1
4434 5850 1824703 1
4439 5901 1824713 1
4455 5967 1824723 1
4481 6069 1824733 1
4512 6170 1824743 1
4528 6281 1824753 1
4514 6400 1824763 1
4481 6474 1824773 1
4407 6474 1824783 1
4278 6432 1824793 1
4112 6286 1824803 1
3928 6044 1824813 1
3731 5739 1824823 1
3526 5403 1824833 1
3381 5050 1824843 1
3311 4686 1824853 1
3292 4466 1824863 1
3351 4313 1824873 1
3518 4206 1824883 1
3756 4156 1824893 1
4015 4196 1824903 1
4312 4297 1824913 1
4635 4460 1824923 1
4882 4596 1824933 1
5044 4713 1824943 1
5148 4804 1824953 1
5177 4859 1824963 1
5159 4890 1824973 1
5110 4890 1824983 1
5057 4890 1824993 1
5095 5817 1825254 0
5095 5817 1825264 1
5171 5817 1825274 1
5171 5817 1825284 1
5164 5817 1825294 1
5164 5817 1825304 1
5178 5817 1825314 1
5240 5834 1825324 1
5332 5857 1825334 1
5451 5894 1825344 1
5573 5929 1825354 1
5651 5964 1825364 1
5698 5956 1825374 1
5708 5944 1825384 1
5689 5923 1825394 1
5433 5611 1825494 0
5475 5535 1825504 1
5460 5526 1825514 1
5417 5537 1825524 1
5417 5470 1825534 1
5425 5362 1825544 1
5445 5227 1825554 1
5430 5050 1825564 1
5402 4868 1825574 1
5365 4682 1825584 1
5342 4598 1825594 1
5342 4554 1825604 1
5356 4537 1825614 1
5398 4546 1825624 1
6297 5671 1825785 0
6297 5671 1825795 1
6209 5572 1825805 1
6153 5512 1825815 1
6118 5376 1825825 1
6096 5190 1825835 1
6071 5058 1825845 1
6048 4960 1825855 1
6031 4885 1825865 1
6020 4844 1825875 1
6015 4836 1825885 1
6020 4850 1825895 1
6032 4863 1825905 1
6042 4928 1825915 1
6081 5027 1825925 1
6140 5149 1825935 1
6231 5278 1825945 1
6352 5413 1825955 1
6493 5497 1825965 1
6592 5530 1825975 1
6654 5530 1825985 1
6691 5473 1825995 1
6691 5348 1826005 1
6650 5177 1826015 1
6590 5010 1826025 1
6525 4891 1826035 1
6497 4803 1826045 1
6497 4778 1826055 1
6525 4789 1826065 1
7120 5231 1826165 0
7242 5264 1826175 1
7266 5281 1826185 1
7266 5295 1826195 1
7273 5328 1826205 1
7283 5376 1826215 1
7293 5418 1826225 1
7299 5443 1826235 1
7299 5458 1826245 1
7292 5470 1826255 1
7281 5483 1826265 1
7264 5498 1826275 1
7241 5515 1826285 1
7215 5524 1826295 1
7186 5524 1826305 1
7142 5509 1826315 1
7088 5478 1826325 1
7028 5422 1826335 1
6964 5348 1826345 1
6897 5263 1826355 1
6842 5180 1826365 1
6817 5111 1826375 1
6812 5051 1826385 1
6856 5005 1826395 1
6927 4957 1826405 1
7015 4940 1826415 1
7112 4940 1826425 1
7210 4948 1826435 1
7308 4954 1826445 1
7397 4963 1826455 1
7462 4971 1826465 1
7512 4992 1826475 1
7537 5022 1826485 1
7549 5121 1826495 1
7549 5302 1826505 1
7549 5538 1826515 1
7511 5828 1826525 1
7460 6162 1826535 1
7364 6525 1826545 1
7228 6796 1826555 1
7065 6977 1826565 1
6898 7097 1826575 1
6751 7142 1826585 1
6618 7184 1826595 1
6509 7177 1826605 1
6473 7140 1826615 1
6486 7126 1826625 1
6549 7090 1826635 1
6650 7040 1826645 1
6775 6986 1826655 1
8131 5628 1826926 0
8059 5590 1826936 1
8016 5578 1826946 1
7981 5562 1826956 1
7972 5516 1826966 1
7980 5468 1826976 1
7968 5420 1826986 1
7952 5317 1826996 1
7934 5195 1827006 1
7916 5061 1827016 1
7904 4964 1827026 1
7896 4910 1827036 1
7910 4885 1827046 1
7928 4885 1827056 1
7953 4897 1827066 1
7982 4923 1827076 1
8043 4997 1827086 1
8124 5103 1827096 1
8223 5231 1827106 1
8329 5386 1827116 1
8439 5536 1827126 1
8504 5622 1827136 1
8531 5667 1827146 1
8531 5681 1827156 1
8520 5681 1827166 1
8502 5681 1827176 1
8481 5671 1827186 1
8475 5664 1827196 1
8475 5659 1827206 1
8475 5659 1827216 1
8475 5665 1827226 1
8475 5665 1827236 1
8475 5665 1827246 1
8475 5665 1827256 1
8475 5665 1827266 1
8475 5665 1827276 1
8475 5665 1827286 1
8475 5665 1827296 1
8475 5665 1827306 1
8475 5665 1827316 1
8475 5665 1827326 1
8475 5665 1827336 1
8475 5665 1827346 1
8475 5665 1827356 1
8484 5665 1827366 1
8484 5659 1827376 1
8491 5659 1827386 1
8491 5652 1827396 1
8478 5641 1827406 1
8456 5623 1827416 1
8381 5508 1827426 1
8267 5278 1827436 1
8127 4972 1827446 1
7978 4542 1827456 1
7842 4098 1827466 1
7714 3646 1827476 1
7653 3368 1827486 1
7653 3149 1827496 1
7692 2970 1827506 1
7810 2877 1827516 1
7962 2857 1827526 1
8137 2885 1827536 1
8245 2929 1827546 1
8257 2973 1827556 1
8206 3016 1827566 1
8044 3060 1827576 1
7788 3087 1827586 1
7469 3104 1827596 1
7096 3125 1827606 1
6701 3172 1827616 1
6290 3237 1827626 1
5865 3287 1827636 1
5420 3301 1827646 1
4962 3290 1827656 1
4540 3196 1827666 1
4098 3040 1827676 1
3643 2842 1827686 1
3276 2643 1827696 1
3043 2560 1827706 1
2898 2554 1827716 1
2873 2617 1827726 1
2967 2777 1827736 1
3140 3001 1827746 1
3448 3261 1827756 1
3890 3475 1827766 1
4422 3658 1827776 1
5059 3828 1827786 1
5798 4006 1827796 1
6606 4230 1827806 1
7477 4481 1827816 1
8348 4780 1827826 1
9220 5031 1827836 1
9917 5249 1827846 1
10508 5422 1827856 1
11028 5585 1827866 1
11448 5741 1827876 1
11716 5815 1827886 1
11882 5815 1827896 1
