235
4959 6544 768715 0
4959 6544 768725 1
4856 6643 768735 1
4823 6674 768745 1
4790 6733 768755 1
4757 6804 768765 1
4716 6884 768775 1
4660 6940 768785 1
4593 6967 768795 1
4537 6975 768805 1
4465 6934 768815 1
4383 6817 768825 1
4290 6650 768835 1
4182 6435 768845 1
4063 6187 768855 1
3970 5917 768865 1
3895 5622 768875 1
3833 5313 768885 1
3810 4995 768895 1
3830 4716 768905 1
3879 4536 768915 1
3981 4422 768925 1
4132 4384 768935 1
4316 4413 768945 1
4495 4486 768955 1
4674 4595 768965 1
4849 4730 768975 1
4986 4882 768985 1
5100 4987 768995 1
5199 5067 769005 1
5270 5131 769015 1
5555 6159 769346 0
5555 6159 769356 1
5555 6159 769366 1
5555 6159 769376 1
5555 6159 769386 1
5675 6266 769396 1
5757 6345 769406 1
5845 6434 769416 1
5917 6523 769426 1
5991 6590 769436 1
6045 6643 769446 1
6085 6671 769456 1
6113 6685 769466 1
6124 6685 769476 1
5901 6351 769546 0
5855 6152 769556 1
5815 6070 769566 1
5779 5997 769576 1
5773 5864 769586 1
5786 5720 769596 1
5813 5570 769606 1
5845 5397 769616 1
5884 5223 769626 1
5927 5099 769636 1
5976 5008 769646 1
6028 4979 769656 1
6082 5011 769666 1
6287 5935 769756 0
6357 6060 769766 1
6347 6070 769776 1
6324 6063 769786 1
6334 6046 769796 1
6346 5955 769806 1
6360 5821 769816 1
6360 5821 769826 5
6394 5522 769836 5
6418 5404 769846 5
6444 5298 769856 5
6470 5255 769866 5
6497 5261 769876 5
6527 5300 769886 5
6566 5423 769896 5
6609 5552 769906 5
6652 5685 769916 5
6680 5817 769926 5
6699 5940 769936 5
6711 6057 769946 5
6711 6070 769956 5
6700 6050 769966 5
6700 6009 769976 5
6700 5906 769986 5
6714 5797 769996 5
6732 5685 770006 5
6775 5613 770016 5
6835 5569 770026 5
6910 5544 770036 5
6910 5544 770046 4
7078 5599 770056 4
7166 5668 770066 4
7253 5739 770076 4
7339 5824 770086 4
7414 5918 770096 4
7483 6012 770106 4
7483 6012 770117 5
7571 6216 770127 5
7571 6216 770137 1
7526 6383 770147 1
7491 6426 770157 1
7491 6426 770167 5
7404 6370 770177 5
7345 6260 770187 5
7281 6096 770197 5
7226 5920 770207 5
7176 5736 770217 5
7154 5606 770227 5
7149 5539 770237 5
7164 5513 770247 5
7198 5524 770257 5
7245 5611 770267 5
7305 5749 770277 5
7365 5931 770287 5
7410 6113 770297 5
7444 6321 770307 5
7444 6321 770317 1
7459 6779 770327 1
7443 7007 770337 1
7413 7232 770347 1
7372 7283 770357 1
7324 7283 770367 1
7292 7259 770377 1
7263 7198 770387 1
7250 7081 770397 1
7250 6928 770407 1
7250 6928 770417 5
7293 6509 770427 5
7339 6264 770437 5
7399 5998 770447 5
7461 5752 770457 5
7529 5584 770467 5
7601 5467 770477 5
7681 5416 770487 5
7768 5439 770497 5
7865 5511 770507 5
7966 5636 770517 5
7966 5636 770527 4
8069 5922 770537 4
8069 6065 770547 4
7943 6736 770658 0
7943 6736 770668 1
7943 6736 770678 1
7943 6736 770688 1
7943 6736 770698 1
7943 6736 770708 1
8010 6731 770718 1
8024 6731 770728 1
8042 6676 770738 1
8042 6676 770748 5
8090 6441 770758 5
8115 6293 770768 5
8145 6146 770778 5
8183 6058 770788 5
8226 6013 770798 5
8275 5998 770808 5
8332 6017 770818 5
8394 6095 770828 5
8455 6212 770838 5
8507 6347 770848 5
8554 6479 770858 5
8585 6608 770868 5
8610 6740 770878 5
8632 6883 770888 5
8643 7032 770898 5
8643 7107 770908 5
8638 7126 770918 5
8638 7109 770928 5
8626 7090 770938 5
8603 6985 770948 5
8570 6822 770958 5
8551 6675 770968 5
8536 6525 770978 5
8545 6370 770988 5
8568 6213 770998 5
8597 6052 771008 5
8623 5868 771018 5
8664 5672 771028 5
8717 5499 771038 5
8760 5365 771048 5
8786 5256 771058 5
8786 5175 771068 5
8763 5104 771078 5
8728 5039 771088 5
8660 4974 771098 5
8569 4905 771108 5
8434 4830 771118 5
8246 4745 771128 5
8023 4653 771138 5
8023 4653 771148 1
7475 4480 771158 1
7139 4389 771168 1
6823 4309 771178 1
6495 4239 771188 1
6158 4176 771198 1
5889 4156 771208 1
5626 4145 771218 1
5429 4145 771228 1
5274 4140 771238 1
5154 4140 771248 1
5090 4145 771258 1
5064 4156 771268 1
5071 4184 771278 1
5127 4248 771288 1
5215 4335 771298 1
5343 4433 771308 1
5507 4554 771318 1
5696 4690 771328 1
5921 4846 771338 1
6152 4999 771348 1
6411 5106 771358 1
6686 5184 771368 1
6686 5184 771378 5
7186 5189 771388 5
7423 5216 771398 5
7670 5256 771408 5
7929 5338 771418 5
8196 5459 771428 5
8483 5606 771438 5
8760 5788 771448 5
9031 5980 771458 5
9264 6180 771468 5
9463 6320 771478 5
9640 6412 771488 5
9752 6472 771498 5
9831 6493 771508 5
9887 6500 771518 5
9934 6500 771528 5
9965 6500 771538 5
9984 6494 771548 5
9996 6494 771558 5
9996 6488 771568 5
9990 6478 771578 5
9990 6478 771588 4
9854 6318 771598 4
9717 6236 771608 4
9541 6159 771618 4
