245
5161 6510 787672 0
5161 6510 787682 1
5173 6599 787692 1
5173 6636 787702 1
5181 6701 787712 1
5196 6786 787722 1
5196 6890 787732 1
5196 6990 787742 1
5184 7080 787752 1
5163 7159 787762 1
5136 7229 787772 1
5089 7281 787782 1
5023 7321 787792 1
4945 7346 787802 1
4856 7346 787812 1
4736 7329 787822 1
4596 7290 787832 1
4464 7211 787842 1
4341 7106 787852 1
4225 6936 787862 1
4107 6731 787872 1
4018 6504 787882 1
3948 6215 787892 1
3914 5921 787902 1
3914 5622 787912 1
3948 5328 787922 1
4022 5117 787932 1
4152 4957 787942 1
4320 4861 787952 1
4513 4829 787962 1
4722 4841 787972 1
4941 4899 787982 1
5143 4993 787992 1
5346 5112 788002 1
5514 5268 788012 1
5659 5425 788022 1
5599 6483 788133 0
5673 6466 788143 1
5613 6476 788153 1
5625 6484 788163 1
5688 6537 788173 1
5785 6611 788183 1
5878 6699 788193 1
5975 6768 788203 1
6077 6831 788213 1
6166 6884 788223 1
6245 6905 788233 1
6031 6607 788323 0
6007 6422 788333 1
5974 6308 788343 1
5968 6174 788353 1
5981 6028 788363 1
5993 5902 788373 1
6007 5774 788383 1
6038 5664 788393 1
6078 5567 788403 1
6124 5516 788413 1
6170 5516 788423 1
6220 5546 788433 1
6273 5615 788443 1
6342 5888 788483 0
6355 6128 788493 1
6355 6226 788503 1
6364 6279 788513 1
6370 6303 788523 1
6376 6296 788533 1
6383 6244 788543 1
6391 6163 788553 1
6398 6058 788563 1
6406 5965 788573 1
6419 5880 788583 1
6438 5799 788593 1
6465 5739 788603 1
6494 5694 788613 1
6522 5672 788623 1
6549 5672 788633 1
6575 5672 788643 1
6600 5710 788653 1
6617 5766 788663 1
6630 5837 788673 1
6636 5921 788683 1
6636 6000 788693 1
6636 6057 788703 1
6643 6102 788713 1
6648 6116 788723 1
6655 6110 788733 1
6678 6090 788743 1
6712 6053 788753 1
6758 6026 788763 1
6826 6005 788773 1
6909 6015 788783 1
7228 6233 788824 0
7385 6407 788834 1
7426 6483 788844 1
7426 6551 788854 1
7426 6625 788864 1
7412 6704 788874 1
7399 6790 788884 1
7376 6840 788894 1
7347 6866 788904 1
7299 6846 788914 1
7227 6755 788924 1
7140 6616 788934 1
7060 6440 788944 1
7004 6282 788954 1
6965 6135 788964 1
6959 6068 788974 1
6978 6049 788984 1
7014 6063 788994 1
7067 6131 789004 1
7138 6259 789014 1
7221 6426 789024 1
7300 6596 789034 1
7361 6785 789044 1
7411 6988 789054 1
7443 7207 789064 1
7462 7443 789074 1
7471 7690 789084 1
7464 7859 789094 1
7445 7935 789104 1
7419 7950 789114 1
7394 7934 789124 1
7362 7858 789134 1
7324 7741 789144 1
7289 7550 789154 1
7259 7340 789164 1
7259 7118 789174 1
7272 6886 789184 1
7315 6664 789194 1
7376 6448 789204 1
7448 6279 789214 1
7522 6200 789224 1
7596 6182 789234 1
7671 6214 789244 1
7745 6309 789254 1
7827 7004 789314 0
7822 7250 789324 1
7802 7276 789334 1
7782 7255 789344 1
7771 7171 789354 1
7771 7044 789364 1
7760 6852 789374 1
7760 6704 789384 1
7783 6586 789394 1
7824 6494 789404 1
7876 6441 789414 1
7929 6414 789424 1
7988 6437 789434 1
8063 6510 789444 1
8148 6616 789454 1
8232 6724 789464 1
8297 6841 789474 1
8348 6963 789484 1
8367 7079 789494 1
8367 7146 789504 1
8367 7181 789514 1
8362 7173 789524 1
8353 7124 789534 1
8339 7047 789544 1
8316 6887 789554 1
8290 6721 789564 1
8263 6531 789574 1
8246 6327 789584 1
8234 6114 789594 1
8228 5887 789604 1
8228 5651 789614 1
8222 5437 789624 1
8222 5256 789634 1
8222 5098 789644 1
8230 5001 789654 1
8230 4945 789664 1
8230 4916 789674 1
8221 4916 789684 1
8201 4926 789694 1
8162 4950 789704 1
8109 5002 789714 1
8034 5068 789724 1
7934 5144 789734 1
7816 5222 789744 1
7637 5293 789754 1
7430 5325 789764 1
7203 5335 789774 1
6967 5310 789784 1
6726 5284 789794 1
6482 5258 789804 1
6236 5247 789814 1
6018 5247 789824 1
5821 5247 789834 1
5639 5247 789844 1
5476 5255 789854 1
5338 5211 789864 1
5217 5140 789874 1
5109 5050 789884 1
5033 4954 789894 1
4977 4864 789904 1
4945 4800 789914 1
4931 4752 789924 1
4931 4731 789934 1
4931 4726 789944 1
4931 4733 789954 1
4941 4743 789964 1
4959 4783 789974 1
5004 4842 789984 1
5067 4920 789994 1
5161 5018 790004 1
5293 5129 790014 1
5449 5260 790024 1
5637 5406 790034 1
5846 5562 790044 1
6070 5705 790054 1
6298 5858 790064 1
6517 6018 790074 1
6731 6155 790084 1
6941 6288 790094 1
7130 6414 790104 1
7306 6510 790114 1
7466 6585 790124 1
7618 6647 790134 1
7764 6698 790144 1
7924 6741 790154 1
8067 6783 790164 1
8217 6824 790174 1
8378 6862 790184 1
8532 6896 790194 1
8685 6926 790204 1
8837 6949 790214 1
8998 6966 790224 1
9161 6995 790234 1
9331 7032 790244 1
9515 7081 790254 1
9678 7138 790264 1
9828 7201 790274 1
9964 7247 790284 1
10067 7288 790294 1
10148 7318 790304 1
10211 7334 790314 1
10261 7341 790324 1
10303 7347 790334 1
10333 7352 790344 1
10357 7352 790354 1
10376 7352 790364 1
10383 7352 790374 1
10383 7352 790384 1
10383 7352 790394 1
10371 7346 790404 1
