219
5122 5605 227517 0
5122 5605 227527 1
5122 5605 227537 1
5122 5605 227547 1
5122 5605 227557 1
5122 5605 227567 1
5122 5605 227577 1
5122 5605 227587 1
5122 5605 227597 1
5204 5599 227607 1
5226 5628 227617 1
5247 5693 227627 1
5266 5781 227637 1
5278 5889 227647 1
5285 5984 227657 1
5285 6070 227667 1
5270 6157 227677 1
5247 6244 227687 1
5219 6326 227697 1
5186 6405 227707 1
5149 6444 227717 1
5117 6462 227727 1
5080 6462 227737 1
5040 6445 227747 1
5008 6420 227757 1
4973 6354 227767 1
4936 6264 227777 1
4905 6150 227787 1
4878 6007 227797 1
4856 5845 227807 1
4843 5684 227817 1
4843 5527 227827 1
4843 5374 227837 1
4858 5204 227847 1
4877 5048 227857 1
4900 4910 227867 1
4937 4781 227877 1
4985 4680 227887 1
5046 4609 227897 1
5125 4558 227907 1
5215 4530 227917 1
5308 4524 227927 1
5392 4532 227937 1
5471 4574 227947 1
5551 4665 227957 1
5632 4790 227967 1
5647 5983 228148 0
5647 5983 228158 1
5647 5983 228168 1
5718 6012 228178 1
5771 6042 228188 1
5824 6080 228198 1
5876 6109 228208 1
5927 6132 228218 1
5887 5517 228338 0
5903 5364 228348 1
5885 5258 228358 1
5885 5147 228368 1
5885 5034 228378 1
5891 4945 228388 1
5891 4869 228398 1
5897 4803 228408 1
5903 4760 228418 1
5913 4753 228428 1
6281 5798 228548 0
6281 5798 228558 1
6281 5798 228568 1
6281 5798 228578 1
6281 5798 228588 1
6304 5655 228598 1
6294 5542 228608 1
6282 5420 228618 1
6277 5301 228628 1
6277 5215 228638 1
6277 5151 228648 1
6277 5124 228658 1
6277 5114 228668 1
6277 5114 228678 1
6277 5114 228688 1
6283 5141 228698 1
6290 5183 228708 1
6300 5265 228718 1
6309 5376 228728 1
6317 5506 228738 1
6334 5628 228748 1
6354 5733 228758 1
6379 5827 228768 1
6408 5901 228778 1
6441 5950 228788 1
6475 5982 228798 1
6509 5995 228808 1
6545 5981 228818 1
6581 5950 228828 1
6612 5874 228838 1
6640 5780 228848 1
6658 5673 228858 1
6671 5578 228868 1
6681 5512 228878 1
6688 5465 228888 1
6693 5430 228898 1
6698 5412 228908 1
7237 6330 229029 0
7308 6480 229039 1
7302 6491 229049 1
7288 6491 229059 1
7269 6480 229069 1
7232 6449 229079 1
7188 6396 229089 1
7138 6329 229099 1
7103 6249 229109 1
7071 6164 229119 1
7061 6076 229129 1
7061 5987 229139 1
7101 5915 229149 1
7155 5854 229159 1
7221 5823 229169 1
7288 5805 229179 1
7353 5797 229189 1
7415 5812 229199 1
7463 5842 229209 1
7502 5881 229219 1
7527 5933 229229 1
7536 5993 229239 1
7536 6058 229249 1
7510 6149 229259 1
7462 6282 229269 1
7398 6443 229279 1
7310 6629 229289 1
7206 6833 229299 1
7090 7050 229309 1
6977 7250 229319 1
6883 7412 229329 1
6801 7550 229339 1
6704 7595 229349 1
6655 7622 229359 1
6637 7638 229369 1
6637 7643 229379 1
6637 7643 229389 1
6663 7643 229399 1
7674 6882 229590 0
7604 6778 229600 1
7591 6731 229610 1
7597 6664 229620 1
7629 6586 229630 1
7663 6523 229640 1
7702 6476 229650 1
7741 6440 229660 1
7784 6414 229670 1
7830 6404 229680 1
7880 6404 229690 1
7929 6417 229700 1
7972 6454 229710 1
8011 6507 229720 1
8047 6577 229730 1
8073 6679 229740 1
8093 6802 229750 1
8102 6965 229760 1
8109 7104 229770 1
8114 7226 229780 1
8114 7272 229790 1
8107 7272 229800 1
8099 7234 229810 1
8080 7161 229820 1
8056 7038 229830 1
8028 6881 229840 1
8011 6673 229850 1
7997 6410 229860 1
7997 6111 229870 1
8007 5769 229880 1
8052 5456 229890 1
8100 5163 229900 1
8160 4938 229910 1
8227 4748 229920 1
8294 4582 229930 1
8353 4492 229940 1
8383 4416 229950 1
8395 4349 229960 1
8395 4312 229970 1
8375 4288 229980 1
8352 4273 229990 1
8314 4266 230000 1
8246 4275 230010 1
8159 4295 230020 1
8036 4319 230030 1
7871 4343 230040 1
7677 4368 230050 1
7470 4393 230060 1
7246 4419 230070 1
7010 4441 230080 1
6773 4460 230090 1
6506 4474 230100 1
6219 4466 230110 1
5930 4443 230120 1
5617 4382 230130 1
5289 4265 230140 1
4962 4110 230150 1
4657 3931 230160 1
4366 3782 230170 1
4144 3652 230180 1
3976 3575 230190 1
3844 3538 230200 1
3781 3527 230210 1
3767 3535 230220 1
3786 3611 230230 1
3858 3733 230240 1
4021 3903 230250 1
4244 4113 230260 1
4551 4351 230270 1
4939 4616 230280 1
5380 4904 230290 1
5889 5207 230300 1
6377 5498 230310 1
6852 5769 230320 1
7285 6026 230330 1
7720 6278 230340 1
8129 6519 230350 1
8519 6752 230360 1
8880 6936 230370 1
9172 7065 230380 1
