217
6030 5699 244581 0
6030 5699 244591 1
6030 5699 244601 1
6030 5699 244611 1
6106 5671 244621 1
6131 5687 244631 1
6155 5709 244641 1
6176 5756 244651 1
6202 5833 244661 1
6229 5931 244671 1
6258 6026 244681 1
6269 6117 244691 1
6269 6199 244701 1
6252 6283 244711 1
6226 6370 244721 1
6194 6455 244731 1
6153 6524 244741 1
6109 6583 244751 1
6063 6619 244761 1
6012 6625 244771 1
5962 6612 244781 1
5911 6566 244791 1
5860 6491 244801 1
5814 6398 244811 1
5765 6275 244821 1
5717 6126 244831 1
5674 5961 244841 1
5638 5751 244851 1
5624 5541 244861 1
5624 5313 244871 1
5650 5074 244881 1
5694 4910 244891 1
5751 4778 244901 1
5828 4668 244911 1
5905 4622 244921 1
5981 4616 244931 1
6079 4638 244941 1
6183 4697 244951 1
6295 4800 244961 1
6401 4933 244971 1
6490 5050 244981 1
6570 5162 244991 1
6506 6070 245152 0
6506 6070 245162 1
6572 6080 245172 1
6588 6110 245182 1
6646 6151 245192 1
6705 6200 245202 1
6769 6243 245212 1
6818 6271 245222 1
6858 6289 245232 1
6799 5846 245362 0
6782 5758 245372 1
6747 5722 245382 1
6724 5673 245392 1
6710 5591 245402 1
6695 5488 245412 1
6684 5344 245422 1
6684 5197 245432 1
6689 5102 245442 1
6704 5044 245452 1
6724 5018 245462 1
6744 5018 245472 1
6766 5046 245482 1
6938 5688 245563 0
7002 5857 245573 1
7020 5902 245583 1
7035 5929 245593 1
7050 5947 245603 1
7059 5947 245613 1
7059 5932 245623 1
7072 5874 245633 1
7072 5779 245643 1
7072 5660 245653 1
7061 5575 245663 1
7052 5512 245673 1
7042 5464 245683 1
7042 5435 245693 1
7042 5415 245703 1
7042 5402 245713 1
7042 5397 245723 1
7054 5407 245733 1
7066 5428 245743 1
7085 5509 245753 1
7110 5625 245763 1
7142 5765 245773 1
7183 5950 245783 1
7234 6097 245793 1
7291 6220 245803 1
7337 6251 245813 1
7376 6251 245823 1
7409 6233 245833 1
7443 6167 245843 1
7468 6067 245853 1
7487 5945 245863 1
7507 5844 245873 1
7525 5773 245883 1
7538 5721 245893 1
7548 5688 245903 1
7557 5674 245913 1
7906 6393 246003 0
7967 6633 246013 1
7960 6676 246023 1
7952 6683 246033 1
7935 6667 246043 1
7911 6622 246053 1
7859 6515 246063 1
7810 6368 246073 1
7789 6230 246083 1
7789 6129 246093 1
7813 6053 246103 1
7851 5996 246113 1
7896 5958 246123 1
7933 5932 246133 1
7963 5922 246143 1
7988 5931 246153 1
8009 5954 246163 1
8028 5991 246173 1
8046 6043 246183 1
8059 6104 246193 1
8059 6186 246203 1
8059 6294 246213 1
8037 6420 246223 1
8001 6551 246233 1
7954 6678 246243 1
7872 6802 246253 1
7763 6923 246263 1
7635 7041 246273 1
7534 7150 246283 1
7445 7252 246293 1
7363 7351 246303 1
7313 7444 246313 1
7266 7532 246323 1
7242 7565 246333 1
7232 7573 246343 1
7244 7565 246353 1
8283 7027 246494 0
8248 6849 246504 1
8209 6806 246514 1
8163 6763 246524 1
8163 6720 246534 1
8173 6665 246544 1
8189 6618 246554 1
8212 6590 246564 1
8244 6572 246574 1
8296 6572 246584 1
8359 6585 246594 1
8429 6611 246604 1
8499 6649 246614 1
8562 6687 246624 1
8619 6726 246634 1
8651 6757 246644 1
8670 6790 246654 1
8679 6839 246664 1
8668 6898 246674 1
8647 6999 246684 1
8618 7087 246694 1
8592 7166 246704 1
8567 7251 246714 1
8545 7281 246724 1
8527 7274 246734 1
8513 7245 246744 1
8495 7185 246754 1
8473 7104 246764 1
8468 6989 246774 1
8468 6820 246784 1
8468 6614 246794 1
8475 6318 246804 1
8482 6017 246814 1
8517 5682 246824 1
8552 5327 246834 1
8601 5035 246844 1
8658 4795 246854 1
8721 4589 246864 1
8772 4472 246874 1
8814 4373 246884 1
8857 4285 246894 1
8881 4246 246904 1
8872 4215 246914 1
8846 4189 246924 1
8805 4176 246934 1
8735 4183 246944 1
8645 4204 246954 1
8499 4237 246964 1
8298 4282 246974 1
8059 4334 246984 1
7796 4393 246994 1
7491 4450 247004 1
7159 4504 247014 1
6851 4529 247024 1
6523 4535 247034 1
6181 4494 247044 1
5872 4375 247054 1
5553 4204 247064 1
5228 4025 247074 1
4951 3884 247084 1
4719 3769 247094 1
4517 3683 247104 1
4402 3640 247114 1
4358 3627 247124 1
4358 3635 247134 1
4407 3699 247144 1
4529 3800 247154 1
4701 3950 247164 1
4968 4161 247174 1
5328 4412 247184 1
5750 4716 247194 1
6219 5068 247204 1
6736 5451 247214 1
7285 5800 247224 1
7786 6125 247234 1
8226 6433 247244 1
8626 6697 247254 1
9014 6933 247264 1
9327 7151 247274 1
9589 7295 247284 1
9800 7377 247294 1
