281
3577 8003 63497083 0
3677 8033 63497093 1
3695 8074 63497103 1
3717 8107 63497113 1
3780 8134 63497123 1
3867 8126 63497133 1
3987 8103 63497143 1
4086 8070 63497153 1
4172 8030 63497163 1
4265 7990 63497174 1
4334 7947 63497184 1
4387 7903 63497194 1
4423 7870 63497204 1
4443 7846 63497214 1
4452 7830 63497224 1
4452 7813 63497234 1
3665 7429 63497354 0
3689 7396 63497364 1
3698 7417 63497374 1
3698 7417 63497384 1
3744 7432 63497394 1
3808 7451 63497404 1
3884 7456 63497414 1
3946 7446 63497424 1
4009 7426 63497434 1
4069 7397 63497444 1
4109 7365 63497454 1
4137 7325 63497464 1
4144 7273 63497474 1
4119 7196 63497484 1
4073 7104 63497494 1
4007 6986 63497504 1
3943 6866 63497514 1
3881 6772 63497524 1
3836 6696 63497534 1
3797 6638 63497544 1
3781 6609 63497554 1
3850 6684 63497594 0
3981 6852 63497604 1
4048 6937 63497614 1
4115 7021 63497624 1
4178 7076 63497634 1
4238 7107 63497644 1
4274 7121 63497654 1
4294 7115 63497664 1
4303 7078 63497674 1
4278 7020 63497684 1
4214 6913 63497694 1
4125 6794 63497704 1
4015 6666 63497714 1
3902 6529 63497724 1
3787 6408 63497734 1
3692 6297 63497744 1
3638 6232 63497754 1
3610 6198 63497764 1
3622 6186 63497774 1
3664 6186 63497784 1
3727 6209 63497794 1
3805 6251 63497804 1
3885 6311 63497814 1
3973 6387 63497824 1
4067 6475 63497834 1
4166 6557 63497844 1
4263 6633 63497854 1
3275 5813 63497975 0
3263 5719 63497985 1
3237 5719 63497995 1
3289 5736 63498005 1
3389 5782 63498015 1
3520 5849 63498025 1
3695 5943 63498035 1
3872 6036 63498045 1
4196 6263 63498075 0
4416 6458 63498085 1
4479 6525 63498095 1
4508 6572 63498105 1
4519 6606 63498115 1
4519 6630 63498125 1
4461 6653 63498155 0
4361 6642 63498165 1
4316 6629 63498175 1
4279 6615 63498185 1
4256 6581 63498195 1
4241 6535 63498205 1
4241 6447 63498215 1
4241 6330 63498225 1
4250 6194 63498235 1
4260 6048 63498245 1
4265 5902 63498255 1
4265 5759 63498265 1
4258 5648 63498275 1
4250 5556 63498285 1
4238 5464 63498295 1
4223 5378 63498305 1
4216 5297 63498315 1
4208 5234 63498325 1
4197 5189 63498335 1
4184 5157 63498345 1
4172 5143 63498355 1
4154 5150 63498365 1
4131 5172 63498375 1
4110 5236 63498385 1
4091 5333 63498395 1
4084 5453 63498405 1
4084 5554 63498415 1
4084 5651 63498425 1
4090 5725 63498435 1
4096 5787 63498445 1
4101 5828 63498455 1
4101 5847 63498465 1
4092 5852 63498475 1
4080 5852 63498485 1
4080 5852 63498495 1
4032 5817 63498505 1
3992 5779 63498515 1
3952 5733 63498525 1
3911 5686 63498535 1
3868 5637 63498545 1
3827 5591 63498555 1
3785 5546 63498565 1
3590 5377 63498626 0
3737 5434 63498636 1
3843 5487 63498646 1
3979 5543 63498656 1
4128 5607 63498666 1
4285 5673 63498676 1
4420 5740 63498686 1
4531 5800 63498696 1
4625 5858 63498706 1
5111 7010 63498846 0
5230 7147 63498856 1
5263 7217 63498866 1
5280 7308 63498876 1
5303 7343 63498886 1
5317 7357 63498896 1
5325 7357 63498906 1
5320 7351 63498916 1
5291 7300 63498926 1
5247 7221 63498936 1
5183 7130 63498946 1
5121 7049 63498956 1
5066 6976 63498966 1
5022 6916 63498976 1
4987 6862 63498986 1
4961 6811 63498996 1
4942 6755 63499006 1
4929 6678 63499016 1
4922 6587 63499026 1
4922 6464 63499036 1
4917 6318 63499046 1
4917 6158 63499056 1
4908 6024 63499066 1
4895 5898 63499076 1
4877 5778 63499086 1
4849 5690 63499096 1
4815 5611 63499106 1
4768 5537 63499116 1
4720 5477 63499126 1
4672 5439 63499136 1
4640 5416 63499146 1
4634 5428 63499156 1
4644 5480 63499166 1
4695 5559 63499176 1
4783 5659 63499186 1
4895 5772 63499196 1
5017 5895 63499206 1
5143 6001 63499216 1
5282 6087 63499226 1
5428 6160 63499236 1
5559 6222 63499246 1
5685 6280 63499256 1
5807 6330 63499266 1
5902 6373 63499276 1
5971 6406 63499286 1
6023 6421 63499296 1
5747 6215 63499407 0
5720 6195 63499417 1
5720 6190 63499427 1
5728 6185 63499437 1
5745 6149 63499447 1
5775 6078 63499457 1
5814 5985 63499467 1
5846 5851 63499477 1
5868 5706 63499487 1
5884 5555 63499497 1
5879 5367 63499507 1
5866 5159 63499517 1
5847 4939 63499527 1
5826 4713 63499537 1
5808 4531 63499547 1
5796 4378 63499557 1
5791 4227 63499567 1
5785 4103 63499577 1
5779 3997 63499587 1
5771 3919 63499597 1
7291 7501 63499888 0
7311 7606 63499898 1
7322 7647 63499908 1
7335 7686 63499918 1
7355 7724 63499928 1
7381 7760 63499938 1
7404 7788 63499948 1
7423 7794 63499958 1
7442 7786 63499968 1
7461 7754 63499978 1
7467 7666 63499988 1
7467 7542 63499998 1
7430 7380 63500008 1
7389 7241 63500018 1
7344 7118 63500028 1
7283 7000 63500038 1
7216 6886 63500048 1
7145 6775 63500058 1
7068 6686 63500068 1
6851 6469 63500118 0
6943 6514 63500128 1
7041 6575 63500138 1
7158 6652 63500148 1
7305 6737 63500158 1
7442 6825 63500168 1
7573 6915 63500178 1
7681 6989 63500188 1
7772 7035 63500198 1
7851 7062 63500208 1
7075 6369 63500358 0
7119 6333 63500368 1
7139 6368 63500378 1
7152 6368 63500388 1
7226 6395 63500398 1
7324 6431 63500408 1
7438 6450 63500418 1
7536 6466 63500428 1
7611 6474 63500438 1
7671 6481 63500448 1
7696 6472 63500458 1
7696 6454 63500468 1
7675 6408 63500478 1
7618 6327 63500488 1
7533 6222 63500498 1
7428 6102 63500508 1
7305 5977 63500518 1
7185 5847 63500528 1
7068 5736 63500538 1
6972 5639 63500548 1
6904 5565 63500558 1
6855 5522 63500568 1
6848 5500 63500578 1
6879 5485 63500588 1
6936 5491 63500598 1
7029 5512 63500608 1
7172 5559 63500618 1
7347 5622 63500628 1
7554 5695 63500638 1
7772 5781 63500648 1
7998 5866 63500658 1
8179 5951 63500668 1
8333 6017 63500678 1
8470 6066 63500688 1
8557 6105 63500698 1
8601 6128 63500709 1
8601 6128 63500719 1
8462 6264 63500749 0
8248 6382 63500759 1
8162 6443 63500769 1
8088 6480 63500779 1
8036 6502 63500789 1
8004 6508 63500799 1
7986 6508 63500809 1
7986 6508 63500819 1
7996 6477 63500829 1
8016 6421 63500839 1
8047 6314 63500849 1
8084 6154 63500859 1
8122 5960 63500869 1
8151 5691 63500879 1
8174 5420 63500889 1
8188 5147 63500899 1
8188 4862 63500909 1
8188 4643 63500919 1
8171 4467 63500929 1
8144 4293 63500939 1
