253
4282 8165 63490814 0
4394 8174 63490824 1
4394 8183 63490834 1
4389 8183 63490844 1
4457 8178 63490854 1
4572 8141 63490864 1
4672 8099 63490874 1
4767 8050 63490884 1
4148 7487 63491055 0
4265 7444 63491065 1
4281 7481 63491075 1
4258 7559 63491085 1
4320 7569 63491095 1
4385 7558 63491105 1
4455 7534 63491115 1
4512 7475 63491125 1
4561 7393 63491135 1
4567 7297 63491145 1
4542 7199 63491155 1
4495 7100 63491165 1
4434 7001 63491175 1
4369 6902 63491185 1
4302 6823 63491195 1
4263 6757 63491205 1
4229 6717 63491215 1
4220 6700 63491225 1
4226 6700 63491235 1
4260 6721 63491245 1
4419 6883 63491275 0
4613 7096 63491285 1
4707 7191 63491295 1
4799 7265 63491305 1
4866 7325 63491315 1
4901 7341 63491325 1
4914 7327 63491335 1
4909 7294 63491345 1
4870 7227 63491355 1
4807 7127 63491365 1
4699 7006 63491375 1
4572 6861 63491385 1
4433 6730 63491395 1
4302 6609 63491405 1
4196 6511 63491415 1
4106 6436 63491425 1
4062 6376 63491435 1
4052 6354 63491445 1
4065 6354 63491455 1
4108 6360 63491465 1
4185 6408 63491475 1
4284 6478 63491485 1
4396 6562 63491495 1
4513 6643 63491505 1
4640 6722 63491515 1
4771 6796 63491525 1
4867 6864 63491535 1
3549 5764 63491666 0
3456 5569 63491676 1
3420 5569 63491686 1
3480 5622 63491696 1
3604 5681 63491706 1
3781 5772 63491716 1
3961 5885 63491726 1
4160 6004 63491736 1
4371 6115 63491746 1
4560 6214 63491756 1
4732 6310 63491766 1
4892 6401 63491776 1
5010 6489 63491786 1
5093 6545 63491796 1
5153 6582 63491806 1
4963 6595 63491866 0
4848 6585 63491876 1
4805 6590 63491886 1
4783 6583 63491896 1
4774 6571 63491906 1
4766 6526 63491916 1
4775 6462 63491926 1
4795 6339 63491936 1
4813 6192 63491946 1
4826 6029 63491956 1
4835 5837 63491966 1
4842 5673 63491976 1
4849 5529 63491986 1
4849 5401 63491996 1
4849 5283 63492006 1
4839 5173 63492016 1
4826 5082 63492026 1
4809 5007 63492036 1
4792 4942 63492046 1
4773 4906 63492056 1
4672 5326 63492106 0
4695 5637 63492116 1
4675 5766 63492126 1
4658 5858 63492136 1
4646 5923 63492146 1
4640 5972 63492156 1
4632 5983 63492166 1
4607 5969 63492176 1
4572 5953 63492186 1
4528 5911 63492196 1
4463 5853 63492206 1
4383 5760 63492216 1
4306 5685 63492226 1
4230 5621 63492236 1
4154 5555 63492246 1
4095 5489 63492256 1
4162 5506 63492347 0
4537 5689 63492357 1
4684 5792 63492367 1
4802 5827 63492377 1
4925 5862 63492387 1
5030 5894 63492397 1
5123 5913 63492407 1
5202 5924 63492417 1
5254 5936 63492427 1
5288 5950 63492437 1
5298 5970 63492447 1
5298 5993 63492457 1
5293 6032 63492467 1
5367 6824 63492537 0
5504 7132 63492547 1
5540 7227 63492557 1
5547 7264 63492567 1
5570 7274 63492577 1
5596 7265 63492587 1
5626 7231 63492597 1
5656 7129 63492607 1
5656 6982 63492617 1
5646 6792 63492627 1
5620 6636 63492637 1
5578 6503 63492647 1
5526 6358 63492657 1
5469 6225 63492667 1
5412 6101 63492677 1
5381 6023 63492687 1
5366 5988 63492697 1
5374 5982 63492707 1
5410 5988 63492717 1
5465 6032 63492727 1
5565 6101 63492737 1
5695 6187 63492747 1
5845 6276 63492757 1
5991 6368 63492767 1
6138 6454 63492777 1
6287 6535 63492787 1
6510 6699 63492877 0
6364 6580 63492887 1
6279 6509 63492897 1
6229 6435 63492907 1
6195 6298 63492917 1
6171 6124 63492927 1
6162 5925 63492937 1
6155 5696 63492947 1
6149 5459 63492957 1
6149 5216 63492967 1
6149 4971 63492977 1
6149 4754 63492987 1
6137 4555 63492997 1
6121 4388 63493007 1
6095 4220 63493017 1
6068 4080 63493027 1
7569 7576 63493348 0
7677 7677 63493358 1
7713 7760 63493368 1
7735 7815 63493378 1
7799 7853 63493388 1
7864 7861 63493398 1
7912 7824 63493408 1
7948 7758 63493418 1
7961 7658 63493428 1
7955 7547 63493438 1
7937 7429 63493448 1
7900 7334 63493458 1
7847 7244 63493468 1
7782 7157 63493478 1
7707 7062 63493488 1
7624 6964 63493498 1
7535 6863 63493508 1
7449 6784 63493518 1
7386 6719 63493528 1
7339 6690 63493538 1
7334 6690 63493548 1
7385 6716 63493558 1
7473 6767 63493568 1
7586 6836 63493578 1
7704 6917 63493588 1
7840 6999 63493598 1
7987 7079 63493608 1
8116 7155 63493618 1
8247 7228 63493628 1
8380 7294 63493638 1
8488 7354 63493648 1
8581 7387 63493658 1
7490 6542 63493809 0
7633 6521 63493819 1
7698 6640 63493829 1
7749 6708 63493839 1
7871 6741 63493849 1
7993 6782 63493859 1
8111 6809 63493869 1
8214 6827 63493879 1
8308 6827 63493889 1
8357 6805 63493899 1
8363 6778 63493909 1
8341 6735 63493919 1
8274 6666 63493929 1
8178 6581 63493939 1
8062 6472 63493949 1
7917 6340 63493959 1
7768 6192 63493969 1
7615 6076 63493979 1
7498 5972 63493989 1
7413 5877 63493999 1
7349 5819 63494009 1
7334 5798 63494019 1
7352 5798 63494029 1
7391 5819 63494039 1
7480 5873 63494049 1
7619 5952 63494059 1
7790 6045 63494069 1
8012 6142 63494079 1
8231 6242 63494089 1
8449 6332 63494099 1
8655 6422 63494109 1
8818 6480 63494119 1
8953 6518 63494129 1
9037 6545 63494139 1
9087 6566 63494149 1
9113 6577 63494159 1
9103 6582 63494169 1
9068 6606 63494179 1
9017 6642 63494189 1
8926 6684 63494199 1
8830 6738 63494209 1
8730 6801 63494219 1
8661 6860 63494229 1
8615 6895 63494239 1
8585 6913 63494249 1
8578 6913 63494259 1
8578 6908 63494269 1
8583 6866 63494279 1
8594 6799 63494289 1
8609 6682 63494299 1
8623 6516 63494309 1
8639 6317 63494319 1
8639 6085 63494329 1
8639 5819 63494339 1
8611 5530 63494349 1
8556 5176 63494359 1
8481 4831 63494369 1
8415 4492 63494379 1
8352 4227 63494389 1
8307 4024 63494399 1
