359
3540 7806 83602103 0
3534 7831 83602113 1
3534 7838 83602123 1
3529 7845 83602133 1
3529 7850 83602143 1
3529 7850 83602153 1
3535 7850 83602163 1
3544 7850 83602173 1
3557 7844 83602183 1
3573 7839 83602193 1
3595 7829 83602203 1
3623 7813 83602213 1
3659 7789 83602223 1
3702 7757 83602233 1
3747 7714 83602243 1
3785 7662 83602253 1
3818 7606 83602263 1
3853 7550 83602273 1
3878 7494 83602283 1
3896 7448 83602293 1
3901 7407 83602303 1
3883 7363 83602313 1
3849 7313 83602323 1
3774 7249 83602333 1
3218 6940 83602393 0
3074 6844 83602403 1
3044 6826 83602413 1
3038 6826 83602423 1
3049 6821 83602433 1
3084 6821 83602443 1
3148 6843 83602453 1
3232 6889 83602463 1
3328 6950 83602473 1
3425 7015 83602483 1
3522 7056 83602493 1
3581 7081 83602503 1
3617 7065 83602513 1
3623 7004 83602523 1
3583 6914 83602533 1
3511 6782 83602543 1
3425 6641 83602553 1
3319 6493 83602563 1
3200 6312 83602573 1
3086 6156 83602583 1
3001 6016 83602593 1
2935 5907 83602603 1
2908 5846 83602613 1
2908 5816 83602623 1
2916 5816 83602633 1
2958 5865 83602643 1
3042 5944 83602653 1
3155 6062 83602663 1
3291 6189 83602673 1
3428 6322 83602683 1
3546 6446 83602693 1
3650 6522 83602703 1
3705 6567 83602713 1
3717 6567 83602723 1
3701 6533 83602733 1
3657 6477 83602743 1
3586 6361 83602753 1
3496 6243 83602763 1
3399 6112 83602773 1
3312 5973 83602783 1
3231 5857 83602793 1
3191 5787 83602803 1
3184 5748 83602813 1
3199 5732 83602823 1
3235 5732 83602833 1
3298 5742 83602843 1
3379 5793 83602853 1
3482 5877 83602863 1
3600 5984 83602873 1
3728 6077 83602883 1
3812 6138 83602893 1
3852 6177 83602903 1
3863 6177 83602913 1
3848 6149 83602923 1
3782 6101 83602933 1
3683 5984 83602943 1
3535 5831 83602953 1
3372 5653 83602963 1
3198 5466 83602973 1
3024 5273 83602983 1
2889 5116 83602993 1
2780 4984 83603003 1
2728 4906 83603013 1
2719 4876 83603023 1
2739 4876 83603033 1
2788 4896 83603043 1
2871 4951 83603053 1
2976 5032 83603063 1
3120 5135 83603073 1
3271 5246 83603083 1
3427 5362 83603093 1
3561 5462 83603103 1
3667 5523 83603113 1
3753 5558 83603123 1
3768 5558 83603133 1
3754 5522 83603143 1
3721 5469 83603153 1
3623 5347 83603163 1
3500 5200 83603173 1
3359 5037 83603183 1
3195 4829 83603193 1
3035 4620 83603203 1
2878 4414 83603213 1
2750 4210 83603223 1
2651 4046 83603233 1
2570 3932 83603243 1
2543 3851 83603253 1
2543 3822 83603263 1
2567 3822 83603273 1
2634 3838 83603283 1
2737 3903 83603293 1
2865 3999 83603303 1
3018 4117 83603313 1
3179 4245 83603323 1
3346 4378 83603333 1
3487 4514 83603343 1
3606 4630 83603353 1
3711 4736 83603363 1
3771 4835 83603373 1
3788 4920 83603383 1
3777 5001 83603393 1
3747 5075 83603403 1
3708 5125 83603413 1
3662 5158 83603423 1
3637 5164 83603433 1
3622 5164 83603443 1
3614 5153 83603453 1
3601 5106 83603463 1
3586 5035 83603473 1
3570 4935 83603483 1
3570 4818 83603493 1
3565 4689 83603503 1
3565 4550 83603513 1
3578 4380 83603523 1
3595 4190 83603533 1
3619 3987 83603543 1
3644 3819 83603553 1
3668 3675 83603563 1
3680 3585 83603573 1
3692 3530 83603583 1
3698 3498 83603593 1
3698 3492 83603603 1
3686 3492 83603613 1
3643 3492 83603623 1
3586 3517 83603633 1
3519 3544 83603643 1
3449 3575 83603653 1
3379 3601 83603663 1
3302 3625 83603673 1
3219 3646 83603683 1
3137 3664 83603693 1
3060 3685 83603703 1
3003 3707 83603713 1
2959 3725 83603723 1
2939 3746 83603733 1
2924 3768 83603743 1
2918 3788 83603753 1
2941 3833 83603763 1
2982 3896 83603773 1
3068 3984 83603783 1
3205 4110 83603793 1
3377 4261 83603803 1
3585 4465 83603813 1
3804 4667 83603823 1
4030 4869 83603833 1
4246 5073 83603843 1
4425 5229 83603853 1
4580 5366 83603863 1
4722 5491 83603873 1
4833 5599 83603883 1
4922 5715 83603893 1
5005 5836 83603903 1
5075 5988 83603913 1
5137 6136 83603923 1
5178 6275 83603933 1
5192 6384 83603943 1
5187 6475 83603953 1
5163 6531 83603963 1
5132 6565 83603973 1
5095 6585 83603983 1
5051 6585 83603993 1
5008 6547 83604003 1
4954 6492 83604013 1
4893 6356 83604023 1
4820 6154 83604033 1
4728 5907 83604043 1
4624 5609 83604053 1
4524 5298 83604063 1
4444 4979 83604073 1
4376 4693 83604083 1
4331 4476 83604093 1
4302 4306 83604103 1
4284 4159 83604113 1
4272 4080 83604123 1
4272 4047 83604133 1
4284 4047 83604143 1
4316 4100 83604153 1
4397 4180 83604163 1
4511 4334 83604173 1
4662 4498 83604183 1
4820 4668 83604193 1
4983 4855 83604203 1
5148 5040 83604213 1
5316 5223 83604223 1
5463 5411 83604233 1
5594 5578 83604243 1
5702 5730 83604253 1
5773 5846 83604263 1
5818 5912 83604273 1
5829 5945 83604283 1
5822 5945 83604293 1
5803 5940 83604303 1
5767 5904 83604313 1
5717 5848 83604323 1
5657 5752 83604333 1
5596 5612 83604343 1
5528 5444 83604353 1
5456 5163 83604363 1
5377 4831 83604373 1
5298 4466 83604383 1
5237 4065 83604393 1
5187 3654 83604403 1
5187 3236 83604413 1
5172 2811 83604423 1
5155 2451 83604433 1
5155 2134 83604443 1
5143 1817 83604453 1
5131 1576 83604463 1
5126 1385 83604473 1
5121 1244 83604483 1
5121 1154 83604493 1
5115 1098 83604503 1
5115 1098 83604513 1
7393 7262 83605007 0
7497 7367 83605017 1
7519 7418 83605027 1
7519 7434 83605037 1
7519 7425 83605047 1
7519 7418 83605057 1
7498 7352 83605067 1
7448 7246 83605077 1
7379 7080 83605087 1
7269 6891 83605097 1
7153 6686 83605107 1
7032 6510 83605117 1
6931 6363 83605127 1
6863 6235 83605137 1
6816 6187 83605147 1
6816 6175 83605157 1
6851 6188 83605167 1
6902 6226 83605177 1
7004 6304 83605187 1
7146 6408 83605197 1
7315 6517 83605207 1
7489 6621 83605217 1
7662 6714 83605227 1
7841 6812 83605237 1
8025 6914 83605247 1
8168 7009 83605257 1
8293 7082 83605267 1
8407 7140 83605277 1
8465 7169 83605287 1
8478 7175 83605297 1
8460 7167 83605307 1
8427 7148 83605317 1
8354 7090 83605327 1
8253 7007 83605337 1
8143 6898 83605347 1
8025 6782 83605357 1
7902 6661 83605367 1
7537 6293 83605418 0
7537 6293 83605428 1
7537 6293 83605438 1
7537 6293 83605448 1
7537 6293 83605458 1
7537 6293 83605468 1
7537 6293 83605478 1
7506 6255 83605488 1
7460 6185 83605498 1
7397 6083 83605508 1
7320 5955 83605518 1
7235 5810 83605528 1
7145 5675 83605538 1
7061 5511 83605548 1
6980 5328 83605558 1
6905 5143 83605568 1
6838 4982 83605578 1
6808 4838 83605588 1
6802 4742 83605598 1
6821 4692 83605608 1
6844 4673 83605618 1
6889 4673 83605628 1
6946 4724 83605638 1
7039 4799 83605648 1
7157 4921 83605658 1
7292 5042 83605668 1
7407 5132 83605678 1
7483 5203 83605688 1
7534 5238 83605698 1
7534 5238 83605708 1
7509 5225 83605718 1
7461 5160 83605728 1
7360 5033 83605738 1
7225 4865 83605748 1
7068 4649 83605758 1
6916 4430 83605768 1
6777 4210 83605778 1
6646 4038 83605788 1
6590 3930 83605798 1
6590 3866 83605808 1
6617 3844 83605818 1
6703 3864 83605828 1
6857 3912 83605838 1
7057 4024 83605848 1
7315 4174 83605858 1
7595 4349 83605868 1
7889 4518 83605878 1
8135 4670 83605888 1
8360 4811 83605898 1
8572 4935 83605908 1
8717 5035 83605918 1
8812 5118 83605928 1
8874 5210 83605938 1
8906 5327 83605948 1
8894 5460 83605958 1
8852 5611 83605968 1
8774 5761 83605978 1
8674 5917 83605988 1
8558 6077 83605998 1
8438 6191 83606008 1
8320 6284 83606018 1
8207 6364 83606028 1
8122 6427 83606038 1
8055 6465 83606048 1
8003 6487 83606058 1
7969 6481 83606068 1
7947 6437 83606078 1
7930 6367 83606088 1
7917 6225 83606098 1
7911 6016 83606108 1
7911 5763 83606118 1
7911 5492 83606128 1
7916 5158 83606138 1
7916 4781 83606148 1
7909 4424 83606158 1
7902 4025 83606168 1
7893 3587 83606178 1
7882 3137 83606188 1
7882 2613 83606198 1
7894 2119 83606208 1
7924 1646 83606218 1
7950 1279 83606228 1
7980 953 83606238 1
8015 654 83606248 1
8048 423 83606258 1
