261
3611 8322 31709458 0
3972 8352 31709468 1
3958 8406 31709478 1
3979 8371 31709488 1
4022 8294 31709498 1
4135 8190 31709508 1
4271 8112 31709518 1
4422 8065 31709528 1
4540 8040 31709538 1
4617 8016 31709548 1
3707 7247 31709679 0
3810 7182 31709689 1
3805 7214 31709699 1
3775 7293 31709709 1
3803 7293 31709719 1
3880 7288 31709729 1
3990 7288 31709739 1
4111 7274 31709749 1
4198 7229 31709759 1
4261 7160 31709769 1
4261 7042 31709779 1
4220 6891 31709789 1
4145 6717 31709799 1
4055 6558 31709809 1
3963 6399 31709819 1
3870 6243 31709829 1
3800 6140 31709839 1
3773 6072 31709849 1
4044 6505 31709889 0
4320 6785 31709899 1
4436 6887 31709909 1
4499 6935 31709919 1
4528 6947 31709929 1
4535 6933 31709939 1
4528 6877 31709949 1
4483 6794 31709959 1
4413 6670 31709969 1
4293 6509 31709979 1
4138 6323 31709989 1
3960 6122 31709999 1
3794 5943 31710009 1
3631 5779 31710019 1
3546 5702 31710029 1
3512 5679 31710039 1
3547 5691 31710049 1
3645 5733 31710059 1
3784 5843 31710069 1
3947 5998 31710079 1
4136 6147 31710089 1
4342 6296 31710099 1
4524 6446 31710109 1
4676 6551 31710119 1
4807 6612 31710129 1
4875 6644 31710139 1
4892 6644 31710149 1
4603 6321 31710189 0
4110 5856 31710199 1
3847 5601 31710209 1
3584 5382 31710219 1
3402 5187 31710229 1
3309 5086 31710239 1
3275 5049 31710249 1
3309 5056 31710259 1
3391 5080 31710269 1
3506 5164 31710279 1
3691 5287 31710289 1
3879 5439 31710299 1
4071 5588 31710309 1
4260 5729 31710319 1
4441 5862 31710329 1
4578 5985 31710339 1
4692 6076 31710349 1
4769 6147 31710359 1
4790 6192 31710369 1
4774 6231 31710379 1
4722 6247 31710389 1
4646 6247 31710399 1
4553 6212 31710409 1
4476 6136 31710419 1
4403 6034 31710429 1
4356 5895 31710439 1
4324 5729 31710449 1
4309 5545 31710459 1
4295 5289 31710469 1
4282 5032 31710479 1
4290 4811 31710489 1
4298 4614 31710499 1
4298 4464 31710509 1
4298 4336 31710519 1
4287 4224 31710529 1
4277 4158 31710539 1
4267 4133 31710549 1
4258 4133 31710559 1
4221 4155 31710569 1
4164 4265 31710579 1
4106 4434 31710589 1
4049 4611 31710599 1
4007 4782 31710609 1
3974 4902 31710619 1
3953 4989 31710629 1
3930 5029 31710639 1
3906 5049 31710649 1
3872 5057 31710659 1
3824 5047 31710669 1
3766 5015 31710679 1
3692 4968 31710689 1
3618 4887 31710699 1
3544 4789 31710709 1
3481 4681 31710719 1
3421 4586 31710729 1
3395 4531 31710739 1
3390 4502 31710749 1
3457 4529 31710759 1
3598 4607 31710769 1
3788 4719 31710779 1
4007 4882 31710789 1
4250 5053 31710799 1
4508 5230 31710809 1
4741 5407 31710819 1
4931 5566 31710829 1
5093 5712 31710839 1
5248 5872 31710849 1
5381 6041 31710859 1
5381 6041 31710870 0
5622 6629 31710880 1
5630 6770 31710890 1
5606 6872 31710900 1
5564 6929 31710910 1
5511 6953 31710920 1
5467 6953 31710930 1
5423 6929 31710940 1
5378 6842 31710950 1
5329 6714 31710960 1
5278 6547 31710970 1
5250 6350 31710980 1
5226 6134 31710990 1
5207 5892 31711000 1
5186 5648 31711010 1
5151 5430 31711020 1
5108 5230 31711030 1
5072 5106 31711040 1
5038 5037 31711050 1
5006 5005 31711060 1
5006 5022 31711070 1
5047 5126 31711080 1
5121 5287 31711090 1
5290 5477 31711100 1
5481 5631 31711110 1
5686 5761 31711120 1
5898 5877 31711130 1
6073 5970 31711140 1
6224 6047 31711150 1
6363 6105 31711160 1
6463 6160 31711170 1
6538 6195 31711180 1
6569 6219 31711190 1
6557 6219 31711200 1
6515 6202 31711210 1
6440 6164 31711220 1
6355 6090 31711230 1
6264 6012 31711240 1
6194 5893 31711250 1
6144 5749 31711260 1
6108 5601 31711270 1
6098 5415 31711280 1
6093 5204 31711290 1
6093 4939 31711300 1
6117 4609 31711310 1
6147 4237 31711320 1
6193 3808 31711330 1
6244 3395 31711340 1
6273 2994 31711350 1
6285 2624 31711360 1
6285 2331 31711370 1
6278 2090 31711380 1
6260 1913 31711390 1
7359 7424 31711722 0
7469 7617 31711732 1
7516 7734 31711742 1
7567 7848 31711752 1
7631 7905 31711762 1
7701 7905 31711772 1
7770 7863 31711782 1
7822 7771 31711792 1
7863 7647 31711802 1
7876 7503 31711812 1
7858 7354 31711822 1
7819 7224 31711832 1
7756 7107 31711842 1
7669 6988 31711852 1
7566 6859 31711862 1
7430 6724 31711872 1
7282 6602 31711882 1
7125 6517 31711892 1
7047 6457 31711902 1
7039 6457 31711912 1
7078 6493 31711922 1
7211 6557 31711932 1
7394 6662 31711942 1
7611 6774 31711952 1
7812 6892 31711962 1
7985 7013 31711972 1
8140 7101 31711982 1
8268 7168 31711992 1
8376 7202 31712002 1
8470 7202 31712012 1
7895 6661 31712092 0
7641 6494 31712102 1
7573 6487 31712112 1
7555 6482 31712122 1
7577 6482 31712132 1
7625 6488 31712142 1
7700 6502 31712152 1
7778 6516 31712162 1
7856 6529 31712172 1
7914 6509 31712182 1
7961 6448 31712192 1
7979 6361 31712202 1
7964 6236 31712212 1
7926 6089 31712222 1
7836 5927 31712232 1
7714 5742 31712242 1
7571 5568 31712252 1
7412 5402 31712262 1
7255 5255 31712272 1
7167 5172 31712282 1
7123 5133 31712292 1
7123 5133 31712302 1
7205 5172 31712312 1
7331 5240 31712322 1
7545 5371 31712332 1
7819 5506 31712342 1
8132 5645 31712352 1
8425 5758 31712362 1
8700 5866 31712372 1
8964 5965 31712382 1
9153 6043 31712392 1
9292 6108 31712402 1
9397 6163 31712412 1
9430 6210 31712422 1
9396 6253 31712432 1
9317 6310 31712442 1
9183 6374 31712452 1
9016 6444 31712462 1
8827 6516 31712472 1
8663 6580 31712482 1
8540 6602 31712492 1
8443 6602 31712502 1
8393 6581 31712512 1
8375 6511 31712522 1
8375 6406 31712532 1
8393 6228 31712542 1
8428 5986 31712552 1
8475 5701 31712562 1
8517 5349 31712572 1
8561 4894 31712582 1
8608 4371 31712592 1
8640 3914 31712602 1
8661 3561 31712612 1
8646 3277 31712622 1
8603 3012 31712632 1
