321
4979 7100 1601673 0
4979 7100 1601683 1
4979 7100 1601693 1
4979 7100 1601703 1
4979 7100 1601713 1
4979 7100 1601723 1
4979 7100 1601733 1
4979 7100 1601743 1
4979 7100 1601753 1
4979 7100 1601763 1
4979 7100 1601773 1
4979 7100 1601783 1
4979 7100 1601793 1
4979 7100 1601803 1
4979 7100 1601813 1
4979 7100 1601823 1
4979 7100 1601833 1
4979 7100 1601843 1
4979 7100 1601853 1
4979 7100 1601863 1
4979 7100 1601873 1
4979 7100 1601883 1
4979 7100 1601893 1
5023 7126 1601903 1
5023 7126 1601913 1
5023 7126 1601923 1
5034 7126 1601933 1
5047 7126 1601943 1
5092 7147 1601953 1
5156 7176 1601963 1
5232 7210 1601973 1
5305 7250 1601983 1
5358 7293 1601993 1
5398 7323 1602003 1
5415 7335 1602013 1
5420 7335 1602023 1
5420 7324 1602033 1
5426 7288 1602043 1
5439 7235 1602053 1
5462 7176 1602063 1
5490 7119 1602073 1
5515 7058 1602083 1
5515 6991 1602093 1
5497 6889 1602103 1
5450 6767 1602113 1
5397 6646 1602123 1
5341 6544 1602133 1
4944 6360 1602454 0
4944 6360 1602464 1
4944 6360 1602474 1
4870 6369 1602484 1
4865 6369 1602494 1
4865 6369 1602504 1
4865 6369 1602514 1
4865 6369 1602524 1
4873 6369 1602534 1
4881 6369 1602544 1
4906 6358 1602554 1
4934 6334 1602564 1
4978 6300 1602574 1
5031 6257 1602584 1
5084 6212 1602594 1
5139 6167 1602604 1
5195 6128 1602614 1
5241 6091 1602624 1
5280 6065 1602634 1
5307 6043 1602644 1
5329 6025 1602654 1
5347 6018 1602664 1
5356 6018 1602674 1
5356 6018 1602684 1
5356 6013 1602694 1
5356 6013 1602704 1
5356 6013 1602714 1
5346 6013 1602724 1
5339 6013 1602734 1
5331 6006 1602744 1
5323 6006 1602754 1
5323 6006 1602764 1
5323 6006 1602774 1
5323 6029 1602784 1
5323 6060 1602794 1
5334 6119 1602804 1
5351 6211 1602814 1
5388 6324 1602824 1
5436 6472 1602834 1
5508 6620 1602844 1
5589 6734 1602854 1
5677 6827 1602864 1
5761 6894 1602874 1
5827 6934 1602884 1
5880 6955 1602894 1
5920 6971 1602904 1
5954 6984 1602914 1
5983 6993 1602924 1
6005 6993 1602934 1
6016 6993 1602944 1
6016 6987 1602954 1
6002 6949 1602964 1
5968 6891 1602974 1
5923 6816 1602984 1
5876 6747 1602994 1
5830 6681 1603004 1
5789 6626 1603014 1
5754 6569 1603024 1
5722 6483 1603034 1
5689 6379 1603044 1
5661 6270 1603054 1
5636 6183 1603064 1
5618 6112 1603074 1
5606 6070 1603084 1
5600 6043 1603094 1
5600 6025 1603104 1
5600 6016 1603114 1
5612 6006 1603124 1
5625 5993 1603134 1
5646 5980 1603144 1
5671 5980 1603154 1
5701 5980 1603164 1
5734 6005 1603174 1
5770 6047 1603184 1
5800 6101 1603194 1
5826 6154 1603204 1
5850 6214 1603214 1
5876 6280 1603224 1
5907 6335 1603234 1
5940 6375 1603244 1
5973 6405 1603254 1
6003 6425 1603264 1
6023 6440 1603274 1
6037 6446 1603284 1
6037 6446 1603294 1
6037 6446 1603304 1
6037 6446 1603314 1
6037 6446 1603324 1
6045 6440 1603334 1
6051 6440 1603344 1
6051 6434 1603354 1
6051 6434 1603364 1
6051 6434 1603374 1
6051 6434 1603384 1
6051 6429 1603394 1
6045 6429 1603404 1
6040 6422 1603414 1
6040 6422 1603424 1
6040 6415 1603434 1
6040 6410 1603444 1
6031 6401 1603454 1
6022 6379 1603464 1
6011 6339 1603474 1
5997 6288 1603484 1
5981 6235 1603494 1
5966 6185 1603504 1
5950 6138 1603514 1
5934 6087 1603524 1
5910 6032 1603534 1
5882 5950 1603544 1
5846 5852 1603554 1
5792 5714 1603564 1
5726 5542 1603574 1
5681 5347 1603584 1
5653 5148 1603594 1
5635 4976 1603604 1
5620 4821 1603614 1
5601 4699 1603624 1
5567 4586 1603634 1
5524 4479 1603644 1
5458 4339 1603654 1
5386 4218 1603664 1
5311 4111 1603674 1
5269 4073 1603684 1
5253 4060 1603694 1
5253 4060 1603704 1
5253 4071 1603714 1
5261 4128 1603724 1
5253 4218 1603734 1
5238 4306 1603744 1
5668 5519 1604026 0
5684 5454 1604036 1
5684 5465 1604046 1
5679 5465 1604056 1
5692 5482 1604066 1
5716 5505 1604076 1
5730 5539 1604086 1
5735 5573 1604096 1
5735 5589 1604106 1
5735 5589 1604116 1
5735 5595 1604126 1
5743 5595 1604136 1
5756 5613 1604146 1
5781 5634 1604156 1
5814 5659 1604166 1
5857 5694 1604176 1
5911 5736 1604186 1
5973 5766 1604196 1
6032 5777 1604206 1
6088 5777 1604216 1
6143 5768 1604226 1
6201 5761 1604236 1
6263 5756 1604246 1
6333 5765 1604256 1
6426 5781 1604266 1
6533 5810 1604276 1
6673 5834 1604286 1
6820 5825 1604296 1
6971 5797 1604306 1
7103 5752 1604316 1
7228 5715 1604326 1
7349 5683 1604336 1
7455 5678 1604346 1
7558 5712 1604356 1
7659 5773 1604366 1
7770 5872 1604376 1
7885 5993 1604386 1
7978 6128 1604396 1
8055 6242 1604406 1
8102 6309 1604416 1
8114 6344 1604426 1
8103 6338 1604436 1
8056 6303 1604446 1
5587 5254 1604807 0
5587 5254 1604817 1
5587 5254 1604827 1
5587 5254 1604837 1
5587 5254 1604847 1
5587 5254 1604857 1
5587 5254 1604867 1
5587 5254 1604877 1
5587 5254 1604887 1
5587 5254 1604897 1
5587 5254 1604907 1
5517 5272 1604917 1
5492 5239 1604927 1
5467 5201 1604937 1
5449 5160 1604947 1
5436 5115 1604957 1
5429 5066 1604967 1
5423 5024 1604977 1
5423 4986 1604987 1
5418 4963 1604997 1
5418 4937 1605007 1
5430 4904 1605017 1
5457 4854 1605027 1
5497 4794 1605037 1
5551 4737 1605047 1
5608 4688 1605057 1
5678 4644 1605067 1
5755 4607 1605077 1
5830 4578 1605087 1
5891 4554 1605097 1
5943 4538 1605107 1
5995 4532 1605117 1
6040 4532 1605127 1
6079 4547 1605137 1
6110 4574 1605147 1
6129 4609 1605157 1
6140 4644 1605167 1
6140 4680 1605177 1
6130 4725 1605187 1
6117 4776 1605197 1
6108 4843 1605207 1
6102 4909 1605217 1
6102 4975 1605227 1
6097 5038 1605237 1
6097 5114 1605247 1
6097 5199 1605257 1
6103 5295 1605267 1
6125 5387 1605277 1
6157 5473 1605287 1
6209 5530 1605297 1
6265 5569 1605307 1
6315 5582 1605317 1
6358 5589 1605327 1
6386 5584 1605337 1
6404 5571 1605347 1
6415 5541 1605357 1
6415 5499 1605367 1
6406 5435 1605377 1
6392 5346 1605387 1
6375 5240 1605397 1
6354 5135 1605407 1
6329 5027 1605417 1
6306 4934 1605427 1
6283 4852 1605437 1
6260 4793 1605447 1
6240 4750 1605457 1
6223 4718 1605467 1
6211 4701 1605477 1
6211 4694 1605487 1
6211 4694 1605497 1
6211 4694 1605507 1
6248 4706 1605517 1
6298 4723 1605527 1
6354 4765 1605537 1
6410 4833 1605547 1
6468 4918 1605557 1
6517 5012 1605567 1
6559 5107 1605577 1
6601 5202 1605587 1
6641 5278 1605597 1
6679 5327 1605607 1
6714 5357 1605617 1
6749 5378 1605627 1
6786 5387 1605637 1
6807 5387 1605647 1
6818 5379 1605657 1
6826 5368 1605667 1
6826 5335 1605677 1
6826 5288 1605687 1
6826 5225 1605697 1
6815 5169 1605707 1
6803 5118 1605717 1
6803 5068 1605727 1
6803 5014 1605737 1
6803 4948 1605747 1
6813 4875 1605757 1
6813 4834 1605767 1
6813 4822 1605777 1
6813 4829 1605787 1
6813 4837 1605797 1
6798 4857 1605807 1
