156
5158 6711 261866 0
5143 6780 261876 1
5131 6810 261886 1
5114 6842 261896 1
5133 6904 261906 1
5171 6984 261916 1
5222 7053 261926 1
5270 7103 261936 1
5321 7140 261946 1
5378 7140 261956 1
5438 7123 261966 1
5498 7086 261976 1
5558 7025 261986 1
5601 6947 261996 1
5632 6858 262006 1
5643 6750 262016 1
5633 6628 262026 1
5098 6121 262136 0
5075 6234 262146 1
5075 6254 262156 1
5069 6254 262166 1
5084 6260 262176 1
5100 6260 262186 1
5135 6229 262196 1
5183 6182 262206 1
5242 6121 262216 1
5295 6056 262226 1
5343 5984 262236 1
5381 5910 262246 1
5409 5841 262256 1
5430 5776 262266 1
5445 5742 262276 1
5462 5756 262286 1
5482 5802 262296 1
5517 5941 262306 1
5560 6093 262316 1
5605 6254 262326 1
5640 6409 262336 1
5669 6535 262346 1
5715 6643 262356 1
5781 6728 262366 1
5859 6809 262376 1
5929 6881 262386 1
5987 6931 262396 1
6038 6967 262406 1
6068 6979 262416 1
6077 6971 262426 1
6072 6950 262436 1
6051 6877 262446 1
6022 6777 262456 1
5987 6658 262466 1
5953 6540 262476 1
5919 6407 262486 1
5886 6264 262496 1
5854 6145 262506 1
5829 6038 262516 1
5811 5938 262526 1
5803 5867 262536 1
5803 5842 262546 1
5822 5848 262556 1
5847 5868 262566 1
5876 5922 262576 1
5907 5998 262586 1
5941 6072 262596 1
5973 6150 262606 1
6004 6232 262616 1
6038 6319 262626 1
6072 6402 262636 1
6098 6448 262646 1
6119 6471 262656 1
6119 6471 262666 1
6119 6471 262676 1
6119 6471 262686 1
6119 6459 262696 1
6108 6431 262706 1
6098 6393 262716 1
6087 6332 262726 1
6076 6238 262736 1
6066 6123 262746 1
6056 5980 262756 1
6045 5785 262766 1
6035 5556 262776 1
6021 5293 262786 1
6008 5028 262796 1
5991 4799 262806 1
5960 4596 262816 1
5920 4440 262826 1
5882 4305 262836 1
5848 4183 262846 1
5822 4108 262856 1
5801 4087 262866 1
5793 4102 262876 1
5800 5153 262948 0
5956 5513 262958 1
6041 5615 262968 1
6176 5716 262978 1
6343 5800 262988 1
6543 5873 262998 1
6784 5928 263008 1
7051 5965 263018 1
7331 5989 263028 1
7573 5999 263038 1
7789 6007 263048 1
7975 6015 263058 1
8115 6021 263068 1
8225 6027 263078 1
8312 6038 263088 1
8360 6053 263098 1
8382 6061 263108 1
8369 6069 263118 1
5791 5241 263258 0
5726 5113 263268 1
5731 5061 263278 1
5731 5008 263288 1
5802 4942 263298 1
5889 4867 263308 1
5988 4820 263318 1
6086 4779 263328 1
6187 4747 263338 1
6262 4731 263348 1
6320 4731 263358 1
6340 4731 263368 1
6358 4731 263378 1
6374 4798 263388 1
6413 4897 263398 1
6482 5062 263408 1
6570 5248 263418 1
6655 5447 263428 1
6723 5575 263438 1
6779 5637 263448 1
6803 5656 263458 1
6803 5649 263468 1
6781 5600 263478 1
6751 5523 263488 1
6708 5404 263498 1
6657 5263 263508 1
6613 5107 263518 1
6567 4981 263528 1
6548 4911 263538 1
6548 4878 263548 1
6562 4883 263558 1
6605 4963 263568 1
6667 5094 263578 1
6763 5248 263588 1
6862 5359 263598 1
6935 5442 263608 1
6988 5473 263618 1
7033 5454 263628 1
7080 5401 263638 1
7132 5325 263648 1
7191 5285 263658 1
7256 5268 263668 1
7320 5308 263678 1
7371 5394 263688 1
7415 5512 263698 1
7467 5655 263708 1
