198
3833 5222 578041 0
3844 5294 578051 1
3849 5308 578061 1
3856 5331 578071 1
3868 5340 578081 1
3893 5340 578091 1
3927 5330 578101 1
3966 5298 578111 1
4007 5251 578121 1
4047 5182 578131 1
4079 5104 578141 1
4108 5020 578151 1
4135 4969 578161 1
4162 4916 578171 1
4188 4872 578181 1
4202 4834 578191 1
3198 4554 578361 0
3269 4589 578371 1
3269 4599 578381 1
3269 4594 578391 1
3275 4584 578401 1
3275 4538 578411 1
3275 4470 578421 1
3260 4374 578431 1
3260 4274 578441 1
3273 4196 578451 1
3290 4134 578461 1
3320 4070 578471 1
3358 4026 578481 1
3400 3995 578491 1
3455 3983 578501 1
3518 3991 578511 1
3589 4012 578521 1
3673 4066 578531 1
3766 4147 578541 1
3864 4247 578551 1
3968 4379 578561 1
4090 4516 578571 1
4222 4657 578581 1
4338 4779 578591 1
4435 4876 578601 1
4520 4956 578611 1
4582 5005 578621 1
4602 5018 578631 1
4595 5008 578641 1
4560 4962 578651 1
4500 4872 578661 1
4424 4752 578671 1
4344 4639 578681 1
4268 4539 578691 1
4208 4447 578701 1
4157 4337 578711 1
4095 4217 578721 1
4033 4091 578731 1
3971 3991 578741 1
3933 3928 578751 1
3919 3890 578761 1
3919 3868 578771 1
3931 3857 578781 1
3938 3857 578791 1
3947 3851 578801 1
3961 3857 578811 1
3983 3868 578821 1
4026 3902 578831 1
4081 3966 578841 1
4157 4051 578851 1
4244 4152 578861 1
4338 4255 578871 1
4431 4359 578881 1
4520 4439 578891 1
4601 4502 578901 1
4677 4553 578911 1
4750 4593 578921 1
4802 4631 578931 1
4841 4661 578941 1
4867 4683 578951 1
4875 4691 578961 1
4870 4691 578971 1
4863 4691 578981 1
4856 4691 578991 1
4848 4691 579001 1
4831 4691 579011 1
4809 4678 579021 1
4783 4663 579031 1
4762 4654 579041 1
4756 4648 579051 1
4761 4648 579061 1
4761 4648 579071 1
4761 4648 579081 1
4767 4648 579091 1
4767 4654 579101 1
4772 4654 579111 1
4772 4661 579121 1
4772 4661 579131 1
4778 4661 579141 1
4778 4661 579151 1
4784 4661 579161 1
4784 4667 579171 1
4784 4667 579181 1
4784 4667 579191 1
4789 4667 579201 1
4789 4667 579211 1
4777 4661 579221 1
4756 4633 579231 1
4735 4590 579241 1
4707 4507 579251 1
4674 4420 579261 1
4648 4297 579271 1
4619 4151 579281 1
4580 4005 579291 1
4536 3842 579301 1
4476 3668 579311 1
4397 3528 579321 1
4304 3390 579331 1
4214 3257 579341 1
4108 3139 579351 1
3992 3026 579361 1
3895 2919 579371 1
3812 2834 579381 1
3737 2763 579391 1
3662 2690 579401 1
3583 2618 579411 1
3501 2557 579421 1
4001 3764 579653 0
4090 3814 579663 1
4090 3821 579673 1
4118 3821 579683 1
4169 3843 579693 1
4232 3860 579703 1
4309 3871 579713 1
4410 3882 579723 1
4528 3894 579733 1
4685 3902 579743 1
4832 3896 579753 1
4973 3880 579763 1
5104 3870 579773 1
5244 3865 579783 1
5391 3865 579793 1
5534 3881 579803 1
5682 3912 579813 1
5841 3975 579823 1
5963 4036 579833 1
6060 4097 579843 1
4345 3325 580004 0
4251 3209 580014 1
4205 3209 580024 1
4211 3218 580034 1
4238 3200 580044 1
4278 3178 580054 1
4323 3128 580064 1
4367 3062 580074 1
4409 2982 580084 1
4452 2904 580094 1
4495 2829 580104 1
4534 2754 580114 1
4570 2703 580124 1
4608 2667 580134 1
4633 2662 580144 1
4649 2673 580154 1
4654 2695 580164 1
4654 2777 580174 1
4612 2976 580204 0
4600 3088 580214 1
4611 3102 580224 1
4644 3137 580234 1
4691 3183 580244 1
4766 3237 580254 1
4842 3285 580264 1
4919 3313 580274 1
4963 3328 580284 1
4986 3303 580294 1
4986 3236 580304 1
4960 3142 580314 1
4916 3027 580324 1
4871 2901 580334 1
4832 2768 580344 1
4820 2696 580354 1
4820 2657 580364 1
4846 2640 580374 1
4875 2640 580384 1
4931 2664 580394 1
5002 2711 580404 1
5086 2784 580414 1
5183 2853 580424 1
5288 2920 580434 1
5371 2965 580444 1
5427 2993 580454 1
5465 3009 580464 1
5475 3009 580474 1
5475 3009 580484 1
5475 3009 580494 1
5469 3004 580504 1
5469 3004 580514 1
5469 3004 580524 1
5469 3004 580534 1
5469 3004 580544 1
5469 3004 580554 1
5469 3004 580564 1
