200
4791 5899 703201 0
4791 5899 703211 1
4791 5899 703221 1
4716 5909 703231 1
4700 5909 703241 1
4700 5929 703251 1
4706 5955 703261 1
4735 6004 703271 1
4766 6057 703281 1
4813 6112 703291 1
4869 6171 703301 1
4924 6180 703311 1
4980 6156 703321 1
5030 6084 703331 1
5076 5959 703341 1
5117 5799 703351 1
5139 5668 703361 1
5148 5583 703371 1
5148 5529 703381 1
5140 5486 703391 1
5132 5446 703401 1
4585 5290 703521 0
4585 5290 703531 1
4585 5290 703541 1
4585 5290 703551 1
4585 5290 703561 1
4585 5290 703571 1
4592 5196 703581 1
4634 5159 703591 1
4682 5111 703601 1
4745 5056 703611 1
4816 4999 703621 1
4886 4942 703631 1
4961 4883 703641 1
5043 4846 703651 1
5129 4825 703661 1
5200 4833 703671 1
5222 4931 703731 0
5159 4998 703741 1
5124 5040 703751 1
5098 5082 703761 1
5091 5139 703771 1
5091 5207 703781 1
5115 5302 703791 1
5153 5403 703801 1
5201 5508 703811 1
5260 5594 703821 1
5320 5656 703831 1
5372 5701 703841 1
5417 5714 703851 1
5444 5685 703861 1
5459 5627 703871 1
5466 5493 703881 1
5460 5317 703891 1
5453 5113 703901 1
5445 4922 703911 1
5445 4757 703921 1
5445 4610 703931 1
5445 4527 703941 1
5464 4480 703951 1
5487 4457 703961 1
5517 4462 703971 1
5549 4516 703981 1
5582 4602 703991 1
5612 4739 704001 1
5639 4895 704011 1
5663 5064 704021 1
5690 5207 704031 1
5716 5319 704041 1
5737 5410 704051 1
5754 5448 704061 1
5754 5453 704071 1
5754 5435 704081 1
5748 5373 704091 1
5740 5276 704101 1
5722 5157 704111 1
5697 5028 704121 1
5675 4852 704131 1
5652 4646 704141 1
5628 4407 704151 1
5606 4147 704161 1
5586 3873 704171 1
5570 3632 704181 1
5562 3455 704191 1
5562 3322 704201 1
5573 3216 704211 1
5586 3135 704221 1
5601 3070 704231 1
5616 3010 704241 1
5616 2951 704251 1
5616 2925 704261 1
5606 2925 704271 1
5349 4021 704362 0
5389 4190 704372 1
5389 4201 704382 1
5396 4207 704392 1
5396 4207 704402 1
5402 4207 704412 1
5402 4212 704422 1
5412 4217 704432 1
5439 4240 704442 1
5478 4275 704452 1
5540 4311 704462 1
5634 4351 704472 1
5749 4396 704482 1
5887 4458 704492 1
6026 4530 704502 1
6181 4607 704512 1
6347 4703 704522 1
6496 4813 704532 1
6637 4925 704542 1
6772 5024 704552 1
6899 5115 704562 1
6993 5196 704572 1
7066 5283 704582 1
7140 5376 704592 1
7210 5467 704602 1
7277 5532 704612 1
7326 5583 704622 1
7345 5598 704632 1
7345 5598 704642 1
7334 5590 704652 1
7319 5579 704662 1
7299 5567 704672 1
7274 5553 704682 1
5419 4034 705294 0
5419 4034 705304 1
5419 4034 705314 1
5419 4034 705324 1
5419 4034 705334 1
5419 4034 705344 1
5419 4034 705354 1
5419 4034 705364 1
5419 4034 705374 1
5547 3960 705384 1
5665 3893 705394 1
5813 3804 705404 1
5951 3708 705414 1
6079 3607 705424 1
6201 3514 705434 1
6302 3470 705444 1
6371 3458 705454 1
6419 3458 705464 1
6440 3463 705474 1
6440 3471 705484 1
6424 3485 705494 1
6381 3504 705504 1
6317 3520 705514 1
6240 3534 705524 1
6149 3549 705534 1
6062 3578 705544 1
5983 3607 705554 1
5921 3635 705564 1
5870 3652 705574 1
5833 3663 705584 1
5810 3679 705594 1
5796 3698 705604 1
5796 3749 705614 1
5810 3820 705624 1
5839 3932 705634 1
5887 4066 705644 1
5951 4214 705654 1
6025 4345 705664 1
6100 4428 705674 1
6168 4479 705684 1
6231 4472 705694 1
6266 4414 705704 1
6278 4323 705714 1
6278 4185 705724 1
6248 4050 705734 1
6224 3924 705744 1
6200 3806 705754 1
6200 3698 705764 1
6206 3625 705774 1
6225 3576 705784 1
6246 3564 705794 1
6268 3573 705804 1
6291 3596 705814 1
6315 3662 705824 1
6342 3742 705834 1
6373 3832 705844 1
6408 3912 705854 1
6452 3971 705864 1
6508 4016 705874 1
6574 4056 705884 1
6657 4079 705894 1
6750 4090 705904 1
6834 4090 705914 1
6902 4096 705924 1
6958 4102 705934 1
7023 4110 705944 1
7093 4128 705954 1
7170 4149 705964 1
7248 4178 705974 1
7312 4198 705984 1
7366 4212 705994 1
7398 4219 706004 1
7418 4229 706014 1
7429 4245 706024 1
7429 4279 706034 1
