180
5035 5171 712073 0
5035 5171 712083 1
4967 5146 712093 1
4925 5158 712103 1
4903 5158 712113 1
4893 5158 712123 1
4893 5178 712133 1
4902 5209 712143 1
4941 5287 712153 1
5000 5368 712163 1
5092 5451 712173 1
5199 5503 712183 1
5317 5534 712193 1
5418 5552 712203 1
5500 5552 712213 1
5568 5518 712223 1
5613 5469 712233 1
5636 5399 712243 1
5645 5308 712253 1
5645 5202 712263 1
5636 5115 712273 1
5625 5060 712283 1
5617 5027 712293 1
5011 4934 712464 0
5011 4934 712474 1
4943 4907 712484 1
4943 4885 712494 1
4967 4853 712504 1
5008 4807 712514 1
5074 4728 712524 1
5156 4627 712534 1
5282 4499 712544 1
5407 4370 712554 1
5532 4261 712564 1
5645 4167 712574 1
5750 4133 712584 1
5826 4133 712594 1
5874 4151 712604 1
5715 4291 712684 0
5631 4365 712694 1
5585 4400 712704 1
5556 4431 712714 1
5538 4459 712724 1
5538 4497 712734 1
5556 4564 712744 1
5586 4651 712754 1
5638 4762 712764 1
5710 4875 712774 1
5794 4989 712784 1
5872 5088 712794 1
5936 5151 712804 1
5991 5191 712814 1
6025 5184 712824 1
6040 5114 712834 1
6040 5003 712844 1
6020 4841 712854 1
5991 4677 712864 1
5956 4513 712874 1
5930 4365 712884 1
5907 4226 712894 1
5901 4138 712904 1
5901 4090 712914 1
5922 4069 712924 1
5945 4077 712934 1
5984 4136 712944 1
6031 4228 712954 1
6078 4363 712964 1
6125 4501 712974 1
6167 4648 712984 1
6206 4800 712994 1
6237 4900 713004 1
6251 4965 713014 1
6251 4965 713024 1
6244 4908 713034 1
6231 4812 713044 1
6215 4636 713054 1
6186 4457 713064 1
6151 4276 713074 1
6113 4050 713084 1
6080 3797 713094 1
6048 3527 713104 1
6020 3236 713114 1
5996 2951 713124 1
5984 2740 713134 1
5984 2578 713144 1
5984 2505 713154 1
5984 2481 713164 1
5990 2491 713174 1
5602 4067 713315 0
5702 4099 713325 1
5712 4099 713335 1
5755 4099 713345 1
5820 4121 713355 1
5892 4158 713365 1
5989 4224 713375 1
6103 4311 713385 1
6263 4412 713395 1
6430 4516 713405 1
6607 4613 713415 1
6804 4705 713425 1
7012 4806 713435 1
7215 4920 713445 1
7418 5043 713455 1
7620 5168 713465 1
7803 5290 713475 1
7925 5380 713485 1
8006 5449 713495 1
8030 5470 713505 1
8030 5470 713515 1
8009 5455 713525 1
7978 5441 713535 1
7924 5412 713545 1
5948 4133 713706 0
5948 4133 713716 1
5948 4133 713726 1
5948 4133 713736 1
5948 4133 713746 1
5984 4056 713756 1
6060 4013 713766 1
6156 3958 713776 1
6269 3886 713786 1
6393 3808 713796 1
6523 3725 713806 1
6657 3672 713816 1
6803 3649 713826 1
6954 3649 713836 1
7059 3672 713846 1
7132 3699 713856 1
7184 3726 713866 1
7205 3736 713876 1
7205 3736 713886 1
7194 3736 713896 1
6549 3774 713996 0
6447 3768 714006 1
6387 3768 714016 1
6314 3768 714026 1
6314 3775 714036 1
6324 3825 714046 1
6351 3904 714056 1
6391 3977 714066 1
6454 4054 714076 1
6533 4130 714086 1
6629 4205 714096 1
6741 4270 714106 1
6864 4314 714116 1
6953 4343 714126 1
7017 4343 714136 1
7063 4306 714146 1
7086 4245 714156 1
7086 4124 714166 1
7078 3992 714176 1
7051 3853 714186 1
7018 3710 714196 1
6982 3592 714206 1
6959 3490 714216 1
6941 3423 714226 1
6933 3395 714236 1
6933 3395 714246 1
6958 3423 714256 1
6999 3510 714266 1
7062 3635 714276 1
7140 3764 714286 1
7228 3861 714296 1
7309 3937 714306 1
7366 3978 714316 1
7407 3978 714326 1
7436 3948 714336 1
7461 3897 714346 1
7483 3848 714356 1
7504 3800 714366 1
7530 3774 714376 1
7565 3764 714386 1
7610 3764 714396 1
7659 3781 714406 1
7711 3797 714416 1
7766 3830 714426 1
7822 3874 714436 1
7868 3911 714446 1
7909 3944 714456 1
7936 3974 714466 1
