161
5874 6702 682721 0
5874 6702 682731 1
5961 6759 682741 1
6006 6779 682751 1
6059 6796 682761 1
6115 6801 682771 1
6172 6781 682781 1
6230 6744 682791 1
6280 6700 682801 1
6324 6648 682811 1
6353 6590 682821 1
6361 6524 682831 1
6355 6456 682841 1
6328 6372 682851 1
5936 6131 682992 0
5936 6131 683002 1
5936 6131 683012 1
5936 6131 683022 1
5972 6061 683032 1
5981 5990 683042 1
5990 5909 683052 1
6002 5836 683062 1
6017 5769 683072 1
6032 5722 683082 1
6043 5684 683092 1
6053 5652 683102 1
6061 5634 683112 1
6069 5625 683122 1
6078 5625 683132 1
6089 5625 683142 1
6104 5646 683152 1
6124 5676 683162 1
6149 5745 683172 1
6187 5834 683182 1
6231 5936 683192 1
6277 6026 683202 1
6322 6103 683212 1
6363 6171 683222 1
6402 6233 683232 1
6445 6296 683242 1
6489 6356 683252 1
6534 6407 683262 1
6569 6437 683272 1
6598 6455 683282 1
6617 6455 683292 1
6622 6455 683302 1
6617 6450 683312 1
6608 6438 683322 1
6595 6398 683332 1
6579 6342 683342 1
6562 6277 683352 1
6544 6208 683362 1
6524 6131 683372 1
6505 6038 683382 1
6486 5936 683392 1
6468 5814 683402 1
6452 5691 683412 1
6438 5584 683422 1
6428 5488 683432 1
6428 5409 683442 1
6423 5357 683452 1
6423 5324 683462 1
6432 5317 683472 1
6447 5325 683482 1
6471 5344 683492 1
6505 5408 683502 1
6547 5492 683512 1
6592 5589 683522 1
6638 5686 683532 1
6682 5782 683542 1
6725 5863 683552 1
6769 5933 683562 1
6816 5974 683572 1
6843 5995 683582 1
6856 6002 683592 1
6856 5991 683602 1
6856 5929 683612 1
6845 5834 683622 1
6827 5711 683632 1
6810 5552 683642 1
6794 5368 683652 1
6778 5083 683662 1
6763 4786 683672 1
6750 4482 683682 1
6741 4165 683692 1
6734 3895 683702 1
6711 3657 683712 1
6677 3477 683722 1
6641 3325 683732 1
6608 3192 683742 1
6577 3087 683752 1
6572 3031 683762 1
6585 3008 683772 1
6611 3013 683782 1
6881 5145 683913 0
6979 5294 683923 1
7037 5361 683933 1
7101 5412 683943 1
7189 5439 683953 1
7292 5451 683963 1
7433 5443 683973 1
7604 5417 683983 1
7796 5379 683993 1
7999 5318 684003 1
8189 5268 684013 1
8369 5226 684023 1
8522 5205 684033 1
8640 5199 684043 1
8734 5199 684053 1
8797 5209 684063 1
8817 5209 684073 1
8808 5209 684083 1
6459 4567 684273 0
6459 4567 684283 1
6459 4567 684293 1
6459 4567 684303 1
6459 4567 684313 1
6535 4493 684323 1
6580 4443 684333 1
6647 4369 684343 1
6717 4312 684353 1
6791 4266 684363 1
6840 4240 684373 1
6874 4225 684383 1
6884 4217 684393 1
6894 4208 684403 1
6907 4203 684413 1
6925 4236 684423 1
6963 4295 684433 1
7013 4424 684443 1
7071 4565 684453 1
7123 4714 684463 1
7172 4826 684473 1
7211 4894 684483 1
7241 4932 684493 1
7264 4947 684503 1
7276 4947 684513 1
7284 4940 684523 1
7289 4891 684533 1
7294 4785 684543 1
7289 4642 684553 1
7278 4505 684563 1
7263 4365 684573 1
7252 4222 684583 1
7252 4126 684593 1
7252 4072 684603 1
7260 4045 684613 1
7272 4045 684623 1
7291 4087 684633 1
7323 4155 684643 1
7363 4254 684653 1
7409 4356 684663 1
7454 4438 684673 1
7499 4506 684683 1
7547 4559 684693 1
7598 4578 684703 1
7658 4578 684713 1
7729 4546 684723 1
7806 4509 684733 1
7887 4468 684743 1
7960 4426 684753 1
