162
5449 6766 279642 0
5449 6766 279652 1
5449 6766 279662 1
5449 6766 279672 1
5449 6766 279682 1
5502 6888 279692 1
5555 6962 279702 1
5610 6998 279712 1
5668 7016 279722 1
5726 7023 279732 1
5784 7013 279742 1
5825 7000 279752 1
5856 6962 279762 1
5867 6910 279772 1
5858 6816 279782 1
5343 6022 279912 0
5336 6092 279922 1
5321 6121 279932 1
5327 6153 279942 1
5337 6189 279952 1
5356 6214 279962 1
5377 6234 279972 1
5399 6234 279982 1
5422 6217 279992 1
5459 6166 280002 1
5505 6090 280012 1
5550 5997 280022 1
5594 5909 280032 1
5636 5823 280042 1
5659 5750 280052 1
5673 5684 280062 1
5681 5631 280072 1
5681 5592 280082 1
5689 5562 280092 1
5694 5562 280102 1
5694 5584 280112 1
5713 5625 280122 1
5758 5767 280132 1
5823 5938 280142 1
5887 6129 280152 1
5943 6279 280162 1
5994 6388 280172 1
6030 6470 280182 1
6065 6523 280192 1
6098 6572 280202 1
6132 6602 280212 1
6157 6620 280222 1
6176 6620 280232 1
6176 6620 280242 1
6176 6591 280252 1
6176 6542 280262 1
6156 6461 280272 1
6127 6361 280282 1
6093 6248 280292 1
6066 6138 280302 1
6045 6029 280312 1
6036 5933 280322 1
6036 5846 280332 1
6036 5772 280342 1
6031 5738 280352 1
6031 5732 280362 1
6040 5739 280372 1
6052 5756 280382 1
6071 5781 280392 1
6112 5857 280402 1
6167 5945 280412 1
6224 6041 280422 1
6277 6113 280432 1
6327 6179 280442 1
6359 6234 280452 1
6385 6269 280462 1
6407 6292 280472 1
6425 6299 280482 1
6433 6299 280492 1
6433 6299 280502 1
6433 6247 280512 1
6416 6161 280522 1
6396 6012 280532 1
6359 5814 280542 1
6322 5583 280552 1
6289 5304 280562 1
6258 4994 280572 1
6248 4664 280582 1
6239 4365 280592 1
6231 4143 280602 1
6216 3973 280612 1
6198 3881 280622 1
6178 3816 280632 1
6172 3768 280642 1
6172 3768 280652 1
6185 5155 280763 0
6375 5370 280773 1
6453 5447 280783 1
6566 5516 280793 1
6703 5580 280803 1
6884 5629 280813 1
7069 5662 280823 1
7256 5685 280833 1
7470 5693 280843 1
7677 5693 280853 1
7877 5685 280863 1
8031 5670 280873 1
8154 5670 280883 1
8267 5675 280893 1
8353 5689 280903 1
8421 5702 280913 1
8449 5712 280923 1
8449 5712 280933 1
8433 5712 280943 1
8377 5686 280953 1
5920 4720 281114 0
5986 4743 281124 1
5998 4761 281134 1
6032 4778 281144 1
6081 4768 281154 1
6139 4741 281164 1
6224 4670 281174 1
6326 4591 281184 1
6440 4506 281194 1
6557 4446 281204 1
6649 4412 281214 1
6723 4396 281224 1
6760 4385 281234 1
6771 4378 281244 1
6765 4378 281254 1
6765 4378 281264 1
6756 4418 281274 1
6750 4478 281284 1
6763 4591 281294 1
6802 4747 281304 1
6857 4931 281314 1
6926 5078 281324 1
6995 5182 281334 1
7043 5258 281344 1
7078 5295 281354 1
7085 5302 281364 1
7085 5290 281374 1
7071 5237 281384 1
7055 5140 281394 1
7039 5013 281404 1
7017 4849 281414 1
6991 4681 281424 1
6978 4510 281434 1
6968 4436 281444 1
6961 4416 281454 1
6961 4432 281464 1
6961 4457 281474 1
6978 4553 281484 1
7010 4696 281494 1
7055 4804 281504 1
7103 4881 281514 1
7140 4938 281524 1
7170 4955 281534 1
7194 4947 281544 1
7223 4923 281554 1
7268 4887 281564 1
7322 4866 281574 1
7370 4855 281584 1
7414 4855 281594 1
7455 4875 281604 1
7495 4913 281614 1
7551 4979 281624 1
