342
2972 4691 63579702 0
3045 4739 63579712 1
3026 4825 63579722 1
3010 4844 63579732 1
2994 4873 63579742 1
2957 4908 63579752 1
2905 4908 63579762 1
2822 4888 63579772 1
2727 4846 63579782 1
2625 4773 63579792 1
2531 4698 63579802 1
2443 4620 63579812 1
2400 4542 63579822 1
2384 4473 63579832 1
2399 4407 63579842 1
2448 4355 63579852 1
2519 4324 63579862 1
2622 4307 63579872 1
2743 4313 63579882 1
2875 4340 63579892 1
3018 4380 63579902 1
3165 4423 63579912 1
3273 4459 63579922 1
3354 4478 63579932 1
3404 4488 63579942 1
3424 4488 63579952 1
3424 4488 63579962 1
3413 4488 63579972 1
3381 4479 63579982 1
3334 4471 63579992 1
3284 4464 63580002 1
3234 4464 63580012 1
3210 4474 63580022 1
3203 4493 63580032 1
3216 4531 63580042 1
3263 4582 63580052 1
3332 4640 63580062 1
3421 4697 63580072 1
3513 4750 63580082 1
3615 4801 63580092 1
3694 4825 63580102 1
3758 4831 63580112 1
3792 4820 63580122 1
3806 4793 63580132 1
3806 4756 63580142 1
3782 4707 63580152 1
3727 4653 63580162 1
3651 4597 63580172 1
3568 4543 63580182 1
3485 4486 63580192 1
3403 4438 63580202 1
3347 4396 63580212 1
3320 4377 63580222 1
3311 4371 63580232 1
3323 4371 63580242 1
3374 4401 63580252 1
3452 4456 63580262 1
3566 4529 63580272 1
3696 4605 63580282 1
3837 4677 63580292 1
3950 4741 63580302 1
4042 4781 63580312 1
4120 4807 63580322 1
4169 4799 63580332 1
4185 4772 63580342 1
4180 4733 63580352 1
4144 4672 63580362 1
4087 4608 63580372 1
4015 4539 63580382 1
3941 4468 63580392 1
3869 4412 63580402 1
3819 4367 63580412 1
3784 4346 63580422 1
3784 4346 63580432 1
3784 4346 63580442 1
3812 4381 63580452 1
3863 4435 63580462 1
3941 4504 63580472 1
4047 4582 63580482 1
4172 4659 63580492 1
4310 4734 63580502 1
4404 4777 63580512 1
4469 4799 63580522 1
4504 4786 63580532 1
4517 4753 63580542 1
4517 4706 63580552 1
4488 4643 63580562 1
4450 4579 63580572 1
4403 4510 63580582 1
4355 4458 63580592 1
4331 4418 63580602 1
4324 4406 63580612 1
4338 4411 63580622 1
4380 4428 63580632 1
4441 4481 63580642 1
4540 4547 63580652 1
4666 4622 63580662 1
4809 4701 63580672 1
4926 4779 63580682 1
5021 4833 63580692 1
5101 4871 63580702 1
5153 4871 63580712 1
5183 4850 63580722 1
5199 4812 63580732 1
5199 4750 63580742 1
5171 4684 63580752 1
5134 4613 63580762 1
5095 4540 63580772 1
5061 4470 63580782 1
5031 4411 63580792 1
5017 4359 63580802 1
5008 4324 63580812 1
5008 4302 63580822 1
5008 4290 63580832 1
5002 4290 63580842 1
5002 4290 63580852 1
5002 4290 63580862 1
4980 4290 63580872 1
4947 4295 63580882 1
4911 4295 63580892 1
4872 4301 63580902 1
4831 4308 63580912 1
4799 4318 63580922 1
4792 4329 63580932 1
4802 4342 63580942 1
4840 4369 63580952 1
4912 4406 63580962 1
5415 4647 63581004 0
5653 4763 63581014 1
5743 4809 63581024 1
5813 4828 63581034 1
5843 4828 63581044 1
5843 4810 63581054 1
5826 4765 63581064 1
5773 4703 63581074 1
5698 4627 63581084 1
5624 4551 63581094 1
5572 4474 63581104 1
5535 4405 63581114 1
5516 4340 63581124 1
5516 4294 63581134 1
5516 4263 63581144 1
5536 4243 63581154 1
5575 4234 63581164 1
5628 4243 63581174 1
5712 4263 63581184 1
5814 4302 63581194 1
5929 4347 63581204 1
6012 4395 63581214 1
6073 4446 63581224 1
6120 4499 63581234 1
5923 4733 63581285 0
5716 4758 63581295 1
5638 4770 63581305 1
5578 4780 63581315 1
5556 4787 63581325 1
5556 4787 63581335 1
5573 4780 63581345 1
5620 4772 63581355 1
5700 4767 63581365 1
5802 4774 63581375 1
5916 4789 63581385 1
6035 4801 63581395 1
6138 4809 63581405 1
6228 4809 63581415 1
6305 4803 63581425 1
6357 4792 63581435 1
6391 4781 63581445 1
6403 4767 63581455 1
6403 4767 63581465 1
6388 4724 63581475 1
6362 4674 63581485 1
6312 4610 63581495 1
6247 4538 63581505 1
6183 4465 63581515 1
6125 4404 63581525 1
6087 4351 63581535 1
6060 4314 63581545 1
6045 4298 63581555 1
6045 4298 63581565 1
6045 4298 63581575 1
6052 4321 63581585 1
6081 4349 63581595 1
6125 4404 63581605 1
6194 4471 63581615 1
6289 4547 63581625 1
6401 4622 63581635 1
6506 4694 63581645 1
6591 4737 63581655 1
6662 4763 63581665 1
6721 4768 63581675 1
6762 4758 63581685 1
6792 4739 63581695 1
6812 4708 63581705 1
6829 4674 63581715 1
6844 4632 63581725 1
6862 4589 63581735 1
6885 4555 63581745 1
6917 4528 63581755 1
6954 4511 63581765 1
6993 4511 63581775 1
7037 4511 63581785 1
7082 4532 63581795 1
7129 4557 63581805 1
7161 4588 63581815 1
7181 4618 63581825 1
7181 4646 63581835 1
7157 4670 63581845 1
7124 4670 63581855 1
7076 4660 63581865 1
7011 4617 63581875 1
6935 4561 63581885 1
6870 4497 63581895 1
6805 4440 63581905 1
6771 4395 63581915 1
6756 4359 63581925 1
6761 4333 63581935 1
6771 4318 63581945 1
6804 4310 63581955 1
6851 4323 63581965 1
6919 4358 63581975 1
7000 4407 63581985 1
7089 4462 63581995 1
7170 4517 63582005 1
7242 4572 63582015 1
7309 4614 63582025 1
7352 4638 63582035 1
7374 4649 63582045 1
7383 4649 63582055 1
7383 4641 63582065 1
7369 4615 63582075 1
7346 4578 63582085 1
7305 4530 63582095 1
7266 4483 63582105 1
7232 4438 63582115 1
7217 4401 63582125 1
7217 4373 63582135 1
7217 4351 63582145 1
7227 4339 63582155 1
7265 4346 63582165 1
7322 4365 63582175 1
7407 4405 63582185 1
7506 4455 63582195 1
7614 4512 63582205 1
7721 4564 63582215 1
7823 4612 63582225 1
7898 4638 63582235 1
7957 4652 63582245 1
7976 4644 63582255 1
7976 4618 63582265 1
7969 4581 63582275 1
7940 4525 63582285 1
7898 4468 63582295 1
7846 4412 63582305 1
7806 4372 63582315 1
7770 4342 63582325 1
7744 4329 63582335 1
7731 4329 63582345 1
7731 4335 63582355 1
7731 4349 63582365 1
7744 4374 63582375 1
8033 4952 63582456 0
8141 4959 63582466 1
8159 5018 63582476 1
8177 5027 63582486 1
8232 5004 63582496 1
8311 4980 63582506 1
8393 4954 63582516 1
8444 4928 63582526 1
8473 4898 63582536 1
8495 4865 63582546 1
8518 4846 63582556 1
8540 4824 63582566 1
8549 4785 63582576 1
8549 4736 63582586 1
8526 4683 63582596 1
8483 4618 63582606 1
8426 4545 63582616 1
8358 4472 63582626 1
8290 4412 63582636 1
8252 4360 63582646 1
8233 4335 63582656 1
8233 4326 63582666 1
8233 4326 63582676 1
8240 4344 63582686 1
8274 4379 63582696 1
8325 4427 63582706 1
8406 4478 63582716 1
8492 4527 63582726 1
8588 4571 63582736 1
8660 4596 63582746 1
8715 4607 63582756 1
8748 4599 63582766 1
8765 4573 63582776 1
8772 4536 63582786 1
8765 4493 63582796 1
8753 4452 63582806 1
8737 4420 63582816 1
8725 4393 63582826 1
8718 4393 63582836 1
8718 4393 63582846 1
8723 4405 63582856 1
8761 4439 63582866 1
8822 4489 63582876 1
8925 4549 63582886 1
9040 4621 63582896 1
9163 4698 63582906 1
9288 4778 63582916 1
9404 4835 63582926 1
9479 4853 63582936 1
9531 4845 63582946 1
9544 4814 63582956 1
9519 4760 63582966 1
9469 4691 63582976 1
9377 4610 63582986 1
9283 4526 63582996 1
9187 4437 63583006 1
9106 4345 63583016 1
9060 4270 63583026 1
9038 4205 63583036 1
9033 4159 63583046 1
9048 4127 63583056 1
9077 4105 63583066 1
9123 4105 63583076 1
9196 4118 63583086 1
9286 4148 63583096 1
9406 4183 63583106 1
9529 4229 63583116 1
9622 4283 63583126 1
9428 4723 63583207 0
9207 4821 63583217 1
9114 4872 63583227 1
9076 4903 63583237 1
9076 4921 63583247 1
9097 4921 63583257 1
9156 4912 63583267 1
9240 4891 63583277 1
9357 4872 63583287 1
9490 4853 63583297 1
9634 4834 63583307 1
9762 4826 63583317 1
9878 4826 63583327 1
