450
2556 5326 83999464 0
2556 5326 83999474 1
2579 5353 83999484 1
2570 5358 83999494 1
2570 5358 83999504 1
2570 5358 83999514 1
2570 5367 83999524 1
2570 5376 83999534 1
2563 5397 83999544 1
2557 5427 83999554 1
2552 5477 83999564 1
2532 5538 83999574 1
2502 5606 83999584 1
2454 5681 83999594 1
2396 5755 83999604 1
2331 5824 83999614 1
2270 5851 83999624 1
2199 5851 83999634 1
2120 5818 83999644 1
2028 5750 83999654 1
1940 5659 83999664 1
1858 5526 83999674 1
1804 5376 83999684 1
1768 5214 83999694 1
1768 5078 83999704 1
1795 4959 83999714 1
1840 4851 83999724 1
1902 4772 83999734 1
1985 4724 83999744 1
2082 4697 83999754 1
2188 4702 83999764 1
2295 4738 83999774 1
2404 4796 83999784 1
2517 4893 83999794 1
2628 4987 83999804 1
2711 5077 83999814 1
2777 5129 83999824 1
2794 5156 83999834 1
2794 5156 83999844 1
2794 5156 83999854 1
2794 5156 83999864 1
2794 5156 83999874 1
2794 5156 83999884 1
2794 5150 83999894 1
2803 5144 83999904 1
2817 5135 83999914 1
2831 5127 83999924 1
2840 5122 83999934 1
2845 5122 83999944 1
2858 5111 83999954 1
2873 5105 83999964 1
2892 5099 83999974 1
2900 5094 83999984 1
2900 5094 83999994 1
2900 5094 84000004 1
2883 5094 84000014 1
2859 5105 84000024 1
2815 5126 84000034 1
2762 5134 84000044 1
2702 5142 84000054 1
2651 5159 84000064 1
2622 5183 84000074 1
2607 5218 84000084 1
2614 5291 84000094 1
2662 5390 84000104 1
2737 5469 84000114 1
2807 5519 84000124 1
2880 5549 84000134 1
2959 5573 84000144 1
3042 5579 84000154 1
3117 5572 84000164 1
3187 5549 84000174 1
3249 5503 84000184 1
3292 5441 84000194 1
3321 5369 84000204 1
3335 5297 84000214 1
3327 5227 84000224 1
3304 5157 84000234 1
3277 5098 84000244 1
3231 5044 84000254 1
3172 5012 84000264 1
3129 4999 84000274 1
3086 4999 84000284 1
3059 5012 84000294 1
3043 5027 84000304 1
3038 5040 84000314 1
3038 5053 84000324 1
3059 5076 84000334 1
3095 5106 84000344 1
3168 5155 84000354 1
3244 5214 84000364 1
3322 5280 84000374 1
3399 5349 84000384 1
3470 5412 84000394 1
3520 5441 84000404 1
3557 5449 84000414 1
3586 5442 84000424 1
3609 5423 84000434 1
3629 5395 84000444 1
3654 5340 84000454 1
3671 5282 84000464 1
3682 5216 84000474 1
3670 5138 84000484 1
3641 5051 84000494 1
3600 4981 84000504 1
3567 4925 84000514 1
3534 4878 84000524 1
3525 4871 84000534 1
3532 4871 84000544 1
3532 4871 84000554 1
3537 4881 84000564 1
3545 4931 84000574 1
3588 5008 84000584 1
3652 5100 84000594 1
3729 5183 84000604 1
3799 5261 84000614 1
3863 5318 84000624 1
3926 5356 84000634 1
3976 5382 84000644 1
4017 5382 84000654 1
4051 5370 84000664 1
4072 5347 84000674 1
4086 5305 84000684 1
4096 5245 84000694 1
4088 5173 84000704 1
4076 5092 84000714 1
4060 5016 84000724 1
4060 4945 84000734 1
4060 4901 84000744 1
4070 4877 84000754 1
4084 4871 84000764 1
4119 4892 84000774 1
4167 4930 84000784 1
4238 4984 84000794 1
4296 5036 84000804 1
4346 5082 84000814 1
4563 5323 84000876 0
4631 5387 84000886 1
4631 5387 84000896 1
4625 5379 84000906 1
4625 5379 84000916 1
4613 5371 84000926 1
4597 5341 84000936 1
4561 5294 84000946 1
4529 5242 84000956 1
4504 5195 84000966 1
4499 5163 84000976 1
4507 5141 84000986 1
4522 5115 84000996 1
4551 5095 84001006 1
4589 5080 84001016 1
4634 5061 84001026 1
4675 5042 84001036 1
4703 5023 84001046 1
4724 5005 84001056 1
4730 4984 84001066 1
4723 4958 84001076 1
4706 4925 84001086 1
4656 4883 84001096 1
4611 4836 84001106 1
4569 4808 84001116 1
4531 4793 84001126 1
4498 4787 84001136 1
4482 4787 84001146 1
4476 4796 84001156 1
4471 4805 84001166 1
4471 4827 84001176 1
4513 4897 84001186 1
4586 4998 84001196 1
4686 5108 84001206 1
4784 5215 84001216 1
4880 5321 84001226 1
4958 5418 84001236 1
5029 5509 84001246 1
5094 5586 84001256 1
5151 5652 84001266 1
5189 5694 84001276 1
5214 5722 84001286 1
5224 5722 84001296 1
5224 5729 84001306 1
5224 5729 84001316 1
5224 5729 84001326 1
5224 5729 84001336 1
5224 5722 84001346 1
5224 5722 84001356 1
5224 5717 84001366 1
5231 5710 84001376 1
5231 5671 84001386 1
5213 5611 84001387 1
5176 5511 84001397 1
5122 5372 84001407 1
5072 5208 84001417 1
5042 5074 84001427 1
5023 4939 84001437 1
5023 4839 84001447 1
5056 4764 84001457 1
5106 4727 84001467 1
5184 4714 84001477 1
5267 4714 84001487 1
5358 4746 84001497 1
5435 4803 84001507 1
5501 4879 84001517 1
5549 4973 84001527 1
5568 5066 84001537 1
5568 5159 84001547 1
5534 5220 84001557 1
5484 5275 84001567 1
5422 5308 84001577 1
5339 5329 84001587 1
5243 5336 84001597 1
5138 5336 84001607 1
5055 5342 84001617 1
4994 5342 84001627 1
4948 5354 84001637 1
4929 5365 84001647 1
4924 5377 84001657 1
4924 5377 84001667 1
4924 5377 84001677 1
4959 5384 84001687 1
5009 5397 84001697 1
5100 5410 84001707 1
5206 5422 84001717 1
5322 5433 84001727 1
5439 5444 84001737 1
5555 5455 84001747 1
5669 5465 84001757 1
5776 5470 84001767 1
5859 5470 84001777 1
6181 5430 84002028 0
6151 5518 84002038 1
6143 5525 84002048 1
6143 5525 84002058 1
6143 5525 84002068 1
6143 5514 84002078 1
6161 5470 84002088 1
6174 5402 84002098 1
6160 5313 84002108 1
6129 5209 84002118 1
6081 5094 84002128 1
6034 4984 84002138 1
5987 4878 84002148 1
5956 4805 84002158 1
5937 4753 84002168 1
5937 4753 84002178 1
5937 4753 84002188 1
5937 4753 84002198 1
5989 4839 84002208 1
6057 4951 84002218 1
6141 5081 84002228 1
6248 5222 84002238 1
6371 5338 84002248 1
6468 5437 84002258 1
6541 5492 84002268 1
6599 5514 84002278 1
6638 5514 84002288 1
6662 5500 84002298 1
6677 5484 84002308 1
6682 5462 84002318 1
6687 5429 84002328 1
6687 5389 84002338 1
7079 5198 84002459 0
7123 5199 84002469 1
7134 5214 84002479 1
7134 5233 84002489 1
7134 5261 84002499 1
7121 5289 84002509 1
7102 5318 84002519 1
7077 5339 84002529 1
7038 5360 84002539 1
6992 5360 84002549 1
6940 5352 84002559 1
6884 5319 84002569 1
6814 5258 84002579 1
6734 5178 84002589 1
6672 5096 84002599 1
6614 4998 84002609 1
6570 4890 84002619 1
6533 4801 84002629 1
6525 4749 84002639 1
6535 4721 84002649 1
6557 4710 84002659 1
6583 4718 84002669 1
6645 4739 84002679 1
6730 4817 84002689 1
6821 4912 84002699 1
6912 5018 84002709 1
7000 5124 84002719 1
7069 5227 84002729 1
7128 5298 84002739 1
7148 5348 84002749 1
7153 5348 84002759 1
7147 5348 84002769 1
7147 5348 84002779 1
7121 5303 84002789 1
7081 5230 84002799 1
7057 5145 84002809 1
7029 5057 84002819 1
6999 4960 84002829 1
6990 4864 84002839 1
6998 4770 84002849 1
7017 4718 84002859 1
7058 4682 84002869 1
7101 4657 84002879 1
7175 4667 84002889 1
7270 4718 84002899 1
7382 4796 84002909 1
7481 4907 84002919 1
7572 5015 84002929 1
7649 5120 84002939 1
7690 5182 84002949 1
7707 5219 84002959 1
7707 5239 84002969 1
7707 5239 84002979 1
7707 5239 84002989 1
7700 5239 84002999 1
7687 5229 84003009 1
7668 5206 84003019 1
7651 5175 84003029 1
7634 5148 84003039 1
7618 5126 84003049 1
7608 5098 84003059 1
7602 5066 84003069 1
7585 5018 84003079 1
7567 4968 84003089 1
7549 4902 84003099 1
7531 4827 84003109 1
7524 4762 84003119 1
7529 4726 84003129 1
7542 4709 84003139 1
7542 4684 84003149 1
7556 4675 84003159 1
7576 4675 84003169 1
7595 4683 84003179 1
7634 4721 84003189 1
7686 4781 84003199 1
7730 4868 84003209 1
7770 4952 84003219 1
7807 5035 84003229 1
7818 5073 84003239 1
7909 5594 84003370 0
7909 5594 84003380 1
7909 5594 84003390 1
7909 5594 84003400 1
7909 5594 84003410 1
7909 5594 84003420 1
7909 5594 84003430 1
7894 5538 84003440 1
7874 5475 84003450 1
7884 5435 84003460 1
7884 5403 84003470 1
7884 5377 84003480 1
7894 5367 84003490 1
7902 5367 84003500 1
7941 5373 84003510 1
8000 5411 84003520 1
8069 5455 84003530 1
8207 5152 84003891 0
8208 5236 84003901 1
8215 5266 84003911 1
8223 5275 84003921 1
8236 5270 84003931 1
8254 5246 84003941 1
8266 5186 84003951 1
8271 5102 84003961 1
8259 5003 84003971 1
8226 4889 84003981 1
8178 4764 84003991 1
8141 4667 84004001 1
8099 4591 84004011 1
8053 4528 84004021 1
8053 4528 84004031 1
8053 4528 84004041 1
8059 4528 84004051 1
8064 4543 84004061 1
8127 4618 84004071 1
8226 4733 84004081 1
8336 4864 84004091 1
8449 4979 84004101 1
8564 5083 84004111 1
8628 5127 84004121 1
8670 5167 84004131 1
8698 5173 84004141 1
8698 5159 84004151 1
8705 5145 84004161 1
8705 5092 84004171 1
8689 5013 84004181 1
8657 4926 84004191 1
8615 4827 84004201 1
8578 4719 84004211 1
8550 4634 84004221 1
8543 4572 84004231 1
8549 4525 84004241 1
8567 4503 84004251 1
8601 4503 84004261 1
8645 4526 84004271 1
8737 4597 84004281 1
8840 4698 84004291 1
8949 4818 84004301 1
9044 4947 84004311 1
9135 5065 84004321 1
9222 5151 84004331 1
9299 5221 84004341 1
9352 5268 84004351 1
9389 5292 84004361 1
9401 5302 84004371 1
9401 5297 84004381 1
9394 5297 84004391 1
9394 5297 84004401 1
9380 5285 84004411 1
9359 5240 84004421 1
9314 5170 84004431 1
9273 5091 84004441 1
9238 4997 84004451 1
9210 4892 84004461 1
9191 4784 84004471 1
9167 4677 84004481 1
9138 4586 84004491 1
9132 4504 84004501 1
9132 4447 84004511 1
9150 4414 84004521 1
9179 4398 84004531 1
9213 4391 84004541 1
9277 4422 84004551 1
9361 4478 84004561 1
9451 4562 84004571 1
9523 4654 84004581 1
9584 4752 84004591 1
9616 4845 84004601 1
9611 4906 84004611 1
9581 4946 84004621 1
9525 4970 84004631 1
9461 4991 84004641 1
9391 5008 84004651 1
9327 5032 84004661 1
9265 5061 84004671 1
9208 5093 84004681 1
9157 5122 84004691 1
9115 5142 84004701 1
9097 5153 84004711 1
9097 5153 84004721 1
9097 5153 84004731 1
9097 5153 84004741 1
9117 5153 84004751 1
9142 5153 84004761 1
9220 5158 84004771 1
9320 5169 84004781 1
9435 5183 84004791 1
9538 5183 84004801 1
9644 5190 84004811 1
9739 5178 84004821 1
