414
2494 5516 83960869 0
2494 5516 83960879 1
2494 5516 83960889 1
2494 5516 83960899 1
2494 5516 83960909 1
2494 5516 83960919 1
2494 5557 83960929 1
2494 5591 83960939 1
2487 5628 83960949 1
2475 5671 83960959 1
2449 5717 83960969 1
2404 5762 83960979 1
2347 5804 83960989 1
2287 5841 83960999 1
2217 5846 83961009 1
2141 5831 83961019 1
2049 5779 83961029 1
1972 5722 83961039 1
1906 5647 83961049 1
1857 5561 83961059 1
1813 5442 83961069 1
1790 5315 83961079 1
1780 5183 83961089 1
1790 5073 83961099 1
1820 4981 83961109 1
1864 4900 83961119 1
1930 4851 83961129 1
2002 4801 83961139 1
2103 4787 83961149 1
2220 4799 83961159 1
2328 4819 83961169 1
2440 4869 83961179 1
2556 4938 83961189 1
2664 4998 83961199 1
2767 5058 83961209 1
2849 5112 83961219 1
2904 5146 83961229 1
2941 5170 83961239 1
2962 5181 83961249 1
2971 5191 83961259 1
2971 5191 83961269 1
2971 5191 83961279 1
2971 5191 83961289 1
2971 5191 83961299 1
2971 5191 83961309 1
2971 5191 83961319 1
2971 5191 83961329 1
2971 5191 83961339 1
2971 5185 83961349 1
2971 5185 83961359 1
2971 5185 83961369 1
2964 5185 83961379 1
2948 5191 83961389 1
2924 5200 83961399 1
2894 5200 83961409 1
2861 5211 83961419 1
2824 5221 83961429 1
2785 5238 83961439 1
2756 5261 83961449 1
2732 5287 83961459 1
2710 5310 83961469 1
2710 5328 83961479 1
2710 5348 83961489 1
2744 5388 83961499 1
2793 5440 83961509 1
2852 5476 83961519 1
2924 5510 83961529 1
3005 5537 83961539 1
3091 5552 83961549 1
3178 5560 83961559 1
3266 5542 83961569 1
3324 5518 83961579 1
3365 5481 83961589 1
3394 5423 83961599 1
3400 5351 83961609 1
3387 5277 83961619 1
3360 5207 83961629 1
3318 5148 83961639 1
3274 5095 83961649 1
3228 5067 83961659 1
3185 5056 83961669 1
3143 5056 83961679 1
3098 5065 83961689 1
3052 5081 83961699 1
3040 5101 83961709 1
3032 5111 83961719 1
3032 5121 83961729 1
3043 5133 83961739 1
3087 5163 83961749 1
3155 5205 83961750 1
3244 5252 83961760 1
3335 5310 83961770 1
3432 5375 83961780 1
3529 5437 83961790 1
3619 5481 83961800 1
3705 5514 83961810 1
3774 5533 83961820 1
3819 5533 83961830 1
3848 5516 83961840 1
3868 5484 83961850 1
3877 5428 83961860 1
3877 5355 83961870 1
3860 5281 83961880 1
3833 5220 83961890 1
3799 5167 83961900 1
3772 5131 83961910 1
3759 5117 83961920 1
3759 5117 83961930 1
3759 5117 83961940 1
3759 5117 83961950 1
3767 5129 83961960 1
3803 5179 83961970 1
3858 5252 83961980 1
3923 5341 83961990 1
3990 5421 83962000 1
4059 5473 83962010 1
4112 5506 83962020 1
4154 5506 83962030 1
4189 5487 83962040 1
4201 5450 83962050 1
4201 5384 83962060 1
4169 5296 83962070 1
4133 5194 83962080 1
4091 5106 83962090 1
4071 5034 83962100 1
4071 4974 83962110 1
4084 4946 83962120 1
4110 4934 83962130 1
4163 4934 83962140 1
4234 4973 83962150 1
4319 5032 83962160 1
4403 5105 83962161 1
4487 5184 83962171 1
4569 5262 83962181 1
4657 5341 83962191 1
4752 5422 83962201 1
4839 5483 83962211 1
4892 5518 83962221 1
4926 5535 83962231 1
4926 5535 83962241 1
4926 5535 83962251 1
4921 5526 83962261 1
4894 5485 83962271 1
4853 5419 83962281 1
4802 5349 83962291 1
4760 5284 83962301 1
4748 5240 83962311 1
4755 5209 83962321 1
4768 5181 83962331 1
4793 5154 83962341 1
4826 5129 83962351 1
4859 5100 83962361 1
4891 5072 83962371 1
4911 5045 83962381 1
4924 5023 83962391 1
4924 5005 83962401 1
4903 4984 83962411 1
4875 4961 83962421 1
4812 4936 83962431 1
4746 4918 83962441 1
4679 4918 83962451 1
4617 4918 83962461 1
4585 4936 83962471 1
4572 4959 83962481 1
4572 4987 83962491 1
4605 5033 83962501 1
4663 5099 83962511 1
4775 5179 83962521 1
4893 5270 83962531 1
5014 5385 83962541 1
5153 5517 83962551 1
5295 5642 83962561 1
5408 5739 83962571 1
5501 5818 83962581 1
5541 5858 83962591 1
5552 5869 83962601 1
5544 5860 83962611 1
5539 5851 83962621 1
5516 5800 83962631 1
5482 5721 83962641 1
5445 5626 83962651 1
5409 5499 83962661 1
5360 5351 83962671 1
5301 5187 83962681 1
5247 5028 83962691 1
5196 4891 83962701 1
5177 4767 83962711 1
5177 4718 83962721 1
5202 4686 83962731 1
5248 4665 83962741 1
5309 4684 83962751 1
5397 4754 83962761 1
5486 4858 83962771 1
5559 4985 83962781 1
5621 5108 83962791 1
5647 5224 83962801 1
5569 5394 83962832 0
5387 5431 83962842 1
5273 5431 83962852 1
5159 5417 83962862 1
5079 5407 83962872 1
5021 5399 83962882 1
5021 5399 83962892 1
5021 5399 83962902 1
5030 5399 83962912 1
5096 5392 83962922 1
5200 5392 83962932 1
5352 5406 83962942 1
5507 5430 83962952 1
5667 5456 83962962 1
5831 5483 83962972 1
5968 5509 83962982 1
6088 5534 83962992 1
6189 5558 83963002 1
6260 5576 83963012 1
6312 5589 83963022 1
6322 5589 83963032 1
6322 5589 83963042 1
6315 5589 83963052 1
6297 5571 83963062 1
6251 5510 83963072 1
6187 5418 83963082 1
6134 5303 83963092 1
6083 5185 83963102 1
6035 5084 83963112 1
5998 4995 83963122 1
5970 4917 83963132 1
5949 4859 83963142 1
5937 4814 83963152 1
5932 4794 83963162 1
5932 4789 83963172 1
5939 4794 83963182 1
5945 4813 83963192 1
5979 4892 83963202 1
6032 5011 83963212 1
6105 5133 83963222 1
6198 5253 83963232 1
6303 5372 83963242 1
6400 5461 83963252 1
6481 5512 83963262 1
6552 5539 83963272 1
6611 5544 83963282 1
7035 5276 83963402 0
7035 5276 83963412 1
7035 5276 83963422 1
7034 5302 83963432 1
7023 5321 83963442 1
7013 5345 83963452 1
6993 5370 83963462 1
6967 5392 83963472 1
6930 5413 83963482 1
6893 5413 83963492 1
6831 5391 83963502 1
6752 5347 83963512 1
6682 5273 83963522 1
6616 5183 83963532 1
6568 5083 83963542 1
6529 4983 83963552 1
6500 4890 83963562 1
6500 4828 83963572 1
6516 4786 83963582 1
6548 4770 83963592 1
6583 4788 83963602 1
6653 4829 83963612 1
6746 4921 83963622 1
6847 5031 83963632 1
6939 5153 83963642 1
7025 5278 83963652 1
7097 5393 83963662 1
7135 5448 83963672 1
7149 5467 83963682 1
7149 5467 83963692 1
7139 5457 83963702 1
7120 5394 83963712 1
7075 5294 83963722 1
7032 5185 83963732 1
6993 5063 83963742 1
6974 4933 83963752 1
6968 4828 83963762 1
6986 4752 83963772 1
7021 4695 83963782 1
7067 4669 83963792 1
7140 4669 83963802 1
7239 4698 83963812 1
7355 4768 83963822 1
7483 4878 83963832 1
7596 5015 83963842 1
7698 5133 83963852 1
7770 5212 83963862 1
7808 5266 83963872 1
7822 5298 83963882 1
7822 5307 83963892 1
7822 5302 83963902 1
7822 5302 83963912 1
7816 5302 83963922 1
7816 5302 83963932 1
7816 5296 83963942 1
7801 5285 83963952 1
7783 5253 83963962 1
7760 5210 83963972 1
7728 5151 83963982 1
7689 5077 83963992 1
7657 4994 83964002 1
7629 4893 83964012 1
7608 4807 83964022 1
7608 4730 83964032 1
7619 4701 83964042 1
7639 4683 83964052 1
7661 4672 83964062 1
7690 4672 83964072 1
7723 4702 83964082 1
7765 4744 83964092 1
7805 4835 83964102 1
7843 4943 83964112 1
7892 5723 83964174 0
7849 5765 83964184 1
7826 5765 83964194 1
7826 5770 83964204 1
7819 5744 83964214 1
7810 5713 83964224 1
7810 5672 83964234 1
7822 5626 83964244 1
7839 5594 83964254 1
7860 5561 83964264 1
7881 5538 83964274 1
7904 5521 83964284 1
7927 5508 83964294 1
8316 5204 83964474 0
8236 5251 83964484 1
8224 5287 83964494 1
8224 5313 83964504 1
8235 5313 83964514 1
8249 5304 83964524 1
8265 5268 83964534 1
8278 5195 83964544 1
8262 5097 83964554 1
8231 4990 83964564 1
8183 4869 83964574 1
8134 4739 83964584 1
8084 4649 83964594 1
8059 4598 83964604 1
8051 4573 83964614 1
8051 4573 83964624 1
8057 4582 83964634 1
8063 4592 83964644 1
8116 4673 83964654 1
8200 4784 83964664 1
8301 4916 83964674 1
8409 5041 83964684 1
8521 5125 83964694 1
8604 5183 83964704 1
8650 5203 83964714 1
8672 5203 83964724 1
8681 5181 83964734 1
8675 5137 83964744 1
8660 5061 83964754 1
8629 4965 83964764 1
8595 4845 83964774 1
8558 4723 83964784 1
8532 4635 83964794 1
8532 4571 83964804 1
8553 4524 83964814 1
8586 4502 83964824 1
8623 4497 83964834 1
8700 4535 83964844 1
8803 4624 83964854 1
8926 4747 83964864 1
9050 4915 83964874 1
9173 5081 83964884 1
9285 5219 83964894 1
9390 5340 83964904 1
9443 5408 83964914 1
9463 5443 83964924 1
9463 5457 83964934 1
9463 5457 83964944 1
9451 5457 83964954 1
9438 5427 83964964 1
9406 5379 83964974 1
9377 5320 83964984 1
9355 5254 83964994 1
9334 5178 83965004 1
9295 5073 83965014 1
9244 4949 83965024 1
9199 4808 83965034 1
9152 4690 83965044 1
9131 4587 83965054 1
9131 4522 83965064 1
9149 4481 83965074 1
9176 4455 83965084 1
9225 4449 83965094 1
9286 4474 83965104 1
9363 4521 83965114 1
9428 4590 83965124 1
9485 4672 83965134 1
9511 4764 83965144 1
9511 4894 83965154 1
9499 5012 83965164 1
9452 5123 83965174 1
9378 5223 83965184 1
9286 5298 83965194 1
9181 5357 83965204 1
9067 5372 83965214 1
8946 5363 83965224 1
8841 5337 83965234 1
8791 5314 83965244 1
8777 5305 83965254 1
8784 5305 83965264 1
8792 5295 83965274 1
8865 5279 83965284 1
8981 5267 83965294 1
9154 5260 83965304 1
9351 5260 83965314 1
9565 5253 83965324 1
9779 5253 83965334 1
