710
1898 5236 34161441 0
1940 5229 34161451 1
1940 5229 34161461 1
1940 5229 34161471 1
1940 5229 34161481 1
1940 5229 34161491 1
1945 5229 34161501 1
1945 5229 34161511 1
1945 5229 34161521 1
1945 5229 34161531 1
1945 5229 34161541 1
1945 5240 34161551 1
1945 5256 34161561 1
1951 5269 34161571 1
1951 5276 34161581 1
1951 5276 34161591 1
1951 5276 34161601 1
1951 5276 34161611 1
1945 5276 34161621 1
1938 5284 34161631 1
1920 5284 34161641 1
1895 5284 34161651 1
1864 5275 34161661 1
1820 5256 34161671 1
1768 5218 34161681 1
1703 5168 34161691 1
1620 5087 34161701 1
1525 4980 34161711 1
1441 4856 34161721 1
1359 4718 34161731 1
1301 4590 34161741 1
1258 4474 34161751 1
1235 4352 34161761 1
1235 4228 34161771 1
1262 4121 34161781 1
1296 4024 34161791 1
1336 3946 34161801 1
1386 3885 34161811 1
1453 3835 34161821 1
1530 3814 34161831 1
1631 3825 34161841 1
1732 3857 34161851 1
1838 3919 34161862 1
1946 4003 34161872 1
2062 4102 34161882 1
2181 4202 34161892 1
2293 4321 34161902 1
2402 4454 34161912 1
2516 4584 34161922 1
2629 4716 34161932 1
2743 4836 34161942 1
2828 4948 34161952 1
2895 5028 34161962 1
2956 5103 34161972 1
3006 5167 34161982 1
3049 5226 34161992 1
3088 5284 34162002 1
3114 5340 34162012 1
3130 5368 34162022 1
3130 5377 34162032 1
3130 5377 34162042 1
3124 5377 34162052 1
3124 5377 34162062 1
3116 5369 34162072 1
3099 5343 34162082 1
3063 5304 34162092 1
3014 5245 34162102 1
2957 5182 34162112 1
2892 5092 34162122 1
2826 4985 34162132 1
2759 4862 34162142 1
2685 4720 34162152 1
2611 4565 34162162 1
2538 4402 34162172 1
2483 4234 34162182 1
2451 4103 34162192 1
2433 3998 34162202 1
2438 3917 34162212 1
2456 3867 34162222 1
2482 3837 34162232 1
2513 3824 34162242 1
2546 3838 34162242 1
2604 3871 34162252 1
2677 3941 34162262 1
2750 4024 34162272 1
2815 4116 34162282 1
2875 4221 34162292 1
2939 4339 34162302 1
3002 4466 34162312 1
3051 4569 34162322 1
3090 4646 34162332 1
3115 4705 34162342 1
3133 4772 34162352 1
3147 4836 34162362 1
3157 4891 34162372 1
3168 4947 34162382 1
3183 5006 34162392 1
3190 5042 34162402 1
3190 5062 34162412 1
3190 5072 34162422 1
3190 5078 34162432 1
3190 5084 34162442 1
3185 5084 34162452 1
3185 5084 34162462 1
3185 5084 34162472 1
3185 5084 34162482 1
3185 5084 34162492 1
3185 5084 34162502 1
3185 5084 34162512 1
3185 5084 34162522 1
3185 5084 34162532 1
3185 5084 34162542 1
3185 5084 34162552 1
3185 5084 34162562 1
3185 5084 34162572 1
3180 5077 34162582 1
3180 5061 34162592 1
3173 5036 34162602 1
3166 5001 34162612 1
3150 4941 34162622 1
3134 4864 34162632 1
3119 4774 34162642 1
3124 4698 34162652 1
3134 4641 34162662 1
3157 4594 34162672 1
3187 4559 34162682 1
3219 4541 34162692 1
3251 4534 34162702 1
3289 4539 34162712 1
3332 4566 34162722 1
3401 4608 34162732 1
3472 4659 34162742 1
3544 4716 34162752 1
3617 4778 34162762 1
3691 4843 34162772 1
3761 4896 34162782 1
3813 4929 34162792 1
3855 4953 34162802 1
3881 4953 34162812 1
3897 4953 34162822 1
3905 4953 34162832 1
3905 4915 34162842 1
3905 4864 34162852 1
3893 4775 34162862 1
3859 4681 34162872 1
3799 4564 34162882 1
3721 4433 34162892 1
3640 4273 34162902 1
3559 4128 34162912 1
3510 3994 34162922 1
3482 3903 34162932 1
3475 3842 34162942 1
3475 3801 34162952 1
3475 3791 34162962 1
3480 3791 34162972 1
3480 3803 34162982 1
3521 3879 34162992 1
3580 3994 34163002 1
3647 4134 34163012 1
3731 4300 34163022 1
3827 4463 34163032 1
3913 4599 34163042 1
3998 4719 34163052 1
4083 4812 34163062 1
4160 4876 34163072 1
4231 4922 34163082 1
4297 4946 34163092 1
4349 4964 34163102 1
4391 4964 34163112 1
4416 4953 34163122 1
4425 4921 34163132 1
4425 4851 34163142 1
4407 4756 34163152 1
4375 4655 34163162 1
4331 4549 34163172 1
4284 4436 34163182 1
4238 4320 34163192 1
4203 4214 34163202 1
4175 4115 34163212 1
4154 4030 34163222 1
4149 3975 34163232 1
4154 3939 34163242 1
4164 3917 34163252 1
4179 3912 34163262 1
4201 3919 34163272 1
4255 3956 34163282 1
4331 4031 34163292 1
4420 4132 34163302 1
4535 4269 34163312 1
4668 4422 34163322 1
4814 4586 34163332 1
4924 4704 34163342 1
5011 4795 34163352 1
5086 4868 34163362 1
5156 4923 34163372 1
5222 4964 34163382 1
5288 4997 34163392 1
5359 5026 34163402 1
5439 5050 34163412 1
5501 5050 34163422 1
5552 5035 34163432 1
5600 5000 34163442 1
5629 4936 34163452 1
5646 4853 34163462 1
5637 4751 34163472 1
5598 4648 34163482 1
5540 4545 34163492 1
5462 4442 34163502 1
5375 4353 34163512 1
5282 4273 34163522 1
5208 4232 34163532 1
5161 4218 34163542 1
5131 4218 34163552 1
5106 4250 34163562 1
5082 4308 34163572 1
5082 4386 34163582 1
5082 4473 34163592 1
5102 4556 34163602 1
5108 4600 34163612 1
5108 4619 34163622 1
5108 4619 34163632 1
5108 4619 34163642 1
5101 4591 34163652 1
5093 4553 34163662 1
5087 4493 34163672 1
5087 4428 34163682 1
5095 4353 34163692 1
5111 4272 34163702 1
5135 4204 34163712 1
5167 4145 34163722 1
5205 4097 34163732 1
5248 4073 34163742 1
5282 4065 34163752 1
5311 4065 34163762 1
5350 4096 34163772 1
5407 4138 34163782 1
5477 4205 34163792 1
5564 4309 34163802 1
5675 4439 34163812 1
5801 4591 34163822 1
5908 4759 34163832 1
5999 4939 34163842 1
6078 5095 34163852 1
6135 5210 34163862 1
6185 5298 34163872 1
6229 5375 34163882 1
6265 5428 34163892 1
6285 5466 34163902 1
6295 5484 34163912 1
6301 5497 34163922 1
6301 5502 34163932 1
6301 5502 34163942 1
6313 5511 34163952 1
6319 5519 34163962 1
6324 5527 34163972 1
6330 5532 34163982 1
6330 5532 34163992 1
6330 5532 34164002 1
6330 5532 34164012 1
6330 5532 34164022 1
6330 5532 34164032 1
6330 5532 34164042 1
6330 5532 34164052 1
6335 5532 34164062 1
6335 5532 34164072 1
6335 5532 34164082 1
6335 5532 34164092 1
6335 5539 34164102 1
6347 5550 34164112 1
6360 5567 34164122 1
6380 5596 34164132 1
6407 5631 34164142 1
6436 5671 34164152 1
6457 5706 34164162 1
6472 5735 34164172 1
6481 5752 34164182 1
6481 5761 34164192 1
6481 5761 34164202 1
6481 5766 34164212 1
6486 5766 34164222 1
6486 5766 34164232 1
6486 5752 34164242 1
6455 5701 34164252 1
6406 5624 34164262 1
6341 5504 34164272 1
6251 5356 34164282 1
6165 5190 34164292 1
6086 5021 34164302 1
5999 4829 34164312 1
5907 4622 34164322 1
5818 4442 34164332 1
5733 4262 34164342 1
5692 4127 34164352 1
5677 4023 34164362 1
5683 3954 34164372 1
5695 3913 34164382 1
5707 3892 34164392 1
5717 3892 34164402 1
5731 3909 34164412 1
5765 3946 34164422 1
5812 4012 34164432 1
5842 4078 34164442 1
5872 4156 34164452 1
5902 4243 34164462 1
5944 4351 34164472 1
5989 4466 34164482 1
6040 4585 34164492 1
6094 4710 34164502 1
6148 4846 34164512 1
6200 4989 34164522 1
6219 5084 34164532 1
6219 5179 34164542 1
6199 5271 34164552 1
6148 5359 34164562 1
6074 5439 34164572 1
5980 5494 34164582 1
5888 5533 34164592 1
5829 5547 34164602 1
5790 5557 34164612 1
5772 5557 34164622 1
5766 5557 34164632 1
5766 5557 34164642 1
5766 5557 34164652 1
5772 5557 34164662 1
5797 5545 34164672 1
5838 5526 34164682 1
5901 5504 34164692 1
6006 5484 34164702 1
6140 5484 34164712 1
6316 5501 34164722 1
6495 5524 34164732 1
6641 5548 34164742 1
6764 5572 34164752 1
6845 5591 34164762 1
6897 5609 34164772 1
6930 5626 34164782 1
6976 5646 34164792 1
7022 5669 34164802 1
7058 5682 34164812 1
7087 5690 34164822 1
7101 5690 34164832 1
7101 5690 34164842 1
7101 5690 34164852 1
7101 5690 34164862 1
7093 5685 34164872 1
7085 5675 34164882 1
7078 5657 34164892 1
7063 5617 34164902 1
7043 5563 34164912 1
7010 5471 34164922 1
6952 5340 34164932 1
6878 5184 34164942 1
6793 5008 34164952 1
6683 4823 34164962 1
6555 4633 34164972 1
6439 4492 34164982 1
6349 4379 34164992 1
6276 4284 34165002 1
6253 4225 34165012 1
6253 4192 34165022 1
6258 4177 34165032 1
6264 4182 34165042 1
6273 4230 34165052 1
6326 4307 34165062 1
6406 4433 34165072 1
6492 4586 34165082 1
6605 4756 34165092 1
6735 4955 34165102 1
6877 5119 34165112 1
6973 5259 34165122 1
7039 5334 34165132 1
7069 5379 34165142 1
7081 5405 34165152 1
7081 5411 34165162 1
7081 5411 34165172 1
7081 5416 34165182 1
7081 5416 34165192 1
7081 5416 34165202 1
7087 5405 34165212 1
7087 5367 34165222 1
7087 5310 34165232 1
7087 5221 34165242 1
7087 5131 34165252 1
7087 5039 34165262 1
7109 4978 34165272 1
7139 4936 34165282 1
7166 4910 34165292 1
7196 4898 34165302 1
7234 4898 34165312 1
7278 4907 34165322 1
7345 4942 34165332 1
7426 4992 34165342 1
7506 5062 34165352 1
7587 5145 34165362 1
7671 5237 34165372 1
7731 5296 34165382 1
7776 5323 34165392 1
7809 5329 34165402 1
7840 5317 34165412 1
7870 5292 34165422 1
7908 5258 34165432 1
7942 5227 34165442 1
7970 5202 34165452 1
7995 5182 34165462 1
8002 5176 34165472 1
8002 5176 34165482 1
8002 5186 34165492 1
7990 5205 34165502 1
7963 5227 34165512 1
7925 5252 34165522 1
7869 5271 34165532 1
7805 5271 34165517 1
7736 5247 34165527 1
7660 5201 34165537 1
7557 5119 34165547 1
7437 5013 34165557 1
7292 4858 34165567 1
7158 4702 34165577 1
7031 4546 34165587 1
6997 4463 34165597 1
7002 4407 34165607 1
7033 4368 34165617 1
7068 4360 34165627 1
7135 4392 34165637 1
7222 4451 34165647 1
7327 4531 34165657 1
7432 4631 34165667 1
7549 4745 34165677 1
7672 4887 34165687 1
7792 5024 34165697 1
7886 5118 34165707 1
7963 5185 34165717 1
8002 5218 34165727 1
8016 5234 34165737 1
8016 5239 34165747 1
8016 5239 34165757 1
8016 5239 34165767 1
8016 5239 34165777 1
8016 5239 34165787 1
8016 5239 34165797 1
8016 5239 34165807 1
8016 5239 34165817 1
8021 5239 34165827 1
8021 5231 34165837 1
8021 5207 34165847 1
8005 5172 34165857 1
7966 5114 34165867 1
7905 5029 34165877 1
7830 4926 34165887 1
7745 4764 34165897 1
7656 4604 34165907 1
7565 4445 34165917 1
7534 4330 34165927 1
7534 4253 34165937 1
7563 4201 34165947 1
7606 4177 34165957 1
7672 4189 34165967 1
7752 4226 34165977 1
7868 4298 34165987 1
7985 4389 34165997 1
8096 4494 34166007 1
8203 4621 34166017 1
8329 4769 34166027 1
8434 4931 34166037 1
8525 5046 34166047 1
8559 5107 34166057 1
8574 5132 34166067 1
8574 5145 34166077 1
8574 5153 34166087 1
8574 5153 34166097 1
8574 5153 34166107 1
8574 5153 34166117 1
8568 5138 34166127 1
8553 5072 34166137 1
8524 4971 34166147 1
8482 4824 34166157 1
8432 4674 34166167 1
8372 4554 34166177 1
8350 4456 34166187 1
8350 4387 34166197 1
8376 4337 34166207 1
8424 4301 34166217 1
8488 4301 34166227 1
8566 4322 34166237 1
8664 4367 34166247 1
8775 4436 34166257 1
8874 4502 34166267 1
8928 4566 34166277 1
8952 4596 34166287 1
8947 4610 34166297 1
8940 4610 34166307 1
8931 4610 34166317 1
8920 4610 34166327 1
8900 4605 34166337 1
8875 4596 34166347 1
8870 4596 34166357 1
8416 5850 34166478 0
8255 5698 34166488 1
8236 5711 34166498 1
8263 5684 34166508 1
8283 5631 34166518 1
8303 5631 34166528 1
8323 5624 34166538 1
8367 5611 34166548 1
8417 5597 34166558 1
8479 5579 34166568 1
9443 5302 34166989 0
9443 5302 34166999 1
9443 5302 34167009 1
9436 5338 34167019 1
9436 5350 34167029 1
9430 5360 34167039 1
9430 5368 34167049 1
9421 5361 34167059 1
9407 5303 34167069 1
9323 5212 34167079 1
9214 5049 34167089 1
9089 4861 34167099 1
8963 4657 34167109 1
8837 4499 34167119 1
8739 4363 34167129 1
8659 4243 34167139 1
8630 4169 34167149 1
8625 4131 34167159 1
8635 4118 34167169 1
8656 4118 34167179 1
8718 4172 34167189 1
8806 4254 34167199 1
8918 4370 34167209 1
9030 4507 34167219 1
9146 4657 34167229 1
9267 4817 34167239 1
9399 4947 34167249 1
9505 5058 34167259 1
9593 5110 34167269 1
9640 5137 34167279 1
9671 5147 34167289 1
9690 5139 34167299 1
9698 5111 34167309 1
9693 5071 34167319 1
9680 4990 34167329 1
9637 4882 34167339 1
9569 4755 34167349 1
9484 4630 34167359 1
9394 4504 34167369 1
9337 4386 34167379 1
9301 4273 34167389 1
9301 4195 34167399 1
9319 4151 34167409 1
9343 4129 34167419 1
9368 4129 34167429 1
9420 4165 34167439 1
9490 4224 34167449 1
9568 4318 34167459 1
9677 4440 34167469 1
9806 4580 34167479 1
9969 4726 34167489 1
10107 4863 34167499 1
10227 4994 34167509 1
10313 5084 34167519 1
10381 5156 34167529 1
10436 5216 34167539 1
10482 5268 34167549 1
10516 5319 34167559 1
10543 5358 34167569 1
10557 5389 34167579 1
10565 5411 34167589 1
10565 5416 34167599 1
10565 5411 34167609 1
10565 5411 34167619 1
10565 5411 34167629 1
10565 5411 34167639 1
10571 5411 34167649 1
10571 5411 34167659 1
10577 5422 34167669 1
10577 5433 34167679 1
10577 5445 34167689 1
10577 5458 34167699 1
10577 5473 34167709 1
10583 5491 34167719 1
10583 5512 34167729 1
10590 5536 34167739 1
10596 5559 34167749 1
10596 5581 34167759 1
10596 5600 34167769 1
10588 5619 34167779 1
10582 5637 34167789 1
10575 5656 34167799 1
10567 5670 34167809 1
10562 5680 34167819 1
10562 5685 34167829 1
10562 5685 34167839 1
10562 5685 34167849 1
10562 5680 34167859 1
10562 5680 34167869 1
10562 5672 34167879 1
10562 5672 34167889 1
10562 5672 34167899 1
10562 5672 34167909 1
10562 5672 34167919 1
10562 5672 34167929 1
10562 5672 34167939 1
10562 5672 34167949 1
10562 5672 34167959 1
10562 5672 34167969 1
10562 5672 34167979 1
10562 5672 34167989 1
10562 5672 34167999 1
10557 5672 34168009 1
10557 5672 34168019 1
10557 5672 34168029 1
10557 5672 34168039 1
10557 5672 34168049 1
10557 5672 34168059 1
10557 5672 34168069 1
10557 5672 34168079 1
10557 5672 34168089 1
10557 5672 34168099 1
10557 5672 34168109 1
10557 5672 34168119 1
10557 5672 34168129 1
10557 5672 34168131 1
10557 5672 34168141 1
10557 5672 34168151 1
10557 5672 34168161 1
10557 5672 34168171 1
10557 5672 34168181 1
10557 5672 34168191 1
10552 5647 34168201 1
10552 5639 34168211 1
10552 5625 34168221 1
10542 5603 34168231 1
10530 5571 34168241 1
10514 5531 34168251 1
10495 5488 34168261 1
10474 5448 34168271 1
10452 5416 34168281 1
10438 5389 34168291 1
10428 5371 34168301 1
10420 5359 34168311 1
10414 5352 34168321 1
10409 5343 34168331 1
10398 5328 34168341 1
10373 5284 34168351 1
10339 5222 34168361 1
10301 5139 34168371 1
10262 5050 34168381 1
10222 4952 34168391 1
10181 4843 34168401 1
10141 4723 34168411 1
10101 4598 34168421 1
10049 4470 34168431 1
9989 4320 34168441 1
9941 4185 34168451 1
9932 4115 34168461 1
9949 4084 34168471 1
9959 4084 34168481 1
9995 4112 34168491 1
10047 4163 34168501 1
10106 4233 34168511 1
10156 4318 34168521 1
10201 4414 34168531 1
10260 4531 34168541 1
10331 4663 34168551 1
10410 4806 34168561 1
10471 4952 34168571 1
10508 5068 34168581 1
10530 5164 34168591 1
10530 5238 34168601 1
10525 5301 34168611 1
10509 5356 34168621 1
10498 5413 34168631 1
10481 5465 34168641 1
10459 5509 34168651 1
10440 5548 34168661 1
10421 5581 34168671 1
10406 5602 34168681 1
10396 5614 34168691 1
10396 5621 34168701 1
10387 5629 34168711 1
10378 5638 34168721 1
10363 5651 34168731 1
10343 5668 34168741 1
10320 5677 34168751 1
10298 5683 34168761 1
10281 5683 34168771 1
10274 5674 34168781 1
10274 5642 34168791 1
10299 5594 34168801 1
10348 5541 34168811 1
10439 5493 34168821 1
10572 5465 34168831 1
10734 5448 34168841 1
10911 5436 34168851 1
11089 5424 34168861 1
11268 5417 34168871 1
11407 5417 34168881 1
11504 5417 34168891 1
11573 5417 34168901 1
11595 5422 34168911 1
11595 5422 34168921 1
11595 5422 34168931 1
11595 5422 34168941 1
11595 5422 34168951 1
11595 5422 34168961 1
11595 5427 34168971 1
11595 5427 34168981 1
11600 5427 34168991 1
11600 5427 34169001 1
11600 5422 34169011 1
