390
2408 5234 73567644 0
2382 5251 73567654 1
2351 5325 73567664 1
2316 5369 73567674 1
2279 5414 73567684 1
2239 5461 73567694 1
2193 5471 73567704 1
2143 5476 73567714 1
2085 5460 73567724 1
2020 5431 73567734 1
1951 5372 73567744 1
1881 5281 73567754 1
1813 5168 73567764 1
1745 5034 73567774 1
1691 4896 73567784 1
1660 4753 73567794 1
1644 4607 73567804 1
1656 4482 73567814 1
1711 4387 73567824 1
1795 4312 73567834 1
1915 4292 73567844 1
2083 4341 73567854 1
2282 4437 73567864 1
2451 4560 73567874 1
2607 4691 73567884 1
2753 4827 73567894 1
2848 4954 73567904 1
2915 5042 73567914 1
2963 5104 73567924 1
2978 5135 73567934 1
2968 5142 73567944 1
2942 5133 73567954 1
2903 5107 73567964 1
2852 5042 73567974 1
2793 4950 73567984 1
2740 4818 73567994 1
2689 4706 73568004 1
2669 4608 73568014 1
2669 4519 73568024 1
2702 4469 73568034 1
2762 4445 73568044 1
2838 4457 73568054 1
2936 4511 73568064 1
3045 4594 73568074 1
3161 4683 73568084 1
3253 4788 73568094 1
3326 4903 73568104 1
3385 5005 73568114 1
3417 5102 73568124 1
3409 5166 73568134 1
3374 5211 73568144 1
3303 5224 73568154 1
3205 5205 73568164 1
3088 5165 73568174 1
2974 5119 73568184 1
2898 5076 73568194 1
2848 5045 73568204 1
2828 5021 73568214 1
2841 5004 73568224 1
2876 4985 73568234 1
2950 4985 73568244 1
3083 4995 73568254 1
3254 5027 73568264 1
3426 5058 73568274 1
3604 5095 73568284 1
3790 5138 73568294 1
3939 5171 73568304 1
4064 5205 73568314 1
4184 5235 73568324 1
4262 5260 73568334 1
4313 5272 73568344 1
4321 5272 73568354 1
4300 5272 73568364 1
4260 5272 73568374 1
4209 5266 73568384 1
4153 5244 73568394 1
4094 5213 73568404 1
4042 5174 73568414 1
3992 5119 73568424 1
3946 5053 73568434 1
3903 4971 73568444 1
3860 4872 73568454 1
3820 4762 73568464 1
3786 4688 73568474 1
3781 4648 73568484 1
3794 4632 73568494 1
3811 4632 73568504 1
3828 4656 73568514 1
3870 4700 73568524 1
3927 4791 73568534 1
3984 4904 73568544 1
4056 5033 73568554 1
4138 5118 73568564 1
4215 5161 73568574 1
4283 5176 73568584 1
4346 5224 73568594 1
4402 5229 73568604 1
4448 5206 73568614 1
4488 5165 73568624 1
4515 5119 73568634 1
4527 5052 73568635 1
4527 4972 73568645 1
4511 4888 73568655 1
4496 4809 73568665 1
4481 4762 73568675 1
4481 4734 73568685 1
4481 4734 73568695 1
4501 4746 73568705 1
4523 4772 73568715 1
4567 4834 73568725 1
4627 4914 73568735 1
4699 5006 73568745 1
4787 5106 73568755 1
4885 5201 73568765 1
4979 5278 73568775 1
5069 5344 73568785 1
5148 5395 73568795 1
5220 5441 73568805 1
5266 5465 73568815 1
5281 5476 73568825 1
5276 5476 73568835 1
5252 5469 73568845 1
5207 5455 73568855 1
5147 5421 73568865 1
5080 5375 73568875 1
5017 5317 73568885 1
4960 5258 73568895 1
4917 5198 73568905 1
4883 5146 73568915 1
4865 5100 73568925 1
4873 5072 73568935 1
4898 5056 73568945 1
4946 5049 73568955 1
5013 5049 73568965 1
5092 5049 73568975 1
5173 5038 73568985 1
5249 5016 73568995 1
5291 4986 73569005 1
5311 4940 73569015 1
5298 4875 73569025 1
5245 4798 73569035 1
5166 4720 73569045 1
5081 4663 73569055 1
5007 4620 73569065 1
4970 4614 73569075 1
4954 4648 73569085 1
4954 4708 73569095 1
5566 5643 73569156 0
5896 5811 73569166 1
5974 5874 73569176 1
6026 5895 73569186 1
6060 5901 73569196 1
6083 5901 73569206 1
6093 5872 73569216 1
6093 5825 73569226 1
6073 5764 73569236 1
6039 5675 73569246 1
5997 5541 73569256 1
5947 5376 73569266 1
5902 5257 73569276 1
5860 5121 73569286 1
5843 4974 73569296 1
5854 4869 73569306 1
5884 4804 73569316 1
5939 4765 73569326 1
6020 4776 73569336 1
6118 4821 73569346 1
6229 4888 73569356 1
6341 4983 73569366 1
6426 5076 73569376 1
6493 5165 73569386 1
6512 5251 73569396 1
6487 5327 73569406 1
6433 5397 73569416 1
6334 5437 73569426 1
6191 5437 73569436 1
6018 5412 73569446 1
5837 5360 73569457 1
5665 5307 73569467 1
5498 5267 73569477 1
5393 5237 73569487 1
5344 5223 73569497 1
5333 5218 73569507 1
5341 5218 73569517 1
5402 5218 73569527 1
5499 5218 73569537 1
5671 5237 73569547 1
5876 5272 73569557 1
6103 5313 73569567 1
6322 5358 73569577 1
6529 5406 73569587 1
6707 5449 73569597 1
6869 5489 73569607 1
6965 5508 73569617 1
7020 5515 73569627 1
7048 5510 73569637 1
7048 5502 73569647 1
7023 5490 73569657 1
6978 5481 73569667 1
6941 5468 73569677 1
6907 5452 73569687 1
6877 5416 73569697 1
6847 5363 73569707 1
6816 5298 73569717 1
6789 5219 73569727 1
6764 5134 73569737 1
6741 5040 73569747 1
6721 4951 73569757 1
6703 4866 73569767 1
6688 4800 73569777 1
6688 4771 73569787 1
6688 4771 73569797 1
6694 4771 73569807 1
6694 4808 73569817 1
6720 4871 73569827 1
6760 4969 73569837 1
6816 5067 73569847 1
6884 5165 73569857 1
6959 5225 73569867 1
7046 5279 73569877 1
7149 5310 73569887 1
7263 5327 73569897 1
7386 5332 73569907 1
7506 5332 73569917 1
7616 5332 73569927 1
7719 5332 73569937 1
7812 5332 73569947 1
7878 5332 73569957 1
7925 5327 73569967 1
7945 5318 73569977 1
7951 5309 73569987 1
7951 5309 73569987 1
7926 5309 73569997 1
7892 5324 73570007 1
7851 5361 73570017 1
7804 5412 73570027 1
7759 5457 73570037 1
7715 5482 73570047 1
7669 5494 73570057 1
7626 5482 73570067 1
7583 5443 73570077 1
7544 5386 73570087 1
7504 5294 73570097 1
7466 5190 73570107 1
7430 5078 73570117 1
7408 4968 73570127 1
7390 4882 73570137 1
7399 4812 73570147 1
7423 4787 73570157 1
7462 4802 73570167 1
7506 4843 73570177 1
7563 4922 73570187 1
7627 5004 73570197 1
7673 5088 73570207 1
7713 5180 73570217 1
7748 5246 73570227 1
7774 5294 73570237 1
7784 5307 73570247 1
7784 5307 73570257 1
7791 5292 73570267 1
7798 5246 73570277 1
7809 5181 73570287 1
7823 5103 73570297 1
7842 5018 73570307 1
7884 4941 73570317 1
7940 4892 73570327 1
8008 4861 73570337 1
8080 4861 73570347 1
8170 4884 73570357 1
8269 4932 73570367 1
8377 4997 73570377 1
8478 5076 73570387 1
8574 5164 73570397 1
8657 5258 73570407 1
8715 5324 73570417 1
8757 5371 73570427 1
8772 5390 73570437 1
8772 5395 73570447 1
8764 5395 73570457 1
8750 5382 73570467 1
8722 5339 73570477 1
8685 5273 73570487 1
8649 5180 73570497 1
8617 5085 73570507 1
8593 4985 73570517 1
8575 4885 73570527 1
8561 4819 73570537 1
8578 4775 73570547 1
8614 4780 73570557 1
8650 4828 73570567 1
8698 4905 73570577 1
8754 5008 73570587 1
8804 5146 73570597 1
8858 5308 73570607 1
8913 5482 73570617 1
8966 5637 73570627 1
9003 5714 73570637 1
9031 5747 73570647 1
9054 5758 73570657 1
9089 5764 73570667 1
9127 5746 73570677 1
9166 5714 73570687 1
9218 5675 73570697 1
9276 5634 73570707 1
9344 5592 73570717 1
9415 5558 73570727 1
9487 5530 73570737 1
9604 5482 73570769 0
9599 5429 73570779 1
9569 5398 73570789 1
9533 5351 73570799 1
9493 5302 73570809 1
9464 5241 73570819 1
9436 5173 73570829 1
9411 5097 73570839 1
9389 5021 73570849 1
9370 4955 73570859 1
9360 4896 73570869 1
9360 4866 73570879 1
9360 4853 73570889 1
9365 4853 73570899 1
9372 4860 73570909 1
9385 4895 73570919 1
9412 4947 73570929 1
9445 5006 73570939 1
9488 5075 73570949 1
9549 5151 73570959 1
9623 5209 73570969 1
9703 5252 73570979 1
9786 5285 73570989 1
9872 5300 73570999 1
9958 5292 73571009 1
10020 5270 73571019 1
10067 5228 73571029 1
10108 5173 73571039 1
10139 5109 73571049 1
10162 5046 73571059 1
10188 4982 73571069 1
10219 4933 73571079 1
10258 4894 73571089 1
10301 4879 73571099 1
10367 4895 73571109 1
10448 4933 73571119 1
10532 4997 73571129 1
10619 5088 73571139 1
10711 5196 73571149 1
10805 5322 73571159 1
10889 5442 73571169 1
10967 5557 73571179 1
11015 5616 73571189 1
11033 5645 73571199 1
11033 5655 73571209 1
11025 5655 73571219 1
11012 5655 73571229 1
10994 5655 73571239 1
10962 5618 73571249 1
10921 5568 73571259 1
10874 5487 73571269 1
10821 5378 73571279 1
10771 5251 73571289 1
10728 5115 73571299 1
10696 4977 73571309 1
10696 4859 73571319 1
10716 4755 73571329 1
10762 4696 73571339 1
10832 4672 73571349 1
10917 4672 73571359 1
11019 4705 73571369 1
11114 4762 73571379 1
11194 4836 73571389 1
11267 4924 73571399 1
11318 5019 73571409 1
11337 5118 73571419 1
11337 5214 73571429 1
11286 5303 73571439 1
11205 5360 73571449 1
11103 5399 73571459 1
10953 5407 73571469 1
10797 5400 73571479 1
10636 5382 73571489 1
10518 5373 73571499 1
10445 5365 73571509 1
10403 5359 73571519 1
10403 5353 73571529 1
10458 5336 73571539 1
10546 5313 73571549 1
10703 5300 73571559 1
10902 5295 73571569 1
11129 5295 73571579 1
11383 5311 73571589 1
