605
2717 5870 34191264 0
2747 5836 34191274 1
2728 5836 34191284 1
2728 5845 34191294 1
2720 5855 34191304 1
2713 5869 34191314 1
2705 5887 34191324 1
2696 5894 34191334 1
2684 5901 34191344 1
2669 5907 34191354 1
2648 5907 34191364 1
2608 5894 34191374 1
2556 5865 34191384 1
2500 5826 34191394 1
2450 5777 34191404 1
2373 5705 34191414 1
2276 5617 34191424 1
2208 5555 34191434 1
2142 5456 34191444 1
2083 5333 34191454 1
2030 5195 34191464 1
1984 5053 34191474 1
1944 4902 34191484 1
1911 4753 34191494 1
1895 4607 34191504 1
1888 4490 34191514 1
1908 4385 34191524 1
1935 4288 34191534 1
1976 4205 34191544 1
2028 4143 34191554 1
2083 4094 34191564 1
2139 4066 34191574 1
2191 4054 34191584 1
2236 4054 34191594 1
2277 4072 34191604 1
2328 4117 34191614 1
2382 4180 34191624 1
2440 4262 34191634 1
2494 4347 34191644 1
2545 4434 34191654 1
2593 4508 34191664 1
2632 4568 34191674 1
2665 4618 34191684 1
2703 4677 34191694 1
2742 4754 34191704 1
2802 4844 34191714 1
2874 4949 34191724 1
2964 5054 34191734 1
3058 5138 34191744 1
3158 5210 34191754 1
3245 5271 34191764 1
3324 5333 34191774 1
3401 5396 34191784 1
3485 5469 34191794 1
3591 5548 34191804 1
3710 5609 34191814 1
3811 5650 34191824 1
3889 5678 34191834 1
3951 5686 34191844 1
3977 5686 34191854 1
3985 5680 34191864 1
3985 5680 34191874 1
3985 5680 34191884 1
3979 5680 34191894 1
3974 5680 34191904 1
3953 5680 34191914 1
3920 5680 34191924 1
3878 5675 34191934 1
3813 5652 34191944 1
3721 5615 34191954 1
3611 5555 34191964 1
3500 5466 34191974 1
3392 5358 34191984 1
3294 5239 34191994 1
3207 5095 34192004 1
3114 4935 34192014 1
3016 4723 34192024 1
2931 4548 34192034 1
2885 4398 34192044 1
2865 4291 34192054 1
2872 4214 34192064 1
2896 4156 34192074 1
2930 4126 34192084 1
2964 4119 34192094 1
3004 4128 34192104 1
3055 4182 34192114 1
3116 4287 34192124 1
3185 4425 34192134 1
3257 4584 34192144 1
3323 4771 34192154 1
3385 4977 34192164 1
3436 5164 34192174 1
3474 5321 34192184 1
3503 5457 34192194 1
3521 5552 34192204 1
3532 5601 34192214 1
3537 5620 34192224 1
3537 5620 34192234 1
3537 5612 34192244 1
3537 5549 34192254 1
3532 5450 34192264 1
3519 5267 34192274 1
3500 5100 34192284 1
3500 4944 34192294 1
3519 4806 34192304 1
3557 4707 34192314 1
3613 4635 34192324 1
3675 4597 34192334 1
3743 4583 34192344 1
3807 4583 34192354 1
3881 4620 34192364 1
3965 4692 34192374 1
4064 4789 34192384 1
4181 4931 34192386 1
4310 5071 34192396 1
4423 5210 34192406 1
4511 5259 34192416 1
4583 5326 34192426 1
4634 5405 34192436 1
4661 5426 34192446 1
4671 5431 34192456 1
4665 5426 34192466 1
4646 5411 34192476 1
4619 5335 34192486 1
4559 5218 34192496 1
4484 5084 34192506 1
4399 4903 34192516 1
4299 4690 34192526 1
4199 4499 34192536 1
4098 4344 34192546 1
4058 4213 34192556 1
4038 4141 34192566 1
4030 4101 34192576 1
4030 4082 34192586 1
4037 4082 34192596 1
4043 4124 34192606 1
4089 4185 34192616 1
4163 4334 34192626 1
4248 4518 34192636 1
4356 4725 34192646 1
4478 4941 34192656 1
4600 5095 34192666 1
4705 5209 34192676 1
4799 5276 34192686 1
4855 5316 34192696 1
4897 5338 34192706 1
4929 5347 34192716 1
4961 5336 34192726 1
4990 5312 34192736 1
5017 5254 34192746 1
5038 5167 34192756 1
5038 5060 34192766 1
5022 4937 34192776 1
4998 4803 34192786 1
4965 4661 34192796 1
4925 4522 34192806 1
4889 4399 34192816 1
4876 4287 34192826 1
4876 4196 34192836 1
4897 4138 34192846 1
4919 4102 34192856 1
4948 4092 34192866 1
4982 4114 34192876 1
5041 4157 34192886 1
5117 4263 34192896 1
5215 4418 34192906 1
5334 4606 34192916 1
5468 4804 34192926 1
5588 4965 34192936 1
5696 5101 34192946 1
5797 5188 34192956 1
5882 5256 34192966 1
5955 5311 34192976 1
6020 5350 34192986 1
6080 5385 34192996 1
6124 5397 34193006 1
6157 5397 34193016 1
6172 5377 34193026 1
6172 5308 34193036 1
6156 5205 34193046 1
6098 5057 34193056 1
6042 4903 34193066 1
5988 4761 34193076 1
5941 4630 34193086 1
5891 4535 34193096 1
5838 4464 34193106 1
5795 4409 34193116 1
5752 4376 34193126 1
5724 4363 34193136 1
5704 4363 34193146 1
5679 4382 34193156 1
5656 4428 34193166 1
5638 4493 34193176 1
5627 4579 34193186 1
5620 4640 34193196 1
5613 4685 34193206 1
5608 4706 34193216 1
5608 4711 34193226 1
5608 4705 34193236 1
5608 4705 34193246 1
5608 4705 34193256 1
5608 4705 34193266 1
5608 4705 34193276 1
5608 4705 34193286 1
5608 4705 34193296 1
5608 4700 34193306 1
5608 4700 34193316 1
5629 4662 34193326 1
5661 4606 34193336 1
5703 4518 34193346 1
5748 4431 34193356 1
5792 4344 34193366 1
5837 4273 34193376 1
5881 4213 34193386 1
5923 4169 34193396 1
5971 4134 34193406 1
6026 4106 34193416 1
6086 4101 34193426 1
6146 4112 34193436 1
6209 4133 34193446 1
6279 4185 34193456 1
6354 4280 34193466 1
6433 4403 34193476 1
6512 4562 34193486 1
6592 4751 34193496 1
6676 4959 34193506 1
6750 5152 34193516 1
6818 5329 34193526 1
6870 5495 34193536 1
6912 5640 34193546 1
6948 5782 34193556 1
6983 5917 34193566 1
7014 6023 34193576 1
7043 6111 34193586 1
7074 6180 34193596 1
7100 6234 34193606 1
7123 6279 34193616 1
7144 6310 34193626 1
7154 6326 34193636 1
7154 6333 34193646 1
7164 6333 34193656 1
7164 6339 34193666 1
7164 6339 34193676 1
7164 6339 34193686 1
7164 6339 34193696 1
7158 6296 34193706 1
7126 6237 34193716 1
7078 6116 34193726 1
7019 5965 34193736 1
6955 5795 34193746 1
6876 5631 34193756 1
6786 5451 34193766 1
6675 5215 34193776 1
6565 4946 34193786 1
6455 4686 34193796 1
6403 4511 34193806 1
6391 4393 34193816 1
6405 4294 34193826 1
6425 4225 34193836 1
6447 4175 34193846 1
6472 4157 34193856 1
6501 4164 34193866 1
6535 4188 34193876 1
6591 4257 34193886 1
6660 4361 34193896 1
6727 4488 34193906 1
6779 4616 34193916 1
6820 4741 34193926 1
6836 4876 34193936 1
6836 5018 34193946 1
6836 5134 34193956 1
6797 5250 34193966 1
6737 5361 34193976 1
6662 5467 34193986 1
6573 5550 34193996 1
6478 5620 34194006 1
6378 5661 34194016 1
6309 5686 34194026 1
6275 5701 34194036 1
6263 5701 34194046 1
6263 5701 34194056 1
6263 5701 34194066 1
6263 5701 34194076 1
6276 5695 34194086 1
6314 5687 34194096 1
6370 5677 34194106 1
6504 5677 34194116 1
6709 5684 34194126 1
6962 5691 34194136 1
7154 5691 34194146 1
7285 5691 34194156 1
7376 5681 34194166 1
7399 5681 34194176 1
7404 5681 34194186 1
7398 5681 34194196 1
7398 5681 34194206 1
7383 5681 34194216 1
7366 5681 34194226 1
7346 5687 34194236 1
7333 5687 34194246 1
7333 5687 34194256 1
7333 5687 34194266 1
7333 5687 34194276 1
7333 5687 34194286 1
7333 5687 34194296 1
7333 5687 34194306 1
7333 5687 34194316 1
7333 5687 34194326 1
7333 5687 34194336 1
7333 5687 34194346 1
7333 5687 34194356 1
7338 5677 34194366 1
7338 5668 34194376 1
7338 5662 34194386 1
7343 5662 34194396 1
7343 5653 34194406 1
7343 5653 34194416 1
7343 5642 34194426 1
7330 5591 34194436 1
7306 5511 34194446 1
7256 5355 34194456 1
7190 5176 34194466 1
7114 4981 34194476 1
7040 4786 34194486 1
6996 4654 34194496 1
6971 4565 34194506 1
6957 4499 34194516 1
6947 4462 34194526 1
6947 4444 34194536 1
6957 4444 34194546 1
6957 4475 34194556 1
6989 4522 34194566 1
7035 4610 34194576 1
7079 4730 34194586 1
7141 4871 34194596 1
7214 5031 34194606 1
7299 5187 34194616 1
7370 5323 34194626 1
7431 5447 34194636 1
7463 5526 34194646 1
7477 5571 34194656 1
7477 5593 34194666 1
7477 5598 34194676 1
7477 5598 34194686 1
7477 5598 34194696 1
7488 5585 34194706 1
7497 5547 34194716 1
7508 5491 34194726 1
7522 5428 34194736 1
7541 5368 34194746 1
7566 5313 34194756 1
7595 5260 34194766 1
7628 5217 34194776 1
7664 5184 34194786 1
7702 5159 34194796 1
7739 5153 34194806 1
7777 5165 34194816 1
7833 5189 34194826 1
7892 5228 34194836 1
7958 5281 34194846 1
8031 5344 34194856 1
8111 5404 34194866 1
8190 5434 34194876 1
8262 5443 34194886 1
8332 5443 34194896 1
8387 5443 34194906 1
8424 5437 34194916 1
8449 5437 34194926 1
8449 5437 34194936 1
8443 5437 34194946 1
8443 5437 34194956 1
8418 5450 34194966 1
8376 5471 34194976 1
8298 5487 34194986 1
8211 5480 34194996 1
8119 5460 34195006 1
8038 5416 34195016 1
7944 5336 34195026 1
7841 5231 34195036 1
7729 5097 34195046 1
7621 4943 34195056 1
7521 4775 34195066 1
7468 4664 34195076 1
7445 4595 34195086 1
7462 4553 34195096 1
7485 4532 34195106 1
7519 4541 34195116 1
7585 4570 34195126 1
7672 4630 34195136 1
7765 4714 34195146 1
7872 4815 34195156 1
7989 4958 34195166 1
8103 5098 34195176 1
8203 5236 34195186 1
8294 5337 34195196 1
8348 5403 34195206 1
8379 5445 34195216 1
8395 5460 34195226 1
8395 5472 34195236 1
8395 5479 34195246 1
8402 5486 34195256 1
8402 5491 34195266 1
8402 5491 34195276 1
8407 5496 34195286 1
8407 5496 34195296 1
8407 5496 34195306 1
8407 5490 34195316 1
8413 5490 34195326 1
8413 5485 34195336 1
8413 5485 34195346 1
8413 5485 34195356 1
8413 5485 34195366 1
8413 5485 34195376 1
8413 5485 34195386 1
8413 5485 34195396 1
8413 5485 34195406 1
8403 5485 34195416 1
8393 5477 34195426 1
8379 5477 34195436 1
8374 5471 34195446 1
8369 5471 34195456 1
8364 5459 34195466 1
8347 5429 34195476 1
8323 5386 34195486 1
8281 5297 34195496 1
8224 5191 34195506 1
8156 5073 34195516 1
8087 4951 34195526 1
8021 4831 34195536 1
7981 4738 34195546 1
7958 4662 34195556 1
7958 4598 34195566 1
7978 4554 34195576 1
8014 4523 34195586 1
8068 4516 34195596 1
8148 4541 34195606 1
8245 4588 34195616 1
8371 4665 34195626 1
8500 4770 34195636 1
8631 4893 34195646 1
8761 5017 34195656 1
8894 5137 34195666 1
8989 5225 34195676 1
9058 5293 34195686 1
9100 5342 34195696 1
9125 5386 34195706 1
9139 5407 34195716 1
9139 5415 34195726 1
9139 5415 34195736 1
9139 5415 34195746 1
9139 5415 34195756 1
9121 5397 34195766 1
9099 5347 34195776 1
9053 5275 34195786 1
8994 5166 34195796 1
8927 5036 34195806 1
8867 4891 34195816 1
8842 4759 34195826 1
8842 4676 34195836 1
8871 4626 34195846 1
8906 4596 34195856 1
8956 4589 34195866 1
9014 4598 34195876 1
9089 4635 34195886 1
9151 4680 34195896 1
9205 4730 34195906 1
9233 4794 34195916 1
9245 4870 34195926 1
8859 5929 34196001 0
8762 5847 34196011 1
8725 5847 34196021 1
8720 5867 34196031 1
8736 5859 34196041 1
8736 5859 34196051 1
8736 5859 34196061 1
8747 5859 34196071 1
8763 5854 34196081 1
9609 5183 34196361 0
9683 5162 34196371 1
9683 5162 34196381 1
9683 5162 34196391 1
9697 5162 34196401 1
9697 5162 34196411 1
9697 5162 34196421 1
9697 5162 34196431 1
9697 5162 34196441 1
9697 5162 34196451 1
9697 5162 34196461 1
9702 5150 34196471 1
9678 5092 34196481 1
9634 5003 34196491 1
9555 4884 34196501 1
9464 4762 34196511 1
9364 4637 34196521 1
9274 4524 34196531 1
9216 4441 34196541 1
9179 4378 34196551 1
9162 4338 34196561 1
9148 4322 34196571 1
9148 4322 34196581 1
9159 4339 34196591 1
9198 4397 34196601 1
9270 4484 34196611 1
9364 4589 34196621 1
9483 4718 34196631 1
9605 4862 34196641 1
9734 5005 34196651 1
9868 5108 34196661 1
9967 5184 34196671 1
10043 5211 34196681 1
10075 5221 34196691 1
10089 5221 34196701 1
10089 5210 34196711 1
10095 5176 34196721 1
10083 5126 34196731 1
10060 5052 34196741 1
10016 4951 34196751 1
9956 4833 34196761 1
9884 4699 34196771 1
9813 4570 34196781 1
9742 4448 34196791 1
9705 4325 34196801 1
9690 4237 34196811 1
9706 4172 34196821 1
9736 4134 34196831 1
9775 4124 34196841 1
9824 4133 34196851 1
9897 4175 34196861 1
9986 4253 34196871 1
10074 4355 34196881 1
10170 4481 34196891 1
10276 4623 34196901 1
10385 4776 34196911 1
10482 4951 34196921 1
10572 5103 34196931 1
10640 5241 34196941 1
10698 5374 34196951 1
10748 5484 34196961 1
10778 5580 34196971 1
10803 5654 34196981 1
10824 5721 34196991 1
10831 5777 34197001 1
10840 5832 34197011 1
10849 5887 34197021 1
10855 5922 34197031 1
10860 5938 34197041 1
10860 5938 34197051 1
10855 5938 34197061 1
10855 5938 34197071 1
10855 5921 34197081 1
10846 5880 34197091 1
10835 5824 34197101 1
10808 5750 34197111 1
10750 5640 34197121 1
10672 5505 34197131 1
10585 5338 34197141 1
10488 5166 34197151 1
10384 4985 34197161 1
10311 4796 34197171 1
10265 4634 34197181 1
10237 4492 34197191 1
10237 4367 34197201 1
10255 4280 34197211 1
10284 4219 34197221 1
10309 4186 34197231 1
10335 4186 34197241 1
10364 4197 34197251 1
10403 4248 34197261 1
10454 4326 34197271 1
10505 4422 34197281 1
10556 4526 34197291 1
10588 4627 34197301 1
10588 4721 34197311 1
10573 4826 34197321 1
10527 4938 34197331 1
10447 5024 34197341 1
10345 5104 34197351 1
10248 5169 34197361 1
10147 5227 34197371 1
10043 5278 34197381 1
9940 5324 34197391 1
9882 5360 34197401 1
9855 5379 34197411 1
9855 5387 34197421 1
9855 5387 34197431 1
9867 5387 34197441 1
9952 5387 34197451 1
10084 5366 34197461 1
10273 5337 34197471 1
10523 5316 34197481 1
10814 5303 34197491 1
11085 5295 34197501 1
11257 5286 34197511 1
11362 5286 34197521 1
11386 5292 34197531 1
11386 5292 34197541 1
11378 5292 34197551 1
11372 5303 34197561 1
11360 5310 34197571 1
11345 5318 34197581 1
11345 5318 34197591 1
11339 5325 34197601 1
11334 5330 34197611 1
11328 5337 34197621 1
11316 5342 34197631 1
