419
2037 5147 73547826 0
2090 5147 73547836 1
2099 5168 73547846 1
2106 5182 73547866 1
2118 5217 73547876 1
2135 5267 73547886 1
2153 5305 73547896 1
2153 5342 73547906 1
2147 5378 73547916 1
2125 5404 73547926 1
2099 5431 73547936 1
2070 5457 73547946 1
2024 5464 73547956 1
1969 5459 73547966 1
1909 5421 73547976 1
1830 5343 73547986 1
1736 5239 73547996 1
1633 5118 73548006 1
1533 4994 73548016 1
1460 4869 73548026 1
1406 4744 73548036 1
1386 4647 73548046 1
1399 4566 73548056 1
1433 4496 73548066 1
1503 4449 73548076 1
1607 4436 73548086 1
1733 4445 73548096 1
1862 4485 73548106 1
1995 4543 73548116 1
2134 4614 73548126 1
2271 4705 73548136 1
2397 4812 73548146 1
2516 4929 73548156 1
2635 5033 73548166 1
2732 5122 73548176 1
2815 5202 73548186 1
2875 5264 73548196 1
2904 5296 73548206 1
2911 5308 73548216 1
2899 5300 73548216 1
2866 5268 73548226 1
2819 5219 73548236 1
2769 5146 73548246 1
2720 5061 73548256 1
2677 4968 73548266 1
2653 4873 73548276 1
2640 4781 73548286 1
2646 4713 73548296 1
2673 4661 73548306 1
2714 4641 73548316 1
2779 4651 73548326 1
2846 4682 73548336 1
2918 4735 73548346 1
2981 4803 73548356 1
3039 4882 73548366 1
3083 4965 73548376 1
3108 5050 73548386 1
3120 5136 73548396 1
3106 5212 73548406 1
3070 5260 73548416 1
3018 5290 73548426 1
2949 5290 73548436 1
2880 5269 73548446 1
2812 5234 73548456 1
2752 5190 73548466 1
2697 5143 73548476 1
2670 5110 73548486 1
2659 5088 73548496 1
2669 5064 73548506 1
2710 5047 73548516 1
2771 5035 73548526 1
2860 5044 73548536 1
2976 5065 73548546 1
3111 5093 73548556 1
3256 5134 73548566 1
3398 5180 73548576 1
3534 5229 73548586 1
3666 5276 73548596 1
3785 5321 73548606 1
3871 5360 73548616 1
3934 5396 73548626 1
3971 5415 73548636 1
3982 5423 73548646 1
3976 5418 73548656 1
3954 5411 73548666 1
3921 5384 73548676 1
3880 5344 73548686 1
3840 5301 73548696 1
3803 5253 73548706 1
3772 5200 73548716 1
3742 5131 73548726 1
3704 5052 73548736 1
3660 4966 73548746 1
3624 4880 73548756 1
3594 4793 73548766 1
3576 4742 73548776 1
3576 4713 73548786 1
3584 4705 73548796 1
3591 4712 73548806 1
3619 4730 73548816 1
3662 4810 73548826 1
3729 4908 73548836 1
3796 5019 73548846 1
3857 5093 73548856 1
3915 5148 73548866 1
3978 5190 73548876 1
4043 5226 73548886 1
4112 5251 73548896 1
4183 5268 73548906 1
4240 5268 73548916 1
4287 5257 73548926 1
4323 5233 73548936 1
4347 5204 73548946 1
4363 5161 73548956 1
4363 5108 73548966 1
4363 5049 73548976 1
4363 4995 73548986 1
4363 4952 73548996 1
4369 4914 73549006 1
4375 4890 73549016 1
4384 4880 73549026 1
4399 4880 73549036 1
4422 4896 73549046 1
4464 4935 73549056 1
4518 4989 73549066 1
4585 5057 73549076 1
4657 5127 73549086 1
4737 5199 73549096 1
4821 5272 73549106 1
4895 5344 73549116 1
4963 5413 73549126 1
5021 5475 73549136 1
5062 5520 73549146 1
5092 5555 73549156 1
5102 5570 73549166 1
5102 5581 73549176 1
5087 5581 73549186 1
5062 5581 73549196 1
5022 5557 73549206 1
4971 5521 73549216 1
4920 5473 73549226 1
4872 5420 73549236 1
4829 5354 73549246 1
4787 5300 73549256 1
4758 5256 73549266 1
4751 5232 73549276 1
4759 5212 73549286 1
4786 5196 73549296 1
4818 5187 73549306 1
4866 5177 73549316 1
4922 5165 73549326 1
4973 5150 73549336 1
5011 5130 73549346 1
5040 5104 73549356 1
5052 5069 73549366 1
5037 5023 73549376 1
5004 4960 73549386 1
4938 4887 73549396 1
4868 4810 73549406 1
4795 4766 73549416 1
4741 4745 73549426 1
4715 4753 73549436 1
4708 4801 73549446 1
4737 4876 73549456 1
5504 5888 73549528 0
5721 6026 73549538 1
5802 6051 73549548 1
5871 6080 73549558 1
5913 6113 73549568 1
5937 6113 73549578 1
5949 6103 73549588 1
5949 6073 73549598 1
5929 6031 73549608 1
5902 5966 73549618 1
5872 5877 73549628 1
5836 5772 73549638 1
5796 5669 73549648 1
5749 5550 73549658 1
5704 5421 73549668 1
5687 5293 73549678 1
5687 5176 73549688 1
5696 5067 73549698 1
5726 4994 73549708 1
5770 4952 73549718 1
5831 4930 73549728 1
5890 4930 73549738 1
5948 4955 73549748 1
6005 4990 73549758 1
6058 5037 73549768 1
6107 5088 73549778 1
6143 5142 73549788 1
6154 5189 73549798 1
6147 5236 73549808 1
6104 5282 73549818 1
6040 5327 73549828 1
5860 5381 73549869 0
5569 5351 73549879 1
5450 5325 73549889 1
5360 5299 73549899 1
5289 5290 73549909 1
5249 5290 73549919 1
5238 5290 73549929 1
5247 5290 73549939 1
5282 5290 73549949 1
5354 5281 73549959 1
5450 5290 73549969 1
5581 5308 73549979 1
5734 5338 73549989 1
5901 5379 73549999 1
6062 5427 73550009 1
6229 5474 73550019 1
6384 5516 73550029 1
6530 5549 73550039 1
6643 5567 73550049 1
6728 5576 73550059 1
6793 5576 73550069 1
6816 5564 73550079 1
6771 5537 73550109 0
6712 5564 73550119 1
6678 5573 73550129 1
6654 5573 73550139 1
6632 5578 73550149 1
6618 5578 73550159 1
6609 5578 73550169 1
6599 5548 73550179 1
6587 5506 73550189 1
6574 5439 73550199 1
6559 5352 73550209 1
6543 5252 73550219 1
6525 5155 73550229 1
6509 5075 73550239 1
6495 5006 73550249 1
6489 4973 73550259 1
6489 4961 73550269 1
6489 4961 73550279 1
6489 4977 73550289 1
6500 5024 73550299 1
6516 5093 73550309 1
6543 5181 73550319 1
6586 5262 73550329 1
6639 5338 73550339 1
6696 5383 73550349 1
6775 5423 73550359 1
6869 5452 73550369 1
6950 5471 73550379 1
7034 5485 73550389 1
7122 5495 73550399 1
7213 5500 73550409 1
7290 5500 73550419 1
7358 5484 73550429 1
7403 5465 73550439 1
7427 5442 73550449 1
7438 5421 73550459 1
7438 5409 73550469 1
7431 5403 73550479 1
7418 5403 73550489 1
7400 5423 73550499 1
7384 5446 73550509 1
7364 5490 73550519 1
7340 5533 73550529 1
7322 5559 73550539 1
7305 5573 73550549 1
7287 5573 73550559 1
7261 5556 73550569 1
7230 5523 73550579 1
7190 5449 73550589 1
7149 5351 73550599 1
7107 5238 73550609 1
7077 5132 73550619 1
7059 5046 73550629 1
7050 4973 73550639 1
7059 4942 73550649 1
7083 4942 73550659 1
7117 4956 73550669 1
7169 5008 73550679 1
7225 5080 73550689 1
7288 5166 73550699 1
7352 5266 73550709 1
7409 5362 73550719 1
7461 5421 73550729 1
7498 5457 73550739 1
7520 5468 73550749 1
7532 5463 73550759 1
7546 5447 73550769 1
7558 5410 73550779 1
7567 5352 73550789 1
7574 5280 73550799 1
7590 5213 73550809 1
7609 5151 73550819 1
7637 5092 73550829 1
7671 5056 73550839 1
7710 5035 73550849 1
7759 5023 73550859 1
7814 5033 73550869 1
7881 5063 73550879 1
7956 5107 73550889 1
8028 5162 73550899 1
8098 5224 73550909 1
8322 5499 73550960 0
8322 5499 73550970 1
8322 5499 73550980 1
8264 5475 73550990 1
8242 5450 73551000 1
8220 5418 73551010 1
8200 5362 73551020 1
8177 5290 73551030 1
8152 5205 73551040 1
8134 5121 73551050 1
8121 5038 73551060 1
8121 4979 73551070 1
8121 4935 73551080 1
8133 4917 73551090 1
8144 4917 73551100 1
8157 4939 73551110 1
8171 4999 73551120 1
8209 5719 73551180 0
8263 5862 73551190 1
8276 5892 73551200 1
8286 5907 73551210 1
8317 5917 73551220 1
8350 5907 73551230 1
8390 5885 73551240 1
8437 5844 73551250 1
8492 5803 73551260 1
8555 5758 73551270 1
8624 5714 73551280 1
8870 5561 73551341 0
8907 5506 73551351 1
8900 5484 73551361 1
8892 5458 73551371 1
8874 5429 73551381 1
8849 5390 73551391 1
8822 5342 73551401 1
8792 5291 73551411 1
8761 5239 73551421 1
8733 5177 73551431 1
8705 5117 73551441 1
8682 5063 73551451 1
8666 5013 73551461 1
8661 4984 73551471 1
8661 4974 73551481 1
8667 4974 73551491 1
8676 4994 73551501 1
8702 5039 73551511 1
8739 5102 73551521 1
8796 5195 73551531 1
8859 5297 73551541 1
8931 5404 73551551 1
9008 5469 73551561 1
9069 5501 73551571 1
9126 5510 73551581 1
9180 5510 73551591 1
9232 5483 73551601 1
9274 5447 73551611 1
9308 5386 73551621 1
9336 5312 73551631 1
9357 5230 73551641 1
9373 5163 73551651 1
9394 5116 73551661 1
9415 5082 73551671 1
9437 5065 73551681 1
9466 5065 73551691 1
9504 5079 73551701 1
9548 5112 73551711 1
9599 5170 73551721 1
9660 5245 73551731 1
9729 5356 73551741 1
9806 5478 73551751 1
9890 5608 73551761 1
9983 5716 73551771 1
10055 5803 73551781 1
10112 5876 73551791 1
10149 5919 73551801 1
10168 5942 73551811 1
10174 5951 73551821 1
10174 5959 73551831 1
10160 5965 73551841 1
10146 5965 73551851 1
10119 5953 73551861 1
10086 5928 73551871 1
10048 5887 73551881 1
10011 5828 73551891 1
9974 5756 73551901 1
9937 5675 73551911 1
9900 5589 73551921 1
9862 5476 73551931 1
9823 5348 73551941 1
9797 5215 73551951 1
9789 5105 73551961 1
9789 5011 73551971 1
9816 4938 73551981 1
9863 4889 73551991 1
9925 4855 73552001 1
10016 4837 73552011 1
10111 4842 73552021 1
10209 4863 73552031 1
10304 4913 73552041 1
10384 4969 73552051 1
10453 5029 73552061 1
10481 5100 73552071 1
10465 5182 73552081 1
10420 5272 73552091 1
10331 5368 73552101 1
10331 5368 73552112 0
9859 5478 73552122 1
9698 5478 73552132 1
9562 5469 73552142 1
9478 5457 73552152 1
9439 5452 73552162 1
9430 5452 73552172 1
9454 5438 73552182 1
9520 5421 73552192 1
9615 5401 73552202 1
9755 5379 73552212 1
9923 5361 73552222 1
10109 5344 73552232 1
10286 5344 73552242 1
10475 5362 73552252 1
10656 5395 73552262 1
