313
2560 4855 31795532 0
2687 4907 31795542 1
2710 5004 31795552 1
2710 5057 31795562 1
2702 5082 31795572 1
2693 5128 31795582 1
2648 5174 31795592 1
2582 5189 31795602 1
2493 5184 31795612 1
2344 5102 31795622 1
2154 4957 31795632 1
1976 4770 31795642 1
1846 4581 31795652 1
1748 4418 31795662 1
1724 4272 31795672 1
1766 4191 31795682 1
1852 4150 31795692 1
1990 4137 31795702 1
2175 4163 31795712 1
2390 4217 31795722 1
2623 4290 31795732 1
2827 4357 31795742 1
3012 4399 31795752 1
3166 4425 31795762 1
3264 4430 31795772 1
3324 4430 31795782 1
3336 4430 31795792 1
3327 4422 31795802 1
3303 4417 31795812 1
3263 4417 31795822 1
3217 4417 31795832 1
3167 4431 31795842 1
3123 4463 31795852 1
3086 4511 31795862 1
3060 4569 31795872 1
3060 4652 31795882 1
3071 4753 31795892 1
3116 4866 31795902 1
3197 4967 31795912 1
3302 5042 31795922 1
3397 5099 31795932 1
3473 5128 31795942 1
3535 5128 31795952 1
3576 5107 31795962 1
3597 5061 31795972 1
3605 4986 31795982 1
3589 4893 31795992 1
3545 4787 31796002 1
3482 4693 31796012 1
3401 4608 31796022 1
3305 4529 31796032 1
3198 4458 31796042 1
3093 4393 31796052 1
3020 4344 31796053 1
2969 4332 31796063 1
2980 4344 31796073 1
3682 4844 31796133 0
3935 4949 31796143 1
3988 4968 31796153 1
4006 4954 31796163 1
4011 4917 31796173 1
4006 4845 31796183 1
3988 4758 31796193 1
3952 4660 31796203 1
3905 4578 31796213 1
3855 4509 31796223 1
3809 4450 31796233 1
3771 4407 31796243 1
3745 4385 31796253 1
3738 4376 31796263 1
3738 4376 31796273 1
3748 4401 31796283 1
3759 4435 31796293 1
3808 4508 31796303 1
3880 4601 31796313 1
3982 4707 31796323 1
4106 4830 31796333 1
4244 4950 31796343 1
4362 5020 31796353 1
4442 5058 31796363 1
4496 5051 31796373 1
4528 5011 31796383 1
4543 4950 31796393 1
4543 4860 31796403 1
4525 4768 31796413 1
4494 4674 31796423 1
4457 4606 31796433 1
4422 4550 31796443 1
4390 4501 31796453 1
4364 4459 31796463 1
4364 4439 31796473 1
4371 4439 31796483 1
4449 4467 31796493 1
4997 4864 31796544 0
5144 5016 31796554 1
5159 5035 31796564 1
5144 5048 31796574 1
5132 5030 31796584 1
5102 4967 31796594 1
5060 4873 31796604 1
5031 4775 31796614 1
5020 4689 31796624 1
5020 4624 31796634 1
5029 4571 31796644 1
5039 4523 31796654 1
5049 4484 31796664 1
5049 4450 31796674 1
5049 4427 31796684 1
5049 4410 31796694 1
5016 4396 31796704 1
4971 4382 31796714 1
4917 4376 31796724 1
4860 4376 31796734 1
4802 4376 31796744 1
4763 4388 31796754 1
4756 4403 31796764 1
4771 4436 31796774 1
4866 4494 31796784 1
5715 5011 31796844 0
5934 5113 31796854 1
5953 5130 31796864 1
5953 5117 31796874 1
5920 5084 31796884 1
5867 4968 31796894 1
5774 4837 31796904 1
5685 4695 31796914 1
5598 4578 31796924 1
5538 4473 31796934 1
5521 4376 31796944 1
5533 4300 31796954 1
5582 4254 31796964 1
5670 4229 31796974 1
5783 4240 31796984 1
5941 4283 31796994 1
6088 4347 31797004 1
6227 4409 31797014 1
6327 4470 31797024 1
5726 5011 31797104 0
5476 5058 31797114 1
5418 5122 31797124 1
5382 5145 31797134 1
5404 5145 31797144 1
5485 5134 31797154 1
5605 5129 31797164 1
5792 5124 31797174 1
5960 5118 31797184 1
6114 5118 31797194 1
6266 5118 31797204 1
6735 5138 31797265 0
6685 5033 31797275 1
6597 5033 31797285 1
6504 4959 31797295 1
6407 4844 31797305 1
6336 4712 31797315 1
6283 4607 31797325 1
6241 4519 31797335 1
6210 4453 31797345 1
6196 4412 31797355 1
6196 4388 31797365 1
6196 4378 31797375 1
6196 4378 31797385 1
6206 4395 31797395 1
6246 4446 31797405 1
6308 4526 31797415 1
6407 4625 31797425 1
6526 4744 31797435 1
6658 4861 31797445 1
6790 4978 31797455 1
6893 5012 31797465 1
6976 5012 31797475 1
7048 4992 31797485 1
7104 4962 31797495 1
7150 4931 31797505 1
7182 4896 31797515 1
7198 4866 31797525 1
7203 4839 31797535 1
7203 4808 31797545 1
7212 4777 31797555 1
7652 4893 31797635 0
7646 4968 31797645 1
7598 5016 31797655 1
7540 5040 31797665 1
7488 5027 31797675 1
7430 4990 31797685 1
7365 4931 31797695 1
7292 4870 31797705 1
7240 4806 31797715 1
7202 4748 31797725 1
7185 4693 31797735 1
7192 4646 31797745 1
7214 4614 31797755 1
7267 4592 31797765 1
7354 4592 31797775 1
7463 4616 31797785 1
7572 4661 31797795 1
7672 4714 31797805 1
7766 4781 31797815 1
7865 4858 31797825 1
7946 4939 31797835 1
8015 5019 31797845 1
8048 5061 31797855 1
8059 5078 31797865 1
8059 5078 31797875 1
8040 5040 31797885 1
7998 4976 31797895 1
7939 4872 31797905 1
7883 4762 31797915 1
7853 4676 31797925 1
7840 4608 31797935 1
7855 4563 31797945 1
7888 4547 31797955 1
7933 4547 31797965 1
8014 4592 31797975 1
8131 4652 31797985 1
8273 4725 31797995 1
8420 4803 31798005 1
8560 4878 31798015 1
8655 4952 31798025 1
8723 4978 31798035 1
8746 4972 31798045 1
8739 4945 31798055 1
8713 4865 31798065 1
8659 4769 31798075 1
8605 4663 31798085 1
8550 4584 31798095 1
8520 4531 31798105 1
8515 4496 31798115 1
8526 4486 31798125 1
8547 4496 31798135 1
8581 4519 31798145 1
8624 4558 31798155 1
8682 4608 31798165 1
8961 5298 31798236 0
8973 5329 31798246 1
8942 5351 31798256 1
8952 5375 31798266 1
8986 5333 31798276 1
9039 5290 31798286 1
9079 5246 31798296 1
9111 5220 31798306 1
9138 5204 31798316 1
9167 5190 31798326 1
9356 5140 31798376 0
9372 5061 31798386 1
9309 5010 31798396 1
9230 4941 31798406 1
9137 4849 31798416 1
9068 4741 31798426 1
9017 4662 31798436 1
8978 4601 31798446 1
8961 4552 31798456 1
8948 4524 31798466 1
8948 4516 31798476 1
8963 4521 31798486 1
8993 4539 31798496 1
9055 4585 31798506 1
9139 4649 31798516 1
9248 4730 31798526 1
9372 4823 31798536 1
9507 4924 31798546 1
9601 4961 31798556 1
9653 4951 31798566 1
9677 4910 31798576 1
9672 4834 31798586 1
9632 4750 31798596 1
9569 4661 31798606 1
9512 4593 31798616 1
9478 4550 31798626 1
9460 4524 31798636 1
9460 4524 31798646 1
9503 4541 31798657 1
9565 4578 31798667 1
9686 4638 31798677 1
9825 4717 31798687 1
9975 4809 31798697 1
10116 4919 31798707 1
10257 5031 31798717 1
10380 5145 31798727 1
10490 5220 31798737 1
10538 5247 31798747 1
10547 5242 31798757 1
10530 5203 31798767 1
10467 5120 31798777 1
10365 5008 31798787 1
10238 4859 31798797 1
10129 4709 31798807 1
10034 4555 31798817 1
9948 4401 31798827 1
9916 4274 31798837 1
9958 4168 31798847 1
10049 4094 31798857 1
10188 4060 31798867 1
10363 4054 31798877 1
10562 4080 31798887 1
10713 4106 31798897 1
10816 4149 31798907 1
10887 4204 31798917 1
10912 4283 31798927 1
10903 4385 31798937 1
10871 4502 31798947 1
10796 4623 31798957 1
10677 4761 31798967 1
10529 4910 31798977 1
10352 5051 31798987 1
10198 5186 31798997 1
10058 5267 31799007 1
9975 5313 31799017 1
9975 5318 31799027 1
10037 5299 31799037 1
10204 5265 31799047 1
10451 5226 31799057 1
10752 5186 31799067 1
11031 5140 31799077 1
