120
3983 5690 63977054 0
3949 5805 63977064 1
3898 5888 63977074 1
3876 5918 63977084 1
3868 5904 63977094 1
3868 5862 63977104 1
3877 5748 63977114 1
3898 5573 63977124 1
3927 5358 63977134 1
3957 5104 63977144 1
3982 4830 63977154 1
3988 4542 63977164 1
3983 4270 63977174 1
3958 4043 63977184 1
3912 3846 63977194 1
3853 3719 63977204 1
3788 3666 63977214 1
3684 3666 63977224 1
3554 3694 63977234 1
3420 3779 63977244 1
3272 3899 63977254 1
3115 4044 63977264 1
2964 4208 63977274 1
2856 4384 63977284 1
2776 4502 63977294 1
2737 4563 63977304 1
2737 4587 63977314 1
2762 4592 63977324 1
2877 4612 63977334 1
3075 4641 63977344 1
3328 4675 63977354 1
3631 4721 63977364 1
3934 4775 63977374 1
4222 4827 63977384 1
4500 4857 63977394 1
4758 4873 63977404 1
4979 4883 63977414 1
6558 6386 63977534 0
6659 6342 63977544 1
6659 6373 63977554 1
6699 6399 63977564 1
6773 6365 63977574 1
6924 6322 63977584 1
7076 6273 63977594 1
7227 6246 63977604 1
7388 6220 63977614 1
7558 6195 63977624 1
7629 6136 63977634 1
7610 6034 63977644 1
7530 5903 63977654 1
7353 5742 63977664 1
7149 5595 63977674 1
6926 5457 63977684 1
6728 5332 63977694 1
6598 5249 63977704 1
6513 5194 63977714 1
6499 5184 63977724 1
6530 5184 63977734 1
6590 5194 63977744 1
6705 5223 63977754 1
6844 5252 63977764 1
6999 5282 63977774 1
7103 5282 63977784 1
7162 5252 63977794 1
7190 5211 63977804 1
7165 5135 63977814 1
7073 5004 63977824 1
6935 4836 63977834 1
6733 4651 63977844 1
6520 4465 63977854 1
6299 4271 63977864 1
6096 4073 63977874 1
5993 3943 63977884 1
5956 3870 63977894 1
5995 3836 63977904 1
6129 3836 63977914 1
6327 3900 63977924 1
6585 3999 63977934 1
6871 4125 63977944 1
7175 4269 63977954 1
7476 4424 63977964 1
7707 4550 63977974 1
7891 4657 63977984 1
7991 4751 63977994 1
8021 4849 63978004 1
8004 4946 63978014 1
7920 5044 63978024 1
7778 5152 63978034 1
7598 5265 63978044 1
7420 5417 63978054 1
7242 5569 63978064 1
7113 5720 63978074 1
7016 5821 63978084 1
6979 5862 63978085 1
6979 5862 63978095 1
6966 5794 63978105 1
6973 5620 63978115 1
6973 5375 63978125 1
6949 5041 63978135 1
6921 4710 63978145 1
6883 4381 63978155 1
6845 4107 63978165 1
6810 3859 63978175 1
6810 3629 63978185 1
6828 3481 63978195 1
6894 3363 63978205 1
7026 3265 63978215 1
7203 3245 63978225 1
7488 3309 63978235 1
7841 3430 63978245 1
8240 3584 63978255 1
8603 3777 63978265 1
8897 3995 63978275 1
9145 4177 63978285 1
9275 4340 63978295 1
9320 4490 63978305 1
9307 4617 63978315 1
9235 4769 63978325 1
9153 4938 63978335 1
9064 5137 63978345 1
