154
3399 7075 24062553 0
3427 7075 24062563 1
3422 7075 24062573 1
3433 7054 24062583 1
3446 7013 24062593 1
3461 6939 24062603 1
3478 6830 24062613 1
3500 6699 24062623 1
3529 6522 24062633 1
3563 6340 24062643 1
3597 6123 24062653 1
3628 5884 24062663 1
3656 5643 24062673 1
3690 5425 24062683 1
3725 5222 24062693 1
3761 5031 24062703 1
3790 4839 24062713 1
3815 4671 24062723 1
3830 4520 24062733 1
3830 4390 24062743 1
3830 4285 24062753 1
3817 4197 24062763 1
3788 4152 24062773 1
3748 4143 24062783 1
3666 4157 24062793 1
3565 4219 24062803 1
3451 4314 24062813 1
3327 4432 24062823 1
3190 4560 24062833 1
3043 4684 24062843 1
2909 4788 24062853 1
2779 4881 24062863 1
2656 4956 24062873 1
2539 5013 24062883 1
2452 5059 24062893 1
2386 5097 24062903 1
2344 5130 24062913 1
2324 5155 24062923 1
2318 5182 24062933 1
2350 5211 24062943 1
2453 5267 24062953 1
2603 5333 24062963 1
2815 5406 24062973 1
3063 5454 24062983 1
3334 5486 24062993 1
3626 5507 24063003 1
3916 5533 24063013 1
4185 5557 24063023 1
4439 5577 24063033 1
4676 5594 24063043 1
4868 5621 24063053 1
5029 5654 24063063 1
5147 5696 24063073 1
5225 5751 24063083 1
5449 6382 24063164 0
5474 6436 24063174 1
5469 6461 24063184 1
5485 6481 24063194 1
5516 6497 24063204 1
5568 6520 24063214 1
5652 6548 24063224 1
5757 6579 24063234 1
5891 6610 24063244 1
6025 6638 24063254 1
6160 6657 24063264 1
6290 6671 24063274 1
6412 6683 24063284 1
6528 6694 24063294 1
6632 6702 24063304 1
6717 6708 24063314 1
6790 6708 24063324 1
6815 6696 24063334 1
6795 6674 24063344 1
6746 6615 24063354 1
6633 6532 24063364 1
6476 6412 24063374 1
6290 6286 24063384 1
6123 6156 24063394 1
6020 6062 24063404 1
5959 5992 24063414 1
5924 5938 24063424 1
5924 5907 24063434 1
5941 5875 24063444 1
5993 5866 24063454 1
6084 5873 24063464 1
6201 5912 24063474 1
6354 5960 24063484 1
6503 6014 24063494 1
6650 6060 24063504 1
6789 6090 24063514 1
6884 6110 24063524 1
6950 6110 24063534 1
6963 6104 24063544 1
6915 6059 24063554 1
6827 5990 24063564 1
6650 5872 24063574 1
6430 5736 24063584 1
6182 5587 24063594 1
5949 5447 24063604 1
5772 5327 24063614 1
5632 5220 24063624 1
5556 5147 24063634 1
5530 5100 24063644 1
5537 5070 24063654 1
5589 5053 24063664 1
5714 5073 24063674 1
5888 5119 24063684 1
6078 5192 24063694 1
6295 5283 24063704 1
6529 5387 24063714 1
6753 5480 24063724 1
6942 5568 24063734 1
7108 5634 24063744 1
7225 5687 24063754 1
7300 5723 24063764 1
7346 5754 24063774 1
7336 5777 24063784 1
7287 5811 24063794 1
6874 6167 24063855 0
6791 6287 24063865 1
6756 6323 24063875 1
6730 6344 24063885 1
6720 6355 24063895 1
6720 6355 24063905 1
6720 6355 24063915 1
6720 6305 24063925 1
6713 6230 24063935 1
6704 6123 24063945 1
6688 5990 24063955 1
6671 5841 24063965 1
6654 5697 24063975 1
6654 5568 24063985 1
6673 5448 24063995 1
6704 5322 24064005 1
6753 5202 24064015 1
6826 5097 24064025 1
6914 5001 24064035 1
7011 4917 24064045 1
7137 4854 24064055 1
7283 4806 24064065 1
7460 4773 24064075 1
7669 4793 24064085 1
7900 4849 24064095 1
8143 4929 24064105 1
8413 5028 24064115 1
8700 5141 24064125 1
8977 5257 24064135 1
9202 5389 24064145 1
9392 5531 24064155 1
9567 5682 24064165 1
9686 5890 24064175 1
9768 6136 24064175 1
9795 6427 24064185 1
9757 6725 24064195 1
