127
3431 5563 65011538 0
3482 5706 65011548 1
3462 5834 65011558 1
3471 5867 65011568 1
3483 5827 65011578 1
3497 5738 65011588 1
3520 5576 65011598 1
3546 5317 65011608 1
3576 4993 65011618 1
3607 4590 65011628 1
3638 4154 65011638 1
3675 3695 65011648 1
3699 3346 65011658 1
3716 3075 65011668 1
3716 2857 65011678 1
3703 2739 65011688 1
3678 2670 65011698 1
3637 2634 65011708 1
3556 2617 65011718 1
3447 2633 65011728 1
3278 2671 65011738 1
3057 2775 65011748 1
2801 2885 65011758 1
2562 2998 65011768 1
2373 3062 65011778 1
2217 3097 65011788 1
2128 3114 65011798 1
2096 3126 65011808 1
2102 3146 65011818 1
2207 3277 65011828 1
2440 3480 65011838 1
2757 3727 65011848 1
3157 3984 65011858 1
3564 4247 65011868 1
3976 4415 65011878 1
4281 4487 65011888 1
4504 4496 65011898 1
4673 4459 65011908 1
4834 4422 65011918 1
6569 5271 65012269 0
6547 5176 65012279 1
6520 5275 65012289 1
6578 5331 65012299 1
6692 5358 65012309 1
6909 5426 65012319 1
7131 5504 65012329 1
7379 5588 65012339 1
7643 5649 65012349 1
7845 5689 65012359 1
7953 5716 65012369 1
7999 5716 65012379 1
7990 5683 65012389 1
7915 5634 65012399 1
7796 5532 65012409 1
7653 5398 65012419 1
7498 5244 65012429 1
7336 5080 65012439 1
7177 4923 65012449 1
7081 4770 65012459 1
7028 4683 65012469 1
7011 4636 65012479 1
7050 4615 65012489 1
7125 4628 65012499 1
7270 4672 65012509 1
7450 4737 65012519 1
7653 4819 65012529 1
7797 4864 65012539 1
7874 4885 65012549 1
7906 4867 65012559 1
7885 4798 65012569 1
7803 4696 65012579 1
7681 4556 65012589 1
7552 4377 65012599 1
7405 4171 65012609 1
7245 3988 65012619 1
7098 3824 65012629 1
6993 3673 65012639 1
6917 3588 65012649 1
6900 3537 65012659 1
6931 3508 65012669 1
6994 3515 65012679 1
7148 3586 65012689 1
7398 3699 65012689 1
7713 3881 65012699 1
8013 4056 65012709 1
8231 4226 65012719 1
8394 4375 65012729 1
8487 4489 65012739 1
8519 4581 65012749 1
8511 4658 65012759 1
8464 4733 65012769 1
8368 4816 65012779 1
8238 4904 65012789 1
8079 4996 65012799 1
7909 5083 65012809 1
7731 5161 65012819 1
7612 5213 65012829 1
7550 5250 65012839 1
7527 5250 65012849 1
7541 5216 65012859 1
7565 5149 65012869 1
7596 4995 65012879 1
7601 4752 65012889 1
7584 4451 65012899 1
7552 4096 65012909 1
7504 3741 65012919 1
7460 3483 65012929 1
7450 3290 65012939 1
7461 3140 65012949 1
7503 3032 65012959 1
7580 2951 65012969 1
7681 2893 65012980 1
7841 2884 65012990 1
8070 2909 65013000 1
8346 2987 65013010 1
8709 3096 65013020 1
9072 3227 65013030 1
9434 3350 65013040 1
9718 3441 65013050 1
9917 3511 65013060 1
10060 3574 65013070 1
10125 3635 65013080 1
10144 3696 65013090 1
10131 3796 65013100 1
10067 3922 65013110 1
9983 4083 65013120 1
9885 4311 65013130 1
