449
2973 6919 34385313 0
2990 6948 34385323 1
2995 6970 34385333 1
2995 6992 34385343 1
3005 7009 34385353 1
3015 7022 34385363 1
3027 7034 34385373 1
3038 7040 34385383 1
3050 7040 34385393 1
3064 7034 34385403 1
3082 7019 34385413 1
3099 7000 34385423 1
3110 6978 34385433 1
3118 6953 34385443 1
3125 6921 34385453 1
3133 6866 34385463 1
3143 6798 34385473 1
3150 6703 34385483 1
3159 6570 34385493 1
3167 6413 34385503 1
3181 6244 34385513 1
3215 6080 34385523 1
3261 5923 34385533 1
3322 5756 34385543 1
3384 5584 34385553 1
3448 5404 34385563 1
3504 5207 34385573 1
3556 4999 34385583 1
3599 4777 34385593 1
3641 4581 34385603 1
3682 4407 34385613 1
3726 4239 34385623 1
3763 4070 34385633 1
3795 3913 34385643 1
3830 3763 34385653 1
3864 3615 34385663 1
3896 3489 34385673 1
3922 3378 34385683 1
3945 3277 34385693 1
3967 3176 34385703 1
3977 3074 34385713 1
3977 2994 34385723 1
3977 2913 34385733 1
3984 2832 34385743 1
3984 2746 34385753 1
3984 2679 34385763 1
3989 2626 34385773 1
3989 2601 34385783 1
3989 2595 34385793 1
3989 2601 34385803 1
3989 2601 34385813 1
3989 2601 34385823 1
3984 2601 34385833 1
3972 2608 34385843 1
3954 2617 34385853 1
3932 2631 34385863 1
3899 2652 34385873 1
3858 2692 34385883 1
3807 2744 34385893 1
3740 2806 34385903 1
3663 2869 34385913 1
3569 2931 34385923 1
3468 2993 34385933 1
3362 3057 34385943 1
3237 3141 34385953 1
3094 3252 34385963 1
2938 3381 34385973 1
2790 3522 34385983 1
2636 3673 34385993 1
2479 3832 34386003 1
2358 3928 34386013 1
2254 3974 34386023 1
2160 3987 34386033 1
2086 3987 34386043 1
2039 3987 34386053 1
2010 3987 34386063 1
2000 3987 34386073 1
1994 3987 34386083 1
1994 3987 34386093 1
1994 3987 34386103 1
1994 3987 34386113 1
1994 3987 34386123 1
1994 3987 34386133 1
1994 3987 34386143 1
1994 3987 34386153 1
1994 3987 34386163 1
1994 3987 34386173 1
1994 3987 34386183 1
1994 3987 34386193 1
2022 4000 34386203 1
2062 4017 34386213 1
2149 4080 34386223 1
2276 4182 34386233 1
2430 4310 34386243 1
2652 4458 34386253 1
2935 4606 34386263 1
3259 4774 34386273 1
3658 4957 34386283 1
4085 5104 34386293 1
4530 5217 34386303 1
4986 5308 34386313 1
6836 6660 34387396 0
6836 6660 34387406 1
6836 6660 34387416 1
6836 6660 34387426 1
6836 6660 34387436 1
6836 6660 34387446 1
6821 6629 34387456 1
6816 6621 34387466 1
6816 6612 34387476 1
6823 6605 34387486 1
6828 6593 34387496 1
6845 6580 34387506 1
6880 6562 34387516 1
6928 6543 34387526 1
7003 6524 34387536 1
7102 6509 34387546 1
7217 6497 34387556 1
7356 6488 34387566 1
7495 6479 34387576 1
7632 6471 34387586 1
7766 6463 34387596 1
7908 6452 34387606 1
8026 6439 34387616 1
8128 6422 34387626 1
8224 6405 34387636 1
8314 6388 34387646 1
8399 6370 34387656 1
8470 6352 34387666 1
8525 6337 34387676 1
8570 6324 34387686 1
8595 6316 34387696 1
8607 6311 34387706 1
8607 6311 34387716 1
8607 6311 34387726 1
8607 6311 34387736 1
8601 6303 34387746 1
8588 6293 34387756 1
8551 6271 34387766 1
8504 6244 34387776 1
8450 6212 34387786 1
8379 6173 34387796 1
8291 6125 34387806 1
8192 6072 34387816 1
8086 6004 34387826 1
7962 5926 34387836 1
7826 5836 34387846 1
7687 5753 34387856 1
7548 5674 34387866 1
7409 5586 34387876 1
7265 5495 34387886 1
7119 5418 34387896 1
7041 5352 34387906 1
6992 5302 34387916 1
6962 5260 34387926 1
6943 5223 34387936 1
6924 5188 34387946 1
6910 5156 34387956 1
6899 5127 34387966 1
6893 5103 34387976 1
6893 5089 34387986 1
6893 5082 34387996 1
6893 5077 34388006 1
6902 5071 34388016 1
6916 5063 34388026 1
6934 5056 34388036 1
6965 5056 34388046 1
7004 5049 34388056 1
7052 5054 34388066 1
7115 5066 34388076 1
7188 5082 34388086 1
7281 5105 34388096 1
7374 5127 34388106 1
7465 5146 34388116 1
7548 5162 34388126 1
7627 5175 34388136 1
7705 5186 34388146 1
7787 5197 34388156 1
7874 5209 34388166 1
7956 5219 34388176 1
8028 5229 34388186 1
8096 5239 34388196 1
8160 5248 34388206 1
8221 5257 34388216 1
8280 5268 34388226 1
8349 5281 34388236 1
8418 5294 34388246 1
8487 5306 34388256 1
8543 5314 34388266 1
8592 5319 34388276 1
8625 5319 34388286 1
8641 5325 34388296 1
8646 5325 34388306 1
8646 5325 34388316 1
8646 5325 34388326 1
8632 5320 34388336 1
8609 5313 34388346 1
8571 5298 34388356 1
8522 5274 34388366 1
8460 5244 34388376 1
8386 5213 34388386 1
8305 5181 34388396 1
8231 5147 34388406 1
8162 5111 34388416 1
8100 5072 34388426 1
8039 5031 34388436 1
7973 4985 34388446 1
7903 4934 34388456 1
7827 4879 34388466 1
7751 4816 34388476 1
7674 4748 34388486 1
7599 4690 34388496 1
7526 4632 34388506 1
7453 4574 34388516 1
7381 4518 34388526 1
7294 4455 34388536 1
7198 4389 34388546 1
7117 4319 34388556 1
7040 4251 34388566 1
6968 4188 34388576 1
6913 4129 34388586 1
6869 4085 34388596 1
6842 4048 34388606 1
6821 4015 34388616 1
6810 3989 34388626 1
6810 3963 34388636 1
6810 3943 34388646 1
6818 3928 34388656 1
6824 3916 34388666 1
6832 3905 34388676 1
6839 3895 34388686 1
6844 3887 34388696 1
6858 3878 34388706 1
6873 3868 34388708 1
6873 3868 34388718 1
6906 3854 34388728 1
6922 3854 34388738 1
6938 3854 34388748 1
6960 3854 34388758 1
6982 3854 34388768 1
7005 3854 34388778 1
7030 3860 34388788 1
7061 3866 34388798 1
7095 3873 34388808 1
7129 3886 34388818 1
7172 3902 34388828 1
7218 3920 34388838 1
7272 3938 34388848 1
7332 3957 34388858 1
7390 3976 34388868 1
7440 3990 34388878 1
7486 4002 34388888 1
7534 4011 34388898 1
7587 4020 34388908 1
7650 4032 34388918 1
7721 4047 34388928 1
7801 4058 34388938 1
7885 4073 34388948 1
7965 4090 34388958 1
8038 4108 34388968 1
8108 4123 34388978 1
8170 4137 34388988 1
8225 4150 34388998 1
8276 4162 34389008 1
8321 4171 34389018 1
8367 4181 34389028 1
8408 4193 34389038 1
8445 4205 34389048 1
8477 4217 34389058 1
8505 4229 34389068 1
8531 4238 34389078 1
8561 4249 34389088 1
8589 4258 34389098 1
8619 4268 34389108 1
8649 4277 34389118 1
8680 4287 34389128 1
8713 4299 34389138 1
8747 4310 34389148 1
8783 4319 34389158 1
8818 4327 34389168 1
8854 4335 34389178 1
8889 4342 34389188 1
8923 4350 34389198 1
8954 4360 34389208 1
8977 4372 34389218 1
8994 4383 34389228 1
8999 4391 34389238 1
8999 4399 34389248 1
8999 4408 34389258 1
8999 4413 34389268 1
8999 4418 34389278 1
8992 4418 34389288 1
8992 4427 34389298 1
8985 4436 34389308 1
8980 4445 34389318 1
8975 4459 34389328 1
8969 4477 34389338 1
8963 4491 34389348 1
8955 4503 34389358 1
8947 4514 34389368 1
8931 4523 34389378 1
8915 4532 34389388 1
8901 4538 34389398 1
8890 4545 34389408 1
8881 4554 34389418 1
8866 4566 34389428 1
8847 4580 34389438 1
8826 4596 34389448 1
8797 4614 34389458 1
8763 4630 34389468 1
8729 4647 34389478 1
8697 4667 34389488 1
8666 4688 34389498 1
8637 4711 34389508 1
8607 4738 34389518 1
8573 4771 34389528 1
8537 4807 34389538 1
8508 4840 34389548 1
8482 4871 34389558 1
8463 4898 34389568 1
8445 4927 34389578 1
8428 4958 34389588 1
8413 4990 34389598 1
8397 5021 34389608 1
8375 5053 34389618 1
8350 5087 34389628 1
8324 5110 34389638 1
8301 5131 34389648 1
8283 5151 34389658 1
8270 5168 34389668 1
8260 5183 34389678 1
8250 5197 34389688 1
8242 5210 34389698 1
8235 5222 34389708 1
8230 5232 34389718 1
8224 5242 34389728 1
8218 5250 34389738 1
8211 5259 34389748 1
8204 5271 34389758 1
8198 5286 34389768 1
8191 5307 34389778 1
8185 5337 34389788 1
8178 5373 34389798 1
8170 5404 34389808 1
8158 5433 34389818 1
8145 5455 34389828 1
8132 5475 34389838 1
8118 5494 34389848 1
8106 5511 34389858 1
8097 5527 34389868 1
8090 5543 34389878 1
8084 5557 34389888 1
8084 5567 34389898 1
8084 5572 34389908 1
8084 5572 34389918 1
8084 5572 34389928 1
8084 5572 34389938 1
8079 5572 34389948 1
8079 5572 34389958 1
8070 5564 34389968 1
8063 5556 34389978 1
8053 5545 34389988 1
8041 5530 34389998 1
8028 5509 34390008 1
8015 5483 34390018 1
8005 5444 34390028 1
7994 5397 34390038 1
7987 5347 34390048 1
7982 5293 34390058 1
7982 5232 34390068 1
7973 5168 34390078 1
7967 5098 34390088 1
7958 5025 34390098 1
7951 4950 34390108 1
7945 4871 34390118 1
7945 4791 34390128 1
7945 4710 34390138 1
7945 4632 34390148 1
7945 4551 34390158 1
7945 4471 34390168 1
7933 4377 34390178 1
7920 4274 34390188 1
7911 4169 34390198 1
7901 4072 34390208 1
7891 3980 34390218 1
7882 3880 34390228 1
7882 3780 34390238 1
7882 3680 34390248 1
7888 3589 34390258 1
7888 3506 34390268 1
7894 3416 34390278 1
7902 3325 34390288 1
7908 3237 34390298 1
7915 3151 34390308 1
7923 3071 34390318 1
7931 2993 34390328 1
7936 2917 34390338 1
7941 2846 34390348 1
7941 2778 34390358 1
7947 2713 34390368 1
7954 2653 34390378 1
7962 2603 34390388 1
7972 2559 34390398 1
7984 2512 34390408 1
8000 2472 34390418 1
8019 2436 34390428 1
8042 2404 34390438 1
8070 2379 34390448 1
8105 2360 34390458 1
8144 2345 34390468 1
8186 2330 34390478 1
8229 2313 34390488 1
8274 2296 34390498 1
8323 2280 34390508 1
8375 2268 34390518 1
8432 2259 34390528 1
8495 2259 34390538 1
8574 2267 34390548 1
8663 2278 34390558 1
8765 2292 34390568 1
8869 2307 34390578 1
8978 2322 34390588 1
9072 2341 34390598 1
9157 2362 34390608 1
9249 2390 34390618 1
9344 2424 34390628 1
9445 2461 34390638 1
9551 2500 34390648 1
9651 2543 34390658 1
9748 2589 34390668 1
9848 2637 34390678 1
9946 2686 34390688 1
10030 2735 34390698 1
10105 2766 34390708 1
10168 2797 34390718 1
10223 2826 34390728 1
10273 2856 34390738 1
10315 2888 34390748 1
10349 2925 34390758 1
10377 2965 34390768 1
10406 3014 34390778 1
10428 3062 34390788 1
10444 3137 34390798 1
10444 3230 34390808 1
10444 3367 34390818 1
10432 3576 34390828 1
10413 3834 34390838 1
10387 4172 34390848 1
10356 4582 34390858 1
