128
3081 5646 65007953 0
3146 5711 65007963 1
3085 5748 65007973 1
3074 5748 65007983 1
3074 5701 65007993 1
3089 5529 65008003 1
3102 5274 65008013 1
3134 5070 65008023 1
3178 4710 65008033 1
3236 4247 65008043 1
3288 3789 65008053 1
3337 3402 65008063 1
3383 3063 65008073 1
3411 2795 65008083 1
3427 2624 65008093 1
3427 2517 65008103 1
3414 2458 65008113 1
3398 2429 65008123 1
3365 2420 65008133 1
3284 2420 65008143 1
3171 2477 65008153 1
2979 2564 65008163 1
2747 2707 65008173 1
2488 2862 65008183 1
2241 3025 65008193 1
2035 3107 65008203 1
1856 3151 65008213 1
1784 3170 65008223 1
1762 3177 65008233 1
1772 3177 65008243 1
1842 3255 65008253 1
2056 3377 65008263 1
2365 3573 65008273 1
2784 3802 65008283 1
3229 4052 65008293 1
3691 4262 65008303 1
4018 4411 65008313 1
4236 4519 65008323 1
5863 4888 65008634 0
5812 4896 65008644 1
5796 4949 65008654 1
5817 4999 65008664 1
5858 5039 65008674 1
5966 5077 65008684 1
6163 5113 65008694 1
6418 5259 65008704 1
6690 5353 65008714 1
6914 5413 65008724 1
7106 5457 65008734 1
7234 5468 65008744 1
7303 5456 65008754 1
7332 5415 65008764 1
7288 5333 65008774 1
7176 5224 65008784 1
7019 5076 65008794 1
6844 4905 65008804 1
6675 4718 65008814 1
6510 4581 65008824 1
6425 4470 65008834 1
6387 4377 65008844 1
6379 4314 65008854 1
6411 4282 65008864 1
6495 4270 65008874 1
6614 4281 65008884 1
6774 4307 65008894 1
6940 4344 65008904 1
7062 4374 65008914 1
7153 4374 65008924 1
7184 4358 65008934 1
7164 4322 65008944 1
7111 4235 65008954 1
7006 4114 65008964 1
6868 3964 65008974 1
6709 3786 65008984 1
6533 3590 65008994 1
6368 3399 65009004 1
6209 3220 65009014 1
6153 3117 65009024 1
6164 3061 65009034 1
6220 3033 65009044 1
6361 3062 65009054 1
6587 3130 65009064 1
6869 3248 65009074 1
7141 3388 65009084 1
7373 3543 65009094 1
7578 3653 65009104 1
7671 3748 65009114 1
7698 3833 65009124 1
7680 3932 65009134 1
7615 4046 65009144 1
7504 4169 65009154 1
7363 4334 65009164 1
7200 4518 65009174 1
7075 4715 65009184 1
6974 4850 65009194 1
6912 4918 65009204 1
6889 4941 65009214 1
6889 4911 65009224 1
6901 4807 65009234 1
6911 4653 65009244 1
6911 4403 65009254 1
6895 4065 65009264 1
6863 3668 65009274 1
6810 3313 65009284 1
6742 3010 65009294 1
6710 2743 65009304 1
6716 2598 65009314 1
6747 2507 65009324 1
6820 2453 65009334 1
6920 2405 65009344 1
7038 2390 65009354 1
7200 2397 65009364 1
7439 2464 65009374 1
7728 2567 65009384 1
8063 2695 65009394 1
8375 2828 65009404 1
8671 2949 65009414 1
8955 3049 65009424 1
9154 3139 65009434 1
9296 3212 65009444 1
9405 3284 65009454 1
9471 3360 65009464 1
9508 3461 65009474 1
9508 3575 65009484 1
9465 3717 65009494 1
9401 3927 65009504 1
9359 4182 65009514 1
9322 4495 65009524 1
