131
3805 5496 65003186 0
3887 5574 65003196 1
3887 5653 65003206 1
3887 5682 65003216 1
3895 5682 65003226 1
3900 5641 65003236 1
3912 5532 65003246 1
3924 5375 65003256 1
3938 5127 65003266 1
3953 4758 65003276 1
3972 4309 65003286 1
3995 3812 65003296 1
4019 3362 65003306 1
4047 2944 65003316 1
4068 2630 65003326 1
4083 2462 65003336 1
4083 2391 65003346 1
4083 2350 65003356 1
4073 2345 65003366 1
4045 2363 65003376 1
3957 2445 65003386 1
3828 2621 65003396 1
3631 2859 65003406 1
3429 3122 65003416 1
3223 3321 65003426 1
3055 3478 65003436 1
2961 3534 65003446 1
2915 3552 65003456 1
2915 3546 65003466 1
2953 3546 65003476 1
3026 3606 65003486 1
3268 3696 65003496 1
3607 3868 65003506 1
4010 4040 65003516 1
4436 4212 65003526 1
4772 4340 65003536 1
5048 4409 65003546 1
7029 4839 65003967 0
7029 4780 65003977 1
7001 4786 65003987 1
7001 4795 65003997 1
7027 4803 65004007 1
7069 4810 65004017 1
7172 4847 65004027 1
7335 4901 65004037 1
7539 4967 65004047 1
7735 5031 65004057 1
7905 5071 65004067 1
8057 5095 65004077 1
8152 5095 65004087 1
8209 5086 65004097 1
8240 5066 65004107 1
8240 5034 65004117 1
8183 4955 65004127 1
8091 4845 65004137 1
7964 4706 65004147 1
7811 4567 65004157 1
7641 4422 65004167 1
7527 4274 65004177 1
7470 4186 65004187 1
7451 4132 65004197 1
7462 4102 65004207 1
7509 4094 65004217 1
7580 4114 65004227 1
7683 4154 65004237 1
7817 4210 65004247 1
7972 4264 65004257 1
8105 4317 65004267 1
8208 4337 65004277 1
8290 4325 65004287 1
8310 4293 65004297 1
8264 4224 65004307 1
8175 4104 65004317 1
8037 3951 65004327 1
7861 3755 65004337 1
7659 3566 65004347 1
7468 3381 65004357 1
7279 3190 65004367 1
7174 3058 65004377 1
7123 2966 65004387 1
7130 2910 65004397 1
7221 2910 65004407 1
7367 2952 65004417 1
7601 3073 65004427 1
7883 3228 65004437 1
8197 3406 65004447 1
8475 3544 65004457 1
8660 3649 65004467 1
8784 3733 65004477 1
8829 3799 65004487 1
8829 3864 65004497 1
8790 3929 65004507 1
7970 4854 65004578 0
7843 4851 65004588 1
7810 4899 65004598 1
7810 4886 65004608 1
7832 4833 65004618 1
7872 4702 65004628 1
7902 4509 65004638 1
7895 4276 65004648 1
7863 3991 65004658 1
7809 3665 65004668 1
7760 3312 65004678 1
7715 2998 65004688 1
7700 2771 65004698 1
7732 2601 65004708 1
7794 2488 65004718 1
7891 2385 65004728 1
7992 2290 65004738 1
8099 2196 65004748 1
8241 2154 65004758 1
8406 2148 65004768 1
8625 2213 65004778 1
8894 2315 65004788 1
9195 2442 65004798 1
9479 2536 65004808 1
9746 2630 65004818 1
10002 2725 65004828 1
10186 2822 65004838 1
10336 2906 65004848 1
10464 2989 65004858 1
10594 3080 65004868 1
10714 3176 65004878 1
10828 3260 65004888 1
10920 3343 65004898 1
10975 3421 65004908 1
11005 3507 65004918 1
10978 3598 65004928 1
10895 3720 65004938 1
10775 3884 65004948 1
10630 4075 65004958 1
