148
3948 6305 32001348 0
3914 6443 32001358 1
3905 6538 32001368 1
3905 6595 32001378 1
3905 6620 32001388 1
3898 6620 32001398 1
3903 6620 32001408 1
3903 6599 32001418 1
3911 6566 32001428 1
3911 6500 32001438 1
3920 6393 32001448 1
3928 6260 32001458 1
3943 6103 32001468 1
3964 5902 32001478 1
3993 5672 32001488 1
4025 5445 32001498 1
4060 5200 32001508 1
4094 4942 32001518 1
4120 4720 32001528 1
4141 4553 32001538 1
4151 4423 32001548 1
4151 4302 32001558 1
4141 4217 32001568 1
4128 4155 32001578 1
4108 4129 32001588 1
4083 4129 32001598 1
4029 4143 32001608 1
3951 4203 32001618 1
3858 4297 32001628 1
3743 4413 32001638 1
3599 4514 32001648 1
3436 4608 32001658 1
3286 4692 32001668 1
3134 4762 32001678 1
3018 4824 32001688 1
2926 4858 32001698 1
2872 4887 32001708 1
2862 4907 32001718 1
2882 4924 32001728 1
2962 4957 32001738 1
3098 4999 32001748 1
3271 5047 32001758 1
3465 5093 32001768 1
3674 5136 32001778 1
3894 5176 32001788 1
4085 5212 32001798 1
4280 5240 32001808 1
4444 5259 32001818 1
4586 5274 32001828 1
6345 6552 32002019 0
6310 6471 32002029 1
6291 6500 32002039 1
6300 6495 32002049 1
6314 6485 32002059 1
6351 6468 32002069 1
6403 6468 32002079 1
6461 6468 32002089 1
6522 6484 32002099 1
6587 6494 32002109 1
6635 6483 32002119 1
6671 6460 32002129 1
6683 6404 32002139 1
6653 6313 32002149 1
6596 6199 32002159 1
6500 6073 32002159 1
6393 5945 32002169 1
6279 5817 32002179 1
6202 5730 32002189 1
6168 5670 32002199 1
6162 5639 32002209 1
6195 5622 32002219 1
6273 5614 32002229 1
6381 5633 32002239 1
6514 5670 32002249 1
6652 5718 32002259 1
6780 5763 32002269 1
6900 5787 32002279 1
6961 5796 32002289 1
6983 5780 32002299 1
6978 5725 32002309 1
6917 5645 32002319 1
6792 5513 32002329 1
6625 5354 32002339 1
6451 5177 32002349 1
6277 5005 32002359 1
6102 4833 32002369 1
5978 4697 32002379 1
5901 4586 32002389 1
5856 4526 32002399 1
5856 4499 32002409 1
5903 4493 32002419 1
5979 4506 32002429 1
6096 4550 32002439 1
6251 4614 32002449 1
6432 4697 32002459 1
6596 4787 32002469 1
6753 4882 32002479 1
6905 4956 32002489 1
7007 5024 32002499 1
7079 5080 32002509 1
7130 5127 32002519 1
7148 5171 32002529 1
7136 5226 32002539 1
7104 5287 32002549 1
7046 5355 32002559 1
6972 5427 32002569 1
6887 5502 32002579 1
6801 5575 32002589 1
6721 5647 32002599 1
6666 5714 32002609 1
6625 5773 32002619 1
6595 5814 32002629 1
6580 5844 32002639 1
6580 5844 32002649 1
6574 5839 32002659 1
6574 5791 32002669 1
6574 5714 32002679 1
6566 5594 32002689 1
6560 5441 32002699 1
6555 5267 32002709 1
6548 5092 32002719 1
6539 4911 32002729 1
6527 4730 32002739 1
6515 4553 32002749 1
6506 4394 32002759 1
6496 4245 32002769 1
6496 4102 32002779 1
6496 3992 32002789 1
6524 3909 32002799 1
6563 3845 32002809 1
6632 3803 32002819 1
6738 3791 32002829 1
6869 3798 32002839 1
7012 3831 32002849 1
7188 3881 32002860 1
7387 3942 32002870 1
7594 4002 32002880 1
7792 4061 32002890 1
7984 4118 32002900 1
8128 4175 32002910 1
8247 4232 32002920 1
8349 4292 32002930 1
8430 4353 32002940 1
8480 4413 32002950 1
8508 4474 32002960 1
8516 4544 32002970 1
8502 4619 32002980 1
8472 4715 32002990 1
