305
1576 4244 32100310 0
1617 4253 32100320 1
1605 4285 32100330 1
1605 4294 32100340 1
1611 4306 32100350 1
1621 4319 32100360 1
1627 4339 32100370 1
1627 4363 32100380 1
1616 4389 32100390 1
1587 4409 32100400 1
1549 4426 32100410 1
1496 4436 32100420 1
1437 4421 32100430 1
1373 4392 32100440 1
1312 4321 32100450 1
1255 4233 32100460 1
1223 4134 32100470 1
1205 4033 32100480 1
1215 3934 32100490 1
1231 3851 32100500 1
1264 3779 32100510 1
1307 3737 32100520 1
1353 3732 32100530 1
1403 3752 32100540 1
1473 3820 32100550 1
1554 3939 32100560 1
1656 4092 32100570 1
1751 4291 32100580 1
1841 4503 32100590 1
1923 4724 32100600 1
1982 4947 32100610 1
2025 5132 32100620 1
2036 5292 32100630 1
2029 5403 32100640 1
2011 5439 32100650 1
1990 5425 32100660 1
1962 5340 32100670 1
1930 5206 32100680 1
1904 5040 32100690 1
1883 4842 32100700 1
1883 4651 32100710 1
1895 4465 32100720 1
1923 4281 32100730 1
1975 4145 32100740 1
2044 4041 32100750 1
2140 3990 32100760 1
2240 3985 32100770 1
2348 4011 32100780 1
2455 4079 32100790 1
2562 4187 32100800 1
2659 4321 32100810 1
2748 4458 32100820 1
2799 4585 32100830 1
2816 4681 32100840 1
2810 4760 32100850 1
2777 4816 32100860 1
2732 4829 32100870 1
2678 4813 32100880 1
2622 4744 32100890 1
2571 4651 32100900 1
2545 4543 32100910 1
2534 4413 32100920 1
2553 4283 32100930 1
2595 4179 32100940 1
2651 4094 32100950 1
2722 4045 32100960 1
2795 4031 32100970 1
2876 4040 32100980 1
2965 4095 32100990 1
3072 4196 32101000 1
3191 4329 32101010 1
3293 4483 32101020 1
3373 4616 32101030 1
3437 4736 32101040 1
3481 4838 32101050 1
3503 4882 32101060 1
3509 4887 32101070 1
3509 4862 32101080 1
3495 4786 32101090 1
3472 4676 32101100 1
3433 4553 32101110 1
3396 4430 32101120 1
3362 4326 32101130 1
3334 4234 32101140 1
3324 4194 32101150 1
3324 4184 32101160 1
3333 4195 32101170 1
3366 4238 32101180 1
3417 4336 32101190 1
3498 4472 32101200 1
3597 4602 32101210 1
3708 4709 32101220 1
3797 4800 32101230 1
3854 4842 32101240 1
3890 4842 32101250 1
3908 4821 32101260 1
3914 4763 32101270 1
3914 4682 32101280 1
3891 4586 32101290 1
3864 4490 32101300 1
3832 4410 32101310 1
3813 4340 32101320 1
3813 4320 32101330 1
3813 4320 32101340 1
3827 4330 32101350 1
3864 4392 32101360 1
3918 4482 32101370 1
3996 4590 32101380 1
4080 4698 32101390 1
4171 4803 32101400 1
4255 4865 32101410 1
4307 4898 32101420 1
4340 4885 32101430 1
4357 4832 32101440 1
4357 4752 32101450 1
4349 4653 32101460 1
4336 4537 32101470 1
4326 4409 32101480 1
4338 4285 32101490 1
4363 4198 32101500 1
4417 4137 32101510 1
4497 4112 32101520 1
4593 4133 32101530 1
4717 4186 32101540 1
4842 4288 32101550 1
4967 4420 32101560 1
5083 4571 32101570 1
5178 4705 32101580 1
5259 4838 32101590 1
5297 4941 32101600 1
5303 5024 32101610 1
5288 5059 32101620 1
5252 5059 32101630 1
5196 5037 32101640 1
5126 4968 32101650 1
5068 4864 32101660 1
5015 4737 32101670 1
4990 4627 32101680 1
4981 4526 32101690 1
4999 4430 32101700 1
5042 4346 32101710 1
5102 4295 32101720 1
5186 4265 32101730 1
5284 4270 32101740 1
5392 4321 32101750 1
5508 4404 32101760 1
5628 4516 32101770 1
5759 4643 32101780 1
5894 4779 32101790 1
5988 4919 32101800 1
6062 5018 32101810 1
6123 5090 32101820 1
6145 5112 32101830 1
6145 5101 32101840 1
6140 5068 32101850 1
6114 4979 32101860 1
6074 4858 32101870 1
6024 4715 32101880 1
5975 4605 32101890 1
5932 4517 32101900 1
5899 4444 32101910 1
5886 4408 32101920 1
5886 4402 32101930 1
5904 4415 32101940 1
5958 4468 32101950 1
6037 4567 32101960 1
6153 4698 32101970 1
6286 4844 32101980 1
6430 4985 32101990 1
6538 5064 32102000 1
6616 5103 32102010 1
6675 5103 32102020 1
6705 5067 32102030 1
6717 5010 32102040 1
6717 4905 32102050 1
6697 4783 32102060 1
6677 4651 32102070 1
6659 4534 32102080 1
6659 4431 32102090 1
6668 4337 32102100 1
6697 4276 32102110 1
6752 4254 32102120 1
6825 4254 32102130 1
6927 4316 32102140 1
7059 4432 32102150 1
7211 4586 32102160 1
7392 4754 32102170 1
7549 4935 32102180 1
7691 5126 32102190 1
7794 5277 32102200 1
7847 5382 32102210 1
7867 5456 32102220 1
7851 5464 32102230 1
7810 5434 32102240 1
7751 5380 32102250 1
7673 5269 32102260 1
7594 5153 32102270 1
7515 5032 32102280 1
7451 4913 32102290 1
7416 4806 32102300 1
7401 4707 32102293 1
7420 4625 32102303 1
7453 4550 32102313 1
7494 4480 32102323 1
7516 4417 32102333 1
7516 4352 32102343 1
7495 4284 32102353 1
7450 4224 32102363 1
7389 4170 32102373 1
7316 4129 32102383 1
7245 4110 32102393 1
7197 4110 32102403 1
7163 4119 32102413 1
7151 4169 32102423 1
7699 4949 32102504 0
7910 5073 32102514 1
7968 5115 32102524 1
7993 5115 32102534 1
8011 5097 32102544 1
8017 5050 32102554 1
8017 4968 32102564 1
8002 4864 32102574 1
7981 4737 32102584 1
7954 4625 32102594 1
7930 4523 32102604 1
7909 4416 32102614 1
7893 4328 32102624 1
7885 4254 32102634 1
7885 4229 32102644 1
7895 4229 32102654 1
7910 4247 32102664 1
7931 4330 32102674 1
7965 4450 32102684 1
8096 5357 32102734 0
8107 5675 32102744 1
8107 5779 32102754 1
8091 5860 32102764 1
8077 5913 32102774 1
8067 5948 32102784 1
8062 5948 32102794 1
8062 5948 32102804 1
8073 5936 32102814 1
8090 5904 32102824 1
8111 5862 32102834 1
8134 5815 32102844 1
8540 5255 32102984 0
8586 5187 32102994 1
8579 5173 32103004 1
8566 5141 32103014 1
8553 5074 32103024 1
8539 4990 32103034 1
8529 4885 32103044 1
8524 4772 32103054 1
8524 4655 32103064 1
8544 4570 32103074 1
8577 4513 32103084 1
8620 4474 32103094 1
8683 4474 32103104 1
8769 4503 32103114 1
8869 4562 32103124 1
8981 4653 32103134 1
9078 4758 32103144 1
9131 4872 32103154 1
9159 4952 32103164 1
9134 5002 32103174 1
9070 5032 32103184 1
8980 5038 32103194 1
8862 5019 32103204 1
8747 4983 32103214 1
8671 4944 32103224 1
8621 4911 32103234 1
8614 4896 32103244 1
8645 4890 32103254 1
8702 4896 32103264 1
8811 4927 32103274 1
8952 4974 32103284 1
9114 5030 32103294 1
9285 5085 32103304 1
9439 5106 32103314 1
9582 5106 32103324 1
9672 5068 32103334 1
9718 5005 32103344 1
9735 4924 32103354 1
9715 4810 32103364 1
9672 4705 32103374 1
9614 4606 32103384 1
9558 4522 32103394 1
9509 4468 32103404 1
9491 4433 32103414 1
9491 4433 32103424 1
9517 4480 32103434 1
9606 4555 32103444 1
9737 4679 32103454 1
9909 4833 32103464 1
10078 5008 32103474 1
10245 5115 32103484 1
10368 5165 32103494 1
10451 5177 32103504 1
10506 5143 32103514 1
10522 5065 32103524 1
10508 4958 32103534 1
10475 4831 32103544 1
10438 4703 32103554 1
10405 4594 32103564 1
10405 4498 32103575 1
