267
1346 3394 64030891 0
1422 3509 64030901 1
1399 3581 64030911 1
1360 3605 64030921 1
1309 3615 64030931 1
1240 3615 64030941 1
1152 3615 64030951 1
1051 3596 64030961 1
958 3558 64030971 1
888 3473 64030981 1
834 3333 64030991 1
812 3157 64031001 1
819 2989 64031011 1
844 2861 64031021 1
899 2760 64031031 1
960 2725 64031041 1
1042 2770 64031051 1
1136 2868 64031061 1
1241 3055 64031071 1
1346 3296 64031081 1
1453 3574 64031091 1
1542 3860 64031101 1
1618 4156 64031111 1
1666 4460 64031121 1
1681 4703 64031131 1
1673 4822 64031141 1
1658 4859 64031151 1
1623 4780 64031161 1
1575 4600 64031171 1
1521 4353 64031181 1
1474 4056 64031191 1
1453 3774 64031201 1
1448 3502 64031211 1
1481 3295 64031221 1
1552 3153 64031231 1
1648 3055 64031241 1
1754 3010 64031251 1
1880 3010 64031261 1
2019 3052 64031271 1
2182 3148 64031281 1
2328 3294 64031291 1
2462 3474 64031301 1
2569 3627 64031311 1
2620 3762 64031321 1
2634 3884 64031331 1
2593 3953 64031341 1
2525 3953 64031351 1
2439 3903 64031361 1
2355 3773 64031371 1
2301 3622 64031381 1
2268 3458 64031391 1
2279 3287 64031401 1
2317 3130 64031411 1
2373 3018 64031421 1
2451 2931 64031431 1
2558 2881 64031441 1
2685 2893 64031451 1
2821 2947 64031461 1
2987 3080 64031471 1
3173 3265 64031481 1
3351 3485 64031491 1
3498 3681 64031501 1
3625 3868 64031511 1
3704 4050 64031521 1
3736 4126 64031531 1
3736 4133 64031541 1
3718 4095 64031551 1
3682 4003 64031561 1
3634 3851 64031571 1
3587 3659 64031581 1
3554 3515 64031591 1
3531 3380 64031601 1
3512 3251 64031611 1
3496 3165 64031621 1
3485 3130 64031631 1
3491 3130 64031641 1
3507 3151 64031651 1
3561 3249 64031661 1
3656 3399 64031671 1
3777 3555 64031681 1
3894 3707 64031691 1
3994 3801 64031701 1
4083 3857 64031711 1
4132 3827 64031721 1
4147 3744 64031731 1
4140 3625 64031741 1
4102 3507 64031751 1
4066 3410 64031761 1
4033 3327 64031771 1
4020 3287 64031781 1
4020 3280 64031791 1
4025 3296 64031801 1
4062 3360 64031811 1
4120 3464 64031821 1
4219 3594 64031831 1
4323 3718 64031841 1
4416 3839 64031851 1
4500 3884 64031861 1
4541 3878 64031871 1
4562 3835 64031881 1
4570 3745 64031891 1
4562 3625 64031901 1
4556 3507 64031911 1
4572 3402 64031921 1
4600 3305 64031931 1
4660 3243 64031941 1
4746 3230 64031951 1
4849 3251 64031961 1
4969 3336 64031971 1
5105 3454 64031981 1
5252 3593 64031991 1
5380 3723 64032001 1
5456 3843 64032011 1
5496 3957 64032021 1
5489 4002 64032031 1
5453 4002 64032041 1
5397 3978 64032051 1
5336 3896 64032061 1
5276 3785 64032071 1
5247 3656 64032073 1
5238 3554 64032083 1
5253 3465 64032093 1
5284 3386 64032103 1
5326 3326 64032113 1
5381 3299 64032123 1
5454 3293 64032133 1
5539 3349 64032143 1
5660 3450 64032153 1
5801 3582 64032163 1
5955 3724 64032173 1
6088 3866 64032183 1
6200 4009 64032193 1
6298 4074 64032203 1
6341 4080 64032213 1
6346 4046 64032223 1
6325 3951 64032233 1
6268 3817 64032243 1
6210 3656 64032253 1
6150 3543 64032263 1
6107 3450 64032273 1
6084 3370 64032283 1
6074 3335 64032293 1
6074 3329 64032303 1
6088 3343 64032313 1
6146 3406 64032323 1
6235 3515 64032333 1
6375 3654 64032343 1
6530 3820 64032353 1
6695 3954 64032363 1
6845 4066 64032373 1
6933 4094 64032383 1
6980 4065 64032393 1
6992 3997 64032403 1
6974 3882 64032413 1
6936 3749 64032423 1
6905 3603 64032433 1
6877 3490 64032443 1
6857 3392 64032453 1
6857 3305 64032463 1
6878 3249 64032473 1
6914 3230 64032483 1
6986 3235 64032493 1
7081 3308 64032503 1
7236 3435 64032513 1
7422 3599 64032523 1
7628 3791 64032533 1
7829 3989 64032543 1
7978 4190 64032553 1
8092 4340 64032563 1
8117 4406 64032573 1
8081 4415 64032583 1
8005 4362 64032593 1
7900 4267 64032603 1
7795 4144 64032613 1
7691 4022 64032623 1
7643 3904 64032633 1
7643 3805 64032643 1
7672 3718 64032653 1
7743 3658 64032663 1
7828 3606 64032673 1
7921 3560 64032683 1
7979 3519 64032693 1
8012 3487 64032703 1
8027 3462 64032713 1
8013 3442 64032723 1
7966 3417 64032733 1
7896 3399 64032743 1
7808 3386 64032753 1
7726 3386 64032763 1
7680 3407 64032773 1
7656 3434 64032783 1
8311 4071 64032844 0
8588 4151 64032854 1
8637 4144 64032864 1
8637 4078 64032874 1
8612 3967 64032884 1
8577 3827 64032894 1
8539 3694 64032904 1
8503 3587 64032914 1
8473 3497 64032924 1
8454 3423 64032934 1
8448 3384 64032944 1
8448 3368 64032954 1
8459 3392 64032964 1
8769 4603 64033044 0
8860 4912 64033054 1
8860 4990 64033064 1
8833 5023 64033074 1
8821 5023 64033084 1
8816 5003 64033094 1
8816 4933 64033104 1
8816 4833 64033114 1
8841 4733 64033124 1
9433 4412 64033204 0
9517 4298 64033214 1
9470 4254 64033224 1
9384 4135 64033234 1
9277 3966 64033244 1
9188 3782 64033254 1
9111 3620 64033264 1
9067 3472 64033274 1
9057 3363 64033284 1
9070 3295 64033294 1
9119 3254 64033304 1
9208 3269 64033314 1
9324 3339 64033324 1
9475 3447 64033334 1
9608 3571 64033344 1
9729 3701 64033354 1
9799 3834 64033364 1
9806 3946 64033374 1
9772 4022 64033384 1
9683 4074 64033394 1
9569 4088 64033404 1
9439 4070 64033414 1
9333 4032 64033424 1
9287 4004 64033434 1
9281 3990 64033444 1
9325 3990 64033454 1
9424 3997 64033464 1
9559 4011 64033474 1
9719 4026 64033484 1
9899 4015 64033494 1
10092 3972 64033504 1
10226 3907 64033514 1
10322 3822 64033524 1
10392 3732 64033534 1
10421 3659 64033544 1
10421 3598 64033554 1
10394 3551 64033564 1
10373 3526 64033574 1
10359 3515 64033584 1
10359 3522 64033594 1
10389 3571 64033604 1
10446 3648 64033614 1
10554 3778 64033624 1
10693 3909 64033634 1
10853 4041 64033644 1
10991 4086 64033654 1
11089 4086 64033655 1
11160 4056 64033665 1
11206 3979 64033675 1
11234 3878 64033685 1
11249 3762 64033695 1
11279 3666 64033705 1
11311 3586 64033715 1
11350 3518 64033725 1
