344
2070 4549 24176867 0
2018 4555 24176877 1
2009 4576 24176887 1
2000 4584 24176897 1
1990 4592 24176907 1
1980 4605 24176917 1
1973 4622 24176927 1
1968 4644 24176937 1
1968 4674 24176947 1
1968 4710 24176957 1
1953 4753 24176967 1
1937 4796 24176977 1
1917 4840 24176987 1
1895 4850 24176997 1
1871 4836 24177007 1
1843 4806 24177017 1
1812 4737 24177027 1
1780 4662 24177037 1
1754 4557 24177047 1
1730 4434 24177057 1
1723 4287 24177067 1
1723 4178 24177077 1
1750 4100 24177087 1
1778 4029 24177097 1
1814 4002 24177107 1
1856 4013 24177117 1
1903 4049 24177127 1
1956 4148 24177137 1
2018 4290 24177147 1
2078 4460 24177157 1
2135 4648 24177167 1
2184 4885 24177177 1
2232 5156 24177187 1
2279 5440 24177197 1
2315 5689 24177207 1
2337 5916 24177217 1
2349 6067 24177227 1
2344 6147 24177237 1
2329 6179 24177247 1
2307 6190 24177257 1
2290 6196 24177267 1
2272 6173 24177277 1
2253 6133 24177287 1
2235 6037 24177297 1
2218 5893 24177307 1
2204 5716 24177317 1
2195 5545 24177327 1
2195 5354 24177337 1
2209 5151 24177347 1
2236 4962 24177357 1
2287 4770 24177367 1
2356 4622 24177377 1
2436 4505 24177387 1
2537 4400 24177397 1
2652 4327 24177407 1
2776 4276 24177417 1
2880 4257 24177427 1
2981 4268 24177437 1
3080 4300 24177447 1
3184 4363 24177457 1
3275 4445 24177467 1
3358 4539 24177477 1
3429 4649 24177487 1
3485 4778 24177497 1
3530 4920 24177507 1
3542 5021 24177517 1
3526 5074 24177527 1
3492 5094 24177537 1
3438 5094 24177538 1
3380 5079 24177548 1
3320 5050 24177558 1
3262 4995 24177568 1
3207 4901 24177578 1
3156 4780 24177588 1
3132 4656 24177598 1
3126 4541 24177608 1
3153 4432 24177618 1
3201 4333 24177628 1
3263 4255 24177638 1
3344 4192 24177648 1
3430 4174 24177658 1
3527 4192 24177668 1
3630 4235 24177678 1
3737 4313 24177688 1
3815 4404 24177698 1
3874 4505 24177708 1
3926 4612 24177718 1
3968 4725 24177728 1
4003 4842 24177738 1
4017 4928 24177748 1
4017 4973 24177758 1
4002 4990 24177768 1
3986 4990 24177778 1
3963 4990 24177788 1
3935 4975 24177798 1
3905 4946 24177808 1
3876 4884 24177818 1
3847 4798 24177828 1
3836 4695 24177838 1
3829 4599 24177848 1
3829 4509 24177858 1
3829 4423 24177868 1
3837 4342 24177878 1
3847 4284 24177888 1
3857 4242 24177898 1
3869 4224 24177908 1
3882 4224 24177918 1
3897 4237 24177928 1
3929 4309 24177938 1
3971 4412 24177948 1
4016 4535 24177958 1
4066 4656 24177968 1
4122 4738 24177978 1
4175 4795 24177988 1
4213 4804 24177998 1
4244 4784 24178008 1
4268 4746 24178018 1
4282 4687 24178028 1
4289 4616 24178038 1
4289 4537 24178048 1
4289 4457 24178058 1
4289 4382 24178068 1
4300 4321 24178078 1
4311 4268 24178088 1
4326 4255 24178098 1
4341 4274 24178108 1
4374 4314 24178118 1
4418 4406 24178128 1
4468 4517 24178138 1
4531 4642 24178148 1
4602 4724 24178158 1
4662 4764 24178168 1
4709 4775 24178178 1
4746 4756 24178188 1
4777 4722 24178198 1
4802 4679 24178208 1
4824 4627 24178218 1
4848 4572 24178228 1
4871 4510 24178238 1
4895 4448 24178248 1
4919 4386 24178258 1
4950 4338 24178268 1
4984 4300 24178278 1
5026 4305 24178288 1
5081 4350 24178298 1
5145 4423 24178308 1
5212 4490 24178318 1
5276 4534 24178328 1
5325 4563 24178338 1
5364 4576 24178348 1
5401 4584 24178358 1
5439 4584 24178368 1
5483 4595 24178378 1
5535 4616 24178388 1
5598 4647 24178398 1
5665 4700 24178408 1
5731 4766 24178418 1
5771 4841 24178428 1
5796 4909 24178438 1
5796 4976 24178448 1
5774 5039 24178458 1
5737 5092 24178468 1
5683 5117 24178478 1
5623 5126 24178488 1
5558 5105 24178498 1
5510 5067 24178508 1
5476 5018 24178518 1
5450 4952 24178528 1
5435 4859 24178538 1
5435 4749 24178548 1
5454 4637 24178558 1
5484 4528 24178568 1
5537 4422 24178578 1
5606 4336 24178588 1
5697 4292 24178598 1
5803 4276 24178608 1
5920 4307 24178618 1
6030 4372 24178628 1
6138 4460 24178638 1
6236 4543 24178648 1
6326 4632 24178658 1
6388 4726 24178668 1
6430 4825 24178678 1
6459 4914 24178688 1
6459 4958 24178698 1
6459 4975 24178708 1
6447 4984 24178718 1
6432 4990 24178720 1
6432 4990 24178730 1
6399 4968 24178740 1
6384 4931 24178750 1
6370 4858 24178760 1
6357 4775 24178770 1
6357 4685 24178780 1
6357 4615 24178790 1
6371 4563 24178800 1
6386 4524 24178810 1
6406 4507 24178820 1
6426 4507 24178830 1
6449 4527 24178840 1
6481 4576 24178850 1
6519 4649 24178860 1
6567 4739 24178870 1
6620 4857 24178880 1
6672 4933 24178890 1
6722 4980 24178900 1
6763 4986 24178910 1
6804 4966 24178920 1
6845 4928 24178930 1
6876 4863 24178940 1
6900 4793 24178950 1
6917 4724 24178960 1
6933 4657 24178970 1
6948 4595 24178980 1
6971 4548 24178990 1
6998 4512 24179000 1
7033 4507 24179010 1
7086 4532 24179020 1
7150 4578 24179030 1
7231 4644 24179040 1
7314 4719 24179050 1
7399 4801 24179060 1
7474 4885 24179070 1
7544 4952 24179080 1
7597 5009 24179090 1
7629 5049 24179100 1
7646 5071 24179110 1
7646 5080 24179120 1
7635 5080 24179130 1
7616 5080 24179140 1
7581 5073 24179150 1
7533 5041 24179160 1
7476 4995 24179170 1
7411 4931 24179180 1
7349 4853 24179190 1
7291 4767 24179200 1
7259 4704 24179210 1
7243 4658 24179220 1
7260 4623 24179230 1
7298 4602 24179240 1
7349 4593 24179250 1
7417 4593 24179260 1
7489 4598 24179270 1
7569 4598 24179280 1
7648 4598 24179290 1
7713 4583 24179300 1
7769 4562 24179301 1
7800 4532 24179311 1
7800 4495 24179321 1
7780 4442 24179331 1
7724 4378 24179341 1
7658 4308 24179351 1
7586 4257 24179361 1
7534 4220 24179371 1
7506 4220 24179381 1
7493 4248 24179391 1
7512 4296 24179401 1
7557 4364 24179421 1
7957 4735 24179481 0
8135 4839 24179491 1
8179 4874 24179501 1
8218 4894 24179511 1
8254 4914 24179521 1
8280 4935 24179531 1
8290 4935 24179541 1
8290 4935 24179551 1
8290 4897 24179561 1
8282 4844 24179571 1
8273 4758 24179581 1
8261 4672 24179591 1
8248 4585 24179601 1
8235 4492 24179611 1
8241 4424 24179621 1
8251 4373 24179631 1
8278 4384 24179641 1
8314 4433 24179651 1
8472 5061 24179701 0
8569 5274 24179711 1
8557 5299 24179721 1
8557 5306 24179731 1
8574 5301 24179741 1
8589 5294 24179751 1
8605 5270 24179761 1
8626 5235 24179771 1
8812 5063 24179841 0
8834 4946 24179851 1
8811 4885 24179861 1
8801 4826 24179871 1
8801 4756 24179881 1
8791 4679 24179891 1
8782 4599 24179901 1
8782 4519 24179911 1
8796 4462 24179921 1
8818 4419 24179931 1
8848 4411 24179941 1
8888 4437 24179951 1
8938 4485 24179961 1
8993 4544 24179971 1
9035 4607 24179981 1
9054 4673 24179991 1
9054 4752 24180001 1
9030 4832 24180011 1
8982 4912 24180021 1
8920 4938 24180031 1
8847 4938 24180041 1
8775 4922 24180051 1
8726 4890 24180061 1
8692 4855 24180071 1
8686 4812 24180081 1
8704 4776 24180091 1
8738 4746 24180101 1
8802 4733 24180111 1
8888 4738 24180121 1
8989 4755 24180131 1
9091 4796 24180141 1
9193 4846 24180151 1
9294 4903 24180161 1
9383 4953 24180171 1
9467 5003 24180181 1
9531 5032 24180191 1
9575 5049 24180201 1
9605 5043 24180211 1
9629 5016 24180221 1
9641 4976 24180231 1
9646 4910 24180241 1
9633 4828 24180251 1
9616 4736 24180261 1
9597 4664 24180271 1
9586 4605 24180281 1
9581 4554 24180291 1
9586 4540 24180302 1
9586 4540 24180312 1
9586 4540 24180322 1
9640 4613 24180332 1
9679 4689 24180342 1
9726 4782 24180352 1
9776 4879 24180362 1
9825 4923 24180372 1
9866 4931 24180382 1
9903 4899 24180392 1
9955 4826 24180402 1
10008 4725 24180412 1
10060 4640 24180422 1
10100 4566 24180432 1
