419
2195 4921 34466600 0
2195 4921 34466610 1
2195 4921 34466620 1
2195 4921 34466630 1
2195 4921 34466640 1
2195 4921 34466650 1
1474 4307 34474181 0
1482 4286 34474191 1
1482 4286 34474201 1
1482 4286 34474211 1
1482 4281 34474221 1
1482 4281 34474231 1
1482 4281 34474241 1
1489 4290 34474251 1
1489 4304 34474261 1
1505 4314 34474271 1
1522 4326 34474281 1
1547 4349 34474291 1
1578 4380 34474301 1
1609 4420 34474311 1
1627 4462 34474321 1
1638 4506 34474331 1
1631 4541 34474341 1
1607 4573 34474351 1
1572 4599 34474361 1
1516 4618 34474371 1
1448 4612 34474381 1
1373 4591 34474391 1
1293 4542 34474401 1
1204 4449 34474411 1
1108 4326 34474421 1
1016 4156 34474431 1
942 3957 34474441 1
880 3740 34474451 1
861 3593 34474461 1
881 3508 34474471 1
927 3465 34474481 1
995 3438 34474491 1
1069 3454 34474501 1
1152 3499 34474511 1
1245 3602 34474521 1
1344 3754 34474531 1
1442 3939 34474541 1
1536 4128 34474551 1
1629 4341 34474551 1
1709 4569 34474561 1
1783 4786 34474571 1
1852 5000 34474581 1
1914 5177 34474591 1
1969 5332 34474601 1
2018 5481 34474611 1
2059 5580 34474621 1
2080 5645 34474631 1
2087 5657 34474641 1
2081 5650 34474651 1
2060 5630 34474661 1
2028 5551 34474671 1
1964 5405 34474681 1
1897 5215 34474691 1
1828 4993 34474701 1
1786 4741 34474711 1
1748 4468 34474721 1
1714 4173 34474731 1
1699 3917 34474741 1
1699 3687 34474751 1
1724 3548 34474761 1
1770 3447 34474771 1
1828 3372 34474781 1
1896 3328 34474791 1
1968 3321 34474801 1
2046 3338 34474811 1
2138 3408 34474821 1
2239 3519 34474831 1
2341 3658 34474841 1
2444 3849 34474851 1
2549 4052 34474861 1
2654 4262 34474871 1
2720 4431 34474881 1
2760 4528 34474891 1
2754 4577 34474901 1
2724 4617 34474911 1
2678 4634 34474921 1
2621 4634 34474931 1
2564 4617 34474941 1
2509 4549 34474951 1
2455 4449 34474961 1
2405 4286 34474971 1
2377 4102 34474981 1
2362 3903 34474991 1
2386 3742 34475001 1
2443 3651 34475011 1
2521 3607 34475021 1
2615 3598 34475031 1
2721 3637 34475041 1
2835 3709 34475051 1
2959 3835 34475061 1
3080 3970 34475071 1
3200 4111 34475081 1
3306 4274 34475091 1
3386 4433 34475101 1
3448 4527 34475111 1
3475 4579 34475121 1
3482 4588 34475131 1
3475 4583 34475141 1
3475 4570 34475151 1
3455 4500 34475161 1
3430 4376 34475171 1
3397 4216 34475181 1
3361 4063 34475191 1
3323 3958 34475201 1
3310 3884 34475211 1
3297 3819 34475221 1
3297 3791 34475231 1
3308 3791 34475241 1
3322 3800 34475251 1
3360 3870 34475261 1
3414 3979 34475271 1
3475 4123 34475281 1
3559 4309 34475291 1
3659 4524 34475301 1
3752 4672 34475311 1
3797 4731 34475321 1
3809 4731 34475331 1
3814 4712 34475341 1
3808 4637 34475351 1
3794 4525 34475361 1
3774 4406 34475371 1
3754 4286 34475381 1
3736 4195 34475391 1
3720 4123 34475401 1
3720 4095 34475411 1
3720 4087 34475421 1
3728 4092 34475431 1
3740 4117 34475441 1
3793 4209 34475451 1
3873 4347 34475461 1
3965 4515 34475471 1
4076 4688 34475481 1
4200 4864 34475491 1
4286 4959 34475501 1
4331 4995 34475511 1
4349 4995 34475521 1
4356 4975 34475531 1
4348 4896 34475541 1
4329 4776 34475551 1
4301 4645 34475561 1
4278 4500 34475571 1
4258 4345 34475581 1
4285 4240 34475591 1
4317 4157 34475601 1
4354 4090 34475611 1
4405 4056 34475613 1
4466 4051 34475623 1
4535 4066 34475633 1
4629 4122 34475643 1
4740 4231 34475653 1
4856 4376 34475663 1
4950 4542 34475673 1
5030 4681 34475683 1
5068 4801 34475693 1
5068 4881 34475703 1
5045 4929 34475713 1
5013 4955 34475723 1
4956 4950 34475733 1
4881 4889 34475743 1
4789 4792 34475753 1
4696 4666 34475763 1
4603 4523 34475773 1
4549 4368 34475783 1
4549 4261 34475793 1
4579 4191 34475803 1
4631 4147 34475813 1
4716 4140 34475823 1
4824 4177 34475833 1
4955 4243 34475843 1
5114 4348 34475853 1
5291 4479 34475863 1
5480 4627 34475873 1
5614 4759 34475883 1
5710 4888 34475893 1
5752 4968 34475903 1
5773 5017 34475913 1
5781 5053 34475923 1
5781 5070 34475933 1
5781 5075 34475943 1
5781 5075 34475953 1
5781 5063 34475963 1
5763 4978 34475973 1
5728 4845 34475983 1
5661 4657 34475993 1
5584 4476 34476003 1
5500 4300 34476013 1
5444 4186 34476023 1
5421 4126 34476033 1
5421 4101 34476043 1
5421 4091 34476053 1
5432 4100 34476063 1
5446 4121 34476073 1
5505 4213 34476083 1
5593 4353 34476093 1
5689 4524 34476103 1
5820 4726 34476113 1
5974 4920 34476123 1
6103 5108 34476133 1
6195 5197 34476143 1
6263 5244 34476153 1
6300 5264 34476163 1
6316 5264 34476173 1
6316 5234 34476183 1
6322 5179 34476193 1
6300 5039 34476203 1
6261 4842 34476213 1
6189 4606 34476223 1
6140 4415 34476233 1
6106 4256 34476243 1
6095 4118 34476253 1
6089 4018 34476263 1
6102 3946 34476273 1
6125 3894 34476283 1
6163 3865 34476293 1
6213 3858 34476303 1
6272 3867 34476313 1
6325 3895 34476323 1
6360 3921 34476333 1
6384 3947 34476343 1
6415 3995 34476353 1
6452 4057 34476363 1
6500 4137 34476373 1
6556 4243 34476383 1
6622 4366 34476393 1
6708 4509 34476403 1
6808 4655 34476413 1
6911 4804 34476423 1
6993 4937 34476433 1
7062 5028 34476443 1
7113 5092 34476453 1
7165 5136 34476463 1
7217 5175 34476473 1
7288 5206 34476483 1
7384 5236 34476493 1
7496 5266 34476503 1
7586 5287 34476513 1
7642 5306 34476523 1
7675 5311 34476533 1
7675 5311 34476543 1
7668 5311 34476553 1
7645 5305 34476563 1
7607 5295 34476573 1
7548 5276 34476583 1
7480 5246 34476593 1
7406 5204 34476603 1
7317 5152 34476613 1
7219 5071 34476623 1
7116 4971 34476633 1
7021 4851 34476643 1
6955 4728 34476653 1
6907 4630 34476663 1
6884 4551 34476673 1
6896 4482 34476683 1
6932 4419 34476693 1
7003 4360 34476703 1
7118 4314 34476713 1
7263 4287 34476723 1
7435 4272 34476733 1
7570 4249 34476743 1
7680 4197 34476753 1
7729 4127 34476763 1
7729 4038 34476773 1
7704 3949 34476783 1
7646 3857 34476793 1
7572 3766 34476803 1
7488 3700 34476813 1
7417 3651 34476823 1
7365 3625 34476833 1
7325 3625 34476843 1
7307 3634 34476853 1
7290 3668 34476863 1
7274 3737 34476873 1
7294 3829 34476883 1
7365 3948 34476893 1
7470 4094 34476903 1
7621 4258 34476913 1
7814 4449 34476923 1
8034 4604 34476933 1
8221 4736 34476943 1
8376 4858 34476953 1
8510 4950 34476963 1
8559 5023 34476973 1
8581 5073 34476983 1
8581 5106 34476993 1
8574 5128 34477003 1
8566 5136 34477013 1
8561 5142 34477023 1
8561 5142 34477033 1
8550 5137 34477043 1
8539 5130 34477053 1
8529 5104 34477063 1
8506 5065 34477073 1
8475 4992 34477083 1
8427 4872 34477093 1
8361 4722 34477103 1
8282 4574 34477113 1
8201 4420 34477123 1
8155 4278 34477133 1
8133 4146 34477143 1
8144 4059 34477153 1
8179 3993 34477163 1
8230 3942 34477173 1
8309 3924 34477183 1
8419 3959 34477193 1
8549 4029 34477203 1
8673 4128 34477213 1
8783 4253 34477223 1
8884 4395 34477233 1
8972 4543 34477243 1
9043 4683 34477253 1
9102 4765 34477263 1
9147 4812 34477273 1
9194 4839 34477283 1
9241 4861 34477293 1
9275 4867 34477303 1
9300 4867 34477313 1
9319 4859 34477323 1
9329 4854 34477333 1
9329 4854 34477343 1
9329 4854 34477353 1
9329 4854 34477363 1
9321 4863 34477373 1
9300 4869 34477383 1
9250 4837 34477393 1
9181 4780 34477403 1
9090 4675 34477413 1
8972 4526 34477423 1
8835 4349 34477433 1
8701 4157 34477443 1
8635 4008 34477453 1
8615 3888 34477463 1
8627 3802 34477473 1
8658 3750 34477483 1
8702 3720 34477493 1
8763 3727 34477503 1
8839 3772 34477513 1
8926 3843 34477523 1
9020 3948 34477533 1
9097 4084 34477543 1
9163 4240 34477553 1
9213 4421 34477563 1
9239 4597 34477573 1
9248 4730 34477583 1
9232 4837 34477593 1
9219 4879 34477603 1
9211 4891 34477613 1
9211 4884 34477623 1
9216 4867 34477633 1
9226 4825 34477643 1
9238 4767 34477653 1
9271 4711 34477663 1
9316 4655 34477673 1
9376 4603 34477683 1
9451 4554 34477693 1
9535 4524 34477703 1
9619 4519 34477713 1
9697 4531 34477723 1
9771 4564 34477733 1
9854 4615 34477743 1
9928 4678 34477753 1
9995 4753 34477763 1
10057 4819 34477773 1
10095 4879 34477783 1
10117 4888 34477793 1
10117 4880 34477803 1
10110 4861 34477813 1
10096 4795 34477823 1
10043 4696 34477833 1
9961 4575 34477843 1
9859 4424 34477853 1
9763 4257 34477863 1
9666 4080 34477873 1
9595 3947 34477883 1
9542 3846 34477893 1
9529 3767 34477903 1
9529 3728 34477913 1
9546 3728 34477923 1
9572 3743 34477933 1
9643 3818 34477943 1
9744 3929 34477953 1
9865 4065 34477963 1
10005 4232 34477973 1
10157 4391 34477983 1
10285 4546 34477993 1
10415 4655 34478003 1
10520 4731 34478013 1
10608 4786 34478023 1
10668 4811 34478033 1
10703 4811 34478043 1
10722 4790 34478053 1
10722 4727 34478063 1
10684 4610 34478073 1
10614 4456 34478083 1
10525 4260 34478093 1
10453 4096 34478103 1
10453 3953 34478113 1
10506 3839 34478123 1
10590 3772 34478133 1
10696 3737 34478143 1
10817 3762 34478153 1
10951 3822 34478163 1
11079 3905 34478173 1
11203 4012 34478183 1
11282 4145 34478193 1
9054 6113 34478317 0
9099 5970 34478327 1
9082 5977 34478337 1
9045 5968 34478347 1
9040 5945 34478357 1
9057 5914 34478367 1
9057 5914 34478377 1
9049 5926 34478387 1
9034 5944 34478397 1
