443
1909 5781 73602584 0
1909 5738 73602594 1
1893 5738 73602604 1
1893 5743 73602614 1
1875 5743 73602624 1
1875 5743 73602634 1
1882 5760 73602644 1
1895 5780 73602654 1
1909 5810 73602664 1
1924 5843 73602674 1
1935 5877 73602684 1
1943 5909 73602694 1
1943 5952 73602704 1
1936 6002 73602714 1
1923 6041 73602724 1
1901 6075 73602734 1
1870 6085 73602744 1
1834 6085 73602754 1
1785 6053 73602764 1
1726 5994 73602774 1
1660 5914 73602784 1
1596 5806 73602794 1
1539 5703 73602804 1
1500 5604 73602814 1
1470 5490 73602824 1
1453 5376 73602834 1
1453 5284 73602844 1
1473 5208 73602854 1
1513 5171 73602864 1
1558 5171 73602874 1
1623 5190 73602884 1
1699 5270 73602894 1
1784 5403 73602904 1
1871 5571 73602914 1
1965 5764 73602924 1
2065 5995 73602934 1
2172 6251 73602944 1
2261 6559 73602954 1
2339 6781 73602964 1
2393 6946 73602974 1
2429 7080 73602984 1
2452 7170 73602994 1
2452 7231 73603004 1
2444 7262 73603014 1
2427 7272 73603024 1
2399 7272 73603035 1
2363 7231 73603045 1
2322 7165 73603055 1
2273 7080 73603065 1
2225 6965 73603075 1
2178 6842 73603085 1
2145 6714 73603095 1
2115 6578 73603105 1
2093 6423 73603115 1
2076 6256 73603125 1
2076 6084 73603135 1
2076 5911 73603145 1
2102 5737 73603155 1
2148 5599 73603165 1
2208 5482 73603175 1
2283 5384 73603185 1
2383 5330 73603195 1
2499 5306 73603205 1
2638 5319 73603215 1
2765 5357 73603225 1
2885 5413 73603235 1
2990 5483 73603245 1
3086 5565 73603255 1
3176 5655 73603265 1
3241 5758 73603275 1
3275 5861 73603285 1
3287 5963 73603295 1
3259 6013 73603305 1
3204 6040 73603315 1
3130 6052 73603325 1
3051 6052 73603335 1
2972 6031 73603345 1
2909 6001 73603355 1
2857 5953 73603365 1
2821 5878 73603375 1
2790 5786 73603385 1
2780 5696 73603395 1
2780 5605 73603405 1
2801 5514 73603416 1
2844 5428 73603426 1
2902 5345 73603436 1
2979 5290 73603446 1
3079 5266 73603456 1
3193 5266 73603466 1
3306 5289 73603476 1
3419 5344 73603486 1
3532 5418 73603496 1
3650 5503 73603506 1
3766 5596 73603516 1
3859 5695 73603526 1
3936 5786 73603536 1
3986 5859 73603546 1
4014 5920 73603556 1
4028 5957 73603566 1
4028 5975 73603576 1
4028 5981 73603586 1
4019 5981 73603596 1
4005 5969 73603606 1
3979 5939 73603616 1
3946 5872 73603626 1
3909 5794 73603636 1
3874 5709 73603646 1
3845 5629 73603656 1
3824 5563 73603666 1
3816 5506 73603676 1
3816 5468 73603686 1
3823 5449 73603696 1
3831 5443 73603706 1
3842 5443 73603716 1
3862 5479 73603726 1
3898 5531 73603736 1
3944 5607 73603746 1
3996 5686 73603756 1
4048 5766 73603766 1
4089 5807 73603776 1
4122 5827 73603786 1
4146 5833 73603796 1
4163 5815 73603806 1
4176 5792 73603816 1
4191 5752 73603826 1
4197 5703 73603836 1
4197 5655 73603846 1
4202 5607 73603856 1
4208 5566 73603866 1
4215 5531 73603876 1
4224 5506 73603886 1
4232 5495 73603896 1
4240 5495 73603906 1
4249 5504 73603916 1
4272 5546 73603926 1
4301 5610 73603936 1
4341 5677 73603946 1
4388 5737 73603956 1
4439 5784 73603966 1
4492 5824 73603976 1
4545 5846 73603986 1
4589 5855 73603996 1
4628 5855 73604006 1
4664 5840 73604016 1
4697 5814 73604026 1
4727 5772 73604036 1
4752 5726 73604046 1
4776 5671 73604056 1
4800 5616 73604066 1
4826 5571 73604076 1
4854 5533 73604086 1
4885 5518 73604096 1
4923 5524 73604106 1
4967 5545 73604116 1
5019 5582 73604126 1
5085 5621 73604136 1
5161 5662 73604146 1
5240 5705 73604156 1
5316 5747 73604166 1
5380 5788 73604176 1
5436 5827 73604186 1
5483 5863 73604187 1
5525 5896 73604197 1
5564 5915 73604207 1
5583 5926 73604217 1
5594 5926 73604227 1
5600 5926 73604237 1
5606 5916 73604247 1
5606 5905 73604257 1
5606 5889 73604267 1
5600 5864 73604277 1
5600 5832 73604287 1
5600 5794 73604297 1
5608 5757 73604307 1
5619 5723 73604317 1
5636 5690 73604327 1
5661 5662 73604337 1
5691 5643 73604347 1
5728 5629 73604357 1
5780 5629 73604367 1
5840 5651 73604377 1
5896 5691 73604387 1
5946 5746 73604397 1
5991 5808 73604407 1
6022 5876 73604417 1
6032 5946 73604427 1
6032 5998 73604437 1
6009 6038 73604447 1
5975 6062 73604457 1
5932 6082 73604467 1
5879 6093 73604477 1
5828 6093 73604487 1
5781 6081 73604497 1
5742 6066 73604507 1
5709 6047 73604517 1
5681 6020 73604527 1
5659 5987 73604537 1
5637 5949 73604547 1
5618 5906 73604557 1
5602 5859 73604567 1
5593 5809 73604577 1
5593 5759 73604587 1
5593 5713 73604597 1
5609 5667 73604597 1
5624 5632 73604607 1
5648 5604 73604617 1
5678 5585 73604627 1
5715 5575 73604637 1
5757 5575 73604647 1
5806 5568 73604657 1
5856 5561 73604667 1
5904 5549 73604677 1
5961 5535 73604687 1
6023 5521 73604697 1
6094 5527 73604707 1
6184 5547 73604717 1
6286 5590 73604727 1
6397 5652 73604737 1
6508 5728 73604747 1
6608 5810 73604757 1
6700 5889 73604767 1
6773 5965 73604777 1
6819 6017 73604787 1
6846 6063 73604797 1
6846 6098 73604807 1
6823 6125 73604817 1
6781 6136 73604827 1
6745 6136 73604837 1
6711 6121 73604847 1
6679 6103 73604857 1
6651 6075 73604867 1
6627 6041 73604877 1
6607 5999 73604887 1
6584 5935 73604897 1
6562 5856 73604907 1
6540 5765 73604917 1
6525 5684 73604927 1
6525 5612 73604937 1
6525 5544 73604947 1
6539 5509 73604957 1
6556 5492 73604967 1
6577 5486 73604977 1
6601 5495 73604987 1
6630 5526 73604997 1
6667 5572 73605007 1
6705 5633 73605017 1
6743 5703 73605027 1
6791 5780 73605037 1
6836 5831 73605047 1
6872 5864 73605057 1
6902 5885 73605067 1
6934 5899 73605077 1
6958 5906 73605087 1
6976 5906 73605097 1
6993 5888 73605107 1
7007 5853 73605117 1
7020 5806 73605127 1
7031 5758 73605137 1
7043 5709 73605147 1
7055 5657 73605157 1
7067 5606 73605167 1
7082 5568 73605177 1
7099 5539 73605187 1
7118 5527 73605197 1
7139 5527 73605207 1
7165 5544 73605217 1
7203 5582 73605227 1
7254 5633 73605237 1
7312 5693 73605247 1
7377 5760 73605257 1
7442 5831 73605267 1
7501 5904 73605277 1
7556 5959 73605287 1
7610 6011 73605297 1
7653 6057 73605307 1
7688 6095 73605317 1
7706 6124 73605327 1
7706 6142 73605337 1
7706 6155 73605347 1
7688 6166 73605357 1
7668 6174 73605367 1
7645 6174 73605377 1
7619 6168 73605387 1
7594 6154 73605397 1
7560 6124 73605407 1
7519 6083 73605417 1
7468 6027 73605427 1
7411 5967 73605437 1
7350 5909 73605447 1
7312 5855 73605457 1
7295 5817 73605467 1
7295 5789 73605477 1
7308 5768 73605487 1
7328 5745 73605497 1
7365 5729 73605507 1
7412 5718 73605517 1
7470 5711 73605527 1
7532 5711 73605537 1
7599 5711 73605547 1
7657 5701 73605557 1
7710 5691 73605567 1
7745 5674 73605577 1
7761 5650 73605587 1
7761 5622 73605597 1
7747 5587 73605607 1
7713 5550 73605617 1
7667 5513 73605627 1
7610 5473 73605637 1
7549 5431 73605647 1
7484 5388 73605657 1
7420 5354 73605667 1
7361 5328 73605677 1
7312 5314 73605687 1
7286 5307 73605697 1
7274 5307 73605707 1
7274 5307 73605717 1
7285 5327 73605727 1
7317 5352 73605737 1
7364 5396 73605747 1
7429 5449 73605757 1
7943 5839 73605839 0
8039 5909 73605849 1
8070 5933 73605859 1
8092 5949 73605869 1
8102 5949 73605879 1
8107 5949 73605889 1
8107 5930 73605899 1
8098 5885 73605909 1
8084 5821 73605919 1
8068 5746 73605929 1
8049 5668 73605939 1
8031 5581 73605949 1
8018 5520 73605959 1
8013 5476 73605969 1
8013 5452 73605979 1
8013 5447 73605989 1
8013 5454 73605999 1
8023 5490 73606009 1
8063 6160 73606069 0
8111 6356 73606079 1
8119 6440 73606089 1
8125 6468 73606099 1
8130 6480 73606109 1
8137 6480 73606119 1
8151 6472 73606129 1
8151 6472 73606139 1
8196 6422 73606149 1
8225 6376 73606159 1
8259 6323 73606169 1
8295 6265 73606179 1
8452 6044 73606230 0
8484 5942 73606240 1
8492 5901 73606250 1
8499 5856 73606260 1
8504 5815 73606270 1
8504 5777 73606280 1
8504 5740 73606290 1
8494 5701 73606300 1
8478 5656 73606310 1
8463 5604 73606320 1
8450 5557 73606330 1
8444 5514 73606340 1
8444 5491 73606350 1
8458 5482 73606360 1
8486 5482 73606370 1
8525 5506 73606380 1
8573 5543 73606390 1
8623 5588 73606400 1
8676 5642 73606410 1
8729 5708 73606420 1
8772 5781 73606430 1
8810 5877 73606440 1
8827 5947 73606450 1
8819 5999 73606460 1
8795 6023 73606470 1
8747 6041 73606480 1
8687 6041 73606490 1
8619 6032 73606500 1
8560 6017 73606510 1
8522 6002 73606520 1
8498 5986 73606530 1
8493 5972 73606540 1
8493 5959 73606550 1
8506 5937 73606560 1
8535 5914 73606570 1
8575 5890 73606580 1
8639 5878 73606590 1
8724 5873 73606600 1
8823 5873 73606610 1
8945 5881 73606620 1
9055 5895 73606630 1
9157 5908 73606640 1
9258 5927 73606650 1
9356 5949 73606660 1
9453 5976 73606670 1
9529 6002 73606680 1
9582 6027 73606690 1
9620 6045 73606700 1
9632 6057 73606710 1
9632 6057 73606720 1
9625 6057 73606730 1
9612 6057 73606740 1
9591 6047 73606750 1
9564 6024 73606760 1
9536 5992 73606770 1
9505 5951 73606780 1
9473 5895 73606790 1
9441 5830 73606800 1
9411 5765 73606810 1
9388 5711 73606820 1
9371 5664 73606830 1
9361 5625 73606840 1
9355 5602 73606850 1
9355 5590 73606860 1
9355 5590 73606870 1
9368 5599 73606880 1
9385 5619 73606890 1
9416 5657 73606900 1
9455 5714 73606910 1
9506 5784 73606920 1
9563 5865 73606930 1
9627 5940 73606940 1
9692 5991 73606950 1
9755 6028 73606960 1
9821 6059 73606970 1
9885 6087 73606980 1
9951 6107 73606990 1
10003 6118 73607000 1
10045 6118 73607010 1
10073 6112 73607020 1
10094 6094 73607030 1
10109 6052 73607040 1
10123 5994 73607050 1
10123 5914 73607060 1
10118 5810 73607070 1
10091 5689 73607080 1
10060 5580 73607090 1
10026 5495 73607100 1
10016 5427 73607110 1
10024 5379 73607120 1
10045 5361 73607130 1
10088 5361 73607140 1
10136 5393 73607150 1
