448
2623 4279 34458769 0
2649 4279 34458779 1
2649 4279 34458789 1
2654 4274 34458799 1
2660 4268 34458809 1
2669 4263 34458819 1
2679 4263 34458829 1
2690 4263 34458839 1
2705 4272 34458849 1
2726 4314 34458859 1
2747 4372 34458869 1
2765 4440 34458879 1
2765 4492 34458889 1
2760 4543 34458899 1
2738 4590 34458909 1
2695 4633 34458919 1
2637 4667 34458929 1
2572 4679 34458939 1
2512 4679 34458949 1
2432 4654 34458959 1
2336 4598 34458969 1
2249 4521 34458979 1
2156 4389 34458989 1
2059 4207 34458999 1
1973 3991 34459009 1
1917 3751 34459019 1
1881 3565 34459029 1
1881 3416 34459039 1
1901 3313 34459049 1
1934 3246 34459059 1
1986 3203 34459069 1
2040 3197 34459079 1
2107 3241 34459089 1
2181 3318 34459099 1
2262 3449 34459109 1
2345 3619 34459119 1
2434 3815 34459129 1
2545 4058 34459139 1
2671 4323 34459149 1
2805 4604 34459159 1
2938 4871 34459169 1
3064 5108 34459179 1
3185 5324 34459189 1
3286 5532 34459199 1
3365 5693 34459209 1
3429 5822 34459219 1
3471 5922 34459229 1
3485 5967 34459239 1
3485 5975 34459249 1
3463 5957 34459259 1
3419 5874 34459269 1
3357 5747 34459279 1
3278 5582 34459289 1
3196 5354 34459299 1
3111 5084 34459309 1
3044 4798 34459319 1
2981 4510 34459329 1
2929 4216 34459339 1
2884 3915 34459349 1
2852 3612 34459359 1
2827 3404 34459369 1
2843 3259 34459379 1
2882 3149 34459389 1
2937 3088 34459399 1
2999 3059 34459409 1
3067 3073 34459419 1
3160 3146 34459429 1
3267 3259 34459439 1
3383 3412 34459449 1
3504 3596 34459459 1
3639 3802 34459469 1
3782 4019 34459479 1
3881 4192 34459489 1
3935 4335 34459499 1
3958 4429 34459509 1
3944 4490 34459519 1
3912 4528 34459529 1
3867 4548 34459539 1
3817 4539 34459549 1
3759 4512 34459559 1
3695 4413 34459569 1
3617 4249 34459579 1
3544 4041 34459589 1
3482 3804 34459599 1
3457 3612 34459609 1
3457 3449 34459619 1
3505 3358 34459629 1
3583 3306 34459639 1
3680 3279 34459649 1
3799 3304 34459659 1
3917 3373 34459669 1
4033 3471 34459679 1
4179 3603 34459689 1
4327 3774 34459699 1
4475 3972 34459709 1
4611 4167 34459719 1
4741 4325 34459729 1
4822 4459 34459739 1
4861 4525 34459749 1
4871 4555 34459759 1
4876 4562 34459769 1
4876 4556 34459779 1
4864 4502 34459789 1
4834 4415 34459799 1
4774 4236 34459809 1
4693 4043 34459819 1
4599 3841 34459829 1
4547 3706 34459839 1
4522 3625 34459849 1
4512 3581 34459859 1
4512 3563 34459869 1
4512 3563 34459879 1
4535 3575 34459889 1
4562 3642 34459899 1
4640 3769 34459909 1
4741 3936 34459919 1
4856 4129 34459929 1
4987 4324 34459939 1
5104 4520 34459949 1
5211 4602 34459959 1
5251 4629 34459969 1
5265 4619 34459979 1
5265 4591 34459989 1
5250 4494 34459999 1
5224 4352 34460009 1
5188 4202 34460019 1
5153 4055 34460029 1
5116 3947 34460039 1
5100 3865 34460049 1
5100 3826 34460059 1
5100 3816 34460069 1
5100 3826 34460079 1
5123 3864 34460089 1
5151 3971 34460099 1
5233 4125 34460109 1
5351 4314 34460119 1
5494 4504 34460129 1
5645 4696 34460139 1
5789 4840 34460149 1
5868 4911 34460159 1
5906 4934 34460169 1
5916 4934 34460179 1
5928 4924 34460189 1
5941 4857 34460199 1
5947 4753 34460209 1
5929 4602 34460219 1
5896 4414 34460229 1
5867 4201 34460239 1
5839 4006 34460249 1
5844 3857 34460259 1
5869 3739 34460269 1
5914 3662 34460279 1
5963 3618 34460289 1
6046 3595 34460299 1
6149 3622 34460309 1
6274 3700 34460319 1
6409 3811 34460329 1
6550 3969 34460339 1
6674 4124 34460349 1
6777 4276 34460359 1
6865 4491 34460369 1
6897 4638 34460379 1
6892 4739 34460389 1
6863 4834 34460399 1
6822 4887 34460409 1
6781 4913 34460419 1
6721 4896 34460429 1
6647 4803 34460439 1
6535 4660 34460449 1
6414 4470 34460459 1
6288 4283 34460469 1
6239 4099 34460479 1
6253 3983 34460489 1
6310 3907 34460499 1
6397 3857 34460509 1
6503 3852 34460519 1
6622 3899 34460529 1
6768 3981 34460539 1
6920 4096 34460549 1
7071 4247 34460559 1
7218 4423 34460569 1
7389 4599 34460579 1
7502 4740 34460589 1
7575 4857 34460599 1
7583 4913 34460609 1
7590 4947 34460619 1
7596 4967 34460629 1
7596 4967 34460639 1
7596 4974 34460649 1
7596 4974 34460659 1
7596 4974 34460669 1
7596 4974 34460679 1
7596 4960 34460689 1
7573 4894 34460699 1
7527 4793 34460709 1
7466 4655 34460719 1
7371 4479 34460729 1
7246 4278 34460739 1
7100 4071 34460749 1
6988 3931 34460759 1
6926 3835 34460769 1
6898 3766 34460779 1
6903 3735 34460789 1
6912 3730 34460799 1
6930 3754 34460809 1
6990 3839 34460819 1
7079 3965 34460829 1
7196 4128 34460839 1
7353 4291 34460849 1
7536 4503 34460859 1
7711 4749 34460869 1
7856 4922 34460879 1
7980 5026 34460889 1
8030 5085 34460899 1
8046 5098 34460909 1
8038 5098 34460919 1
8038 5080 34460929 1
8009 5005 34460939 1
7964 4883 34460949 1
7912 4731 34460959 1
7841 4568 34460969 1
7757 4390 34460979 1
7681 4202 34460989 1
7603 4014 34460999 1
7523 3847 34461009 1
7484 3695 34461019 1
7472 3616 34461029 1
7503 3566 34461039 1
7550 3536 34461049 1
7608 3548 34461059 1
7682 3594 34461069 1
7762 3662 34461079 1
7853 3767 34461089 1
7951 3899 34461099 1
8054 4048 34461109 1
8149 4206 34461119 1
8246 4379 34461129 1
8344 4563 34461139 1
8421 4716 34461149 1
8483 4833 34461159 1
8508 4925 34461169 1
8530 4978 34461179 1
8549 5013 34461189 1
8571 5035 34461199 1
8595 5048 34461209 1
8625 5061 34461219 1
8665 5072 34461229 1
8720 5082 34461239 1
8785 5089 34461249 1
8843 5089 34461259 1
8886 5089 34461269 1
8919 5077 34461279 1
8931 5069 34461289 1
8936 5069 34461299 1
8936 5064 34461309 1
8936 5064 34461319 1
8936 5064 34461329 1
8931 5072 34461339 1
8920 5081 34461349 1
8902 5096 34461359 1
8879 5108 34461369 1
8838 5113 34461379 1
8786 5096 34461389 1
8718 5066 34461399 1
8649 5018 34461409 1
8580 4965 34461419 1
8497 4880 34461429 1
8405 4776 34461439 1
8317 4669 34461449 1
8228 4554 34461459 1
8174 4446 34461469 1
8144 4346 34461479 1
8155 4270 34461489 1
8192 4218 34461499 1
8247 4182 34461509 1
8325 4162 34461519 1
8422 4154 34461529 1
8531 4154 34461539 1
8617 4144 34461549 1
8698 4130 34461559 1
8776 4098 34461569 1
8851 4057 34461579 1
8900 3997 34461589 1
8931 3915 34461599 1
8931 3818 34461609 1
8905 3696 34461619 1
8856 3593 34461629 1
8778 3503 34461639 1
8692 3431 34461649 1
8601 3383 34461659 1
8525 3351 34461669 1
8445 3351 34461679 1
8362 3378 34461689 1
8301 3429 34461699 1
8263 3499 34461709 1
8240 3590 34461719 1
8252 3694 34461729 1
8304 3833 34461739 1
8382 3966 34461749 1
8495 4095 34461759 1
8612 4196 34461769 1
8734 4290 34461779 1
8877 4380 34461789 1
9033 4472 34461799 1
9169 4552 34461809 1
9302 4624 34461819 1
9433 4693 34461829 1
9520 4742 34461839 1
9565 4777 34461849 1
9582 4806 34461859 1
9603 4832 34461869 1
9616 4853 34461879 1
9623 4872 34461889 1
9628 4887 34461899 1
9628 4895 34461909 1
9628 4895 34461919 1
9628 4895 34461929 1
9628 4895 34461939 1
9620 4895 34461949 1
9613 4895 34461959 1
9605 4895 34461969 1
9593 4888 34461979 1
9571 4866 34461989 1
9545 4832 34461999 1
9501 4755 34462009 1
9443 4659 34462019 1
9381 4550 34462029 1
9301 4413 34462039 1
9209 4266 34462049 1
9131 4112 34462059 1
9057 3959 34462069 1
8986 3809 34462079 1
8967 3704 34462089 1
8983 3628 34462099 1
9022 3591 34462109 1
9075 3591 34462119 1
9151 3609 34462129 1
9241 3667 34462139 1
9336 3755 34462149 1
9432 3863 34462159 1
9532 3988 34462169 1
9634 4127 34462179 1
9739 4275 34462189 1
9846 4422 34462199 1
9956 4522 34462209 1
10039 4591 34462219 1
10105 4619 34462229 1
10148 4626 34462239 1
10185 4619 34462249 1
10217 4600 34462259 1
10260 4576 34462269 1
10302 4556 34462279 1
10342 4539 34462289 1
10350 4539 34462299 1
10350 4539 34462309 1
10344 4548 34462319 1
10334 4559 34462329 1
10303 4569 34462339 1
10257 4578 34462349 1
10182 4565 34462359 1
10077 4526 34462369 1
9952 4469 34462379 1
9814 4377 34462389 1
9671 4265 34462399 1
9524 4141 34462409 1
9373 3997 34462419 1
9277 3842 34462429 1
9218 3681 34462439 1
9210 3577 34462449 1
9231 3514 34462459 1
9270 3478 34462469 1
9321 3478 34462479 1
9407 3522 34462489 1
9517 3591 34462499 1
9618 3677 34462509 1
9698 3794 34462519 1
9763 3932 34462529 1
9842 4087 34462539 1
9924 4256 34462549 1
10012 4435 34462559 1
10079 4568 34462569 1
10133 4648 34462579 1
10161 4692 34462589 1
10171 4697 34462599 1
10171 4682 34462609 1
10171 4653 34462619 1
10179 4580 34462629 1
10189 4501 34462639 1
10220 4425 34462649 1
10264 4353 34462659 1
10340 4299 34462669 1
10428 4276 34462679 1
10523 4276 34462689 1
10581 4292 34462699 1
10645 4329 34462709 1
10712 4380 34462719 1
10774 4453 34462729 1
10836 4533 34462739 1
10898 4618 34462749 1
10941 4686 34462759 1
10972 4715 34462769 1
10972 4715 34462779 1
10962 4709 34462789 1
10918 4652 34462799 1
10850 4565 34462809 1
10764 4446 34462819 1
10659 4304 34462829 1
10540 4147 34462839 1
10458 4014 34462849 1
10408 3900 34462859 1
10379 3798 34462869 1
10372 3732 34462879 1
10379 3708 34462889 1
10394 3708 34462899 1
10423 3749 34462909 1
10497 3832 34462919 1
10602 3946 34462929 1
10720 4079 34462939 1
10867 4229 34462949 1
11032 4390 34462959 1
11181 4507 34462969 1
11284 4577 34462979 1
11355 4617 34462989 1
11374 4623 34462999 1
11374 4609 34463009 1
11374 4581 34463019 1
11348 4513 34463029 1
11322 4414 34463039 1
11291 4295 34463049 1
11255 4146 34463059 1
11215 3996 34463069 1
11223 3846 34463079 1
11261 3730 34463089 1
11343 3636 34463099 1
11440 3594 34463109 1
11547 3594 34463119 1
11630 3622 34463129 1
11698 3678 34463139 1
11756 3773 34463149 1
11811 3894 34463159 1
9825 5873 34463285 0
9710 5556 34463295 1
9717 5616 34463305 1
9767 5520 34463315 1
9846 5469 34463325 1
9881 5448 34463335 1
9887 5453 34463345 1
9874 5481 34463355 1
