393
2289 5182 73640559 0
2356 5140 73640569 1
2356 5140 73640579 1
2356 5149 73640589 1
2362 5191 73640599 1
2379 5223 73640609 1
2379 5248 73640619 1
2379 5280 73640629 1
2365 5321 73640639 1
2352 5368 73640649 1
2333 5427 73640659 1
2310 5466 73640669 1
2284 5491 73640679 1
2248 5491 73640689 1
2204 5454 73640699 1
2146 5403 73640709 1
2081 5318 73640719 1
2012 5229 73640729 1
1956 5116 73640739 1
1904 4988 73640749 1
1860 4839 73640759 1
1835 4709 73640769 1
1823 4592 73640779 1
1833 4515 73640789 1
1861 4472 73640799 1
1900 4453 73640809 1
1950 4477 73640819 1
2030 4549 73640829 1
2129 4654 73640839 1
2233 4799 73640849 1
2334 4983 73640859 1
2434 5192 73640869 1
2534 5441 73640879 1
2630 5686 73640889 1
2723 5922 73640899 1
2784 6119 73640909 1
2826 6289 73640919 1
2855 6419 73640929 1
2882 6547 73640939 1
2887 6615 73640949 1
2877 6643 73640959 1
2865 6643 73640969 1
2847 6624 73640979 1
2825 6585 73640989 1
2790 6504 73640999 1
2750 6387 73641009 1
2706 6245 73641019 1
2652 6089 73641029 1
2613 5919 73641039 1
2584 5740 73641049 1
2570 5573 73641059 1
2559 5386 73641069 1
2569 5186 73641079 1
2592 4991 73641089 1
2654 4840 73641099 1
2733 4718 73641109 1
2822 4645 73641119 1
2928 4603 73641129 1
3049 4582 73641139 1
3179 4588 73641149 1
3297 4624 73641159 1
3414 4681 73641169 1
3530 4764 73641179 1
3645 4878 73641189 1
3745 5014 73641199 1
3834 5134 73641209 1
3892 5248 73641219 1
3913 5334 73641229 1
3913 5403 73641239 1
3876 5440 73641249 1
3827 5453 73641259 1
3769 5453 73641269 1
3695 5428 73641279 1
3615 5373 73641289 1
3531 5296 73641299 1
3453 5199 73641309 1
3402 5097 73641319 1
3368 4985 73641329 1
3358 4866 73641339 1
3376 4741 73641349 1
3413 4641 73641359 1
3470 4559 73641369 1
3557 4504 73641379 1
3664 4482 73641389 1
3789 4482 73641399 1
3912 4513 73641409 1
4034 4570 73641419 1
4171 4646 73641429 1
4303 4735 73641439 1
4421 4846 73641449 1
4531 4972 73641459 1
4636 5092 73641469 1
4725 5206 73641479 1
4802 5290 73641489 1
4838 5356 73641499 1
4853 5393 73641509 1
4853 5416 73641519 1
4847 5430 73641529 1
4830 5430 73641539 1
4806 5430 73641549 1
4768 5402 73641559 1
4723 5355 73641569 1
4673 5292 73641579 1
4622 5211 73641589 1
4572 5118 73641599 1
4525 5008 73641609 1
4482 4895 73641619 1
4447 4776 73641629 1
4418 4695 73641639 1
4407 4640 73641649 1
4407 4608 73641659 1
4412 4594 73641669 1
4417 4594 73641679 1
4423 4594 73641689 1
4448 4634 73641699 1
4486 4691 73641709 1
4533 4776 73641719 1
4595 4876 73641729 1
4667 4986 73641739 1
4752 5071 73641749 1
4824 5133 73641759 1
4886 5180 73641769 1
4927 5197 73641779 1
4955 5197 73641789 1
4975 5178 73641799 1
4996 5146 73641809 1
5009 5095 73641819 1
5016 5032 73641829 1
5016 4950 73641839 1
5004 4862 73641849 1
4988 4764 73641859 1
4979 4694 73641869 1
4972 4643 73641879 1
4972 4611 73641889 1
4972 4598 73641899 1
4978 4598 73641909 1
4986 4607 73641919 1
5003 4644 73641929 1
5032 4699 73641939 1
5081 4795 73641949 1
5143 4898 73641959 1
5226 5006 73641969 1
5305 5086 73641979 1
5382 5137 73641989 1
5439 5168 73641999 1
5487 5181 73642009 1
5528 5176 73642019 1
5566 5158 73642029 1
5596 5122 73642039 1
5621 5068 73642049 1
5641 5003 73642059 1
5663 4932 73642069 1
5690 4862 73642079 1
5725 4802 73642089 1
5778 4748 73642099 1
5841 4719 73642109 1
5909 4711 73642119 1
5980 4717 73642129 1
6058 4740 73642139 1
6141 4773 73642149 1
6226 4812 73642159 1
6311 4866 73642169 1
6383 4935 73642179 1
6443 5013 73642189 1
6494 5098 73642199 1
6521 5180 73642209 1
6521 5222 73642219 1
6513 5239 73642229 1
6476 5302 73642239 1
6429 5317 73642249 1
6376 5301 73642259 1
6328 5274 73642269 1
6279 5241 73642279 1
6229 5184 73642289 1
6179 5113 73642299 1
6146 5022 73642309 1
6137 4929 73642319 1
6144 4834 73642329 1
6173 4743 73642339 1
6227 4685 73642349 1
6298 4649 73642359 1
6391 4642 73642369 1
6498 4665 73642379 1
6614 4707 73642389 1
6746 4775 73642399 1
6883 4861 73642409 1
6999 4960 73642419 1
7099 5060 73642429 1
7205 5146 73642439 1
7299 5222 73642449 1
7386 5356 73642459 1
7444 5427 73642469 1
7474 5457 73642479 1
7486 5468 73642489 1
7486 5476 73642499 1
7474 5476 73642509 1
7461 5476 73642519 1
7440 5451 73642529 1
7410 5411 73642539 1
7375 5337 73642542 1
7340 5245 73642552 1
7307 5142 73642562 1
7275 5035 73642572 1
7246 4927 73642582 1
7218 4818 73642592 1
7208 4747 73642602 1
7208 4699 73642612 1
7225 4681 73642622 1
7244 4681 73642632 1
7269 4704 73642642 1
7306 4758 73642652 1
7351 4839 73642662 1
7403 4938 73642672 1
7463 5036 73642682 1
7534 5128 73642692 1
7602 5190 73642702 1
7667 5235 73642712 1
7727 5259 73642722 1
7778 5279 73642732 1
7824 5279 73642742 1
7868 5270 73642752 1
7904 5239 73642762 1
7934 5188 73642772 1
7947 5125 73642782 1
7955 5048 73642792 1
7960 4959 73642802 1
7979 4862 73642812 1
8004 4794 73642822 1
8039 4751 73642832 1
8091 4725 73642842 1
8154 4732 73642852 1
8236 4767 73642862 1
8333 4821 73642872 1
8440 4891 73642882 1
8542 4974 73642892 1
8645 5067 73642902 1
8750 5158 73642912 1
8845 5244 73642922 1
8934 5306 73642932 1
8993 5353 73642942 1
9028 5391 73642952 1
9048 5410 73642962 1
9048 5417 73642972 1
9028 5425 73642982 1
9003 5425 73642992 1
8966 5417 73643002 1
8912 5401 73643012 1
8847 5371 73643022 1
8796 5332 73643032 1
8757 5294 73643042 1
8725 5253 73643052 1
8694 5207 73643062 1
8666 5159 73643072 1
8648 5111 73643082 1
8648 5070 73643092 1
8659 5034 73643102 1
8687 5015 73643112 1
8733 5004 73643122 1
8790 4998 73643132 1
8866 4998 73643142 1
8946 4987 73643152 1
9007 4974 73643162 1
9053 4954 73643172 1
9087 4930 73643182 1
9103 4901 73643192 1
9103 4867 73643202 1
9089 4824 73643212 1
9046 4774 73643222 1
8986 4721 73643232 1
8905 4676 73643242 1
8827 4635 73643252 1
8779 4625 73643262 1
8749 4642 73643272 1
8741 4677 73643282 1
8776 4749 73643292 1
9367 5259 73643363 0
9518 5331 73643373 1
9559 5349 73643383 1
9601 5369 73643393 1
9635 5391 73643403 1
9664 5398 73643413 1
9676 5398 73643423 1
9676 5385 73643433 1
9676 5358 73643443 1
9660 5304 73643453 1
9636 5230 73643463 1
9607 5144 73643473 1
9586 5051 73643483 1
9567 4964 73643493 1
9554 4881 73643503 1
9554 4819 73643513 1
9554 4791 73643523 1
9570 4786 73643533 1
9590 4799 73643543 1
9617 4849 73643553 1
9702 5299 73643593 0
9740 5602 73643603 1
9750 5707 73643613 1
9750 5749 73643623 1
9766 5767 73643633 1
9782 5767 73643643 1
9805 5767 73643653 1
9840 5740 73643663 1
9883 5700 73643673 1
9928 5655 73643683 1
10190 5494 73643743 0
10253 5446 73643753 1
10253 5417 73643763 1
10240 5380 73643773 1
10226 5340 73643783 1
10200 5292 73643793 1
10165 5232 73643803 1
10124 5158 73643813 1
10084 5075 73643823 1
10057 4992 73643833 1
10039 4907 73643843 1
10039 4833 73643853 1
10039 4768 73643863 1
10055 4733 73643873 1
10086 4722 73643883 1
10128 4722 73643893 1
10189 4763 73643903 1
10252 4821 73643913 1
10316 4893 73643923 1
10377 4969 73643933 1
10430 5056 73643943 1
10478 5151 73643953 1
10502 5238 73643963 1
10495 5301 73643973 1
10468 5348 73643983 1
10409 5372 73643993 1
10340 5372 73644003 1
10263 5361 73644013 1
10209 5337 73644023 1
10184 5311 73644033 1
10178 5283 73644043 1
10190 5242 73644053 1
10223 5192 73644063 1
10269 5148 73644073 1
10344 5116 73644083 1
10443 5091 73644093 1
10558 5086 73644103 1
10683 5095 73644113 1
10810 5114 73644123 1
10937 5143 73644133 1
11062 5173 73644143 1
11156 5203 73644153 1
11229 5233 73644163 1
11283 5262 73644173 1
11309 5287 73644183 1
11317 5306 73644193 1
11317 5314 73644203 1
11306 5314 73644213 1
11294 5314 73644223 1
11274 5285 73644233 1
11245 5247 73644243 1
11210 5193 73644253 1
11171 5134 73644263 1
11115 5055 73644273 1
11047 4964 73644283 1
10986 4870 73644293 1
10945 4776 73644303 1
10917 4713 73644313 1
10912 4671 73644323 1
10922 4646 73644333 1
10943 4640 73644343 1
10970 4647 73644353 1
11014 4682 73644363 1
11070 4744 73644373 1
11132 4823 73644383 1
11200 4922 73644393 1
11285 5018 73644403 1
11379 5090 73644413 1
11479 5148 73644423 1
11571 5180 73644433 1
11647 5207 73644443 1
11715 5224 73644453 1
11767 5224 73644463 1
11799 5214 73644473 1
11817 5191 73644483 1
11817 5153 73644493 1
11805 5106 73644503 1
11777 5040 73644513 1
11742 4959 73644523 1
11708 4869 73644533 1
11675 4773 73644543 1
11670 4704 73644553 1
11691 4653 73644563 1
11729 4624 73644573 1
11798 4624 73644583 1
11918 4635 73644593 1
12071 4681 73644603 1
12249 4742 73644613 1
