442
2650 5499 73671053 0
2650 5499 73671063 1
2659 5527 73671073 1
2646 5552 73671083 1
2633 5585 73671093 1
2614 5625 73671103 1
2590 5671 73671113 1
2566 5713 73671123 1
2535 5751 73671133 1
2500 5779 73671143 1
2473 5790 73671153 1
2444 5790 73671163 1
2409 5765 73671173 1
2371 5709 73671183 1
2323 5632 73671193 1
2272 5505 73671203 1
2220 5367 73671213 1
2172 5222 73671223 1
2129 5070 73671233 1
2109 4934 73671243 1
2103 4809 73671253 1
2131 4729 73671263 1
2174 4699 73671273 1
2228 4699 73671283 1
2294 4758 73671293 1
2389 4878 73671303 1
2502 5041 73671313 1
2629 5209 73671323 1
2744 5420 73671333 1
2850 5660 73671343 1
2958 5908 73671353 1
3060 6150 73671363 1
3135 6356 73671373 1
3194 6541 73671383 1
3221 6670 73671393 1
3235 6763 73671403 1
3240 6832 73671413 1
3229 6877 73671423 1
3208 6883 73671433 1
3179 6863 73671443 1
3156 6819 73671453 1
3114 6742 73671463 1
3060 6644 73671473 1
3004 6512 73671483 1
2949 6351 73671493 1
2897 6170 73671503 1
2851 5976 73671513 1
2814 5777 73671523 1
2800 5575 73671533 1
2800 5378 73671543 1
2827 5179 73671553 1
2880 5011 73671563 1
2951 4865 73671573 1
3059 4775 73671583 1
3184 4730 73671593 1
3320 4716 73671603 1
3441 4722 73671613 1
3563 4755 73671623 1
3685 4805 73671633 1
3811 4898 73671643 1
3922 5006 73671653 1
4022 5124 73671663 1
4116 5263 73671673 1
4185 5400 73671683 1
4236 5535 73671693 1
4251 5625 73671703 1
4236 5688 73671713 1
4200 5734 73671723 1
4151 5766 73671733 1
4095 5777 73671743 1
4034 5777 73671753 1
3977 5742 73671763 1
3921 5683 73671773 1
3871 5605 73671783 1
3829 5514 73671793 1
3807 5405 73671803 1
3797 5283 73671813 1
3803 5164 73671823 1
3829 5051 73671833 1
3869 4943 73671843 1
3925 4855 73671853 1
4002 4800 73671863 1
4093 4768 73671873 1
4215 4776 73671883 1
4338 4811 73671893 1
4465 4864 73671903 1
4601 4933 73671913 1
4748 5013 73671923 1
4902 5100 73671933 1
5041 5201 73671943 1
5180 5316 73671953 1
5315 5440 73671963 1
5414 5547 73671973 1
5491 5621 73671983 1
5539 5674 73671993 1
5563 5703 73672003 1
5571 5718 73672013 1
5565 5723 73672023 1
5547 5723 73672024 1
5522 5706 73672034 1
5481 5672 73672044 1
5441 5622 73672054 1
5402 5567 73672064 1
5365 5487 73672074 1
5329 5393 73672084 1
5293 5281 73672094 1
5255 5176 73672104 1
5218 5075 73672114 1
5183 4990 73672124 1
5162 4923 73672134 1
5149 4869 73672144 1
5149 4835 73672154 1
5149 4819 73672164 1
5149 4819 73672174 1
5162 4819 73672184 1
5179 4854 73672194 1
5217 4911 73672204 1
5265 4995 73672214 1
5329 5085 73672224 1
5399 5179 73672234 1
5466 5254 73672244 1
5528 5315 73672254 1
5583 5367 73672264 1
5625 5404 73672274 1
5659 5421 73672284 1
5675 5421 73672294 1
5691 5421 73672304 1
5702 5416 73672314 1
5710 5390 73672324 1
5710 5353 73672334 1
5704 5295 73672344 1
5687 5233 73672354 1
5670 5162 73672364 1
5650 5088 73672374 1
5628 5033 73672384 1
5619 4991 73672394 1
5619 4961 73672404 1
5619 4947 73672414 1
5627 4947 73672424 1
5638 4947 73672434 1
5654 4964 73672444 1
5680 4992 73672454 1
5725 5046 73672464 1
5783 5108 73672474 1
5839 5175 73672484 1
5897 5251 73672494 1
5955 5326 73672504 1
6015 5399 73672514 1
6065 5444 73672524 1
6109 5471 73672534 1
6152 5491 73672544 1
6189 5507 73672554 1
6223 5514 73672564 1
6245 5514 73672574 1
6259 5499 73672584 1
6268 5470 73672594 1
6274 5431 73672604 1
6274 5372 73672614 1
6274 5314 73672624 1
6274 5256 73672634 1
6274 5201 73672644 1
6274 5148 73672654 1
6281 5098 73672664 1
6289 5046 73672674 1
6300 4995 73672684 1
6316 4944 73672694 1
6334 4894 73672704 1
6360 4845 73672714 1
6392 4805 73672724 1
6434 4770 73672734 1
6491 4753 73672744 1
6557 4753 73672754 1
6631 4762 73672764 1
6708 4794 73672774 1
6799 4835 73672784 1
6897 4882 73672794 1
6977 4939 73672804 1
7054 5006 73672814 1
7128 5080 73672824 1
7193 5163 73672834 1
7248 5247 73672844 1
7296 5331 73672854 1
7323 5397 73672864 1
7323 5439 73672874 1
7315 5465 73672884 1
7288 5483 73672894 1
7256 5497 73672904 1
7221 5502 73672914 1
7188 5502 73672924 1
7161 5485 73672934 1
7138 5464 73672944 1
7116 5436 73672954 1
7100 5402 73672964 1
7088 5354 73672974 1
7083 5296 73672984 1
7083 5231 73672994 1
7092 5165 73673004 1
7105 5095 73673014 1
7132 5036 73673024 1
7167 4986 73673034 1
7211 4949 73673044 1
7271 4928 73673054 1
7341 4918 73673064 1
7420 4918 73673074 1
7502 4929 73673084 1
7591 4951 73673094 1
7687 4988 73673104 1
7796 5038 73673114 1
7914 5096 73673124 1
8007 5158 73673134 1
8095 5229 73673144 1
8180 5306 73673154 1
8263 5392 73673164 1
8339 5475 73673174 1
8410 5555 73673184 1
8454 5608 73673194 1
8474 5638 73673204 1
8474 5653 73673214 1
8474 5653 73673224 1
8474 5653 73673234 1
8460 5647 73673244 1
8445 5633 73673254 1
8426 5603 73673264 1
8404 5563 73673274 1
8382 5504 73673284 1
8353 5428 73673294 1
8319 5340 73673304 1
8285 5253 73673314 1
8255 5175 73673324 1
8234 5104 73673334 1
8222 5045 73673344 1
8222 5001 73673354 1
8232 4967 73673364 1
8245 4950 73673374 1
8259 4950 73673384 1
8274 4950 73673394 1
8290 4970 73673404 1
8308 5008 73673414 1
8335 5059 73673424 1
8370 5126 73673434 1
8413 5199 73673444 1
8461 5276 73673454 1
8514 5334 73673464 1
8568 5390 73673474 1
8622 5438 73673484 1
8673 5470 73673494 1
8721 5492 73673504 1
8762 5508 73673514 1
8794 5508 73673524 1
8820 5500 73673534 1
8836 5480 73673544 1
8845 5455 73673554 1
8850 5411 73673564 1
8845 5356 73673574 1
8839 5292 73673584 1
8831 5227 73673594 1
8824 5159 73673604 1
8824 5090 73673614 1
8833 5033 73673624 1
8860 4985 73673634 1
8897 4950 73673644 1
8949 4940 73673654 1
9004 4947 73673664 1
9075 4979 73673674 1
9155 5028 73673684 1
9245 5088 73673694 1
9346 5158 73673704 1
9453 5237 73673714 1
9554 5322 73673724 1
9645 5408 73673734 1
9730 5486 73673744 1
9790 5534 73673754 1
9826 5565 73673764 1
9846 5582 73673774 1
9846 5588 73673784 1
9829 5588 73673794 1
9808 5582 73673804 1
9773 5571 73673814 1
9729 5543 73673824 1
9680 5505 73673834 1
9627 5456 73673844 1
9569 5396 73673854 1
9508 5329 73673864 1
9461 5274 73673874 1
9436 5235 73673884 1
9426 5207 73673894 1
9438 5185 73673904 1
9464 5169 73673914 1
9498 5158 73673924 1
9544 5150 73673934 1
9595 5141 73673944 1
9652 5133 73673954 1
9707 5127 73673964 1
9749 5115 73673974 1
9783 5100 73673984 1
9802 5079 73673994 1
9802 5056 73674004 1
9802 5034 73674014 1
9778 5007 73674024 1
9739 4978 73674034 1
9689 4948 73674044 1
9634 4924 73674054 1
9582 4903 73674064 1
9547 4891 73674074 1
9521 4891 73674084 1
9512 4891 73674094 1
9512 4912 73674104 1
9535 4951 73674114 1
9580 5003 73674124 1
9638 5053 73674134 1
10122 5423 73674217 0
10186 5488 73674227 1
10198 5510 73674237 1
10203 5524 73674247 1
10208 5531 73674257 1
10208 5531 73674267 1
10208 5531 73674277 1
10213 5524 73674287 1
10213 5504 73674297 1
10213 5477 73674307 1
10205 5438 73674317 1
10194 5395 73674327 1
10179 5336 73674337 1
10161 5268 73674347 1
10148 5199 73674357 1
10140 5140 73674367 1
10140 5087 73674377 1
10140 5052 73674387 1
10148 5034 73674397 1
10153 5027 73674407 1
10153 5027 73674417 1
10162 5057 73674427 1
10173 5099 73674437 1
10185 5156 73674447 1
10202 5246 73674457 1
10230 5498 73674488 0
10257 5768 73674498 1
10276 5861 73674508 1
10295 5930 73674518 1
10310 5967 73674528 1
10323 5987 73674538 1
10339 5996 73674548 1
10359 5996 73674558 1
10388 5976 73674568 1
10423 5949 73674578 1
10461 5912 73674588 1
10501 5873 73674598 1
10607 5679 73674658 0
10609 5588 73674668 1
10587 5550 73674678 1
10568 5503 73674688 1
10549 5454 73674698 1
10531 5401 73674708 1
10512 5340 73674718 1
10496 5281 73674728 1
10483 5225 73674738 1
10483 5174 73674748 1
10483 5129 73674758 1
10489 5087 73674768 1
10505 5049 73674778 1
10526 5030 73674788 1
10551 5023 73674798 1
10577 5023 73674808 1
10607 5041 73674818 1
10642 5068 73674828 1
10676 5101 73674838 1
10712 5152 73674848 1
10750 5215 73674858 1
10788 5299 73674868 1
10815 5376 73674878 1
10836 5448 73674888 1
10827 5479 73674898 1
10805 5506 73674908 1
10774 5524 73674918 1
10736 5537 73674928 1
10689 5545 73674938 1
10636 5545 73674948 1
10589 5545 73674958 1
10562 5545 73674968 1
10547 5545 73674978 1
10547 5545 73674988 1
10557 5530 73674998 1
10583 5508 73675008 1
10619 5482 73675018 1
10681 5456 73675028 1
10748 5431 73675038 1
10838 5412 73675048 1
10942 5399 73675058 1
11051 5399 73675068 1
11151 5399 73675078 1
11240 5414 73675089 1
11323 5430 73675099 1
11391 5445 73675109 1
11445 5457 73675119 1
11490 5470 73675129 1
11522 5486 73675139 1
11537 5503 73675149 1
11537 5517 73675159 1
11537 5529 73675169 1
11537 5534 73675179 1
11524 5534 73675189 1
11510 5523 73675199 1
11491 5506 73675209 1
11470 5480 73675219 1
11448 5448 73675229 1
11422 5398 73675239 1
11394 5337 73675239 1
11364 5261 73675249 1
11338 5184 73675259 1
11313 5104 73675269 1
11293 5036 73675279 1
11279 4976 73675289 1
11279 4934 73675299 1
11289 4910 73675309 1
11306 4898 73675319 1
11325 4908 73675329 1
11363 4946 73675339 1
11412 5003 73675349 1
11471 5072 73675359 1
11530 5155 73675369 1
11588 5247 73675379 1
11645 5336 73675389 1
11699 5398 73675399 1
11745 5442 73675409 1
11785 5467 73675419 1
11820 5487 73675429 1
11852 5499 73675439 1
11882 5504 73675449 1
11904 5498 73675459 1
11926 5484 73675469 1
11939 5452 73675479 1
11944 5397 73675489 1
11933 5328 73675499 1
11919 5248 73675509 1
11902 5166 73675519 1
11884 5081 73675529 1
11870 5000 73675539 1
11870 4940 73675549 1
11884 4894 73675559 1
11901 4870 73675569 1
11923 4864 73675579 1
11953 4870 73675589 1
