327
1914 4946 32062897 0
1919 4888 32062907 1
1919 4888 32062917 1
1914 4888 32062927 1
1919 4888 32062937 1
1919 4888 32062947 1
1919 4900 32062957 1
1913 4915 32062967 1
1897 4936 32062977 1
1874 4961 32062987 1
1845 4992 32062997 1
1807 5028 32063007 1
1761 5073 32063017 1
1710 5118 32063027 1
1644 5159 32063037 1
1572 5192 32063047 1
1496 5192 32063057 1
1445 5160 32063067 1
1398 5086 32063077 1
1368 4968 32063087 1
1349 4821 32063097 1
1339 4664 32063107 1
1334 4529 32063117 1
1334 4408 32063127 1
1357 4306 32063137 1
1384 4248 32063147 1
1425 4219 32063157 1
1486 4235 32063167 1
1559 4320 32063177 1
1651 4451 32063187 1
1736 4616 32063197 1
1815 4818 32063207 1
1891 5044 32063217 1
1961 5266 32063227 1
2026 5498 32063237 1
2076 5702 32063247 1
2102 5884 32063257 1
2112 6021 32063267 1
2119 6078 32063277 1
2119 6078 32063287 1
2119 6052 32063297 1
2119 5934 32063307 1
2108 5758 32063317 1
2095 5567 32063327 1
2095 5345 32063337 1
2095 5103 32063347 1
2117 4875 32063357 1
2152 4687 32063367 1
2203 4526 32063377 1
2273 4417 32063387 1
2355 4359 32063397 1
2453 4334 32063407 1
2569 4365 32063417 1
2698 4447 32063427 1
2818 4563 32063437 1
2925 4701 32063447 1
3022 4857 32063457 1
3101 5026 32063467 1
3147 5165 32063477 1
3171 5278 32063487 1
3155 5375 32063497 1
3115 5418 32063507 1
3058 5405 32063517 1
2993 5354 32063527 1
2931 5253 32063537 1
2878 5128 32063547 1
2848 4987 32063557 1
2832 4834 32063567 1
2832 4702 32063577 1
2861 4585 32063587 1
2902 4500 32063597 1
2959 4447 32063607 1
3038 4415 32063617 1
3131 4423 32063627 1
3246 4473 32063637 1
3363 4550 32063647 1
3481 4657 32063657 1
3595 4788 32063667 1
3706 4936 32063677 1
3787 5069 32063687 1
3847 5173 32063697 1
3894 5257 32063707 1
3924 5297 32063717 1
3935 5307 32063727 1
3935 5296 32063737 1
3935 5258 32063747 1
3917 5184 32063757 1
3892 5086 32063767 1
3858 4967 32063777 1
3823 4849 32063787 1
3787 4734 32063797 1
3775 4661 32063807 1
3767 4615 32063817 1
3775 4598 32063827 1
3792 4605 32063837 1
3826 4628 32063847 1
3883 4704 32063857 1
3956 4826 32063867 1
4045 4980 32063877 1
4138 5123 32063887 1
4237 5238 32063897 1
4317 5334 32063907 1
4386 5374 32063917 1
4427 5363 32063927 1
4446 5318 32063937 1
4446 5230 32063947 1
4420 5116 32063957 1
4372 4985 32063967 1
4312 4856 32063977 1
4257 4756 32063987 1
4223 4675 32063997 1
4204 4645 32064007 1
4204 4645 32064017 1
4231 4658 32064027 1
4275 4714 32064037 1
4357 4818 32064047 1
4457 4954 32064057 1
4570 5074 32064067 1
4690 5169 32064077 1
4780 5247 32064087 1
4851 5285 32064097 1
4888 5285 32064107 1
4902 5255 32064117 1
4902 5198 32064127 1
4875 5114 32064137 1
4834 5011 32064147 1
4782 4911 32064157 1
4729 4831 32064167 1
4705 4764 32064177 1
4700 4745 32064187 1
4712 4745 32064197 1
4758 4761 32064207 1
4827 4823 32064217 1
4924 4896 32064227 1
5030 4977 32064237 1
5143 5025 32064247 1
5238 5030 32064257 1
5304 5007 32064267 1
5351 4941 32064277 1
5380 4848 32064287 1
5408 4736 32064297 1
5435 4654 32064307 1
5476 4595 32064317 1
5538 4552 32064327 1
5615 4552 32064337 1
5727 4593 32064347 1
5857 4670 32064357 1
5998 4791 32064367 1
6133 4932 32064377 1
6250 5086 32064387 1
6356 5209 32064397 1
6405 5300 32064407 1
6411 5369 32064417 1
6388 5393 32064427 1
6342 5374 32064437 1
6274 5327 32064447 1
6191 5243 32064457 1
6115 5142 32064467 1
6058 5031 32064477 1
6014 4914 32064487 1
5990 4796 32064497 1
5990 4705 32064507 1
6014 4632 32064517 1
6056 4576 32064527 1
6117 4546 32064537 1
6191 4533 32064547 1
6294 4552 32064557 1
6400 4607 32064567 1
6512 4685 32064577 1
6625 4801 32064587 1
6741 4933 32064597 1
6858 5077 32064607 1
6946 5197 32064617 1
7014 5280 32064627 1
7051 5339 32064637 1
7062 5346 32064647 1
7056 5308 32064657 1
7030 5240 32064667 1
6976 5125 32064677 1
6904 4993 32064687 1
6816 4850 32064697 1
6730 4721 32064707 1
6671 4634 32064717 1
6628 4576 32064727 1
6616 4557 32064737 1
6629 4568 32064747 1
6658 4600 32064757 1
6735 4690 32064767 1
6848 4824 32064777 1
6986 4987 32064787 1
7123 5131 32064797 1
7261 5240 32064807 1
7374 5326 32064817 1
7470 5362 32064827 1
7523 5351 32064837 1
7546 5309 32064847 1
7546 5224 32064857 1
7522 5115 32064867 1
7486 4989 32064877 1
7442 4859 32064887 1
7412 4736 32064897 1
7412 4659 32064907 1
7429 4610 32064917 1
7468 4589 32064927 1
7537 4610 32064937 1
7625 4658 32064947 1
7750 4758 32064957 1
7893 4896 32064967 1
8048 5060 32064977 1
8183 5200 32064987 1
8299 5336 32064997 1
8401 5438 32065007 1
8457 5519 32065017 1
8475 5553 32065027 1
8467 5553 32065037 1
8431 5539 32065047 1
8367 5480 32065057 1
8284 5385 32065067 1
8202 5266 32065077 1
8143 5163 32065087 1
8098 5068 32065097 1
8086 4978 32065107 1
8100 4898 32065117 1
8130 4827 32065127 1
8177 4762 32065137 1
8215 4711 32065147 1
8246 4664 32065157 1
8246 4619 32065167 1
8224 4576 32065177 1
8186 4537 32065187 1
8137 4502 32065197 1
8089 4488 32065207 1
8046 4488 32065217 1
8020 4509 32065227 1
8004 4549 32065237 1
8024 4615 32065247 1
8313 5025 32065280 0
8470 5151 32065290 1
8520 5192 32065300 1
8556 5206 32065310 1
8581 5199 32065320 1
8599 5177 32065330 1
8613 5122 32065340 1
8606 5044 32065350 1
8581 4950 32065360 1
8545 4856 32065370 1
8512 4764 32065380 1
8485 4704 32065390 1
8468 4665 32065400 1
8468 4650 32065410 1
8468 4664 32065420 1
8483 4698 32065430 1
8510 4785 32065440 1
8547 4901 32065450 1
8638 5471 32065500 0
8621 5696 32065510 1
8604 5766 32065520 1
8589 5808 32065530 1
8581 5829 32065540 1
8581 5837 32065550 1
8581 5837 32065560 1
8581 5829 32065570 1
8596 5813 32065580 1
8614 5787 32065590 1
8640 5754 32065600 1
9198 5277 32065721 0
9280 5196 32065731 1
9264 5161 32065741 1
9205 5132 32065751 1
9187 5054 32065761 1
9171 4964 32065771 1
9161 4865 32065781 1
9156 4756 32065791 1
9156 4674 32065801 1
9168 4610 32065811 1
9194 4566 32065821 1
9230 4551 32065831 1
9288 4551 32065841 1
9372 4597 32065851 1
9473 4671 32065861 1
9573 4767 32065871 1
9652 4887 32065881 1
9717 4986 32065891 1
9740 5072 32065901 1
9724 5127 32065911 1
9681 5157 32065921 1
9609 5171 32065931 1
9519 5156 32065941 1
9418 5128 32065951 1
9328 5092 32065961 1
9278 5063 32065971 1
9254 5050 32065981 1
9269 5050 32065991 1
9333 5050 32066001 1
9430 5081 32066011 1
9560 5121 32066021 1
9697 5165 32066031 1
9845 5205 32066041 1
9999 5219 32066051 1
10116 5219 32066061 1
10207 5184 32066071 1
10267 5127 32066081 1
10295 5056 32066091 1
10301 4966 32066101 1
10278 4864 32066111 1
10238 4755 32066121 1
10186 4675 32066131 1
10137 4616 32066141 1
10110 4570 32066151 1
10097 4562 32066161 1
10103 4580 32066171 1
10147 4616 32066181 1
10216 4703 32066191 1
10323 4826 32066201 1
10461 4974 32066211 1
10619 5092 32066221 1
10751 5177 32066231 1
10861 5240 32066241 1
10955 5256 32066251 1
11022 5228 32066261 1
11058 5170 32066271 1
11072 5066 32066281 1
11072 4937 32066291 1
11054 4791 32066301 1
11032 4666 32066311 1
11007 4558 32066321 1
10984 4461 32066331 1
