333
1865 4285 32069126 0
1865 4285 32069136 1
1865 4285 32069146 1
1865 4285 32069156 1
1865 4285 32069166 1
1865 4285 32069176 1
1863 4322 32069186 1
1856 4358 32069196 1
1837 4406 32069206 1
1811 4463 32069216 1
1777 4520 32069226 1
1729 4575 32069236 1
1671 4624 32069246 1
1591 4667 32069256 1
1517 4689 32069266 1
1453 4698 32069276 1
1405 4671 32069286 1
1366 4609 32069296 1
1343 4525 32069306 1
1326 4400 32069316 1
1321 4254 32069326 1
1321 4093 32069336 1
1328 3961 32069346 1
1346 3850 32069356 1
1372 3754 32069366 1
1408 3703 32069376 1
1446 3688 32069386 1
1490 3696 32069396 1
1549 3749 32069406 1
1618 3864 32069416 1
1687 4020 32069426 1
1752 4204 32069436 1
1814 4419 32069446 1
1871 4655 32069456 1
1912 4903 32069466 1
1941 5129 32069476 1
1947 5340 32069486 1
1941 5540 32069496 1
1927 5659 32069506 1
1914 5723 32069516 1
1905 5729 32069526 1
1895 5689 32069536 1
1883 5618 32069546 1
1868 5470 32069556 1
1853 5274 32069566 1
1842 5045 32069576 1
1835 4792 32069586 1
1835 4552 32069596 1
1835 4322 32069606 1
1851 4109 32069616 1
1890 3946 32069626 1
1941 3817 32069636 1
2011 3741 32069646 1
2106 3716 32069656 1
2218 3724 32069666 1
2338 3795 32069676 1
2461 3905 32069686 1
2591 4040 32069696 1
2706 4196 32069706 1
2809 4360 32069716 1
2881 4529 32069726 1
2925 4673 32069736 1
2951 4799 32069746 1
2945 4913 32069756 1
2920 4970 32069766 1
2883 4984 32069776 1
2842 4969 32069786 1
2799 4907 32069796 1
2755 4804 32069806 1
2722 4674 32069816 1
2705 4541 32069826 1
2698 4404 32069836 1
2709 4261 32069846 1
2723 4117 32069856 1
2757 4015 32069866 1
2804 3943 32069876 1
2867 3890 32069886 1
2947 3871 32069896 1
3039 3889 32069906 1
3150 3933 32069916 1
3262 4013 32069926 1
3370 4121 32069936 1
3476 4249 32069946 1
3574 4395 32069956 1
3658 4520 32069966 1
3733 4631 32069976 1
3780 4709 32069986 1
3806 4747 32069996 1
3818 4759 32070006 1
3818 4748 32070007 1
3813 4696 32070017 1
3800 4616 32070027 1
3771 4507 32070037 1
3735 4393 32070047 1
3694 4285 32070057 1
3654 4183 32070067 1
3636 4124 32070077 1
3636 4098 32070087 1
3636 4098 32070097 1
3653 4098 32070107 1
3700 4161 32070117 1
3767 4256 32070127 1
3852 4398 32070137 1
3945 4537 32070147 1
4044 4643 32070157 1
4130 4727 32070167 1
4195 4758 32070177 1
4246 4750 32070187 1
4273 4716 32070197 1
4273 4648 32070207 1
4265 4560 32070217 1
4235 4460 32070227 1
4200 4354 32070237 1
4162 4261 32070247 1
4143 4213 32070257 1
4137 4191 32070267 1
4137 4191 32070277 1
4156 4221 32070287 1
4196 4270 32070297 1
4253 4375 32070307 1
4329 4493 32070317 1
4411 4619 32070327 1
4498 4739 32070337 1
4578 4829 32070347 1
4640 4899 32070357 1
4690 4921 32070367 1
4714 4907 32070377 1
4720 4870 32070387 1
4714 4775 32070397 1
4692 4659 32070407 1
4661 4529 32070417 1
4624 4384 32070427 1
4604 4235 32070437 1
4588 4121 32070447 1
4606 4033 32070457 1
4646 3979 32070467 1
4715 3960 32070477 1
4804 3965 32070487 1
4905 4021 32070497 1
5019 4116 32070507 1
5144 4238 32070517 1
5277 4381 32070527 1
5380 4519 32070537 1
5451 4641 32070547 1
5501 4755 32070557 1
5515 4869 32070567 1
5501 4953 32070577 1
5468 5017 32070587 1
5426 5038 32070597 1
5383 5027 32070607 1
5340 4995 32070617 1
5304 4926 32070627 1
5273 4825 32070637 1
5250 4702 32070647 1
5238 4594 32070657 1
5238 4486 32070667 1
5238 4383 32070677 1
5266 4307 32070687 1
5303 4247 32070697 1
5362 4211 32070707 1
5427 4202 32070717 1
5503 4212 32070727 1
5588 4256 32070737 1
5676 4327 32070747 1
5767 4415 32070757 1
5861 4516 32070767 1
5941 4621 32070777 1
6012 4729 32070787 1
6087 4850 32070797 1
6148 4931 32070807 1
6200 4985 32070817 1
6223 4994 32070827 1
6232 4968 32070837 1
6232 4920 32070847 1
6207 4819 32070857 1
6172 4712 32070867 1
6129 4600 32070877 1
6089 4493 32070887 1
6054 4404 32070897 1
6028 4326 32070907 1
6017 4282 32070917 1
6017 4269 32070927 1
6024 4276 32070937 1
6051 4302 32070947 1
6092 4378 32070957 1
6160 4488 32070967 1
6248 4607 32070977 1
6348 4736 32070987 1
6441 4872 32070997 1
6525 4977 32071007 1
6603 5042 32071017 1
6663 5080 32071027 1
6702 5086 32071037 1
6728 5059 32071047 1
6736 5010 32071057 1
6724 4907 32071067 1
6698 4783 32071077 1
6665 4645 32071087 1
6635 4515 32071097 1
6609 4385 32071107 1
6609 4292 32071117 1
6623 4225 32071127 1
6660 4196 32071137 1
6722 4206 32071147 1
6801 4243 32071157 1
6916 4341 32071167 1
7033 4472 32071177 1
7175 4624 32071187 1
7333 4790 32071197 1
7475 4962 32071207 1
7592 5137 32071217 1
7693 5285 32071227 1
7762 5390 32071237 1
7799 5466 32071247 1
7815 5488 32071257 1
7810 5479 32071267 1
7782 5450 32071277 1
7739 5364 32071287 1
7665 5253 32071297 1
7585 5125 32071307 1
7502 4993 32071317 1
7424 4858 32071327 1
7386 4758 32071337 1
7374 4681 32071347 1
7399 4628 32071357 1
7452 4584 32071367 1
7524 4545 32071377 1
7599 4513 32071387 1
7651 4482 32071397 1
7688 4451 32071407 1
7701 4422 32071417 1
7687 4393 32071427 1
7654 4364 32071437 1
7600 4336 32071447 1
7539 4317 32071457 1
7473 4304 32071467 1
7419 4312 32071477 1
7369 4343 32071487 1
7362 4389 32071497 1
7382 4466 32071507 1
7868 5018 32071559 0
8086 5155 32071569 1
8162 5188 32071579 1
8208 5188 32071589 1
8233 5163 32071599 1
8243 5118 32071609 1
8236 5045 32071619 1
8218 4957 32071629 1
8192 4858 32071639 1
8168 4754 32071649 1
8145 4674 32071659 1
8125 4609 32071669 1
8109 4556 32071679 1
8099 4532 32071689 1
8099 4527 32071699 1
8104 4541 32071709 1
8127 4589 32071719 1
8260 5579 32071809 0
8224 5642 32071819 1
8184 5681 32071829 1
8168 5737 32071840 1
8168 5737 32071850 1
8168 5737 32071860 1
8206 5738 32071870 1
8228 5727 32071880 1
8253 5714 32071890 1
8276 5687 32071900 1
8293 5656 32071910 1
8721 5076 32072070 0
8772 4978 32072080 1
8772 4978 32072090 1
8782 4946 32072100 1
8782 4914 32072110 1
8782 4882 32072120 1
8782 4813 32072130 1
8772 4727 32072140 1
8760 4630 32072150 1
8760 4531 32072160 1
8760 4436 32072170 1
8780 4377 32072180 1
8815 4340 32072190 1
8880 4353 32072200 1
8960 4414 32072210 1
9050 4507 32072220 1
9143 4623 32072230 1
9211 4745 32072240 1
9262 4870 32072250 1
9286 4975 32072260 1
9275 5043 32072270 1
9240 5087 32072280 1
9182 5095 32072290 1
9111 5070 32072300 1
9031 5023 32072310 1
8955 4964 32072320 1
8877 4901 32072330 1
8842 4859 32072340 1
8835 4832 32072350 1
8865 4821 32072360 1
8937 4834 32072370 1
9036 4864 32072380 1
9161 4911 32072390 1
9311 4958 32072400 1
9477 5004 32072410 1
9607 5022 32072420 1
9705 5022 32072430 1
9782 4994 32072440 1
9822 4937 32072450 1
9827 4859 32072460 1
9808 4757 32072470 1
9769 4660 32072480 1
9721 4567 32072490 1
9668 4477 32072500 1
9623 4411 32072510 1
9604 4362 32072520 1
9604 4355 32072530 1
9622 4380 32072540 1
9678 4426 32072550 1
9758 4524 32072560 1
9872 4641 32072570 1
9997 4772 32072580 1
10129 4911 32072590 1
10227 5027 32072600 1
10300 5084 32072610 1
10357 5109 32072620 1
10387 5096 32072630 1
10395 5039 32072640 1
10389 4953 32072650 1
10363 4822 32072660 1
10338 4690 32072670 1
10318 4570 32072680 1
10305 4458 32072690 1
10317 4371 32072700 1
10346 4315 32072710 1
