309
1981 4415 32081193 0
1968 4464 32081203 1
1948 4474 32081213 1
1922 4474 32081223 1
1893 4480 32081233 1
1860 4474 32081243 1
1824 4462 32081253 1
1785 4443 32081263 1
1737 4416 32081273 1
1691 4370 32081283 1
1652 4311 32081293 1
1622 4236 32081303 1
1622 4149 32081313 1
1640 4054 32081323 1
1672 3986 32081333 1
1707 3947 32081343 1
1745 3928 32081353 1
1782 3934 32081363 1
1818 3979 32081373 1
1857 4049 32081383 1
1897 4167 32081393 1
1936 4324 32081403 1
1977 4508 32081413 1
2018 4684 32081423 1
2053 4877 32081433 1
2077 5082 32081443 1
2093 5276 32081453 1
2093 5471 32081463 1
2087 5668 32081473 1
2072 5819 32081483 1
2050 5907 32081493 1
2032 5953 32081503 1
2021 5942 32081513 1
2007 5871 32081523 1
1989 5760 32081533 1
1961 5589 32081543 1
1935 5369 32081553 1
1915 5117 32081563 1
1904 4870 32081573 1
1915 4650 32081583 1
1940 4447 32081593 1
1990 4270 32081603 1
2065 4159 32081613 1
2156 4091 32081623 1
2259 4075 32081633 1
2367 4111 32081643 1
2483 4181 32081653 1
2605 4304 32081663 1
2728 4454 32081673 1
2824 4621 32081683 1
2903 4780 32081693 1
2956 4936 32081703 1
2975 5038 32081713 1
2970 5104 32081723 1
2937 5132 32081733 1
2885 5125 32081743 1
2821 5095 32081753 1
2762 5026 32081763 1
2706 4923 32081773 1
2669 4798 32081783 1
2643 4677 32081793 1
2643 4569 32081803 1
2671 4471 32081813 1
2709 4384 32081823 1
2760 4328 32081833 1
2824 4293 32081843 1
2897 4293 32081853 1
2985 4336 32081863 1
3080 4402 32081873 1
3184 4498 32081883 1
3285 4608 32081893 1
3372 4727 32081903 1
3451 4849 32081913 1
3510 4931 32081923 1
3547 4986 32081933 1
3569 4992 32081943 1
3579 4967 32081953 1
3579 4922 32081963 1
3563 4830 32081973 1
3537 4736 32081983 1
3510 4641 32081993 1
3482 4569 32082003 1
3468 4525 32082013 1
3458 4500 32082023 1
3458 4500 32082033 1
3479 4520 32082043 1
3513 4549 32082053 1
3584 4631 32082063 1
3682 4737 32082073 1
3798 4860 32082083 1
3891 4958 32082093 1
3976 5013 32082103 1
4055 5040 32082113 1
4109 5040 32082123 1
4139 5005 32082133 1
4154 4955 32082143 1
4145 4878 32082153 1
4121 4795 32082163 1
4088 4722 32082173 1
4058 4657 32082183 1
4044 4620 32082193 1
4044 4608 32082203 1
4050 4613 32082213 1
4080 4626 32082223 1
4123 4677 32082233 1
4202 4753 32082243 1
4285 4864 32082253 1
4374 4974 32082263 1
4461 5055 32082273 1
4529 5116 32082283 1
4586 5138 32082293 1
4614 5131 32082303 1
4627 5105 32082313 1
4627 5043 32082323 1
4618 4949 32082333 1
4610 4834 32082343 1
4605 4723 32082353 1
4623 4640 32082363 1
4670 4575 32082373 1
4737 4538 32082383 1
4828 4531 32082393 1
4920 4545 32082403 1
5030 4601 32082413 1
5151 4689 32082423 1
5275 4798 32082433 1
5378 4922 32082443 1
5467 5042 32082453 1
5515 5132 32082463 1
5530 5205 32082473 1
5523 5244 32082483 1
5492 5256 32082493 1
5448 5250 32082503 1
5394 5206 32082513 1
5341 5133 32082523 1
5293 5040 32082533 1
5253 4929 32082543 1
5238 4817 32082553 1
5238 4706 32082563 1
5259 4620 32082573 1
5294 4549 32082583 1
5339 4496 32082593 1
5395 4471 32082603 1
5465 4466 32082613 1
5545 4498 32082623 1
5642 4569 32082633 1
5756 4665 32082643 1
5880 4790 32082653 1
5982 4919 32082663 1
6066 5051 32082673 1
6139 5134 32082683 1
6182 5172 32082693 1
6201 5181 32082703 1
6201 5158 32082713 1
6189 5086 32082723 1
6153 4981 32082733 1
6104 4850 32082743 1
6056 4732 32082753 1
6010 4623 32082763 1
5970 4549 32082773 1
5953 4509 32082783 1
5953 4493 32082793 1
5962 4493 32082803 1
6006 4536 32082813 1
6073 4606 32082823 1
6183 4723 32082833 1
6312 4860 32082843 1
6454 5011 32082853 1
6575 5109 32082863 1
6670 5164 32082873 1
6747 5191 32082883 1
6795 5178 32082893 1
6825 5130 32082903 1
6842 5058 32082913 1
6833 4952 32082923 1
6819 4834 32082933 1
6802 4707 32082943 1
6788 4614 32082953 1
6793 4543 32082963 1
6811 4488 32082973 1
6853 4465 32082983 1
6919 4481 32082993 1
7002 4522 32083003 1
7128 4619 32083013 1
7289 4760 32083023 1
7473 4930 32083033 1
7636 5102 32083043 1
7775 5252 32083053 1
7897 5387 32083063 1
7950 5468 32083073 1
7965 5497 32083083 1
7955 5491 32083093 1
7927 5466 32083103 1
7862 5389 32083113 1
7771 5278 32083123 1
7699 5169 32083133 1
7642 5059 32083143 1
7595 4956 32083153 1
7572 4859 32083163 1
7564 4761 32083173 1
7564 4689 32083183 1
7564 4635 32083193 1
7569 4587 32083203 1
7564 4548 32083213 1
7556 4514 32083223 1
7538 4491 32083233 1
7517 4480 32083243 1
7495 4480 32083253 1
7475 4480 32083263 1
7460 4510 32083273 1
7452 4548 32083283 1
7469 4607 32083293 1
7502 4684 32083303 1
7563 4772 32083313 1
7641 4864 32083323 1
7729 4950 32083333 1
8106 5205 32083366 0
8187 5232 32083376 1
8199 5214 32083386 1
8199 5173 32083396 1
8199 5117 32083406 1
8180 5047 32083416 1
8170 4978 32083426 1
8159 4911 32083436 1
8147 4848 32083446 1
8133 4795 32083456 1
8118 4748 32083466 1
8105 4720 32083476 1
8097 4710 32083486 1
8097 4710 32083496 1
8097 4728 32083506 1
8102 4780 32083516 1
8118 4856 32083526 1
8200 5457 32083586 0
8197 5667 32083596 1
8180 5724 32083606 1
8166 5762 32083616 1
8152 5773 32083626 1
8152 5773 32083636 1
8152 5773 32083646 1
8152 5773 32083656 1
8152 5773 32083666 1
8152 5773 32083676 1
8190 5735 32083686 1
8211 5710 32083696 1
8238 5684 32083706 1
8662 5345 32083837 0
8702 5218 32083847 1
8652 5195 32083857 1
8628 5195 32083867 1
8621 5143 32083877 1
8632 5087 32083887 1
8641 5013 32083897 1
8649 4928 32083907 1
8655 4847 32083917 1
8663 4781 32083927 1
8678 4724 32083937 1
8699 4695 32083947 1
8725 4686 32083957 1
8765 4686 32083967 1
8815 4721 32083977 1
8875 4785 32083987 1
8938 4870 32083997 1
8977 4954 32084007 1
8999 5031 32084017 1
8991 5097 32084027 1
8957 5141 32084037 1
8906 5172 32084047 1
8841 5172 32084057 1
8778 5159 32084067 1
8720 5133 32084077 1
8689 5107 32084087 1
8674 5091 32084097 1
8683 5081 32084107 1
8724 5081 32084117 1
8786 5100 32084127 1
8896 5136 32084137 1
9020 5185 32084147 1
9152 5229 32084157 1
9277 5253 32084167 1
9383 5265 32084177 1
9475 5247 32084187 1
9529 5206 32084197 1
9555 5151 32084207 1
9563 5080 32084217 1
9549 5004 32084227 1
9523 4926 32084237 1
9490 4850 32084247 1
9468 4794 32084257 1
9451 4765 32084267 1
9451 4754 32084277 1
9462 4754 32084287 1
9502 4802 32084297 1
9572 4878 32084307 1
9662 4984 32084317 1
9780 5092 32084327 1
9899 5202 32084337 1
10016 5277 32084347 1
10101 5316 32084357 1
10168 5331 32084367 1
10214 5305 32084377 1
10241 5250 32084387 1
10256 5177 32084397 1
10245 5086 32084407 1
10222 4992 32084417 1
10191 4892 32084427 1
10160 4803 32084437 1
10131 4722 32084447 1
10124 4673 32084457 1
10129 4654 32084467 1
