208
2259 5051 21552243 0
2126 4913 21552253 1
2051 4901 21552263 1
2051 4901 21552273 1
2116 4949 21552283 1
2202 5009 21552293 1
2345 5087 21552303 1
2551 5234 21552313 1
2798 5428 21552323 1
3049 5604 21552333 1
3316 5780 21552343 1
3569 5951 21552353 1
3807 6119 21552363 1
3986 6264 21552373 1
4138 6398 21552383 1
4273 6518 21552393 1
3422 6828 21552524 0
3452 6713 21552534 1
3460 6642 21552544 1
3460 6499 21552554 1
3455 6309 21552564 1
3418 6064 21552574 1
3362 5797 21552584 1
3283 5516 21552594 1
3181 5208 21552604 1
3064 4900 21552614 1
2951 4629 21552624 1
2841 4382 21552634 1
2736 4147 21552644 1
2634 3977 21552654 1
2538 3851 21552664 1
2471 3806 21552674 1
2420 3846 21552684 1
2393 3942 21552694 1
2880 4885 21552764 0
3226 5015 21552774 1
3369 5015 21552784 1
3506 4962 21552794 1
3639 4878 21552804 1
3780 4752 21552814 1
3895 4629 21552824 1
3992 4507 21552834 1
4088 4397 21552844 1
4177 4322 21552854 1
4262 4270 21552864 1
4327 4261 21552874 1
4944 5515 21552994 0
5074 5618 21553004 1
5168 5683 21553014 1
5286 5775 21553024 1
5450 5888 21553034 1
5654 6016 21553044 1
5885 6120 21553054 1
6091 6238 21553064 1
6302 6372 21553074 1
6516 6490 21553084 1
6678 6582 21553094 1
6808 6656 21553104 1
6917 6717 21553114 1
6268 6924 21553235 0
6199 6808 21553245 1
6159 6764 21553255 1
6134 6693 21553265 1
6109 6604 21553275 1
6075 6523 21553285 1
6033 6352 21553295 1
5970 6121 21553305 1
5883 5854 21553315 1
5780 5587 21553325 1
5644 5323 21553335 1
5512 5061 21553345 1
5410 4846 21553355 1
5326 4701 21553365 1
5270 4604 21553375 1
5234 4566 21553385 1
5210 4593 21553395 1
5217 4663 21553405 1
5938 5819 21553515 0
5976 5741 21553525 1
5949 5673 21553535 1
5926 5554 21553545 1
5900 5420 21553555 1
5871 5276 21553565 1
5842 5144 21553575 1
5833 5041 21553585 1
5833 4958 21553595 1
5857 4913 21553605 1
5891 4895 21553615 1
5933 4895 21553625 1
5981 4949 21553635 1
6045 5049 21553645 1
6119 5179 21553655 1
6210 5321 21553665 1
6302 5408 21553675 1
6390 5458 21553685 1
6439 5443 21553695 1
6466 5378 21553705 1
6466 5280 21553715 1
6445 5179 21553725 1
6417 5083 21553735 1
6398 5031 21553745 1
6398 5007 21553755 1
6407 5022 21553765 1
6447 5097 21553775 1
6724 5845 21553825 0
6957 6268 21553835 1
7044 6376 21553845 1
7100 6435 21553855 1
7136 6447 21553865 1
7136 6427 21553875 1
7107 6346 21553885 1
7048 6218 21553895 1
6960 6060 21553905 1
6852 5876 21553915 1
6730 5713 21553925 1
6631 5563 21553935 1
6582 5482 21553945 1
6566 5464 21553955 1
6586 5489 21553965 1
6635 5565 21553975 1
6703 5652 21553985 1
6791 5746 21553995 1
6879 5766 21554005 1
6951 5727 21554015 1
7012 5649 21554025 1
7061 5541 21554036 1
7092 5422 21554046 1
7111 5297 21554056 1
7111 5180 21554066 1
7100 5123 21554076 1
7090 5105 21554086 1
7081 5134 21554096 1
7075 5224 21554106 1
7075 5355 21554116 1
7230 7079 21554186 0
7415 7552 21554196 1
7494 7732 21554206 1
7566 7815 21554216 1
7631 7851 21554226 1
7688 7856 21554236 1
7739 7824 21554246 1
7779 7762 21554256 1
7804 7680 21554266 1
7819 7569 21554276 1
7805 7431 21554286 1
7762 7275 21554296 1
7699 7116 21554306 1
7612 6946 21554316 1
7518 6768 21554326 1
7418 6643 21554336 1
7362 6576 21554346 1
7342 6548 21554356 1
7342 6548 21554366 1
7375 6586 21554376 1
7445 6643 21554386 1
7543 6714 21554396 1
7660 6765 21554406 1
7792 6803 21554416 1
7933 6789 21554426 1
8042 6700 21554436 1
8134 6561 21554446 1
8215 6313 21554456 1
8278 5993 21554466 1
8342 5626 21554476 1
8406 5248 21554486 1
8459 4869 21554496 1
8507 4548 21554506 1
8543 4267 21554516 1
8558 4059 21554526 1
8558 3931 21554536 1
8538 3856 21554546 1
8499 3862 21554556 1
8448 3947 21554566 1
7788 5499 21554637 0
7781 5698 21554647 1
7751 5793 21554657 1
7775 5870 21554667 1
7836 5950 21554677 1
7937 6033 21554687 1
8040 6109 21554697 1
8145 6163 21554707 1
8260 6203 21554717 1
8370 6221 21554727 1
8439 6202 21554737 1
8481 6158 21554747 1
8449 6069 21554757 1
8365 5942 21554767 1
8246 5789 21554777 1
8115 5649 21554787 1
7992 5521 21554797 1
7874 5402 21554807 1
7821 5336 21554817 1
7821 5313 21554827 1
7857 5318 21554837 1
7959 5367 21554847 1
8094 5445 21554857 1
8252 5542 21554867 1
8437 5620 21554877 1
8579 5651 21554887 1
8691 5651 21554897 1
8704 5584 21554907 1
8625 5426 21554917 1
8484 5206 21554927 1
8288 4975 21554937 1
8163 4817 21554947 1
8084 4708 21554957 1
8182 4739 21554967 1
8549 4966 21554977 1
