323
1751 5141 34555047 0
1751 5141 34555057 1
1751 5141 34555067 1
1751 5141 34555077 1
1751 5141 34555087 1
1751 5141 34555097 1
1751 5141 34555107 1
1751 5141 34555117 1
1751 5141 34555127 1
1751 5141 34555137 1
1751 5141 34555147 1
1751 5141 34555157 1
1751 5141 34555167 1
1751 5141 34555177 1
1751 5141 34555187 1
1751 5141 34555197 1
1751 5141 34555207 1
1751 5141 34555217 1
1751 5141 34555227 1
1751 5141 34555237 1
1751 5141 34555247 1
1764 5097 34555257 1
1778 5068 34555267 1
1797 5038 34555277 1
1821 4996 34555287 1
1845 4961 34555297 1
1870 4932 34555307 1
1904 4922 34555317 1
1993 4978 34555327 1
2117 5078 34555337 1
2330 5279 34555347 1
2618 5512 34555357 1
2955 5766 34555367 1
3307 6036 34555377 1
3659 6278 34555387 1
3976 6501 34555397 1
4268 6660 34555407 1
4496 6775 34555417 1
4638 6860 34555427 1
4722 6896 34555437 1
4722 6896 34555447 1
4691 6881 34555457 1
3164 6836 34555748 0
3156 6884 34555758 1
3163 6924 34555768 1
3163 6924 34555778 1
3163 6924 34555788 1
3170 6913 34555798 1
3170 6810 34555808 1
3154 6648 34555818 1
3126 6441 34555828 1
3095 6125 34555838 1
3066 5736 34555848 1
3039 5303 34555858 1
3017 4772 34555868 1
2995 4175 34555878 1
2995 3670 34555888 1
3006 3361 34555898 1
3038 3182 34555908 1
3073 2980 34555918 1
3110 2833 34555928 1
3148 2724 34555938 1
3176 2651 34555948 1
3196 2617 34555958 1
3386 4287 34556429 0
3356 4303 34556439 1
3343 4318 34556449 1
3343 4333 34556459 1
3343 4350 34556469 1
3354 4385 34556479 1
3373 4430 34556489 1
3415 4497 34556499 1
3473 4580 34556509 1
3555 4675 34556519 1
3655 4755 34556529 1
3766 4792 34556539 1
3859 4800 34556549 1
3954 4723 34556559 1
4051 4576 34556569 1
4144 4382 34556579 1
4231 4115 34556589 1
4314 3878 34556599 1
4406 3661 34556609 1
4503 3522 34556619 1
4611 3431 34556629 1
4739 3372 34556639 1
4881 3372 34556649 1
4932 5255 34558111 0
4949 5280 34558121 1
4925 5260 34558131 1
4902 5260 34558141 1
4881 5251 34558151 1
4865 5233 34558161 1
4857 5233 34558171 1
4857 5233 34558181 1
4865 5233 34558191 1
4909 5275 34558201 1
4974 5352 34558211 1
5068 5456 34558221 1
5184 5563 34558231 1
5315 5690 34558241 1
5453 5830 34558251 1
5586 5993 34558261 1
5716 6154 34558271 1
5832 6310 34558281 1
5913 6463 34558291 1
5971 6605 34558301 1
6011 6713 34558311 1
6038 6804 34558321 1
6057 6876 34558331 1
6051 6924 34558341 1
6038 6956 34558351 1
6020 6983 34558361 1
5987 7005 34558371 1
5954 7017 34558381 1
5924 7017 34558391 1
5896 7017 34558401 1
5865 6981 34558411 1
5804 6934 34558421 1
5723 6832 34558431 1
5638 6722 34558441 1
5559 6606 34558451 1
5490 6432 34558461 1
5441 6193 34558471 1
5404 5911 34558481 1
5383 5601 34558491 1
5367 5264 34558501 1
5357 4910 34558511 1
5339 4563 34558521 1
5317 4240 34558531 1
5291 3933 34558541 1
5291 3665 34558551 1
5302 3495 34558561 1
5323 3390 34558571 1
5345 3306 34558581 1
5358 3249 34558591 1
5366 3210 34558601 1
5366 3210 34558611 1
5366 3215 34558621 1
5359 3229 34558631 1
5359 3297 34558641 1
5359 3386 34558651 1
5359 3488 34558661 1
5364 3641 34558671 1
5391 3856 34558681 1
5431 4113 34558691 1
5505 4392 34558701 1
5580 4612 34558711 1
5654 4793 34558721 1
5700 4886 34558731 1
5730 4928 34558741 1
5730 4936 34558751 1
5739 4928 34558761 1
5745 4850 34558771 1
5753 4726 34558781 1
5753 4540 34558791 1
5753 4325 34558801 1
5753 4092 34558811 1
5760 3922 34558821 1
5769 3813 34558831 1
5785 3744 34558841 1
5807 3716 34558851 1
5838 3729 34558861 1
5879 3770 34558871 1
5942 3912 34558881 1
6020 4083 34558891 1
6094 4273 34558901 1
6153 4387 34558911 1
6201 4455 34558921 1
6236 4493 34558931 1
6258 4468 34558941 1
6272 4350 34558951 1
6294 4171 34558961 1
6321 3971 34558971 1
6350 3842 34558981 1
6731 6753 34559393 0
6789 6783 34559403 1
6769 6790 34559413 1
6742 6723 34559423 1
6689 6606 34559433 1
6619 6426 34559443 1
6507 6238 34559453 1
6425 6044 34559463 1
6362 5846 34559473 1
6316 5715 34559483 1
6294 5628 34559493 1
6288 5575 34559503 1
6288 5553 34559513 1
6300 5553 34559523 1
6318 5564 34559533 1
6365 5625 34559543 1
6430 5720 34559553 1
6483 5770 34559563 1
6514 5770 34559573 1
6529 5748 34559583 1
6549 5674 34559593 1
6563 5546 34559603 1
6573 5383 34559613 1
6580 5153 34559623 1
6587 4920 34559633 1
6599 4682 34559643 1
6618 4455 34559653 1
6640 4234 34559663 1
6665 4011 34559673 1
6700 3777 34559683 1
6732 3537 34559693 1
6763 3380 34559703 1
6774 3248 34559713 1
6774 3132 34559723 1
6759 3064 34559733 1
6741 3038 34559743 1
6724 3038 34559753 1
6705 3055 34559763 1
6685 3112 34559774 1
6665 3199 34559784 1
6665 3334 34559794 1
6678 3524 34559804 1
6757 6173 34560144 0
6789 6161 34560154 1
6789 6241 34560164 1
6782 6283 34560174 1
6804 6299 34560184 1
6844 6340 34560194 1
6896 6377 34560204 1
6936 6388 34560214 1
6977 6388 34560224 1
7013 6305 34560234 1
7045 6138 34560244 1
7072 5912 34560254 1
7104 5674 34560264 1
7140 5450 34560274 1
7194 5219 34560284 1
7253 4978 34560294 1
7318 4745 34560304 1
7383 4551 34560314 1
7424 4383 34560324 1
7450 4216 34560334 1
7476 4089 34560344 1
7490 3990 34560354 1
7497 3921 34560364 1
7508 3836 34560374 1
7508 3741 34560384 1
7508 3618 34560394 1
7522 3505 34560404 1
7534 3421 34560414 1
7546 3353 34560424 1
7546 3327 34560434 1
7546 3317 34560444 1
7540 3317 34560454 1
7518 3309 34560464 1
7487 3294 34560474 1
7452 3261 34560484 1
7420 3217 34560494 1
7396 3176 34560504 1
7379 3147 34560514 1
7368 3127 34560524 1
7368 3127 34560534 1
7360 3148 34560544 1
7355 3189 34560554 1
7355 3274 34560564 1
7355 3373 34560574 1
7123 4368 34561026 0
7095 4345 34561036 1
7044 4369 34561046 1
7029 4405 34561056 1
7016 4434 34561066 1
7010 4482 34561076 1
7004 4544 34561086 1
6996 4609 34561096 1
7001 4684 34561106 1
7027 4765 34561116 1
7068 4860 34561126 1
7155 4961 34561136 1
7278 5067 34561146 1
7425 5150 34561156 1
7584 5231 34561166 1
7745 5309 34561176 1
7873 5358 34561186 1
7978 5389 34561196 1
8007 5381 34561206 1
8001 5329 34561216 1
7971 5249 34561226 1
7902 5123 34561236 1
7794 4962 34561246 1
7659 4779 34561256 1
7530 4598 34561266 1
7430 4460 34561276 1
7349 4351 34561286 1
7311 4285 34561296 1
7306 4251 34561306 1
7322 4238 34561316 1
7359 4248 34561326 1
7430 4300 34561336 1
7524 4381 34561346 1
7641 4455 34561356 1
7730 4483 34561366 1
7800 4483 34561376 1
7814 4439 34561386 1
7771 4351 34561396 1
7690 4233 34561406 1
7575 4113 34561416 1
7459 4006 34561426 1
7342 3908 34561436 1
7272 3838 34561446 1
7249 3796 34561456 1
7257 3773 34561466 1
7305 3766 34561476 1
7394 3797 34561486 1
7511 3853 34561496 1
7640 3896 34561506 1
7733 3903 34561516 1
7802 3885 34561526 1
7790 3817 34561536 1
7724 3711 34561546 1
7621 3581 34561556 1
7503 3447 34561566 1
7387 3313 34561576 1
7271 3198 34561586 1
7202 3096 34561596 1
7238 3072 34561606 1
7345 3106 34561616 1
7550 3178 34561626 1
7877 3323 34561636 1
