178
2474 4207 33061372 0
2338 4081 33061382 1
2344 4081 33061392 1
2344 4096 33061402 1
2339 4133 33061412 1
2503 4304 33061422 1
2753 4557 33061432 1
3061 4885 33061442 1
3406 5210 33061452 1
3687 5534 33061462 1
3924 5759 33061472 1
4090 5981 33061482 1
4218 6161 33061492 1
4321 6315 33061502 1
4392 6473 33061512 1
4442 6622 33061522 1
4477 6745 33061532 1
4366 6987 33061573 0
4166 6930 33061583 1
4051 6874 33061593 1
3959 6798 33061603 1
3870 6710 33061613 1
3800 6581 33061623 1
3742 6365 33061633 1
3682 6091 33061643 1
3614 5719 33061653 1
3540 5301 33061663 1
3459 4852 33061673 1
3375 4405 33061683 1
3289 3970 33061693 1
3212 3543 33061703 1
3161 3262 33061713 1
3127 3100 33061723 1
3139 3017 33061733 1
3363 4203 33061793 0
3501 4644 33061803 1
3574 4721 33061813 1
3667 4743 33061823 1
3770 4714 33061833 1
3874 4611 33061843 1
3980 4460 33061853 1
4091 4253 33061863 1
4204 4073 33061873 1
4316 3910 33061883 1
4421 3804 33061893 1
4521 3746 33061903 1
4610 3720 33061913 1
4678 3773 33061923 1
4755 4292 33061963 0
4860 4515 33061973 1
4947 4621 33061983 1
5089 4738 33061993 1
5287 4915 33062003 1
5521 5095 33062013 1
5767 5278 33062023 1
5990 5455 33062033 1
6170 5601 33062043 1
6329 5727 33062053 1
6457 5862 33062063 1
6554 5996 33062073 1
6700 6687 33062133 0
6598 6675 33062143 1
6521 6578 33062153 1
6431 6367 33062163 1
6333 6082 33062173 1
6227 5749 33062183 1
6121 5432 33062193 1
6038 5109 33062203 1
5969 4783 33062213 1
5943 4586 33062223 1
5943 4457 33062233 1
5955 4373 33062243 1
5985 4373 33062253 1
6040 4470 33062263 1
6111 4630 33062273 1
6194 4841 33062283 1
6284 4984 33062293 1
6379 5081 33062303 1
6428 5056 33062313 1
6447 4946 33062323 1
6447 4779 33062333 1
6424 4619 33062343 1
6405 4487 33062353 1
6388 4375 33062363 1
6407 4330 33062373 1
6444 4349 33062383 1
6493 4411 33062393 1
6556 4527 33062403 1
6621 4640 33062413 1
6691 4752 33062423 1
6758 4784 33062433 1
6795 4761 33062443 1
6815 4701 33062453 1
6815 4634 33062463 1
7370 5973 33062554 0
7450 6208 33062564 1
7424 6208 33062574 1
7381 6183 33062584 1
7326 6114 33062594 1
7235 6018 33062604 1
7126 5877 33062614 1
7005 5733 33062624 1
6908 5588 33062634 1
6860 5501 33062644 1
6845 5447 33062654 1
6860 5414 33062664 1
6897 5357 33062674 1
6949 5235 33062684 1
7025 5071 33062694 1
7103 4785 33062704 1
7185 4451 33062714 1
7222 4084 33062724 1
7228 3813 33062734 1
7249 3654 33062744 1
7276 3569 33062754 1
7311 3585 33062764 1
7341 3726 33062774 1
7368 3950 33062784 1
7761 7104 33062885 0
7829 7180 33062895 1
7829 7136 33062905 1
7823 7029 33062915 1
7809 6879 33062925 1
7791 6664 33062935 1
7784 6361 33062945 1
7800 6000 33062955 1
7832 5549 33062965 1
7897 5069 33062975 1
7954 4569 33062985 1
8006 4213 33062995 1
8050 3924 33063005 1
8091 3681 33063015 1
8129 3572 33063025 1
8153 3527 33063035 1
8153 3527 33063045 1
8127 3579 33063055 1
7904 4129 33063095 0
7667 4588 33063105 1
7578 4770 33063115 1
7490 4886 33063125 1
7433 4958 33063135 1
7396 5025 33063145 1
7396 5080 33063155 1
7435 5127 33063165 1
7505 5205 33063175 1
7622 5290 33063185 1
7759 5380 33063195 1
7910 5441 33063205 1
8031 5475 33063215 1
8135 5491 33063225 1
8227 5470 33063235 1
8267 5407 33063245 1
8253 5317 33063255 1
8204 5184 33063265 1
8119 5032 33063275 1
8027 4867 33063285 1
7929 4701 33063295 1
7834 4582 33063305 1
7780 4495 33063315 1
7754 4445 33063325 1
7772 4435 33063335 1
7849 4452 33063345 1
7964 4518 33063355 1
8087 4581 33063365 1
8212 4642 33063375 1
8339 4671 33063385 1
8423 4658 33063395 1
8477 4618 33063405 1
8450 4490 33063415 1
8353 4286 33063425 1
8208 4032 33063435 1
8068 3793 33063445 1
8005 3644 33063455 1
7992 3555 33063465 1
8079 3576 33063475 1
8257 3730 33063485 1
8495 3973 33063495 1
8735 4223 33063505 1
