252
1742 4345 70728231 0
1708 4296 70728241 1
1694 4296 70728251 1
1694 4296 70728261 1
1704 4296 70728271 1
1753 4307 70728281 1
1828 4352 70728291 1
1953 4420 70728301 1
2115 4503 70728311 1
2302 4592 70728321 1
2472 4686 70728331 1
2643 4780 70728341 1
2790 4882 70728351 1
2921 4989 70728361 1
3034 5081 70728371 1
2727 5614 70728482 0
2712 5587 70728492 1
2672 5562 70728502 1
2651 5526 70728512 1
2642 5398 70728522 1
2627 5209 70728532 1
2594 4952 70728542 1
2548 4645 70728552 1
2491 4305 70728562 1
2420 3969 70728572 1
2340 3653 70728582 1
2263 3350 70728592 1
2187 3094 70728602 1
2116 2914 70728612 1
2055 2785 70728622 1
2021 2732 70728632 1
2299 4182 70728712 0
2448 4322 70728722 1
2539 4311 70728732 1
2641 4246 70728742 1
2749 4143 70728752 1
2842 4014 70728762 1
2939 3864 70728772 1
3045 3705 70728782 1
3170 3540 70728792 1
3307 3380 70728802 1
3420 3227 70728812 1
3538 3078 70728822 1
3644 2963 70728832 1
3740 2869 70728842 1
3809 2789 70728852 1
4596 5032 70729042 0
4597 4918 70729052 1
4532 4895 70729062 1
4511 4895 70729072 1
4518 4895 70729082 1
4541 4895 70729092 1
4600 4909 70729102 1
4683 4929 70729112 1
4805 5011 70729122 1
4928 5095 70729132 1
5051 5181 70729142 1
5192 5273 70729152 1
5315 5363 70729162 1
5427 5449 70729172 1
5324 5886 70729273 0
5309 5854 70729283 1
5292 5878 70729293 1
5265 5846 70729303 1
5255 5777 70729313 1
5241 5639 70729323 1
5196 5414 70729333 1
5131 5131 70729343 1
5060 4828 70729353 1
4988 4539 70729363 1
4915 4259 70729373 1
4852 4015 70729383 1
4794 3821 70729393 1
4744 3660 70729403 1
4724 3586 70729413 1
4724 3567 70729423 1
4747 3586 70729433 1
4810 3662 70729443 1
4898 3821 70729453 1
5029 4035 70729463 1
5164 4209 70729473 1
5284 4334 70729483 1
5393 4427 70729493 1
5452 4436 70729503 1
5482 4383 70729513 1
5493 4288 70729523 1
5477 4139 70729533 1
5443 3986 70729543 1
5396 3833 70729553 1
5347 3683 70729563 1
5300 3573 70729573 1
5271 3487 70729583 1
5253 3416 70729593 1
5258 3378 70729603 1
5267 3364 70729613 1
5297 3364 70729623 1
5340 3404 70729633 1
5409 3496 70729643 1
5495 3626 70729653 1
5591 3793 70729663 1
5680 3907 70729673 1
5752 3985 70729683 1
5813 3994 70729693 1
5858 3973 70729703 1
5898 3931 70729713 1
5934 3872 70729723 1
5966 3813 70729733 1
5998 3757 70729743 1
6030 3719 70729753 1
6063 3692 70729763 1
6090 3678 70729773 1
6112 3673 70729783 1
6682 6114 70729964 0
6747 6344 70729974 1
6735 6344 70729984 1
6703 6292 70729994 1
6640 6155 70730004 1
6559 5948 70730014 1
6465 5695 70730024 1
6356 5443 70730034 1
6248 5184 70730044 1
6164 4981 70730054 1
6096 4819 70730064 1
6061 4703 70730074 1
6053 4631 70730084 1
6063 4588 70730094 1
6090 4588 70730104 1
6148 4648 70730114 1
6227 4747 70730124 1
6313 4918 70730134 1
6396 5087 70730144 1
6463 5183 70730154 1
6520 5232 70730164 1
6562 5200 70730174 1
6602 5091 70730184 1
6640 4932 70730194 1
6676 4704 70730204 1
6707 4477 70730214 1
6735 4250 70730224 1
6749 4014 70730234 1
6775 3774 70730244 1
6808 3548 70730254 1
6831 3333 70730264 1
6850 3159 70730274 1
6867 3023 70730284 1
6889 2912 70730294 1
6911 2853 70730304 1
7024 5758 70730444 0
7004 5829 70730454 1
6980 5839 70730464 1
6962 5849 70730474 1
6962 5849 70730484 1
6962 5842 70730494 1
6989 5842 70730504 1
7035 5848 70730514 1
7096 5868 70730524 1
7186 5922 70730534 1
7293 5977 70730544 1
7412 6026 70730554 1
7496 6060 70730564 1
7553 6039 70730574 1
7591 5989 70730584 1
7591 5878 70730594 1
7548 5751 70730604 1
7485 5613 70730614 1
7425 5497 70730624 1
7371 5398 70730634 1
7321 5311 70730644 1
7298 5272 70730654 1
7298 5258 70730664 1
7322 5258 70730674 1
7367 5271 70730684 1
7433 5289 70730694 1
7512 5313 70730704 1
7585 5313 70730714 1
7646 5289 70730724 1
7698 5245 70730734 1
7732 5172 70730744 1
7746 5083 70730754 1
7746 4984 70730764 1
7739 4886 70730774 1
7730 4798 70730784 1
7720 4718 70730794 1
7727 4654 70730804 1
7739 4583 70730814 1
7774 4507 70730824 1
7823 4376 70730834 1
7878 4181 70730844 1
7931 3944 70730854 1
7968 3685 70730864 1
7996 3467 70730874 1
8018 3277 70730884 1
8043 3111 70730894 1
8074 2983 70730904 1
8110 2881 70730914 1
8155 2759 70730924 1
8207 2683 70730934 1
8237 2639 70730944 1
8251 2598 70730954 1
8251 2576 70730964 1
8245 2568 70730974 1
8218 2577 70730984 1
8178 2635 70730994 1
7566 4108 70731075 0
7512 4183 70731085 1
7487 4233 70731095 1
7476 4239 70731105 1
7476 4244 70731115 1
7484 4264 70731125 1
7516 4295 70731135 1
7563 4351 70731145 1
7635 4413 70731155 1
7713 4479 70731165 1
7790 4516 70731175 1
7864 4524 70731185 1
7916 4514 70731195 1
7947 4475 70731205 1
7964 4381 70731215 1
7953 4250 70731225 1
7919 4112 70731235 1
7869 3977 70731245 1
7816 3856 70731255 1
7766 3745 70731265 1
7734 3671 70731275 1
7712 3632 70731285 1
7712 3617 70731295 1
7743 3617 70731305 1
7791 3636 70731315 1
7875 3671 70731325 1
7963 3737 70731335 1
8057 3809 70731345 1
8153 3886 70731355 1
8226 3922 70731365 1
8285 3910 70731375 1
8313 3866 70731385 1
8303 3754 70731395 1
8268 3612 70731405 1
8207 3449 70731415 1
8131 3266 70731426 1
8045 3084 70731436 1
7959 2909 70731446 1
7873 2770 70731456 1
7819 2650 70731466 1
7786 2597 70731476 1
7798 2584 70731486 1
7860 2599 70731496 1
7954 2640 70731506 1
8073 2714 70731516 1
8224 2809 70731526 1
8397 2926 70731536 1
8583 3048 70731546 1
8787 3174 70731556 1
