255
1787 3892 70683917 0
1813 3893 70683927 1
1855 3951 70683937 1
1951 4010 70683947 1
2083 4072 70683957 1
2243 4146 70683967 1
2403 4226 70683977 1
2564 4314 70683987 1
2741 4415 70683997 1
2904 4524 70684007 1
3066 4626 70684017 1
3233 4726 70684027 1
3348 4830 70684037 1
3102 5459 70684108 0
2960 5469 70684118 1
2910 5442 70684128 1
2859 5414 70684138 1
2832 5310 70684148 1
2805 5155 70684158 1
2778 4938 70684168 1
2743 4671 70684178 1
2703 4371 70684188 1
2642 4041 70684198 1
2574 3720 70684208 1
2502 3405 70684218 1
2443 3122 70684228 1
2389 2903 70684238 1
2347 2727 70684248 1
2316 2610 70684258 1
2293 2561 70684268 1
2416 3774 70684348 0
2630 4060 70684358 1
2685 4105 70684368 1
2743 4095 70684378 1
2819 4023 70684388 1
2906 3911 70684398 1
2989 3750 70684408 1
3087 3587 70684418 1
3195 3419 70684428 1
3299 3243 70684438 1
3403 3062 70684448 1
3505 2921 70684458 1
3605 2810 70684468 1
3704 2719 70684478 1
3793 2660 70684488 1
3873 2633 70684498 1
5155 4773 70684689 0
5063 4726 70684699 1
5034 4726 70684709 1
5025 4739 70684719 1
5025 4739 70684729 1
5048 4762 70684739 1
5109 4796 70684749 1
5196 4852 70684759 1
5311 4905 70684769 1
5446 4991 70684779 1
5595 5101 70684789 1
5765 5208 70684799 1
5913 5315 70684809 1
6046 5419 70684819 1
6160 5521 70684829 1
5957 5984 70684939 0
5940 6016 70684949 1
5919 5980 70684959 1
5878 5972 70684969 1
5861 5881 70684979 1
5845 5734 70684989 1
5805 5541 70684999 1
5748 5291 70685009 1
5679 5003 70685019 1
5600 4682 70685029 1
5514 4383 70685039 1
5429 4098 70685049 1
5346 3813 70685059 1
5271 3585 70685069 1
5220 3396 70685079 1
5184 3257 70685089 1
5178 3186 70685099 1
5193 3161 70685109 1
5222 3161 70685119 1
5278 3221 70685129 1
5367 3316 70685139 1
5478 3461 70685149 1
5605 3602 70685159 1
5732 3737 70685169 1
5839 3867 70685179 1
5932 3936 70685189 1
5982 3964 70685199 1
6008 3953 70685209 1
6018 3885 70685219 1
5995 3778 70685229 1
5953 3620 70685239 1
5898 3460 70685249 1
5837 3299 70685259 1
5779 3140 70685269 1
5723 3028 70685279 1
5702 2948 70685289 1
5702 2921 70685299 1
5720 2921 70685299 1
5765 2949 70685309 1
5827 3022 70685319 1
5900 3155 70685329 1
5988 3329 70685339 1
6078 3503 70685349 1
6169 3632 70685359 1
6252 3732 70685369 1
6329 3788 70685379 1
6380 3797 70685389 1
6423 3775 70685399 1
6461 3718 70685409 1
6490 3664 70685419 1
6516 3612 70685429 1
6541 3570 70685439 1
6572 3529 70685449 1
6605 3490 70685459 1
6639 3458 70685469 1
6672 3433 70685479 1
6705 3413 70685489 1
6736 3402 70685499 1
7212 6082 70685720 0
7190 6116 70685730 1
7172 6105 70685740 1
7153 6068 70685750 1
7116 5943 70685760 1
7068 5768 70685770 1
7000 5560 70685780 1
6913 5312 70685790 1
6813 5063 70685800 1
6710 4812 70685810 1
6616 4606 70685820 1
6557 4431 70685830 1
6517 4278 70685840 1
6517 4175 70685850 1
6529 4106 70685860 1
6557 4077 70685870 1
6808 4492 70685920 0
6949 4815 70685930 1
6993 4882 70685940 1
7022 4898 70685950 1
7048 4860 70685960 1
7073 4760 70685970 1
7096 4620 70685980 1
7112 4433 70685990 1
7122 4197 70686000 1
7122 3928 70686010 1
7129 3643 70686020 1
7139 3371 70686030 1
7151 3109 70686040 1
7177 2816 70686050 1
7193 2571 70686060 1
7203 2358 70686070 1
7229 2159 70686080 1
7251 2014 70686090 1
7270 1906 70686100 1
7280 1841 70686110 1
7422 5497 70686271 0
7422 5539 70686281 1
7422 5551 70686291 1
7417 5551 70686301 1
7417 5557 70686311 1
7428 5557 70686321 1
7461 5580 70686331 1
7508 5612 70686341 1
7579 5663 70686351 1
7676 5723 70686361 1
7789 5789 70686371 1
7902 5839 70686381 1
7976 5847 70686391 1
8024 5826 70686401 1
8054 5765 70686411 1
8046 5660 70686421 1
8013 5525 70686431 1
7956 5362 70686441 1
7880 5197 70686451 1
7790 5049 70686461 1
7712 4914 70686471 1
7661 4799 70686481 1
7627 4731 70686491 1
7627 4694 70686501 1
7658 4694 70686511 1
7703 4712 70686521 1
7779 4748 70686531 1
7870 4812 70686541 1
7970 4851 70686551 1
8053 4874 70686561 1
8126 4839 70686571 1
8191 4753 70686581 1
8247 4633 70686591 1
8292 4476 70686601 1
8329 4283 70686611 1
8361 4067 70686621 1
8387 3811 70686631 1
8409 3526 70686641 1
8440 3221 70686651 1
8473 2841 70686661 1
8508 2499 70686671 1
8531 2182 70686681 1
8550 1883 70686691 1
8562 1654 70686701 1
8572 1472 70686711 1
8579 1341 70686721 1
8579 1246 70686731 1
8564 1176 70686741 1
8547 1151 70686751 1
8522 1165 70686761 1
8481 1205 70686771 1
7687 4017 70686902 0
7602 4028 70686912 1
7553 4013 70686922 1
7509 4049 70686932 1
7509 4087 70686942 1
7531 4127 70686952 1
7588 4200 70686962 1
7688 4283 70686972 1
7817 4373 70686982 1
7966 4456 70686992 1
8103 4537 70687002 1
8233 4593 70687012 1
8355 4632 70687022 1
8436 4632 70687032 1
8490 4589 70687042 1
8505 4514 70687052 1
8474 4365 70687062 1
8412 4172 70687072 1
8309 3949 70687082 1
8200 3711 70687092 1
8086 3528 70687102 1
7991 3382 70687112 1
7931 3266 70687122 1
7894 3218 70687132 1
7894 3218 70687142 1
7934 3235 70687142 1
8000 3302 70687152 1
8110 3400 70687162 1
8245 3499 70687172 1
8396 3572 70687182 1
8526 3629 70687192 1
8614 3629 70687202 1
8674 3575 70687212 1
8692 3491 70687222 1
8664 3343 70687232 1
8604 3163 70687242 1
8520 2961 70687252 1
8417 2761 70687262 1
8302 2569 70687272 1
8198 2410 70687282 1
8123 2270 70687292 1
8066 2149 70687302 1
8048 2078 70687312 1
8072 2040 70687322 1
8125 2040 70687332 1
8239 2102 70687342 1
8410 2205 70687352 1
8618 2374 70687362 1
8880 2570 70687372 1
