278
1809 3825 70740349 0
1701 3768 70740359 1
1681 3798 70740369 1
1681 3804 70740379 1
1727 3815 70740389 1
1825 3853 70740399 1
1959 3907 70740409 1
2148 3986 70740419 1
2337 4083 70740429 1
2523 4193 70740439 1
2686 4293 70740449 1
2835 4401 70740459 1
2953 4514 70740469 1
3059 4618 70740479 1
3156 4723 70740489 1
3217 4828 70740499 1
3241 4934 70740509 1
3241 5035 70740519 1
3202 5134 70740529 1
3140 5232 70740539 1
3060 5328 70740549 1
3001 5418 70740559 1
2961 5431 70740569 1
2933 5393 70740579 1
2893 5286 70740589 1
2850 5106 70740599 1
2804 4877 70740609 1
2759 4607 70740619 1
2703 4304 70740629 1
2639 3979 70740639 1
2569 3641 70740649 1
2505 3352 70740659 1
2446 3096 70740669 1
2401 2893 70740679 1
2373 2744 70740689 1
2357 2632 70740699 1
2352 2603 70740709 1
2352 2620 70740719 1
2352 2669 70740729 1
2380 2831 70740739 1
2424 3042 70740749 1
2479 3287 70740759 1
2536 3549 70740769 1
2595 3784 70740779 1
2653 4001 70740789 1
2704 4098 70740799 1
2749 4120 70740809 1
2800 4092 70740819 1
2855 4008 70740829 1
2920 3865 70740839 1
3012 3684 70740849 1
3121 3498 70740859 1
3249 3303 70740869 1
3381 3115 70740879 1
3523 2934 70740889 1
3670 2763 70740899 1
3795 2644 70740909 1
3890 2561 70740919 1
3965 2497 70740929 1
4028 2458 70740939 1
4075 2435 70740949 1
4817 4699 70741150 0
4801 4554 70741160 1
4756 4548 70741170 1
4739 4581 70741180 1
4739 4581 70741190 1
4772 4586 70741200 1
4822 4601 70741210 1
4884 4647 70741220 1
4982 4720 70741230 1
5104 4812 70741240 1
5243 4903 70741250 1
5368 4988 70741260 1
5470 5055 70741270 1
5556 5112 70741280 1
5616 5154 70741290 1
5396 5577 70741390 0
5396 5577 70741400 1
5353 5600 70741410 1
5339 5517 70741420 1
5315 5380 70741430 1
5285 5171 70741440 1
5243 4920 70741450 1
5191 4641 70741460 1
5133 4373 70741470 1
5077 4100 70741480 1
5025 3862 70741490 1
4980 3649 70741500 1
4941 3517 70741510 1
4921 3434 70741520 1
4914 3384 70741530 1
4921 3384 70741540 1
4958 3418 70741550 1
5014 3482 70741560 1
5118 3612 70741570 1
5254 3781 70741580 1
5411 3977 70741590 1
5534 4114 70741600 1
5618 4194 70741610 1
5677 4237 70741620 1
5703 4224 70741630 1
5711 4154 70741640 1
5706 4046 70741650 1
5673 3883 70741660 1
5631 3727 70741670 1
5582 3576 70741680 1
5542 3468 70741690 1
5509 3390 70741700 1
5497 3331 70741710 1
5497 3311 70741720 1
5511 3318 70741730 1
5548 3343 70741740 1
5599 3430 70741750 1
5674 3558 70741760 1
5760 3713 70741770 1
5854 3869 70741780 1
5913 3944 70741790 1
5959 3964 70741800 1
5996 3954 70741810 1
6037 3917 70741820 1
6076 3863 70741830 1
6112 3800 70741840 1
6146 3741 70741850 1
6173 3699 70741860 1
6194 3668 70741870 1
6211 3652 70741880 1
6227 3644 70741891 1
6227 3644 70741901 1
6253 3644 70741911 1
6608 6047 70742071 0
6721 6167 70742081 1
6727 6260 70742091 1
6706 6236 70742101 1
6676 6135 70742111 1
6616 5971 70742121 1
6537 5766 70742131 1
6446 5535 70742141 1
6349 5291 70742151 1
6248 5075 70742161 1
6168 4879 70742171 1
6115 4716 70742181 1
6080 4615 70742191 1
6071 4556 70742201 1
6085 4538 70742211 1
6113 4556 70742221 1
6160 4599 70742231 1
6237 4710 70742241 1
6334 4841 70742251 1
6427 4986 70742261 1
6504 5024 70742271 1
6569 4969 70742281 1
6623 4851 70742291 1
6662 4650 70742301 1
6690 4418 70742311 1
6709 4166 70742321 1
6729 3929 70742331 1
6755 3715 70742341 1
6789 3517 70742342 1
6808 3374 70742352 1
6816 3270 70742362 1
6824 3192 70742372 1
6831 3138 70742382 1
6838 3128 70742392 1
6796 5316 70742502 0
6848 5588 70742512 1
6853 5664 70742522 1
6844 5735 70742532 1
6858 5782 70742542 1
6888 5814 70742552 1
6928 5861 70742562 1
6987 5908 70742572 1
7058 5952 70742582 1
7138 5996 70742592 1
7206 6018 70742602 1
7258 6027 70742612 1
7298 6009 70742622 1
7320 5956 70742632 1
7303 5880 70742642 1
7260 5762 70742652 1
7191 5650 70742662 1
7119 5542 70742672 1
7046 5449 70742682 1
6993 5384 70742692 1
6969 5337 70742702 1
6969 5328 70742712 1
6987 5328 70742722 1
7034 5338 70742732 1
7097 5367 70742742 1
7184 5409 70742752 1
7277 5459 70742762 1
7373 5488 70742772 1
7441 5513 70742782 1
7490 5505 70742792 1
7525 5476 70742802 1
7547 5413 70742812 1
7547 5320 70742822 1
7531 5208 70742832 1
7511 5109 70742842 1
7493 5015 70742852 1
7482 4925 70742862 1
7491 4831 70742872 1
7512 4735 70742882 1
7560 4610 70742892 1
7611 4467 70742902 1
7665 4249 70742912 1
7716 4001 70742922 1
7760 3733 70742932 1
7800 3501 70742942 1
7850 3242 70742952 1
7911 2966 70742962 1
7978 2684 70742972 1
8037 2436 70742982 1
8108 2210 70742992 1
8168 1958 70743002 1
8216 1758 70743012 1
8254 1592 70743022 1
8275 1464 70743032 1
8284 1388 70743042 1
8278 1348 70743052 1
8250 1370 70743062 1
7381 4457 70743213 0
7292 4415 70743223 1
7213 4398 70743233 1
7168 4391 70743243 1
7148 4383 70743253 1
7148 4390 70743263 1
7148 4407 70743273 1
7183 4433 70743283 1
7246 4484 70743293 1
7360 4552 70743303 1
7479 4622 70743313 1
7606 4687 70743323 1
7728 4743 70743333 1
7831 4773 70743343 1
7923 4787 70743353 1
7964 4749 70743363 1
7964 4666 70743373 1
7931 4552 70743383 1
7848 4391 70743393 1
7747 4216 70743403 1
7633 4032 70743413 1
7529 3878 70743423 1
7463 3776 70743433 1
7423 3708 70743443 1
7415 3693 70743453 1
7432 3693 70743463 1
7466 3707 70743473 1
7534 3755 70743483 1
7641 3841 70743493 1
7775 3952 70743503 1
7916 4040 70743513 1
8015 4092 70743523 1
8086 4120 70743533 1
8133 4089 70743543 1
8144 3999 70743553 1
8130 3871 70743563 1
8077 3689 70743573 1
8011 3523 70743583 1
7936 3369 70743593 1
7847 3199 70743603 1
7779 3060 70743613 1
7725 2942 70743623 1
7697 2857 70743633 1
7709 2821 70743643 1
7748 2821 70743653 1
7816 2847 70743663 1
7922 2916 70743673 1
8052 3012 70743683 1
8180 3079 70743693 1
8306 3103 70743703 1
8401 3103 70743713 1
8475 3045 70743723 1
8516 2966 70743733 1
8544 2871 70743743 1
8563 2800 70743753 1
8596 2772 70743763 1
8679 2772 70743773 1
8796 2882 70743783 1
