182
3657 4675 33064227 0
3557 4580 33064237 1
3524 4568 33064247 1
3531 4568 33064257 1
3565 4586 33064267 1
3674 4672 33064277 1
3864 4867 33064287 1
4109 5136 33064297 1
4431 5501 33064307 1
4755 5807 33064317 1
5011 6074 33064327 1
5219 6282 33064337 1
5349 6423 33064347 1
5424 6520 33064357 1
5462 6579 33064367 1
4981 6686 33064477 0
4952 6636 33064487 1
4936 6609 33064497 1
4926 6558 33064507 1
4911 6430 33064517 1
4879 6235 33064527 1
4838 5996 33064537 1
4776 5690 33064547 1
4690 5340 33064557 1
4589 4961 33064567 1
4506 4574 33064577 1
4451 4258 33064587 1
4415 3989 33064597 1
4401 3792 33064607 1
4410 3686 33064617 1
4434 3641 33064627 1
4477 3647 33064637 1
4732 4866 33064707 0
4871 5159 33064717 1
4944 5254 33064727 1
5026 5266 33064737 1
5132 5222 33064747 1
5263 5146 33064757 1
5410 5034 33064767 1
5564 4899 33064777 1
5733 4730 33064787 1
5912 4603 33064797 1
6041 4503 33064807 1
6165 4453 33064817 1
6286 4443 33064827 1
6372 4461 33064837 1
6419 5229 33064897 0
6396 5427 33064907 1
6396 5493 33064917 1
6446 5543 33064927 1
6529 5650 33064937 1
6680 5802 33064947 1
6863 5983 33064957 1
7067 6161 33064967 1
7261 6321 33064977 1
7409 6468 33064987 1
7527 6582 33064997 1
7593 6682 33065007 1
7632 6773 33065017 1
7653 6886 33065027 1
7648 6991 33065037 1
7612 7090 33065047 1
7556 7127 33065057 1
7490 7115 33065067 1
7400 7070 33065077 1
7293 6870 33065087 1
7148 6559 33065097 1
7005 6173 33065107 1
6882 5759 33065117 1
6771 5437 33065127 1
6713 5177 33065137 1
6696 4966 33065147 1
6707 4825 33065157 1
6737 4730 33065167 1
6788 4724 33065177 1
6854 4816 33065187 1
6930 4973 33065197 1
7007 5142 33065207 1
7089 5288 33065217 1
7173 5420 33065227 1
7230 5391 33065237 1
7257 5282 33065247 1
7263 5120 33065257 1
7253 4955 33065267 1
7242 4817 33065277 1
7229 4696 33065287 1
7245 4648 33065297 1
7266 4643 33065307 1
7311 4666 33065317 1
7371 4772 33065327 1
7444 4939 33065337 1
7520 5148 33065347 1
7603 5365 33065357 1
7711 5560 33065367 1
7833 5741 33065377 1
7980 5945 33065387 1
8127 6168 33065397 1
8482 6646 33065418 0
8707 6919 33065428 1
8732 6911 33065438 1
8684 6805 33065448 1
8561 6634 33065458 1
8389 6395 33065468 1
8182 6154 33065478 1
8019 5911 33065488 1
7884 5733 33065498 1
7793 5621 33065508 1
7751 5552 33065518 1
7741 5520 33065528 1
7757 5539 33065538 1
7818 5592 33065548 1
7910 5665 33065558 1
8007 5665 33065568 1
8102 5612 33065578 1
8196 5443 33065588 1
8270 5189 33065598 1
8322 4879 33065608 1
8360 4616 33065618 1
8386 4416 33065628 1
8410 4257 33065638 1
8432 4235 33065648 1
8461 4350 33065658 1
8755 7119 33065749 0
8910 7328 33065759 1
8910 7371 33065769 1
8926 7361 33065779 1
8958 7316 33065789 1
8986 7242 33065799 1
9009 7097 33065809 1
9028 6905 33065819 1
9044 6629 33065829 1
9062 6276 33065839 1
9088 5872 33065849 1
9122 5465 33065859 1
9151 5056 33065869 1
9174 4719 33065879 1
9183 4431 33065889 1
9189 4241 33065899 1
9189 4128 33065909 1
9179 4067 33065919 1
9144 4095 33065929 1
9093 4193 33065939 1
9024 4338 33065949 1
8928 4506 33065959 1
8813 4704 33065969 1
8723 4922 33065979 1
8680 5133 33065989 1
8667 5308 33065999 1
8698 5460 33066009 1
8761 5578 33066019 1
8846 5690 33066029 1
8960 5789 33066039 1
9065 5858 33066049 1
9164 5907 33066059 1
9262 5907 33066069 1
9343 5853 33066079 1
9412 5766 33066089 1
9422 5639 33066099 1
9371 5477 33066109 1
9279 5293 33066119 1
9168 5107 33066129 1
9057 4945 33066139 1
8958 4799 33066149 1
8868 4695 33066159 1
8829 4651 33066169 1
8834 4646 33066179 1
8867 4672 33066189 1
8964 4745 33066199 1
9067 4849 33066209 1
9180 4924 33066219 1
9281 4950 33066229 1
9373 4944 33066239 1
9414 4877 33066249 1
9382 4734 33066259 1
9302 4540 33066269 1
9191 4303 33066279 1
9119 4104 33066289 1
9073 3931 33066299 1
9135 3888 33066309 1
9326 3974 33066319 1
9603 4145 33066329 1
9927 4416 33066339 1
