215
2408 5313 33070936 0
2331 5153 33070946 1
2302 5164 33070956 1
2250 5174 33070966 1
2315 5242 33070976 1
2428 5350 33070986 1
2573 5514 33070996 1
2763 5705 33071006 1
2961 5914 33071016 1
3164 6128 33071026 1
3347 6303 33071036 1
3483 6451 33071046 1
3588 6554 33071056 1
3658 6624 33071066 1
3028 6777 33071166 0
2855 6602 33071176 1
2794 6550 33071186 1
2759 6416 33071196 1
2740 6211 33071206 1
2725 5959 33071216 1
2706 5642 33071226 1
2661 5280 33071236 1
2598 4887 33071246 1
2529 4501 33071256 1
2462 4138 33071266 1
2399 3790 33071276 1
2361 3559 33071286 1
2338 3419 33071296 1
2338 3341 33071306 1
2333 3315 33071316 1
2333 3345 33071326 1
2340 3412 33071336 1
2349 3564 33071346 1
2367 3770 33071356 1
2404 4012 33071366 1
2454 4239 33071376 1
2529 4416 33071386 1
2625 4561 33071396 1
2736 4630 33071406 1
2834 4630 33071416 1
2956 4589 33071426 1
3095 4486 33071436 1
3244 4335 33071446 1
3388 4153 33071456 1
3527 3989 33071466 1
3669 3862 33071476 1
3807 3760 33071486 1
3921 3714 33071496 1
4021 3732 33071506 1
4061 4659 33071577 0
4133 4888 33071587 1
4227 5012 33071597 1
4367 5128 33071607 1
4537 5266 33071617 1
4769 5419 33071627 1
4993 5576 33071637 1
5211 5725 33071647 1
5420 5869 33071657 1
5599 6020 33071667 1
5758 6165 33071677 1
5879 6301 33071687 1
5958 6455 33071697 1
6007 7219 33071757 0
5888 7254 33071767 1
5827 7211 33071777 1
5722 7063 33071787 1
5587 6846 33071797 1
5456 6557 33071807 1
5293 6135 33071817 1
5108 5625 33071827 1
4945 5151 33071837 1
4844 4753 33071847 1
4785 4406 33071857 1
4767 4147 33071867 1
4773 3991 33071877 1
4794 3904 33071887 1
4824 3911 33071897 1
4878 4038 33071907 1
4949 4246 33071917 1
5027 4528 33071927 1
5109 4761 33071937 1
5196 4962 33071947 1
5276 5003 33071957 1
5341 4965 33071967 1
5398 4874 33071977 1
5433 4703 33071987 1
5452 4538 33071997 1
5459 4376 33072007 1
5468 4208 33072017 1
5485 4098 33072027 1
5517 4027 33072037 1
5553 4027 33072048 1
5614 4107 33072058 1
5690 4244 33072068 1
5786 4439 33072078 1
5883 4559 33072088 1
5950 4630 33072098 1
5998 4618 33072108 1
6022 4569 33072118 1
6034 4496 33072128 1
6034 4440 33072138 1
6057 4440 33072148 1
6119 4474 33072158 1
6703 5820 33072208 0
6880 6370 33072218 1
6902 6516 33072228 1
6878 6516 33072238 1
6838 6467 33072248 1
6764 6382 33072258 1
6666 6230 33072268 1
6560 6049 33072278 1
6447 5848 33072288 1
6328 5656 33072298 1
6253 5526 33072308 1
6209 5437 33072318 1
6186 5413 33072328 1
6180 5391 33072338 1
6180 5371 33072348 1
6197 5307 33072358 1
6234 5165 33072368 1
6297 4972 33072378 1
6362 4703 33072388 1
6417 4417 33072398 1
6465 4121 33072408 1
6502 3864 33072418 1
6532 3701 33072428 1
6557 3602 33072438 1
6576 3568 33072448 1
6598 3590 33072458 1
6625 3650 33072468 1
7019 7440 33072579 0
7178 7724 33072589 1
7197 7759 33072599 1
7218 7742 33072609 1
7240 7691 33072619 1
7258 7611 33072629 1
7264 7474 33072639 1
7264 7299 33072649 1
7264 7103 33072659 1
7264 6887 33072669 1
7274 6657 33072679 1
7283 6457 33072689 1
7283 6271 33072699 1
7272 6094 33072709 1
7248 5915 33072719 1
7220 5740 33072729 1
7190 5607 33072739 1
7178 5501 33072749 1
7187 5436 33072759 1
7211 5411 33072769 1
7242 5411 33072779 1
7277 5435 33072789 1
7310 5451 33072799 1
7340 5462 33072809 1
7372 5426 33072819 1
7404 5312 33072829 1
7436 5147 33072839 1
7466 4894 33072849 1
7495 4550 33072859 1
7517 4145 33072869 1
7545 3718 33072879 1
7581 3364 33072889 1
7621 3058 33072899 1
7665 2811 33072909 1
7706 2651 33072919 1
7743 2548 33072929 1
7763 2510 33072939 1
7763 2541 33072949 1
7755 2618 33072959 1
7415 3840 33073009 0
7164 4380 33073019 1
7058 4542 33073029 1
6995 4641 33073039 1
6960 4698 33073049 1
6965 4750 33073059 1
7017 4842 33073069 1
7099 4962 33073079 1
7214 5078 33073089 1
7345 5165 33073099 1
7486 5233 33073109 1
7593 5241 33073119 1
7678 5211 33073129 1
7748 5157 33073139 1
7767 5064 33073149 1
7729 4933 33073159 1
7654 4776 33073169 1
7554 4626 33073179 1
7446 4488 33073189 1
7333 4357 33073199 1
7251 4270 33073209 1
7223 4240 33073219 1
7232 4248 33073229 1
7277 4274 33073239 1
7370 4340 33073249 1
7495 4432 33073259 1
7635 4518 33073269 1
7775 4580 33073279 1
7891 4626 33073289 1
7991 4631 33073299 1
8038 4592 33073309 1
8032 4524 33073319 1
7991 4382 33073329 1
7898 4199 33073339 1
7772 3990 33073349 1
7624 3797 33073359 1
7543 3680 33073369 1
7543 3613 33073379 1
7585 3633 33073389 1
7725 3755 33073399 1
7912 3945 33073409 1
8130 4130 33073419 1
8367 4311 33073429 1
8547 4423 33073439 1
8690 4491 33073449 1
8766 4513 33073459 1
