206
2454 5312 33082593 0
2406 5127 33082603 1
2371 5132 33082613 1
2307 5112 33082623 1
2321 5129 33082633 1
2392 5172 33082643 1
2500 5292 33082653 1
2683 5474 33082663 1
2872 5698 33082673 1
3084 5920 33082683 1
3309 6119 33082693 1
3488 6302 33082703 1
3636 6473 33082713 1
3764 6594 33082723 1
3836 6681 33082733 1
3272 6874 33082863 0
3293 6770 33082873 1
3202 6719 33082883 1
3162 6545 33082893 1
3156 6292 33082903 1
3096 5942 33082913 1
3017 5550 33082923 1
2925 5131 33082933 1
2845 4683 33082943 1
2769 4267 33082953 1
2716 3923 33082963 1
2676 3616 33082973 1
2676 3475 33082983 1
2676 3389 33082993 1
2692 3341 33083003 1
2750 4642 33083084 0
2928 4914 33083094 1
3009 4934 33083104 1
3103 4858 33083114 1
3215 4717 33083124 1
3324 4565 33083134 1
3434 4387 33083144 1
3551 4191 33083154 1
3683 4009 33083164 1
3824 3843 33083174 1
3936 3744 33083184 1
4039 3685 33083194 1
4137 3676 33083204 1
4315 4617 33083274 0
4360 4855 33083284 1
4394 4963 33083294 1
4453 5078 33083304 1
4570 5198 33083314 1
4725 5357 33083324 1
4899 5514 33083334 1
5098 5671 33083344 1
5313 5814 33083354 1
5520 5958 33083364 1
5707 6102 33083374 1
5881 6217 33083384 1
5986 6314 33083394 1
6060 6400 33083404 1
6113 6486 33083414 1
5808 6974 33083494 0
5649 6833 33083504 1
5580 6687 33083514 1
5510 6437 33083524 1
5435 6112 33083534 1
5356 5738 33083544 1
5277 5440 33083554 1
5199 5133 33083564 1
5153 4820 33083574 1
5127 4601 33083584 1
5127 4461 33083594 1
5137 4375 33083604 1
5160 4359 33083614 1
5205 4425 33083624 1
5205 4425 33083644 0
5403 4954 33083654 1
5478 5192 33083664 1
5529 5278 33083674 1
5563 5286 33083684 1
5588 5242 33083694 1
5599 5130 33083704 1
5599 4979 33083714 1
5591 4803 33083724 1
5583 4659 33083734 1
5583 4557 33083744 1
5604 4484 33083754 1
5639 4449 33083764 1
5684 4473 33083774 1
5745 4536 33083784 1
5817 4672 33083794 1
5879 4821 33083804 1
5943 4980 33083814 1
5986 4991 33083824 1
6013 4943 33083834 1
6030 4855 33083844 1
6036 4723 33083854 1
6036 4631 33083864 1
6049 4567 33083874 1
6549 5955 33083945 0
6699 6410 33083955 1
6710 6491 33083965 1
6685 6506 33083975 1
6673 6477 33083985 1
6627 6403 33083995 1
6557 6258 33084005 1
6438 6067 33084015 1
6289 5780 33084025 1
6121 5516 33084035 1
6006 5268 33084045 1
5949 5090 33084055 1
5931 5004 33084065 1
5937 4979 33084075 1
6164 5548 33084125 0
6320 5783 33084135 1
6370 5783 33084145 1
6424 5693 33084155 1
6483 5473 33084165 1
6541 5167 33084175 1
6602 4755 33084185 1
6669 4371 33084195 1
6726 4007 33084205 1
6774 3765 33084215 1
6798 3655 33084225 1
6813 3632 33084235 1
6823 3685 33084245 1
6813 6309 33084325 0
6960 7045 33084335 1
7067 7329 33084345 1
7196 7575 33084355 1
7275 7670 33084365 1
7333 7697 33084375 1
7377 7678 33084385 1
7369 7587 33084395 1
7300 7413 33084405 1
7190 7185 33084415 1
7076 6942 33084425 1
6972 6750 33084435 1
6920 6592 33084445 1
6899 6502 33084455 1
6911 6452 33084465 1
6951 6429 33084475 1
7009 6456 33084485 1
7096 6515 33084495 1
7204 6595 33084505 1
7326 6642 33084515 1
7431 6635 33084525 1
7532 6591 33084535 1
7629 6450 33084545 1
7713 6164 33084555 1
7789 5781 33084565 1
7860 5341 33084575 1
7907 4867 33084585 1
7957 4371 33084595 1
7996 4016 33084605 1
8026 3754 33084615 1
8050 3555 33084625 1
8062 3478 33084635 1
8067 3478 33084645 1
8044 3534 33084655 1
7316 5058 33084726 0
7146 5377 33084736 1
7109 5573 33084746 1
7145 5738 33084756 1
7230 5898 33084766 1
7361 6053 33084776 1
7495 6173 33084786 1
7615 6268 33084796 1
7725 6308 33084806 1
7825 6295 33084816 1
7899 6248 33084826 1
7955 6138 33084836 1
7947 5952 33084846 1
7878 5715 33084856 1
7767 5494 33084866 1
7629 5271 33084876 1
7496 5047 33084886 1
7365 4883 33084896 1
7267 4771 33084906 1
7215 4695 33084916 1
7193 4677 33084926 1
7211 4697 33084936 1
7288 4742 33084946 1
7404 4853 33084956 1
7529 4964 33084966 1
7655 5076 33084976 1
7776 5140 33084986 1
7893 5160 33084996 1
7959 5152 33085006 1
7973 5086 33085016 1
7953 4945 33085026 1
7866 4753 33085036 1
7750 4560 33085046 1
7615 4363 33085056 1
7516 4218 33085066 1
7484 4111 33085076 1
7497 4098 33085086 1
7586 4164 33085096 1
7746 4284 33085106 1
7953 4435 33085116 1
8120 4529 33085126 1
8238 4585 33085136 1
8324 4579 33085146 1
8334 4546 33085156 1
8317 4495 33085166 1
8283 4453 33085176 1
8316 4481 33085186 1
8429 4555 33085196 1
8595 4739 33085206 1
