190
3082 5078 33086138 0
3010 4901 33086148 1
2882 4861 33086158 1
2863 4850 33086168 1
2883 4877 33086178 1
2928 4929 33086188 1
3065 5046 33086198 1
3275 5280 33086208 1
3533 5591 33086218 1
3845 5886 33086228 1
4106 6138 33086238 1
4334 6362 33086248 1
4486 6529 33086258 1
4583 6632 33086268 1
4000 6737 33086398 0
3972 6677 33086408 1
3953 6645 33086418 1
3953 6517 33086428 1
3939 6324 33086438 1
3922 6038 33086448 1
3890 5707 33086458 1
3840 5347 33086468 1
3777 4946 33086478 1
3704 4581 33086488 1
3634 4239 33086498 1
3590 3941 33086508 1
3561 3746 33086518 1
3568 3619 33086528 1
3661 4772 33086619 0
3877 5084 33086629 1
3973 5175 33086639 1
4105 5143 33086649 1
4262 5029 33086659 1
4409 4846 33086669 1
4556 4648 33086679 1
4702 4439 33086689 1
4842 4220 33086699 1
4955 4064 33086709 1
5049 3951 33086719 1
5149 3894 33086729 1
5235 3903 33086739 1
5294 4788 33086809 0
5351 5089 33086819 1
5428 5278 33086829 1
5538 5507 33086839 1
5717 5701 33086849 1
5915 5904 33086859 1
6126 6114 33086869 1
6344 6286 33086879 1
6504 6417 33086889 1
6626 6521 33086899 1
6342 6941 33086989 0
6170 6670 33086999 1
6032 6439 33087009 1
5932 6158 33087019 1
5836 5756 33087029 1
5743 5403 33087039 1
5653 5082 33087049 1
5595 4765 33087059 1
5559 4531 33087069 1
5571 4353 33087079 1
5606 4197 33087089 1
5861 4842 33087149 0
6034 5196 33087159 1
6064 5236 33087169 1
6095 5187 33087179 1
6109 5052 33087189 1
6109 4859 33087199 1
6089 4653 33087209 1
6063 4465 33087219 1
6035 4309 33087229 1
6035 4168 33087239 1
6058 4122 33087249 1
6086 4139 33087259 1
6124 4198 33087269 1
6181 4380 33087279 1
6250 4590 33087289 1
6341 4819 33087299 1
6423 4963 33087309 1
6498 4997 33087319 1
6552 4958 33087329 1
6594 4886 33087339 1
6627 4797 33087349 1
6653 4697 33087359 1
6681 4642 33087369 1
6710 4633 33087380 1
6768 4656 33087390 1
7140 6019 33087460 0
7240 6254 33087470 1
7222 6274 33087480 1
7181 6213 33087490 1
7124 6069 33087500 1
7022 5870 33087510 1
6880 5607 33087520 1
6711 5339 33087530 1
6595 5126 33087540 1
6539 4952 33087550 1
6540 5065 33087600 0
6658 5288 33087610 1
6720 5288 33087620 1
6774 5185 33087630 1
6844 5010 33087640 1
6904 4751 33087650 1
6946 4487 33087660 1
6978 4219 33087670 1
7023 3978 33087680 1
7066 3865 33087690 1
7109 3838 33087700 1
7145 3912 33087710 1
7175 4084 33087720 1
7296 5866 33087780 0
7422 6754 33087790 1
7536 7153 33087800 1
7676 7524 33087800 1
7802 7771 33087810 1
7894 7905 33087820 1
7964 7964 33087830 1
7998 7953 33087840 1
7991 7872 33087850 1
7957 7745 33087860 1
7845 7522 33087870 1
7693 7248 33087880 1
7513 6940 33087890 1
7362 6675 33087900 1
7283 6513 33087910 1
7253 6420 33087920 1
7282 6390 33087930 1
7342 6410 33087940 1
7422 6463 33087950 1
7523 6561 33087960 1
7629 6659 33087970 1
7752 6757 33087980 1
7884 6796 33087990 1
7989 6758 33088000 1
8083 6668 33088010 1
8169 6439 33088020 1
8253 6093 33088030 1
8337 5669 33088040 1
8401 5236 33088050 1
8451 4818 33088060 1
8483 4410 33088070 1
8509 4049 33088080 1
8532 3763 33088090 1
8558 3526 33088100 1
8582 3386 33088110 1
8587 3331 33088120 1
8580 3331 33088130 1
7863 4971 33088201 0
7638 5296 33088211 1
7565 5390 33088221 1
7552 5525 33088231 1
7597 5647 33088241 1
7680 5761 33088251 1
7798 5889 33088261 1
7928 6006 33088271 1
8066 6080 33088281 1
8195 6130 33088291 1
8312 6144 33088301 1
8421 6126 33088311 1
8490 6086 33088321 1
8504 5990 33088331 1
8480 5818 33088341 1
8399 5596 33088351 1
8281 5357 33088361 1
8137 5146 33088371 1
8021 4953 33088381 1
7947 4833 33088391 1
7902 4775 33088401 1
7896 4758 33088411 1
7923 4778 33088421 1
7972 4844 33088431 1
8050 4942 33088441 1
8142 5033 33088451 1
8242 5103 33088461 1
8348 5160 33088471 1
8424 5174 33088481 1
8481 5155 33088491 1
8508 5114 33088501 1
8484 5023 33088511 1
8426 4852 33088521 1
8300 4627 33088531 1
8153 4401 33088541 1
7993 4175 33088551 1
7881 3948 33088561 1
7858 3875 33088571 1
7894 3917 33088581 1
8041 4035 33088591 1
8277 4285 33088601 1
8572 4568 33088611 1
8888 4873 33088621 1
