149
4116 6139 21962233 0
4200 6220 21962243 1
4187 6265 21962253 1
4169 6315 21962263 1
4148 6368 21962273 1
4113 6434 21962283 1
4062 6509 21962293 1
3999 6579 21962303 1
3918 6645 21962313 1
3821 6671 21962323 1
3712 6671 21962333 1
3567 6571 21962343 1
3407 6400 21962353 1
3237 6182 21962363 1
3066 5947 21962373 1
2909 5685 21962383 1
2804 5406 21962393 1
2727 5082 21962403 1
2691 4803 21962413 1
2718 4553 21962423 1
2786 4369 21962433 1
2907 4269 21962443 1
3097 4225 21962453 1
3333 4295 21962463 1
3587 4431 21962473 1
3838 4610 21962483 1
4088 4841 21962493 1
5168 7044 21962583 0
5178 7167 21962593 1
5123 7191 21962603 1
5050 7154 21962613 1
4968 7046 21962623 1
4871 6891 21962633 1
4764 6679 21962643 1
4638 6410 21962653 1
4516 6102 21962663 1
4429 5745 21962673 1
4363 5418 21962683 1
4370 5111 21962693 1
4437 4843 21962703 1
4544 4684 21962713 1
4708 4598 21962723 1
4891 4583 21962733 1
5086 4627 21962743 1
5297 4710 21962753 1
5497 4860 21962763 1
5689 5030 21962773 1
5856 5213 21962783 1
5977 5390 21962793 1
6068 5558 21962803 1
6137 5680 21962813 1
6158 5775 21962823 1
6146 5800 21962833 1
6082 5777 21962843 1
5999 5721 21962853 1
5903 5631 21962863 1
5814 5524 21962873 1
5725 5405 21962883 1
5666 5274 21962893 1
5628 5186 21962903 1
5628 5127 21962913 1
5658 5103 21962923 1
5711 5115 21962933 1
5793 5152 21962943 1
5879 5239 21962953 1
5985 5328 21962963 1
6104 5419 21962973 1
6224 5447 21962983 1
6341 5437 21962993 1
6429 5401 21963003 1
6500 5359 21963013 1
6562 5320 21963023 1
7256 6088 21963124 0
7283 6103 21963134 1
7260 6109 21963144 1
7226 6127 21963154 1
7167 6097 21963164 1
7089 6038 21963174 1
6999 5959 21963184 1
6910 5860 21963194 1
6836 5758 21963204 1
6773 5698 21963214 1
6773 5666 21963224 1
6813 5641 21963234 1
6875 5633 21963244 1
6963 5633 21963254 1
7077 5655 21963264 1
7208 5673 21963274 1
7350 5690 21963284 1
7447 5690 21963294 1
7513 5678 21963304 1
7536 5652 21963314 1
7511 5599 21963324 1
7453 5530 21963334 1
7355 5450 21963344 1
7259 5380 21963354 1
7164 5361 21963364 1
8127 6207 21963464 0
8330 6321 21963474 1
8353 6346 21963484 1
8360 6339 21963494 1
8317 6311 21963504 1
8234 6262 21963514 1
8124 6199 21963524 1
7997 6120 21963534 1
7866 6037 21963544 1
7733 5946 21963554 1
7663 5883 21963564 1
7644 5839 21963574 1
7658 5813 21963584 1
7726 5805 21963594 1
7836 5810 21963604 1
7974 5816 21963614 1
8108 5823 21963624 1
8218 5804 21963634 1
8311 5768 21963644 1
8364 5718 21963654 1
8364 5650 21963664 1
8336 5570 21963674 1
8257 5478 21963684 1
8190 5392 21963694 1
9029 5973 21963795 0
9298 6021 21963805 1
9382 6065 21963815 1
9438 6097 21963825 1
9476 6120 21963835 1
9461 6152 21963845 1
9421 6199 21963855 1
9363 6255 21963865 1
9294 6303 21963875 1
9224 6315 21963885 1
9154 6304 21963895 1
9096 6255 21963905 1
9039 6173 21963915 1
8984 6070 21963925 1
8929 5942 21963935 1
8882 5810 21963945 1
8888 5729 21963955 1
8928 5685 21963965 1
8987 5668 21963975 1
9052 5689 21963985 1
9137 5735 21963995 1
9232 5813 21964005 1
9345 5886 21964015 1
9453 5956 21964025 1
9558 5956 21964035 1
9665 5908 21964045 1
9759 5827 21964055 1
9843 5742 21964065 1
