162
4960 4437 33142629 0
4879 4475 33142639 1
4838 4564 33142649 1
4786 4612 33142659 1
4727 4664 33142669 1
4662 4719 33142679 1
4570 4760 33142689 1
4459 4777 33142699 1
4334 4777 33142709 1
4181 4743 33142719 1
4014 4666 33142729 1
3838 4560 33142739 1
3665 4397 33142749 1
3493 4178 33142759 1
3345 3922 33142769 1
3212 3628 33142779 1
3114 3360 33142789 1
3084 3109 33142799 1
3100 2926 33142809 1
3204 2825 33142819 1
3387 2779 33142829 1
3623 2828 33142839 1
3912 2966 33142849 1
4214 3164 33142859 1
4525 3451 33142869 1
6010 5409 33142940 0
6181 5776 33142950 1
6214 5863 33142960 1
6200 5870 33142970 1
6162 5870 33142980 1
6109 5814 33142990 1
6008 5716 33143000 1
5889 5564 33143010 1
5757 5358 33143020 1
5616 5115 33143030 1
5486 4841 33143040 1
5390 4566 33143050 1
5312 4286 33143060 1
5265 3999 33143070 1
5284 3706 33143080 1
5346 3517 33143090 1
5470 3402 33143100 1
5635 3336 33143110 1
5826 3349 33143120 1
5994 3421 33143130 1
6168 3532 33143140 1
6351 3680 33143150 1
6493 3855 33143160 1
6608 4047 33143170 1
6687 4215 33143180 1
6729 4386 33143190 1
6745 4518 33143200 1
6722 4623 33143210 1
6672 4659 33143220 1
6603 4638 33143230 1
6513 4579 33143240 1
6414 4456 33143250 1
6309 4300 33143260 1
6223 4121 33143270 1
6183 3982 33143280 1
6173 3874 33143290 1
6208 3787 33143300 1
6262 3718 33143310 1
6328 3699 33143320 1
6407 3714 33143330 1
6482 3782 33143340 1
6554 3881 33143350 1
6622 4002 33143360 1
6690 4114 33143370 1
6757 4181 33143380 1
6808 4219 33143390 1
6854 4198 33143400 1
6896 4141 33143410 1
6939 4060 33143420 1
6989 3991 33143420 1
7050 3939 33143430 1
7506 4498 33143521 0
7581 4673 33143531 1
7590 4701 33143541 1
7590 4714 33143551 1
7582 4714 33143561 1
7566 4714 33143571 1
7522 4689 33143581 1
7451 4646 33143591 1
7361 4572 33143601 1
7254 4477 33143611 1
7149 4367 33143621 1
7073 4251 33143631 1
7016 4175 33143641 1
6997 4127 33143651 1
7006 4100 33143661 1
7034 4082 33143671 1
7093 4071 33143681 1
7172 4071 33143691 1
7265 4071 33143701 1
7351 4062 33143711 1
7415 4046 33143721 1
7463 4023 33143731 1
7480 3995 33143741 1
7470 3945 33143751 1
7441 3880 33143761 1
7370 3786 33143771 1
7292 3711 33143781 1
7208 3650 33143791 1
7849 4569 33143891 0
8045 4654 33143901 1
8067 4679 33143911 1
8086 4689 33143921 1
8086 4689 33143931 1
8065 4689 33143941 1
8009 4632 33143951 1
7926 4547 33143961 1
7824 4468 33143971 1
7722 4367 33143981 1
7651 4252 33143991 1
7601 4188 33144001 1
7593 4141 33144011 1
7614 4106 33144021 1
7655 4087 33144031 1
7733 4072 33144041 1
7829 4060 33144051 1
7936 4031 33144061 1
8010 3997 33144071 1
8059 3956 33144081 1
8091 3893 33144091 1
8076 3816 33144101 1
8029 3715 33144111 1
7960 3639 33144121 1
7903 3580 33144131 1
7881 3559 33144141 1
8340 4045 33144212 0
8549 4088 33144222 1
8598 4141 33144232 1
8622 4226 33144242 1
8655 4303 33144252 1
8663 4386 33144262 1
8654 4472 33144272 1
8627 4550 33144282 1
8591 4596 33144292 1
8548 4620 33144302 1
8496 4599 33144312 1
8442 4524 33144322 1
8386 4413 33144332 1
8332 4240 33144342 1
8310 4092 33144352 1
8310 3962 33144362 1
8334 3854 33144372 1
8379 3790 33144382 1
8437 3756 33144392 1
8505 3774 33144402 1
8573 3839 33144412 1
8641 3935 33144422 1
8696 4022 33144432 1
8742 4085 33144442 1
8788 4132 33144452 1
8837 4114 33144462 1
8888 4043 33144472 1
8975 3936 33144482 1
9062 3822 33144492 1
9137 3722 33144502 1
9204 3631 33144512 1
9245 3578 33144522 1
