150
3962 5305 21824144 0
4006 5262 21824154 1
3997 5286 21824164 1
3997 5300 21824174 1
3997 5341 21824184 1
4008 5401 21824194 1
4024 5477 21824204 1
4009 5553 21824214 1
3971 5630 21824224 1
3917 5688 21824234 1
3844 5702 21824244 1
3733 5688 21824254 1
3596 5598 21824264 1
3428 5435 21824274 1
3248 5224 21824284 1
3060 4977 21824294 1
2893 4674 21824304 1
2786 4334 21824314 1
2718 4020 21824324 1
2726 3774 21824334 1
2808 3574 21824344 1
2938 3490 21824354 1
3159 3505 21824364 1
3422 3586 21824374 1
3713 3758 21824384 1
3990 4002 21824394 1
4269 4294 21824404 1
5608 6490 21824475 0
5752 6777 21824485 1
5752 6850 21824495 1
5701 6836 21824505 1
5620 6761 21824515 1
5521 6645 21824525 1
5406 6481 21824535 1
5270 6253 21824545 1
5120 5983 21824555 1
4986 5650 21824565 1
4882 5302 21824575 1
4797 4945 21824585 1
4770 4622 21824595 1
4814 4395 21824605 1
4906 4231 21824615 1
5024 4131 21824625 1
5179 4098 21824635 1
5358 4111 21824645 1
5546 4193 21824655 1
5742 4323 21824665 1
5944 4484 21824675 1
6112 4645 21824685 1
6257 4796 21824695 1
6387 4941 21824705 1
6460 5058 21824715 1
6479 5138 21824725 1
6461 5194 21824735 1
6407 5248 21824745 1
6326 5265 21824755 1
6227 5214 21824765 1
6120 5131 21824775 1
6018 5023 21824785 1
5946 4897 21824795 1
5891 4758 21824805 1
5870 4649 21824815 1
5882 4579 21824825 1
5917 4536 21824835 1
5976 4527 21824845 1
6040 4558 21824855 1
6120 4615 21824865 1
6210 4713 21824875 1
6296 4816 21824885 1
6379 4922 21824895 1
6459 4969 21824905 1
6528 4964 21824915 1
6584 4924 21824925 1
6632 4854 21824935 1
6683 4780 21824945 1
6734 4731 21824955 1
7502 5379 21825055 0
7602 5473 21825065 1
7602 5487 21825075 1
7578 5473 21825085 1
7539 5451 21825095 1
7455 5394 21825105 1
7340 5313 21825115 1
7203 5219 21825125 1
7103 5130 21825135 1
7049 5071 21825145 1
7025 5032 21825155 1
7025 5013 21825165 1
7081 5007 21825175 1
7168 5007 21825185 1
7295 5027 21825195 1
7436 5050 21825205 1
7585 5078 21825215 1
7712 5091 21825225 1
7791 5079 21825235 1
7837 5050 21825245 1
7817 4997 21825255 1
7738 4916 21825265 1
7620 4816 21825275 1
7493 4726 21825285 1
7394 4679 21825295 1
8380 5510 21825406 0
8579 5562 21825416 1
8550 5571 21825426 1
8529 5579 21825436 1
8467 5549 21825446 1
8377 5496 21825456 1
8256 5429 21825466 1
8159 5344 21825476 1
8079 5282 21825486 1
8057 5235 21825496 1
8064 5209 21825506 1
8091 5196 21825516 1
8173 5196 21825526 1
8290 5208 21825536 1
8431 5218 21825546 1
8541 5203 21825556 1
8606 5174 21825566 1
8640 5113 21825576 1
8613 5022 21825586 1
8546 4910 21825596 1
8453 4789 21825606 1
8380 4721 21825616 1
8359 4688 21825626 1
9083 5084 21825696 0
9324 5160 21825706 1
9409 5199 21825716 1
9476 5239 21825726 1
9512 5295 21825736 1
9526 5362 21825746 1
9498 5428 21825756 1
9458 5486 21825766 1
9411 5498 21825776 1
9354 5483 21825786 1
9296 5422 21825796 1
9238 5332 21825806 1
9201 5222 21825816 1
9187 5122 21825826 1
9187 5050 21825836 1
9209 4996 21825846 1
9245 4967 21825856 1
9290 4974 21825866 1
9360 5005 21825876 1
9445 5075 21825886 1
9539 5133 21825896 1
9611 5183 21825906 1
9682 5177 21825916 1
9752 5126 21825926 1
9821 5045 21825936 1
9863 4942 21825946 1
