159
4642 4696 68124087 0
4625 4773 68124097 1
4542 4854 68124107 1
4472 4878 68124117 1
4365 4857 68124127 1
4232 4805 68124137 1
4042 4732 68124147 1
3852 4612 68124157 1
3662 4460 68124167 1
3470 4288 68124177 1
3337 4046 68124187 1
3243 3758 68124197 1
3224 3525 68124207 1
3282 3338 68124217 1
3390 3181 68124227 1
3580 3100 68124237 1
3827 3100 68124247 1
4112 3155 68124257 1
4442 3288 68124267 1
5808 5400 68124487 0
5821 5449 68124497 1
5779 5504 68124507 1
5757 5572 68124517 1
5748 5567 68124527 1
5703 5521 68124537 1
5617 5448 68124547 1
5504 5307 68124557 1
5393 5081 68124567 1
5269 4799 68124577 1
5136 4434 68124587 1
5042 4056 68124597 1
4990 3669 68124607 1
4965 3423 68124617 1
4979 3225 68124627 1
5046 3059 68124637 1
5149 2982 68124647 1
5308 2972 68124657 1
5487 3006 68124667 1
6549 3738 68124768 0
6591 3735 68124778 1
6578 3769 68124788 1
6567 3784 68124798 1
6553 3819 68124808 1
6527 3868 68124818 1
6492 3905 68124828 1
6444 3936 68124838 1
6381 3931 68124848 1
6308 3905 68124858 1
6214 3836 68124868 1
6120 3737 68124878 1
6062 3619 68124888 1
6026 3492 68124898 1
6026 3362 68124908 1
6051 3230 68124918 1
6092 3225 68124928 1
6155 3207 68124938 1
6237 3180 68124948 1
6331 3206 68124958 1
6434 3271 68124968 1
6531 3363 68124978 1
6612 3456 68124988 1
6683 3551 68124998 1
6731 3648 68125008 1
6759 3728 68125018 1
6773 3767 68125028 1
6773 3778 68125038 1
6773 3750 68125048 1
6773 3674 68125058 1
6773 3566 68125068 1
6773 3471 68125078 1
6788 3396 68125088 1
6821 3335 68125098 1
6867 3298 68125108 1
6922 3303 68125118 1
7480 4003 68125198 0
7621 4117 68125208 1
7636 4146 68125218 1
7636 4146 68125228 1
7636 4140 68125238 1
7600 4087 68125248 1
7535 4002 68125258 1
7449 3885 68125268 1
7375 3765 68125278 1
7324 3668 68125288 1
7288 3588 68125298 1
7276 3529 68125308 1
7298 3493 68125318 1
7342 3472 68125328 1
7408 3457 68125338 1
7479 3442 68125348 1
7550 3426 68125358 1
7620 3410 68125368 1
7665 3382 68125378 1
7671 3351 68125388 1
7651 3303 68125398 1
7585 3245 68125408 1
7500 3187 68125418 1
7401 3139 68125428 1
7324 3097 68125438 1
7287 3089 68125448 1
7276 3115 68125458 1
7953 3973 68125519 0
8224 4127 68125529 1
8286 4175 68125539 1
8299 4237 68125549 1
8278 4222 68125559 1
8233 4142 68125569 1
8141 4019 68125579 1
8045 3878 68125589 1
7947 3745 68125599 1
7874 3618 68125609 1
7844 3539 68125619 1
7844 3496 68125629 1
7902 3478 68125639 1
7997 3473 68125649 1
8114 3473 68125659 1
8260 3465 68125669 1
8406 3443 68125679 1
8491 3397 68125689 1
8536 3336 68125699 1
8509 3234 68125709 1
8439 3131 68125719 1
8339 3030 68125729 1
8232 2965 68125739 1
8167 2924 68125749 1
8131 2942 68125759 1
8986 3959 68125839 0
9246 4037 68125849 1
9212 4061 68125859 1
9206 4084 68125869 1
9173 4092 68125879 1
9123 4098 68125889 1
9047 4098 68125899 1
8962 4077 68125909 1
8872 4040 68125919 1
8787 3969 68125929 1
8707 3853 68125939 1
8637 3708 68125949 1
8598 3562 68125959 1
8579 3415 68125969 1
8607 3272 68125979 1
8679 3196 68125989 1
8780 3161 68125999 1
8925 3192 68126009 1
9055 3272 68126019 1
9174 3384 68126029 1
9270 3495 68126039 1
9331 3613 68126049 1
9368 3735 68126059 1
9387 3863 68126069 1
9387 3915 68126079 1
9387 3915 68126089 1
9387 3882 68126099 1
9387 3760 68126109 1
9382 3580 68126119 1
9374 3395 68126129 1
9384 3205 68126139 1
9436 3070 68126149 1
9515 2975 68126159 1
