183
3045 6140 84753589 0
3039 6186 84753599 1
3033 6181 84753609 1
3023 6188 84753619 1
3011 6201 84753629 1
2996 6217 84753639 1
2977 6240 84753649 1
2955 6273 84753659 1
2927 6312 84753669 1
2885 6352 84753679 1
2833 6388 84753689 1
2765 6415 84753699 1
2686 6415 84753709 1
2600 6406 84753719 1
2513 6353 84753729 1
2424 6275 84753739 1
2334 6181 84753749 1
2246 6051 84753759 1
2179 5902 84753769 1
2126 5741 84753779 1
2126 5619 84753789 1
2143 5503 84753799 1
2177 5390 84753809 1
2223 5316 84753819 1
2280 5271 84753829 1
2345 5246 84753839 1
2417 5246 84753849 1
2519 5278 84753859 1
2640 5336 84753869 1
2780 5451 84753879 1
4133 7132 84753989 0
4215 7264 84753999 1
4205 7285 84754009 1
4175 7290 84754019 1
4143 7284 84754029 1
4082 7253 84754039 1
4001 7188 84754049 1
3927 7100 84754059 1
3855 6989 84754069 1
3785 6824 84754079 1
3701 6623 84754089 1
3607 6356 84754099 1
3530 6073 84754109 1
3477 5780 84754119 1
3439 5562 84754129 1
3439 5344 84754139 1
3486 5130 84754149 1
3556 5011 84754159 1
3668 4952 84754169 1
3804 4952 84754179 1
3955 5019 84754189 1
4144 5128 84754199 1
4338 5287 84754209 1
4536 5449 84754219 1
4718 5614 84754229 1
4865 5744 84754239 1
4989 5874 84754249 1
5072 5964 84754259 1
5106 6027 84754269 1
5106 6051 84754279 1
5091 6076 84754289 1
5057 6103 84754299 1
5011 6126 84754309 1
4964 6145 84754319 1
4917 6155 84754329 1
4869 6155 84754339 1
4820 6140 84754349 1
4757 6110 84754359 1
4694 6044 84754369 1
4630 5946 84754379 1
4582 5826 84754389 1
4555 5703 84754399 1
4543 5592 84754409 1
4553 5490 84754419 1
4569 5411 84754429 1
4600 5375 84754439 1
4640 5368 84754449 1
4700 5388 84754459 1
4780 5467 84754469 1
4873 5586 84754479 1
4948 5709 84754489 1
5000 5826 84754499 1
5036 5912 84754509 1
5047 5979 84754519 1
5047 5996 84754529 1
5047 5996 84754539 1
5042 5989 84754549 1
5042 5971 84754559 1
5042 5893 84754569 1
5037 5775 84754579 1
5054 5690 84754589 1
5083 5611 84754599 1
5129 5536 84754609 1
5181 5487 84754619 1
5259 5473 84754629 1
5351 5482 84754639 1
5467 5559 84754649 1
5590 5672 84754659 1
5724 5810 84754669 1
5844 5972 84754679 1
5953 6132 84754689 1
6030 6241 84754699 1
6070 6317 84754709 1
6086 6343 84754719 1
6086 6349 84754729 1
6081 6341 84754739 1
6081 6341 84754749 1
6074 6333 84754759 1
6074 6325 84754769 1
6045 6267 84754779 1
6002 6179 84754789 1
5995 6128 84754799 1
5995 6071 84754809 1
5995 6020 84754819 1
6025 5975 84754829 1
6064 5929 84754839 1
6109 5884 84754849 1
6149 5843 84754859 1
6166 5804 84754869 1
6166 5767 84754879 1
6135 5723 84754889 1
6073 5668 84754891 1
5992 5613 84754901 1
5911 5558 84754911 1
5856 5530 84754921 1
5818 5517 84754931 1
5818 5517 84754941 1
5839 5558 84754951 1
6790 6354 84755041 0
6790 6354 84755051 1
6790 6354 84755061 1
6735 6316 84755071 1
6680 6255 84755081 1
6638 6190 84755091 1
6618 6137 84755101 1
6612 6092 84755111 1
6617 6048 84755121 1
6628 6005 84755131 1
6653 5964 84755141 1
6686 5909 84755151 1
6717 5858 84755161 1
6732 5814 84755171 1
6732 5773 84755181 1
6723 5724 84755191 1
6695 5688 84755201 1
6658 5660 84755211 1
6620 5636 84755221 1
6589 5614 84755231 1
7575 6114 84755361 0
7614 6168 84755371 1
7598 6192 84755381 1
7573 6214 84755391 1
7543 6235 84755401 1
7509 6245 84755411 1
7461 6238 84755421 1
7403 6221 84755431 1
7334 6173 84755441 1
7261 6098 84755451 1
7186 6005 84755461 1
7148 5908 84755471 1
7128 5827 84755481 1
7121 5758 84755491 1
7132 5710 84755501 1
7161 5678 84755511 1
7202 5657 84755521 1
7263 5669 84755531 1
7341 5713 84755541 1
7431 5778 84755551 1
7516 5880 84755561 1
7585 5980 84755571 1
7642 6079 84755581 1
7654 6100 84755592 1
7654 6100 84755602 1
7654 6100 84755612 1
7654 6100 84755622 1
7654 6100 84755632 1
7648 6019 84755642 1
7648 5927 84755652 1
7664 5852 84755662 1
7703 5794 84755672 1
7756 5748 84755682 1
7830 5719 84755692 1
7925 5712 84755702 1
