168
4891 4919 68064681 0
4744 4961 68064691 1
4637 4999 68064701 1
4506 4986 68064711 1
4358 4932 68064721 1
4202 4852 68064731 1
4038 4740 68064741 1
3869 4608 68064751 1
3725 4424 68064761 1
3620 4174 68064771 1
3542 3879 68064781 1
3542 3599 68064791 1
3613 3407 68064801 1
3737 3274 68064811 1
3908 3188 68064821 1
4147 3188 68064831 1
4431 3240 68064841 1
4749 3380 68064851 1
5052 3555 68064861 1
6018 5879 68065112 0
6053 5949 68065122 1
5996 6006 68065132 1
5996 6023 68065142 1
6003 6038 68065152 1
6020 6038 68065162 1
6012 6027 68065172 1
5978 5978 68065182 1
5926 5828 68065192 1
5856 5611 68065202 1
5771 5283 68065212 1
5676 4910 68065222 1
5615 4506 68065232 1
5590 4211 68065242 1
5590 3974 68065252 1
5630 3776 68065262 1
5708 3640 68065272 1
5809 3556 68065282 1
5914 3506 68065292 1
6019 3494 68065302 1
6127 3519 68065312 1
6239 3568 68065322 1
6937 4248 68065442 0
6987 4259 68065452 1
6978 4289 68065462 1
6987 4330 68065472 1
6980 4376 68065482 1
6961 4421 68065492 1
6930 4461 68065502 1
6885 4494 68065512 1
6831 4503 68065522 1
6766 4503 68065532 1
6704 4468 68065542 1
6649 4414 68065552 1
6601 4345 68065562 1
6561 4237 68065572 1
6538 4103 68065582 1
6526 3951 68065592 1
6539 3808 68065602 1
6570 3699 68065612 1
6612 3614 68065622 1
6671 3577 68065632 1
6734 3577 68065642 1
6815 3613 68065652 1
6907 3692 68065662 1
6987 3800 68065672 1
7057 3928 68065682 1
7120 4051 68065692 1
7174 4171 68065702 1
7211 4255 68065712 1
7236 4315 68065722 1
7236 4301 68065732 1
7236 4282 68065742 1
7236 4218 68065752 1
7231 4125 68065762 1
7231 4037 68065772 1
7259 3956 68065782 1
7295 3879 68065792 1
7344 3818 68065802 1
7395 3774 68065812 1
7452 3742 68065822 1
8058 4535 68065933 0
8093 4549 68065943 1
8024 4560 68065953 1
8029 4560 68065963 1
8024 4553 68065973 1
8011 4543 68065983 1
7969 4507 68065993 1
7913 4454 68066003 1
7848 4372 68066013 1
7789 4284 68066023 1
7750 4193 68066033 1
7724 4124 68066043 1
7724 4071 68066053 1
7757 4029 68066063 1
7807 3998 68066073 1
7871 3968 68066083 1
7935 3939 68066093 1
7999 3903 68066103 1
8056 3866 68066113 1
8107 3825 68066123 1
8132 3783 68066133 1
8132 3743 68066143 1
8110 3704 68066153 1
8066 3668 68066163 1
8016 3635 68066173 1
7963 3619 68066183 1
7934 3628 68066193 1
7928 3655 68066203 1
8494 4597 68066274 0
8710 4721 68066284 1
8731 4743 68066294 1
8774 4743 68066304 1
8774 4706 68066314 1
8744 4637 68066324 1
8679 4520 68066334 1
8613 4395 68066344 1
8546 4265 68066354 1
8512 4170 68066364 1
8499 4100 68066374 1
8499 4046 68066384 1
8533 4000 68066394 1
8585 3958 68066404 1
8649 3918 68066414 1
8715 3880 68066424 1
8778 3840 68066434 1
8813 3797 68066444 1
8831 3751 68066454 1
8811 3699 68066464 1
8764 3647 68066474 1
8699 3596 68066484 1
8635 3563 68066494 1
8593 3544 68066504 1
8566 3554 68066514 1
9291 4496 68066604 0
9504 4626 68066614 1
9529 4666 68066624 1
9560 4705 68066634 1
9560 4712 68066644 1
9536 4725 68066654 1
9493 4743 68066664 1
9426 4734 68066674 1
9344 4705 68066684 1
9277 4662 68066694 1
9215 4599 68066704 1
9160 4494 68066714 1
9111 4362 68066724 1
9094 4145 68066734 1
9099 3977 68066744 1
9144 3841 68066754 1
9214 3749 68066764 1
9301 3710 68066774 1
9407 3710 68066784 1
9516 3768 68066794 1
9634 3869 68066804 1
9755 3996 68066814 1
9872 4128 68066824 1
9964 4271 68066834 1
10042 4421 68066844 1
10091 4556 68066854 1
10109 4599 68066864 1
10109 4580 68066874 1
10109 4532 68066884 1
10100 4403 68066894 1
10090 4220 68066904 1
10102 4069 68066914 1
10140 3955 68066924 1
10196 3865 68066934 1
10283 3820 68066944 1
