224
3900 4442 34747364 0
3974 4444 34747374 1
3968 4461 34747384 1
3981 4499 34747394 1
3995 4510 34747404 1
4010 4522 34747414 1
4019 4534 34747424 1
4019 4542 34747434 1
4025 4548 34747444 1
4018 4553 34747454 1
4006 4562 34747464 1
3970 4574 34747474 1
3902 4569 34747484 1
3812 4541 34747494 1
3701 4497 34747504 1
3591 4430 34747514 1
3481 4320 34747524 1
3386 4182 34747534 1
3293 3996 34747544 1
3200 3775 34747554 1
3122 3531 34747564 1
3096 3340 34747574 1
3105 3187 34747584 1
3166 3060 34747594 1
3256 2983 34747604 1
3365 2957 34747614 1
3499 2964 34747624 1
3654 3024 34747634 1
3824 3099 34747644 1
3954 3185 34747654 1
4079 3271 34747664 1
5343 5959 34748095 0
5458 5992 34748105 1
5467 6019 34748115 1
5435 6054 34748125 1
5435 6047 34748135 1
5442 6038 34748145 1
5435 5996 34748155 1
5420 5934 34748165 1
5395 5812 34748175 1
5346 5685 34748185 1
5282 5494 34748195 1
5194 5263 34748205 1
5097 4977 34748215 1
4995 4682 34748225 1
4911 4381 34748235 1
4850 4098 34748245 1
4805 3829 34748255 1
4775 3595 34748265 1
4763 3379 34748275 1
4763 3160 34748285 1
4788 2957 34748295 1
4814 2798 34748305 1
4839 2663 34748315 1
4857 2587 34748325 1
4867 2545 34748335 1
4867 2526 34748345 1
4867 2526 34748355 1
4867 2526 34748365 1
4867 2526 34748375 1
4867 2526 34748385 1
4867 2526 34748395 1
4867 2526 34748405 1
4867 2526 34748405 1
4867 2526 34748415 1
4867 2526 34748425 1
4867 2526 34748435 1
4867 2526 34748445 1
4867 2526 34748455 1
4901 2526 34748465 1
4932 2535 34748475 1
4971 2566 34748485 1
5029 2625 34748495 1
5104 2704 34748505 1
5190 2821 34748515 1
5298 2954 34748525 1
5408 3099 34748535 1
5523 3265 34748545 1
5646 3442 34748555 1
5776 3627 34748565 1
5905 3804 34748575 1
6009 3973 34748585 1
6097 4096 34748595 1
6152 4192 34748605 1
6161 4304 34748615 1
6140 4384 34748625 1
6095 4444 34748635 1
6034 4487 34748645 1
5963 4500 34748655 1
5892 4492 34748665 1
5814 4420 34748675 1
5730 4287 34748685 1
5652 4113 34748695 1
5577 3894 34748705 1
5508 3672 34748715 1
5466 3448 34748725 1
5442 3261 34748735 1
5448 3120 34748745 1
5481 3011 34748755 1
5533 2943 34748765 1
5590 2909 34748775 1
5649 2897 34748785 1
5712 2922 34748795 1
5781 2983 34748805 1
5857 3067 34748815 1
5935 3188 34748825 1
6018 3324 34748835 1
6091 3469 34748845 1
6156 3529 34748855 1
6191 3551 34748865 1
6204 3551 34748875 1
6204 3521 34748885 1
6197 3438 34748895 1
6197 3318 34748905 1
6197 3208 34748915 1
6218 3123 34748925 1
6245 3054 34748935 1
6285 3020 34748945 1
6323 3007 34748955 1
6358 3007 34748965 1
6412 3036 34748975 1
6881 4331 34749236 0
6899 4381 34749246 1
6914 4461 34749256 1
6947 4512 34749266 1
6982 4545 34749276 1
7004 4573 34749286 1
7017 4580 34749296 1
7010 4573 34749306 1
6992 4542 34749316 1
6967 4454 34749326 1
6915 4328 34749336 1
6884 4227 34749346 1
6868 4138 34749356 1
6876 4056 34749366 1
6918 3984 34749376 1
6983 3918 34749386 1
7062 3856 34749396 1
7138 3792 34749406 1
7212 3720 34749416 1
7264 3643 34749426 1
7283 3575 34749436 1
7283 3505 34749446 1
7254 3432 34749456 1
7212 3363 34749466 1
7158 3295 34749476 1
7103 3233 34749486 1
7051 3200 34749496 1
7026 3187 34749506 1
7019 3195 34749516 1
7019 3248 34749526 1
7062 3330 34749536 1
7964 4699 34749617 0
8013 4743 34749627 1
7988 4751 34749637 1
7945 4743 34749647 1
7891 4704 34749657 1
7818 4648 34749667 1
7750 4581 34749677 1
7721 4495 34749687 1
7721 4397 34749697 1
7737 4295 34749707 1
7774 4198 34749717 1
7823 4115 34749727 1
7875 4040 34749737 1
7929 3957 34749747 1
7989 3873 34749757 1
8051 3785 34749767 1
8114 3697 34749777 1
8128 3622 34749787 1
8097 3555 34749797 1
8035 3482 34749807 1
7926 3411 34749817 1
7820 3366 34749827 1
7748 3338 34749837 1
8518 3745 34750057 0
8354 3614 34750067 1
8276 3595 34750077 1
8222 3575 34750087 1
8198 3558 34750097 1
8204 3552 34750107 1
8229 3552 34750117 1
8282 3568 34750127 1
8385 3621 34750137 1
8521 3698 34750147 1
8655 3815 34750157 1
8791 3940 34750167 1
8932 4071 34750177 1
9049 4253 34750187 1
9149 4410 34750197 1
9225 4551 34750207 1
9260 4642 34750217 1
9268 4707 34750227 1
9245 4754 34750237 1
9204 4794 34750247 1
9150 4810 34750257 1
9082 4810 34750267 1
8999 4761 34750277 1
8906 4670 34750287 1
8789 4551 34750297 1
8675 4363 34750307 1
8563 4157 34750317 1
8499 3940 34750327 1
8491 3764 34750337 1
8521 3639 34750347 1
8583 3547 34750357 1
8668 3487 34750367 1
8769 3467 34750377 1
8908 3474 34750387 1
9053 3523 34750397 1
9203 3585 34750407 1
9334 3657 34750417 1
9441 3724 34750427 1
9531 3786 34750437 1
9582 3822 34750447 1
9613 3843 34750457 1
9631 3843 34750467 1
9647 3808 34750477 1
9671 3760 34750487 1
9708 3703 34750497 1
9762 3648 34750507 1
9826 3602 34750517 1
9885 3562 34750527 1
9920 3527 34750537 1
