193
2849 3894 70801537 0
2841 3948 70801547 1
2832 3971 70801557 1
2824 3994 70801567 1
2804 4020 70801577 1
2774 4043 70801587 1
2736 4062 70801597 1
2678 4075 70801607 1
2611 4075 70801617 1
2538 4075 70801627 1
2461 4038 70801637 1
2380 3982 70801647 1
2296 3892 70801657 1
2226 3779 70801677 1
2178 3652 70801687 1
2145 3527 70801697 1
2131 3378 70801707 1
2140 3214 70801717 1
2165 3052 70801727 1
2208 2918 70801737 1
2266 2804 70801747 1
2334 2728 70801757 1
2420 2708 70801767 1
2541 2725 70801777 1
2686 2829 70801787 1
2832 2990 70801797 1
3002 3189 70801807 1
4179 5282 70801967 0
4274 5356 70801977 1
4205 5375 70801987 1
4196 5361 70801997 1
4168 5326 70802007 1
4127 5261 70802017 1
4065 5150 70802027 1
3997 5009 70802037 1
3926 4791 70802047 1
3861 4571 70802057 1
3811 4319 70802067 1
3771 4048 70802077 1
3745 3784 70802087 1
3745 3567 70802097 1
3755 3382 70802107 1
3793 3215 70802117 1
3859 3105 70802127 1
3944 3032 70802137 1
4068 2996 70802147 1
4224 2996 70802157 1
4401 3011 70802167 1
4591 3063 70802177 1
4776 3151 70802187 1
4958 3262 70802197 1
5108 3402 70802207 1
5230 3545 70802217 1
5332 3691 70802227 1
5383 3841 70802237 1
5391 3952 70802247 1
5369 4036 70802257 1
5323 4078 70802267 1
5264 4102 70802277 1
5197 4114 70802288 1
5125 4108 70802298 1
5050 4081 70802308 1
4972 4041 70802318 1
4906 3973 70802328 1
4843 3854 70802338 1
4794 3702 70802348 1
4754 3545 70802358 1
4745 3388 70802368 1
4760 3232 70802378 1
4792 3123 70802388 1
4834 3044 70802398 1
4893 3004 70802408 1
4962 3013 70802418 1
5050 3054 70802428 1
5152 3162 70802438 1
5264 3308 70802448 1
5351 3479 70802458 1
5409 3624 70802468 1
5448 3721 70802478 1
5458 3787 70802488 1
5453 3787 70802498 1
5439 3740 70802508 1
5419 3672 70802518 1
5397 3541 70802528 1
5374 3399 70802538 1
5374 3251 70802548 1
5403 3142 70802558 1
5445 3063 70802568 1
5505 3003 70802578 1
5592 2971 70802588 1
5697 2982 70802598 1
5843 3023 70802608 1
6774 4189 70802708 0
6793 4251 70802718 1
6769 4265 70802728 1
6743 4273 70802738 1
6711 4254 70802748 1
6676 4199 70802758 1
6626 4121 70802768 1
6577 4007 70802778 1
6529 3893 70802788 1
6503 3776 70802798 1
6498 3683 70802808 1
6507 3606 70802818 1
6543 3556 70802828 1
6603 3515 70802838 1
6678 3479 70802848 1
6759 3447 70802858 1
6819 3417 70802868 1
6866 3388 70802878 1
6876 3349 70802888 1
6844 3308 70802898 1
6784 3253 70802908 1
6696 3190 70802918 1
6609 3145 70802928 1
6541 3122 70802938 1
6485 3115 70802948 1
6464 3136 70802958 1
6475 3200 70802968 1
6507 3292 70802978 1
7275 4183 70803049 0
7535 4344 70803059 1
7593 4376 70803069 1
7616 4371 70803079 1
7616 4316 70803089 1
7576 4228 70803099 1
7515 4094 70803109 1
7452 3961 70803119 1
7411 3829 70803129 1
7385 3733 70803139 1
7393 3660 70803149 1
7422 3629 70803159 1
7465 3614 70803169 1
7528 3609 70803179 1
7592 3609 70803189 1
7659 3594 70803199 1
7700 3559 70803209 1
7725 3511 70803219 1
7719 3448 70803229 1
7690 3373 70803239 1
7646 3291 70803249 1
7606 3234 70803259 1
8637 3845 70803489 0
8601 3701 70803499 1
8547 3696 70803509 1
8547 3691 70803519 1
8562 3686 70803529 1
8593 3707 70803539 1
8647 3746 70803549 1
8720 3816 70803559 1
8805 3886 70803569 1
8886 3955 70803579 1
8950 4066 70803589 1
9003 4171 70803599 1
9039 4272 70803609 1
9059 4383 70803619 1
9068 4481 70803629 1
9046 4539 70803639 1
9008 4575 70803649 1
8959 4590 70803659 1
8910 4581 70803669 1
8864 4557 70803679 1
8824 4499 70803689 1
8787 4404 70803699 1
8754 4284 70803709 1
8727 4153 70803719 1
8708 4017 70803729 1
8700 3879 70803739 1
8700 3724 70803749 1
8714 3619 70803759 1
8740 3548 70803769 1
8789 3506 70803779 1
8853 3495 70803789 1
8928 3504 70803799 1
9002 3548 70803809 1
9069 3619 70803819 1
9132 3708 70803829 1
9178 3820 70803839 1
9206 3926 70803849 1
9221 3995 70803859 1
9221 4042 70803869 1
9221 4078 70803879 1
9216 4096 70803889 1
9210 4102 70803899 1
9204 4102 70803909 1
9197 4066 70803919 1
9182 4012 70803929 1
9162 3909 70803939 1
9162 3793 70803949 1
9174 3669 70803959 1
9204 3587 70803969 1
9255 3527 70803979 1
9312 3482 70803989 1
