215
3670 4941 34752781 0
3731 4946 34752791 1
3752 4953 34752801 1
3764 4961 34752811 1
3769 4969 34752821 1
3781 4979 34752831 1
3788 4986 34752841 1
3788 4995 34752851 1
3796 5008 34752861 1
3796 5024 34752871 1
3796 5039 34752881 1
3796 5058 34752891 1
3787 5080 34752901 1
3754 5102 34752911 1
3707 5124 34752921 1
3632 5130 34752931 1
3561 5125 34752941 1
3492 5107 34752951 1
3388 5071 34752961 1
3300 5022 34752971 1
3222 4940 34752981 1
3129 4784 34752991 1
3036 4579 34753001 1
2960 4320 34753011 1
2894 4048 34753021 1
2862 3767 34753031 1
2882 3602 34753041 1
2937 3497 34753051 1
3042 3433 34753061 1
3182 3405 34753071 1
3346 3427 34753081 1
3517 3483 34753091 1
3690 3555 34753101 1
3834 3627 34753111 1
4902 6243 34753402 0
4959 6301 34753412 1
4932 6314 34753422 1
4932 6321 34753432 1
4925 6321 34753442 1
4925 6321 34753452 1
4918 6321 34753462 1
4918 6321 34753472 1
4918 6291 34753482 1
4886 6186 34753492 1
4841 6031 34753502 1
4775 5838 34753512 1
4698 5639 34753522 1
4614 5437 34753532 1
4552 5193 34753542 1
4495 4933 34753552 1
4451 4662 34753562 1
4417 4435 34753572 1
4388 4184 34753582 1
4364 3917 34753592 1
4348 3665 34753602 1
4355 3476 34753612 1
4377 3329 34753622 1
4413 3181 34753632 1
4449 3059 34753642 1
4485 2954 34753652 1
4526 2885 34753662 1
4567 2843 34753672 1
4612 2820 34753682 1
4676 2848 34753692 1
4752 2931 34753702 1
4847 3051 34753712 1
4945 3213 34753722 1
5050 3387 34753732 1
5153 3568 34753742 1
5254 3721 34753752 1
5345 3883 34753762 1
5420 4050 34753772 1
5485 4212 34753782 1
5537 4381 34753792 1
5564 4555 34753802 1
5575 4687 34753812 1
5552 4771 34753822 1
5507 4823 34753832 1
5447 4835 34753842 1
5380 4812 34753852 1
5304 4765 34753862 1
5221 4675 34753872 1
5140 4517 34753882 1
5066 4314 34753892 1
5005 4069 34753902 1
4954 3821 34753912 1
4930 3618 34753922 1
4923 3446 34753932 1
4951 3331 34753942 1
5000 3250 34753952 1
5062 3192 34753962 1
5135 3175 34753972 1
5221 3193 34753982 1
5315 3234 34753992 1
5410 3308 34754002 1
5498 3407 34754012 1
5580 3524 34754022 1
5662 3673 34754032 1
5731 3823 34754042 1
5791 3974 34754052 1
5825 4051 34754062 1
5836 4079 34754072 1
5831 4074 34754082 1
5823 4056 34754092 1
5794 3975 34754102 1
5751 3851 34754112 1
5737 3728 34754122 1
5746 3638 34754132 1
5771 3571 34754142 1
5829 3536 34754152 1
5889 3530 34754162 1
5968 3544 34754172 1
6060 3585 34754182 1
6609 4878 34754424 0
6567 4929 34754434 1
6519 4962 34754444 1
6497 5000 34754454 1
6479 5024 34754464 1
6451 5006 34754474 1
6414 4961 34754484 1
6350 4830 34754494 1
6291 4691 34754504 1
6277 4547 34754514 1
6292 4431 34754524 1
6347 4329 34754534 1
6425 4236 34754544 1
6517 4164 34754554 1
6614 4102 34754564 1
6710 4047 34754574 1
6767 3989 34754584 1
6798 3920 34754594 1
6781 3843 34754604 1
6736 3759 34754614 1
6671 3701 34754624 1
6616 3660 34754634 1
6585 3642 34754644 1
6569 3648 34754654 1
6569 3671 34754664 1
6596 3746 34754674 1
6644 3857 34754684 1
6716 3991 34754694 1
7154 4745 34754744 0
7344 5026 34754754 1
7359 5095 34754764 1
7353 5133 34754774 1
7333 5150 34754784 1
7307 5150 34754794 1
7257 5109 34754804 1
7191 5037 34754814 1
7121 4922 34754824 1
7063 4798 34754834 1
7040 4669 34754844 1
7040 4562 34754854 1
7057 4466 34754864 1
7101 4378 34754874 1
7159 4298 34754884 1
7231 4225 34754894 1
7304 4156 34754904 1
7353 4087 34754914 1
7386 4018 34754924 1
7377 3948 34754934 1
7332 3879 34754944 1
7262 3808 34754954 1
7183 3754 34754964 1
7109 3709 34754974 1
7039 3683 34754984 1
7016 3683 34754994 1
7358 4250 34755155 0
7335 4044 34755165 1
7265 3995 34755175 1
7280 3984 34755185 1
7351 3955 34755195 1
7443 3968 34755205 1
7552 4010 34755215 1
7671 4067 34755225 1
7803 4144 34755235 1
7926 4234 34755245 1
8044 4360 34755255 1
8161 4499 34755265 1
8259 4647 34755275 1
8343 4793 34755285 1
8400 4934 34755295 1
8417 5073 34755305 1
8406 5170 34755315 1
8364 5237 34755325 1
8307 5285 34755335 1
8241 5297 34755345 1
8168 5258 34755355 1
8083 5185 34755365 1
7990 5046 34755375 1
7876 4837 34755385 1
7773 4581 34755395 1
7677 4338 34755405 1
7658 4144 34755415 1
7690 3983 34755425 1
7757 3877 34755435 1
7867 3825 34755445 1
8007 3809 34755455 1
8167 3849 34755465 1
8351 3911 34755475 1
8505 3989 34755485 1
8639 4074 34755495 1
8742 4159 34755505 1
8838 4244 34755515 1
8929 4318 34755525 1
9010 4371 34755535 1
9084 4409 34755545 1
9154 4421 34755555 1
9218 4400 34755565 1
9263 4357 34755575 1
9294 4286 34755585 1
9332 4210 34755595 1
9372 4127 34755605 1
9415 4051 34755615 1
9461 3979 34755625 1
