171
2778 3742 70795007 0
2850 3809 70795017 1
2826 3851 70795027 1
2819 3891 70795037 1
2807 3936 70795047 1
2792 3973 70795057 1
2767 4004 70795067 1
2730 4027 70795077 1
2685 4045 70795087 1
2622 4045 70795097 1
2558 4037 70795107 1
2496 4008 70795117 1
2432 3940 70795127 1
2368 3845 70795137 1
2305 3688 70795147 1
2271 3553 70795157 1
2255 3434 70795167 1
2255 3291 70795177 1
2264 3161 70795187 1
2285 3040 70795197 1
2315 2960 70795207 1
2364 2908 70795217 1
2424 2875 70795227 1
2501 2870 70795237 1
2599 2894 70795247 1
2711 2937 70795257 1
4126 5291 70795538 0
4104 5325 70795548 1
4023 5302 70795558 1
3979 5200 70795568 1
3931 5045 70795578 1
3880 4827 70795588 1
3823 4579 70795598 1
3767 4312 70795608 1
3711 4009 70795618 1
3692 3734 70795628 1
3699 3478 70795638 1
3742 3257 70795648 1
3808 3092 70795658 1
3888 2965 70795668 1
4002 2902 70795678 1
4152 2894 70795688 1
4325 2922 70795698 1
4495 3009 70795708 1
4668 3141 70795718 1
4849 3303 70795728 1
4978 3465 70795738 1
5073 3626 70795748 1
5152 3788 70795758 1
5182 3952 70795768 1
5182 4038 70795778 1
5131 4080 70795788 1
5062 4093 70795798 1
4978 4085 70795808 1
4892 4055 70795818 1
4806 4011 70795828 1
4720 3949 70795838 1
4653 3849 70795848 1
4600 3723 70795858 1
4575 3570 70795868 1
4553 3379 70795878 1
4559 3164 70795888 1
4583 3015 70795898 1
4628 2921 70795908 1
4697 2865 70795918 1
4783 2854 70795928 1
4870 2911 70795938 1
4962 3014 70795948 1
5065 3180 70795958 1
5157 3358 70795968 1
5240 3544 70795978 1
5287 3690 70795988 1
5308 3760 70795998 1
5308 3779 70796008 1
5308 3766 70796018 1
5299 3712 70796028 1
5278 3631 70796038 1
5262 3503 70796048 1
5245 3364 70796058 1
5261 3219 70796068 1
5300 3110 70796078 1
5362 3038 70796088 1
5447 2990 70796098 1
5546 2969 70796108 1
5672 2982 70796118 1
5810 3019 70796128 1
6617 4158 70796269 0
6648 4302 70796279 1
6629 4372 70796289 1
6617 4372 70796299 1
6606 4340 70796309 1
6569 4288 70796319 1
6515 4175 70796329 1
6453 4044 70796339 1
6394 3902 70796349 1
6374 3798 70796359 1
6374 3724 70796369 1
6413 3669 70796379 1
6475 3637 70796389 1
6556 3614 70796399 1
6657 3596 70796409 1
6743 3577 70796419 1
6818 3537 70796429 1
6840 3482 70796439 1
6825 3423 70796449 1
6785 3360 70796459 1
6722 3300 70796469 1
6651 3244 70796479 1
6575 3206 70796489 1
6510 3184 70796499 1
6476 3174 70796509 1
6463 3183 70796519 1
6480 3234 70796529 1
7572 4460 70796630 0
7627 4467 70796640 1
7619 4435 70796650 1
7595 4387 70796660 1
7559 4300 70796670 1
7513 4193 70796680 1
7466 4073 70796690 1
7418 3954 70796700 1
7400 3859 70796710 1
7409 3779 70796720 1
7437 3721 70796730 1
7489 3689 70796740 1
7548 3674 70796750 1
7619 3663 70796760 1
7673 3651 70796770 1
7714 3610 70796780 1
7714 3549 70796790 1
7682 3465 70796800 1
7628 3378 70796810 1
8890 4273 70796980 0
8962 4389 70796990 1
8942 4433 70797000 1
8897 4454 70797010 1
8851 4459 70797020 1
8805 4459 70797030 1
8760 4453 70797040 1
8681 4421 70797050 1
8606 4374 70797060 1
8532 4290 70797070 1
8456 4165 70797080 1
8393 4014 70797090 1
8332 3828 70797100 1
8303 3641 70797110 1
8295 3525 70797120 1
8314 3456 70797130 1
8364 3414 70797140 1
8434 3408 70797150 1
8515 3427 70797160 1
8598 3484 70797170 1
8685 3569 70797180 1
8761 3674 70797190 1
8830 3814 70797200 1
8872 3952 70797210 1
8896 4090 70797220 1
8909 4210 70797230 1
8909 4267 70797240 1
8901 4283 70797250 1
8888 4276 70797260 1
8873 4221 70797270 1
8851 4133 70797280 1
8824 4007 70797290 1
8803 3873 70797300 1
8803 3735 70797310 1
8824 3642 70797321 1
8874 3573 70797331 1
8945 3521 70797341 1
9030 3475 70797351 1
9133 3439 70797361 1
