175
2999 3958 70812743 0
3018 3922 70812753 1
3005 3970 70812763 1
2992 3999 70812773 1
2976 4016 70812783 1
2956 4055 70812793 1
2923 4091 70812803 1
2877 4126 70812813 1
2823 4146 70812823 1
2767 4135 70812833 1
2695 4103 70812843 1
2612 4026 70812853 1
2525 3893 70812863 1
2444 3722 70812873 1
2390 3552 70812883 1
2351 3382 70812893 1
2339 3211 70812903 1
2354 3050 70812913 1
2386 2929 70812923 1
2448 2836 70812933 1
2545 2782 70812943 1
2665 2782 70812953 1
2799 2813 70812963 1
2938 2915 70812973 1
3105 3080 70812983 1
4154 5163 70813113 0
4205 5294 70813123 1
4170 5307 70813133 1
4135 5256 70813143 1
4083 5162 70813153 1
4019 4999 70813163 1
3939 4762 70813173 1
3859 4477 70813183 1
3775 4147 70813193 1
3689 3815 70813203 1
3634 3552 70813213 1
3634 3335 70813223 1
3666 3163 70813233 1
3755 3049 70813243 1
3868 2974 70813253 1
3996 2940 70813263 1
4167 2960 70813273 1
4339 3017 70813283 1
4515 3125 70813293 1
4687 3281 70813303 1
4856 3470 70813313 1
4978 3649 70813323 1
5073 3825 70813333 1
5134 3983 70813343 1
5149 4060 70813353 1
5133 4093 70813363 1
5081 4113 70813373 1
5008 4108 70813383 1
4922 4086 70813393 1
4823 4039 70813403 1
4725 3966 70813413 1
4628 3877 70813423 1
4565 3732 70813433 1
4524 3582 70813443 1
4497 3406 70813453 1
4488 3215 70813463 1
4507 3072 70813473 1
4545 2985 70813483 1
4610 2935 70813493 1
4693 2915 70813503 1
4787 2952 70813513 1
4879 3027 70813523 1
4971 3157 70813533 1
5062 3302 70813543 1
5127 3456 70813553 1
5177 3575 70813563 1
5199 3637 70813573 1
5199 3661 70813583 1
5186 3656 70813593 1
5163 3601 70813603 1
5129 3512 70813613 1
5088 3358 70813623 1
5063 3208 70813633 1
5074 3061 70813643 1
5109 2969 70813653 1
5174 2904 70813663 1
5257 2857 70813673 1
5351 2846 70813683 1
5460 2868 70813694 1
6286 3865 70813864 0
6265 3947 70813874 1
6240 3962 70813884 1
6201 3950 70813894 1
6152 3907 70813904 1
6098 3819 70813914 1
6045 3701 70813924 1
6013 3609 70813934 1
5994 3525 70813944 1
5999 3447 70813954 1
6034 3387 70813964 1
6089 3334 70813974 1
6167 3287 70813984 1
6246 3241 70813994 1
6326 3197 70814004 1
6366 3155 70814014 1
6383 3109 70814024 1
6357 3060 70814034 1
6295 3004 70814044 1
6208 2952 70814054 1
6115 2905 70814064 1
6023 2863 70814074 1
5957 2848 70814084 1
5908 2848 70814094 1
5901 2880 70814104 1
5936 2961 70814114 1
5999 3076 70814124 1
6110 3224 70814134 1
7290 4133 70814245 0
7374 4133 70814255 1
7359 4127 70814265 1
7319 4070 70814275 1
7262 3980 70814285 1
7206 3880 70814295 1
7150 3776 70814305 1
7115 3669 70814315 1
7095 3602 70814325 1
7095 3551 70814335 1
7116 3510 70814345 1
7159 3485 70814355 1
7221 3459 70814365 1
7288 3430 70814375 1
7358 3398 70814385 1
7392 3362 70814395 1
7392 3321 70814405 1
7375 3274 70814415 1
7324 3222 70814425 1
7252 3172 70814435 1
7166 3130 70814445 1
7094 3092 70814455 1
7054 3080 70814465 1
7036 3080 70814475 1
7044 3087 70814485 1
8302 3925 70814585 0
8340 3966 70814595 1
8328 3989 70814605 1
8303 4022 70814615 1
8279 4060 70814625 1
8245 4094 70814635 1
8205 4126 70814645 1
8162 4135 70814655 1
8115 4129 70814665 1
8064 4091 70814675 1
8001 4000 70814685 1
7938 3875 70814695 1
7876 3705 70814705 1
7835 3565 70814715 1
7808 3445 70814725 1
7816 3354 70814735 1
7845 3292 70814746 1
7887 3249 70814756 1
7939 3238 70814766 1
8005 3259 70814776 1
8079 3301 70814786 1
8168 3393 70814796 1
8248 3499 70814806 1
8321 3615 70814816 1
8367 3734 70814826 1
8384 3852 70814836 1
8384 3897 70814846 1
8368 3897 70814856 1
8341 3872 70814866 1
8305 3789 70814876 1
8272 3665 70814886 1
8244 3558 70814896 1
8250 3461 70814906 1
8276 3370 70814916 1
8323 3285 70814926 1
8399 3226 70814936 1
8495 3184 70814946 1
8612 3179 70814956 1
