160
2541 3757 63138875 0
2541 3634 63138885 1
2557 3672 63138895 1
2688 3809 63138905 1
2925 4024 63138915 1
3233 4290 63138925 1
3623 4566 63138935 1
4014 4826 63138945 1
4405 5075 63138955 1
4704 5270 63138965 1
4883 5413 63138975 1
4981 5522 63138985 1
4289 5822 63139085 0
4298 5728 63139095 1
4268 5684 63139105 1
4251 5646 63139115 1
4242 5453 63139125 1
4247 5165 63139135 1
4235 4813 63139145 1
4212 4417 63139155 1
4119 4014 63139165 1
3995 3606 63139175 1
3849 3307 63139185 1
3664 3066 63139195 1
3531 2865 63139205 1
3432 2777 63139215 1
4409 4228 63139336 0
4533 4216 63139346 1
4542 4279 63139356 1
4552 4257 63139366 1
4629 4203 63139376 1
4714 4129 63139386 1
4804 3992 63139396 1
4860 3820 63139406 1
4947 3626 63139416 1
5055 3475 63139426 1
5204 3363 63139436 1
5846 5168 63139616 0
5892 5107 63139626 1
5887 5141 63139636 1
5858 5141 63139646 1
5890 5113 63139656 1
5923 4977 63139666 1
5938 4787 63139676 1
5938 4562 63139686 1
5955 4341 63139696 1
5955 4135 63139706 1
5941 4006 63139716 1
5958 3925 63139726 1
5975 3891 63139736 1
5833 4733 63139806 0
5878 5042 63139816 1
5878 5145 63139826 1
5912 5222 63139836 1
5973 5283 63139846 1
6040 5330 63139856 1
6089 5373 63139866 1
6126 5409 63139876 1
6150 5437 63139886 1
6167 5448 63139896 1
6180 5448 63139906 1
6198 5435 63139916 1
6218 5370 63139926 1
6252 5270 63139936 1
6294 5087 63139946 1
6327 4847 63139956 1
6360 4570 63139966 1
6394 4350 63139976 1
6418 4199 63139986 1
6433 4094 63139996 1
6443 4066 63140006 1
6443 4060 63140016 1
6422 4070 63140026 1
6392 4109 63140036 1
6363 4206 63140046 1
6363 4206 63140067 0
6333 4653 63140077 1
6333 4746 63140087 1
6312 4736 63140097 1
6278 4648 63140107 1
6215 4507 63140117 1
6166 4324 63140127 1
6125 4228 63140137 1
6136 4191 63140147 1
6201 4191 63140157 1
6303 4258 63140167 1
6451 4371 63140177 1
7054 6251 63140437 0
7122 6253 63140447 1
7122 6248 63140457 1
7122 6199 63140467 1
7147 6085 63140477 1
7152 5921 63140487 1
7144 5723 63140497 1
7139 5528 63140507 1
7133 5252 63140517 1
7099 4921 63140527 1
7046 4541 63140537 1
6980 4183 63140547 1
6915 3841 63140557 1
6850 3578 63140567 1
6798 3412 63140577 1
6764 3310 63140587 1
6741 3272 63140597 1
6715 3293 63140607 1
6696 5526 63140698 0
6880 6070 63140708 1
6938 6335 63140718 1
7005 6510 63140728 1
7077 6624 63140738 1
7124 6681 63140748 1
7138 6717 63140758 1
7129 6740 63140768 1
7137 6764 63140778 1
7150 6790 63140788 1
7172 6818 63140798 1
7213 6831 63140808 1
7266 6821 63140818 1
7323 6797 63140828 1
7376 6736 63140838 1
7413 6632 63140848 1
7440 6499 63140858 1
7453 6319 63140868 1
7464 6137 63140878 1
7473 5932 63140888 1
7493 5713 63140898 1
7536 5492 63140908 1
7595 5204 63140918 1
7675 4872 63140928 1
7752 4544 63140938 1
7826 4212 63140948 1
7879 3860 63140958 1
7910 3495 63140968 1
7927 3155 63140978 1
7927 2848 63140988 1
7927 2564 63140998 1
7912 2389 63141008 1
7890 2248 63141018 1
7866 2131 63141028 1
7841 2076 63141038 1
7821 2076 63141048 1
7780 2101 63141058 1
6973 4179 63141138 0
6959 4578 63141148 1
6965 4752 63141158 1
7017 4890 63141168 1
7099 5003 63141178 1
7205 5050 63141188 1
7315 5050 63141198 1
7427 5030 63141208 1
7458 4963 63141218 1
7436 4840 63141228 1
7379 4679 63141238 1
7291 4512 63141248 1
7242 4376 63141258 1
7219 4261 63141268 1
7249 4226 63141278 1
7356 4253 63141288 1
7514 4321 63141298 1
7713 4458 63141308 1
