172
1378 4167 63147658 0
1343 4002 63147668 1
1307 4045 63147678 1
1318 4070 63147688 1
1357 4082 63147698 1
1508 4176 63147708 1
1739 4312 63147718 1
2022 4476 63147728 1
2353 4634 63147738 1
2687 4797 63147748 1
2955 4961 63147758 1
3178 5124 63147768 1
3350 5259 63147778 1
3474 5395 63147788 1
3566 5533 63147798 1
3621 5642 63147808 1
3187 6193 63147878 0
3101 6161 63147888 1
3060 6152 63147898 1
3038 6139 63147908 1
3038 6056 63147918 1
3058 5927 63147928 1
3077 5715 63147938 1
3095 5452 63147948 1
3088 5156 63147958 1
3064 4819 63147968 1
2981 4498 63147978 1
2858 4187 63147988 1
2709 3881 63147998 1
2529 3636 63148008 1
2408 3431 63148018 1
2325 3275 63148028 1
2837 4136 63148138 0
2962 4127 63148148 1
2936 4199 63148158 1
2911 4308 63148168 1
2947 4308 63148178 1
3024 4280 63148188 1
3093 4233 63148198 1
3162 4153 63148208 1
3237 4059 63148218 1
3345 3956 63148228 1
3474 3840 63148238 1
3653 3722 63148248 1
3868 3638 63148258 1
4108 3577 63148268 1
4689 5458 63148499 0
4756 5309 63148509 1
4793 5159 63148519 1
4845 4956 63148529 1
4895 4663 63148539 1
4922 4404 63148549 1
4934 4168 63148559 1
4954 4022 63148569 1
4954 3950 63148579 1
4746 4831 63148669 0
4785 5049 63148679 1
4811 5213 63148689 1
4839 5378 63148699 1
4918 5545 63148709 1
5031 5666 63148719 1
5143 5753 63148729 1
5238 5818 63148739 1
5321 5859 63148749 1
5373 5859 63148759 1
5403 5820 63148769 1
5417 5767 63148779 1
5417 5697 63148789 1
5417 5616 63148799 1
5417 5523 63148809 1
5432 5402 63148819 1
5460 5263 63148829 1
5495 5078 63148839 1
5524 4863 63148849 1
5537 4629 63148859 1
5537 4441 63148869 1
5526 4302 63148879 1
5500 4196 63148889 1
5465 4159 63148899 1
5431 4152 63148909 1
5398 4166 63148919 1
5366 4223 63148929 1
5348 4325 63148939 1
5338 4458 63148949 1
5324 4589 63148959 1
5298 4664 63148969 1
5263 4702 63148979 1
5203 4652 63148989 1
5146 4561 63148999 1
5091 4444 63149009 1
5084 4353 63149019 1
5110 4305 63149029 1
5159 4285 63149039 1
5261 4316 63149049 1
5370 4400 63149059 1
5483 4520 63149069 1
5929 6214 63149180 0
6043 6221 63149190 1
6053 6295 63149200 1
6048 6290 63149210 1
6081 6277 63149220 1
6101 6260 63149230 1
6112 6252 63149240 1
6129 6244 63149250 1
6153 6209 63149260 1
6187 6158 63149270 1
6213 6017 63149280 1
6233 5778 63149290 1
6228 5473 63149300 1
6198 5093 63149310 1
6151 4709 63149320 1
6091 4378 63149330 1
6015 4084 63149340 1
5929 3829 63149350 1
5859 3665 63149360 1
5823 3561 63149370 1
5809 3515 63149380 1
6332 6868 63149530 0
6279 6982 63149540 1
6288 7043 63149550 1
6307 7108 63149560 1
6351 7158 63149570 1
6408 7177 63149580 1
6474 7177 63149590 1
6537 7134 63149600 1
6575 7032 63149610 1
6597 6889 63149620 1
6607 6732 63149630 1
6615 6570 63149640 1
6622 6379 63149650 1
6651 6172 63149660 1
6697 5948 63149670 1
6755 5697 63149680 1
6815 5429 63149690 1
6859 5079 63149700 1
6891 4686 63149710 1
6910 4265 63149720 1
6934 3792 63149730 1
6975 3387 63149740 1
7027 3028 63149750 1
7075 2687 63149760 1
7111 2447 63149770 1
7138 2275 63149780 1
7143 2119 63149790 1
7126 2024 63149800 1
7094 1970 63149810 1
7047 1970 63149820 1
6966 2023 63149830 1
6863 2120 63149840 1
6714 2285 63149850 1
6567 2521 63149860 1
6421 2804 63149870 1
6309 3142 63149880 1
6245 3471 63149890 1
6212 3794 63149900 1
6261 4044 63149910 1
6326 4293 63149920 1
6402 4543 63149930 1
6500 4713 63149940 1
6587 4828 63149950 1
6667 4844 63149960 1
6699 4780 63149970 1
6669 4663 63149980 1
6597 4478 63149990 1
6484 4276 63150000 1
6406 4062 63150010 1
6351 3975 63150021 1
6351 3925 63150031 1
6416 3900 63150041 1
6525 3900 63150051 1
6707 3954 63150061 1
6889 4047 63150071 1
