218
2139 4491 34879714 0
2187 4449 34879724 1
2187 4483 34879734 1
2187 4483 34879744 1
2187 4472 34879754 1
2239 4472 34879764 1
2315 4505 34879774 1
2468 4560 34879784 1
2687 4685 34879794 1
2951 4857 34879804 1
3261 5060 34879814 1
3575 5238 34879824 1
3866 5414 34879834 1
4139 5537 34879844 1
4342 5625 34879854 1
4448 5658 34879864 1
4488 5666 34879874 1
4479 5657 34879884 1
4441 5643 34879894 1
4383 5630 34879904 1
3749 6326 34880014 0
3843 6441 34880024 1
3870 6448 34880034 1
3881 6427 34880044 1
3865 6332 34880054 1
3832 6130 34880064 1
3763 5856 34880074 1
3681 5465 34880084 1
3590 4988 34880094 1
3526 4454 34880104 1
3482 3974 34880114 1
3452 3615 34880124 1
3439 3337 34880134 1
3431 3114 34880144 1
3431 2964 34880154 1
3439 2862 34880164 1
3447 2832 34880174 1
3454 2839 34880184 1
3462 2871 34880194 1
3473 2995 34880204 1
3490 3210 34880214 1
3514 3487 34880224 1
3548 3804 34880234 1
3591 4126 34880244 1
3640 4452 34880254 1
3694 4680 34880264 1
3754 4808 34880274 1
3800 4869 34880284 1
3836 4863 34880294 1
3894 4773 34880304 1
3979 4627 34880314 1
4081 4413 34880324 1
4217 4139 34880334 1
4358 3825 34880344 1
4504 3508 34880354 1
4650 3236 34880364 1
4796 2993 34880374 1
4906 2790 34880384 1
5737 5050 34880916 0
5835 5158 34880926 1
5843 5216 34880936 1
5827 5224 34880946 1
5827 5198 34880956 1
5803 5113 34880966 1
5772 4891 34880976 1
5731 4579 34880986 1
5691 4176 34880996 1
5651 3769 34881006 1
5636 3479 34881016 1
5644 3270 34881026 1
5668 3139 34881036 1
5706 3070 34881046 1
5741 3043 34881056 1
5773 3061 34881066 1
5794 3150 34881076 1
5800 3286 34881086 1
5800 3452 34881096 1
5770 3642 34881106 1
5736 3848 34881116 1
5698 4056 34881126 1
5659 4246 34881136 1
5623 4424 34881146 1
5589 4544 34881156 1
5560 4617 34881166 1
5534 4660 34881176 1
5526 4687 34881186 1
5526 4729 34881196 1
5559 4780 34881206 1
5633 4888 34881216 1
5735 5024 34881226 1
5875 5178 34881236 1
6015 5323 34881246 1
6157 5448 34881256 1
6278 5561 34881266 1
6385 5570 34881276 1
6450 5530 34881286 1
6498 5458 34881296 1
6535 5302 34881306 1
6554 5056 34881316 1
6554 4750 34881326 1
6554 4386 34881336 1
6532 3984 34881346 1
6513 3558 34881356 1
6493 3260 34881366 1
6493 3010 34881376 1
6512 2791 34881386 1
6547 2655 34881396 1
6572 2570 34881406 1
6584 2519 34881416 1
6584 2514 34881426 1
6584 2540 34881436 1
6560 2587 34881446 1
6526 2740 34881456 1
6480 2945 34881466 1
6408 3184 34881476 1
6319 3423 34881486 1
6184 3593 34881496 1
6052 3716 34881506 1
5921 3773 34881516 1
5813 3798 34881526 1
5740 3803 34881536 1
5690 3808 34881546 1
5690 3814 34881556 1
5741 3879 34881566 1
5831 3983 34881576 1
5980 4165 34881586 1
6202 4414 34881596 1
6473 4708 34881606 1
7198 6043 34881997 0
7216 6028 34882007 1
7209 6028 34882017 1
7218 6051 34882027 1
7218 6020 34882037 1
7204 5946 34882047 1
7191 5843 34882057 1
7165 5680 34882067 1
7135 5430 34882077 1
7102 5123 34882087 1
7060 4695 34882097 1
7000 4232 34882107 1
6928 3746 34882117 1
6854 3306 34882127 1
6784 2904 34882137 1
6748 2528 34882147 1
6733 2307 34882157 1
6742 2117 34882167 1
6752 1948 34882177 1
7111 5595 34882358 0
7038 5710 34882368 1
7024 5788 34882378 1
7024 5865 34882388 1
7042 5939 34882398 1
7089 6007 34882408 1
7159 6084 34882418 1
7244 6168 34882428 1
7376 6236 34882438 1
7510 6285 34882448 1
7651 6322 34882458 1
7796 6337 34882468 1
7909 6319 34882478 1
7999 6279 34882488 1
8040 6212 34882498 1
8049 6089 34882508 1
8036 5929 34882518 1
8025 5706 34882528 1
8015 5436 34882538 1
7995 5136 34882548 1
7967 4728 34882558 1
7932 4293 34882568 1
7897 3840 34882578 1
7866 3411 34882588 1
7861 3024 34882598 1
7873 2665 34882608 1
7890 2417 34882618 1
7907 2178 34882628 1
7922 1945 34882638 1
7922 1760 34882648 1
7914 1636 34882658 1
7889 1552 34882668 1
7861 1527 34882678 1
7832 1542 34882688 1
7785 1585 34882698 1
7735 1689 34882708 1
7682 1854 34882718 1
7635 2059 34882728 1
7590 2352 34882738 1
7543 2689 34882748 1
7465 3056 34882758 1
7368 3434 34882768 1
7215 3712 34882778 1
7062 3924 34882788 1
6908 4020 34882798 1
6780 4062 34882808 1
6716 4069 34882818 1
6695 4079 34882828 1
6716 4119 34882838 1
6809 4179 34882848 1
6949 4290 34882858 1
7122 4432 34882868 1
7325 4594 34882878 1
7547 4726 34882888 1
7718 4790 34882898 1
7839 4808 34882908 1
7926 4777 34882918 1
7934 4721 34882928 1
7875 4648 34882938 1
7771 4543 34882948 1
7630 4387 34882958 1
7467 4197 34882968 1
7289 3952 34882978 1
7131 3710 34882988 1
7044 3471 34882998 1
7004 3344 34883008 1
7048 3289 34883018 1
7169 3282 34883028 1
7340 3356 34883038 1
7594 3486 34883048 1
7886 3653 34883058 1
