213
2221 4237 70866029 0
2285 4386 70866039 1
2314 4431 70866049 1
2358 4460 70866059 1
2434 4484 70866069 1
2545 4522 70866079 1
2680 4570 70866089 1
2818 4631 70866099 1
2964 4712 70866109 1
3133 4807 70866119 1
3314 4918 70866129 1
3473 5027 70866139 1
3623 5134 70866149 1
3766 5224 70866159 1
3843 5302 70866169 1
3559 5651 70866270 0
3500 5695 70866280 1
3471 5704 70866290 1
3451 5663 70866300 1
3431 5593 70866310 1
3399 5448 70866320 1
3358 5258 70866330 1
3316 5037 70866340 1
3262 4768 70866350 1
3199 4504 70866360 1
3115 4243 70866370 1
3031 3987 70866380 1
2950 3761 70866390 1
2870 3555 70866400 1
2793 3372 70866410 1
2714 3226 70866420 1
2639 3104 70866430 1
2573 3045 70866440 1
3135 4312 70866560 0
3300 4388 70866570 1
3365 4422 70866580 1
3425 4453 70866590 1
3494 4431 70866600 1
3566 4403 70866610 1
3660 4365 70866620 1
3766 4306 70866630 1
3871 4233 70866640 1
3978 4131 70866650 1
4093 4004 70866660 1
4212 3861 70866670 1
4335 3710 70866680 1
4459 3587 70866690 1
4588 3482 70866700 1
4724 3377 70866710 1
4850 3288 70866720 1
4967 3210 70866730 1
5084 3165 70866740 1
5202 3138 70866750 1
5322 3122 70866760 1
5787 5002 70867281 0
5757 5092 70867291 1
5751 5092 70867301 1
5761 5073 70867311 1
5781 4979 70867321 1
5791 4821 70867331 1
5791 4620 70867341 1
5781 4421 70867351 1
5760 4213 70867361 1
5739 3998 70867371 1
5718 3826 70867381 1
5708 3718 70867391 1
5702 3653 70867401 1
5702 3653 70867411 1
5713 3718 70867421 1
5745 3820 70867431 1
5792 4011 70867441 1
5834 4224 70867451 1
5863 4452 70867461 1
5883 4646 70867471 1
5906 4838 70867481 1
5934 4992 70867491 1
5974 5121 70867501 1
6021 5198 70867511 1
6087 5246 70867521 1
6165 5274 70867531 1
6240 5266 70867541 1
6304 5228 70867551 1
6361 5170 70867561 1
6397 5088 70867571 1
6431 4964 70867581 1
6463 4812 70867591 1
6487 4634 70867601 1
6499 4453 70867611 1
6499 4271 70867621 1
6499 4098 70867631 1
6486 3953 70867641 1
6471 3828 70867651 1
6454 3718 70867661 1
6435 3656 70867671 1
6415 3626 70867681 1
6388 3626 70867691 1
6349 3659 70867701 1
6302 3717 70867711 1
6256 3837 70867721 1
6216 3973 70867731 1
6184 4121 70867741 1
6173 4259 70867751 1
6173 4342 70867761 1
6181 4389 70867771 1
6186 4389 70867781 1
6191 4345 70867791 1
6198 4279 70867801 1
6189 4160 70867811 1
6171 4040 70867821 1
6159 3921 70867831 1
6150 3826 70867841 1
6150 3746 70867851 1
6163 3704 70867861 1
6184 3684 70867871 1
6223 3679 70867881 1
6274 3703 70867891 1
6351 3800 70867901 1
6451 3947 70867911 1
7213 5651 70868032 0
7229 5810 70868042 1
7221 5887 70868052 1
7221 5902 70868062 1
7221 5877 70868072 1
7228 5813 70868082 1
7241 5688 70868092 1
7252 5523 70868102 1
7252 5277 70868112 1
7237 5004 70868122 1
7217 4712 70868132 1
7184 4437 70868142 1
7141 4133 70868152 1
7101 3809 70868162 1
7062 3537 70868172 1
7025 3295 70868182 1
6998 3072 70868192 1
6972 2883 70868202 1
6945 2728 70868212 1
6925 2596 70868222 1
6907 2524 70868232 1
7164 5666 70868423 0
7283 5874 70868433 1
7361 5990 70868443 1
7434 6070 70868453 1
7504 6113 70868463 1
7559 6131 70868473 1
7602 6108 70868483 1
7636 6046 70868493 1
7660 5958 70868503 1
7680 5834 70868513 1
7696 5713 70868523 1
7720 5594 70868533 1
7759 5455 70868543 1
7809 5283 70868553 1
7861 5088 70868563 1
7897 4852 70868573 1
7923 4615 70868583 1
7945 4383 70868593 1
7966 4155 70868603 1
7992 3917 70868613 1
8022 3670 70868623 1
8061 3417 70868633 1
8106 3104 70868643 1
8155 2818 70868653 1
8220 2550 70868663 1
8262 2339 70868673 1
8288 2118 70868683 1
8323 1890 70868693 1
8358 1653 70868703 1
8378 1498 70868713 1
8387 1399 70868723 1
8396 1291 70868733 1
8391 1200 70868743 1
8377 1121 70868753 1
8349 1080 70868763 1
8307 1063 70868773 1
8255 1063 70868783 1
8194 1094 70868793 1
8127 1187 70868803 1
8056 1322 70868813 1
7983 1521 70868823 1
7898 1776 70868833 1
7805 2069 70868843 1
7705 2371 70868853 1
7606 2629 70868863 1
7139 3921 70868954 0
7174 4046 70868964 1
7198 4074 70868974 1
7224 4084 70868984 1
7254 4092 70868994 1
7291 4100 70869004 1
7338 4120 70869014 1
7402 4148 70869024 1
7478 4192 70869034 1
7566 4242 70869044 1
7655 4296 70869054 1
7733 4317 70869064 1
7803 4280 70869074 1
7845 4204 70869084 1
7835 4056 70869084 1
7790 3848 70869094 1
7715 3600 70869104 1
7633 3396 70869114 1
7546 3215 70869124 1
7484 3050 70869134 1
7456 2953 70869144 1
7451 2909 70869154 1
7483 2901 70869164 1
7549 2915 70869174 1
7637 2973 70869184 1
7763 3061 70869194 1
7932 3206 70869204 1
8130 3381 70869214 1
8405 3575 70869224 1
