211
2414 4197 70851539 0
2414 4197 70851549 1
2414 4197 70851559 1
2414 4197 70851569 1
2414 4197 70851579 1
2452 4207 70851589 1
2511 4236 70851599 1
2599 4276 70851609 1
2707 4329 70851619 1
2827 4390 70851629 1
2949 4455 70851639 1
3085 4518 70851649 1
3231 4578 70851659 1
3343 4630 70851669 1
3423 4671 70851679 1
3481 4704 70851689 1
3164 5111 70851799 0
3164 5111 70851809 1
3164 5111 70851819 1
3159 5045 70851829 1
3159 4960 70851839 1
3154 4851 70851849 1
3141 4704 70851859 1
3117 4524 70851869 1
3086 4322 70851879 1
3037 4090 70851889 1
2978 3855 70851899 1
2911 3650 70851909 1
2852 3466 70851919 1
2797 3295 70851929 1
2750 3169 70851939 1
2717 3074 70851949 1
2693 3024 70851959 1
3102 3931 70852069 0
3197 3955 70852079 1
3221 4002 70852089 1
3255 4002 70852099 1
3292 3993 70852109 1
3338 3973 70852119 1
3395 3942 70852129 1
3470 3907 70852139 1
3556 3855 70852149 1
3660 3794 70852159 1
3763 3711 70852169 1
3866 3630 70852179 1
3964 3551 70852189 1
4074 3463 70852199 1
4192 3373 70852209 1
4306 3278 70852219 1
4415 3201 70852229 1
4531 3135 70852239 1
4648 3095 70852249 1
4767 3069 70852259 1
6067 4916 70852660 0
6026 4917 70852670 1
6020 4941 70852680 1
6020 4941 70852690 1
6025 4909 70852700 1
6034 4857 70852710 1
6047 4743 70852720 1
6055 4628 70852730 1
6055 4492 70852740 1
6055 4344 70852750 1
6055 4201 70852760 1
6049 4077 70852770 1
6049 3965 70852780 1
6041 3875 70852790 1
6041 3822 70852800 1
6041 3794 70852810 1
6041 3794 70852820 1
6041 3844 70852830 1
6041 3919 70852840 1
6047 4041 70852850 1
6056 4199 70852860 1
6077 4380 70852870 1
6100 4572 70852880 1
6133 4748 70852890 1
6177 4913 70852900 1
6238 5058 70852910 1
6309 5161 70852920 1
6375 5236 70852930 1
6431 5270 70852940 1
6481 5270 70852950 1
6526 5240 70852960 1
6566 5180 70852970 1
6602 5090 70852980 1
6634 4981 70852981 1
6663 4830 70852991 1
6691 4677 70853001 1
6719 4519 70853011 1
6742 4356 70853021 1
6762 4194 70853031 1
6776 4035 70853041 1
6776 3900 70853051 1
6776 3784 70853061 1
6762 3681 70853071 1
6745 3614 70853081 1
6725 3574 70853091 1
6706 3553 70853101 1
6681 3553 70853111 1
6652 3591 70853121 1
6624 3652 70853131 1
6598 3782 70853141 1
6578 3943 70853151 1
6566 4125 70853161 1
6566 4289 70853171 1
6576 4397 70853181 1
6583 4469 70853191 1
6583 4475 70853201 1
6583 4457 70853211 1
6583 4423 70853221 1
6567 4352 70853231 1
6547 4237 70853241 1
6513 4094 70853251 1
6479 3953 70853261 1
6446 3811 70853271 1
6427 3702 70853281 1
6433 3616 70853291 1
6455 3575 70853301 1
6500 3562 70853311 1
6570 3569 70853321 1
6656 3608 70853331 1
6758 3673 70853341 1
6844 3756 70853351 1
7359 5523 70853752 0
7384 5537 70853762 1
7413 5505 70853772 1
7450 5416 70853782 1
7466 5266 70853792 1
7466 5076 70853802 1
7466 4840 70853812 1
7454 4582 70853822 1
7432 4310 70853832 1
7403 4038 70853842 1
7372 3805 70853852 1
7341 3599 70853862 1
7310 3437 70853872 1
7278 3291 70853882 1
7244 3156 70853892 1
7220 3068 70853902 1
7199 3023 70853912 1
7186 3006 70853922 1
7195 5499 70854072 0
7210 5643 70854082 1
7230 5701 70854092 1
7256 5759 70854102 1
7305 5818 70854112 1
7367 5883 70854122 1
7442 5951 70854132 1
7519 6013 70854142 1
7599 6074 70854152 1
7678 6129 70854162 1
7747 6159 70854172 1
7810 6172 70854182 1
7851 6146 70854192 1
7884 6082 70854202 1
7912 5994 70854212 1
7930 5867 70854222 1
7944 5738 70854232 1
7954 5610 70854242 1
7970 5458 70854252 1
7989 5287 70854262 1
8015 5093 70854272 1
8048 4878 70854282 1
8085 4650 70854292 1
8124 4445 70854302 1
8162 4204 70854312 1
8206 3939 70854322 1
8254 3624 70854332 1
8285 3379 70854342 1
8327 3182 70854352 1
8376 2929 70854362 1
8398 2715 70854372 1
8421 2528 70854382 1
8448 2372 70854392 1
8458 2248 70854402 1
8458 2145 70854403 1
8450 2063 70854413 1
8440 2022 70854423 1
8428 2009 70854433 1
8399 2020 70854443 1
8351 2073 70854453 1
8290 2155 70854463 1
8220 2273 70854473 1
8146 2397 70854483 1
8069 2526 70854493 1
7984 2635 70854503 1
7885 2741 70854513 1
7777 2844 70854523 1
7245 4503 70854703 0
7314 4545 70854713 1
7356 4583 70854723 1
7401 4626 70854733 1
7454 4662 70854743 1
7509 4694 70854753 1
7565 4694 70854763 1
7605 4683 70854773 1
7635 4613 70854783 1
7641 4471 70854793 1
7616 4282 70854803 1
7570 4062 70854813 1
7522 3894 70854823 1
7481 3761 70854833 1
7451 3673 70854843 1
7439 3629 70854853 1
7439 3615 70854863 1
7446 3615 70854873 1
7487 3651 70854883 1
7549 3703 70854893 1
7667 3838 70854903 1
7833 3979 70854913 1
