185
3607 3120 17384914 0
3617 3048 17384924 1
3582 3103 17384934 1
3575 3103 17384944 1
3589 3098 17384954 1
3640 3093 17384964 1
3745 3136 17384974 1
3887 3209 17384984 1
4093 3357 17384994 1
4341 3530 17385004 1
4618 3720 17385014 1
4887 3945 17385024 1
5128 4168 17385034 1
5350 4393 17385044 1
5533 4576 17385054 1
5667 4728 17385064 1
5768 4859 17385074 1
5616 5082 17385124 0
5414 5062 17385134 1
5336 5047 17385144 1
5271 5010 17385154 1
5214 4959 17385164 1
5166 4876 17385174 1
5129 4742 17385184 1
5123 4573 17385194 1
5136 4311 17385204 1
5146 3996 17385214 1
5160 3646 17385224 1
5126 3338 17385234 1
5059 3083 17385244 1
4969 2864 17385254 1
4885 2739 17385264 1
4828 2670 17385274 1
4787 2638 17385284 1
4782 2638 17385294 1
4809 2676 17385304 1
4858 2743 17385314 1
4933 2889 17385324 1
4998 3053 17385334 1
5056 3228 17385345 1
5103 3435 17385355 1
5150 3618 17385365 1
5196 3784 17385375 1
5250 3903 17385385 1
5301 3943 17385395 1
5350 3931 17385405 1
5399 3879 17385415 1
5476 3779 17385425 1
5576 3648 17385435 1
5691 3517 17385445 1
5854 3370 17385455 1
6018 3213 17385465 1
6231 3084 17385475 1
6477 3013 17385485 1
6742 2980 17385495 1
6969 2980 17385505 1
7171 2988 17385515 1
6838 4717 17385655 0
6881 4594 17385665 1
6891 4578 17385675 1
6891 4603 17385685 1
6903 4544 17385695 1
6920 4435 17385705 1
6930 4292 17385715 1
6925 4111 17385725 1
6911 3895 17385735 1
6911 3657 17385745 1
6911 3488 17385755 1
6928 3394 17385765 1
6937 3351 17385775 1
6943 3360 17385785 1
6949 3427 17385795 1
6949 3533 17385805 1
6958 4884 17385875 0
7094 5254 17385885 1
7105 5343 17385895 1
7119 5419 17385905 1
7140 5428 17385915 1
7176 5392 17385925 1
7220 5331 17385935 1
7261 5229 17385945 1
7287 5099 17385955 1
7302 4886 17385965 1
7302 4643 17385975 1
7302 4379 17385985 1
7315 4124 17385995 1
7329 3906 17386006 1
7345 3713 17386016 1
7361 3631 17386026 1
7361 3607 17386036 1
7361 3622 17386046 1
7329 3664 17386056 1
7289 3755 17386066 1
7243 3879 17386076 1
7216 4042 17386086 1
7216 4235 17386096 1
7224 4449 17386106 1
7248 4551 17386116 1
7256 4536 17386126 1
7245 4442 17386136 1
7227 4264 17386146 1
7181 4095 17386156 1
7140 3932 17386166 1
7131 3853 17386176 1
7140 3827 17386186 1
7180 3837 17386196 1
7265 3887 17386206 1
7380 3970 17386216 1
7481 4076 17386226 1
7546 4169 17386236 1
7735 5630 17386356 0
7803 5631 17386366 1
7815 5652 17386376 1
7842 5652 17386386 1
7880 5659 17386396 1
7880 5659 17386406 1
7916 5654 17386416 1
7923 5642 17386426 1
7935 5591 17386436 1
7940 5515 17386446 1
7940 5336 17386456 1
7932 5066 17386466 1
7908 4735 17386476 1
7873 4380 17386486 1
7810 3997 17386496 1
7747 3595 17386506 1
7683 3308 17386516 1
7600 3060 17386526 1
7531 2838 17386536 1
7471 2659 17386546 1
7426 2558 17386556 1
7402 2508 17386566 1
8032 6120 17386737 0
8097 6283 17386747 1
8117 6314 17386757 1
8125 6388 17386767 1
8156 6491 17386777 1
8192 6475 17386787 1
8252 6415 17386797 1
8327 6325 17386807 1
8361 6195 17386817 1
8406 6012 17386827 1
8459 5795 17386837 1
8504 5583 17386847 1
8539 5297 17386857 1
8566 4962 17386867 1
8604 4578 17386877 1
8644 4150 17386887 1
8689 3694 17386897 1
8751 3285 17386907 1
8822 2884 17386917 1
8885 2489 17386927 1
8918 2209 17386937 1
8932 1975 17386947 1
8920 1772 17386957 1
8908 1661 17386967 1
8897 1585 17386977 1
8890 1533 17386987 1
8885 1523 17386997 1
8853 1563 17387007 1
8802 1637 17387017 1
8730 1820 17387027 1
8639 2061 17387037 1
8536 2342 17387047 1
8426 2644 17387057 1
8317 2970 17387067 1
8208 3312 17387077 1
8115 3636 17387087 1
8059 3883 17387097 1
8027 4079 17387107 1
8038 4160 17387117 1
8084 4203 17387127 1
8153 4222 17387137 1
8246 4243 17387147 1
8342 4236 17387157 1
8390 4211 17387167 1
8405 4132 17387177 1
8376 3995 17387187 1
8310 3819 17387197 1
8220 3619 17387207 1
8159 3483 17387217 1
8159 3390 17387227 1
8193 3351 17387237 1
8332 3384 17387247 1
8547 3465 17387257 1
